ImageFile:
-0.123517 0.345432 73591 1 0.233854 0.238462 1 1 1022 0.00542443 -0.00464415 0.106886 2.26185 -5.44478 112.61 
-0.160448 0.325871 73658 1 0.355208 0.2125 2 1 1024 0.0056591 -0.00396649 0.10625 2.27435 -5.45246 112.597 
-0.155776 0.318966 73725 1 0.36875 0.202885 3 1 1026 0.0046477 -0.0040221 0.104524 2.27266 -5.43534 112.668 
-0.150543 0.352547 73792 1 0.376563 0.191346 4 1 1028 0.00478677 -0.00127896 0.105542 2.29773 -5.44558 112.608 
-0.143575 0.33947 73859 1 0.473958 0.163462 5 1 1030 0.00402206 -0.0022997 0.104735 2.28985 -5.43054 112.743 
0.0594496 0.304973 73924 1 0.567187 0.161538 6 1 1032 0.00436065 -0.00104876 0.102852 2.31638 -5.41596 112.747 
0.0684039 0.251637 73991 1 0.584896 0.165385 7 1 1034 0.00432348 0.00235014 0.100745 2.33272 -5.40944 112.595 
0.0548174 0.302716 74058 1 0.584896 0.165385 8 1 1036 0.00375299 0.00372959 0.103745 2.33401 -5.44167 112.651 
0.0533525 0.518061 74125 1 0.584896 0.165385 9 1 1038 0.00369974 0.00583056 0.103246 2.34419 -5.42953 112.631 
0.107834 2.48807 74192 1 0.584896 0.165385 10 0 1040 0.0080234 0.0149625 0.107186 2.40861 -5.44488 112.65 
0.49681 0.937769 74258 1 0.649479 0.148077 11 1 1042 0.0100755 0.0209616 0.101139 2.46734 -5.3777 112.829 
0.383111 0.411065 74325 1 0.769271 0.0971154 12 1 1044 0.00632365 0.011922 0.108019 2.40668 -5.42025 112.876 
0.351525 0.228017 74392 1 0.814583 0.0759615 13 1 1046 0.00410109 0.00331638 0.102934 2.36204 -5.36676 112.911 
0.420188 0.17961 74459 1 0.829167 0.0701923 14 1 1048 0.00673207 -0.0022803 0.0995247 2.35609 -5.35355 112.856 
0.429659 0.181356 74526 1 0.863542 0.0682692 15 1 1050 0.00751224 0.000541045 0.100424 2.38787 -5.37141 112.888 
0.68522 0.0719696 74592 1 0.882813 0.0740385 16 1 1052 0.00550604 0.00805234 0.0995068 2.43023 -5.36976 112.934 
0.84118 -0.11928 74658 1 0.8625 0.122115 17 1 1054 0.0038829 0.00950522 0.103273 2.42917 -5.39159 112.934 
0.845453 -0.131843 74726 1 0.860938 0.136538 18 1 1056 0.00338258 0.00802245 0.105344 2.42624 -5.40656 112.951 
0.848886 -0.125648 74793 1 0.860938 0.136538 19 1 1058 0.00517338 0.00397596 0.104389 2.41572 -5.40436 112.927 
0.858318 -0.143623 74860 1 0.861458 0.136538 20 1 1060 0.00576015 0.00482957 0.0999663 2.42625 -5.37318 112.914 
0.849097 -0.121515 74925 1 0.863542 0.135577 21 1 1062 0.00578485 0.00949694 0.102048 2.43544 -5.40244 112.886 
0.899053 -0.138229 74993 1 0.864062 0.135577 22 1 1064 0.00733457 0.0226983 0.104658 2.52325 -5.42205 113.133 
0.917961 0.0407471 75128 1 0.871875 0.126923 23 1 1068 0.0053534 0.0163109 0.117163 2.47073 -5.48891 112.826 
0.0483496 0.361092 75225 1 0.884375 0.108654 24 1 1071 0.00403267 0.00450206 0.10884 2.41573 -5.41424 112.926 
0.0734405 0.347824 75259 1 0.884375 0.108654 25 1 1072 0.00493043 0.00451615 0.108817 2.42504 -5.41589 112.811 
0.0509468 0.345587 75293 1 0.792188 0.208654 26 1 1073 0.00513477 0.00447333 0.106775 2.43201 -5.40191 112.906 
0.166342 0.345148 75460 1 0.546354 0.510577 27 1 1078 0.00420721 0.0153641 0.115679 2.5028 -5.46643 112.819 
0.299527 0.275875 75526 1 0.409375 0.724038 28 1 1080 0.0052717 0.0143459 0.120261 2.50119 -5.50349 112.869 
0.372712 0.182818 75592 1 0.405208 0.725962 29 1 1082 0.00639437 0.0165398 0.120433 2.525 -5.50342 112.71 
0.357796 0.181948 75660 1 0.405208 0.725962 30 1 1084 0.00536092 0.0134273 0.118135 2.50179 -5.49059 112.822 
0.37019 0.23799 75727 1 0.405208 0.725962 31 1 1086 0.00673287 0.0154151 0.117923 2.52131 -5.47841 112.706 
0.40035 0.684554 75793 1 0.401042 0.727885 32 1 1088 0.00582763 0.0126297 0.124101 2.50189 -5.51658 112.733 
0.406831 0.813758 75860 1 0.370312 0.769231 33 1 1090 0.0118438 0.0159221 0.128898 2.56039 -5.55182 112.766 
0.35625 0.732732 75926 1 0.231771 0.915385 34 1 1092 0.0119798 0.00583086 0.122249 2.50839 -5.48488 112.953 
0.383016 0.595997 75994 1 0.177083 0.970192 35 1 1094 0.0132206 0.0083116 0.1144 2.5405 -5.39316 113.054 
0.0198517 0.2148 76060 1 0.173437 0.971154 36 1 1096 0.0128574 0.00787738 0.110351 2.54399 -5.3468 113.098 
-0.0265135 0.118672 76127 1 0.128125 0.948077 37 1 1098 0.0115552 0.00388963 0.102831 2.50683 -5.27984 113.223 
-0.364684 0.0497099 76192 1 0.0234375 0.920192 38 0 1100 0.0109755 0.00738677 0.102843 2.52586 -5.28288 113.163 
-0.40257 0.0247796 76259 1 0.0197917 0.919231 39 0 1102 0.00914201 0.00915322 0.104673 2.52642 -5.30641 113.198 
-0.411391 0.0149782 76326 1 0.0208333 0.921154 40 0 1104 0.00811429 0.0111934 0.104153 2.53481 -5.30315 113.189 
-0.355819 0.00887601 76393 1 0.0265625 0.9375 41 0 1106 0.0108533 0.0142055 0.103143 2.55439 -5.31345 113.171 
-0.332837 0.0509245 76460 1 0.0369792 0.954808 42 0 1108 0.00895286 0.0121915 0.103511 2.53335 -5.32271 112.971 
-0.334149 0.171665 76527 1 0.0489583 0.955769 43 0 1110 0.00862938 0.00836732 0.113102 2.5081 -5.42078 112.816 
-0.376119 0.221135 76560 1 0.0666667 0.956731 44 0 1111 0.00834953 0.00399405 0.11623 2.4729 -5.44804 112.783 
-0.363766 0.305759 76593 1 0.06875 0.957692 45 0 1112 0.0112731 0.00501364 0.123871 2.48142 -5.5132 112.644 
-0.427083 0.367631 76760 1 0.0697917 0.968269 46 0 1117 0.0106195 -0.00447537 0.128691 2.40657 -5.53994 112.773 
-0.409293 0.34724 76827 1 0.0703125 0.975962 47 0 1119 0.0122479 -0.00549151 0.128358 2.40366 -5.53353 112.729 
-0.439919 0.361025 76860 1 0.0703125 0.975962 48 0 1120 0.0107802 -0.00709812 0.127524 2.38496 -5.53296 112.759 
-0.439919 0.361025 76860 1 0.0703125 0.975962 49 0 1120 0.0107802 -0.00709812 0.127524 2.38496 -5.53296 112.759 
-0.362182 0.441877 77027 1 0.0703125 0.975962 50 0 1125 0.00792303 0.00472721 0.131928 2.42688 -5.57751 112.538 
-0.341652 0.365537 77094 1 0.0703125 0.975962 51 0 1127 0.00834262 0.00538591 0.127149 2.43214 -5.53512 112.641 
-0.369916 0.376272 77161 1 0.0703125 0.975962 52 0 1129 0.00784078 0.00248804 0.127832 2.40998 -5.53612 112.532 
-0.369916 0.376272 77161 1 0.0703125 0.975962 53 0 1129 0.00784078 0.00248804 0.127832 2.40998 -5.53612 112.532 
-0.369916 0.376272 77161 1 0.0703125 0.975962 54 0 1129 0.00784078 0.00248804 0.127832 2.40998 -5.53612 112.532 
-0.370191 0.449508 77360 1 0.0703125 0.975962 55 0 1135 0.0110919 -4.90902e-005 0.131094 2.41905 -5.58108 112.368 
-0.416765 0.462742 77427 1 0.0703125 0.975962 56 0 1137 0.0109032 -0.00109583 0.131281 2.41239 -5.58276 112.435 
-0.366712 0.398191 77494 1 0.0703125 0.975962 57 0 1139 0.0103724 0.00284876 0.129452 2.4505 -5.5642 112.39 
-0.366712 0.398191 77494 1 0.0703125 0.975962 58 0 1139 0.0103724 0.00284876 0.129452 2.4505 -5.5642 112.39 
-0.380578 0.385188 77527 1 0.0703125 0.975962 59 0 1140 0.0100168 0.00150489 0.126465 2.44229 -5.5435 112.379 
-0.380894 0.395291 77694 1 0.0703125 0.975962 60 0 1145 0.0101628 0.00142045 0.121836 2.43434 -5.52935 112.47 
-0.384904 0.337043 77761 1 0.0703125 0.975962 61 0 1147 0.00988133 0.00271779 0.121406 2.4463 -5.51236 112.475 
-0.37117 0.330211 77795 1 0.0703125 0.975962 62 0 1148 0.00972694 0.00231044 0.12314 2.44564 -5.52671 112.51 
-0.37117 0.330211 77795 1 0.0703125 0.975962 63 0 1148 0.00972694 0.00231044 0.12314 2.44564 -5.52671 112.51 
-0.364082 0.320437 77961 1 0.0703125 0.975962 64 0 1153 0.0106825 0.00368136 0.121566 2.46906 -5.50623 112.479 
-0.359774 0.367774 78028 1 0.0703125 0.975962 65 0 1155 0.00996864 0.00493713 0.124224 2.46977 -5.53022 112.433 
-0.34339 0.348938 78095 1 0.0703125 0.975962 66 0 1157 0.0101152 0.00859829 0.123456 2.49475 -5.51186 112.416 
-0.311134 0.384754 78128 1 0.0703125 0.975962 67 0 1158 0.0108453 0.0086704 0.12703 2.49164 -5.54424 112.402 
-0.311134 0.384754 78128 1 0.0703125 0.975962 68 0 1158 0.0108453 0.0086704 0.12703 2.49164 -5.54424 112.402 
-0.34317 0.454474 78295 1 0.0703125 0.975962 69 0 1163 0.0100866 0.0087698 0.132453 2.49792 -5.58552 112.347 
-0.311319 0.47561 78361 1 0.0703125 0.975962 70 0 1165 0.0120482 0.0116559 0.134883 2.52928 -5.6109 112.343 
-0.29525 0.449434 78428 1 0.0703125 0.975962 71 0 1167 0.0123683 0.0127032 0.132878 2.54039 -5.59037 112.366 
-0.29525 0.449434 78428 1 0.0703125 0.975962 72 0 1167 0.0123683 0.0127032 0.132878 2.54039 -5.59037 112.366 
-0.287625 0.446307 78462 1 0.108854 0.958654 73 0 1168 0.0124261 0.0148024 0.131928 2.55104 -5.59238 112.377 
-0.247614 0.393012 78628 1 0.265104 0.892308 74 0 1173 0.011604 0.018607 0.128958 2.58115 -5.56429 112.395 
-0.290075 0.430368 78695 1 0.273958 0.892308 75 0 1175 0.0101742 0.0139778 0.132089 2.55043 -5.58464 112.365 
-0.280277 0.450676 78728 1 0.273958 0.892308 76 0 1176 0.0108049 0.0131625 0.134719 2.54622 -5.60438 112.389 
-0.280277 0.450676 78728 1 0.272917 0.892308 77 0 1176 0.0108049 0.0131625 0.134719 2.54622 -5.60438 112.389 
-0.257802 0.471607 78894 1 0.29375 0.840385 78 0 1181 0.0121952 0.018367 0.136523 2.58696 -5.61131 112.276 
-0.250827 0.469943 78961 1 0.334375 0.746154 79 0 1183 0.0111651 0.0242561 0.136152 2.62425 -5.59283 112.279 
-0.23391 0.4539 79028 1 0.369271 0.696154 80 0 1185 0.0108126 0.0221067 0.134637 2.60905 -5.59078 112.336 
-0.23391 0.4539 79028 1 0.411979 0.650962 81 0 1185 0.0108126 0.0221067 0.134637 2.60905 -5.59078 112.336 
-0.248044 0.528567 79161 1 0.466667 0.643269 82 0 1189 0.012674 0.01784 0.138013 2.58317 -5.63921 112.29 
-0.294251 0.463318 79228 1 0.502604 0.670192 83 0 1191 0.0118226 0.0153704 0.131323 2.55201 -5.57636 112.3 
-0.263333 0.529352 79295 1 0.494792 0.690385 84 0 1193 0.0119595 0.0183835 0.14041 2.56158 -5.63373 112.164 
-0.284425 0.539322 79328 1 0.494792 0.690385 85 0 1194 0.0103608 0.0178309 0.141751 2.55227 -5.63463 112.092 
-0.284425 0.539322 79328 1 0.494792 0.690385 86 0 1194 0.0103608 0.0178309 0.141751 2.55227 -5.63463 112.092 
-0.287028 0.497041 79362 1 0.513542 0.675962 87 0 1195 0.0107286 0.0177639 0.140485 2.55309 -5.61538 112.157 
-0.287028 0.497041 79362 1 0.522917 0.673077 88 0 1195 0.0107286 0.0177639 0.140485 2.55309 -5.61538 112.157 
-0.558654 0.238238 79462 1 0.528646 0.667308 89 0 1198 -0.00617633 -0.0153658 0.104101 2.2689 -5.24218 111.794 
-0.431703 0.00764208 79595 1 0.5375 0.664423 90 0 1202 0.00266477 -0.0213727 0.0901862 2.26284 -5.11676 112.106 
-0.431703 0.00764208 79595 1 0.544792 0.661538 91 0 1202 0.00266477 -0.0213727 0.0901862 2.26284 -5.11676 112.106 
-0.619132 0.0792747 79729 1 0.545312 0.661538 92 0 1206 -0.00849066 -0.0279959 0.101483 2.15758 -5.21591 112.257 
-0.619132 0.0792747 79729 1 0.545312 0.661538 93 0 1206 -0.00849066 -0.0279959 0.101483 2.15758 -5.21591 112.257 
-0.483487 -0.0401025 79828 1 0.545312 0.661538 94 0 1209 -0.00144833 -0.0329379 0.0919838 2.1537 -5.12891 112.136 
-0.483487 -0.0401025 79828 1 0.549479 0.660577 95 0 1209 -0.00144833 -0.0329379 0.0919838 2.1537 -5.12891 112.136 
-0.463275 0.030135 79962 1 0.658333 0.673077 96 0 1213 -0.00779372 -0.0153713 0.0897964 2.27345 -5.13177 112.119 
-0.463275 0.030135 79962 1 0.922396 0.696154 97 0 1213 -0.00779372 -0.0153713 0.0897964 2.27345 -5.13177 112.119 
-0.382698 0.170073 80096 1 1.03177 0.723077 98 0 1217 -0.00354991 0.00715323 0.102289 2.44871 -5.24713 112.065 
-0.382698 0.170073 80096 1 0.93125 0.719231 99 0 1217 -0.00354991 0.00715323 0.102289 2.44871 -5.24713 112.065 
-0.367504 0.170296 80195 1 0.816667 0.725 100 0 1220 -0.00374834 0.00908343 0.102028 2.46857 -5.22817 111.885 
-0.367504 0.170296 80195 1 0.792708 0.728846 101 0 1220 -0.00374834 0.00908343 0.102028 2.46857 -5.22817 111.885 
-0.302996 0.181818 80329 1 0.753646 0.729808 102 0 1224 -0.00208537 0.0106134 0.101178 2.47822 -5.22196 111.723 
-0.26049 0.473939 80463 1 0.659896 0.729808 103 0 1228 -0.005444 0.0195543 0.130232 2.53647 -5.47403 111.469 
-0.26049 0.473939 80463 1 0.647396 0.721154 104 0 1228 -0.005444 0.0195543 0.130232 2.53647 -5.47403 111.469 
-0.494808 0.167286 80596 1 0.874479 0.653846 105 0 1232 -0.00838183 -0.0139982 0.0999693 2.27239 -5.22801 112.093 
-0.494808 0.167286 80596 1 1.26198 0.646154 106 0 1232 -0.00838183 -0.0139982 0.0999693 2.27239 -5.22801 112.093 
0.927718 1.27982 80863 1 1.34115 0.647115 107 0 1240 0.00657806 0.0240663 0.131983 2.55492 -5.52185 112.553 
1.05618 1.23068 80930 1 1.32813 0.649038 108 0 1242 0.00809159 0.0273256 0.132454 2.58205 -5.52259 112.535 
1.05799 1.1032 80998 1 1.32813 0.649038 109 1 1244 0.00879559 0.0300301 0.130774 2.60303 -5.48501 112.651 
1.09905 1.10675 81063 1 1.32813 0.649038 110 1 1246 0.00918726 0.032264 0.132756 2.61937 -5.49106 112.621 
1.09692 1.10979 81129 1 1.3401 0.633654 111 1 1248 0.00878584 0.0322835 0.132599 2.61907 -5.49112 112.605 
1.09599 1.03554 81196 1 1.35365 0.580769 112 1 1250 0.0101556 0.0324639 0.126748 2.63648 -5.44487 112.743 
1.12956 1.06652 81263 1 1.35052 0.509615 113 1 1252 0.0130576 0.0339132 0.12793 2.67901 -5.45763 112.585 
1.14537 1.03954 81330 1 1.34792 0.485577 114 1 1254 0.0146483 0.0323839 0.128673 2.68251 -5.46045 112.639 
1.14675 0.982974 81397 1 1.34219 0.471154 115 1 1256 0.0155692 0.0316834 0.12398 2.68641 -5.4384 112.69 
1.1381 1.05657 81463 1 1.33906 0.4625 116 1 1258 0.0142149 0.0322134 0.129273 2.67626 -5.49588 112.609 
1.10252 1.12051 81563 1 1.33542 0.459615 117 1 1261 0.0125337 0.0241625 0.130599 2.59841 -5.52269 112.618 
1.08454 1.16704 81630 1 1.32865 0.455769 118 1 1263 0.013866 0.020034 0.132634 2.57549 -5.54985 112.522 
1.06984 1.20933 81697 1 1.32708 0.455769 119 0 1265 0.0145529 0.0185486 0.135534 2.57735 -5.58987 112.434 
1.0721 1.23555 81764 1 1.32708 0.455769 120 0 1267 0.013877 0.0175787 0.133555 2.57358 -5.58137 112.342 
1.072 1.21671 81830 1 1.32708 0.455769 121 0 1269 0.0149194 0.0197307 0.134648 2.58686 -5.58819 112.471 
1.07973 1.27133 81897 1 1.32708 0.455769 122 0 1271 0.0118868 0.020841 0.138324 2.58424 -5.60762 112.31 
1.07865 1.37441 81964 1 1.32708 0.452885 123 0 1273 0.0105139 0.0173446 0.142037 2.55638 -5.62532 112.235 
1.11651 1.41812 82030 1 1.32708 0.451923 124 0 1275 0.0126394 0.0209028 0.144187 2.58656 -5.64579 112.253 
1.12486 1.39133 82064 1 1.32708 0.451923 125 0 1276 0.0131481 0.02182 0.144456 2.5957 -5.65284 112.288 
1.12486 1.39133 82064 1 1.32708 0.451923 126 0 1276 0.0131481 0.02182 0.144456 2.5957 -5.65284 112.288 
1.16187 1.37601 82231 1 1.32708 0.451923 127 0 1281 0.0120282 0.0287605 0.140333 2.64635 -5.62771 112.254 
1.13306 1.36427 82297 1 1.32708 0.451923 128 0 1283 0.0126489 0.0264499 0.141249 2.62552 -5.62846 112.31 
1.12879 1.38035 82364 1 1.32708 0.451923 129 0 1285 0.0136961 0.026394 0.143194 2.63611 -5.64068 112.258 
1.13876 1.37225 82397 1 1.32708 0.451923 130 0 1286 0.0137093 0.0276268 0.141294 2.65143 -5.62687 112.223 
1.13876 1.37225 82397 1 1.32708 0.451923 131 0 1286 0.0137093 0.0276268 0.141294 2.65143 -5.62687 112.223 
1.12769 1.39187 82564 1 1.32708 0.451923 132 0 1291 0.0130298 0.0245791 0.141364 2.61767 -5.63091 112.204 
1.12669 1.41805 82630 1 1.32708 0.451923 133 0 1293 0.0125292 0.0262782 0.142801 2.62193 -5.64175 112.238 
0.77234 1.4326 82698 1 1.32708 0.451923 134 0 1295 0.011928 0.0244728 0.139585 2.61947 -5.6095 112.21 
0.77234 1.4326 82698 1 1.32708 0.451923 135 0 1295 0.011928 0.0244728 0.139585 2.61947 -5.6095 112.21 
0.121931 1.55682 82731 1 1.32708 0.451923 136 0 1296 0.0119883 0.0234944 0.138178 2.62322 -5.59406 112.207 
-0.102844 1.6493 82897 1 1.32708 0.451923 137 0 1301 0.0129879 0.0214927 0.140105 2.621 -5.61858 112.312 
-0.0789169 1.65151 82964 1 1.32708 0.451923 138 0 1303 0.0139561 0.0242633 0.140011 2.64125 -5.62198 112.358 
-0.0801717 1.61892 83031 1 1.32708 0.451923 139 0 1305 0.0137151 0.0246619 0.138891 2.63832 -5.59897 112.358 
-0.0801717 1.61892 83031 1 1.32708 0.451923 140 0 1305 0.0137151 0.0246619 0.138891 2.63832 -5.59897 112.358 
-0.0545921 1.61755 83164 1 1.32708 0.451923 141 0 1309 0.0145589 0.0272641 0.139208 2.66622 -5.60907 112.315 
-0.079503 1.64042 83231 1 1.32708 0.451923 142 0 1311 0.0141032 0.0236943 0.138741 2.64017 -5.61954 112.366 
-0.103743 1.68137 83297 1 1.32708 0.451923 143 0 1313 0.0129403 0.0208065 0.140884 2.62015 -5.63665 112.377 
-0.10683 1.6767 83331 1 1.32708 0.451923 144 0 1314 0.0133539 0.022269 0.139505 2.63339 -5.61969 112.365 
-0.10683 1.6767 83331 1 1.32708 0.451923 145 0 1314 0.0133539 0.022269 0.139505 2.63339 -5.61969 112.365 
-0.102202 1.71418 83497 1 1.32708 0.451923 146 0 1319 0.0120338 0.017592 0.139284 2.59409 -5.62445 112.388 
-0.137865 1.71473 83564 1 1.32708 0.451923 147 0 1321 0.0114345 0.0168814 0.138816 2.58819 -5.62082 112.394 
-0.125161 1.74673 83631 1 1.32708 0.451923 148 0 1323 0.011955 0.0200509 0.14118 2.60948 -5.65027 112.377 
-0.125161 1.74673 83631 1 1.32708 0.451923 149 0 1323 0.011955 0.0200509 0.14118 2.60948 -5.65027 112.377 
-0.0754017 1.69812 83764 1 1.32708 0.451923 150 0 1327 0.0129024 0.0248352 0.137858 2.63978 -5.61971 112.325 
-0.0605165 1.6682 83831 1 1.32708 0.451923 151 0 1329 0.011418 0.0266926 0.1376 2.65786 -5.60977 112.401 
-0.104305 1.67932 83898 1 1.32708 0.451923 152 0 1331 0.0108461 0.022861 0.13768 2.62796 -5.6006 112.341 
-0.100898 1.69425 83931 1 1.32708 0.451923 153 0 1332 0.0103472 0.0202985 0.137922 2.61025 -5.60714 112.362 
-0.100898 1.69425 83931 1 1.32708 0.451923 154 0 1332 0.0103472 0.0202985 0.137922 2.61025 -5.60714 112.362 
-0.109714 1.71486 84132 1 1.32708 0.451923 155 0 1338 0.0120502 0.0222605 0.14175 2.63009 -5.64208 112.314 
-0.109689 1.65441 84198 1 1.32708 0.451923 156 0 1340 0.0104472 0.0233974 0.136201 2.63555 -5.58636 112.363 
-0.111922 1.62074 84265 1 1.32708 0.451923 157 0 1342 0.0117235 0.0206931 0.134745 2.63053 -5.57641 112.41 
-0.111922 1.62074 84265 1 1.32708 0.451923 158 0 1342 0.0117235 0.0206931 0.134745 2.63053 -5.57641 112.41 
-0.111922 1.62074 84265 1 1.32708 0.451923 159 0 1342 0.0117235 0.0206931 0.134745 2.63053 -5.57641 112.41 
-0.122843 1.72986 84465 1 1.32708 0.451923 160 0 1348 0.010266 0.0149757 0.137966 2.58026 -5.61725 112.268 
-0.105787 1.74743 84532 1 1.32708 0.451923 161 0 1350 0.0105842 0.0185601 0.142206 2.60877 -5.64622 112.249 
-0.137177 1.71316 84565 1 1.32708 0.451923 162 0 1351 0.00961938 0.0174278 0.138406 2.59754 -5.60728 112.255 
-0.137177 1.71316 84565 1 1.32708 0.451923 163 0 1351 0.00961938 0.0174278 0.138406 2.59754 -5.60728 112.255 
-0.102512 1.74618 84599 1 1.32708 0.451923 164 0 1352 0.0106239 0.0193142 0.14077 2.61406 -5.62553 112.19 
-0.102512 1.74618 84599 1 1.32708 0.451923 165 0 1352 0.0106239 0.0193142 0.14077 2.61406 -5.62553 112.19 
1.17815 0.247035 84832 1 1.32708 0.451923 166 1 1359 0.0127552 0.0220505 0.142648 2.64028 -5.6286 112.216 
1.22107 0.153425 84932 1 1.32708 0.451923 167 0 1362 0.0121607 0.0237641 0.141395 2.64152 -5.62997 112.22 
1.22563 0.147753 84999 1 1.32708 0.451923 168 0 1364 0.0111231 0.0264187 0.142062 2.65926 -5.6257 112.122 
1.26255 0.141464 85067 1 1.32708 0.451923 169 0 1366 0.0128098 0.0306884 0.140533 2.69524 -5.62021 112.202 
1.23527 0.154945 85132 1 1.32708 0.451923 170 0 1368 0.0122832 0.0255359 0.143295 2.65878 -5.65153 112.206 
1.19008 0.10774 85199 1 1.32708 0.451923 171 1 1370 0.010092 0.0191775 0.141617 2.6084 -5.6347 112.256 
1.21462 0.0997937 85266 1 1.32708 0.451923 172 0 1372 0.0112029 0.0219212 0.140003 2.63845 -5.63322 112.37 
1.22068 0.0730283 85332 1 1.32708 0.451923 173 0 1374 0.0110433 0.0224819 0.13741 2.63474 -5.6051 112.247 
1.25472 0.139047 85400 1 1.32708 0.451923 174 0 1376 0.0109687 0.0270297 0.139555 2.6646 -5.62383 112.244 
1.25065 0.132003 85465 1 1.32708 0.451923 175 0 1378 0.0108238 0.0293795 0.142688 2.68257 -5.64496 112.167 
1.24627 0.11058 85532 1 1.32708 0.451923 176 0 1380 0.0127428 0.0278068 0.140369 2.68158 -5.62547 112.276 
1.21734 0.155437 85599 1 1.32708 0.451923 177 0 1382 0.0105888 0.0215394 0.141904 2.62884 -5.63632 112.133 
1.19842 0.0883973 85666 1 1.32708 0.451923 178 1 1384 0.0105525 0.0229078 0.13946 2.63978 -5.62217 112.229 
1.1744 0.117752 85733 1 1.32708 0.451923 179 1 1386 0.00991177 0.0221313 0.140427 2.62971 -5.6371 112.226 
1.15977 0.0945996 85799 1 1.32708 0.451923 180 1 1388 0.00916849 0.0219094 0.136965 2.63074 -5.60153 112.251 
1.16666 0.0921413 85866 1 1.32708 0.451923 181 1 1390 0.0093982 0.0217892 0.139122 2.62553 -5.61984 112.202 
1.19513 0.0915119 85933 1 1.32708 0.451923 182 1 1392 0.00958616 0.0286459 0.141333 2.67128 -5.63376 112.115 
1.20088 0.149893 86000 1 1.32708 0.451923 183 0 1394 0.0108551 0.0278379 0.144312 2.67085 -5.65621 112.149 
1.1919 0.132699 86066 1 1.32708 0.451923 184 1 1396 0.0112734 0.0231896 0.139884 2.64707 -5.61155 112.185 
1.18525 0.137884 86132 1 1.32708 0.451923 185 1 1398 0.0111852 0.023237 0.140119 2.64604 -5.61456 112.263 
1.15912 0.1143 86199 1 1.32708 0.451923 186 1 1400 0.00913163 0.0209115 0.139521 2.62638 -5.62198 112.256 
1.16094 0.153474 86266 1 1.32708 0.451923 187 1 1402 0.0101259 0.0246891 0.14264 2.64456 -5.65149 112.222 
1.21451 0.133078 86333 1 1.32708 0.451923 188 0 1404 0.0100145 0.025371 0.138583 2.64957 -5.60664 112.301 
1.21339 0.140676 86399 1 1.32708 0.451923 189 0 1406 0.0118791 0.0287666 0.141008 2.68382 -5.61146 112.202 
1.2155 0.12536 86466 1 1.32708 0.451923 190 0 1408 0.0116122 0.0240646 0.140933 2.65508 -5.61169 112.249 
1.15635 0.149955 86533 1 1.32708 0.451923 191 1 1410 0.0101885 0.0203237 0.139728 2.62376 -5.61475 112.279 
1.13858 0.215545 86600 1 1.32708 0.451923 192 1 1412 0.00887642 0.0182805 0.142372 2.60428 -5.64223 112.196 
0.972134 0.294701 86633 1 1.32708 0.451923 193 1 1413 0.00864489 0.0165764 0.142046 2.5959 -5.6389 112.198 
0.457101 1.01159 86733 1 1.32708 0.451923 194 1 1416 0.01103 0.0139901 0.143335 2.58324 -5.64893 112.177 
0.466056 0.986436 86800 1 1.32708 0.451923 195 1 1418 0.0103781 0.0162882 0.140818 2.60171 -5.62491 112.342 
0.467479 1.00981 86866 1 1.32708 0.451923 196 1 1420 0.0109045 0.0171248 0.14283 2.60412 -5.64022 112.288 
0.428489 1.01088 86933 1 1.32708 0.451923 197 1 1422 0.0107594 0.0148543 0.143837 2.58965 -5.63336 112.307 
0.458903 0.990226 87000 1 1.33073 0.451923 198 1 1424 0.0118252 0.013458 0.141136 2.57965 -5.61582 112.364 
0.466412 1.02538 87066 1 1.33073 0.451923 199 1 1426 0.0115689 0.0148411 0.141437 2.58657 -5.63006 112.256 
0.455724 1.0451 87133 1 1.33073 0.451923 200 1 1428 0.0116249 0.0139863 0.141166 2.57213 -5.63746 112.26 
0.44455 1.06657 87200 1 1.33646 0.451923 201 1 1430 0.0100929 0.0154267 0.144093 2.57825 -5.6591 112.194 
0.450822 1.04222 87267 1 1.37083 0.450962 202 1 1432 0.0101296 0.0175306 0.142324 2.59992 -5.62887 112.222 
0.439867 1.01607 87300 1 1.38073 0.45 203 1 1433 0.010826 0.0127115 0.139805 2.57052 -5.60975 112.296 
0.412171 1.04594 87400 1 1.38385 0.448077 204 1 1436 0.0109962 0.00839705 0.139159 2.55638 -5.61051 112.218 
0.42133 1.04943 87433 1 1.40313 0.443269 205 1 1437 0.0106892 0.00819237 0.138885 2.5571 -5.61141 112.192 
0.390837 1.10805 87534 1 1.44948 0.442308 206 1 1440 0.00986043 0.00757858 0.141162 2.54655 -5.63915 112.189 
0.405304 1.07269 87600 1 1.46458 0.442308 207 1 1442 0.0106908 0.00715841 0.138926 2.54448 -5.6176 112.212 
0.410827 1.05847 87667 1 1.47031 0.442308 208 1 1444 0.0100667 0.0105998 0.139514 2.56823 -5.61639 112.254 
0.428797 1.09719 87701 1 1.51458 0.442308 209 1 1445 0.010611 0.0114017 0.142636 2.57354 -5.64089 112.201 
0.411117 1.05738 87767 1 1.51615 0.442308 210 1 1447 0.0108227 0.00782274 0.139779 2.55481 -5.60989 112.197 
0.402083 1.06807 87834 1 1.51615 0.442308 211 1 1449 0.011217 0.00841662 0.139673 2.56161 -5.61706 112.204 
0.402083 1.06807 87834 1 1.49792 0.445192 212 1 1449 0.011217 0.00841662 0.139673 2.56161 -5.61706 112.204 
0.39716 1.04971 88001 1 1.41771 0.45 213 1 1454 0.00970214 0.00934167 0.136974 2.56564 -5.61399 112.252 
0.401919 1.08085 88067 1 1.40573 0.45 214 1 1456 0.00881276 0.00930079 0.140152 2.56614 -5.64061 112.256 
0.400612 1.06902 88100 1 1.40573 0.45 215 1 1457 0.00971411 0.00941933 0.136482 2.56677 -5.60751 112.247 
0.368144 1.06043 88201 1 1.40573 0.45 216 1 1460 0.0100544 0.00769362 0.137324 2.56039 -5.61919 112.257 
0.382291 1.0435 88234 1 1.40573 0.45 217 1 1461 0.0093791 0.00783544 0.134598 2.56273 -5.60009 112.313 
0.376712 1.04524 88301 1 1.40573 0.45 218 1 1463 0.00964162 0.00846724 0.136029 2.5665 -5.61209 112.359 
0.380878 1.01452 88368 1 1.39427 0.45 219 1 1465 0.010265 0.00918069 0.134843 2.56832 -5.59426 112.314 
0.394731 1.00015 88467 1 1.38437 0.45 220 1 1468 0.00929839 0.00956405 0.135413 2.56189 -5.6058 112.387 
0.442537 0.885987 88534 1 1.38333 0.45 221 1 1470 0.010988 0.0127703 0.131135 2.58593 -5.55995 112.512 
0.430658 0.92828 88601 1 1.37865 0.451923 222 1 1472 0.0116471 0.0102808 0.133545 2.58547 -5.58045 112.431 
0.464452 0.906855 88668 1 1.36875 0.451923 223 1 1474 0.0140929 0.0134566 0.133378 2.6174 -5.57476 112.422 
0.452837 0.896275 88734 1 1.36615 0.451923 224 1 1476 0.014137 0.0158952 0.131753 2.63755 -5.56348 112.404 
0.425631 0.84097 88801 1 1.3776 0.447115 225 1 1478 0.0127217 0.012781 0.13143 2.60006 -5.56944 112.504 
0.406812 0.724733 88868 1 1.38646 0.447115 226 1 1480 0.0101217 0.0130477 0.129779 2.59388 -5.55533 112.516 
0.389046 0.758145 88935 1 1.38646 0.447115 227 1 1482 0.0102162 0.0122054 0.131107 2.58808 -5.57007 112.516 
0.109274 0.921914 89002 1 1.38646 0.447115 228 1 1484 0.0110928 0.0117987 0.133994 2.60107 -5.59248 112.383 
0.134235 0.908369 89068 1 1.38385 0.447115 229 1 1486 0.0124405 0.0125714 0.130797 2.60962 -5.56861 112.429 
0.133311 0.873592 89134 1 1.37083 0.447115 230 1 1488 0.0103237 0.0115785 0.131026 2.59827 -5.56977 112.422 
0.131079 0.881588 89201 1 1.36979 0.447115 231 1 1490 0.0109379 0.0137092 0.130327 2.60989 -5.56023 112.425 
0.15513 0.856045 89268 1 1.36979 0.447115 232 1 1492 0.0126084 0.0145087 0.129837 2.61605 -5.55246 112.43 
-0.214181 3.42698 89335 1 1.36979 0.447115 233 0 1494 0.0115096 0.0133576 0.129046 2.60551 -5.54784 112.417 
0.525734 2.06263 89401 1 1.36979 0.447115 234 0 1496 0.00714243 0.027351 0.132921 2.70794 -5.56738 111.436 
0.427485 1.20752 89468 1 1.36979 0.447115 235 0 1498 0.00622256 0.0328824 0.125131 2.7577 -5.49881 111.101 
0.498792 -0.194979 89535 1 1.36979 0.447115 236 1 1500 0.022451 0.0271443 0.0612744 2.76863 -4.95696 114.168 
0.521892 -0.442795 89602 1 1.36979 0.447115 237 0 1502 0.0237685 0.0355717 0.0451349 2.84488 -4.83838 114.728 
0.497559 -0.393816 89669 1 1.36979 0.447115 238 0 1504 0.0201044 0.0296818 0.0479505 2.78218 -4.86928 114.727 
0.70898 -0.50924 89735 1 1.36979 0.447115 239 0 1506 0.0186702 0.030527 0.0495092 2.77423 -4.86874 114.571 
0.765769 -0.578591 89802 1 1.36979 0.447115 240 0 1508 0.0182064 0.0347559 0.0533724 2.79691 -4.87669 114.493 
0.762094 -0.481818 89868 1 1.36979 0.447115 241 0 1510 0.0148116 0.0340756 0.0633784 2.79438 -4.93407 114.332 
0.706221 -0.227153 89935 1 1.36979 0.447115 242 0 1512 0.0157285 0.0280731 0.0738203 2.73815 -5.00727 114.059 
0.418772 0.733412 90002 1 1.36979 0.447115 243 1 1514 0.0150982 0.0280865 0.0781405 2.73216 -5.03303 113.96 
0.419669 0.578192 90068 1 1.36979 0.447115 244 1 1516 0.0154241 0.0272715 0.0836968 2.72508 -5.07034 113.877 
0.419413 0.510124 90135 1 1.36979 0.447115 245 1 1518 0.0141749 0.026754 0.0798868 2.71908 -5.02525 113.706 
0.503117 0.464617 90202 1 1.36979 0.447115 246 1 1520 0.00721792 0.0392443 0.0777684 2.82661 -4.97803 113.379 
0.531649 0.403719 90269 1 1.36979 0.447115 247 1 1522 0.00162133 0.0487954 0.0756955 2.91775 -4.91344 113.039 
0.564972 0.520139 90336 1 1.36979 0.447115 248 1 1524 0.001822 0.0512886 0.0826476 2.94577 -4.93457 112.858 
0.538419 0.478594 90402 1 1.36979 0.447115 249 1 1526 0.000366368 0.0468954 0.0826873 2.91618 -4.91822 113.063 
0.509683 0.338061 90469 1 1.36979 0.447115 250 1 1528 -0.00153889 0.039102 0.0763452 2.84517 -4.86109 113.371 
0.48017 0.316859 90535 1 1.36979 0.447115 251 1 1530 -0.00220443 0.0387276 0.0739866 2.83726 -4.84188 113.405 
0.492855 0.314476 90603 1 1.36979 0.447115 252 1 1532 -0.00230177 0.037276 0.0717097 2.81615 -4.81762 113.373 
0.478531 0.355615 90669 1 1.36979 0.447115 253 1 1534 -0.00105546 0.0372623 0.0748988 2.82925 -4.85055 113.477 
0.492307 0.503008 90736 1 1.36979 0.447115 254 1 1536 0.00165904 0.0375808 0.0763325 2.85007 -4.87143 113.389 
0.503343 0.453119 90802 1 1.36979 0.447115 255 1 1538 0.00411722 0.038466 0.072907 2.87695 -4.84939 113.364 
0.488869 0.101997 90903 1 1.36979 0.447115 256 1 1541 0.00542434 0.0384354 0.0742046 2.87868 -4.87307 113.209 
0.518292 -0.0767551 90936 1 1.36979 0.447115 257 1 1542 0.00433986 0.0385265 0.0757732 2.87104 -4.89129 113.271 
0.526212 -0.0518219 90969 1 1.36979 0.447115 258 1 1543 0.003598 0.0399332 0.076594 2.87136 -4.90126 113.23 
0.509287 -0.0533011 91102 1 1.36979 0.447115 259 1 1547 0.000833104 0.0368315 0.0782615 2.82682 -4.91036 113.263 
0.503573 -0.0741443 91169 1 1.36979 0.447115 260 1 1549 0.00242829 0.0361412 0.0759497 2.82275 -4.88658 113.241 
0.258532 -0.147621 91236 1 1.36979 0.447115 261 1 1551 0.00377651 0.0380306 0.075579 2.84568 -4.88541 113.187 
0.266995 -0.19821 91303 1 1.36979 0.447115 262 1 1553 0.00274482 0.037705 0.0768143 2.84585 -4.89901 113.196 
0.262883 -0.19661 91369 1 1.36979 0.447115 263 1 1555 0.00136666 0.0393064 0.0783463 2.85432 -4.90882 113.156 
0.200734 -0.143828 91436 1 1.36979 0.447115 264 1 1557 0.00109919 0.0397475 0.0809421 2.86203 -4.92572 113.157 
0.186312 -0.121654 91503 1 1.36979 0.447115 265 1 1559 0.00163652 0.035358 0.0815262 2.83923 -4.92858 113.066 
0.245738 -0.126491 91603 1 1.36979 0.447115 266 1 1562 0.00519933 0.0403781 0.0811132 2.89769 -4.92054 112.891 
0.211182 -0.121919 91636 1 1.36979 0.447115 267 1 1563 0.0059598 0.0396596 0.0815586 2.89444 -4.92345 112.903 
0.190716 -0.113227 91736 1 1.36979 0.447115 268 1 1566 0.00512616 0.0366813 0.0799204 2.88109 -4.91385 112.86 
0.190442 -0.133051 91769 1 1.36979 0.447115 269 1 1567 0.00572525 0.0374934 0.0783836 2.89385 -4.9006 112.844 
0.072415 0.0090085 91870 1 1.36979 0.447115 270 1 1570 0.00844132 0.0325549 0.079691 2.8717 -4.92279 112.813 
0.0609232 0.0696741 91903 1 1.36979 0.447115 271 1 1571 0.00848351 0.0289908 0.0810637 2.84394 -4.94147 112.655 
0.081595 -0.00479856 91970 1 1.36979 0.447115 272 1 1573 0.00966979 0.0276123 0.0737627 2.83971 -4.89053 112.658 
0.0744682 -0.0457442 92036 1 1.36979 0.447115 273 1 1575 0.00846128 0.0272926 0.0713609 2.83582 -4.87703 112.639 
0.0894326 -0.0914673 92103 1 1.36979 0.447115 274 1 1577 0.0105274 0.0265351 0.0710332 2.83964 -4.87626 112.667 
0.0520345 -0.0542565 92170 1 1.36979 0.447115 275 1 1579 0.0102028 0.0192586 0.0733541 2.79637 -4.90128 112.589 
0.02778 -0.0595581 92237 1 1.36979 0.447115 276 1 1581 0.0106601 0.015004 0.0732034 2.78415 -4.90084 112.502 
0.0272913 -0.0905362 92304 1 1.36979 0.447115 277 1 1583 0.0108948 0.0155461 0.0702848 2.78947 -4.86773 112.477 
0.035654 -0.111892 92370 1 1.36979 0.447115 278 1 1585 0.010099 0.0177087 0.0683742 2.80427 -4.84308 112.506 
0.0311035 -0.0293314 92472 1 1.36979 0.447115 279 1 1588 0.00854977 0.0185807 0.0742642 2.80312 -4.88806 112.455 
0.080681 0.0362598 92537 1 1.36979 0.447115 280 1 1590 0.00918388 0.0149754 0.0752301 2.77604 -4.89174 112.478 
0.0561151 0.0737031 92604 1 1.36979 0.447115 281 1 1592 0.00877364 0.0114975 0.0761698 2.74226 -4.90192 112.387 
0.0940517 -0.00882453 92670 1 1.36979 0.447115 282 1 1594 0.0095577 0.0159108 0.0706361 2.77477 -4.8572 112.476 
0.0490091 -0.00191058 92737 1 1.36979 0.447115 283 1 1596 0.00907696 0.0169047 0.0695238 2.77839 -4.84904 112.474 
0.0121645 0.0255519 92803 1 1.36979 0.447115 284 1 1598 0.0066249 0.0148971 0.0729714 2.7612 -4.87796 112.517 
-0.00892453 0.0321406 92870 1 1.36979 0.447115 285 1 1600 0.00603955 0.0112367 0.0724983 2.7419 -4.87606 112.5 
-0.027167 0.00674401 92937 1 1.36979 0.447115 286 1 1602 0.0069019 0.00833913 0.0682258 2.72732 -4.83879 112.42 
0.113815 -0.10158 93003 1 1.36979 0.447115 287 1 1604 0.0101495 0.0113506 0.0695297 2.7628 -4.86002 112.358 
0.116663 -0.087029 93070 1 1.36979 0.447115 288 1 1606 0.00887847 0.00999233 0.0698544 2.75054 -4.86982 112.327 
0.126656 -0.119314 93137 1 1.36979 0.447115 289 1 1608 0.00872857 0.0108595 0.0678769 2.74802 -4.85407 112.316 
0.123399 -0.126044 93204 1 1.36979 0.447115 290 1 1610 0.00756336 0.0104467 0.0671268 2.74572 -4.85126 112.337 
0.116322 -0.084737 93271 1 1.36979 0.447115 291 1 1612 0.00818234 0.00758516 0.0695432 2.7207 -4.87688 112.284 
0.118302 -0.0598067 93337 1 1.36979 0.447115 292 1 1614 0.00762854 0.00874226 0.0716066 2.73384 -4.90767 112.279 
0.114789 -0.0599594 93404 1 1.36979 0.447115 293 1 1616 0.00853698 0.00881496 0.0695382 2.73429 -4.89475 112.228 
0.109242 -0.0460125 93471 1 1.36979 0.447115 294 1 1618 0.00649219 0.0069761 0.0714616 2.72383 -4.92295 112.177 
0.105649 -0.055193 93538 1 1.36979 0.447115 295 1 1620 0.00668856 0.00915889 0.0710745 2.74702 -4.91588 112.15 
0.17131 -0.147852 93604 1 1.36979 0.447115 296 1 1622 0.00632539 0.00881346 0.0671891 2.76082 -4.88474 112.152 
0.192721 -0.139584 93670 1 1.36979 0.447115 297 1 1624 0.00666174 0.0116283 0.0680848 2.79439 -4.8969 112.111 
0.228967 -0.14934 93739 1 1.36979 0.447115 298 1 1626 0.00654002 0.0171606 0.0680323 2.84323 -4.90655 112.06 
0.258854 -0.181238 93804 1 1.36979 0.447115 299 1 1628 0.00707562 0.0247542 0.0650652 2.90231 -4.88281 111.979 
0.349484 -0.246383 93871 1 1.36979 0.447115 300 0 1630 0.00594641 0.0227221 0.0681475 2.88034 -4.9204 111.9 
0.357996 -0.210998 93938 1 1.36979 0.447115 301 0 1632 0.00491844 0.0254999 0.0719829 2.884 -4.94774 111.855 
0.404325 -0.305115 94004 1 1.36979 0.447115 302 0 1634 0.00323157 0.0235941 0.0650463 2.86209 -4.87389 111.933 
0.466077 -0.422759 94038 1 1.36979 0.447115 303 0 1635 0.00324656 0.0235269 0.0580688 2.86933 -4.80201 111.994 
0.466077 -0.422759 94038 1 1.36979 0.447115 304 0 1635 0.00324656 0.0235269 0.0580688 2.86933 -4.80201 111.994 
0.504398 -0.514737 94205 1 1.36979 0.447115 305 0 1640 0.00497404 0.0303137 0.0561625 2.91871 -4.7837 112.143 
0.173232 -0.420136 94272 1 1.36979 0.447115 306 0 1642 0.00375811 0.032852 0.0551273 2.92665 -4.77707 112.141 
0.182171 -0.436822 94337 1 1.36979 0.447115 307 0 1644 0.003738 0.0343306 0.0566794 2.9332 -4.77434 112.131 
0.196254 -0.473001 94371 1 1.36979 0.447115 308 0 1645 0.00378849 0.0350648 0.0536451 2.94087 -4.74127 112.21 
0.196254 -0.473001 94371 1 1.36979 0.447115 309 0 1645 0.00378849 0.0350648 0.0536451 2.94087 -4.74127 112.21 
0.232054 -0.277792 94538 1 1.36979 0.447115 310 0 1650 0.00336201 0.0361278 0.0532278 2.94819 -4.73247 112.35 
0.202799 -0.275178 94605 1 1.36979 0.447115 311 0 1652 0.00191707 0.0363739 0.0511871 2.947 -4.71971 112.317 
0.175151 -0.182273 94671 1 1.36979 0.447115 312 1 1654 0.00212035 0.0374031 0.0539961 2.94718 -4.74368 112.315 
0.195858 -0.18151 94704 1 1.36979 0.447115 313 1 1655 0.00168859 0.0384493 0.0527498 2.95481 -4.73096 112.331 
0.195858 -0.18151 94704 1 1.36979 0.447115 314 1 1655 0.00168859 0.0384493 0.0527498 2.95481 -4.73096 112.331 
0.368759 -0.236536 94872 1 1.36979 0.447115 315 0 1660 0.000284759 0.0473245 0.052105 2.98784 -4.71882 112.335 
0.338034 -0.233091 94939 1 1.36979 0.447115 316 0 1662 -0.00160442 0.0472319 0.053203 2.96515 -4.72234 112.328 
0.308889 -0.254566 95005 1 1.36979 0.447115 317 0 1664 0.000349843 0.0434305 0.0511485 2.91405 -4.69138 112.277 
0.457261 -0.194449 95072 1 1.36979 0.447115 318 1 1666 0.00104302 0.041737 0.0518695 2.88015 -4.70253 112.167 
0.602018 -0.200859 95138 1 1.36979 0.447115 319 0 1668 0.000906188 0.0424874 0.0511034 2.86154 -4.70676 112.203 
0.610645 -0.21088 95206 1 1.36979 0.447115 320 0 1670 -0.000952491 0.0422346 0.0486778 2.84063 -4.69027 112.173 
0.619269 -0.207122 95273 1 1.36979 0.447115 321 0 1672 -0.00236364 0.0450589 0.0496468 2.85115 -4.69278 112.134 
0.678535 -0.189247 95339 1 1.36979 0.447115 322 1 1674 -0.00138044 0.052073 0.0519438 2.90243 -4.7055 111.981 
0.870595 -0.41813 95406 1 1.36979 0.447115 323 0 1676 -0.000855265 0.0499721 0.048854 2.88721 -4.68469 112.004 
0.890299 -0.446587 95472 1 1.36979 0.447115 324 0 1678 -0.0014181 0.0499425 0.0463091 2.88986 -4.67067 112.064 
1.01722 -0.423155 95539 1 1.36979 0.447115 325 0 1680 -0.000605615 0.0512001 0.0534031 2.90257 -4.72976 112.004 
1.10925 -0.449465 95606 1 1.36979 0.447115 326 0 1682 -0.000597907 0.0490188 0.0553945 2.88522 -4.74202 112 
1.06652 -0.55167 95672 1 1.36979 0.447115 327 0 1684 -2.04444e-005 0.0445632 0.0489743 2.85862 -4.67883 111.994 
1.03468 -0.49018 95739 1 1.36979 0.447115 328 0 1686 0.00114131 0.0412304 0.0541965 2.83576 -4.72762 112.017 
1.03468 -0.49018 95739 1 1.36979 0.447115 329 0 1686 0.00114131 0.0412304 0.0541965 2.83576 -4.72762 112.017 
1.0256 -0.453746 95872 1 1.36979 0.447115 330 0 1690 0.00296796 0.0418353 0.0549369 2.83274 -4.72057 111.895 
0.974123 -0.43662 95940 1 1.36979 0.447115 331 0 1692 0.0007492 0.0343555 0.0550053 2.77219 -4.71619 111.937 
0.984469 -0.420232 96005 1 1.36979 0.447115 332 0 1694 0.0010976 0.0350532 0.0582948 2.77673 -4.73931 111.818 
1.02001 -0.596354 96072 1 1.36979 0.447115 333 0 1696 -0.000436053 0.0391153 0.0520692 2.82364 -4.6997 111.972 
1.02001 -0.596354 96072 1 1.36979 0.447115 334 0 1696 -0.000436053 0.0391153 0.0520692 2.82364 -4.6997 111.972 
1.08237 -0.652577 96207 1 1.36979 0.447115 335 0 1700 -0.00160106 0.0509933 0.0524771 2.92612 -4.71263 112.027 
1.15764 -0.59553 96272 1 1.36979 0.447115 336 0 1702 -0.00137116 0.0549846 0.0587916 2.9677 -4.76752 111.998 
0.688368 -0.412824 96339 1 1.36979 0.447115 337 0 1704 -0.00220633 0.054222 0.0496762 2.98366 -4.68693 112.037 
0.70617 -0.440747 96406 1 1.36979 0.447115 338 0 1706 -0.000965004 0.0528257 0.0482158 2.99889 -4.67261 112.115 
0.70617 -0.440747 96406 1 1.36979 0.447115 339 0 1706 -0.000965004 0.0528257 0.0482158 2.99889 -4.67261 112.115 
0.716522 -0.43559 96540 1 1.36979 0.447115 340 0 1710 -0.00163134 0.0528533 0.0495672 2.99689 -4.67947 112.153 
0.721023 -0.332946 96639 1 1.36979 0.447115 341 0 1713 -0.0021913 0.0573772 0.0540402 3.0215 -4.70945 112.042 
0.710761 -0.312588 96706 1 1.36979 0.447115 342 0 1715 -0.00160376 0.0596585 0.054789 3.04039 -4.70845 112.091 
0.710761 -0.312588 96706 1 1.36979 0.447115 343 0 1715 -0.00160376 0.0596585 0.054789 3.04039 -4.70845 112.091 
0.649412 -0.15582 96840 1 1.36979 0.447115 344 1 1719 -0.00634826 0.061502 0.0516542 3.04818 -4.66445 112.202 
0.672331 -0.359408 96907 1 1.36979 0.447115 345 0 1721 -0.0069424 0.060834 0.0419082 3.07141 -4.55733 112.484 
0.699548 -0.346632 96973 1 1.36979 0.447115 346 0 1723 -0.00569085 0.0615055 0.0430787 3.09218 -4.56209 112.416 
0.711817 -0.422396 97040 1 1.36979 0.447115 347 0 1725 -0.00679934 0.0634398 0.0398211 3.11947 -4.53537 112.603 
0.711817 -0.422396 97040 1 1.36979 0.447115 348 0 1725 -0.00679934 0.0634398 0.0398211 3.11947 -4.53537 112.603 
0.666703 -0.0977176 97174 1 1.36979 0.447115 349 1 1729 -0.00794615 0.0620233 0.0401351 3.08921 -4.53895 112.608 
0.688825 -0.17362 97241 1 1.36979 0.447115 350 1 1731 -0.00867962 0.0655783 0.0366082 3.12165 -4.50399 112.739 
0.695335 -0.157169 97307 1 1.36979 0.447115 351 1 1733 -0.00797949 0.0661431 0.0355663 3.13355 -4.48502 112.625 
0.66249 -0.0810284 97373 1 1.36979 0.447115 352 1 1735 -0.00694281 0.0665422 0.0362274 3.14138 -4.49032 112.663 
0.640495 -0.0386166 97440 1 1.36979 0.447115 353 1 1737 -0.00788209 0.0653642 0.0381494 3.12493 -4.50775 112.592 
0.658306 -0.0616351 97507 1 1.36979 0.447115 354 1 1739 -0.00803595 0.0667979 0.0360593 3.13913 -4.4908 112.63 
0.706482 -0.135752 97574 1 1.36979 0.447115 355 1 1741 -0.00715683 0.0651609 0.0371145 3.12466 -4.50361 112.604 
0.693821 -0.125519 97640 1 1.36979 0.447115 356 1 1743 -0.00723288 0.0638649 0.0384521 3.11516 -4.52335 112.614 
0.697065 -0.100072 97707 1 1.36979 0.447115 357 1 1745 -0.00785894 0.0643985 0.0386494 3.11575 -4.52449 112.537 
0.681653 -0.10414 97774 1 1.36979 0.447115 358 1 1747 -0.00825316 0.0637602 0.039074 3.10642 -4.52361 112.564 
0.693397 -0.0999067 97807 1 1.36979 0.447115 359 1 1748 -0.00782699 0.0636095 0.0390184 3.10841 -4.51918 112.531 
0.693397 -0.0999067 97807 1 1.36979 0.447115 360 1 1748 -0.00782699 0.0636095 0.0390184 3.10841 -4.51918 112.531 
0.49804 -0.423673 97973 1 1.36979 0.447115 361 0 1753 -0.00682066 0.065275 0.0417144 3.13322 -4.56018 112.474 
0.487931 -0.436288 98040 1 1.36979 0.447115 362 0 1755 -0.00749652 0.0636362 0.0400461 3.12336 -4.55022 112.467 
0.481421 -0.385418 98107 1 1.36979 0.447115 363 0 1757 -0.00730969 0.0649951 0.0432529 3.13413 -4.56923 112.36 
0.481421 -0.385418 98107 1 1.36979 0.447115 364 0 1757 -0.00730969 0.0649951 0.0432529 3.13413 -4.56923 112.36 
0.439352 -0.490595 98241 1 1.36979 0.447115 365 0 1761 -0.0065801 0.0635268 0.0398728 3.14445 -4.53475 112.425 
0.405936 -0.546757 98307 1 1.36979 0.447115 366 0 1763 -0.00610982 0.0634936 0.0416998 3.14867 -4.55846 112.343 
0.425545 -0.55982 98374 1 1.36979 0.447115 367 0 1765 -0.00570951 0.0653714 0.0418191 3.1668 -4.56696 112.346 
0.41577 -0.543427 98441 1 1.36979 0.447115 368 0 1767 -0.00566132 0.0643401 0.0419081 3.15698 -4.5644 112.312 
0.41577 -0.543427 98441 1 1.36979 0.447115 369 0 1767 -0.00566132 0.0643401 0.0419081 3.15698 -4.5644 112.312 
0.421167 -0.522783 98573 1 1.36979 0.447115 370 0 1771 -0.00629573 0.0642132 0.0437434 3.15293 -4.58966 112.345 
0.417124 -0.540315 98640 1 1.36979 0.447115 371 0 1773 -0.00696262 0.0636943 0.0425835 3.15059 -4.57355 112.301 
0.297913 -0.509723 98707 1 1.36979 0.447115 372 0 1775 -0.00551216 0.0631414 0.0439379 3.15518 -4.58579 112.308 
0.293568 -0.525116 98741 1 1.36979 0.447115 373 0 1776 -0.00483444 0.0633803 0.042729 3.15956 -4.57384 112.313 
0.293568 -0.525116 98741 1 1.36979 0.447115 374 0 1776 -0.00483444 0.0633803 0.042729 3.15956 -4.57384 112.313 
0.290076 -0.472078 98908 1 1.36979 0.447115 375 0 1781 -0.00455847 0.0599636 0.0448711 3.14104 -4.6086 112.257 
0.28953 -0.390976 98974 1 1.36979 0.447115 376 0 1783 -0.00400697 0.0574136 0.0477931 3.11848 -4.62904 112.089 
0.270612 -0.278118 99041 1 1.36979 0.447115 377 0 1785 -0.00350658 0.0574111 0.0486535 3.1262 -4.62787 112.059 
0.259958 -0.268589 99074 1 1.36979 0.447115 378 0 1786 -0.00322558 0.0545371 0.048891 3.10954 -4.63116 112.066 
0.259958 -0.268589 99074 1 1.36979 0.447115 379 0 1786 -0.00322558 0.0545371 0.048891 3.10954 -4.63116 112.066 
0.256544 -0.248953 99241 1 1.36979 0.447115 380 0 1791 -0.00326288 0.0546242 0.0486419 3.11531 -4.64043 112.098 
0.298609 -0.250642 99307 1 1.36979 0.447115 381 0 1793 -0.00354821 0.0534408 0.0491435 3.10448 -4.64813 112.076 
0.367779 -0.251373 99374 1 1.36979 0.447115 382 0 1795 -0.00289119 0.0543721 0.0496563 3.11112 -4.65167 112.033 
0.370257 -0.295864 99408 1 1.36979 0.447115 383 0 1796 -0.00373529 0.057648 0.0467501 3.13269 -4.6213 112.075 
0.370257 -0.295864 99408 1 1.36979 0.447115 384 0 1796 -0.00373529 0.057648 0.0467501 3.13269 -4.6213 112.075 
0.35107 -0.283216 99574 1 1.36979 0.447115 385 0 1801 -0.00196444 0.053019 0.0502355 3.08132 -4.63437 111.926 
0.329261 -0.233914 99641 1 1.36979 0.447115 386 0 1803 -0.00277316 0.0513827 0.0515305 3.05144 -4.65858 111.9 
0.397584 -0.388378 99708 1 1.36979 0.447115 387 0 1805 -0.00235049 0.0508034 0.0486802 3.03159 -4.6448 111.863 
0.397584 -0.388378 99708 1 1.36979 0.447115 388 0 1805 -0.00235049 0.0508034 0.0486802 3.03159 -4.6448 111.863 
0.396773 -0.364771 99842 1 1.36979 0.447115 389 0 1809 -0.00347465 0.051726 0.0512034 3.01361 -4.66511 111.881 
0.373142 -0.333791 99908 1 1.36979 0.447115 390 0 1811 -0.00401831 0.0496768 0.0531033 2.99115 -4.6781 111.858 
0.391485 -0.289595 99975 1 1.36979 0.447115 391 0 1813 -0.00225857 0.0482127 0.0546685 2.97566 -4.6894 111.657 
0.619589 -0.327016 100008 1 1.36979 0.447115 392 0 1814 -0.00222263 0.0471565 0.0526105 2.96134 -4.67625 111.701 
0.619589 -0.327016 100008 1 1.36979 0.447115 393 0 1814 -0.00222263 0.0471565 0.0526105 2.96134 -4.67625 111.701 
0.631941 -0.291772 100175 1 1.36979 0.447115 394 0 1819 -0.00422718 0.0472184 0.0556052 2.92057 -4.7038 111.713 
0.628479 -0.252967 100241 1 1.36979 0.447115 395 0 1821 -0.00523808 0.0473577 0.0567016 2.90847 -4.71169 111.583 
0.619614 -0.275466 100308 1 1.36979 0.447115 396 0 1823 -0.00615342 0.0469542 0.0567265 2.89414 -4.7098 111.598 
0.634178 -0.255325 100341 1 1.36979 0.447115 397 0 1824 -0.00593657 0.048749 0.0586417 2.91579 -4.72801 111.676 
0.634178 -0.255325 100341 1 1.36979 0.447115 398 0 1824 -0.00593657 0.048749 0.0586417 2.91579 -4.72801 111.676 
0.777375 -0.301201 100509 1 1.36979 0.447115 399 0 1829 -0.005658 0.0460628 0.0548077 2.87593 -4.69777 111.546 
0.829016 -0.332023 100575 1 1.36979 0.447115 400 0 1831 -0.00528557 0.0505027 0.0546966 2.90141 -4.7022 111.557 
0.895309 -0.330094 100642 1 1.36979 0.447115 401 0 1833 -0.00637483 0.0596874 0.05564 2.97257 -4.69028 111.302 
0.895309 -0.330094 100642 1 1.36979 0.447115 402 0 1833 -0.00637483 0.0596874 0.05564 2.97257 -4.69028 111.302 
0.916977 -0.324562 100775 1 1.36979 0.447115 403 0 1837 -0.00505412 0.0659793 0.0578452 3.03021 -4.70063 111.29 
0.855877 -0.351722 100844 1 1.36979 0.447115 404 0 1839 -0.0064911 0.0638129 0.0524455 3.017 -4.66199 111.482 
0.688643 -0.219849 100908 1 1.36979 0.447115 405 0 1841 -0.00693788 0.0652149 0.0524635 3.03113 -4.66659 111.537 
0.704113 -0.211815 100975 1 1.36979 0.447115 406 0 1843 -0.00646218 0.0648162 0.0544902 3.02691 -4.68549 111.564 
0.704113 -0.211815 100975 1 1.36979 0.447115 407 0 1843 -0.00646218 0.0648162 0.0544902 3.02691 -4.68549 111.564 
0.695086 -0.0515375 101109 1 1.36979 0.447115 408 1 1847 -0.0085089 0.0666724 0.0716035 3.01962 -4.81084 111.132 
0.674525 -0.0579168 101176 1 1.36979 0.447115 409 1 1849 -0.0094437 0.0684301 0.0701954 3.04043 -4.78547 111.053 
0.710676 -0.104909 101242 1 1.36979 0.447115 410 1 1851 -0.00854691 0.0684047 0.0679083 3.04524 -4.77502 111.192 
0.694979 -0.161872 101275 1 1.36979 0.447115 411 1 1852 -0.00814901 0.0646836 0.0601136 3.01516 -4.71937 111.327 
0.694979 -0.161872 101275 1 1.36979 0.447115 412 1 1852 -0.00814901 0.0646836 0.0601136 3.01516 -4.71937 111.327 
1.13674 -0.551263 101477 1 1.36979 0.447115 413 0 1858 -0.00948705 0.0618593 0.0522579 2.96736 -4.67985 111.563 
1.15718 -0.466908 101542 1 1.36979 0.447115 414 0 1860 -0.0088833 0.0639395 0.062453 2.9772 -4.74532 111.283 
1.16296 -0.414043 101575 1 1.36979 0.447115 415 0 1861 -0.00865944 0.0639431 0.070182 2.97762 -4.79697 111.029 
1.16296 -0.414043 101575 1 1.36979 0.447115 416 0 1861 -0.00865944 0.0639431 0.070182 2.97762 -4.79697 111.029 
0.988756 -0.443915 101743 1 1.36979 0.447115 417 0 1866 -0.00778599 0.075935 0.0754591 3.08145 -4.79 110.388 
0.703456 -0.274213 101776 1 1.36979 0.447115 418 0 1867 -0.00499511 0.0827088 0.0831879 3.12345 -4.85055 109.901 
0.729164 -0.353362 101843 1 1.36979 0.447115 419 0 1869 -0.00425732 0.0833753 0.0763357 3.1323 -4.80631 110.208 
0.702573 -0.445241 101910 1 1.36979 0.447115 420 0 1871 -0.0041447 0.0744222 0.0655251 3.07744 -4.74139 110.645 
0.702573 -0.445241 101910 1 1.36979 0.447115 421 0 1871 -0.0041447 0.0744222 0.0655251 3.07744 -4.74139 110.645 
0.65586 -0.438757 102043 1 1.36979 0.447115 422 0 1875 -0.00311149 0.0659828 0.059483 3.03738 -4.7258 110.992 
0.635863 -0.502248 102110 1 1.36979 0.447115 423 0 1877 -0.00449594 0.0647535 0.0541485 3.02611 -4.6818 111.057 
0.304197 -0.439149 102177 1 1.36979 0.447115 424 0 1879 -0.00428817 0.0674224 0.0576052 3.0452 -4.71384 111.056 
0.296365 -0.46728 102243 1 1.36979 0.447115 425 0 1881 -0.00599557 0.0708424 0.0554834 3.07166 -4.6898 111.149 
0.296365 -0.46728 102243 1 1.36979 0.447115 426 0 1881 -0.00599557 0.0708424 0.0554834 3.07166 -4.6898 111.149 
0.301791 -0.444812 102276 1 1.36979 0.447115 427 0 1882 -0.00629156 0.0710103 0.0556575 3.07545 -4.69064 111.058 
0.240312 -0.290226 102443 1 1.36979 0.447115 428 0 1887 -0.00538677 0.0575395 0.0592127 2.98449 -4.71963 111.111 
0.22858 -0.277103 102510 1 1.36979 0.447115 429 0 1889 -0.00481924 0.0544945 0.0567401 2.96534 -4.69818 111.092 
0.231204 -0.337809 102543 1 1.36979 0.447115 430 0 1890 -0.00417693 0.0558011 0.0526252 2.9739 -4.66605 111.101 
0.231204 -0.337809 102543 1 1.36979 0.447115 431 0 1890 -0.00417693 0.0558011 0.0526252 2.9739 -4.66605 111.101 
0.73768 -0.421752 102710 1 1.36979 0.447115 432 0 1895 -0.00522677 0.0613345 0.0517367 2.98904 -4.65474 111.161 
0.715568 -0.355697 102777 1 1.36979 0.447115 433 0 1897 -0.00421436 0.0605551 0.0546033 2.96545 -4.68114 111.037 
1.1683 -0.488344 102844 1 1.36979 0.447115 434 0 1899 -0.0046242 0.0665937 0.0498133 3.00294 -4.65047 111.021 
1.18782 -0.5211 102876 1 1.36979 0.447115 435 0 1900 -0.00459612 0.0667553 0.049266 2.9984 -4.65391 111.129 
1.18782 -0.5211 102876 1 1.36979 0.447115 436 0 1900 -0.00459612 0.0667553 0.049266 2.9984 -4.65391 111.129 
1.19592 -0.507098 102910 1 1.36979 0.447115 437 0 1901 -0.0044651 0.0666316 0.050476 2.99293 -4.66732 111.11 
1.19592 -0.507098 102910 1 1.36979 0.447115 438 0 1901 -0.0044651 0.0666316 0.050476 2.99293 -4.66732 111.11 
1.05483 -0.575918 103010 1 1.36979 0.447115 439 0 1904 -0.00933723 0.0492872 0.0519273 2.84007 -4.68488 111.573 
1.05483 -0.575918 103010 1 1.36979 0.447115 440 0 1904 -0.00933723 0.0492872 0.0519273 2.84007 -4.68488 111.573 
0.935794 -0.72034 103144 1 1.36979 0.447115 441 0 1908 -0.00733253 0.036542 0.0392947 2.75243 -4.59055 111.927 
0.935794 -0.72034 103144 1 1.36979 0.447115 442 0 1908 -0.00733253 0.036542 0.0392947 2.75243 -4.59055 111.927 
1.00362 -0.615902 103277 1 1.36979 0.447115 443 0 1912 -0.00660085 0.0468694 0.0509367 2.85416 -4.70324 111.966 
1.00362 -0.615902 103277 1 1.36979 0.447115 444 0 1912 -0.00660085 0.0468694 0.0509367 2.85416 -4.70324 111.966 
0.901768 -0.351423 103411 1 1.36979 0.447115 445 0 1916 -0.00857837 0.031146 0.0611314 2.69082 -4.80193 111.633 
0.576291 -0.742988 103543 1 1.36979 0.447115 446 0 1920 0.00460932 0.0376058 0.033655 2.7992 -4.50798 111.983 
0.576291 -0.742988 103543 1 1.36979 0.447115 447 0 1920 0.00460932 0.0376058 0.033655 2.7992 -4.50798 111.983 
0.26393 -0.371798 103677 1 1.36979 0.447115 448 0 1924 -0.000376083 0.0539256 0.0498528 2.95414 -4.65189 111.003 
0.26393 -0.371798 103677 1 1.36979 0.447115 449 0 1924 -0.000376083 0.0539256 0.0498528 2.95414 -4.65189 111.003 
0.304136 -0.518886 103811 1 1.36979 0.447115 450 0 1928 -0.00272985 0.0637576 0.034069 3.03757 -4.49797 111.056 
0.304136 -0.518886 103811 1 1.36979 0.447115 451 0 1928 -0.00272985 0.0637576 0.034069 3.03757 -4.49797 111.056 
0.239241 -0.376786 103944 1 1.36979 0.447115 452 0 1932 -0.00183774 0.0439212 0.0414008 2.8806 -4.57174 110.937 
0.239241 -0.376786 103944 1 1.36979 0.447115 453 0 1932 -0.00183774 0.0439212 0.0414008 2.8806 -4.57174 110.937 
0.325166 -0.426127 104044 1 1.36979 0.447115 454 0 1935 -0.00405089 0.0548244 0.0451016 2.99183 -4.62188 111.327 
0.325166 -0.426127 104044 1 1.36979 0.447115 455 0 1935 -0.00405089 0.0548244 0.0451016 2.99183 -4.62188 111.327 
0.568972 -0.354141 104177 1 1.36979 0.447115 456 0 1939 -0.000411891 0.0394162 0.0498858 2.85615 -4.68947 111.866 
0.568972 -0.354141 104177 1 1.36979 0.447115 457 0 1939 -0.000411891 0.0394162 0.0498858 2.85615 -4.68947 111.866 
0.619507 -0.531103 104311 1 1.36979 0.447115 458 0 1943 0.00236027 0.0444257 0.0370935 2.89791 -4.55576 111.961 
0.619507 -0.531103 104311 1 1.36979 0.447115 459 0 1943 0.00236027 0.0444257 0.0370935 2.89791 -4.55576 111.961 
0.627438 -0.538597 104445 1 1.36979 0.447115 460 0 1947 0.00324247 0.0473261 0.0410671 2.9134 -4.58976 112.077 
0.538252 -0.436096 104544 1 1.36979 0.447115 461 0 1950 0.00113412 0.0394075 0.0366292 2.81621 -4.57182 112.068 
0.538252 -0.436096 104544 1 1.36979 0.447115 462 0 1950 0.00113412 0.0394075 0.0366292 2.81621 -4.57182 112.068 
0.518565 -0.462118 104678 1 1.36979 0.447115 463 0 1954 0.00201927 0.0354571 0.0349002 2.77703 -4.53479 112.053 
0.518565 -0.462118 104678 1 1.36979 0.447115 464 0 1954 0.00201927 0.0354571 0.0349002 2.77703 -4.53479 112.053 
0.538406 -0.537878 104812 1 1.36979 0.447115 465 0 1958 0.00675506 0.0332288 0.0305458 2.77593 -4.48627 112.162 
0.538406 -0.537878 104812 1 1.36979 0.447115 466 0 1958 0.00675506 0.0332288 0.0305458 2.77593 -4.48627 112.162 
0.584691 -0.173438 104945 1 1.36979 0.447115 467 1 1962 0.00289117 0.0473138 0.0408051 2.89686 -4.59628 112.235 
0.584691 -0.173438 104945 1 1.36979 0.447115 468 1 1962 0.00289117 0.0473138 0.0408051 2.89686 -4.59628 112.235 
0.564503 -0.162486 105078 1 1.36979 0.447115 469 1 1966 0.0043002 0.0430133 0.0407292 2.85969 -4.60049 112.268 
0.564503 -0.162486 105078 1 1.36979 0.447115 470 1 1966 0.0043002 0.0430133 0.0407292 2.85969 -4.60049 112.268 
0.56835 -0.178755 105211 1 1.36979 0.447115 471 1 1970 0.00534208 0.0391982 0.0366743 2.83587 -4.55106 112.554 
0.56835 -0.178755 105211 1 1.36979 0.447115 472 1 1970 0.00534208 0.0391982 0.0366743 2.83587 -4.55106 112.554 
0.542329 -0.271553 105345 1 1.36979 0.447115 473 0 1974 0.00275898 0.0391856 0.0370657 2.83125 -4.54536 112 
0.583847 -0.24314 105446 1 1.36979 0.447115 474 0 1977 0.00275877 0.048106 0.0389841 2.91304 -4.57945 112.116 
0.583847 -0.24314 105446 1 1.36979 0.447115 475 0 1977 0.00275877 0.048106 0.0389841 2.91304 -4.57945 112.116 
0.629107 -0.55226 105578 1 1.36979 0.447115 476 0 1981 0.00509501 0.0491812 0.024955 2.9522 -4.43378 112.44 
0.629107 -0.55226 105578 1 1.36979 0.447115 477 0 1981 0.00509501 0.0491812 0.024955 2.9522 -4.43378 112.44 
0.573669 -0.423356 105712 1 1.36979 0.447115 478 0 1985 0.00765521 0.0420722 0.026639 2.91063 -4.46875 112.2 
0.573669 -0.423356 105712 1 1.36979 0.447115 479 0 1985 0.00765521 0.0420722 0.026639 2.91063 -4.46875 112.2 
0.406333 -0.348711 105845 1 1.36979 0.447115 480 0 1989 -0.00227637 0.0528264 0.0465365 3.00331 -4.63182 111.199 
0.406333 -0.348711 105845 1 1.36979 0.447115 481 0 1989 -0.00227637 0.0528264 0.0465365 3.00331 -4.63182 111.199 
0.336218 -0.290002 105945 1 1.36979 0.447115 482 0 1992 0.00676044 0.0500269 0.0629994 2.98498 -4.73805 110.756 
0.336218 -0.290002 105945 1 1.36979 0.447115 483 0 1992 0.00676044 0.0500269 0.0629994 2.98498 -4.73805 110.756 
0.139734 -0.050012 106079 1 1.36979 0.447115 484 1 1996 0.00266817 0.0373924 0.0764255 2.84948 -4.86269 110.083 
0.166753 -0.192388 106212 1 1.36979 0.447115 485 1 2000 -0.0037663 0.0322227 0.051342 2.8055 -4.67005 110.588 
0.166753 -0.192388 106212 1 1.36979 0.447115 486 1 2000 -0.0037663 0.0322227 0.051342 2.8055 -4.67005 110.588 
0.30221 -0.250312 106346 1 1.36979 0.447115 487 0 2004 -0.0112349 0.0624937 0.0469855 2.98519 -4.61956 110.413 
0.30221 -0.250312 106346 1 1.36979 0.447115 488 0 2004 -0.0112349 0.0624937 0.0469855 2.98519 -4.61956 110.413 
0.0898605 -0.427472 106479 1 1.36979 0.447115 489 0 2008 -0.000911564 0.00023243 0.032934 2.43021 -4.55304 111.741 
0.0898605 -0.427472 106479 1 1.36979 0.447115 490 0 2008 -0.000911564 0.00023243 0.032934 2.43021 -4.55304 111.741 
0.305203 -0.527941 106579 1 1.36979 0.447115 491 0 2011 0.00228758 0.0374124 0.0377185 2.87281 -4.63067 112.772 
0.305203 -0.527941 106579 1 1.36979 0.447115 492 0 2011 0.00228758 0.0374124 0.0377185 2.87281 -4.63067 112.772 
0.26053 -0.244644 106712 1 1.36979 0.447115 493 0 2015 0.00105568 0.0277756 0.0546903 2.84328 -4.84485 112.819 
0.0970894 -0.0414529 106813 1 1.36667 0.450962 494 1 2018 -0.000960333 0.00123326 0.0622103 2.62197 -4.92314 112.746 
0.0970894 -0.0414529 106813 1 1.36667 0.450962 495 1 2018 -0.000960333 0.00123326 0.0622103 2.62197 -4.92314 112.746 
0.190489 -0.205957 106946 1 1.36667 0.450962 496 0 2022 0.00726164 0.0016355 0.0476691 2.65853 -4.7486 112.916 
0.190489 -0.205957 106946 1 1.36146 0.4375 497 0 2022 0.00726164 0.0016355 0.0476691 2.65853 -4.7486 112.916 
-0.0593607 -0.0338769 107080 1 1.37031 0.418269 498 1 2026 -0.000760439 0.00965421 0.0491159 2.69977 -4.82755 112.301 
-0.0593607 -0.0338769 107080 1 1.41458 0.396154 499 1 2026 -0.000760439 0.00965421 0.0491159 2.69977 -4.82755 112.301 
-0.207672 0.104617 107212 1 1.45208 0.376923 500 0 2030 -0.00617257 0.00300639 0.0513104 2.55476 -4.95305 112.911 
-0.207672 0.104617 107212 1 1.4474 0.375962 501 0 2030 -0.00617257 0.00300639 0.0513104 2.55476 -4.95305 112.911 
-0.123941 -0.0649807 107346 1 1.39375 0.407692 502 1 2034 -0.00610619 0.00714001 0.031063 2.60399 -4.84551 112.966 
-0.112808 0.0952133 107447 1 1.3599 0.425 503 1 2037 -0.000518878 0.0141198 0.0451874 2.67085 -5.00651 113.128 
-0.112808 0.0952133 107447 1 1.3599 0.441346 504 1 2037 -0.000518878 0.0141198 0.0451874 2.67085 -5.00651 113.128 
-0.164186 -0.125889 107579 1 1.38646 0.452885 505 1 2041 -0.0026654 0.00762225 0.0238443 2.65099 -4.99412 113.788 
-0.164186 -0.125889 107579 1 1.43802 0.449038 506 1 2041 -0.0026654 0.00762225 0.0238443 2.65099 -4.99412 113.788 
-0.321538 0.0326681 107714 1 1.42708 0.448077 507 0 2045 -0.00631069 -0.0212956 0.0196728 2.4944 -5.24484 113.895 
-0.321538 0.0326681 107714 1 1.33073 0.447115 508 0 2045 -0.00631069 -0.0212956 0.0196728 2.4944 -5.24484 113.895 
-0.0845168 0.213754 107846 1 1.04115 0.441346 509 1 2049 -0.00601515 -0.0137609 0.0294298 2.58293 -5.62933 114.399 
-0.0845168 0.213754 107846 1 0.741667 0.366346 510 1 2049 -0.00601515 -0.0137609 0.0294298 2.58293 -5.62933 114.399 
0.047927 -0.0185277 107980 1 0.741667 0.366346 511 1 2053 -0.0151825 0.0423665 0.00900502 2.88573 -5.91924 116.107 
0.047927 -0.0185277 107980 1 0.741667 0.366346 512 1 2053 -0.0151825 0.0423665 0.00900502 2.88573 -5.91924 116.107 
-0.0469268 0.508788 108246 1 0.739062 0.365385 513 1 2061 -0.0162072 0.0351182 0.0145677 2.76087 -6.51439 116.639 
-0.114641 0.647368 108347 1 0.582292 0.357692 514 1 2064 -0.0121111 0.0276498 0.0192115 2.71346 -6.72347 117.683 
-0.169079 0.770443 108414 1 0.305729 0.375962 515 1 2066 -0.00686195 0.0254576 0.00608938 2.75332 -6.81741 118.334 
-0.515695 1.63137 108447 1 0.208854 0.440385 516 0 2067 -0.00686195 0.0254576 0.00608938 2.75332 -6.81741 118.334 
-0.408386 1.52165 108513 1 0.203125 0.457692 517 0 2069 0.0142655 0.00219431 -0.0709017 2.46397 -6.31432 116.832 
0.687001 0.759704 108614 1 0.195833 0.4625 518 1 2072 0.0024106 0.0422965 -0.0100329 3.06362 -7.10545 118.928 
0.70233 0.505278 108681 1 0.150521 0.4625 519 1 2074 0.00799948 0.0483576 -0.0140256 3.21182 -6.98432 118.117 
0.60737 0.752031 108748 1 0.134896 0.461538 520 1 2076 0.0096233 0.0266536 0.0118083 3.08855 -7.10393 118.131 
0.321885 0.686629 108813 1 0.135937 0.461538 521 1 2078 0.0108972 0.0361379 0.00668094 3.27008 -6.9391 117.658 
0.095962 0.924507 108880 1 0.135937 0.461538 522 1 2080 0.018134 0.0291333 0.0090332 3.40746 -6.94731 117.488 
0.1458 0.793527 108981 1 0.135417 0.458654 523 1 2083 0.0212206 0.0278665 0.0104748 3.63235 -6.85168 117.042 
-0.0782882 0.904386 109047 1 0.135417 0.456731 524 1 2085 0.0257397 0.0126212 0.0264559 3.56172 -6.76366 116.821 
-0.165175 0.890441 109114 1 0.135417 0.448077 525 1 2087 0.0247258 -0.00499602 0.0369601 3.45263 -6.63691 116.707 
-0.253797 0.772729 109181 1 0.125 0.417308 526 0 2089 0.0185884 -0.0132221 0.0396257 3.34182 -6.43027 116.659 
-0.195361 0.746945 109248 1 0.129167 0.395192 527 1 2091 0.00962544 -0.0123645 0.0446106 3.29575 -6.30505 116.775 
-0.189655 0.642753 109314 1 0.132813 0.386538 528 1 2093 0.00627253 -0.0044597 0.0473062 3.40938 -6.23973 117.017 
-0.202492 0.741414 109381 1 0.132813 0.386538 529 0 2095 0.00224898 -0.0230908 0.0459069 3.32684 -6.13163 116.8 
-0.142209 0.53868 109447 1 0.132813 0.386538 530 1 2097 -0.000873558 -0.0121254 0.0450676 3.50468 -6.01439 116.648 
-0.201574 0.583014 109514 1 0.1375 0.392308 531 0 2099 -0.00898879 -0.0153101 0.0432994 3.46175 -5.92202 116.496 
-0.290632 0.560252 109581 1 0.138021 0.391346 532 0 2101 -0.0193228 -0.0209388 0.0403133 3.39256 -5.75871 116.155 
-0.213281 0.495448 109681 1 0.136979 0.328846 533 0 2104 -0.0280192 -0.0229792 0.0356326 3.32816 -5.42345 115.626 
0.0893668 0.069857 109748 1 0.117708 0.225 534 1 2106 -0.0360281 -0.0274469 0.0406456 3.21185 -5.22975 115.677 
0.131041 -0.0120829 109815 1 0.05625 0.175962 535 1 2108 -0.0434872 -0.0353527 0.0386524 3.05491 -5.09109 115.64 
0.115502 -0.125335 109881 1 0.015625 0.176923 536 1 2110 -0.0450952 -0.0297171 0.0375674 2.99926 -5.04418 115.818 
-0.236692 -0.0440391 109947 1 0.00677083 0.180769 537 0 2112 -0.043515 -0.0360477 0.0293015 2.86739 -4.98127 115.47 
-0.285418 0.0416062 110014 1 0 0.210577 538 0 2114 -0.0416358 -0.0410109 0.040252 2.79719 -5.0158 115.246 
-0.34799 0.0910327 110081 1 0 0.243269 539 0 2116 -0.0419332 -0.0497127 0.0422906 2.69605 -4.95149 114.978 
-0.372245 0.106036 110148 1 0 0.291346 540 0 2118 -0.0369794 -0.0481425 0.0411857 2.65521 -4.91314 114.751 
-0.350001 0.0526953 110215 1 0.00520833 0.315385 541 0 2120 -0.0308497 -0.0506579 0.0401781 2.65395 -4.88402 114.787 
-0.349434 0.0289441 110281 1 0.0854167 0.341346 542 0 2122 -0.0294309 -0.0483609 0.0448834 2.67068 -4.90486 114.815 
-0.36352 0.129198 110348 1 0.0942708 0.338462 543 0 2124 -0.0274743 -0.0459793 0.0577013 2.65106 -4.96569 114.814 
-0.36352 0.129198 110348 1 0.0984375 0.309615 544 0 2124 -0.0274743 -0.0459793 0.0577013 2.65106 -4.96569 114.814 
-0.409187 0.129281 110482 1 0.096875 0.280769 545 0 2128 -0.0213687 -0.0590138 0.0633512 2.61129 -4.97458 115.113 
-0.439433 0.154634 110549 1 0.0963542 0.277885 546 0 2130 -0.0151389 -0.0638133 0.0652823 2.64367 -4.94552 114.944 
-0.458641 0.245791 110615 1 0.108333 0.306731 547 0 2132 -0.0150713 -0.0690535 0.0718632 2.63573 -4.99068 114.832 
-0.48145 0.402675 110681 1 0.114063 0.314423 548 0 2134 -0.0127732 -0.0691226 0.0756953 2.63447 -5.01567 114.773 
-0.48145 0.402675 110681 1 0.114063 0.314423 549 0 2134 -0.0127732 -0.0691226 0.0756953 2.63447 -5.01567 114.773 
-0.576642 0.319882 110849 1 0.114063 0.314423 550 0 2139 -0.00815946 -0.088548 0.0658278 2.50052 -4.89352 114.651 
