ImageFile:
-0.00189038 0.28746 62860 1 0.191667 0.227885 1 1 576 -0.0871811 -0.0333964 0.13783 -0.195924 -5.33907 93.2759 
0.00587659 0.274865 62941 1 0.372917 0.229808 2 1 578 -0.0858542 -0.0313509 0.136567 -0.179208 -5.32208 93.3096 
0.120341 0.304156 63021 1 0.610938 0.238462 3 1 580 -0.0856301 -0.0303775 0.14031 -0.171651 -5.34982 93.4008 
0.249717 0.320849 63061 1 0.735938 0.238462 4 1 581 -0.0845925 -0.0327474 0.1393 -0.198783 -5.33969 93.4259 
0.280754 0.328914 63140 1 0.763542 0.207692 5 1 583 -0.0839045 -0.0320464 0.139616 -0.184531 -5.34657 93.3789 
0.276743 0.332666 63181 1 0.798958 0.168269 6 1 584 -0.0855018 -0.0331349 0.141735 -0.195159 -5.36016 93.3857 
0.323871 0.346045 63261 1 0.824479 0.136538 7 1 586 -0.0870545 -0.0317216 0.14371 -0.172704 -5.36883 93.4531 
0.340387 0.341799 63342 1 0.84375 0.0980769 8 1 588 -0.0873087 -0.0297625 0.144202 -0.164999 -5.35691 93.4393 
0.349889 0.344098 63382 1 0.863021 0.0663462 9 1 589 -0.0866844 -0.0287643 0.144521 -0.153733 -5.35962 93.471 
0.497338 0.297317 63462 1 0.866667 0.0625 10 1 591 -0.0844042 -0.0274577 0.14448 -0.141923 -5.35722 93.4345 
0.85371 0.234496 63542 1 0.867188 0.0740385 11 1 593 -0.0853352 -0.0292531 0.146579 -0.16347 -5.3719 93.3665 
0.881965 0.208196 63622 1 0.866146 0.125962 12 1 595 -0.0857168 -0.0318431 0.146257 -0.187098 -5.35811 93.3565 
0.995867 0.134817 63702 1 0.865625 0.143269 13 1 597 -0.0843695 -0.0318091 0.146705 -0.197147 -5.35938 93.3984 
1.03311 0.139035 63783 1 0.866146 0.145192 14 1 599 -0.0816372 -0.0301428 0.145616 -0.175784 -5.35715 93.4013 
1.02145 0.129917 63822 1 0.869792 0.138462 15 1 600 -0.0816702 -0.0308336 0.14449 -0.182482 -5.34193 93.4151 
1.00981 0.125844 63902 1 0.870833 0.1375 16 1 602 -0.0815626 -0.029957 0.147181 -0.17531 -5.35944 93.4056 
1.00502 0.125137 63982 1 0.870833 0.1375 17 1 604 -0.0802746 -0.0285926 0.147304 -0.158095 -5.36427 93.4159 
1.01312 0.123354 64023 1 0.870833 0.1375 18 1 605 -0.0795675 -0.0294015 0.146399 -0.162885 -5.35576 93.4213 
1.0242 0.127773 64103 1 0.870833 0.1375 19 1 607 -0.0793536 -0.0307158 0.148292 -0.165858 -5.37683 93.417 
1.02271 0.119538 64183 1 0.870833 0.1375 20 1 609 -0.0804787 -0.0312372 0.147619 -0.170852 -5.35696 93.4523 
1.00932 0.116112 64263 1 0.870833 0.1375 21 1 611 -0.0801347 -0.032914 0.146606 -0.187336 -5.34754 93.4351 
0.80572 0.146792 64304 1 0.870833 0.1375 22 1 612 -0.0814264 -0.0272713 0.146313 -0.119737 -5.3557 93.4918 
0.541875 0.192392 64425 1 0.860938 0.1625 23 1 615 -0.0833138 -0.0286746 0.147495 -0.152078 -5.36776 93.556 
0.50895 0.194658 64463 1 0.833854 0.209615 24 1 616 -0.0831619 -0.029525 0.145933 -0.168519 -5.34806 93.549 
0.411214 0.22685 64584 1 0.833854 0.209615 25 1 619 -0.0823123 -0.0223188 0.119001 -0.118556 -4.99076 92.9026 
0.414189 0.218043 64624 1 0.833854 0.209615 26 1 620 -0.0798228 -0.0235554 0.118358 -0.132488 -4.97478 92.8706 
0.415385 0.206248 64705 1 0.833854 0.225 27 1 622 -0.0770388 -0.0239635 0.119001 -0.123287 -4.96789 92.8823 
0.443817 0.261602 64784 1 0.789063 0.330769 28 1 624 -0.0754842 -0.0247611 0.118664 -0.120135 -4.94712 92.9446 
0.384842 1.34978 64865 1 0.689583 0.536538 29 0 626 -0.0744564 -0.026755 0.115855 -0.120757 -4.89726 92.9936 
0.253135 1.86587 64946 1 0.565625 0.703846 30 0 628 -0.073817 -0.0320858 0.116418 -0.146763 -4.88241 93.0174 
0.460744 0.940685 65025 1 0.456771 0.783654 31 1 630 -0.071261 -0.0379474 0.117822 -0.187273 -4.89589 92.9367 
0.537318 0.841077 65104 1 0.275 0.800962 32 1 632 -0.063833 -0.0348718 0.144224 -0.128361 -5.24666 93.63 
0.574382 0.839629 65185 1 0.127604 0.811538 33 1 634 -0.0662788 -0.0274901 0.147323 -0.0402169 -5.29346 93.7623 
0.581349 0.823438 65227 1 0.117188 0.8125 34 1 635 -0.0674174 -0.0259544 0.148443 -0.0273359 -5.31093 93.8067 
0.405594 0.636569 65305 1 0.126042 0.817308 35 1 637 -0.0689939 -0.0213416 0.147417 0.0071739 -5.3236 93.8476 
0.297898 0.339437 65345 1 0.141146 0.832692 36 1 638 -0.0696641 -0.0169881 0.152234 0.0493837 -5.40007 93.8149 
0.279899 0.208336 65425 1 0.121354 0.881731 37 1 640 -0.0733469 -0.0225237 0.15334 -0.0200755 -5.40852 93.7438 
0.237269 0.146064 65505 1 0.121354 0.888462 38 1 642 -0.0757737 -0.0217707 0.15737 -0.0169468 -5.45082 93.7589 
0.233015 0.150782 65545 1 0.121354 0.8875 39 1 643 -0.0770246 -0.0223859 0.16071 -0.0234333 -5.48883 93.7887 
0.233015 0.150782 65545 1 0.119271 0.882692 40 1 643 -0.0770246 -0.0223859 0.16071 -0.0234333 -5.48883 93.7887 
0.233015 0.150782 65545 1 0.0973958 0.926923 41 1 643 -0.0770246 -0.0223859 0.16071 -0.0234333 -5.48883 93.7887 
0.193777 0.167778 65746 1 0.0739583 0.953846 42 1 648 -0.0818254 -0.0247638 0.159428 0.000549407 -5.47552 93.6375 
0.184121 0.126191 65826 1 0.0625 0.974038 43 1 650 -0.0817699 -0.0280073 0.152582 -0.0333557 -5.40524 93.4413 
0.192463 0.0962473 65906 1 0.0640625 0.975 44 1 652 -0.0809043 -0.031606 0.147107 -0.063534 -5.3676 93.2079 
0.182659 0.0652278 65986 1 0.0645833 0.975962 45 1 654 -0.0835642 -0.0348353 0.138771 -0.10369 -5.29861 93.0806 
0.173508 0.0722685 66027 1 0.065625 0.985577 46 1 655 -0.085809 -0.0339494 0.138889 -0.104005 -5.30988 93.0662 
0.160775 0.0782347 66107 1 0.0682292 0.984615 47 1 657 -0.0939645 -0.0357904 0.138001 -0.138711 -5.30478 93.0354 
0.151639 0.0743628 66146 1 0.0682292 0.983654 48 1 658 -0.097835 -0.0360581 0.137774 -0.155662 -5.29702 93.0428 
0.155167 0.107298 66227 1 0.06875 0.980769 49 1 660 -0.10276 -0.0346239 0.141869 -0.158376 -5.33561 93.0917 
0.158886 0.102581 66308 1 0.0697917 0.979808 50 1 662 -0.103851 -0.0339421 0.141645 -0.156673 -5.33143 93.1277 
0.164697 0.119324 66348 1 0.0697917 0.979808 51 1 663 -0.104067 -0.0338984 0.143822 -0.151703 -5.35895 93.1405 
0.157069 0.114579 66428 1 0.0697917 0.979808 52 1 665 -0.104522 -0.0363544 0.142532 -0.170966 -5.34372 93.1735 
0.171653 0.114081 66508 1 0.0697917 0.979808 53 1 667 -0.102412 -0.0332322 0.142573 -0.14061 -5.35208 93.238 
0.170967 0.114806 66547 1 0.0697917 0.979808 54 1 668 -0.101784 -0.0357239 0.142751 -0.167026 -5.36046 93.2837 
0.171785 0.123051 66627 1 0.0697917 0.979808 55 1 670 -0.0986828 -0.0357373 0.141559 -0.174981 -5.37367 93.2699 
0.180088 0.10254 66709 1 0.0697917 0.979808 56 1 672 -0.0995827 -0.0325269 0.141292 -0.151448 -5.37088 93.2628 
0.179702 0.0860686 66789 1 0.0697917 0.979808 57 1 674 -0.101806 -0.0325621 0.141225 -0.153508 -5.3632 93.3049 
0.179572 0.093921 66828 1 0.0697917 0.979808 58 1 675 -0.10214 -0.0334835 0.14241 -0.161441 -5.37813 93.3565 
0.179843 0.099351 66908 1 0.0697917 0.979808 59 1 677 -0.102529 -0.0318068 0.141338 -0.153561 -5.36737 93.3286 
0.17784 0.0991841 66948 1 0.0697917 0.979808 60 1 678 -0.102784 -0.0325388 0.141647 -0.164109 -5.37252 93.3138 
0.169914 0.0917557 67030 1 0.0697917 0.979808 61 1 680 -0.103477 -0.03321 0.141519 -0.174387 -5.37085 93.3153 
0.16293 0.0960505 67109 1 0.0807292 0.975962 62 1 682 -0.103814 -0.033114 0.141148 -0.180218 -5.36948 93.3262 
0.164892 0.0828862 67189 1 0.405208 0.805769 63 1 684 -0.104763 -0.0334956 0.140818 -0.180647 -5.36862 93.4009 
0.171242 0.0911435 67229 1 0.979167 0.767308 64 1 685 -0.104534 -0.0321384 0.140653 -0.165083 -5.37162 93.3841 
0.165975 0.0951089 67308 1 1.22448 0.766346 65 1 687 -0.105455 -0.0340902 0.14033 -0.176733 -5.37561 93.4149 
0.164524 0.100751 67349 1 1.23385 0.766346 66 1 688 -0.107239 -0.0343229 0.141206 -0.174231 -5.38196 93.4246 
0.165578 0.107709 67429 1 1.23385 0.766346 67 1 690 -0.107826 -0.0314221 0.142543 -0.140906 -5.39633 93.4394 
0.158706 0.113345 67509 1 1.23385 0.766346 68 1 692 -0.108828 -0.0345411 0.143874 -0.174531 -5.40563 93.4377 
0.171686 0.116369 67590 1 1.23385 0.766346 69 1 694 -0.108422 -0.0318653 0.141784 -0.15975 -5.38591 93.4014 
0.170222 0.117948 67629 1 1.23438 0.766346 70 1 695 -0.10814 -0.0319336 0.142112 -0.162775 -5.39241 93.3756 
0.16367 0.107574 67709 1 1.32708 0.682692 71 1 697 -0.109424 -0.0322445 0.14152 -0.175877 -5.37765 93.3528 
0.154724 0.105338 67749 1 1.63177 0.525962 72 1 698 -0.109561 -0.033732 0.141616 -0.196573 -5.379 93.366 
0.152529 0.107432 67830 1 1.6599 0.521154 73 1 700 -0.10992 -0.0337208 0.141851 -0.19391 -5.37834 93.3448 
0.153062 0.126085 67911 1 1.67656 0.505769 74 1 702 -0.109433 -0.0330112 0.141522 -0.185528 -5.37726 93.3269 
0.131356 0.245318 67950 1 1.675 0.483654 75 1 703 -0.108543 -0.0330589 0.142307 -0.187523 -5.38588 93.3244 
-0.197551 1.56735 68031 1 1.66146 0.488462 76 0 705 -0.10849 -0.0324377 0.140375 -0.176814 -5.35496 93.4343 
-0.228373 0.917251 68070 1 1.6 0.558654 77 0 706 -0.10909 -0.0303786 0.137663 -0.157502 -5.32507 93.4454 
0.230006 0.337402 68150 1 1.55573 0.592308 78 1 708 -0.107696 -0.0332955 0.140151 -0.212071 -5.34594 93.3586 
0.180143 0.261684 68231 1 1.53229 0.594231 79 1 710 -0.106522 -0.0362672 0.139474 -0.247685 -5.33986 93.3619 
0.132437 0.269788 68311 1 1.51146 0.6 80 1 712 -0.105414 -0.0327459 0.141983 -0.208493 -5.36608 93.3001 
0.129958 0.219969 68391 1 1.49167 0.600962 81 1 714 -0.105965 -0.0344985 0.141934 -0.235011 -5.35409 93.3363 
0.128034 0.207304 68431 1 1.48385 0.601923 82 1 715 -0.106253 -0.0361564 0.140859 -0.247763 -5.34234 93.3645 
0.205582 0.183714 68511 1 1.4776 0.604808 83 1 717 -0.105785 -0.0337817 0.143676 -0.217621 -5.37192 93.3487 
0.398964 0.172531 68591 1 1.47604 0.607692 84 1 719 -0.107807 -0.0335609 0.145798 -0.212828 -5.4018 93.4046 
0.412376 0.168401 68631 1 1.47604 0.607692 85 1 720 -0.108282 -0.0315979 0.146924 -0.184412 -5.41561 93.4038 
0.417822 0.170812 68672 1 1.47604 0.607692 86 1 721 -0.10904 -0.0333263 0.148389 -0.19963 -5.42788 93.3901 
0.417822 0.170812 68672 1 1.47604 0.607692 87 1 721 -0.10904 -0.0333263 0.148389 -0.19963 -5.42788 93.3901 
0.197294 0.209064 68831 1 1.47604 0.611538 88 1 725 -0.110188 -0.0314505 0.146698 -0.164936 -5.42401 93.381 
0.145337 0.194144 68912 1 1.47604 0.615385 89 1 727 -0.109545 -0.0337176 0.145352 -0.184568 -5.40659 93.3622 
0.149295 0.175075 68992 1 1.47604 0.615385 90 1 729 -0.10875 -0.0337974 0.145405 -0.184597 -5.41069 93.3842 
0.153418 0.153898 69074 1 1.47604 0.615385 91 1 731 -0.107756 -0.0329735 0.142147 -0.172512 -5.38233 93.3639 
0.154296 0.154147 69153 1 1.47604 0.615385 92 1 733 -0.107601 -0.0325332 0.143112 -0.173049 -5.3975 93.382 
0.144545 0.156897 69194 1 1.47604 0.615385 93 1 734 -0.108918 -0.0345976 0.145433 -0.19824 -5.41659 93.4008 
0.442903 0.559015 69272 1 1.47604 0.615385 94 1 736 -0.110042 -0.0330272 0.144459 -0.181285 -5.40624 93.4416 
0.768985 1.07036 69355 1 1.47604 0.615385 95 1 738 -0.108693 -0.0353326 0.141309 -0.218557 -5.35653 93.4429 
0.774411 1.07373 69394 1 1.47604 0.615385 96 1 739 -0.107367 -0.0339432 0.142457 -0.209096 -5.36515 93.4222 
0.777746 1.07814 69473 1 1.47604 0.615385 97 1 741 -0.106989 -0.0332118 0.140415 -0.210226 -5.34447 93.4991 
0.777374 1.0944 69512 1 1.47604 0.615385 98 1 742 -0.106775 -0.0326231 0.141587 -0.20865 -5.35171 93.4818 
0.758291 1.10128 69593 1 1.47604 0.615385 99 1 744 -0.106859 -0.0338605 0.142196 -0.225117 -5.35701 93.5474 
0.773212 1.10744 69673 1 1.47604 0.615385 100 1 746 -0.106513 -0.0308728 0.141847 -0.18749 -5.3522 93.5325 
0.762551 1.10612 69713 1 1.47604 0.615385 101 1 747 -0.106993 -0.0324571 0.14135 -0.206129 -5.34406 93.5262 
0.761485 1.11436 69794 1 1.47604 0.615385 102 1 749 -0.106674 -0.0338341 0.141908 -0.2159 -5.33954 93.5212 
0.774488 1.12736 69873 1 1.47604 0.615385 103 1 751 -0.106436 -0.0306531 0.143263 -0.178535 -5.35395 93.5596 
0.768584 1.12259 69914 1 1.47604 0.615385 104 1 752 -0.106576 -0.0324564 0.143653 -0.197202 -5.35521 93.5556 
0.768184 1.11134 69994 1 1.47604 0.615385 105 1 754 -0.106317 -0.0335964 0.143049 -0.214392 -5.34325 93.5226 
0.76503 1.1032 70075 1 1.47604 0.615385 106 1 756 -0.106097 -0.0335439 0.142094 -0.21125 -5.32737 93.5368 
0.77702 1.12335 70155 1 1.47604 0.615385 107 1 758 -0.10484 -0.0317443 0.143795 -0.189839 -5.34255 93.5308 
0.780511 1.11271 70195 1 1.47604 0.615385 108 1 759 -0.105172 -0.0318135 0.142671 -0.181878 -5.32886 93.521 
0.76743 1.13323 70274 1 1.47604 0.615385 109 1 761 -0.105993 -0.0346831 0.144502 -0.19774 -5.34093 93.5122 
0.76016 1.14533 70354 1 1.47604 0.615385 110 1 763 -0.105975 -0.0346052 0.145136 -0.203353 -5.33755 93.5367 
0.754538 1.13974 70395 1 1.47604 0.615385 111 1 764 -0.10566 -0.0333461 0.144556 -0.193174 -5.32673 93.5473 
0.77456 1.13067 70475 1 1.47604 0.615385 112 1 766 -0.105291 -0.0330061 0.14438 -0.189529 -5.32287 93.5853 
0.769594 1.14484 70555 1 1.47604 0.615385 113 1 768 -0.104255 -0.0338731 0.14598 -0.206091 -5.34175 93.6233 
0.771297 1.1422 70596 1 1.47604 0.615385 114 1 769 -0.104965 -0.0354728 0.145354 -0.219291 -5.3342 93.6458 
0.77007 1.14962 70675 1 1.47604 0.615385 115 1 771 -0.104479 -0.0344125 0.14524 -0.200548 -5.33264 93.5772 
0.762381 1.14553 70755 1 1.47604 0.615385 116 1 773 -0.10449 -0.0372936 0.144997 -0.226815 -5.32664 93.5872 
0.758486 1.14225 70836 1 1.47604 0.615385 117 1 775 -0.104478 -0.0383998 0.144768 -0.235502 -5.31956 93.5893 
0.758713 1.14197 70876 1 1.47604 0.615385 118 1 776 -0.104425 -0.0377017 0.145064 -0.231298 -5.3238 93.6068 
0.760138 1.14605 70956 1 1.47604 0.615385 119 1 778 -0.103658 -0.0373743 0.144909 -0.238102 -5.32505 93.6078 
0.76715 1.14958 70996 1 1.47604 0.615385 120 1 779 -0.103448 -0.0358379 0.144744 -0.223963 -5.32093 93.5868 
0.769554 1.14216 71076 1 1.47604 0.615385 121 1 781 -0.103586 -0.0340501 0.144092 -0.211564 -5.30853 93.5883 
0.760277 1.13087 71156 1 1.47604 0.615385 122 1 783 -0.103953 -0.0357118 0.143646 -0.23545 -5.29732 93.6075 
0.772159 1.13433 71196 1 1.47604 0.615385 123 1 784 -0.103334 -0.0331594 0.144222 -0.205876 -5.30093 93.5982 
0.792252 0.695986 71279 1 1.47604 0.615385 124 1 786 -0.103982 -0.034896 0.141636 -0.220889 -5.26584 93.5842 
0.774509 0.38743 71357 1 1.47604 0.615385 125 1 788 -0.102032 -0.0373492 0.147447 -0.24875 -5.33726 93.5049 
0.799223 0.0906206 71436 1 1.47604 0.615385 126 1 790 -0.104427 -0.0355739 0.148745 -0.224928 -5.35604 93.4832 
0.806632 0.0859866 71476 1 1.47604 0.615385 127 1 791 -0.105126 -0.0347042 0.149401 -0.21728 -5.36439 93.4986 
0.813157 0.0668489 71557 1 1.47604 0.615385 128 1 793 -0.106836 -0.0329702 0.14849 -0.201412 -5.36038 93.5334 
0.803767 0.045025 71637 1 1.47604 0.615385 129 1 795 -0.107333 -0.0353334 0.148134 -0.230543 -5.36114 93.5172 
0.811859 0.0423686 71677 1 1.47604 0.615385 130 1 796 -0.1079 -0.0337922 0.148195 -0.214389 -5.36047 93.4979 
0.825031 0.0302687 71757 1 1.47604 0.615385 131 1 798 -0.108826 -0.0347026 0.150267 -0.225025 -5.37726 93.5328 
0.838607 0.0230087 71798 1 1.47604 0.615385 132 1 799 -0.108991 -0.0323501 0.150965 -0.199513 -5.38727 93.5458 
0.838607 0.0230087 71798 1 1.47604 0.615385 133 1 799 -0.108991 -0.0323501 0.150965 -0.199513 -5.38727 93.5458 
0.839059 0.0257085 71958 1 1.47604 0.615385 134 1 803 -0.10844 -0.033766 0.149618 -0.224146 -5.37229 93.5197 
0.843569 0.0203189 72038 1 1.47604 0.615385 135 1 805 -0.109428 -0.0341865 0.148373 -0.234681 -5.35559 93.5068 
0.846288 0.0244165 72078 1 1.47604 0.615385 136 1 806 -0.109225 -0.0375164 0.148382 -0.276395 -5.35429 93.4966 
0.847912 0.0269232 72160 1 1.48854 0.615385 137 1 808 -0.108313 -0.035186 0.149637 -0.265729 -5.37174 93.5108 
0.846648 0.0295314 72198 1 1.50625 0.616346 138 1 809 -0.108078 -0.0343909 0.149317 -0.259181 -5.3739 93.5048 
0.849407 0.0426232 72278 1 1.5224 0.616346 139 1 811 -0.107072 -0.0333624 0.149405 -0.255777 -5.38505 93.4761 
0.845008 0.0305963 72358 1 1.52656 0.616346 140 1 813 -0.109669 -0.0345882 0.149874 -0.266558 -5.38319 93.4861 
0.840937 0.0217996 72399 1 1.52656 0.616346 141 1 814 -0.110699 -0.0346623 0.150043 -0.26889 -5.3829 93.5078 
0.839695 0.0149182 72479 1 1.52656 0.616346 142 1 816 -0.109787 -0.0340139 0.150396 -0.265436 -5.38253 93.4825 
0.84511 0.0322688 72559 1 1.52656 0.616346 143 1 818 -0.109442 -0.0342093 0.150794 -0.263919 -5.3935 93.4802 
0.840447 0.0178997 72599 1 1.52656 0.616346 144 1 819 -0.109602 -0.033518 0.149013 -0.257855 -5.37562 93.4685 
0.839909 0.0296837 72679 1 1.52656 0.616346 145 1 821 -0.11027 -0.0352436 0.149628 -0.272116 -5.38512 93.4741 
0.835543 0.0384637 72759 1 1.52656 0.616346 146 1 823 -0.110027 -0.0363693 0.14966 -0.281396 -5.38463 93.4221 
0.840601 0.0425999 72800 1 1.52656 0.616346 147 1 824 -0.1101 -0.0360649 0.149962 -0.278068 -5.39043 93.4356 
0.836861 0.0509399 72879 1 1.52656 0.616346 148 1 826 -0.11029 -0.0383486 0.149599 -0.29307 -5.39236 93.4145 
0.846781 0.0638576 72959 1 1.52656 0.616346 149 1 828 -0.110485 -0.0358958 0.150541 -0.262604 -5.40859 93.4113 
0.841587 0.060045 73040 1 1.52656 0.616346 150 1 830 -0.11266 -0.0389133 0.150555 -0.287285 -5.40114 93.4054 
0.847098 0.0566431 73120 1 1.52656 0.616346 151 1 832 -0.112379 -0.0393072 0.150596 -0.284362 -5.40182 93.4286 
0.847836 0.0548348 73160 1 1.52656 0.616346 152 1 833 -0.11279 -0.0402446 0.149421 -0.291237 -5.38647 93.4601 
0.44163 0.619952 73240 1 1.52656 0.616346 153 1 835 -0.115231 -0.0368252 0.148429 -0.241052 -5.38554 93.5196 
0.228189 1.05691 73280 1 1.52656 0.616346 154 1 836 -0.113686 -0.0389851 0.147886 -0.257954 -5.37399 93.5407 
0.237328 1.06251 73360 1 1.52656 0.616346 155 1 838 -0.112311 -0.0373495 0.147596 -0.229472 -5.36807 93.58 
0.21648 1.11775 73440 1 1.52656 0.616346 156 1 840 -0.111789 -0.0396515 0.145383 -0.246117 -5.33787 93.5753 
0.222153 1.11734 73481 1 1.52656 0.616346 157 1 841 -0.11036 -0.0381696 0.144526 -0.23136 -5.32347 93.5263 
0.226981 1.11611 73561 1 1.52656 0.616346 158 1 843 -0.109747 -0.0372039 0.144578 -0.224431 -5.31944 93.5874 
0.223506 1.13473 73640 1 1.52656 0.616346 159 1 845 -0.108185 -0.0389614 0.14598 -0.247888 -5.33271 93.5276 
0.223638 1.14418 73681 1 1.52656 0.616346 160 1 846 -0.107958 -0.0386132 0.146254 -0.242175 -5.33108 93.5281 
0.208451 1.13179 73761 1 1.52656 0.616346 161 1 848 -0.108084 -0.0400573 0.14371 -0.260151 -5.29215 93.5336 
0.220088 1.14805 73841 1 1.52656 0.616346 162 1 850 -0.106755 -0.0367439 0.145991 -0.232977 -5.30824 93.5278 
0.216073 1.15457 73883 1 1.52656 0.616346 163 1 851 -0.106172 -0.036625 0.14648 -0.243858 -5.30802 93.5399 
0.242645 1.14276 73962 1 1.52656 0.616346 164 1 853 -0.105318 -0.0314476 0.146674 -0.20553 -5.30363 93.5463 
0.230906 1.14541 74041 1 1.52656 0.616346 165 1 855 -0.105885 -0.0335241 0.147908 -0.235647 -5.30368 93.524 
0.234484 1.16486 74081 1 1.52656 0.616346 166 1 856 -0.10489 -0.0341312 0.149262 -0.238798 -5.31721 93.4992 
0.239292 1.15631 74162 1 1.52656 0.616346 167 1 858 -0.104369 -0.0327491 0.148368 -0.222593 -5.30376 93.4764 
0.250165 1.13599 74242 1 1.52656 0.616346 168 1 860 -0.102643 -0.0329497 0.146289 -0.219685 -5.28738 93.5263 
0.242867 1.13283 74282 1 1.52656 0.616346 169 1 861 -0.102235 -0.0325998 0.145392 -0.210192 -5.28071 93.537 
0.22968 1.13043 74363 1 1.52656 0.616346 170 1 863 -0.101745 -0.0356516 0.144814 -0.23405 -5.28411 93.5431 
0.221301 1.15645 74442 1 1.52656 0.616346 171 1 865 -0.102627 -0.0362443 0.146194 -0.236927 -5.2954 93.5365 
0.242668 1.15447 74482 1 1.52656 0.616346 172 1 866 -0.102836 -0.0334172 0.146985 -0.204166 -5.30131 93.5437 
0.234872 1.12047 74563 1 1.52656 0.616346 173 1 868 -0.103797 -0.0336145 0.147554 -0.206576 -5.30217 93.5337 
0.239442 1.1268 74643 1 1.52656 0.616346 174 1 870 -0.104018 -0.0325702 0.147949 -0.195563 -5.3055 93.5235 
0.229764 1.14003 74683 1 1.52656 0.616346 175 1 871 -0.104623 -0.0351778 0.148546 -0.220488 -5.30636 93.5214 
0.232706 1.15043 74763 1 1.52656 0.616346 176 1 873 -0.104734 -0.0332897 0.148725 -0.194818 -5.30831 93.5157 
0.22104 1.15289 74843 1 1.52656 0.616346 177 1 875 -0.104318 -0.033983 0.147267 -0.196436 -5.29682 93.4859 
0.424657 2.86762 74923 1 1.52656 0.616346 178 0 877 -0.104346 -0.0353105 0.143746 -0.208308 -5.25989 93.5148 
0.424657 2.86762 74923 1 1.52656 0.616346 179 0 877 -0.104346 -0.0353105 0.143746 -0.208308 -5.25989 93.5148 
0.424657 2.86762 74923 1 1.52656 0.616346 180 0 877 -0.104346 -0.0353105 0.143746 -0.208308 -5.25989 93.5148 
0.124265 0.954593 75085 1 1.52656 0.616346 181 1 881 -0.0984949 -0.0357313 0.143502 -0.230452 -5.28392 93.4814 
0.141325 0.832692 75163 1 1.52656 0.616346 182 1 883 -0.100077 -0.0365082 0.144345 -0.242817 -5.29172 93.4494 
0.481165 0.855691 75245 1 1.52656 0.616346 183 1 885 -0.102029 -0.0361104 0.145171 -0.23131 -5.30456 93.4634 
0.486879 0.811384 75284 1 1.52656 0.616346 184 1 886 -0.1035 -0.0355117 0.145103 -0.225755 -5.29785 93.4809 
0.499518 0.783477 75364 1 1.52656 0.616346 185 1 888 -0.10467 -0.0357013 0.146069 -0.221962 -5.30247 93.4671 
0.504181 0.780466 75445 1 1.52656 0.616346 186 1 890 -0.104984 -0.0352497 0.146464 -0.210838 -5.30632 93.4429 
0.517551 0.786813 75485 1 1.52656 0.616346 187 1 891 -0.104745 -0.0358517 0.146032 -0.21722 -5.30134 93.4391 
0.512634 0.769986 75564 1 1.52656 0.616346 188 1 893 -0.107276 -0.037354 0.144679 -0.226127 -5.27145 93.4452 
0.513772 0.777681 75645 1 1.52656 0.616346 189 1 895 -0.106954 -0.0347917 0.148704 -0.208789 -5.3056 93.4993 
0.51261 0.780208 75685 1 1.52656 0.616346 190 1 896 -0.106554 -0.0360221 0.148578 -0.215982 -5.30649 93.4953 
0.516486 0.772046 75765 1 1.52656 0.616346 191 1 898 -0.104843 -0.0370684 0.146639 -0.215487 -5.29865 93.4553 
0.514353 0.75225 75846 1 1.52656 0.616346 192 1 900 -0.104811 -0.0372139 0.14553 -0.209482 -5.28658 93.4635 
0.497778 0.762419 75885 1 1.52656 0.616346 193 1 901 -0.104739 -0.0378223 0.145919 -0.212964 -5.28659 93.4491 
0.502902 0.764063 75966 1 1.52656 0.616346 194 1 903 -0.103648 -0.0378039 0.147133 -0.208097 -5.29876 93.4024 
0.499158 0.756337 76046 1 1.52656 0.616346 195 1 905 -0.10346 -0.0401378 0.145769 -0.229615 -5.27746 93.3414 
0.493794 0.771071 76086 1 1.52656 0.616346 196 1 906 -0.103941 -0.0393561 0.149353 -0.22737 -5.30534 93.3208 
0.479264 0.805807 76166 1 1.52656 0.616346 197 1 908 -0.104495 -0.038975 0.151191 -0.23697 -5.31175 93.3289 
1.32034 3.88661 76245 1 1.52656 0.616346 198 0 910 -0.104228 -0.0389217 0.149497 -0.225378 -5.28954 93.3453 
2.84864 4.13942 76286 1 1.52656 0.616346 199 0 911 -0.1026 -0.0487708 0.146533 -0.335112 -5.25011 93.2951 
0.474501 1.18681 76366 1 1.52656 0.616346 200 1 913 -0.0988781 -0.0409508 0.150232 -0.229855 -5.28476 93.3646 
0.472646 0.953565 76447 1 1.52656 0.616346 201 1 915 -0.0964121 -0.0422415 0.14889 -0.223897 -5.27746 93.3753 
0.482668 0.915074 76487 1 1.52656 0.616346 202 1 916 -0.0950838 -0.0418018 0.147108 -0.213201 -5.26254 93.3836 
0.484456 0.879691 76567 1 1.52656 0.616346 203 1 918 -0.0938357 -0.042545 0.147495 -0.219836 -5.26513 93.3669 
0.501291 0.837351 76647 1 1.52656 0.616346 204 1 920 -0.0921169 -0.0401799 0.14736 -0.204818 -5.26522 93.3699 
0.504783 0.833251 76686 1 1.52656 0.616346 205 1 921 -0.0920603 -0.039651 0.14862 -0.203945 -5.27558 93.3723 
0.502717 0.80492 76767 1 1.52656 0.616346 206 1 923 -0.0929077 -0.0413237 0.147125 -0.220374 -5.25498 93.3695 
0.506903 0.784804 76847 1 1.52656 0.616346 207 1 925 -0.091293 -0.0394051 0.14778 -0.203501 -5.25897 93.3465 
0.502705 0.786144 76887 1 1.52656 0.616346 208 1 926 -0.0916345 -0.0398455 0.147639 -0.204082 -5.25308 93.3321 
0.500124 0.783809 76968 1 1.52656 0.616346 209 1 928 -0.0918101 -0.0415926 0.149053 -0.202158 -5.26445 93.3583 
0.500892 0.771892 77047 1 1.52656 0.616346 210 1 930 -0.0919942 -0.0405491 0.148844 -0.190574 -5.25838 93.4306 
0.491299 0.659561 77127 1 1.52656 0.616346 211 1 932 -0.0913032 -0.0406409 0.1228 -0.212928 -4.93579 92.8652 
0.497163 0.624577 77208 1 1.52656 0.616346 212 1 934 -0.0875913 -0.0439732 0.119976 -0.231893 -4.91012 92.8259 
0.515104 0.531314 77288 1 1.52656 0.616346 213 1 936 -0.0838856 -0.0412093 0.119586 -0.206279 -4.90966 92.7953 
0.513814 0.370452 77328 1 1.52656 0.616346 214 1 937 -0.0833502 -0.0412102 0.119204 -0.215305 -4.90459 92.7975 
0.510467 0.345688 77408 1 1.52656 0.616346 215 1 939 -0.0831126 -0.0432093 0.117415 -0.239959 -4.87554 92.7577 
0.473986 0.23839 77488 1 1.52656 0.616346 216 1 941 -0.0824308 -0.0426577 0.117932 -0.236641 -4.8789 92.6761 
0.453149 0.228291 77569 1 1.52656 0.616346 217 1 943 -0.0836521 -0.0454405 0.11816 -0.259651 -4.86826 92.6643 
0.356922 0.227698 77609 1 1.52656 0.616346 218 1 944 -0.0824175 -0.0452666 0.117572 -0.257605 -4.86497 92.6807 
0.198542 0.219913 77690 1 1.52656 0.616346 219 1 946 -0.0815469 -0.0462988 0.117106 -0.263862 -4.86066 92.672 
0.204082 0.201728 77768 1 1.52656 0.616346 220 1 948 -0.0803935 -0.0464595 0.116641 -0.264754 -4.85995 92.6478 
0.201763 0.200862 77808 1 1.52656 0.616346 221 1 949 -0.0806532 -0.0472445 0.116744 -0.268211 -4.86798 92.662 
0.216031 0.208385 77889 1 1.52656 0.616346 222 1 951 -0.082107 -0.0476681 0.118451 -0.267316 -4.88299 92.6504 
0.210895 0.209556 77969 1 1.52656 0.616346 223 1 953 -0.0827201 -0.048633 0.118036 -0.265706 -4.88128 92.6294 
0.209257 0.20959 78009 1 1.52656 0.616346 224 1 954 -0.0833306 -0.0495796 0.117778 -0.272102 -4.87578 92.6443 
0.198754 0.245122 78050 1 1.52656 0.616346 225 1 955 -0.0839566 -0.0494563 0.118679 -0.265878 -4.88043 92.6129 
0.198754 0.245122 78050 1 1.52656 0.616346 226 1 955 -0.0839566 -0.0494563 0.118679 -0.265878 -4.88043 92.6129 
0.192601 0.27801 78209 1 1.52656 0.616346 227 1 959 -0.0840352 -0.0508322 0.117016 -0.27452 -4.86506 92.5817 
0.194383 0.275355 78290 1 1.52656 0.616346 228 1 961 -0.084022 -0.0500927 0.116915 -0.273967 -4.86552 92.6115 
0.186048 0.303503 78370 1 1.52656 0.616346 229 1 963 -0.084454 -0.0507433 0.117385 -0.281979 -4.8715 92.6116 
0.181742 0.306087 78411 1 1.52656 0.616346 230 1 964 -0.0851187 -0.0510278 0.117676 -0.283851 -4.87409 92.5916 
0.189316 0.355609 78490 1 1.52656 0.616346 231 1 966 -0.0849475 -0.0515647 0.116829 -0.286816 -4.86999 92.5747 
0.18905 0.371216 78570 1 1.52656 0.616346 232 1 968 -0.0867309 -0.0514981 0.118288 -0.283354 -4.88088 92.608 
0.179372 0.372518 78650 1 1.52656 0.616346 233 1 970 -0.0875119 -0.0530012 0.118759 -0.300251 -4.88557 92.6191 
0.187858 0.385585 78690 1 1.52656 0.616346 234 1 971 -0.0875895 -0.0530894 0.119313 -0.30419 -4.89098 92.6094 
0.556708 0.277929 78771 1 1.52656 0.616346 235 1 973 -0.0872122 -0.0507126 0.118366 -0.290476 -4.88269 92.5844 
0.553083 0.283116 78811 1 1.52656 0.616346 236 1 974 -0.0867192 -0.0504277 0.118259 -0.292725 -4.88391 92.5711 
0.552896 0.278394 78891 1 1.52656 0.616346 237 1 976 -0.0867743 -0.0503509 0.118301 -0.293372 -4.88347 92.5738 
0.664564 0.249261 78971 1 1.52656 0.616346 238 1 978 -0.0875907 -0.0491839 0.118606 -0.283196 -4.88101 92.5506 
0.664105 0.239516 79051 1 1.52656 0.616346 239 1 980 -0.0887331 -0.0505467 0.119963 -0.297157 -4.8928 92.5346 
0.667344 0.232119 79091 1 1.52656 0.616346 240 1 981 -0.0892853 -0.0512073 0.1186 -0.300752 -4.87738 92.5403 
0.735861 0.243257 79172 1 1.52656 0.616346 241 1 983 -0.0885435 -0.0498499 0.119342 -0.287761 -4.88857 92.5222 
0.746937 0.227459 79251 1 1.52656 0.616346 242 1 985 -0.0890619 -0.0507633 0.119905 -0.30141 -4.89037 92.5388 
0.752016 0.223148 79291 1 1.52656 0.616346 243 1 986 -0.0885254 -0.0495188 0.120493 -0.29282 -4.89985 92.5507 
0.759813 0.216249 79372 1 1.52656 0.616346 244 1 988 -0.0880117 -0.0476742 0.120294 -0.284697 -4.89628 92.5574 
0.752962 0.216091 79452 1 1.52656 0.616346 245 1 990 -0.0876393 -0.0486595 0.120368 -0.29449 -4.8966 92.5369 
0.533074 0.280389 79533 1 1.52656 0.616346 246 1 992 -0.0868332 -0.0477649 0.1196 -0.284648 -4.88769 92.5765 
0.525326 0.282479 79574 1 1.52656 0.616346 247 1 993 -0.0869347 -0.0485272 0.11985 -0.295437 -4.88812 92.5798 
0.528858 0.287541 79652 1 1.52656 0.616346 248 1 995 -0.0860591 -0.0472851 0.119296 -0.285733 -4.8822 92.6088 
0.546491 0.463853 79732 1 1.52656 0.616346 249 1 997 -0.0853491 -0.0470339 0.119345 -0.283218 -4.88207 92.6264 
0.550506 0.46962 79772 1 1.52656 0.616346 250 1 998 -0.0849612 -0.0459883 0.119464 -0.275717 -4.88119 92.6399 
0.545741 0.477343 79853 1 1.52656 0.616346 251 1 1000 -0.0843144 -0.0477513 0.120003 -0.290032 -4.88429 92.6918 
0.548339 0.475568 79934 1 1.52656 0.616346 252 1 1002 -0.0841267 -0.0469507 0.119579 -0.280089 -4.88175 92.7183 
0.547915 0.482104 79973 1 1.52656 0.616346 253 1 1003 -0.0837188 -0.0462062 0.119663 -0.270826 -4.88369 92.6962 
0.549003 0.48195 80053 1 1.52656 0.616346 254 1 1005 -0.0836084 -0.0461986 0.119081 -0.270641 -4.88226 92.689 
0.517175 0.613052 80133 1 1.52656 0.616346 255 1 1007 -0.0831246 -0.0476011 0.117741 -0.281348 -4.86571 92.6776 
0.513643 0.61601 80173 1 1.52656 0.616346 256 1 1008 -0.0829548 -0.0461346 0.117797 -0.269178 -4.8685 92.6798 
0.514229 0.618799 80254 1 1.52656 0.616346 257 1 1010 -0.0831048 -0.0465126 0.118286 -0.279038 -4.87475 92.7297 
0.534667 0.299707 80335 1 1.52656 0.616346 258 1 1012 -0.0821143 -0.0453626 0.117089 -0.270574 -4.87057 92.644 
0.523085 0.229186 80414 1 1.52656 0.616346 259 1 1014 -0.0815049 -0.0430964 0.116994 -0.2561 -4.87124 92.6252 
0.515415 0.197053 80453 1 1.52656 0.616346 260 1 1015 -0.0828278 -0.0446207 0.119616 -0.273408 -4.89469 92.625 
0.50728 0.192775 80534 1 1.52656 0.616346 261 1 1017 -0.0834201 -0.0440755 0.119593 -0.272999 -4.89097 92.6349 
0.432125 0.159072 80614 1 1.52656 0.616346 262 1 1019 -0.0845139 -0.0455104 0.119954 -0.280111 -4.89959 92.646 
0.430803 0.153611 80654 1 1.52656 0.616346 263 1 1020 -0.0844672 -0.0456187 0.118304 -0.277709 -4.88606 92.6405 
0.422571 0.165048 80734 1 1.52656 0.616346 264 1 1022 -0.0853192 -0.0467776 0.120104 -0.287136 -4.90451 92.6126 
0.22037 0.186516 80814 1 1.52656 0.616346 265 1 1024 -0.0864194 -0.0470252 0.118771 -0.284252 -4.88536 92.6127 
0.217347 0.17155 80854 1 1.52656 0.616346 266 1 1025 -0.0862412 -0.0464232 0.118119 -0.280931 -4.87769 92.6222 
0.221677 0.166544 80935 1 1.52656 0.616346 267 1 1027 -0.0856985 -0.0452189 0.117957 -0.269333 -4.87599 92.6117 
0.23136 0.18246 81015 1 1.52656 0.616346 268 1 1029 -0.0854547 -0.0465674 0.118487 -0.284844 -4.88463 92.5763 
0.231685 0.180501 81055 1 1.52656 0.616346 269 1 1030 -0.0866394 -0.0467584 0.118288 -0.283068 -4.88049 92.5944 
0.219978 0.18075 81135 1 1.52656 0.616346 270 1 1032 -0.0868856 -0.0481459 0.119298 -0.287225 -4.88915 92.6126 
0.220381 0.173152 81175 1 1.52656 0.616346 271 1 1033 -0.0870744 -0.0478823 0.119873 -0.276993 -4.89623 92.6115 
0.220381 0.173152 81175 1 1.52656 0.616346 272 1 1033 -0.0870744 -0.0478823 0.119873 -0.276993 -4.89623 92.6115 
0.194064 0.183487 81336 1 1.52656 0.616346 273 1 1037 -0.0886127 -0.0513827 0.121211 -0.296111 -4.9091 92.604 
0.192172 0.194781 81417 1 1.52656 0.616346 274 1 1039 -0.0894599 -0.0501411 0.121654 -0.286994 -4.91047 92.5482 
0.190575 0.192499 81455 1 1.52656 0.616346 275 1 1040 -0.0893189 -0.0511536 0.121318 -0.29392 -4.90877 92.5488 
0.191075 0.186398 81535 1 1.52656 0.616346 276 1 1042 -0.0888359 -0.0516426 0.120047 -0.303318 -4.89819 92.5521 
0.195392 0.185405 81616 1 1.52656 0.616346 277 1 1044 -0.0888638 -0.0500404 0.120055 -0.293021 -4.89963 92.5708 
0.193365 0.183077 81656 1 1.52656 0.616346 278 1 1045 -0.0890869 -0.0501675 0.119555 -0.293966 -4.89598 92.5505 
0.210654 0.178838 81736 1 1.52656 0.616346 279 1 1047 -0.0886236 -0.0501769 0.117701 -0.290801 -4.88008 92.5386 
0.211235 0.196722 81817 1 1.52656 0.616346 280 1 1049 -0.0891179 -0.0492766 0.119763 -0.283742 -4.90224 92.5457 
0.514909 0.246033 81896 1 1.52656 0.616346 281 1 1051 -0.0900686 -0.0502709 0.121148 -0.294509 -4.91359 92.5868 
0.521797 0.241604 81936 1 1.52656 0.616346 282 1 1052 -0.09112 -0.0511211 0.120982 -0.304925 -4.91193 92.6195 
0.537549 0.233934 82017 1 1.52656 0.616346 283 1 1054 -0.090008 -0.0496242 0.120142 -0.300417 -4.91511 92.6261 
0.539206 0.229711 82097 1 1.52656 0.616346 284 1 1056 -0.0904876 -0.0499003 0.119138 -0.306137 -4.90879 92.6214 
0.538154 0.233771 82137 1 1.52656 0.616346 285 1 1057 -0.0904775 -0.0477059 0.119952 -0.288057 -4.91604 92.5944 
0.44342 0.210996 82217 1 1.52656 0.616346 286 1 1059 -0.090536 -0.0493385 0.120211 -0.30028 -4.91584 92.5722 
0.425924 0.203119 82299 1 1.52656 0.616346 287 1 1061 -0.0901057 -0.0488945 0.120414 -0.308658 -4.9184 92.6133 
0.427548 0.192093 82378 1 1.52656 0.616346 288 1 1063 -0.0890093 -0.047289 0.118912 -0.301199 -4.90601 92.5992 
0.428101 0.190887 82417 1 1.52656 0.616346 289 1 1064 -0.0880912 -0.0469605 0.118255 -0.302475 -4.90428 92.5987 
0.399557 0.197391 82498 1 1.52656 0.616346 290 1 1066 -0.0881933 -0.0471525 0.119054 -0.310739 -4.9174 92.6075 
0.396557 0.201274 82579 1 1.52656 0.616346 291 1 1068 -0.0886559 -0.0470687 0.119942 -0.308999 -4.92908 92.6546 
0.399288 0.196995 82617 1 1.52656 0.616346 292 1 1069 -0.0885093 -0.0464135 0.120163 -0.298732 -4.92835 92.6454 
0.390585 0.203476 82698 1 1.52656 0.616346 293 1 1071 -0.0889643 -0.0469028 0.121983 -0.303106 -4.94499 92.6536 
0.387611 0.194459 82779 1 1.52656 0.616346 294 1 1073 -0.0889009 -0.0467329 0.120927 -0.294096 -4.9304 92.647 
0.386061 0.198591 82818 1 1.52656 0.616346 295 1 1074 -0.0890331 -0.0468883 0.120968 -0.295645 -4.92866 92.6613 
0.386143 0.200046 82899 1 1.52656 0.616346 296 1 1076 -0.0879614 -0.0451629 0.121846 -0.283398 -4.93916 92.6527 
0.385556 0.193914 82979 1 1.52656 0.616346 297 1 1078 -0.0879864 -0.0456227 0.120375 -0.293941 -4.92083 92.6508 
0.395758 0.208199 83018 1 1.52656 0.616346 298 1 1079 -0.0852955 -0.040471 0.121561 -0.250667 -4.94293 92.6426 
0.399176 0.185674 83099 1 1.52656 0.616346 299 1 1081 -0.0851095 -0.0436619 0.11944 -0.289312 -4.92205 92.6807 
0.456449 0.172822 83179 1 1.52656 0.616346 300 1 1083 -0.0841073 -0.0422157 0.116642 -0.279578 -4.90381 92.6836 
0.502689 0.197206 83219 1 1.52656 0.616346 301 1 1084 -0.0849646 -0.043301 0.119135 -0.292507 -4.93031 92.6422 
0.502717 0.189389 83300 1 1.52656 0.616346 302 1 1086 -0.0860603 -0.0424901 0.11883 -0.280734 -4.9244 92.6432 
0.500148 0.200714 83379 1 1.52656 0.616346 303 1 1088 -0.0872461 -0.04389 0.120556 -0.283743 -4.94072 92.6346 
0.505225 0.200414 83419 1 1.52656 0.616346 304 1 1089 -0.0870702 -0.0446241 0.119956 -0.288949 -4.93592 92.63 
0.504177 0.204799 83499 1 1.52656 0.616346 305 1 1091 -0.0863221 -0.0430837 0.120126 -0.280516 -4.94069 92.6007 
0.487169 0.197629 83580 1 1.52656 0.616346 306 1 1093 -0.086885 -0.0420031 0.120617 -0.281406 -4.94516 92.6294 
0.490876 0.191381 83620 1 1.52656 0.616346 307 1 1094 -0.0866769 -0.0402822 0.119795 -0.269317 -4.93527 92.6045 
0.685118 0.249764 83700 1 1.52656 0.616346 308 1 1096 -0.0869806 -0.041245 0.118477 -0.281903 -4.92344 92.5852 
0.692939 0.240373 83781 1 1.52656 0.616346 309 1 1098 -0.0870652 -0.0433259 0.11779 -0.301287 -4.91939 92.5684 
0.69471 0.233794 83820 1 1.52656 0.616346 310 1 1099 -0.0866862 -0.0418938 0.118214 -0.28428 -4.92536 92.5703 
0.76851 0.241148 83900 1 1.52656 0.616346 311 1 1101 -0.0874544 -0.043452 0.118916 -0.292134 -4.93511 92.5756 
0.790633 0.226343 83982 1 1.52656 0.616346 312 1 1103 -0.0872077 -0.042468 0.119356 -0.283641 -4.94354 92.522 
0.790978 0.222581 84021 1 1.52656 0.616346 313 1 1104 -0.0865353 -0.0393963 0.119791 -0.259714 -4.95231 92.5943 
0.792682 0.206808 84100 1 1.52656 0.616346 314 1 1106 -0.0878542 -0.0398274 0.120483 -0.275 -4.94749 92.5661 
0.851848 0.226837 84140 1 1.52656 0.616346 315 1 1107 -0.0873024 -0.0393316 0.120981 -0.27689 -4.95034 92.5707 
0.900188 0.199695 84221 1 1.52656 0.616346 316 1 1109 -0.0876114 -0.0380728 0.121031 -0.269002 -4.94415 92.601 
0.900626 0.190392 84301 1 1.52656 0.616346 317 1 1111 -0.0876402 -0.0376561 0.121514 -0.259868 -4.9448 92.6007 
0.900626 0.190392 84301 1 1.52656 0.616346 318 1 1111 -0.0876402 -0.0376561 0.121514 -0.259868 -4.9448 92.6007 
0.868862 0.314364 84461 1 1.52656 0.616346 319 1 1115 -0.0892172 -0.0430318 0.122563 -0.293534 -4.93815 92.5489 
0.865927 0.324248 84501 1 1.52656 0.616346 320 1 1116 -0.0882921 -0.0409437 0.120954 -0.275781 -4.91554 92.5463 
0.714616 0.345791 84581 1 1.52656 0.616346 321 1 1118 -0.0870022 -0.0387949 0.121427 -0.269442 -4.9142 92.6225 
0.599523 0.384149 84662 1 1.52656 0.616346 322 1 1120 -0.0864485 -0.0395502 0.119597 -0.269666 -4.89429 92.5962 
0.601695 0.382931 84702 1 1.52656 0.616346 323 1 1121 -0.0854446 -0.038888 0.118922 -0.252728 -4.89162 92.5957 
0.596789 0.383312 84782 1 1.52656 0.616346 324 1 1123 -0.0855737 -0.0406226 0.117932 -0.25347 -4.87941 92.5899 
0.586676 0.386932 84865 1 1.52656 0.616346 325 1 1125 -0.08536 -0.0414907 0.118483 -0.252552 -4.87743 92.5893 
0.602194 0.389823 84902 1 1.52656 0.616346 326 1 1126 -0.0851688 -0.0418777 0.118605 -0.254299 -4.87323 92.5751 
0.614664 0.397418 84982 1 1.52656 0.616346 327 1 1128 -0.0835665 -0.0391992 0.119068 -0.237192 -4.87957 92.6027 
0.59931 0.3713 85063 1 1.52656 0.616346 328 1 1130 -0.0840975 -0.0387986 0.119012 -0.246334 -4.87164 92.628 
0.563835 0.337649 85103 1 1.52656 0.616346 329 1 1131 -0.0834977 -0.0372434 0.118542 -0.235901 -4.86515 92.6186 
0.558582 0.325788 85183 1 1.52656 0.616346 330 1 1133 -0.0830924 -0.0381026 0.117768 -0.238805 -4.86096 92.5946 
0.558022 0.317522 85263 1 1.52656 0.616346 331 1 1135 -0.0830729 -0.0384673 0.117254 -0.242206 -4.85674 92.6406 
0.634889 0.323714 85303 1 1.52656 0.616346 332 1 1136 -0.082949 -0.0381561 0.117514 -0.235424 -4.86146 92.6468 
0.657655 0.307164 85383 1 1.52656 0.616346 333 1 1138 -0.0817574 -0.0384014 0.116765 -0.236477 -4.86073 92.6406 
0.662955 0.309713 85464 1 1.52656 0.616346 334 1 1140 -0.0816068 -0.0379134 0.117657 -0.233763 -4.87332 92.6169 
0.804738 0.334087 85504 1 1.52656 0.616346 335 1 1141 -0.0819893 -0.0388215 0.118256 -0.244676 -4.87646 92.6464 
0.848352 0.323269 85583 1 1.52656 0.616346 336 1 1143 -0.082775 -0.0391422 0.119004 -0.246617 -4.88112 92.6607 
0.855636 0.3105 85663 1 1.52656 0.616346 337 1 1145 -0.081997 -0.0385145 0.118913 -0.241271 -4.88112 92.6637 
0.862757 0.300791 85704 1 1.52656 0.616346 338 1 1146 -0.0820705 -0.0383087 0.118839 -0.240672 -4.88259 92.6808 
0.860155 0.303862 85784 1 1.52656 0.616346 339 1 1148 -0.0825144 -0.0373071 0.120083 -0.236263 -4.89174 92.6682 
0.863453 0.299824 85866 1 1.52656 0.616346 340 1 1150 -0.0823366 -0.036331 0.118912 -0.229259 -4.88108 92.6638 
0.859467 0.301476 85905 1 1.52656 0.616346 341 1 1151 -0.0826589 -0.0368103 0.119051 -0.233498 -4.87706 92.6449 
0.862869 0.297803 85984 1 1.52656 0.616346 342 1 1153 -0.0821288 -0.0368075 0.117929 -0.2304 -4.86773 92.6515 
0.805598 0.27162 86064 1 1.52656 0.616346 343 1 1155 -0.0822408 -0.0393868 0.118315 -0.252641 -4.86747 92.6805 
0.691551 0.202545 86145 1 1.52656 0.616346 344 1 1157 -0.0811924 -0.036863 0.117994 -0.228124 -4.86707 92.6249 
0.685906 0.20572 86185 1 1.52656 0.616346 345 1 1158 -0.0817006 -0.0386077 0.118687 -0.246057 -4.87438 92.6172 
0.681282 0.203192 86265 1 1.52656 0.616346 346 1 1160 -0.0823467 -0.0379866 0.119065 -0.245535 -4.87423 92.6443 
0.686081 0.207596 86345 1 1.52656 0.616346 347 1 1162 -0.0801932 -0.0355518 0.118146 -0.224131 -4.87416 92.6191 
0.600527 0.373039 86385 1 1.52656 0.616346 348 1 1163 -0.0807389 -0.0370531 0.117701 -0.241252 -4.8676 92.642 
0.575456 0.387936 86465 1 1.52656 0.616346 349 1 1165 -0.0814589 -0.0380889 0.116714 -0.245932 -4.85643 92.6449 
0.56132 0.392718 86546 1 1.52656 0.616346 350 1 1167 -0.0822535 -0.0387186 0.116631 -0.252283 -4.85185 92.6693 
0.559814 0.412745 86585 1 1.52656 0.616346 351 1 1168 -0.0820523 -0.04038 0.116195 -0.262452 -4.84849 92.6524 
0.576753 0.441188 86666 1 1.52656 0.616346 352 1 1170 -0.0813549 -0.039972 0.115276 -0.253189 -4.8426 92.6414 
0.574994 0.451953 86746 1 1.52656 0.616346 353 1 1172 -0.0820593 -0.0399136 0.115592 -0.255527 -4.8423 92.6916 
0.575661 0.453269 86786 1 1.52656 0.616346 354 1 1173 -0.0817702 -0.0393725 0.115487 -0.250652 -4.84379 92.6748 
0.574991 0.505275 86866 1 1.52656 0.616346 355 1 1175 -0.0814405 -0.0379765 0.11371 -0.238885 -4.82642 92.6628 
0.574348 0.524972 86946 1 1.52656 0.616346 356 1 1177 -0.0821376 -0.0396458 0.114859 -0.250682 -4.83627 92.6716 
0.569834 0.540359 87027 1 1.52656 0.616346 357 1 1179 -0.0818612 -0.0392559 0.116167 -0.246896 -4.84867 92.7043 
0.55495 0.575819 87067 1 1.52656 0.616346 358 1 1180 -0.0824195 -0.0402714 0.115087 -0.257642 -4.83523 92.7448 
0.536159 0.728298 87146 1 1.52656 0.616346 359 1 1182 -0.0826891 -0.0418099 0.114825 -0.262528 -4.8286 92.7087 
0.534965 0.733497 87227 1 1.52656 0.616346 360 1 1184 -0.0826216 -0.040271 0.11443 -0.247391 -4.82192 92.7024 
0.534487 0.744737 87311 1 1.52656 0.616346 361 1 1186 -0.0820334 -0.0413309 0.114701 -0.252484 -4.825 92.6829 
0.532976 0.735276 87388 1 1.52656 0.616346 362 1 1188 -0.0820094 -0.0410991 0.114079 -0.254518 -4.81461 92.699 
0.539439 0.727532 87427 1 1.52656 0.616346 363 1 1189 -0.0813499 -0.0405302 0.112861 -0.249545 -4.80286 92.7244 
0.539439 0.727532 87427 1 1.52656 0.616346 364 1 1189 -0.0813499 -0.0405302 0.112861 -0.249545 -4.80286 92.7244 
0.536203 0.726166 87467 1 1.52656 0.616346 365 1 1190 -0.0815455 -0.0411761 0.11206 -0.25531 -4.79395 92.7368 
0.526562 0.775739 87627 1 1.52656 0.616346 366 1 1194 -0.0821669 -0.0414177 0.111837 -0.252986 -4.79562 92.7844 
0.522675 0.775395 87708 1 1.52656 0.616346 367 1 1196 -0.082516 -0.0418166 0.111294 -0.251212 -4.78783 92.8044 
0.517046 0.777941 87748 1 1.52656 0.616346 368 1 1197 -0.0824306 -0.0417243 0.112138 -0.250497 -4.79457 92.8159 
0.537331 0.778527 87827 1 1.52656 0.616346 369 1 1199 -0.082005 -0.0415982 0.11235 -0.256047 -4.79904 92.829 
0.55271 0.766609 87908 1 1.52656 0.616346 370 1 1201 -0.0821952 -0.0402874 0.111029 -0.245733 -4.77858 92.8111 
0.550491 0.764773 87948 1 1.52656 0.616346 371 1 1202 -0.0811581 -0.0392059 0.111062 -0.238776 -4.78231 92.8403 
0.545004 0.699006 88029 1 1.52656 0.616346 372 1 1204 -0.0813505 -0.0405211 0.110687 -0.246319 -4.77776 92.794 
0.541028 0.705958 88108 1 1.52656 0.616346 373 1 1206 -0.0812455 -0.0414479 0.111176 -0.256348 -4.78591 92.8132 
0.439168 0.623117 88149 1 1.52656 0.616346 374 1 1207 -0.081721 -0.04075 0.110875 -0.246584 -4.78372 92.8178 
0.25397 0.311791 88228 1 1.52656 0.616346 375 1 1209 -0.081289 -0.0413037 0.111759 -0.251572 -4.8008 92.7676 
0.254153 0.301346 88309 1 1.52656 0.616346 376 1 1211 -0.0822068 -0.0407138 0.112796 -0.245186 -4.81544 92.7733 
0.250393 0.305329 88350 1 1.52656 0.616346 377 1 1212 -0.0824034 -0.0408862 0.114367 -0.246892 -4.83309 92.7547 
0.248151 0.290088 88429 1 1.52656 0.616346 378 1 1214 -0.0820331 -0.0410236 0.114934 -0.248121 -4.84096 92.7755 
0.204402 0.26447 88509 1 1.52656 0.616346 379 1 1216 -0.0825743 -0.0414211 0.116063 -0.242005 -4.85165 92.7399 
0.163708 0.252157 88550 1 1.52656 0.616346 380 1 1217 -0.0826655 -0.0428206 0.116105 -0.255661 -4.85377 92.7612 
0.154516 0.259691 88629 1 1.52656 0.616346 381 1 1219 -0.0835067 -0.0429742 0.116908 -0.253687 -4.86589 92.7219 
0.149801 0.259993 88709 1 1.52656 0.616346 382 1 1221 -0.0846522 -0.0446634 0.116657 -0.266602 -4.86073 92.6936 
0.146993 0.260968 88749 1 1.52656 0.616346 383 1 1222 -0.0845802 -0.045603 0.117214 -0.277307 -4.86895 92.7073 
0.142686 0.267431 88830 1 1.52656 0.616346 384 1 1224 -0.0852483 -0.0450871 0.117637 -0.270533 -4.87884 92.6944 
0.142438 0.266065 88910 1 1.52656 0.616346 385 1 1226 -0.0849718 -0.0454393 0.115855 -0.274738 -4.8713 92.6988 
0.102727 0.286104 88949 1 1.52656 0.616346 386 1 1227 -0.086078 -0.0465885 0.116502 -0.288134 -4.87489 92.6902 
0.0527117 0.319812 89030 1 1.52656 0.616346 387 1 1229 -0.0874632 -0.0468427 0.117935 -0.291323 -4.87871 92.6929 
0.0572377 0.315708 89110 1 1.52656 0.616346 388 1 1231 -0.0870454 -0.0459733 0.117559 -0.281463 -4.87206 92.6799 
0.0514893 0.31511 89150 1 1.52656 0.616346 389 1 1232 -0.0874074 -0.0464734 0.118761 -0.287327 -4.8847 92.6666 
0.0722831 0.296369 89231 1 1.52656 0.616346 390 1 1234 -0.0876815 -0.0456516 0.117278 -0.278444 -4.87089 92.6709 
0.122202 0.258947 89310 1 1.52656 0.616346 391 1 1236 -0.0883562 -0.0461819 0.118076 -0.285313 -4.87468 92.6544 
0.0529648 0.204409 89390 1 1.52656 0.616346 392 1 1238 -0.0880594 -0.0472713 0.118255 -0.295595 -4.875 92.6676 
0.0419324 0.176971 89471 1 1.52656 0.616346 393 1 1240 -0.0890061 -0.047507 0.118967 -0.29531 -4.8843 92.6395 
0.0443429 0.163696 89511 1 1.52656 0.616346 394 1 1241 -0.0892544 -0.0471395 0.117555 -0.287318 -4.87125 92.6207 
0.0385655 0.170656 89592 1 1.52656 0.616346 395 1 1243 -0.0889748 -0.0469022 0.118614 -0.282179 -4.889 92.5927 
0.0318329 0.18019 89632 1 1.52656 0.616346 396 1 1244 -0.0900663 -0.0471256 0.119728 -0.28506 -4.89491 92.5909 
0.0739328 0.163147 89711 1 1.52656 0.616346 397 1 1246 -0.0905474 -0.045821 0.119843 -0.267977 -4.8856 92.5773 
0.0792883 0.149216 89791 1 1.52656 0.616346 398 1 1248 -0.0895957 -0.0478542 0.120983 -0.291849 -4.9008 92.622 
0.10806 0.144429 89831 1 1.52656 0.616346 399 1 1249 -0.0897803 -0.0470863 0.119703 -0.281946 -4.88546 92.6114 
0.244136 0.151311 89912 1 1.52656 0.616346 400 1 1251 -0.0893778 -0.0474543 0.119393 -0.29123 -4.88201 92.5878 
0.235427 0.153946 89992 1 1.52656 0.616346 401 1 1253 -0.0897937 -0.0490921 0.118304 -0.302079 -4.86718 92.589 
0.22544 0.16321 90072 1 1.52656 0.616346 402 1 1255 -0.0893721 -0.0475821 0.119073 -0.292848 -4.88327 92.6055 
0.227036 0.162324 90112 1 1.52656 0.616346 403 1 1256 -0.0895165 -0.0480186 0.118841 -0.300265 -4.8803 92.5908 
0.22974 0.164098 90192 1 1.52656 0.616346 404 1 1258 -0.089249 -0.0464373 0.118282 -0.285683 -4.87541 92.5765 
0.225101 0.168056 90232 1 1.52656 0.616346 405 1 1259 -0.0894417 -0.0470759 0.119386 -0.291849 -4.88853 92.5726 
0.214302 0.167547 90313 1 1.52656 0.616346 406 1 1261 -0.0909095 -0.0471845 0.119602 -0.292728 -4.88531 92.576 
0.210569 0.168051 90393 1 1.52656 0.616346 407 1 1263 -0.0910317 -0.0478737 0.119824 -0.296654 -4.89013 92.608 
0.299884 0.164516 90433 1 1.52656 0.616346 408 1 1264 -0.0914431 -0.0485059 0.119842 -0.299569 -4.88895 92.6255 
0.405352 0.184958 90513 1 1.52656 0.616346 409 1 1266 -0.0922076 -0.0485106 0.121153 -0.301288 -4.90235 92.6086 
0.403801 0.172059 90553 1 1.52656 0.616346 410 1 1267 -0.0925192 -0.0492097 0.118565 -0.31039 -4.87434 92.6099 
0.403801 0.172059 90553 1 1.52656 0.616346 411 1 1267 -0.0925192 -0.0492097 0.118565 -0.31039 -4.87434 92.6099 
0.500725 0.186153 90713 1 1.52656 0.616346 412 1 1271 -0.0922042 -0.0492627 0.119977 -0.319835 -4.89314 92.5858 
0.581369 0.18283 90794 1 1.52656 0.616346 413 1 1273 -0.0933109 -0.0481296 0.1191 -0.307394 -4.88263 92.5713 
0.598819 0.176489 90874 1 1.52656 0.616346 414 1 1275 -0.0932467 -0.0497499 0.119786 -0.334109 -4.89617 92.605 
0.673174 0.189752 90913 1 1.52656 0.616346 415 1 1276 -0.0931342 -0.0489379 0.118773 -0.324646 -4.88942 92.6031 
0.682247 0.17512 90994 1 1.52656 0.616346 416 1 1278 -0.0936788 -0.048449 0.119794 -0.324877 -4.89546 92.5882 
0.697009 0.161427 91074 1 1.52656 0.616346 417 1 1280 -0.0931988 -0.0451556 0.120051 -0.295925 -4.89537 92.6111 
0.745364 0.124507 91114 1 1.52656 0.616346 418 1 1281 -0.0933017 -0.0460322 0.121631 -0.312674 -4.91085 92.6251 
0.804365 -0.00493929 91196 1 1.52656 0.616346 419 1 1283 -0.0929919 -0.0440966 0.121418 -0.296633 -4.90276 92.5855 
0.827217 -0.0259301 91274 1 1.52656 0.616346 420 1 1285 -0.0914899 -0.0418218 0.120848 -0.278224 -4.89928 92.5653 
0.942246 -0.0418167 91354 1 1.52656 0.616346 421 1 1287 -0.0905969 -0.0442003 0.121607 -0.304823 -4.90857 92.5671 
0.991666 -0.04592 91395 1 1.52656 0.616346 422 1 1288 -0.0905033 -0.0434667 0.121786 -0.301587 -4.91102 92.5649 
1.00477 -0.0726433 91475 1 1.52656 0.616346 423 1 1290 -0.0900695 -0.042589 0.121719 -0.300318 -4.9103 92.5935 
1.01652 -0.118977 91515 1 1.52656 0.616346 424 1 1291 -0.0887811 -0.0416401 0.122716 -0.294165 -4.92991 92.5773 
1.02911 -0.163845 91596 1 1.52656 0.616346 425 1 1293 -0.0879372 -0.0401956 0.122651 -0.291976 -4.93735 92.5408 
1.01271 -0.124603 91675 1 1.52656 0.616346 426 1 1295 -0.0884831 -0.039425 0.121821 -0.288513 -4.92679 92.5777 
1.00182 -0.0938671 91756 1 1.52656 0.616346 427 1 1297 -0.0890224 -0.0396869 0.122372 -0.286252 -4.9274 92.6034 
0.998697 -0.0720655 91836 1 1.52656 0.616346 428 1 1299 -0.0894907 -0.0422647 0.122721 -0.30218 -4.92679 92.6065 
0.995154 -0.0676883 91876 1 1.52656 0.616346 429 1 1300 -0.0895466 -0.0408131 0.12301 -0.286462 -4.92876 92.5898 
0.980065 0.0630177 91955 1 1.52656 0.616346 430 1 1302 -0.089554 -0.0424989 0.12037 -0.301598 -4.89511 92.6237 
0.910331 0.381126 91995 1 1.52656 0.616346 431 1 1303 -0.089906 -0.0428379 0.120468 -0.307179 -4.88966 92.6301 
0.922428 0.456003 92076 1 1.52656 0.616346 432 1 1305 -0.0871694 -0.0397521 0.119419 -0.28236 -4.88155 92.6182 
0.923819 0.40778 92156 1 1.52656 0.616346 433 1 1307 -0.0851004 -0.0393271 0.117864 -0.280379 -4.86908 92.6338 
0.919284 0.37912 92236 1 1.52656 0.616346 434 1 1309 -0.0843295 -0.0393145 0.117471 -0.275189 -4.87139 92.5862 
0.915461 0.378435 92277 1 1.52656 0.616346 435 1 1310 -0.0851037 -0.0390979 0.11679 -0.266911 -4.85963 92.5824 
0.874353 0.393246 92356 1 1.52656 0.616346 436 1 1312 -0.0849447 -0.0389258 0.117082 -0.259354 -4.85765 92.5825 
0.72548 0.451197 92436 1 1.52656 0.616346 437 1 1314 -0.0838414 -0.0371658 0.120721 -0.246958 -4.8904 92.5756 
0.730159 0.443169 92476 1 1.52656 0.616346 438 1 1315 -0.0832686 -0.0352741 0.119994 -0.228494 -4.87596 92.5903 
0.728273 0.444217 92557 1 1.52656 0.616346 439 1 1317 -0.0830335 -0.0346386 0.120889 -0.222472 -4.8696 92.575 
0.727834 0.445259 92597 1 1.52656 0.616346 440 1 1318 -0.0831907 -0.0357607 0.120507 -0.227697 -4.85978 92.5702 
0.651367 0.425595 92677 1 1.52656 0.616346 441 1 1320 -0.0815052 -0.0362445 0.120604 -0.218965 -4.85959 92.5366 
0.653046 0.422368 92757 1 1.52656 0.616346 442 1 1322 -0.0804772 -0.0372161 0.120962 -0.217344 -4.86241 92.5273 
0.64547 0.435289 92837 1 1.52656 0.616346 443 1 1324 -0.0816559 -0.0374771 0.121781 -0.209079 -4.85773 92.5379 
0.637245 0.433097 92877 1 1.52656 0.616346 444 1 1325 -0.080512 -0.0393042 0.122034 -0.223643 -4.8638 92.5383 
0.625301 0.437668 92958 1 1.52656 0.616346 445 1 1327 -0.0798646 -0.0384799 0.122569 -0.207786 -4.86774 92.5242 
0.608565 0.458462 93038 1 1.52656 0.616346 446 1 1329 -0.0803959 -0.0403954 0.124282 -0.209934 -4.87771 92.5059 
0.606793 0.468834 93077 1 1.52656 0.616346 447 1 1330 -0.081233 -0.0416935 0.125148 -0.211901 -4.8782 92.4979 
0.588535 0.484085 93158 1 1.52656 0.616346 448 1 1332 -0.083267 -0.0439566 0.128359 -0.217559 -4.88499 92.5273 
0.595425 0.480407 93198 1 1.52656 0.616346 449 1 1333 -0.083282 -0.0450447 0.128198 -0.216437 -4.87157 92.5209 
0.591054 0.477638 93279 1 1.52656 0.616346 450 1 1335 -0.0829261 -0.0473193 0.129437 -0.228161 -4.86636 92.5389 
0.642636 0.476674 93359 1 1.52656 0.616346 451 1 1337 -0.0801502 -0.0469041 0.130063 -0.21384 -4.85564 92.484 
0.63677 0.484251 93438 1 1.52656 0.616346 452 1 1339 -0.0765554 -0.0507516 0.133854 -0.26637 -4.88679 92.5161 
0.611544 0.489479 93478 1 1.52656 0.616346 453 1 1340 -0.074425 -0.0517824 0.135596 -0.288563 -4.89551 92.5165 
0.572889 0.505915 93558 1 1.52656 0.616346 454 1 1342 -0.0705917 -0.0536995 0.138991 -0.321009 -4.90932 92.5545 
0.580363 0.493289 93599 1 1.52656 0.616346 455 1 1343 -0.068815 -0.053039 0.138303 -0.319661 -4.88536 92.5211 
0.702714 0.498781 93679 1 1.52656 0.616346 456 1 1345 -0.0664693 -0.0494202 0.139783 -0.282366 -4.86812 92.5661 
0.702714 0.498781 93679 1 1.52656 0.616346 457 1 1345 -0.0664693 -0.0494202 0.139783 -0.282366 -4.86812 92.5661 
0.772051 0.493997 93719 1 1.52656 0.616346 458 1 1346 -0.0651495 -0.0483242 0.139979 -0.266577 -4.85664 92.567 
0.822162 0.46467 93879 1 1.52656 0.616346 459 1 1350 -0.0570672 -0.0366483 0.142903 -0.179685 -4.87835 92.6438 
0.870847 0.442773 93959 1 1.52656 0.616346 460 1 1352 -0.0513364 -0.0320703 0.140401 -0.15671 -4.85987 92.6599 
0.952391 0.444771 93999 1 1.52656 0.616346 461 1 1353 -0.0496986 -0.0287438 0.139401 -0.138118 -4.853 92.6843 
0.970767 0.41104 94080 1 1.52656 0.616346 462 1 1355 -0.0486058 -0.0235096 0.138827 -0.112021 -4.84391 92.6368 
0.974257 0.398215 94160 1 1.52656 0.616346 463 1 1357 -0.0487885 -0.022767 0.139621 -0.106702 -4.83926 92.711 
0.970306 0.38858 94199 1 1.52656 0.616346 464 1 1358 -0.0490498 -0.0231811 0.13797 -0.113179 -4.81196 92.7462 
0.87533 0.390611 94280 1 1.52656 0.616346 465 1 1360 -0.0468596 -0.0209274 0.139424 -0.094774 -4.84042 92.7468 
0.875782 0.391861 94363 1 1.52656 0.616346 466 1 1362 -0.047583 -0.019387 0.13807 -0.0687489 -4.82217 92.706 
0.864042 0.391228 94401 1 1.52656 0.616346 467 1 1363 -0.0476472 -0.021756 0.138465 -0.0888088 -4.82557 92.6662 
0.862857 0.402033 94481 1 1.52656 0.616346 468 1 1365 -0.0481839 -0.0203742 0.141525 -0.0762091 -4.85001 92.7828 
0.87037 0.403081 94560 1 1.52656 0.616346 469 1 1367 -0.0463182 -0.0168925 0.142109 -0.0353883 -4.85327 92.7735 
0.86997 0.405472 94600 1 1.52656 0.616346 470 1 1368 -0.0457442 -0.0187899 0.140802 -0.046145 -4.84188 92.751 
0.670511 0.538126 94681 1 1.52656 0.616346 471 1 1370 -0.0457489 -0.0188854 0.139672 -0.043987 -4.83233 92.7396 
0.662423 0.539346 94761 1 1.52656 0.616346 472 1 1372 -0.045784 -0.0179546 0.138405 -0.0379094 -4.82221 92.7206 
0.664834 0.545569 94801 1 1.52656 0.616346 473 1 1373 -0.0455108 -0.018719 0.137595 -0.0475123 -4.8119 92.7198 
0.664275 0.564283 94882 1 1.52656 0.616346 474 1 1375 -0.0445054 -0.0191001 0.137629 -0.0669996 -4.82005 92.7244 
0.667595 0.569133 94961 1 1.52656 0.616346 475 1 1377 -0.0445334 -0.0183332 0.135 -0.0574716 -4.80492 92.6577 
0.669919 0.579267 95001 1 1.52656 0.616346 476 1 1378 -0.0446542 -0.0199275 0.134629 -0.0692097 -4.80107 92.6138 
0.649929 0.592046 95081 1 1.52656 0.616346 477 1 1380 -0.0464874 -0.0221808 0.136632 -0.0873247 -4.80354 92.6278 
0.654895 0.601903 95162 1 1.52656 0.616346 478 1 1382 -0.0465714 -0.0208547 0.138389 -0.0566622 -4.80877 92.7169 
0.639069 0.621694 95202 1 1.52656 0.616346 479 1 1383 -0.0469288 -0.0252289 0.140827 -0.0904151 -4.83338 92.7374 
0.636074 0.6144 95283 1 1.52656 0.616346 480 1 1385 -0.045584 -0.02856 0.138358 -0.0994392 -4.81459 92.7492 
0.636201 0.61691 95362 1 1.52656 0.616346 481 1 1387 -0.0459933 -0.0284598 0.138196 -0.0976725 -4.81769 92.719 
0.637205 0.617014 95402 1 1.52656 0.616346 482 1 1388 -0.0468775 -0.027223 0.138585 -0.0851513 -4.82217 92.7521 
0.63528 0.618753 95483 1 1.52656 0.616346 483 1 1390 -0.0470413 -0.0282363 0.13821 -0.0951601 -4.81638 92.7276 
0.632729 0.616691 95563 1 1.52656 0.616346 484 1 1392 -0.0479632 -0.0291632 0.137788 -0.108332 -4.8111 92.7121 
0.633454 0.632948 95603 1 1.52656 0.616346 485 1 1393 -0.0480578 -0.0289689 0.138687 -0.105312 -4.82097 92.7228 
0.609694 0.776975 95682 1 1.52656 0.616346 486 1 1395 -0.0478967 -0.0280089 0.137732 -0.0915627 -4.81436 92.7331 
0.605064 0.824362 95763 1 1.52656 0.616346 487 1 1397 -0.0477976 -0.0276294 0.137819 -0.0812342 -4.80698 92.7336 
0.602812 0.821061 95803 1 1.52656 0.616346 488 1 1398 -0.0475013 -0.0277626 0.137921 -0.0783773 -4.80288 92.7288 
0.603815 0.824436 95883 1 1.52656 0.616346 489 1 1400 -0.0474228 -0.0279537 0.138591 -0.0785622 -4.80753 92.76 
0.602628 0.821394 95963 1 1.52656 0.616346 490 1 1402 -0.0472521 -0.0283742 0.13832 -0.0821677 -4.80597 92.7644 
0.602128 0.824829 96005 1 1.52656 0.616346 491 1 1403 -0.0475448 -0.0275776 0.13889 -0.0761376 -4.81348 92.7722 
0.616676 0.831824 96083 1 1.52656 0.616346 492 1 1405 -0.0474433 -0.0234224 0.137921 -0.0303806 -4.80297 92.8006 
0.612326 0.829067 96164 1 1.52656 0.616346 493 1 1407 -0.0475035 -0.0240304 0.137884 -0.0337047 -4.80612 92.7793 
0.624887 0.824112 96204 1 1.52656 0.616346 494 1 1408 -0.046984 -0.0231598 0.137008 -0.0254914 -4.79939 92.7679 
0.628454 0.80147 96284 1 1.52656 0.616346 495 1 1410 -0.0482086 -0.0240183 0.138955 -0.0377808 -4.82186 92.7968 
0.63322 0.788645 96364 1 1.52656 0.616346 496 1 1412 -0.0478547 -0.0238125 0.137237 -0.0365699 -4.81339 92.7795 
0.639069 0.7894 96404 1 1.52656 0.616346 497 1 1413 -0.0477941 -0.0210847 0.136557 -0.00738633 -4.80752 92.7857 
0.635924 0.80081 96484 1 1.52656 0.616346 498 1 1415 -0.0484338 -0.0220107 0.137691 -0.016245 -4.81665 92.8119 
0.632324 0.784152 96564 1 1.52656 0.616346 499 1 1417 -0.0481808 -0.0206307 0.139163 0.00228947 -4.8303 92.8233 
0.643291 0.480415 96604 1 1.52656 0.616346 500 1 1418 -0.0485122 -0.018757 0.137401 0.0257188 -4.80703 92.8121 
0.633401 0.28569 96685 1 1.52656 0.616346 501 1 1420 -0.0485916 -0.0203766 0.138837 0.0116691 -4.82358 92.7408 
0.613364 0.229502 96765 1 1.52656 0.616346 502 1 1422 -0.0500862 -0.0228336 0.139623 -0.0193317 -4.8359 92.7664 
0.606658 0.180882 96804 1 1.52656 0.616346 503 1 1423 -0.0503605 -0.021313 0.139137 -0.00305081 -4.83155 92.6956 
0.606658 0.180882 96804 1 1.52656 0.616346 504 1 1423 -0.0503605 -0.021313 0.139137 -0.00305081 -4.83155 92.6956 
0.595768 0.170298 96925 1 1.52656 0.616346 505 1 1426 -0.0505413 -0.0212012 0.138094 -0.0114973 -4.82718 92.7112 
0.521691 0.118581 97005 1 1.52656 0.616346 506 1 1428 -0.0515934 -0.0210905 0.136874 -0.0102531 -4.8209 92.7186 
0.520215 0.109806 97086 1 1.52656 0.616346 507 1 1430 -0.0518066 -0.0199055 0.137163 -0.00246197 -4.82822 92.7244 
0.509107 0.120992 97165 1 1.52656 0.616346 508 1 1432 -0.0527236 -0.0216682 0.138703 -0.0287224 -4.84497 92.7257 
0.515602 0.119514 97206 1 1.52656 0.616346 509 1 1433 -0.0521887 -0.0191844 0.138548 -0.00666927 -4.84434 92.7135 
0.505076 0.113263 97285 1 1.52656 0.616346 510 1 1435 -0.0522969 -0.0196205 0.138832 -0.0245752 -4.84424 92.7335 
0.580071 0.136065 97366 1 1.52656 0.616346 511 1 1437 -0.0523249 -0.01971 0.138113 -0.0366245 -4.84011 92.7601 
0.587792 0.134922 97406 1 1.52656 0.616346 512 1 1438 -0.0531041 -0.0196079 0.137992 -0.0393241 -4.8397 92.7638 
0.586255 0.146443 97486 1 1.52656 0.616346 513 1 1440 -0.0536302 -0.020615 0.138692 -0.0502097 -4.85224 92.7386 
0.58202 0.150065 97566 1 1.52656 0.616346 514 1 1442 -0.0552939 -0.0213944 0.137106 -0.0464436 -4.84065 92.7386 
0.577102 0.164387 97646 1 1.52656 0.616346 515 1 1444 -0.0563841 -0.0225427 0.138698 -0.0499444 -4.8601 92.7397 
0.571285 0.17021 97727 1 1.52656 0.616346 516 1 1446 -0.0563274 -0.02335 0.138357 -0.0590708 -4.86155 92.7062 
0.573112 0.169171 97767 1 1.52656 0.616346 517 1 1447 -0.0559369 -0.0228747 0.137527 -0.0539951 -4.85298 92.7111 
0.571827 0.163891 97847 1 1.52656 0.616346 518 1 1449 -0.0561289 -0.0223636 0.1379 -0.0500522 -4.85577 92.7227 
0.589212 0.167769 97928 1 1.52656 0.616346 519 1 1451 -0.0562697 -0.0222904 0.138096 -0.0470341 -4.85723 92.7623 
0.598872 0.170971 97967 1 1.52656 0.616346 520 1 1452 -0.0562064 -0.0226112 0.1397 -0.0459729 -4.87426 92.7452 
0.60417 0.171942 98047 1 1.52656 0.616346 521 1 1454 -0.0558595 -0.022817 0.138179 -0.0434798 -4.86376 92.7457 
0.602766 0.157815 98130 1 1.52656 0.616346 522 1 1456 -0.0559235 -0.0231866 0.137393 -0.0458565 -4.86387 92.7742 
0.599975 0.159322 98167 1 1.52656 0.616346 523 1 1457 -0.0561918 -0.0235564 0.137413 -0.0480791 -4.86597 92.7254 
0.595424 0.159046 98248 1 1.52656 0.616346 524 1 1459 -0.0570818 -0.0249991 0.137199 -0.0642574 -4.8632 92.7297 
0.51999 0.169244 98328 1 1.52656 0.616346 525 1 1461 -0.0563867 -0.0234011 0.136597 -0.0477152 -4.85705 92.739 
0.510183 0.170439 98368 1 1.52656 0.616346 526 1 1462 -0.0558494 -0.0232826 0.136183 -0.0513299 -4.85795 92.733 
0.505432 0.150622 98448 1 1.52656 0.616346 527 1 1464 -0.0565189 -0.0222729 0.13508 -0.0467497 -4.85009 92.718 
0.49863 0.155979 98528 1 1.52656 0.616346 528 1 1466 -0.0571654 -0.0245676 0.136687 -0.0745629 -4.86149 92.7519 
0.497131 0.165075 98569 1 1.52656 0.616346 529 1 1467 -0.0567255 -0.0234523 0.136933 -0.0637901 -4.86376 92.7353 
0.487039 0.18714 98649 1 1.52656 0.616346 530 1 1469 -0.0566499 -0.0213848 0.136285 -0.0435614 -4.85655 92.7195 
0.486143 0.181559 98729 1 1.52656 0.616346 531 1 1471 -0.0563859 -0.0220126 0.135413 -0.0513414 -4.84714 92.7137 
0.484447 0.190011 98768 1 1.52656 0.616346 532 1 1472 -0.0566001 -0.0210516 0.136188 -0.0428703 -4.85632 92.6826 
0.552623 0.184911 98889 1 1.52656 0.616346 533 1 1475 -0.0569215 -0.0224833 0.135724 -0.058837 -4.85225 92.6709 
0.60198 0.189553 98929 1 1.52656 0.616346 534 1 1476 -0.0573982 -0.0222581 0.135449 -0.0583429 -4.85099 92.6816 
0.590576 0.179118 99009 1 1.52656 0.616346 535 1 1478 -0.058682 -0.0252319 0.136116 -0.095305 -4.85964 92.7102 
0.595437 0.170194 99048 1 1.52656 0.616346 536 1 1479 -0.0579865 -0.0245791 0.134936 -0.0878239 -4.85173 92.6915 
0.592312 0.15641 99129 1 1.52656 0.616346 537 1 1481 -0.0585558 -0.0237051 0.135695 -0.0814542 -4.86018 92.6732 
0.613611 0.154529 99209 1 1.52656 0.616346 538 1 1483 -0.0589964 -0.0240325 0.136649 -0.0820375 -4.86623 92.6771 
0.624234 0.154099 99249 1 1.52656 0.616346 539 1 1484 -0.0587408 -0.0235412 0.136452 -0.075486 -4.86317 92.6733 
0.581316 0.177363 99330 1 1.52656 0.616346 540 1 1486 -0.0585452 -0.022775 0.136932 -0.0653691 -4.86211 92.687 
0.581795 0.175723 99409 1 1.52656 0.616346 541 1 1488 -0.0583144 -0.0244212 0.136301 -0.0790591 -4.85601 92.6645 
0.586684 0.17056 99449 1 1.52656 0.616346 542 1 1489 -0.0583136 -0.0226774 0.135487 -0.0599896 -4.84529 92.6377 
0.585255 0.170759 99530 1 1.52656 0.616346 543 1 1491 -0.0582805 -0.022704 0.135342 -0.0555111 -4.83551 92.6067 
0.593818 0.16321 99610 1 1.52656 0.616346 544 1 1493 -0.0570481 -0.0215867 0.134343 -0.0483021 -4.83183 92.6365 
0.590546 0.160498 99650 1 1.52656 0.616346 545 1 1494 -0.0574719 -0.0240335 0.135365 -0.078795 -4.84273 92.6766 
0.596856 0.1552 99731 1 1.52656 0.616346 546 1 1496 -0.0575752 -0.0235861 0.13401 -0.0734371 -4.83432 92.6612 
0.592692 0.16669 99810 1 1.52656 0.616346 547 1 1498 -0.058481 -0.0237758 0.136161 -0.0757777 -4.85387 92.6355 
0.582439 0.161151 99851 1 1.52656 0.616346 548 1 1499 -0.0596601 -0.0259588 0.135248 -0.0981113 -4.83937 92.6261 
0.582612 0.165837 99931 1 1.52656 0.616346 549 1 1501 -0.0588734 -0.0268293 0.135613 -0.107794 -4.84087 92.6154 
0.582612 0.165837 99931 1 1.52656 0.616346 550 1 1501 -0.0588734 -0.0268293 0.135613 -0.107794 -4.84087 92.6154 
0.582612 0.165837 99931 1 1.52656 0.616346 551 1 1501 -0.0588734 -0.0268293 0.135613 -0.107794 -4.84087 92.6154 
0.588572 0.163006 100131 1 1.52656 0.616346 552 1 1506 -0.0584341 -0.027539 0.135167 -0.130951 -4.8451 92.5989 
0.597759 0.15796 100211 1 1.52656 0.616346 553 1 1508 -0.0591312 -0.0265127 0.134635 -0.121348 -4.84071 92.5967 
0.60936 0.141563 100291 1 1.52656 0.616346 554 1 1510 -0.0589104 -0.0257171 0.133945 -0.121443 -4.83515 92.6468 
0.61311 0.139366 100331 1 1.52656 0.616346 555 1 1511 -0.0592943 -0.0248788 0.13446 -0.117254 -4.83813 92.6301 
0.620733 0.142543 100413 1 1.52656 0.616346 556 1 1513 -0.0589049 -0.0260286 0.134766 -0.136227 -4.85091 92.668 
0.628379 0.150323 100492 1 1.52656 0.616346 557 1 1515 -0.0606735 -0.0248736 0.136049 -0.130574 -4.85879 92.6439 
0.627945 0.159486 100572 1 1.52656 0.616346 558 1 1517 -0.060154 -0.0242277 0.136818 -0.12506 -4.86617 92.6348 
0.631505 0.160442 100612 1 1.52656 0.616346 559 1 1518 -0.0599124 -0.0238311 0.13666 -0.121035 -4.86378 92.6529 
0.655194 0.168758 100692 1 1.52656 0.616346 560 1 1520 -0.0596094 -0.0237848 0.13635 -0.123427 -4.85801 92.7014 
0.740412 0.200026 100732 1 1.52656 0.616346 561 1 1521 -0.0598865 -0.024099 0.136262 -0.125098 -4.85803 92.7188 
0.770051 0.188698 100813 1 1.52656 0.616346 562 1 1523 -0.0592039 -0.0223552 0.13443 -0.110619 -4.84031 92.6778 
0.774418 0.175318 100892 1 1.52656 0.616346 563 1 1525 -0.0600882 -0.0239004 0.133353 -0.11563 -4.83112 92.692 
0.787793 0.193387 100932 1 1.52656 0.616346 564 1 1526 -0.0599199 -0.0248476 0.134416 -0.12824 -4.84417 92.7085 
0.798683 0.193776 101012 1 1.52656 0.616346 565 1 1528 -0.0601833 -0.0241295 0.134874 -0.123556 -4.84634 92.7327 
0.798754 0.186763 101093 1 1.52656 0.616346 566 1 1530 -0.059446 -0.0227936 0.134677 -0.116725 -4.85725 92.7341 
0.803428 0.196685 101133 1 1.52656 0.616346 567 1 1531 -0.0595201 -0.0213137 0.135133 -0.1062 -4.862 92.7289 
0.800283 0.184856 101213 1 1.52656 0.616346 568 1 1533 -0.0597973 -0.0223049 0.134671 -0.118311 -4.85478 92.7606 
0.792812 0.183988 101293 1 1.52656 0.616346 569 1 1535 -0.0591726 -0.0211269 0.134819 -0.109889 -4.85695 92.7419 
0.791832 0.181684 101333 1 1.52656 0.616346 570 1 1536 -0.0598452 -0.0222381 0.135248 -0.12176 -4.86132 92.7567 
0.788607 0.180961 101413 1 1.52656 0.616346 571 1 1538 -0.0601021 -0.0209677 0.134286 -0.11342 -4.85434 92.741 
0.790286 0.181726 101494 1 1.52656 0.616346 572 1 1540 -0.0601028 -0.0204484 0.133675 -0.113512 -4.84725 92.7394 
0.78462 0.179534 101534 1 1.52656 0.616346 573 1 1541 -0.0598549 -0.0202252 0.133261 -0.11323 -4.84503 92.7058 
0.788619 0.184908 101614 1 1.52656 0.616346 574 1 1543 -0.0597727 -0.0198478 0.13356 -0.109123 -4.84716 92.6788 
0.801669 0.183503 101694 1 1.52656 0.616346 575 1 1545 -0.0598751 -0.0200158 0.132236 -0.111045 -4.83089 92.718 
0.810175 0.191379 101734 1 1.52656 0.616346 576 1 1546 -0.0590364 -0.0196434 0.132787 -0.10496 -4.84089 92.7032 
0.819258 0.191184 101814 1 1.52656 0.616346 577 1 1548 -0.0586856 -0.0194396 0.131931 -0.109069 -4.83725 92.6882 
0.812682 0.182682 101895 1 1.52656 0.616346 578 1 1550 -0.0595544 -0.0189046 0.132461 -0.10532 -4.83165 92.6821 
0.813773 0.182972 101935 1 1.52656 0.616346 579 1 1551 -0.0594394 -0.019322 0.133106 -0.109468 -4.83687 92.6891 
0.818475 0.187046 102015 1 1.52656 0.616346 580 1 1553 -0.0588823 -0.018548 0.132942 -0.102224 -4.83698 92.69 
0.820038 0.196694 102095 1 1.52656 0.616346 581 1 1555 -0.0581755 -0.0184876 0.132056 -0.0987516 -4.83577 92.6693 
0.815163 0.192549 102175 1 1.52656 0.616346 582 1 1557 -0.0576748 -0.0188038 0.131072 -0.0979956 -4.82575 92.665 
0.822442 0.20393 102215 1 1.52656 0.616346 583 1 1558 -0.0580332 -0.0191398 0.131842 -0.0992754 -4.83642 92.6544 
0.902661 0.208822 102296 1 1.52656 0.616346 584 1 1560 -0.0580761 -0.0202012 0.130185 -0.106237 -4.82525 92.6345 
0.903688 0.212854 102337 1 1.52656 0.616346 585 1 1561 -0.0580333 -0.0196731 0.130374 -0.102751 -4.82995 92.6145 
0.913866 0.206233 102415 1 1.52656 0.616346 586 1 1563 -0.0575858 -0.0184524 0.130122 -0.0985405 -4.83123 92.6475 
0.929464 0.190102 102495 1 1.52656 0.616346 587 1 1565 -0.0566492 -0.0167184 0.127867 -0.0812357 -4.80867 92.596 
0.93229 0.179042 102536 1 1.52656 0.616346 588 1 1566 -0.0568083 -0.0150862 0.128583 -0.0698937 -4.81832 92.5999 
0.933081 0.169639 102616 1 1.52656 0.616346 589 1 1568 -0.057722 -0.0154456 0.128047 -0.0750274 -4.80942 92.5869 
0.930609 0.171396 102697 1 1.52656 0.616346 590 1 1570 -0.058454 -0.0166414 0.129885 -0.0845703 -4.8239 92.5838 
0.935485 0.16565 102736 1 1.52656 0.616346 591 1 1571 -0.0583424 -0.0150438 0.1293 -0.0704009 -4.81793 92.6355 
0.938595 0.168754 102816 1 1.52656 0.616346 592 1 1573 -0.0573846 -0.0148072 0.129795 -0.0679469 -4.8247 92.6355 
0.9311 0.165408 102897 1 1.52656 0.616346 593 1 1575 -0.0576146 -0.01466 0.128984 -0.0675923 -4.81255 92.6312 
0.922264 0.167564 102936 1 1.52656 0.616346 594 1 1576 -0.0576305 -0.0141877 0.130452 -0.0701025 -4.82727 92.6237 
0.916788 0.160584 103017 1 1.52656 0.616346 595 1 1578 -0.0573506 -0.0145952 0.129329 -0.0764477 -4.81182 92.5761 
0.920598 0.16047 103057 1 1.52656 0.616346 596 1 1579 -0.0561575 -0.0135921 0.12809 -0.073914 -4.79941 92.5734 
0.920598 0.16047 103057 1 1.52656 0.616346 597 1 1579 -0.0561575 -0.0135921 0.12809 -0.073914 -4.79941 92.5734 
0.926996 0.16349 103217 1 1.52656 0.616346 598 1 1583 -0.056371 -0.0110931 0.129015 -0.0753349 -4.81475 92.6173 
0.928574 0.167416 103297 1 1.52656 0.616346 599 1 1585 -0.0571861 -0.00997718 0.128743 -0.0722548 -4.81738 92.629 
0.926785 0.169982 103337 1 1.52656 0.616346 600 1 1586 -0.0576926 -0.0104974 0.130087 -0.0808512 -4.82881 92.6191 
0.922106 0.162519 103417 1 1.52656 0.616346 601 1 1588 -0.05757 -0.0112575 0.129571 -0.0846695 -4.81648 92.6479 
0.930865 0.17337 103498 1 1.52656 0.616346 602 1 1590 -0.0572265 -0.00883141 0.129901 -0.0638072 -4.81864 92.6716 
0.927653 0.179981 103537 1 1.52656 0.616346 603 1 1591 -0.0573504 -0.00794323 0.130693 -0.056332 -4.82748 92.6628 
0.929918 0.187752 103618 1 1.52656 0.616346 604 1 1593 -0.0575378 -0.00701467 0.131361 -0.0407091 -4.83211 92.6229 
0.91643 0.234933 103698 1 1.52656 0.616346 605 1 1595 -0.058859 -0.0114871 0.131239 -0.0744848 -4.82055 92.6128 
0.919734 0.330769 103738 1 1.52656 0.616346 606 1 1596 -0.0586454 -0.0113382 0.132035 -0.0659774 -4.82216 92.6256 
0.916877 0.318365 103819 1 1.52656 0.616346 607 1 1598 -0.0570012 -0.00828407 0.132666 -0.056069 -4.82871 92.6776 
0.928087 0.315229 103898 1 1.52656 0.616346 608 1 1600 -0.0577394 -0.00566144 0.131247 -0.0501905 -4.81387 92.7058 
1.00056 0.337809 103939 1 1.52656 0.616346 609 1 1601 -0.0572618 -0.00490973 0.131513 -0.0493987 -4.82596 92.6973 
1.06069 0.341263 104018 1 1.52656 0.616346 610 1 1603 -0.0574256 -0.00296417 0.13151 -0.0415609 -4.83495 92.6725 
1.06484 0.341155 104099 1 1.52656 0.616346 611 1 1605 -0.0585201 -0.00321701 0.131867 -0.0429943 -4.83114 92.6586 
1.06768 0.349856 104139 1 1.52656 0.616346 612 1 1606 -0.0578108 -0.00329448 0.133451 -0.0419911 -4.84774 92.6527 
1.07387 0.350132 104219 1 1.52656 0.616346 613 1 1608 -0.0576855 -0.00275612 0.133879 -0.0332634 -4.84952 92.6516 
1.0579 0.350197 104299 1 1.52656 0.616346 614 1 1610 -0.05789 -0.00397332 0.133851 -0.0493864 -4.85174 92.6685 
1.05594 0.340376 104339 1 1.52656 0.616346 615 1 1611 -0.0584878 -0.00312755 0.132919 -0.0430362 -4.84049 92.6842 
1.05272 0.348777 104419 1 1.52656 0.616346 616 1 1613 -0.0587276 -0.00247142 0.133647 -0.0448039 -4.85137 92.6424 
1.04639 0.355826 104500 1 1.52656 0.616346 617 1 1615 -0.0587516 -0.00406145 0.131873 -0.0604014 -4.82782 92.6027 
0.957821 0.34407 104540 1 1.52656 0.616346 618 1 1616 -0.0584186 -0.00283969 0.131333 -0.0513023 -4.82436 92.6444 
0.856222 0.334459 104620 1 1.52656 0.616346 619 1 1618 -0.0582749 -0.000840031 0.129906 -0.02354 -4.80777 92.6678 
0.851102 0.337502 104699 1 1.52656 0.616346 620 1 1620 -0.0578274 -0.002877 0.129881 -0.040115 -4.81283 92.6366 
0.780802 0.334254 104780 1 1.52656 0.616346 621 1 1622 -0.0586961 -0.00333292 0.129224 -0.038045 -4.80067 92.6389 
0.757935 0.333306 104820 1 1.52656 0.616346 622 1 1623 -0.0583176 -0.0031457 0.12906 -0.0387246 -4.79653 92.6485 
0.759198 0.339494 104900 1 1.52656 0.616346 623 1 1625 -0.0591595 -0.00231375 0.131002 -0.0400259 -4.80951 92.6584 
0.679569 0.365043 104981 1 1.52656 0.616346 624 1 1627 -0.0586595 -0.000760481 0.131023 -0.0352191 -4.80606 92.6809 
0.669362 0.364832 105020 1 1.52656 0.616346 625 1 1628 -0.0583618 -0.00210315 0.131213 -0.0539049 -4.80746 92.6732 
0.672669 0.365133 105100 1 1.52656 0.616346 626 1 1630 -0.0592337 -0.00150729 0.13103 -0.0415231 -4.80317 92.6513 
0.696499 0.360548 105181 1 1.52656 0.616346 627 1 1632 -0.0588428 -0.00229859 0.129595 -0.0295645 -4.78697 92.6106 
0.902831 0.381111 105221 1 1.52656 0.616346 628 1 1633 -0.0582722 -0.00275936 0.129106 -0.034359 -4.78225 92.6013 
0.980312 0.344045 105301 1 1.52656 0.616346 629 1 1635 -0.0581038 -0.00252165 0.128823 -0.0332989 -4.78141 92.5881 
0.993285 0.347618 105381 1 1.52656 0.616346 630 1 1637 -0.0582101 -0.00209323 0.129089 -0.0353941 -4.79295 92.6124 
1.05528 0.357837 105421 1 1.52656 0.616346 631 1 1638 -0.0586312 -0.00283617 0.129378 -0.0510401 -4.79344 92.5952 
1.06975 0.362228 105501 1 1.52656 0.616346 632 1 1640 -0.0590881 -0.00419663 0.131811 -0.071394 -4.81777 92.5828 
1.07116 0.353327 105582 1 1.52656 0.616346 633 1 1642 -0.059833 -0.00276673 0.131537 -0.0613725 -4.80611 92.6314 
1.08039 0.369218 105662 1 1.52656 0.616346 634 1 1644 -0.0600683 -0.00145002 0.133787 -0.0561064 -4.81957 92.6581 
1.0795 0.368301 105702 1 1.52656 0.616346 635 1 1645 -0.0598913 -0.0010295 0.133707 -0.0539203 -4.81431 92.6781 
1.09009 0.361971 105781 1 1.52656 0.616346 636 1 1647 -0.059222 -0.000196225 0.133114 -0.0615528 -4.80284 92.6662 
1.09267 0.357709 105862 1 1.52656 0.616346 637 1 1649 -0.0599496 0.000846289 0.134042 -0.0796156 -4.81513 92.6775 
1.09637 0.360179 105902 1 1.52656 0.616346 638 1 1650 -0.0605033 0.00213563 0.133698 -0.0701131 -4.80696 92.6738 
1.10309 0.358271 105982 1 1.52656 0.616346 639 1 1652 -0.0613238 0.00503167 0.132913 -0.0489624 -4.79483 92.6694 
0.902428 0.366849 106063 1 1.52656 0.616346 640 1 1654 -0.0617073 0.00257632 0.13475 -0.0703566 -4.82201 92.7156 
0.877197 0.372028 106103 1 1.52656 0.616346 641 1 1655 -0.06168 0.00244014 0.132641 -0.06525 -4.80592 92.7246 
0.882411 0.384276 106182 1 1.52656 0.616346 642 1 1657 -0.0618003 0.00537127 0.132876 -0.0238519 -4.81123 92.6782 
0.882411 0.384276 106182 1 1.52656 0.616346 643 1 1657 -0.0618003 0.00537127 0.132876 -0.0238519 -4.81123 92.6782 
0.875419 0.378032 106222 1 1.52656 0.616346 644 1 1658 -0.0616691 0.00420604 0.132193 -0.0345807 -4.80141 92.7059 
0.872929 0.371511 106383 1 1.52656 0.616346 645 1 1662 -0.0610462 0.00516068 0.132331 -0.0227477 -4.80432 92.7551 
0.743713 0.364381 106463 1 1.52656 0.616346 646 1 1664 -0.0618716 0.00417416 0.131204 -0.0313106 -4.78978 92.7919 
0.738439 0.367922 106543 1 1.52656 0.616346 647 1 1666 -0.0605125 0.00442047 0.132449 -0.0330741 -4.80504 92.781 
0.737686 0.373127 106583 1 1.52656 0.616346 648 1 1667 -0.0607177 0.0040529 0.131613 -0.0373926 -4.79863 92.7727 
0.732224 0.360421 106665 1 1.52656 0.616346 649 1 1669 -0.0608126 0.0039436 0.131009 -0.0503595 -4.80096 92.7711 
0.727754 0.354278 106744 1 1.52656 0.616346 650 1 1671 -0.0616559 0.00279282 0.130378 -0.0620655 -4.80107 92.7684 
0.720272 0.301951 106784 1 1.52656 0.616346 651 1 1672 -0.0609489 0.00300241 0.129236 -0.0557958 -4.79709 92.7761 
0.715097 0.308138 106866 1 1.52656 0.616346 652 1 1674 -0.0615318 0.00235458 0.130615 -0.0635635 -4.81809 92.7571 
0.686829 0.305751 106944 1 1.52656 0.616346 653 1 1676 -0.0624019 0.000706591 0.131119 -0.0723923 -4.81246 92.7559 
0.60793 0.307991 107024 1 1.52656 0.616346 654 1 1678 -0.0614692 0.00249573 0.131206 -0.0507394 -4.81041 92.7817 
0.609236 0.30117 107105 1 1.52656 0.616346 655 1 1680 -0.0610334 0.00468146 0.130455 -0.0263462 -4.80292 92.7597 
0.575126 0.306712 107185 1 1.52656 0.616346 656 1 1682 -0.0620372 0.00300308 0.130462 -0.0462768 -4.80239 92.7558 
0.576662 0.305365 107225 1 1.52656 0.616346 657 1 1683 -0.0611763 0.00388861 0.130256 -0.0402155 -4.80432 92.7354 
0.567838 0.294894 107305 1 1.52656 0.616346 658 1 1685 -0.0612839 0.00281445 0.128333 -0.0421385 -4.78305 92.6967 
0.565876 0.297937 107385 1 1.52656 0.616346 659 1 1687 -0.0607084 0.00227848 0.12821 -0.03967 -4.78797 92.6898 
0.560804 0.302795 107425 1 1.52656 0.616346 660 1 1688 -0.0613705 0.00106924 0.128607 -0.0437177 -4.79097 92.7074 
0.429702 0.272808 107505 1 1.52656 0.616346 661 1 1690 -0.0613439 -0.00146059 0.128383 -0.0609817 -4.79265 92.6981 
0.411689 0.270704 107586 1 1.52656 0.616346 662 1 1692 -0.0616071 -0.00244349 0.129298 -0.0643532 -4.80313 92.7031 
0.413706 0.265494 107626 1 1.52656 0.616346 663 1 1693 -0.061375 -0.00244102 0.129566 -0.0582362 -4.80426 92.6945 
0.382122 0.267748 107705 1 1.52656 0.616346 664 1 1695 -0.0611919 -0.00347412 0.129588 -0.061257 -4.8096 92.6929 
0.378068 0.256484 107745 1 1.52656 0.616346 665 1 1696 -0.0616767 -0.00423837 0.130003 -0.0649522 -4.80974 92.7107 
0.373097 0.259693 107826 1 1.52656 0.616346 666 1 1698 -0.0612603 -0.00609228 0.129873 -0.0748007 -4.80766 92.6791 
0.372482 0.272927 107906 1 1.52656 0.616346 667 1 1700 -0.0613247 -0.005608 0.128983 -0.0653551 -4.79994 92.647 
0.367413 0.278374 107987 1 1.52656 0.616346 668 1 1702 -0.0614913 -0.00761879 0.128973 -0.0750324 -4.80329 92.6198 
0.36736 0.283012 108026 1 1.52656 0.616346 669 1 1703 -0.0616681 -0.00727648 0.129 -0.069969 -4.80611 92.6156 
0.369197 0.285367 108106 1 1.52656 0.616346 670 1 1705 -0.0622711 -0.00685525 0.129291 -0.0612997 -4.80648 92.6683 
0.273862 0.24906 108187 1 1.52656 0.616346 671 1 1707 -0.0622561 -0.00786556 0.128884 -0.0688999 -4.81229 92.6676 
0.278212 0.23997 108227 1 1.52656 0.616346 672 1 1708 -0.0625088 -0.00693336 0.128769 -0.0578395 -4.80827 92.6287 
0.273296 0.239594 108307 1 1.52656 0.616346 673 1 1710 -0.0629366 -0.00853158 0.129171 -0.0670053 -4.80651 92.6579 
0.271291 0.23827 108347 1 1.52656 0.616346 674 1 1711 -0.0630853 -0.00956934 0.129704 -0.075834 -4.80895 92.6578 
0.263088 0.228477 108427 1 1.52656 0.616346 675 1 1713 -0.0645963 -0.0096692 0.128966 -0.0818492 -4.79476 92.7283 
0.292448 0.224721 108507 1 1.52656 0.616346 676 1 1715 -0.0639293 -0.00779199 0.128682 -0.0683247 -4.79646 92.6801 
0.294826 0.224465 108587 1 1.52656 0.616346 677 1 1717 -0.0642562 -0.0083219 0.128949 -0.0781422 -4.80766 92.7054 
0.283888 0.229081 108627 1 1.52656 0.616346 678 1 1718 -0.0650689 -0.00831056 0.129052 -0.0783164 -4.80708 92.7154 
0.215667 0.268777 108708 1 1.52656 0.616346 679 1 1720 -0.0650784 -0.00715024 0.128579 -0.0624256 -4.80688 92.7359 
0.207402 0.266796 108787 1 1.52656 0.616346 680 1 1722 -0.0656575 -0.00807935 0.128985 -0.0738435 -4.80927 92.7252 
0.209656 0.260812 108827 1 1.52656 0.616346 681 1 1723 -0.0651256 -0.00837403 0.128452 -0.0776841 -4.80841 92.7132 
0.207621 0.264106 108908 1 1.52656 0.616346 682 1 1725 -0.0656412 -0.00804133 0.129726 -0.0719805 -4.82172 92.7011 
0.196468 0.189292 108949 1 1.52656 0.616346 683 1 1726 -0.0660248 -0.00781589 0.129103 -0.071231 -4.81169 92.7236 
0.203466 0.159566 109028 1 1.52656 0.616346 684 1 1728 -0.0653798 -0.00541535 0.129412 -0.0427506 -4.81363 92.7145 
0.202056 0.157413 109109 1 1.52656 0.616346 685 1 1730 -0.0653013 -0.00597785 0.128271 -0.0458443 -4.80049 92.6989 
0.210007 0.0949204 109188 1 1.52656 0.616346 686 1 1732 -0.0650236 -0.0048932 0.128553 -0.0432973 -4.80965 92.6924 
0.211206 0.0800906 109268 1 1.52656 0.616346 687 1 1734 -0.0656468 -0.00539189 0.12878 -0.0480797 -4.81269 92.6557 
0.212011 0.0779448 109308 1 1.52656 0.616346 688 1 1735 -0.0657366 -0.00534844 0.128602 -0.0482183 -4.81125 92.6567 
0.212011 0.0779448 109308 1 1.52656 0.616346 689 1 1735 -0.0657366 -0.00534844 0.128602 -0.0482183 -4.81125 92.6567 
0.279007 0.0672356 109469 1 1.52656 0.616346 690 1 1739 -0.0661537 -0.00546885 0.127892 -0.054062 -4.8101 92.6722 
0.276072 0.0746193 109510 1 1.52656 0.616346 691 1 1740 -0.0658909 -0.00610725 0.129295 -0.065614 -4.83527 92.6915 
0.273752 0.0852278 109589 1 1.52656 0.616346 692 1 1742 -0.0675328 -0.00720861 0.130394 -0.0784449 -4.84458 92.7071 
0.271127 0.0809271 109669 1 1.52656 0.616346 693 1 1744 -0.0677577 -0.00553651 0.129858 -0.0680894 -4.83276 92.6813 
0.272727 0.0856353 109750 1 1.52656 0.616346 694 1 1746 -0.0674653 -0.00643362 0.130068 -0.0746627 -4.83154 92.6889 
0.269064 0.0908948 109790 1 1.52656 0.616346 695 1 1747 -0.0675431 -0.00743737 0.131003 -0.0882328 -4.8433 92.6682 
0.276547 0.0979842 109870 1 1.52656 0.616346 696 1 1749 -0.0671663 -0.00623574 0.131603 -0.0916537 -4.86213 92.6659 
0.521593 0.0982815 109911 1 1.52656 0.616346 697 1 1750 -0.0684892 -0.00657658 0.131019 -0.108956 -4.85263 92.6704 
1.00992 0.160201 109990 1 1.52656 0.616346 698 1 1752 -0.0687862 -0.00592554 0.130783 -0.1164 -4.85924 92.6814 
1.03006 0.139004 110070 1 1.52656 0.616346 699 1 1754 -0.069743 -0.0048656 0.130416 -0.0928742 -4.85841 92.6615 
1.02671 0.110028 110150 1 1.52656 0.616346 700 1 1756 -0.0690841 -0.00752252 0.130373 -0.102631 -4.86455 92.6259 
1.03277 0.113397 110190 1 1.52656 0.616346 701 1 1757 -0.0695441 -0.00702849 0.131589 -0.0893378 -4.87494 92.5843 
1.05868 0.0938889 110271 1 1.52656 0.616346 702 1 1759 -0.0701946 -0.00799821 0.132755 -0.097747 -4.87178 92.6453 
1.06085 0.085663 110350 1 1.52656 0.616346 703 1 1761 -0.0691676 -0.00653225 0.133224 -0.0954289 -4.87463 92.6252 
1.0661 0.082983 110390 1 1.52656 0.616346 704 1 1762 -0.0695562 -0.00689091 0.13236 -0.100231 -4.86249 92.6541 
1.08035 0.103707 110471 1 1.52656 0.616346 705 1 1764 -0.0702299 -0.00628062 0.132783 -0.0986345 -4.861 92.6461 
1.08389 0.118137 110551 1 1.52656 0.616346 706 1 1766 -0.0703449 -0.00846122 0.132712 -0.0987036 -4.86062 92.6005 
1.10423 0.111286 110591 1 1.52656 0.616346 707 1 1767 -0.0704831 -0.0102924 0.13173 -0.106752 -4.85096 92.5987 
1.11038 0.100041 110671 1 1.52656 0.616346 708 1 1769 -0.0693852 -0.0107179 0.131582 -0.103007 -4.85376 92.6056 
1.11196 0.103783 110751 1 1.52656 0.616346 709 1 1771 -0.0688753 -0.00927739 0.132089 -0.0919651 -4.85604 92.6185 
1.11437 0.104132 110791 1 1.52656 0.616346 710 1 1772 -0.0691411 -0.00802222 0.132376 -0.0843364 -4.85737 92.6134 
1.02698 0.116286 110872 1 1.52656 0.616346 711 1 1774 -0.069274 -0.00814427 0.132046 -0.0928782 -4.85248 92.616 
0.535189 0.192463 110952 1 1.52656 0.616346 712 1 1776 -0.0688455 -0.0065743 0.132208 -0.0767952 -4.84409 92.6356 
0.51738 0.201927 110991 1 1.52656 0.616346 713 1 1777 -0.0687275 -0.00746568 0.133062 -0.0835363 -4.84949 92.6615 
0.523637 0.257374 111071 1 1.52656 0.616346 714 1 1779 -0.0688071 -0.0079173 0.132552 -0.0807892 -4.83115 92.6894 
0.702955 0.618106 111152 1 1.52656 0.616346 715 1 1781 -0.0668278 -0.00649619 0.12924 -0.0658194 -4.79978 92.7407 
0.696145 0.61966 111192 1 1.52656 0.616346 716 1 1782 -0.066921 -0.00740016 0.129223 -0.0708666 -4.79891 92.6985 
0.701417 0.62937 111272 1 1.52656 0.616346 717 1 1784 -0.0651192 -0.00710457 0.129182 -0.0717986 -4.79541 92.723 
0.704107 0.648807 111313 1 1.52656 0.616346 718 1 1785 -0.0648266 -0.00607356 0.130285 -0.0676589 -4.80594 92.7478 
0.700232 0.731371 111392 1 1.52656 0.616346 719 1 1787 -0.0648318 -0.00564059 0.130011 -0.0693429 -4.80374 92.7786 
0.689362 0.729527 111472 1 1.52656 0.616346 720 1 1789 -0.0653245 -0.00468814 0.130039 -0.0649015 -4.8101 92.7722 
0.698082 0.688322 111512 1 1.52656 0.616346 721 1 1790 -0.0654104 -0.00570299 0.130136 -0.0747084 -4.80595 92.7534 
0.705168 0.469607 111593 1 1.52656 0.616346 722 1 1792 -0.0667188 -0.00564003 0.132798 -0.0713483 -4.82593 92.7641 
0.59531 0.256177 111673 1 1.52656 0.616346 723 1 1794 -0.0659868 -0.00471906 0.132348 -0.0574543 -4.82108 92.6986 
0.241894 -0.214547 111753 1 1.52656 0.616346 724 0 1796 -0.0698007 -0.00289947 0.143079 -0.0430064 -4.94737 92.1612 
0.208318 -0.23675 111793 1 1.52656 0.616346 725 0 1797 -0.0743465 -0.00406795 0.143396 -0.0568269 -4.95903 92.061 
0.1753 -0.291253 111873 1 1.52656 0.616346 726 0 1799 -0.0799204 -0.00603376 0.147015 -0.0819546 -5.0141 91.8074 
0.171914 -0.322776 111913 1 1.52656 0.616346 727 0 1800 -0.0812734 -0.00538138 0.148011 -0.0787687 -5.03113 91.709 
0.189321 -0.299161 111994 1 1.52656 0.616346 728 0 1802 -0.0818343 -0.00559558 0.152133 -0.0848838 -5.08461 91.4973 
0.21426 -0.285127 112074 1 1.52656 0.616346 729 0 1804 -0.0833255 -0.0045911 0.15428 -0.0784999 -5.11103 91.3404 
0.23687 -0.290959 112113 1 1.52656 0.616346 730 0 1805 -0.083649 -0.00477999 0.154041 -0.0846876 -5.10973 91.3643 
0.23687 -0.290959 112113 1 1.52656 0.616346 731 0 1805 -0.083649 -0.00477999 0.154041 -0.0846876 -5.10973 91.3643 
0.300326 -0.325757 112274 1 1.52656 0.616346 732 0 1809 -0.0846741 -0.00418591 0.153329 -0.0812691 -5.08429 91.5498 
0.352329 -0.332456 112355 1 1.52656 0.616346 733 0 1811 -0.0839477 -0.00557908 0.154982 -0.0969402 -5.09684 91.5719 
0.375349 2.06789 112435 1 1.52656 0.616346 734 0 1813 -0.0818468 -0.00570271 0.150221 -0.0887858 -5.02704 91.766 
0.375349 2.06789 112435 1 1.52656 0.616346 735 0 1813 -0.0818468 -0.00570271 0.150221 -0.0887858 -5.02704 91.766 
0.375349 2.06789 112435 1 1.52656 0.616346 736 0 1813 -0.0818468 -0.00570271 0.150221 -0.0887858 -5.02704 91.766 
0.556856 0.945727 112635 1 1.52656 0.616346 737 1 1818 -0.0824982 -0.00820633 0.142459 -0.119223 -4.91471 92.4381 
0.572609 0.881792 112675 1 1.52656 0.616346 738 1 1819 -0.081263 -0.00751657 0.141903 -0.115663 -4.90438 92.4946 
0.629822 0.653501 112755 1 1.52656 0.616346 739 1 1821 -0.0798629 -0.00706446 0.139009 -0.106729 -4.86351 92.5935 
0.642257 0.628096 112795 1 1.52656 0.616346 740 1 1822 -0.0778155 -0.00502006 0.138364 -0.0883854 -4.85914 92.5837 
0.63855 0.457365 112875 1 1.52656 0.616346 741 1 1824 -0.0760559 -0.00444247 0.138523 -0.0840636 -4.84989 92.6294 
0.636481 0.306688 112956 1 1.52656 0.616346 742 1 1826 -0.0741271 -0.0048193 0.138622 -0.0892167 -4.83472 92.59 
0.626265 0.296681 113035 1 1.52656 0.616346 743 1 1828 -0.0737293 -0.00754143 0.138874 -0.113405 -4.83414 92.6438 
0.624117 0.299678 113076 1 1.52656 0.616346 744 1 1829 -0.073743 -0.00781551 0.139186 -0.111698 -4.8365 92.6657 
0.622796 0.182064 113156 1 1.52656 0.616346 745 1 1831 -0.0732595 -0.00809724 0.140606 -0.110048 -4.85192 92.6231 
0.623501 0.176856 113236 1 1.52656 0.616346 746 1 1833 -0.072903 -0.00772936 0.139758 -0.105629 -4.84084 92.6329 
0.626992 0.184791 113316 1 1.52656 0.616346 747 1 1835 -0.0725043 -0.00655693 0.13992 -0.0892978 -4.84711 92.619 
0.62532 0.184467 113396 1 1.52656 0.616346 748 1 1837 -0.0727459 -0.00607387 0.13868 -0.0882533 -4.82965 92.5554 
0.518349 0.233951 113436 1 1.52656 0.616346 749 1 1838 -0.0725374 -0.00518553 0.138099 -0.0770124 -4.82286 92.5745 
0.365014 0.297289 113517 1 1.52656 0.616346 750 1 1840 -0.0726608 -0.00766723 0.139059 -0.101483 -4.83528 92.5958 
0.356693 0.297001 113597 1 1.52656 0.616346 751 1 1842 -0.0731882 -0.00982235 0.139883 -0.115856 -4.83617 92.6013 
0.350412 0.293006 113636 1 1.52656 0.616346 752 1 1843 -0.0736102 -0.0092793 0.140316 -0.109299 -4.83697 92.6113 
0.357267 0.280543 113716 1 1.52656 0.616346 753 1 1845 -0.0735261 -0.00834492 0.139365 -0.0925765 -4.81331 92.6354 
0.366066 0.210936 113797 1 1.52656 0.616346 754 1 1847 -0.07269 -0.00828469 0.139408 -0.0918741 -4.81492 92.6887 
0.366354 0.212392 113838 1 1.52656 0.616346 755 1 1848 -0.0725839 -0.00828923 0.139377 -0.0918094 -4.81538 92.6875 
0.30481 0.20261 113917 1 1.52656 0.616346 756 1 1850 -0.0730352 -0.0114048 0.141064 -0.116192 -4.8389 92.6674 
0.175835 0.251678 113997 1 1.52656 0.616346 757 1 1852 -0.074906 -0.0152666 0.139563 -0.140697 -4.83516 92.6852 
0.160693 0.256992 114077 1 1.52656 0.616346 758 1 1854 -0.0777286 -0.0190704 0.14107 -0.153359 -4.85966 92.7044 
0.148205 0.240964 114118 1 1.52656 0.616346 759 1 1855 -0.0794407 -0.0229119 0.138815 -0.176882 -4.84106 92.7085 
0.135552 0.235165 114199 1 1.52656 0.616346 760 1 1857 -0.0822186 -0.028642 0.13741 -0.198591 -4.83715 92.6824 
0.243661 0.275861 114279 1 1.52656 0.616346 761 1 1859 -0.0835474 -0.0322629 0.137062 -0.217555 -4.85317 92.6794 
0.248804 0.275812 114319 1 1.52656 0.616346 762 1 1860 -0.0842319 -0.0315671 0.136595 -0.200088 -4.85848 92.6536 
0.238056 0.286142 114398 1 1.52656 0.616346 763 1 1862 -0.0868256 -0.0363474 0.136321 -0.229943 -4.87491 92.6465 
0.566304 0.35297 114478 1 1.52656 0.616346 764 1 1864 -0.0891733 -0.0425753 0.133769 -0.285963 -4.8748 92.7872 
0.601113 0.358691 114518 1 1.52656 0.616346 765 1 1865 -0.088217 -0.0362044 0.135527 -0.208576 -4.92199 92.9698 
0.623137 0.398003 114599 1 1.52656 0.616346 766 1 1867 -0.0882331 -0.0284597 0.139558 -0.115794 -5.01913 93.2905 
0.617221 0.434228 114679 1 1.52656 0.616346 767 1 1869 -0.0902465 -0.0242137 0.144618 -0.0846469 -5.12007 93.446 
0.628013 0.41287 114719 1 1.52656 0.616346 768 1 1870 -0.0919611 -0.0207191 0.142484 -0.0545223 -5.10052 93.4293 
0.649411 0.38155 114799 1 1.52656 0.616346 769 1 1872 -0.0938176 -0.0142557 0.144525 0.00178567 -5.14441 93.5011 
0.652714 0.369847 114879 1 1.52656 0.616346 770 1 1874 -0.0931641 -0.0108892 0.140535 0.016994 -5.10387 93.3757 
0.669742 0.361381 114919 1 1.52656 0.616346 771 1 1875 -0.09171 -0.00778267 0.138374 0.031446 -5.08371 93.3251 
0.671336 0.31255 114999 1 1.52656 0.616346 772 1 1877 -0.088538 -0.00385781 0.135602 0.0226924 -5.05428 93.1566 
0.703705 0.28532 115080 1 1.52656 0.616346 773 1 1879 -0.0865916 0.00310114 0.13273 0.0466953 -5.02171 93.0863 
0.708996 0.287207 115119 1 1.52656 0.616346 774 1 1880 -0.0853112 0.00654381 0.133039 0.0576033 -5.02497 93.0449 
0.803763 0.297393 115201 1 1.52656 0.616346 775 1 1882 -0.083751 0.0138773 0.134667 0.0844288 -5.04467 93.0227 
0.916684 0.25986 115280 1 1.52656 0.616346 776 1 1884 -0.0838933 0.0207042 0.12984 0.0834305 -4.99943 92.8553 
0.941613 0.245133 115320 1 1.52656 0.616346 777 1 1885 -0.0839833 0.0261424 0.129434 0.097215 -5.00792 92.8096 
0.961599 0.231151 115401 1 1.52656 0.616346 778 1 1887 -0.0892433 0.0379207 0.127907 0.118101 -5.01148 92.7141 
0.975333 0.222855 115480 1 1.52656 0.616346 779 1 1889 -0.0967342 0.0394919 0.126132 0.0455876 -4.98959 92.6043 
0.986636 0.230449 115520 1 1.52656 0.616346 780 1 1890 -0.0986777 0.0405699 0.125841 0.00989997 -4.98795 92.5567 
0.986188 0.228489 115560 1 1.52656 0.616346 781 1 1891 -0.100808 0.0384012 0.125126 -0.0533224 -4.98193 92.6261 
0.986188 0.228489 115560 1 1.52656 0.616346 782 1 1891 -0.100808 0.0384012 0.125126 -0.0533224 -4.98193 92.6261 
1.00775 0.243359 115721 1 1.52656 0.616346 783 1 1895 -0.103419 0.0502889 0.127348 -0.0292919 -5.0015 92.6606 
0.953217 0.296884 115804 1 1.52656 0.616346 784 1 1897 -0.103186 0.0372297 0.130287 -0.19197 -5.06256 92.8825 
0.760567 0.454348 115881 1 1.52656 0.616346 785 1 1899 -0.102641 0.0316522 0.128411 -0.202557 -5.07108 92.9237 
0.763987 0.438007 115921 1 1.52656 0.616346 786 1 1900 -0.101393 0.0293488 0.126832 -0.18554 -5.05201 92.9501 
0.753828 0.424312 116001 1 1.52656 0.616346 787 1 1902 -0.0983885 0.0222039 0.126164 -0.199744 -5.05388 92.9581 
0.649746 0.354335 116081 1 1.52656 0.616346 788 1 1904 -0.0955356 0.0215001 0.123684 -0.18472 -5.0408 92.8608 
0.629403 0.325512 116162 1 1.52656 0.616346 789 1 1906 -0.0946366 0.0233356 0.120711 -0.165897 -5.01469 92.7592 
0.614064 0.328031 116202 1 1.52656 0.616346 790 1 1907 -0.0958171 0.023067 0.121561 -0.177264 -5.01072 92.7411 
0.589949 0.31806 116281 1 1.52656 0.616346 791 1 1909 -0.0968984 0.0239821 0.123133 -0.159835 -5.01338 92.7488 
0.555751 0.317464 116362 1 1.52656 0.616346 792 1 1911 -0.0964103 0.0192278 0.124049 -0.171353 -5.03092 92.6885 
0.429128 0.243924 116402 1 1.52656 0.616346 793 1 1912 -0.0968807 0.0170416 0.123269 -0.172318 -5.01053 92.623 
0.405134 0.20556 116482 1 1.52656 0.616346 794 1 1914 -0.0948071 0.0141411 0.124241 -0.164685 -5.00373 92.637 
0.409241 0.172106 116565 1 1.52656 0.616346 795 1 1916 -0.0943796 0.0133175 0.123398 -0.152784 -4.95926 92.6167 
0.430421 0.133854 116642 1 1.52656 0.616346 796 1 1918 -0.0919973 0.0141213 0.124258 -0.139525 -4.95152 92.5757 
0.426432 0.123632 116682 1 1.52656 0.616346 797 1 1919 -0.0921852 0.0115294 0.124597 -0.150344 -4.94739 92.5574 
0.414417 0.129385 116763 1 1.52656 0.616346 798 1 1921 -0.0904446 0.00790752 0.125126 -0.170179 -4.94131 92.5875 
0.398546 0.214572 116843 1 1.52656 0.616346 799 1 1923 -0.0903507 0.00792851 0.128089 -0.180191 -4.95394 92.6651 
0.401095 0.22182 116923 1 1.52656 0.616346 800 1 1925 -0.0900626 0.00738809 0.129689 -0.204684 -4.97273 92.779 
0.39578 0.21551 116963 1 1.52656 0.616346 801 1 1926 -0.0906115 0.0061232 0.129326 -0.229044 -4.977 92.8253 
0.470962 0.235021 117043 1 1.52656 0.616346 802 1 1928 -0.0899548 0.00894305 0.127431 -0.233219 -4.97565 92.9112 
0.727534 0.378818 117083 1 1.52656 0.616346 803 1 1929 -0.0899608 0.00956649 0.129597 -0.238936 -5.01066 92.9871 
0.783655 0.367174 117163 1 1.52656 0.616346 804 1 1931 -0.0918042 0.00880397 0.12626 -0.230367 -4.98194 92.9908 
0.800479 0.341807 117244 1 1.52656 0.616346 805 1 1933 -0.0893461 0.0105196 0.125427 -0.19267 -4.98356 92.9593 
0.801912 0.345721 117284 1 1.52656 0.616346 806 1 1934 -0.0889978 0.0101031 0.125728 -0.185063 -4.99132 92.9178 
0.817362 0.324968 117363 1 1.52656 0.616346 807 1 1936 -0.0887168 0.011322 0.123881 -0.144365 -4.95326 92.9014 
0.923455 0.133513 117445 1 1.52656 0.616346 808 1 1938 -0.0885082 0.0114406 0.124907 -0.146562 -4.96524 92.8044 
0.925054 0.113974 117484 1 1.52656 0.616346 809 1 1939 -0.0887208 0.0109464 0.124672 -0.158254 -4.96203 92.8789 
0.933109 0.125481 117564 1 1.52656 0.616346 810 1 1941 -0.0888875 0.0118475 0.126189 -0.186146 -4.99247 92.8659 
0.961697 0.16442 117647 1 1.52656 0.616346 811 1 1943 -0.0871898 0.0207469 0.129586 -0.166406 -5.05755 92.8932 
1.0296 0.206798 117685 1 1.52656 0.616346 812 1 1944 -0.0858503 0.0261225 0.130935 -0.156406 -5.08996 93.0093 
1.08862 0.263197 117764 1 1.52656 0.616346 813 1 1946 -0.0836531 0.0394917 0.139466 -0.111656 -5.27762 92.9517 
1.12808 0.297062 117846 1 1.52656 0.616346 814 1 1948 -0.0793791 0.0574656 0.14088 -0.00275016 -5.41241 92.8319 
1.13989 0.284045 117885 1 1.52656 0.616346 815 1 1949 -0.0769062 0.0652498 0.137835 0.0239987 -5.46977 93.0599 
1.1407 0.25852 117965 1 1.52656 0.616346 816 1 1951 -0.0714076 0.0686785 0.128304 -0.0835658 -5.61533 94.116 
1.08605 0.275936 118005 1 1.52656 0.616346 817 1 1952 -0.0692177 0.0671632 0.124179 -0.187554 -5.6958 94.4694 
0.88073 0.306246 118085 1 1.52656 0.616346 818 1 1954 -0.0664796 0.0482743 0.11203 -0.539344 -5.88302 95.5293 
0.751453 0.26734 118165 1 1.52656 0.616346 819 1 1956 -0.0732079 0.0462052 0.0816806 -0.646879 -5.88938 95.8526 
0.757362 0.242246 118246 1 1.52656 0.616346 820 1 1958 -0.0592803 0.0518195 0.0710011 -0.653429 -5.93778 95.8595 
0.763789 0.297835 118327 1 1.52656 0.616346 821 1 1960 -0.065635 0.0589772 0.0784399 -0.678845 -6.01299 95.3922 
0.731992 0.337622 118366 1 1.52656 0.616346 822 1 1961 -0.0728882 0.0586587 0.0822424 -0.715503 -6.00965 95.1846 
0.636007 0.585037 118486 1 1.52656 0.616346 823 1 1964 -0.0914496 0.0681438 0.0906768 -0.544134 -5.87672 94.2522 
0.686218 0.574181 118525 1 1.52656 0.616346 824 1 1965 -0.0933566 0.0781734 0.093307 -0.36778 -5.84908 93.9334 
0.788733 0.522173 118606 1 1.52656 0.616346 825 1 1967 -0.0960029 0.100341 0.0854535 0.0198104 -5.66816 93.2588 
0.833871 0.488078 118647 1 1.52656 0.616346 826 1 1968 -0.0944809 0.106879 0.080845 0.155513 -5.61159 93.1042 
0.879165 0.436363 118686 1 1.46198 0.608654 827 1 1969 -0.0899207 0.114593 0.0748739 0.28728 -5.57245 92.9299 
0.879165 0.436363 118686 1 1.22969 0.803846 828 1 1969 -0.0899207 0.114593 0.0748739 0.28728 -5.57245 92.9299 
0.658617 0.233912 118847 1 0.939063 1 829 1 1973 -0.0889093 0.0992287 0.0469767 0.293936 -5.39377 92.7853 
0.684098 0.245471 118926 1 0.793229 0.988462 830 1 1975 -0.0860559 0.100472 0.0452142 0.387769 -5.41055 92.7328 
0.688934 0.19673 119007 1 0.793229 0.973077 831 1 1977 -0.0839434 0.0903601 0.0385145 0.355005 -5.38571 92.489 
0.601182 0.158252 119088 1 0.794271 0.876923 832 1 1979 -0.0837328 0.0673434 0.0303782 0.171565 -5.39965 92.6863 
0.557861 0.159497 119127 1 0.775 0.815385 833 1 1980 -0.0841348 0.0555704 0.0276325 0.07777 -5.41609 92.714 
0.500015 0.171592 119207 1 0.795312 0.809615 834 1 1982 -0.0860123 0.0435483 0.0154436 0.0240418 -5.33963 92.5123 
0.638293 0.31366 119287 1 0.909896 0.752885 835 1 1984 -0.0888278 0.0187753 0.0167845 -0.153869 -5.40941 92.2181 
0.586492 0.340674 119368 1 0.871875 0.7125 836 1 1986 -0.0948641 0.00581038 0.0159148 -0.183678 -5.35909 91.5844 
0.615056 0.414547 119448 1 0.823438 0.682692 837 1 1988 -0.0985683 0.01088 0.0266839 -0.0778521 -5.4051 90.9286 
0.631921 0.437593 119488 1 0.802083 0.669231 838 1 1989 -0.0997256 0.0121086 0.0325286 -0.0581889 -5.45022 90.7155 
0.601604 0.575328 119569 1 0.802083 0.667308 839 1 1991 -0.0993166 0.0232363 0.0460274 0.0316775 -5.50378 90.3606 
0.514264 0.769751 119648 1 0.801562 0.667308 840 0 1993 -0.0980282 0.0246808 0.0509622 0.0145653 -5.46941 90.4593 
0.4975 0.747673 119688 1 0.801562 0.671154 841 1 1994 -0.0953128 0.0228879 0.0509589 -0.0218222 -5.46815 90.5402 
0.471503 0.712382 119809 1 0.801562 0.671154 842 1 1997 -0.0917551 0.0154582 0.0480734 -0.0417372 -5.43718 90.4159 
0.461616 0.791537 119848 1 0.801562 0.671154 843 1 1998 -0.0967504 0.0148647 0.0579225 0.000645919 -5.44708 90.4422 
0.426116 0.896878 119929 1 0.801562 0.671154 844 1 2000 -0.0913713 0.00475387 0.0738605 0.0199602 -5.43071 91.1151 
0.269511 0.945079 120049 1 0.794271 0.660577 845 1 2003 -0.0758289 -0.0196423 0.0782379 -0.075109 -5.34709 92.3405 
0.296774 0.620559 120130 1 0.785417 0.655769 846 1 2005 -0.0644762 -0.0318709 0.0762488 -0.108582 -5.27496 92.9172 
0.260945 0.540407 120209 1 0.779167 0.645192 847 1 2007 -0.0520971 -0.0434389 0.0657254 -0.180076 -5.1436 92.9271 
0.150973 0.256605 120290 1 0.757292 0.602885 848 1 2009 -0.045062 -0.0538349 0.0577662 -0.251364 -5.02938 92.3426 
0.147856 0.224462 120329 1 0.741667 0.572115 849 1 2010 -0.0418857 -0.0544819 0.0571189 -0.244011 -5.03697 92.1328 
0.145048 0.208972 120409 1 0.727083 0.565385 850 1 2012 -0.04053 -0.0564169 0.055225 -0.221198 -5.00059 92.0851 
0.147039 0.217347 120490 1 0.697396 0.565385 851 1 2014 -0.0370215 -0.0536027 0.052837 -0.163753 -4.89023 92.2599 
0.185524 0.202214 120570 1 0.628646 0.546154 852 1 2016 -0.0308688 -0.060693 0.0535707 -0.193265 -4.88442 92.5789 
0.327359 0.178479 120650 1 0.567187 0.443269 853 1 2018 -0.0232124 -0.0675513 0.0565166 -0.198605 -5.00595 92.998 
0.334618 0.132253 120691 1 0.448437 0.194231 854 1 2019 -0.0206784 -0.0683008 0.0500194 -0.15869 -4.99267 93.1385 
0.0734788 0.268455 120771 1 0.39375 0.134615 855 1 2021 -0.0235949 -0.0752049 0.0483357 -0.165968 -4.98873 93.3037 
0.0449797 0.229586 120851 1 0.323958 0.135577 856 1 2023 -0.0197933 -0.077833 0.0444339 -0.149359 -4.92363 93.1112 
0.0410151 0.203988 120931 1 0.297396 0.165385 857 1 2025 -0.0199335 -0.0793471 0.0477695 -0.150966 -4.87845 92.8206 
0.0446477 0.0585804 121011 1 0.248438 0.230769 858 1 2027 -0.0203517 -0.0772597 0.0486563 -0.135543 -4.83822 92.8171 
0.0487628 0.048308 121051 1 0.205729 0.267308 859 1 2028 -0.0199755 -0.0752104 0.048111 -0.128043 -4.82521 93.0335 
-0.0272126 0.0852826 121131 1 0.201042 0.289423 860 1 2030 -0.0189776 -0.0732567 0.0478818 -0.114497 -4.82089 93.295 
-0.0549404 0.0955306 121212 1 0.201042 0.293269 861 1 2032 -0.0187688 -0.0783903 0.0517919 -0.159705 -4.86189 93.38 
-0.127016 0.172098 121251 1 0.2 0.293269 862 1 2033 -0.0174176 -0.0805365 0.0528001 -0.169492 -4.88612 93.5308 
-0.130659 0.189011 121331 1 0.19375 0.288462 863 1 2035 -0.0163101 -0.081007 0.0532008 -0.17189 -4.89191 93.6571 
-0.0961231 0.194242 121412 1 0.188021 0.285577 864 1 2037 -0.0185712 -0.0801953 0.0565138 -0.161256 -4.90401 93.6769 
