ImageFile:
0.157034 0.337604 107309 1 0.188021 0.239423 1 1 1119 0.0257493 -0.0108136 -0.0235287 -4.18072 12.9185 108.833 
0.162786 0.343951 107388 1 0.188021 0.239423 2 1 1121 0.0268699 -0.00707155 -0.0184807 -4.12127 12.7302 108.277 
0.162225 0.357396 107468 1 0.188021 0.239423 3 1 1123 0.0259353 -0.00938852 -0.0108981 -4.13336 12.6656 108.339 
0.131297 0.394261 107508 1 0.188021 0.239423 4 1 1124 0.0249119 -0.0144983 -0.00828344 -4.1893 12.6689 108.511 
0.106705 0.322151 107589 1 0.1875 0.241346 5 1 1126 0.0251063 -0.0165018 -0.0142911 -4.19804 12.6951 108.443 
0.102575 0.452253 107669 1 0.186458 0.281731 6 1 1128 0.024716 -0.0169715 -0.000239626 -4.20875 12.5192 108.321 
0.0816296 0.343886 107750 1 0.186458 0.385577 7 1 1130 0.0225443 -0.0217043 -0.0137332 -4.28015 12.6487 107.99 
0.123578 0.351414 107789 1 0.186458 0.509615 8 1 1131 0.0224274 -0.021547 -0.0111699 -4.29106 12.5649 107.904 
0.191318 0.472564 107869 1 0.182812 0.590385 9 1 1133 0.0237102 -0.0152283 0.00676093 -4.22109 12.3055 107.671 
0.225412 0.491505 107950 1 0.173958 0.685577 10 1 1135 0.0247486 -0.0111913 0.00750488 -4.18184 12.246 107.632 
0.231684 0.846358 108030 1 0.173437 0.763462 11 1 1137 0.0254324 -0.0169717 0.0122407 -4.27191 12.2054 107.834 
0.211513 0.846261 108110 1 0.16875 0.838462 12 1 1139 0.0252774 -0.0222848 0.0132733 -4.34137 12.1935 107.803 
0.222992 0.872231 108190 1 0.140104 0.942308 13 1 1141 0.0262989 -0.0218189 0.0223952 -4.31581 12.049 107.673 
0.253632 0.714248 108272 1 0.109375 0.985577 14 1 1143 0.0231612 -0.0139803 0.00460836 -4.23302 12.3445 108.242 
0.198343 0.883607 108350 1 0.0682292 0.981731 15 1 1145 0.0224404 -0.0153111 -0.0112113 -4.25273 12.5881 108.562 
-0.975312 2.00144 108431 1 0.0557292 0.979808 16 0 1147 0.0231689 -0.0133622 -0.00875706 -4.22151 12.5552 108.09 
0.0693859 0.756724 108511 1 0.0598958 0.976923 17 1 1149 0.0210601 -0.0152462 -0.0200089 -4.2787 12.6789 108.505 
0.11759 0.491057 108591 1 0.0635417 0.975 18 1 1151 0.0199 -0.0173493 -0.024913 -4.30964 12.7505 108.297 
0.140232 0.483704 108631 1 0.0645833 0.974038 19 1 1152 0.0210956 -0.0179462 -0.0213109 -4.32331 12.7077 108.16 
0.185664 0.454793 108711 1 0.0645833 0.974038 20 1 1154 0.0213397 -0.0143745 -0.020965 -4.31575 12.7492 108.213 
0.14596 0.465895 108791 1 0.0645833 0.974038 21 1 1156 0.0209602 -0.0147086 -0.0207347 -4.32353 12.7422 108.133 
0.105791 0.460283 108832 1 0.065625 0.974038 22 1 1157 0.020347 -0.0159022 -0.0189779 -4.33447 12.7294 108.084 
0.107285 0.388145 108911 1 0.0661458 0.974038 23 1 1159 0.0196251 -0.0138479 -0.0254186 -4.32612 12.8499 108.238 
0.0951377 0.573892 108991 1 0.0671875 0.973077 24 1 1161 0.0178772 -0.0125628 -0.0199733 -4.34623 12.8175 108.418 
-0.0690328 1.18087 109032 1 0.0677083 0.973077 25 1 1162 0.0175076 -0.0130311 -0.0170332 -4.35818 12.7922 108.46 
-1.80078 3.29404 109112 1 0.06875 0.971154 26 0 1164 0.0206149 -0.00870263 -0.00529996 -4.29607 12.6829 107.997 
-0.0254217 1.19416 109192 1 0.0692708 0.971154 27 1 1166 0.019203 -0.00766368 -0.00753362 -4.28863 12.7198 108.453 
0.0824243 0.841368 109275 1 0.0697917 0.971154 28 1 1168 0.0198231 -0.00547857 -0.00244801 -4.26471 12.6665 108.38 
0.16063 0.651611 109352 1 0.0697917 0.971154 29 1 1170 0.016561 -0.00138364 -0.0161856 -4.25122 12.8883 108.592 
0.154344 0.635469 109432 1 0.0697917 0.971154 30 1 1172 0.0154638 -0.00229747 -0.0105297 -4.27211 12.836 108.74 
0.165829 0.533198 109473 1 0.0697917 0.971154 31 1 1173 0.0159895 -0.00296019 -0.0254317 -4.27372 13.0284 108.838 
0.151501 0.56768 109553 1 0.0697917 0.971154 32 1 1175 0.0164388 -0.00474995 -0.00576405 -4.27599 12.7499 108.537 
0.15829 0.564597 109634 1 0.0697917 0.971154 33 1 1177 0.0171322 -0.00613202 -0.00379395 -4.28913 12.7574 108.617 
0.404821 0.344857 109715 1 0.0697917 0.971154 34 1 1179 0.0139704 -0.00376835 -0.016264 -4.28851 12.9777 108.946 
0.562206 0.0506574 109793 1 0.0697917 0.971154 35 1 1181 0.0138603 -0.00203141 -0.0384652 -4.27689 13.3163 109.237 
0.560452 0.0819184 109874 1 0.0697917 0.971154 36 1 1183 0.0123806 0.000998057 -0.0306366 -4.24329 13.2582 109.299 
0.564811 0.0587254 109914 1 0.0708333 0.971154 37 1 1184 0.0117209 0.0022161 -0.0317984 -4.22964 13.2852 109.345 
0.569651 0.0143047 109994 1 0.0713542 0.971154 38 1 1186 0.01163 0.00208975 -0.0361021 -4.23359 13.3505 109.427 
0.571276 0.022322 110114 1 0.0713542 0.971154 39 1 1189 0.0117445 0.00345911 -0.0325941 -4.21809 13.3304 109.442 
0.5708 0.0250514 110194 1 0.0713542 0.971154 40 1 1191 0.0125901 0.0030376 -0.0329384 -4.22293 13.3306 109.366 
0.570243 0.0251946 110234 1 0.0713542 0.971154 41 1 1192 0.0123503 0.00308122 -0.032106 -4.22454 13.3267 109.375 
0.570243 0.0251946 110234 1 0.0713542 0.971154 42 1 1192 0.0123503 0.00308122 -0.032106 -4.22454 13.3267 109.375 
0.575964 0.0290755 110395 1 0.0713542 0.971154 43 1 1196 0.0120186 0.00183273 -0.0320972 -4.23396 13.3436 109.461 
0.569986 0.0450084 110474 1 0.0713542 0.971154 44 1 1198 0.0120191 0.000277247 -0.0294101 -4.25621 13.3179 109.46 
0.580353 0.0480224 110514 1 0.0713542 0.971154 45 1 1199 0.012435 0.00160976 -0.0296789 -4.23438 13.3153 109.388 
0.577798 0.0428747 110595 1 0.0713542 0.971154 46 1 1201 0.0122291 0.000543067 -0.0279395 -4.25658 13.3086 109.43 
0.583778 0.0303604 110675 1 0.0713542 0.971154 47 1 1203 0.0129999 0.00195728 -0.0284817 -4.23418 13.3116 109.365 
0.577296 0.0351006 110755 1 0.0713542 0.971154 48 1 1205 0.0130085 0.00203499 -0.0273424 -4.23571 13.3022 109.358 
0.580714 0.0496804 110835 1 0.0713542 0.971154 49 1 1207 0.0135584 0.000914335 -0.0261828 -4.24789 13.2943 109.341 
0.582712 0.049745 110875 1 0.0713542 0.971154 50 1 1208 0.0134246 0.0012006 -0.0259401 -4.24641 13.2974 109.361 
0.581838 0.0279656 110955 1 0.0713542 0.971154 51 1 1210 0.0137491 0.00138876 -0.0268501 -4.24415 13.311 109.382 
0.586293 0.0369202 111036 1 0.0713542 0.971154 52 1 1212 0.0137644 0.0013555 -0.0253029 -4.24077 13.2948 109.384 
0.580334 0.0374696 111116 1 0.0713542 0.971154 53 1 1214 0.0135302 0.00067792 -0.0261344 -4.25309 13.307 109.374 
0.586375 0.0371046 111195 1 0.0713542 0.971154 54 1 1216 0.0131702 0.00136332 -0.0262864 -4.24142 13.314 109.382 
0.582903 -0.0145349 111276 1 0.0713542 0.971154 55 1 1218 0.0133355 0.000800686 -0.0265526 -4.24726 13.3301 109.426 
0.585331 -0.0117656 111356 1 0.0713542 0.971154 56 1 1220 0.0140497 -0.000949282 -0.0254571 -4.25683 13.3154 109.463 
0.576379 -0.0176948 111396 1 0.0713542 0.971154 57 1 1221 0.014038 -0.000986042 -0.0268654 -4.26007 13.3312 109.464 
0.54525 -0.0449866 111477 1 0.0713542 0.971154 58 1 1223 0.0132357 -0.00176043 -0.0266777 -4.2794 13.3287 109.413 
0.536744 -0.0274918 111557 1 0.0713542 0.971154 59 1 1225 0.0119819 -0.0030067 -0.0241444 -4.30486 13.3087 109.43 
0.540406 -0.0704185 111637 1 0.0713542 0.971154 60 1 1227 0.0127146 -0.00272488 -0.023193 -4.30213 13.2983 109.458 
0.533038 -0.094122 111677 1 0.0713542 0.971154 61 1 1228 0.0127703 -0.00345553 -0.0242944 -4.30716 13.3125 109.49 
0.529404 -0.0997641 111757 1 0.0713542 0.971154 62 1 1230 0.0125817 -0.0037431 -0.0226177 -4.30573 13.3002 109.536 
0.511192 -0.0941477 111838 1 0.0713542 0.971154 63 1 1232 0.0120722 -0.00629965 -0.0245312 -4.34069 13.3457 109.689 
0.589353 0.71163 111918 1 0.0713542 0.971154 64 1 1234 0.0131892 -0.00899492 -0.0315673 -4.4131 13.5466 110.307 
0.518028 0.901573 111957 1 0.0713542 0.971154 65 1 1235 0.0129213 -0.00848927 -0.0282772 -4.40645 13.5119 110.32 
0.538137 0.195217 112078 1 0.0713542 0.971154 66 1 1238 0.0122798 -0.00976892 -0.0241233 -4.40369 13.3989 109.961 
0.534763 0.134036 112118 1 0.0713542 0.971154 67 1 1239 0.0129318 -0.00860875 -0.0241188 -4.38754 13.3737 109.815 
0.530207 0.112793 112198 1 0.0713542 0.971154 68 1 1241 0.0134261 -0.00716565 -0.0205094 -4.3604 13.3125 109.703 
0.51937 0.0958084 112279 1 0.0713542 0.971154 69 1 1243 0.0130115 -0.00769667 -0.0227031 -4.36196 13.337 109.706 
0.510575 0.0855386 112317 1 0.0713542 0.971154 70 1 1244 0.0128689 -0.0085352 -0.0242954 -4.37031 13.3606 109.724 
0.505481 0.0966341 112398 1 0.0713542 0.971154 71 1 1246 0.0127665 -0.00922177 -0.021165 -4.37128 13.3258 109.742 
0.485203 0.0880449 112478 1 0.0666667 0.972115 72 1 1248 0.0132665 -0.010495 -0.0238319 -4.38911 13.3413 109.623 
0.501178 0.0722246 112559 1 0.0390625 0.972115 73 1 1250 0.0134637 -0.0098641 -0.0262043 -4.38047 13.3406 109.579 
0.480091 -0.0397313 112639 1 -0.116146 0.926923 74 1 1252 0.0111965 -0.00949094 -0.0292538 -4.38528 13.3482 109.5 
0.471657 -0.0366726 112679 1 -0.453125 0.804808 75 1 1253 0.0108344 -0.01014 -0.0307452 -4.39478 13.3608 109.509 
0.46587 -0.0351178 112759 1 -0.733333 0.661538 76 1 1255 0.0111852 -0.0121327 -0.0287545 -4.41233 13.3395 109.516 
0.451459 -0.0527009 112839 1 -0.738542 0.654808 77 1 1257 0.0108744 -0.0119052 -0.0286442 -4.40928 13.3283 109.47 
0.443939 -0.063097 112879 1 -0.738542 0.654808 78 1 1258 0.0111643 -0.0106823 -0.0302783 -4.39818 13.3514 109.433 
0.418827 -0.0758106 112960 1 -0.738542 0.654808 79 1 1260 0.0101085 -0.00908489 -0.0317387 -4.39557 13.3822 109.4 
0.426562 -0.10533 113040 1 -0.760417 0.646154 80 1 1262 0.00921643 -0.00835535 -0.0344389 -4.39522 13.4157 109.474 
0.428333 -0.122496 113119 1 -0.871354 0.535577 81 1 1264 0.00894706 -0.00678504 -0.0340153 -4.37432 13.396 109.445 
0.436149 -0.162702 113159 1 -0.959375 0.294231 82 1 1265 0.0087257 -0.00658376 -0.0335421 -4.36172 13.3805 109.343 
0.438473 -0.162143 113240 1 -0.964063 0.164423 83 1 1267 0.00965713 -0.00616816 -0.0336526 -4.35587 13.3673 109.224 
0.453309 -0.17765 113320 1 -0.943229 0.0586538 84 1 1269 0.00977497 -0.00379002 -0.0346914 -4.32394 13.3691 109.187 
0.454681 -0.205641 113361 1 -0.919792 0.00769231 85 0 1270 0.00882374 -0.00348601 -0.0380166 -4.31315 13.3867 109.141 
0.454681 -0.205641 113361 1 -0.913542 0.00769231 86 0 1270 0.00882374 -0.00348601 -0.0380166 -4.31315 13.3867 109.141 
0.487274 0.350138 113560 1 -0.907292 0.00769231 87 1 1275 0.0169678 -0.0257403 -0.0643262 -4.43324 13.2669 108.178 
2.15865 1.39635 113601 1 -0.901563 0.00769231 88 0 1276 0.0173016 -0.0285946 -0.0672548 -4.46167 13.2592 108.124 
-0.955323 2.18839 113641 1 -0.901563 0.00769231 89 0 1277 0.0214087 -0.025815 -0.00699897 -4.38752 12.4314 107.128 
0.478075 0.485038 113805 1 -0.903646 0.00769231 90 1 1281 0.0107416 -0.0154492 -0.0421684 -4.31145 12.8346 107.309 
0.478483 0.336322 113881 1 -0.964063 0.00769231 91 1 1283 0.0121685 -0.0120143 -0.0437392 -4.30144 12.931 107.599 
0.504696 0.208742 113961 1 -0.973958 0.00769231 92 1 1285 0.0132001 -0.0109845 -0.0426813 -4.29643 12.9759 107.951 
0.494401 0.426412 114041 1 -0.973958 0.00769231 93 1 1287 0.0146667 -0.0136117 -0.0126534 -4.293 12.4562 107.132 
0.435588 0.748088 114122 1 -0.951042 0.00769231 94 1 1289 0.0144084 -0.0291756 0.000674628 -4.45175 12.1197 106.459 
0.409908 0.919197 114162 1 -0.916146 0.00769231 95 1 1290 0.0162309 -0.0397799 0.026235 -4.53719 11.6888 105.722 
0.383695 0.903134 114241 1 -0.90625 0.00769231 96 1 1292 0.0136088 -0.0496017 0.0131797 -4.64595 11.812 105.757 
0.476014 0.236604 114362 1 -0.90625 0.00769231 97 1 1295 0.0182371 -0.0228824 -0.0106453 -4.36641 12.4887 107.153 
0.459409 0.155894 114402 1 -0.90625 0.00769231 98 1 1296 0.0180123 -0.0256774 -0.0199401 -4.39479 12.6102 107.187 
0.494157 0.438207 114482 1 -0.90625 0.00769231 99 1 1298 0.016366 -0.0256358 -0.0413943 -4.42012 12.8864 107.772 
0.523789 1.60168 114563 1 -0.90625 0.00769231 100 0 1300 0.0152081 -0.0241787 -0.0374025 -4.44725 13.0144 108.466 
0.538548 1.66323 114602 1 -0.90625 0.00769231 101 0 1301 0.0155367 -0.0217769 -0.0278489 -4.42214 12.9095 108.439 
0.545237 1.43637 114682 1 -0.90625 0.00769231 102 0 1303 0.0136914 -0.0218245 -0.0536023 -4.43816 13.2516 108.757 
0.536289 1.45159 114765 1 -0.90625 0.00769231 103 0 1305 0.0134893 -0.0209281 -0.0388994 -4.433 13.1001 108.765 
0.541339 1.39486 114843 1 -0.90625 0.00769231 104 0 1307 0.0152405 -0.0211379 -0.0443564 -4.44685 13.2197 108.928 
0.504228 1.30617 114924 1 -0.90625 0.00769231 105 0 1309 0.0134226 -0.0270892 -0.0552544 -4.52257 13.3558 109.239 
0.504228 1.30617 114924 1 -0.90625 0.00769231 106 0 1309 0.0134226 -0.0270892 -0.0552544 -4.52257 13.3558 109.239 
0.525004 1.50907 115083 1 -0.90625 0.00769231 107 0 1313 0.0181315 -0.0256818 -0.0330353 -4.45595 13.1212 109.326 
0.525108 1.60638 115123 1 -0.90625 0.00769231 108 0 1314 0.020636 -0.0291396 -0.0285178 -4.469 12.9969 108.944 
0.488747 1.63684 115205 1 -0.926042 0.00769231 109 0 1316 0.0221323 -0.0341648 -0.0263536 -4.51202 12.9081 108.735 
0.505838 1.80856 115244 1 -0.954167 0.00769231 110 0 1317 0.0229418 -0.0348168 -0.0133482 -4.5079 12.702 108.47 
0.448302 1.36225 115284 1 -0.959896 0.00769231 111 0 1318 0.0191035 -0.0387405 -0.0605747 -4.58733 13.3397 108.875 
0.445085 1.8058 115404 1 -0.959896 0.00769231 112 0 1321 0.0230014 -0.0394251 -0.0130902 -4.58952 12.6362 108.34 
0.450118 1.5912 115484 1 -0.948438 0.00769231 113 0 1323 0.0205533 -0.0371001 -0.0376001 -4.58393 12.9236 108.389 
0.482996 1.50259 115565 1 -0.916667 0.00769231 114 0 1325 0.0205561 -0.0329492 -0.0346601 -4.53086 12.8408 108.342 
0.482996 1.50259 115565 1 -0.910937 0.00769231 115 0 1325 0.0205561 -0.0329492 -0.0346601 -4.53086 12.8408 108.342 
0.482996 1.50259 115565 1 -0.909896 0.00769231 116 0 1325 0.0205561 -0.0329492 -0.0346601 -4.53086 12.8408 108.342 
0.563578 1.71264 115764 1 -0.909896 0.00769231 117 0 1330 0.0299899 -0.0142552 0.021177 -4.20098 12.3798 107.443 
0.552497 1.3525 115845 1 -0.909896 0.00769231 118 0 1332 0.0311011 -0.0137237 -0.0120243 -4.18725 12.6777 107.297 
0.571816 1.23577 115885 1 -0.909896 0.00769231 119 0 1333 0.0300308 -0.0137212 -0.0245958 -4.17412 12.8627 107.507 
0.547162 1.08043 115965 1 -0.909896 0.00769231 120 1 1335 0.0307047 -0.0172924 -0.0412923 -4.18142 13.1761 108.278 
0.532208 0.679 116086 1 -0.909896 0.00769231 121 1 1338 0.0316481 -0.0241788 -0.026703 -4.24264 12.8948 108.318 
0.51429 0.76718 116165 1 -0.909896 0.00769231 122 1 1340 0.0306286 -0.0263087 -0.0138731 -4.25995 12.7056 108.138 
0.500638 0.726993 116205 1 -0.909896 0.00769231 123 1 1341 0.0299974 -0.0308015 -0.022077 -4.32085 12.8166 108.26 
0.501295 0.682638 116246 1 -0.909896 0.00769231 124 1 1342 0.0293796 -0.0283825 -0.025392 -4.30087 12.8812 108.378 
0.487457 0.612496 116326 1 -0.909896 0.00769231 125 1 1344 0.0296317 -0.0299567 -0.0324068 -4.32966 12.9428 108.374 
0.0676423 0.878421 116406 1 -0.909896 0.00769231 126 1 1346 0.0317176 -0.0283001 -0.0193071 -4.29824 12.7595 108.144 
-0.020279 0.794336 116486 1 -0.909896 0.00769231 127 1 1348 0.0316715 -0.0285937 -0.0205282 -4.29486 12.7822 108.134 
-0.0200563 0.765558 116526 1 -0.909896 0.00769231 128 1 1349 0.0316714 -0.0279979 -0.0225251 -4.28698 12.8148 108.181 
-0.0124496 0.920892 116646 1 -0.909896 0.00769231 129 1 1352 0.0341369 -0.0226448 0.00191975 -4.21152 12.5368 108.006 
-0.0122646 0.965533 116686 1 -0.909896 0.00769231 130 1 1353 0.0331805 -0.0247028 0.00570664 -4.2323 12.5022 107.994 
-0.0367649 0.741987 116767 1 -0.909896 0.00769231 131 1 1355 0.0314035 -0.0210148 -0.0366286 -4.2188 13.0842 108.494 
-0.484369 1.80413 116807 1 -0.909896 0.00769231 132 0 1356 0.0304862 -0.0302174 -0.0493556 -4.33074 13.1735 108.566 
-1.29019 2.87176 116846 1 -0.909896 0.00769231 133 0 1357 0.0304529 -0.0305882 -0.0614353 -4.34293 13.2679 108.753 
-0.652852 1.80839 116886 1 -0.909896 0.00769231 134 0 1358 0.0292593 -0.0411599 -0.0588048 -4.45155 13.1347 108.528 
-0.134279 0.937131 117047 1 -0.909896 0.00769231 135 1 1362 0.02994 -0.0286007 -0.0205352 -4.28716 12.6507 108.017 
-0.109804 0.91885 117087 1 -0.909896 0.00769231 136 1 1363 0.0302871 -0.0291615 -0.0144206 -4.28881 12.5764 107.884 
-0.0702533 0.872612 117168 1 -0.909896 0.00769231 137 1 1365 0.0291582 -0.0278393 -0.0120643 -4.28095 12.596 107.939 
-0.0445088 0.802739 117208 1 -0.909896 0.00769231 138 1 1366 0.0290184 -0.0259189 -0.0165646 -4.26781 12.7109 108.064 
-0.0349709 0.718432 117288 1 -0.909896 0.00769231 139 1 1368 0.0288117 -0.0225007 -0.0205943 -4.23555 12.8239 108.307 
-0.0468294 0.717989 117368 1 -0.909896 0.00769231 140 1 1370 0.0281055 -0.0262872 -0.0228381 -4.27024 12.8219 108.235 
0.640481 0.565241 117448 1 -0.909896 0.00769231 141 1 1372 0.0268841 -0.0278475 -0.0188397 -4.28513 12.7646 108.081 
0.942224 0.470964 117529 1 -0.909896 0.00769231 142 1 1374 0.0266589 -0.0280756 -0.0183452 -4.28652 12.7714 108.017 
0.942224 0.470964 117529 1 -0.909896 0.00769231 143 1 1374 0.0266589 -0.0280756 -0.0183452 -4.28652 12.7714 108.017 
0.951844 0.394278 117648 1 -0.909896 0.00769231 144 1 1377 0.0257634 -0.0264416 -0.0240976 -4.28884 12.8712 108.189 
0.971978 0.41271 117728 1 -0.909896 0.00769231 145 1 1379 0.0250674 -0.0246571 -0.0222051 -4.28953 12.8602 108.276 
0.973744 0.399588 117771 1 -0.909896 0.00769231 146 1 1380 0.02455 -0.0237932 -0.0242167 -4.2876 12.8798 108.277 
0.966418 0.376698 117849 1 -0.909896 0.00769231 147 1 1382 0.0234986 -0.0254667 -0.0383064 -4.33495 13.0993 108.616 
0.966418 0.376698 117849 1 -0.909896 0.00769231 148 1 1382 0.0234986 -0.0254667 -0.0383064 -4.33495 13.0993 108.616 
0.966418 0.376698 117849 1 -0.909896 0.00769231 149 1 1382 0.0234986 -0.0254667 -0.0383064 -4.33495 13.0993 108.616 
0.965758 0.600766 118049 1 -0.909896 0.00769231 150 1 1387 0.0241518 -0.0274211 -0.0158074 -4.35492 12.8375 108.579 
0.959372 0.587597 118129 1 -0.909896 0.00769231 151 1 1389 0.0246679 -0.0280407 -0.0182398 -4.36563 12.8698 108.555 
0.95353 0.584863 118169 1 -0.909896 0.00769231 152 1 1390 0.0237393 -0.0296128 -0.0177824 -4.38487 12.8674 108.565 
0.958342 0.590586 118249 1 -0.909896 0.00769231 153 1 1392 0.0237168 -0.0298197 -0.0175747 -4.38692 12.8921 108.671 
0.918122 0.671189 118330 1 -0.909896 0.00769231 154 1 1394 0.0241522 -0.0299344 -0.0168909 -4.39346 12.9039 108.749 
0.905571 0.682794 118370 1 -0.909896 0.00769231 155 1 1395 0.0243216 -0.0307585 -0.0169431 -4.40493 12.9153 108.793 
1.10713 0.726396 118450 1 -0.909896 0.00769231 156 1 1397 0.0222908 -0.0307959 -0.0163945 -4.41616 12.9314 108.971 
1.11492 0.761342 118530 1 -0.909896 0.00769231 157 1 1399 0.0229859 -0.0293771 -0.0123648 -4.40344 12.8814 108.886 
1.12311 0.75221 118570 1 -0.909896 0.00769231 158 1 1400 0.0234904 -0.0281515 -0.0128766 -4.39187 12.9054 108.933 
1.11637 0.744608 118653 1 -0.909896 0.00769231 159 1 1402 0.0227081 -0.0278535 -0.0161447 -4.40237 12.9852 109.128 
1.31318 1.36282 118733 1 -0.909896 0.00769231 160 0 1404 0.0236499 -0.0318966 -0.0318619 -4.45085 13.1958 109.251 
2.02151 2.19573 118810 1 -0.909896 0.00769231 161 0 1406 0.0276349 -0.0268395 -0.00662626 -4.39855 12.9719 109.056 
1.4727 1.33784 118891 1 -0.909896 0.00769231 162 0 1408 0.0218271 -0.0219916 -0.0305202 -4.34602 13.2555 109.533 
1.43937 1.19461 118971 1 -0.909896 0.00769231 163 0 1410 0.0228405 -0.0245248 -0.011094 -4.37054 12.9663 109.174 
1.37897 0.944396 119051 1 -0.909896 0.00769231 164 0 1412 0.0239499 -0.0285868 -0.0296798 -4.41785 13.1786 109.258 
1.38531 0.963026 119091 1 -0.909896 0.00769231 165 0 1413 0.0238445 -0.0280305 -0.0174263 -4.40898 13.0213 109.23 
1.38487 0.925246 119131 1 -0.909896 0.00769231 166 0 1414 0.0235273 -0.026421 -0.0170934 -4.38893 13.0085 109.187 
1.38284 0.866299 119251 1 -0.909896 0.00769231 167 0 1417 0.0224886 -0.0260357 -0.0188802 -4.39755 13.0618 109.298 
1.39442 0.899793 119292 1 -0.909896 0.00769231 168 0 1418 0.0231178 -0.0248574 -0.015318 -4.38329 12.9975 109.17 
1.40729 0.875542 119372 1 -0.909896 0.00769231 169 0 1420 0.0230562 -0.0232575 -0.0182074 -4.36498 13.0194 109.069 
1.41199 0.875292 119412 1 -0.909896 0.00769231 170 0 1421 0.0232013 -0.0230509 -0.0180832 -4.36211 13.0172 109.072 
1.41199 0.875292 119412 1 -0.909896 0.00769231 171 0 1421 0.0232013 -0.0230509 -0.0180832 -4.36211 13.0172 109.072 
1.35207 0.778703 119572 1 -0.909896 0.00769231 172 0 1425 0.0220705 -0.0235055 -0.0179964 -4.36942 13.0249 109.138 
1.35661 0.755929 119652 1 -0.909896 0.00769231 173 0 1427 0.0225928 -0.0237439 -0.0204194 -4.36793 13.0538 109.149 
1.35961 0.810046 119692 1 -0.909896 0.00769231 174 0 1428 0.0229979 -0.0238117 -0.0159791 -4.36279 12.977 109.01 
1.35253 0.813253 119732 1 -0.909896 0.00769231 175 0 1429 0.0231259 -0.0247313 -0.0157506 -4.37039 12.9613 108.966 
1.30726 0.658552 119813 1 -0.909896 0.00769231 176 0 1431 0.022717 -0.0249323 -0.0329726 -4.38803 13.1984 109.076 
1.32885 0.608508 119932 1 -0.909896 0.00769231 177 0 1434 0.0207186 -0.0237356 -0.0362855 -4.39797 13.2586 109.211 
1.33574 0.595819 119972 1 -0.909896 0.00769231 178 0 1435 0.0203793 -0.0225653 -0.0373074 -4.39279 13.3051 109.319 
1.361 0.742613 120053 1 -0.909896 0.00769231 179 0 1437 0.0205829 -0.0223289 -0.0222893 -4.39631 13.0941 109.24 
1.36668 0.665742 120093 1 -0.909896 0.00769231 180 0 1438 0.0205193 -0.0234238 -0.0381868 -4.40258 13.2898 109.25 
1.39015 0.76188 120215 1 -0.909896 0.00769231 181 0 1441 0.0206979 -0.0203066 -0.0218676 -4.36634 13.0842 109.147 
1.15863 0.592486 120293 1 -0.909896 0.00769231 182 1 1443 0.0201771 -0.0217947 -0.0370252 -4.39389 13.3155 109.336 
0.46236 0.590582 120333 1 -0.909896 0.00769231 183 1 1444 0.020935 -0.021205 -0.0361177 -4.38113 13.3009 109.314 
0.327701 0.559444 120374 1 -0.909896 0.00769231 184 1 1445 0.0220313 -0.0206988 -0.0359332 -4.3706 13.278 109.237 
0.498085 0.56685 120494 1 -0.909896 0.00769231 185 1 1448 0.0211464 -0.0218692 -0.0371249 -4.38957 13.3109 109.285 
0.534928 0.636104 120574 1 -0.909896 0.00769231 186 1 1450 0.0217841 -0.0189076 -0.0218937 -4.34713 13.1044 109.194 
0.545918 0.553214 120614 1 -0.909896 0.00769231 187 1 1451 0.0222615 -0.0205748 -0.0375035 -4.36063 13.3044 109.22 
0.547732 0.541896 120694 1 -0.909896 0.00769231 188 1 1453 0.0215272 -0.0221266 -0.0353904 -4.38541 13.2997 109.333 
0.547732 0.541896 120694 1 -0.909896 0.00769231 189 1 1453 0.0215272 -0.0221266 -0.0353904 -4.38541 13.2997 109.333 
0.545763 0.574226 120855 1 -0.909896 0.00769231 190 1 1457 0.0212243 -0.0232582 -0.0377411 -4.40382 13.3405 109.47 
0.543044 0.596977 120936 1 -0.909896 0.00769231 191 1 1459 0.0211405 -0.023066 -0.0380698 -4.4067 13.3502 109.487 
0.547269 0.585571 120975 1 -0.909896 0.00769231 192 1 1460 0.0207775 -0.0224007 -0.0379466 -4.39946 13.3679 109.57 
0.550113 0.701865 121015 1 -0.909896 0.00769231 193 1 1461 0.0204277 -0.0213283 -0.0186154 -4.37841 13.1055 109.396 
0.554354 0.58511 121094 1 -0.909896 0.00769231 194 1 1463 0.0204541 -0.0226823 -0.0359776 -4.3955 13.3321 109.542 
0.54979 0.700344 121175 1 -0.909896 0.00769231 195 1 1465 0.0212328 -0.0233603 -0.0165353 -4.39112 13.0843 109.461 
0.5458 0.608535 121255 1 -0.909896 0.00769231 196 1 1467 0.0216695 -0.0250213 -0.0338142 -4.40732 13.2929 109.437 
0.507151 0.724386 121336 1 -0.909896 0.00769231 197 1 1469 0.021122 -0.0254732 -0.0161706 -4.40625 13.0651 109.328 
0.507151 0.724386 121336 1 -0.909896 0.00769231 198 1 1469 0.021122 -0.0254732 -0.0161706 -4.40625 13.0651 109.328 
0.507151 0.724386 121336 1 -0.909896 0.00769231 199 1 1469 0.021122 -0.0254732 -0.0161706 -4.40625 13.0651 109.328 
0.502825 0.701636 121536 1 -0.909896 0.00769231 200 1 1474 0.0217511 -0.0248618 -0.0173827 -4.40061 13.0767 109.325 
0.500887 0.613188 121576 1 -0.909896 0.00769231 201 1 1475 0.0218472 -0.02651 -0.0333569 -4.41504 13.2663 109.291 
0.488014 0.536558 121656 1 -0.909896 0.00769231 202 1 1477 0.0197695 -0.0253618 -0.0399112 -4.42423 13.3929 109.559 
0.471315 0.888583 121737 1 -0.909896 0.00769231 203 1 1479 0.0203235 -0.0263528 -0.0409598 -4.43588 13.3489 109.364 
0.434633 1.6455 121816 1 -0.909896 0.00769231 204 0 1481 0.0222683 -0.0244206 -0.0327982 -4.40005 13.1719 109.174 
0.456311 1.24864 121856 1 -0.909896 0.00769231 205 0 1482 0.0199308 -0.0262911 -0.0530856 -4.43592 13.4493 109.467 
0.548122 1.0849 121937 1 -0.909896 0.00769231 206 1 1484 0.0198098 -0.0217473 -0.0387553 -4.36233 13.216 109.161 
0.549286 0.92035 122017 1 -0.909896 0.00769231 207 1 1486 0.0163636 -0.0214554 -0.0365872 -4.35677 13.1776 109.112 
0.571857 0.798357 122098 1 -0.909896 0.00769231 208 1 1488 0.0146037 -0.0159147 -0.0425605 -4.30669 13.2267 109.122 
0.580419 0.722135 122177 1 -0.909896 0.00769231 209 1 1490 0.0143187 -0.0139452 -0.0440696 -4.29588 13.2598 109.191 
0.59176 0.646563 122257 1 -0.909896 0.00769231 210 1 1492 0.014278 -0.0117924 -0.0552113 -4.28158 13.4388 109.402 
0.584653 0.590506 122297 1 -0.909896 0.00769231 211 1 1493 0.014534 -0.0124241 -0.0641852 -4.29742 13.5882 109.614 
0.590028 0.605705 122378 1 -0.909896 0.00769231 212 1 1495 0.0163403 -0.012196 -0.0596579 -4.28472 13.58 109.716 
0.569725 0.630455 122458 1 -0.909896 0.00769231 213 1 1497 0.0161493 -0.0140869 -0.0492269 -4.31712 13.5176 109.784 
0.534908 0.428936 122537 1 -0.909896 0.00769231 214 1 1499 0.0180967 -0.0121156 -0.0473338 -4.29525 13.5017 109.732 
0.501553 0.261724 122578 1 -0.909896 0.00769231 215 1 1500 0.0166194 -0.0156746 -0.064728 -4.34394 13.7415 109.951 
0.497481 0.254162 122658 1 -0.909896 0.00769231 216 1 1502 0.0160232 -0.0161829 -0.0646748 -4.34932 13.7485 110.01 
0.486157 0.23894 122738 1 -0.909896 0.00769231 217 1 1504 0.016043 -0.0163997 -0.0646595 -4.36037 13.7579 109.993 
0.509733 0.338857 122819 1 -0.909896 0.00769231 218 1 1506 0.0162634 -0.0108125 -0.0496575 -4.28421 13.5569 109.89 
0.503559 0.236162 122859 1 -0.909896 0.00769231 219 1 1507 0.0164282 -0.0155516 -0.0640378 -4.33899 13.7464 110.004 
0.51381 0.348168 122938 1 -0.909896 0.00769231 220 1 1509 0.0160812 -0.0124493 -0.048748 -4.2945 13.5367 109.803 
0.518835 0.339804 123019 1 -0.909896 0.00769231 221 1 1511 0.0163542 -0.00999281 -0.048618 -4.2713 13.5324 109.758 
0.512416 0.32954 123099 1 -0.909896 0.00769231 222 1 1513 0.0153656 -0.0119134 -0.0512943 -4.30471 13.5834 109.834 
0.528528 0.335465 123139 1 -0.909896 0.00769231 223 1 1514 0.0158178 -0.0101224 -0.0498437 -4.28091 13.5636 109.8 
0.54209 0.386805 123219 1 -0.909896 0.00769231 224 1 1516 0.0162169 -0.0106985 -0.0475335 -4.28035 13.5365 109.783 
1.09662 2.4586 123299 1 -0.909896 0.00769231 225 0 1518 0.0178209 -0.0139131 -0.0363244 -4.30528 13.3555 109.553 
1.51017 3.15397 123339 1 -0.909896 0.00769231 226 0 1519 0.0288494 -0.00774827 -0.0341942 -4.19898 13.1796 108.428 
0.546983 0.860603 123419 1 -0.909896 0.00769231 227 1 1521 0.0174269 0.00449352 -0.0514974 -4.12742 13.7278 110.171 
0.582142 0.600241 123459 1 -0.909896 0.00769231 228 1 1522 0.0183703 0.00457968 -0.050019 -4.12921 13.729 110.236 
0.573177 0.47046 123540 1 -0.909896 0.00769231 229 1 1524 0.0193816 0.00644805 -0.0538599 -4.1077 13.7549 110.212 
0.988216 2.04419 123620 1 -0.909896 0.00769231 230 0 1526 0.0176516 0.00860786 -0.0520258 -4.08315 13.7536 110.379 
2.39969 3.42392 123699 1 -0.909896 0.00769231 231 0 1528 0.0257885 0.0134447 -0.0676275 -3.93081 13.653 108.896 
0.565864 1.18556 123740 1 -0.909896 0.00769231 232 1 1529 0.0181111 0.00901877 -0.0493196 -4.04479 13.7047 110.277 
0.575229 0.583113 123860 1 -0.909896 0.00769231 233 1 1532 0.0178162 -0.00253079 -0.0434358 -4.16721 13.7324 110.802 
0.573184 0.522993 123901 1 -0.909896 0.00769231 234 1 1533 0.0177708 -0.00442471 -0.0445614 -4.18019 13.7629 110.82 
0.565228 0.441375 123981 1 -0.909896 0.00769231 235 1 1535 0.0176743 -0.00647666 -0.0448145 -4.21037 13.8389 110.964 
0.567111 0.407464 124021 1 -0.909896 0.00769231 236 1 1536 0.0173556 -0.00590955 -0.0446161 -4.20078 13.8501 110.935 
0.556616 0.331613 124100 1 -0.909896 0.00769231 237 1 1538 0.017203 -0.00766075 -0.0454153 -4.21987 13.9013 110.99 
0.553751 0.333162 124181 1 -0.909896 0.00769231 238 1 1540 0.0176629 -0.00907492 -0.0439015 -4.22168 13.916 110.923 
0.547953 0.47008 124261 1 -0.909896 0.00769231 239 1 1542 0.0173031 -0.0101664 -0.0400226 -4.24632 13.9352 111.047 
0.503461 0.505495 124341 1 -0.909896 0.00769231 240 1 1544 0.0159401 -0.0063641 -0.0389364 -4.29249 13.9145 111.154 
0.501553 0.523859 124382 1 -0.909896 0.00769231 241 1 1545 0.0165638 -0.0035996 -0.0373369 -4.30955 13.8402 111.037 
0.496427 0.562636 124421 1 -0.909896 0.00769231 242 1 1546 0.0136284 -0.00360593 -0.034531 -4.34781 13.7632 111.057 
0.496427 0.562636 124421 1 -0.909896 0.00769231 243 1 1546 0.0136284 -0.00360593 -0.034531 -4.34781 13.7632 111.057 
0.564226 0.570432 124581 1 -0.909896 0.00769231 244 1 1550 0.0188763 -0.0101221 -0.0402107 -4.36866 13.8486 111.323 
0.500005 0.582918 124662 1 -0.909896 0.00769231 245 1 1552 0.0160049 -0.00840317 -0.0413206 -4.39464 13.8413 111.36 
0.536735 0.574981 124742 1 -0.909896 0.00769231 246 1 1554 0.0149828 -0.00654639 -0.0459542 -4.35644 13.8454 111.282 
0.545004 0.491914 124782 1 -0.909896 0.00769231 247 1 1555 0.0162017 -0.00455254 -0.0415745 -4.29469 13.7814 111.157 
0.557996 0.370149 124902 1 -0.909896 0.00769231 248 1 1558 0.0166453 -0.00301596 -0.0417005 -4.22396 13.788 111.095 
0.553084 0.347813 124942 1 -0.909896 0.00769231 249 1 1559 0.0173536 -0.00285476 -0.0415848 -4.21848 13.7852 111.071 
0.518865 0.338919 125063 1 -0.909896 0.00769231 250 1 1562 0.0173248 -0.00535172 -0.0415355 -4.25592 13.7821 111.058 
0.533022 0.37085 125103 1 -0.909896 0.00769231 251 1 1563 0.01817 -0.0050644 -0.0405086 -4.25764 13.7612 111.01 
0.536906 0.365983 125182 1 -0.909896 0.00769231 252 1 1565 0.0182747 -0.00396691 -0.0408556 -4.25967 13.7581 110.926 
0.538919 0.262409 125263 1 -0.909896 0.00769231 253 1 1567 0.0179354 -0.00297777 -0.0395486 -4.25422 13.7336 110.814 
0.535852 0.248506 125343 1 -0.909896 0.00769231 254 1 1569 0.0181187 -0.00327895 -0.0378522 -4.24813 13.7205 110.794 
0.547211 0.250741 125383 1 -0.909896 0.00769231 255 1 1570 0.0192132 -0.00208382 -0.0353064 -4.22318 13.6902 110.756 
0.550139 0.241679 125504 1 -0.909896 0.00769231 256 1 1573 0.0186777 -0.00319743 -0.0376573 -4.22109 13.7137 110.786 
0.65833 0.283 125584 1 -0.909896 0.00769231 257 1 1575 0.0189567 -0.00358683 -0.037361 -4.22824 13.7029 110.727 
0.851169 0.283907 125663 1 -0.909896 0.00769231 258 1 1577 0.0196002 -0.00136896 -0.0366231 -4.20592 13.6893 110.605 
0.854981 0.276429 125744 1 -0.909896 0.00769231 259 1 1579 0.0196475 -0.00103063 -0.0329321 -4.19598 13.6498 110.587 
0.850174 0.310097 125824 1 -0.909896 0.00769231 260 1 1581 0.0204113 -0.000205386 -0.0272383 -4.18238 13.5789 110.544 
0.711329 0.342455 125864 1 -0.909896 0.00769231 261 1 1582 0.0205154 -0.000265974 -0.0297684 -4.18628 13.6031 110.525 
0.583977 0.332669 125944 1 -0.909896 0.00769231 262 1 1584 0.020069 -0.00191737 -0.0314683 -4.21734 13.6244 110.543 
0.551984 0.321171 126024 1 -0.909896 0.00769231 263 1 1586 0.0190989 -0.00258478 -0.0310564 -4.23905 13.6233 110.552 
0.541917 0.313026 126105 1 -0.909896 0.00769231 264 1 1588 0.0194744 -0.0034146 -0.0331994 -4.25282 13.6547 110.614 
0.549516 0.773626 126185 1 -0.909896 0.00769231 265 1 1590 0.019188 -0.00478294 -0.0421011 -4.27554 13.7986 110.857 
1.12402 2.43785 126265 1 -0.909896 0.00769231 266 0 1592 0.0168471 -0.00487172 -0.0494423 -4.2533 13.6879 109.849 
0.16366 2.01043 126306 1 -0.909896 0.00769231 267 0 1593 0.0146394 0.000235487 -0.0454567 -4.17496 13.5636 109.364 
0.603726 0.902602 126385 1 -0.909896 0.00769231 268 1 1595 0.0212065 -0.00211898 -0.0422111 -4.25502 13.7618 110.516 
0.605726 0.646372 126465 1 -0.909896 0.00769231 269 1 1597 0.0176712 -0.00271472 -0.0426109 -4.28025 13.8173 110.811 
0.589142 0.571691 126505 1 -0.909896 0.00769231 270 1 1598 0.0185015 -0.00399443 -0.0467575 -4.29163 13.8883 110.951 
0.57793 0.35883 126586 1 -0.909896 0.00769231 271 1 1600 0.0184918 -0.0021542 -0.0447215 -4.2521 13.8425 110.86 
0.580809 0.340204 126626 1 -0.909896 0.00769231 272 1 1601 0.0177935 -0.00238039 -0.0430599 -4.24684 13.8159 110.832 
0.578167 0.327521 126705 1 -0.909896 0.00769231 273 1 1603 0.018604 -0.00241044 -0.0450223 -4.24209 13.8173 110.738 
1.54949 1.8178 126786 1 -0.909896 0.00769231 274 0 1605 0.018548 -0.0015083 -0.0463373 -4.23843 13.8475 110.789 
0.845955 2.06888 126866 1 -0.909896 0.00769231 275 0 1607 0.0148249 0.00313445 -0.0531303 -4.14346 13.6898 109.484 
0.630092 1.08377 126946 1 -0.909896 0.00769231 276 1 1609 0.0191948 0.00220489 -0.0431349 -4.16102 13.6661 110.001 
0.642507 0.825111 126986 1 -0.909896 0.00769231 277 1 1610 0.0232012 0.00109506 -0.0472033 -4.18645 13.7769 110.362 
0.638192 0.644343 127067 1 -0.909896 0.00769231 278 1 1612 0.0218579 0.00364462 -0.0507823 -4.15478 13.8073 110.345 
0.672769 0.610101 127146 1 -0.909896 0.00769231 279 1 1614 0.0221262 0.00738109 -0.0470107 -4.09505 13.7255 110.159 
0.679671 0.587443 127187 1 -0.909896 0.00769231 280 1 1615 0.0224085 0.00727011 -0.0471054 -4.08553 13.7094 110.055 
0.70835 0.62412 127267 1 -0.909896 0.00769231 281 1 1617 0.022735 0.0078916 -0.0470195 -4.0606 13.6361 109.796 
0.684292 0.731468 127347 1 -0.909896 0.00769231 282 1 1619 0.0200399 0.00229576 -0.0352768 -4.1113 13.4181 109.577 
0.654184 0.723211 127428 1 -0.909896 0.00769231 283 1 1621 0.0191235 -0.00036968 -0.0360313 -4.14079 13.3941 109.487 
0.646571 0.746205 127467 1 -0.909896 0.00769231 284 1 1622 0.0210487 -0.00416651 -0.039267 -4.17715 13.4022 109.417 
0.62062 0.836792 127547 1 -0.909896 0.00769231 285 1 1624 0.0179973 -0.00484935 -0.0310509 -4.17282 13.2364 109.098 
0.555688 0.852969 127587 1 -0.909896 0.00769231 286 1 1625 0.0152296 -0.00763761 -0.0325511 -4.19696 13.2035 108.972 
0.53245 0.825711 127708 1 -0.909896 0.00769231 287 1 1628 0.0114583 -0.010944 -0.0386397 -4.2059 13.1712 108.661 
0.545171 0.858393 127788 1 -0.909896 0.00769231 288 1 1630 0.0136638 -0.00778779 -0.0404165 -4.14861 13.0974 108.477 
0.576919 0.98316 127829 1 -0.909896 0.00769231 289 1 1631 0.0135852 -0.00365445 -0.0317229 -4.10738 12.9893 108.489 
0.619109 1.11687 127868 1 -0.909896 0.00769231 290 1 1632 0.0131309 -0.00332554 -0.0284614 -4.11598 13.006 108.704 
0.619109 1.11687 127868 1 -0.909896 0.00769231 291 1 1632 0.0131309 -0.00332554 -0.0284614 -4.11598 13.006 108.704 
0.621786 0.973904 128028 1 -0.909896 0.00769231 292 1 1636 0.015338 -0.00576363 -0.0409962 -4.1807 13.4456 109.579 
0.61807 0.932183 128109 1 -0.909896 0.00769231 293 1 1638 0.0161065 -0.00311739 -0.0379917 -4.17606 13.4837 109.726 
0.613502 0.889787 128189 1 -0.909896 0.00769231 294 1 1640 0.0144033 -0.00275862 -0.0421727 -4.19418 13.5242 109.708 
0.621059 0.865483 128228 1 -0.909896 0.00769231 295 1 1641 0.0133212 -0.00163788 -0.0448272 -4.19053 13.544 109.685 
0.655073 0.83042 128309 1 -0.909896 0.00769231 296 1 1643 0.0167501 -9.8232e-005 -0.044296 -4.18301 13.5774 109.809 
0.653363 0.817517 128389 1 -0.909896 0.00769231 297 1 1645 0.019098 -0.000669889 -0.043615 -4.1788 13.6059 109.909 
0.641241 0.89067 128469 1 -0.909896 0.00769231 298 1 1647 0.0162243 -0.00171788 -0.0427154 -4.18684 13.6272 110.025 
0.629713 0.856073 128550 1 -0.909896 0.00769231 299 1 1649 0.0161538 -0.00311409 -0.0448516 -4.20381 13.6739 110.124 
0.635025 0.821063 128629 1 -0.909896 0.00769231 300 1 1651 0.0194122 -0.00321405 -0.044156 -4.19872 13.6852 110.226 
0.630949 0.810038 128669 1 -0.909896 0.00769231 301 1 1652 0.0209535 -0.00325177 -0.045009 -4.19925 13.7082 110.281 
0.643155 0.792493 128790 1 -0.909896 0.00769231 302 1 1655 0.0203687 -0.00286377 -0.0469529 -4.21407 13.7491 110.344 
0.659609 0.944157 128830 1 -0.909896 0.00769231 303 1 1656 0.0201679 -0.00301601 -0.0481057 -4.22554 13.7822 110.417 
0.671443 0.964862 128910 1 -0.909896 0.00769231 304 1 1658 0.0199724 -0.00352 -0.0498867 -4.23843 13.8242 110.518 
0.665637 0.980485 128951 1 -0.909896 0.00769231 305 1 1659 0.0197739 -0.00314751 -0.0487876 -4.23513 13.8159 110.602 
0.63872 0.972292 129030 1 -0.909896 0.00769231 306 1 1661 0.0198858 -0.00439794 -0.0485166 -4.24443 13.8336 110.696 
0.64865 1.00337 129110 1 -0.909896 0.00769231 307 1 1663 0.0189143 -0.00434702 -0.0487113 -4.24624 13.8446 110.739 
0.664276 1.01728 129191 1 -0.909896 0.00769231 308 1 1665 0.0221761 -0.00139082 -0.0498268 -4.20218 13.8345 110.543 
0.614323 1.30862 129231 1 -0.909896 0.00769231 309 0 1666 0.0239295 -0.00173719 -0.0483317 -4.19657 13.7876 110.485 
2.43782 2.41994 129350 1 -0.909896 0.00769231 310 0 1669 0.0290255 0.0133335 -0.0455195 -3.94516 13.2942 108.604 
1.07786 2.46435 129391 1 -0.909896 0.00769231 311 0 1670 0.0229755 0.00817132 -0.044788 -3.97936 13.2015 108.589 
1.85314 3.50048 129471 1 -0.909896 0.00769231 312 0 1672 0.0214238 0.00518124 -0.0307804 -3.98772 13.0295 108.465 
1.59905 2.28974 129511 1 -0.909896 0.00769231 313 0 1673 0.0226808 0.00757268 -0.0362625 -3.94344 13.1096 108.379 
0.557321 1.30681 129591 1 -0.909896 0.00769231 314 0 1675 0.0182282 -0.00703936 -0.0566495 -4.08162 13.334 108.856 
0.557321 1.30681 129591 1 -0.909896 0.00769231 315 0 1675 0.0182282 -0.00703936 -0.0566495 -4.08162 13.334 108.856 
0.535131 1.08452 129712 1 -0.909896 0.00769231 316 1 1678 0.0206462 -0.0262784 -0.039772 -4.31931 13.0662 108.569 
0.507326 1.10682 129791 1 -0.909896 0.00769231 317 1 1680 0.0199885 -0.0332394 -0.0363955 -4.40505 13.0112 108.703 
0.507688 1.14168 129872 1 -0.909896 0.00769231 318 1 1682 0.0201637 -0.0328801 -0.0295612 -4.39738 12.9401 108.643 
0.51882 1.13781 129912 1 -0.909896 0.00769231 319 1 1683 0.0205109 -0.0325638 -0.0286303 -4.3995 12.9392 108.679 
0.51882 1.13781 129912 1 -0.909896 0.00769231 320 1 1683 0.0205109 -0.0325638 -0.0286303 -4.3995 12.9392 108.679 
0.2231 0.685799 130112 1 -0.909375 0.00769231 321 1 1688 0.0193686 -0.025971 -0.0185292 -4.31884 12.7815 108.444 
0.236861 0.749017 130152 1 -0.855208 0.00769231 322 1 1689 0.020609 -0.0252899 -0.0101881 -4.3068 12.6486 108.321 
0.219346 0.751376 130235 1 -0.750521 0.00769231 323 1 1691 0.0212092 -0.0305885 -0.00735085 -4.37795 12.6116 108.294 
0.218912 0.619521 130313 1 -0.640625 0.00769231 324 1 1693 0.0203019 -0.0299525 -0.00960052 -4.39676 12.644 108.358 
0.267132 0.557093 130393 1 -0.559375 0.00769231 325 1 1695 0.019553 -0.0230536 -0.0106937 -4.34341 12.7114 108.521 
0.285463 0.544564 130433 1 -0.488542 0.00769231 326 1 1696 0.0185569 -0.0229314 -0.0156741 -4.35362 12.8154 108.753 
0.411194 0.524491 130513 1 -0.445313 0.00769231 327 1 1698 0.0166296 -0.0258031 -0.0212719 -4.40843 12.9266 108.995 
0.407609 0.43503 130593 1 -0.402083 0.00769231 328 1 1700 0.0161111 -0.0227184 -0.0251389 -4.38657 12.9805 108.874 
0.443267 0.395893 130674 1 -0.3375 0.00769231 329 1 1702 0.0200306 -0.0143192 -0.0258122 -4.29755 13.0195 108.819 
0.44908 0.383397 130714 1 -0.302083 0.00865385 330 1 1703 0.0171495 -0.012066 -0.0288222 -4.26159 13.0201 108.736 
0.458322 0.466251 130834 1 -0.301563 0.00865385 331 1 1706 0.0199156 -0.0197002 -0.0208028 -4.30774 12.8089 108.461 
0.452963 0.4758 130873 1 -0.301563 0.00865385 332 1 1707 0.0179031 -0.0201953 -0.0210015 -4.30209 12.7873 108.321 
0.440028 0.456342 130954 1 -0.301563 0.00865385 333 1 1709 0.0180714 -0.02384 -0.0249915 -4.33432 12.8143 108.277 
0.412762 0.497561 131034 1 -0.301563 0.00865385 334 1 1711 0.0210493 -0.0331811 -0.0216609 -4.45685 12.8015 108.316 
0.370431 0.578773 131114 1 -0.309375 0.0221154 335 1 1713 0.0253082 -0.0511721 -0.010321 -4.64549 12.6056 108.079 
0.216987 0.697028 131155 1 -0.339062 0.0855769 336 1 1714 0.0252868 -0.0561425 -0.00580668 -4.6933 12.5042 107.881 
0.15632 0.772742 131274 1 -0.439063 0.261538 337 1 1717 0.0244964 -0.0582451 0.00244742 -4.73529 12.3996 107.846 
0.149127 0.733221 131354 1 -0.529687 0.440385 338 1 1719 0.0230556 -0.0574784 0.000429195 -4.7325 12.4053 107.846 
0.152722 0.614265 131435 1 -0.559896 0.563462 339 1 1721 0.0226515 -0.0492107 -0.00780093 -4.63143 12.5165 107.827 
0.223708 0.517904 131515 1 -0.563021 0.6375 340 1 1723 0.0224603 -0.029712 -0.0158594 -4.41867 12.755 108.322 
0.260446 0.432163 131555 1 -0.556771 0.667308 341 1 1724 0.0209116 -0.0210935 -0.0237965 -4.32708 12.9504 108.698 
0.283714 0.402418 131635 1 -0.556771 0.663462 342 1 1726 0.0191599 -0.0115019 -0.0268613 -4.23542 13.117 109.084 
0.303954 0.336755 131715 1 -0.556771 0.648077 343 1 1728 0.0171474 -0.0067886 -0.0304943 -4.20652 13.2222 109.302 
0.313245 0.301673 131796 1 -0.557813 0.625962 344 1 1730 0.0157609 -0.00521139 -0.0337487 -4.20284 13.297 109.412 
0.305957 0.285123 131836 1 -0.558333 0.622115 345 1 1731 0.015126 -0.00481592 -0.0338982 -4.21069 13.3133 109.446 
0.3041 0.410954 131916 1 -0.558333 0.617308 346 1 1733 0.0152305 -0.00368147 -0.0359468 -4.21315 13.3859 109.663 
0.299128 0.397803 131997 1 -0.5625 0.605769 347 1 1735 0.0158501 -0.00574952 -0.0359164 -4.2374 13.4285 109.831 
0.2939 0.428456 132076 1 -0.565625 0.599038 348 1 1737 0.0164936 -0.00597377 -0.0328036 -4.23749 13.4 109.858 
0.303667 0.42976 132156 1 -0.565625 0.599038 349 1 1739 0.0170245 -0.00469887 -0.0322953 -4.21929 13.3973 109.882 
0.296491 0.405078 132196 1 -0.565625 0.599038 350 1 1740 0.0165468 -0.00484706 -0.0347081 -4.22076 13.4256 109.914 
0.235751 0.411936 132277 1 -0.566146 0.599038 351 1 1742 0.0162059 -0.00419182 -0.0343403 -4.22524 13.4283 109.934 
0.230023 0.449045 132357 1 -0.567187 0.596154 352 1 1744 0.0170093 -0.00262517 -0.0294558 -4.20973 13.3754 109.904 
0.229489 0.435096 132396 1 -0.567708 0.592308 353 1 1745 0.0168689 -0.0026676 -0.0303409 -4.21223 13.397 109.962 
0.238292 0.453278 132477 1 -0.568229 0.5875 354 1 1747 0.017452 -0.00223953 -0.0261857 -4.20254 13.3534 109.961 
0.285563 0.458973 132557 1 -0.56875 0.586538 355 1 1749 0.0169609 -0.0026794 -0.0268126 -4.20937 13.3593 109.972 
0.315453 0.452107 132637 1 -0.56875 0.586538 356 1 1751 0.0159239 -0.00369705 -0.0264684 -4.22358 13.3577 109.943 
0.342781 0.431281 132717 1 -0.56875 0.586538 357 1 1753 0.0177292 -0.00242275 -0.0256459 -4.2134 13.3725 110.045 
0.351408 0.443228 132797 1 -0.56875 0.586538 358 1 1755 0.0166797 -0.00258239 -0.0261853 -4.20964 13.3713 110.008 
0.351045 0.424441 132837 1 -0.568229 0.591346 359 1 1756 0.0167934 -0.00293729 -0.0257923 -4.2141 13.3723 110.043 
0.357682 0.418312 132918 1 -0.566667 0.599038 360 1 1758 0.0169758 -0.00248831 -0.0266371 -4.20417 13.3781 110.017 
0.358993 0.324611 132999 1 -0.566667 0.599038 361 1 1760 0.0180638 -0.00230564 -0.0266412 -4.19665 13.3805 109.976 
0.348777 0.335645 133038 1 -0.566667 0.6 362 1 1761 0.0165052 -0.0025363 -0.0248015 -4.1972 13.347 109.924 
0.348777 0.335645 133038 1 -0.566667 0.600962 363 1 1761 0.0165052 -0.0025363 -0.0248015 -4.1972 13.347 109.924 
0.372899 0.344201 133198 1 -0.565104 0.608654 364 1 1765 0.018396 -0.00094211 -0.0251435 -4.16285 13.3465 109.866 
0.367816 0.349738 133278 1 -0.559375 0.655769 365 1 1767 0.017232 -0.00208739 -0.0268583 -4.17608 13.3578 109.804 
0.373797 0.341503 133359 1 -0.559896 0.734615 366 1 1769 0.0177533 -0.000515254 -0.0268646 -4.16843 13.3721 109.85 
0.36836 0.34892 133399 1 -0.561458 0.808654 367 1 1770 0.017664 -0.00124686 -0.024533 -4.17813 13.34 109.847 
0.370367 0.4395 133479 1 -0.561458 0.836538 368 1 1772 0.0164353 -0.000907627 -0.0244357 -4.17578 13.34 109.862 
0.40676 0.478808 133559 1 -0.563542 0.847115 369 1 1774 0.0182919 -0.00125211 -0.0259564 -4.18194 13.3842 109.966 
0.406596 0.474736 133599 1 -0.564063 0.870192 370 1 1775 0.0179954 -0.00152929 -0.0260764 -4.18617 13.3883 109.967 
0.411764 0.453303 133679 1 -0.564583 0.891346 371 1 1777 0.0188387 -0.00183685 -0.0271897 -4.19068 13.4157 110.005 
0.266062 1.27279 133760 1 -0.563021 0.915385 372 0 1779 0.0181624 -0.00355577 -0.0295247 -4.21937 13.4807 110.245 
0.496827 1.66574 133800 1 -0.559896 0.941346 373 0 1780 0.016408 -0.00645682 -0.0276515 -4.25933 13.4726 110.326 
0.595221 0.711712 133919 1 -0.558854 0.955769 374 1 1783 0.016589 -0.000705481 -0.0294884 -4.18192 13.4644 110.132 
0.599432 0.608193 133960 1 -0.558333 0.960577 375 1 1784 0.01676 -0.00267946 -0.0307881 -4.20476 13.4761 110.097 
0.575457 0.525231 134040 1 -0.557813 0.963462 376 1 1786 0.0163585 -0.0026018 -0.0314185 -4.20915 13.4868 110.102 
0.575378 0.554072 134120 1 -0.557813 0.965385 377 1 1788 0.0169519 -0.00135305 -0.0288315 -4.19303 13.4474 110.066 
0.586308 0.681358 134160 1 -0.557813 0.965385 378 1 1789 0.0172046 -0.001602 -0.0306523 -4.19504 13.4767 110.103 
0.580299 0.664978 134241 1 -0.560417 0.964423 379 1 1791 0.0168054 -0.00292894 -0.0311948 -4.21266 13.4878 110.121 
0.586754 0.646909 134320 1 -0.575 0.957692 380 1 1793 0.0176512 -0.00286167 -0.0310626 -4.20916 13.5063 110.197 
0.573745 0.611847 134400 1 -0.633854 0.931731 381 1 1795 0.0179374 -0.00351908 -0.0329 -4.2186 13.5428 110.261 
0.562623 0.618904 134440 1 -0.718229 0.896154 382 1 1796 0.0162111 -0.00318413 -0.0324333 -4.2099 13.5271 110.222 
0.550956 0.62565 134521 1 -0.775 0.886538 383 1 1798 0.0170208 -0.00415022 -0.032813 -4.21742 13.5353 110.243 
0.490095 0.648451 134601 1 -0.805729 0.882692 384 1 1800 0.0172311 -0.00515088 -0.031951 -4.22984 13.5304 110.23 
0.337213 0.636964 134681 1 -0.839063 0.878846 385 1 1802 0.0189711 -0.00452317 -0.0306088 -4.2279 13.5265 110.267 
0.326665 0.630003 134761 1 -0.864062 0.874038 386 1 1804 0.0170296 -0.00623579 -0.0321329 -4.24843 13.5408 110.265 
0.327156 0.627579 134801 1 -0.870313 0.873077 387 1 1805 0.0173685 -0.00483977 -0.0317213 -4.2302 13.5378 110.269 
0.336193 0.655264 134882 1 -0.870313 0.873077 388 1 1807 0.0181623 -0.00469746 -0.033548 -4.21966 13.5805 110.392 
0.330842 0.636283 134962 1 -0.870313 0.873077 389 1 1809 0.0191149 -0.0043138 -0.0331368 -4.20817 13.5977 110.494 
0.325241 0.653737 135002 1 -0.86875 0.873077 390 1 1810 0.0192985 -0.00461546 -0.0313057 -4.20968 13.5729 110.464 
0.326048 0.659605 135081 1 -0.844271 0.875 391 1 1812 0.0194117 -0.00453816 -0.0307905 -4.21116 13.5746 110.484 
0.31683 0.646673 135162 1 -0.808333 0.875 392 1 1814 0.0185855 -0.00451067 -0.031675 -4.21688 13.5861 110.478 
0.328428 0.644981 135202 1 -0.780729 0.877885 393 1 1815 0.0189347 -0.00365162 -0.0315276 -4.20651 13.5906 110.511 
0.326444 0.635457 135282 1 -0.760417 0.880769 394 1 1817 0.019114 -0.00472884 -0.0308778 -4.21386 13.5858 110.529 
0.313471 0.481714 135363 1 -0.731771 0.885577 395 1 1819 0.0197069 -0.00231321 -0.028585 -4.17664 13.5352 110.388 
0.313954 0.481228 135442 1 -0.7125 0.886538 396 1 1821 0.0197463 -0.00303015 -0.0288756 -4.18305 13.5424 110.395 
0.318781 0.472869 135523 1 -0.698438 0.8875 397 1 1823 0.0201218 -0.00270393 -0.0280459 -4.17617 13.5437 110.446 
0.297802 0.409821 135563 1 -0.689583 0.889423 398 1 1824 0.0205393 -0.00229324 -0.0272714 -4.16507 13.5188 110.394 
0.297169 0.402562 135643 1 -0.686458 0.889423 399 1 1826 0.0203177 -0.000834486 -0.0271369 -4.14316 13.5169 110.369 
0.294792 0.391922 135683 1 -0.685417 0.889423 400 1 1827 0.0204801 -0.00141914 -0.028292 -4.15002 13.5315 110.389 
0.295524 0.375775 135764 1 -0.682813 0.889423 401 1 1829 0.0204651 -0.000325159 -0.0287522 -4.13617 13.5315 110.382 
0.313062 0.371536 135846 1 -0.680729 0.889423 402 1 1831 0.0196778 -0.000589417 -0.0292008 -4.13946 13.5249 110.325 
0.333105 0.359414 135924 1 -0.679688 0.889423 403 1 1833 0.0205215 -0.00094606 -0.027636 -4.14324 13.5013 110.267 
0.347706 0.360742 136004 1 -0.679167 0.889423 404 1 1835 0.020437 -0.00129747 -0.026374 -4.14763 13.4865 110.251 
0.543451 0.672702 136084 1 -0.677083 0.889423 405 1 1837 0.0187015 -0.00152854 -0.030269 -4.15716 13.5474 110.368 
0.565312 0.668622 136124 1 -0.677083 0.889423 406 1 1838 0.0186838 -0.00213703 -0.0316595 -4.16563 13.5759 110.41 
0.558402 0.654932 136163 1 -0.677083 0.889423 407 1 1839 0.0183178 -0.00263113 -0.0308621 -4.1745 13.5703 110.449 
0.558402 0.654932 136163 1 -0.677083 0.889423 408 1 1839 0.0183178 -0.00263113 -0.0308621 -4.1745 13.5703 110.449 
0.585077 0.672169 136364 1 -0.686458 0.889423 409 1 1844 0.0182598 -0.00300191 -0.0314118 -4.18908 13.5785 110.423 
0.587832 0.665411 136445 1 -0.708854 0.889423 410 1 1846 0.0177897 -0.00334583 -0.0320552 -4.19148 13.5701 110.346 
0.591018 0.660676 136485 1 -0.75 0.883654 411 1 1847 0.01806 -0.00275905 -0.0322598 -4.18422 13.5747 110.363 
0.590219 0.664416 136564 1 -0.788021 0.878846 412 1 1849 0.0183769 -0.00302321 -0.0296738 -4.1853 13.5406 110.316 
0.596661 0.65239 136645 1 -0.813542 0.873077 413 1 1851 0.0183661 -0.00287127 -0.0310048 -4.18024 13.5563 110.29 
0.81061 0.57943 136725 1 -0.829688 0.870192 414 1 1853 0.0176686 -0.00176878 -0.0289917 -4.16554 13.5152 110.198 
0.863193 0.528125 136806 1 -0.835938 0.869231 415 1 1855 0.0177972 -0.00294226 -0.0288433 -4.1736 13.5135 110.202 
0.862756 0.531485 136886 1 -0.838542 0.867308 416 1 1857 0.0176726 -0.00346292 -0.0278077 -4.18003 13.4968 110.16 
0.863437 0.543786 136965 1 -0.838542 0.867308 417 1 1859 0.0180564 -0.00162949 -0.0304897 -4.16776 13.5401 110.176 
0.636787 0.908443 137046 1 -0.835417 0.864423 418 1 1861 0.0166288 -0.00181916 -0.0330143 -4.18607 13.5974 110.36 
0.635181 0.892129 137086 1 -0.821875 0.863462 419 1 1862 0.0166403 -4.29667e-005 -0.0322584 -4.16555 13.596 110.384 
0.634119 0.836161 137166 1 -0.800521 0.863462 420 1 1864 0.018113 -0.000777666 -0.0337305 -4.17192 13.6263 110.465 
0.635795 0.844897 137247 1 -0.789063 0.863462 421 1 1866 0.0182515 0.000109767 -0.0324859 -4.15258 13.6066 110.413 
0.628029 0.867692 137327 1 -0.782292 0.864423 422 1 1868 0.0181259 -0.000541748 -0.0327599 -4.16019 13.6155 110.463 
0.628135 0.875243 137366 1 -0.776042 0.865385 423 1 1869 0.0183284 -0.000499226 -0.0329763 -4.15637 13.6194 110.494 
0.919969 2.33075 137446 1 -0.768229 0.868269 424 0 1871 0.0187492 -0.000162375 -0.032073 -4.15282 13.621 110.565 
0.444013 1.86837 137527 1 -0.767188 0.868269 425 0 1873 0.0176847 0.00630332 -0.0381623 -4.09911 13.747 110.527 
0.620532 1.55857 137607 1 -0.767188 0.868269 426 0 1875 0.0165326 0.000473767 -0.033273 -4.16745 13.6938 110.782 
0.627258 1.5027 137647 1 -0.767708 0.868269 427 0 1876 0.0159989 -0.000173849 -0.0323595 -4.17318 13.6777 110.77 
0.634202 1.4126 137727 1 -0.789583 0.868269 428 0 1878 0.0161444 0.000417754 -0.031461 -4.16831 13.6753 110.825 
0.660046 1.32583 137807 1 -0.826042 0.868269 429 0 1880 0.0170724 -0.000613515 -0.0321552 -4.17345 13.6803 110.823 
0.660046 1.32583 137807 1 -0.848437 0.864423 430 0 1880 0.0170724 -0.000613515 -0.0321552 -4.17345 13.6803 110.823 
0.641413 1.29167 137927 1 -0.850521 0.864423 431 0 1883 0.0182469 -0.0013821 -0.031185 -4.18459 13.6752 110.82 
0.562496 1.26633 138008 1 -0.851042 0.864423 432 0 1885 0.0178172 -0.00181491 -0.0312694 -4.18659 13.6711 110.787 
0.573207 1.25929 138048 1 -0.851042 0.864423 433 0 1886 0.0185423 -0.00165919 -0.0293642 -4.18456 13.6569 110.838 
0.57527 1.25454 138127 1 -0.851042 0.864423 434 0 1888 0.0185892 -0.00202629 -0.0313561 -4.19143 13.6869 110.861 
0.57527 1.25454 138127 1 -0.851042 0.864423 435 0 1888 0.0185892 -0.00202629 -0.0313561 -4.19143 13.6869 110.861 
0.581782 1.25525 138248 1 -0.851042 0.864423 436 0 1891 0.0182568 -0.00142827 -0.0299247 -4.1827 13.6673 110.844 
0.578216 1.24955 138328 1 -0.850521 0.864423 437 0 1893 0.0190573 -0.00194783 -0.0287127 -4.18266 13.6537 110.853 
0.579131 1.2525 138409 1 -0.842708 0.864423 438 0 1895 0.0190145 -0.0017291 -0.0302863 -4.17687 13.6716 110.865 
0.597959 1.25959 138448 1 -0.831771 0.864423 439 0 1896 0.0192774 -0.00221738 -0.0294391 -4.1783 13.6641 110.88 
0.660437 1.25163 138488 1 -0.819792 0.865385 440 0 1897 0.0187073 -0.00308249 -0.0298333 -4.18368 13.6567 110.831 
0.667243 1.26871 138609 1 -0.809896 0.866346 441 0 1900 0.0183362 -0.00197483 -0.0285208 -4.1683 13.638 110.767 
0.661791 1.26518 138689 1 -0.797396 0.868269 442 0 1902 0.0182153 -0.00125323 -0.02773 -4.16075 13.6273 110.777 
0.663488 1.2494 138770 1 -0.785937 0.870192 443 0 1904 0.0193866 -0.00171425 -0.0284354 -4.16425 13.6375 110.797 
0.663488 1.2494 138770 1 -0.778646 0.871154 444 0 1904 0.0193866 -0.00171425 -0.0284354 -4.16425 13.6375 110.797 
0.643971 1.14213 138889 1 -0.771875 0.872115 445 1 1907 0.0179712 -0.00225582 -0.0308817 -4.17804 13.6532 110.709 
0.635315 0.770398 138969 1 -0.760938 0.874038 446 1 1909 0.0179166 0.000597786 -0.0272164 -4.13665 13.5657 110.448 
0.605471 0.710245 139050 1 -0.75625 0.874038 447 1 1911 0.0183014 0.000426452 -0.0276615 -4.14096 13.565 110.428 
0.597846 0.706192 139090 1 -0.752604 0.875962 448 1 1912 0.0185155 -7.57329e-005 -0.0265564 -4.14751 13.5471 110.427 
0.597846 0.706192 139090 1 -0.747396 0.875962 449 1 1912 0.0185155 -7.57329e-005 -0.0265564 -4.14751 13.5471 110.427 
0.592164 0.747182 139249 1 -0.74375 0.875962 450 1 1916 0.0177299 -0.000325317 -0.0281396 -4.14779 13.5676 110.449 
0.582572 0.75087 139330 1 -0.732292 0.878846 451 1 1918 0.0173799 -0.000307897 -0.0275968 -4.15338 13.5569 110.397 
0.583741 0.750184 139411 1 -0.723437 0.878846 452 1 1920 0.018168 -0.000763752 -0.0266147 -4.1586 13.5421 110.367 
0.58132 0.738754 139491 1 -0.718229 0.878846 453 1 1922 0.0181266 -0.00058453 -0.0279461 -4.15742 13.5613 110.421 
0.605267 0.839864 139531 1 -0.709375 0.880769 454 1 1923 0.0184516 -0.000641986 -0.029546 -4.15595 13.5903 110.461 
0.608156 0.859055 139611 1 -0.700521 0.882692 455 1 1925 0.0187469 -0.00119374 -0.0290189 -4.15989 13.5925 110.488 
0.599529 0.868618 139691 1 -0.697917 0.882692 456 1 1927 0.0184364 -0.0021565 -0.0271152 -4.17171 13.5665 110.449 
0.590355 0.81755 139771 1 -0.694792 0.883654 457 1 1929 0.017344 -0.0014456 -0.0289315 -4.16516 13.5771 110.396 
0.59581 0.834459 139811 1 -0.690625 0.883654 458 1 1930 0.0173312 -0.00184546 -0.0271874 -4.16836 13.5504 110.371 
0.60154 0.838368 139892 1 -0.688021 0.883654 459 1 1932 0.017804 -0.00122049 -0.0269838 -4.16279 13.5425 110.319 
0.609726 0.83617 139971 1 -0.685417 0.884615 460 1 1934 0.0179572 -0.00150438 -0.028429 -4.16994 13.5588 110.323 
0.607012 0.833054 140012 1 -0.681771 0.885577 461 1 1935 0.0182717 -0.00188956 -0.0289951 -4.17319 13.5745 110.363 
0.607013 0.836113 140091 1 -0.675 0.8875 462 1 1937 0.0186854 -0.00311818 -0.0283405 -4.18536 13.5698 110.383 
0.603276 0.85385 140172 1 -0.669271 0.888462 463 1 1939 0.0186646 -0.00274693 -0.0276675 -4.18022 13.5519 110.311 
0.609058 0.861119 140252 1 -0.665104 0.889423 464 1 1941 0.0187534 -0.00259248 -0.0268979 -4.18083 13.5384 110.3 
0.609063 0.859387 140332 1 -0.659375 0.891346 465 1 1943 0.0181094 -0.00209636 -0.0278515 -4.17792 13.5611 110.36 
0.660462 1.14956 140412 1 -0.654167 0.891346 466 1 1945 0.0183565 -0.00210361 -0.0290594 -4.18128 13.5922 110.46 
0.65489 1.16245 140492 1 -0.651042 0.892308 467 1 1947 0.0179904 -0.00373187 -0.0290937 -4.20847 13.6165 110.581 
0.658059 1.17105 140532 1 -0.646875 0.892308 468 1 1948 0.018167 -0.00403922 -0.0283163 -4.21288 13.6009 110.544 
0.661393 1.16841 140613 1 -0.640625 0.893269 469 1 1950 0.0171997 -0.00358342 -0.0293268 -4.21387 13.6207 110.559 
0.653869 1.12214 140693 1 -0.636979 0.894231 470 1 1952 0.0179731 -0.00400913 -0.0288042 -4.21949 13.6256 110.638 
0.662421 1.12842 140732 1 -0.634896 0.894231 471 1 1953 0.01829 -0.00369382 -0.0284646 -4.2121 13.6187 110.609 
0.659138 1.12052 140813 1 -0.632813 0.895192 472 1 1955 0.018287 -0.0030439 -0.0294354 -4.20766 13.6363 110.624 
0.657385 1.14945 140893 1 -0.630208 0.895192 473 1 1957 0.0178093 -0.00304915 -0.0287622 -4.21016 13.6359 110.683 
0.667875 1.15523 140974 1 -0.627083 0.895192 474 1 1959 0.0180705 -0.00168905 -0.0279286 -4.19356 13.6282 110.7 
0.587339 1.20866 141054 1 -0.623437 0.895192 475 0 1961 0.0163975 -0.00244148 -0.0258759 -4.20212 13.5943 110.658 
0.579329 1.19004 141133 1 -0.619271 0.896154 476 1 1963 0.0180607 -0.00180873 -0.0246851 -4.19532 13.5999 110.733 
0.572582 1.19914 141174 1 -0.617188 0.897115 477 1 1964 0.0176365 -0.00169886 -0.0253142 -4.19222 13.6045 110.718 
0.58436 1.20965 141254 1 -0.615104 0.897115 478 0 1966 0.0178991 -0.00150017 -0.0247841 -4.18182 13.5994 110.741 
0.585125 1.21244 141334 1 -0.613021 0.897115 479 0 1968 0.0178784 -0.00161669 -0.0236017 -4.17764 13.5819 110.733 
0.612347 1.19875 141415 1 -0.610417 0.897115 480 1 1970 0.0177616 -0.00271442 -0.025561 -4.19784 13.6069 110.722 
0.665236 1.18364 141454 1 -0.606771 0.897115 481 1 1971 0.0187367 -0.00185945 -0.0258748 -4.1931 13.6147 110.733 
0.670977 1.18932 141534 1 -0.602604 0.898077 482 1 1973 0.0178767 -0.00227704 -0.024827 -4.20232 13.6051 110.751 
0.660419 1.21103 141614 1 -0.599479 0.898077 483 0 1975 0.0160983 -0.00305648 -0.0255944 -4.21335 13.5964 110.69 
0.663527 1.19421 141655 1 -0.596354 0.899038 484 1 1976 0.0158973 -0.00321963 -0.0262474 -4.21522 13.6048 110.672 
0.626434 1.06061 141735 1 -0.592708 0.899038 485 1 1978 0.0170347 -0.00287251 -0.0283971 -4.20742 13.617 110.641 
0.61853 0.909045 141815 1 -0.591667 0.899038 486 1 1980 0.0172664 -0.00307334 -0.0256618 -4.19742 13.563 110.488 
0.616443 0.906615 141895 1 -0.590625 0.899038 487 1 1982 0.0174243 -0.00249917 -0.0278766 -4.19483 13.5792 110.43 
0.702644 0.736962 141975 1 -0.589063 0.899038 488 1 1984 0.0182785 -0.00242517 -0.0256242 -4.19413 13.5366 110.317 
0.706878 0.44538 142056 1 -0.5875 0.9 489 1 1986 0.0173153 -0.00139451 -0.0208363 -4.16336 13.4115 109.968 
0.691027 0.405629 142136 1 -0.584375 0.900962 490 1 1988 0.017101 -0.00202559 -0.0208902 -4.17139 13.4121 109.956 
0.784978 0.432924 142176 1 -0.583333 0.901923 491 1 1989 0.0159057 -0.00195761 -0.0198105 -4.16873 13.3795 109.856 
0.832091 0.428757 142215 1 -0.582812 0.901923 492 1 1990 0.0162704 -0.00156098 -0.0195747 -4.16455 13.3737 109.837 
0.832091 0.428757 142215 1 -0.581771 0.902885 493 1 1990 0.0162704 -0.00156098 -0.0195747 -4.16455 13.3737 109.837 
0.842605 0.40462 142376 1 -0.58125 0.902885 494 1 1994 0.0176331 -0.0012597 -0.0197736 -4.15565 13.382 109.822 
0.837574 0.415364 142456 1 -0.578125 0.903846 495 1 1996 0.0165909 -0.00043614 -0.0187547 -4.14835 13.3643 109.799 
0.850188 0.411911 142537 1 -0.575521 0.905769 496 1 1998 0.0185402 -0.00141384 -0.0199945 -4.15819 13.386 109.864 
0.742457 0.447003 142616 1 -0.574479 0.906731 497 1 2000 0.0176405 -0.000755561 -0.0190403 -4.15136 13.3749 109.845 
0.70251 0.452708 142696 1 -0.574479 0.906731 498 1 2002 0.0176174 -0.000449641 -0.0174941 -4.15002 13.3497 109.788 
0.693376 0.451791 142736 1 -0.573958 0.906731 499 1 2003 0.0169287 -0.000726342 -0.0178865 -4.15377 13.3503 109.76 
0.690292 0.461758 142817 1 -0.571354 0.908654 500 1 2005 0.0165642 -0.00136397 -0.0170959 -4.16212 13.3405 109.763 
0.697894 0.437716 142898 1 -0.568229 0.908654 501 1 2007 0.0175485 -0.0010689 -0.0191998 -4.15376 13.3691 109.789 
0.692658 0.450283 142937 1 -0.564063 0.910577 502 1 2008 0.0175334 -0.00192435 -0.0198891 -4.16367 13.3807 109.811 
0.703535 0.455942 143017 1 -0.559896 0.911538 503 1 2010 0.0170603 -0.00186576 -0.0188502 -4.16627 13.3738 109.834 
0.840531 0.46349 143098 1 -0.557292 0.911538 504 1 2012 0.017144 -0.00135036 -0.0179902 -4.16249 13.3614 109.816 
0.843278 0.460538 143177 1 -0.556771 0.911538 505 1 2014 0.0178927 -0.00151526 -0.016185 -4.16538 13.3433 109.835 
0.84705 0.467378 143258 1 -0.554167 0.909615 506 1 2016 0.0177671 -0.00253645 -0.0163064 -4.17512 13.344 109.819 
1.02673 0.497571 143338 1 -0.548958 0.899038 507 1 2018 0.0176428 -0.0010863 -0.0180023 -4.16162 13.3667 109.842 
1.03344 0.484137 143377 1 -0.54375 0.851923 508 1 2019 0.0176601 -0.00107273 -0.0185049 -4.15634 13.3829 109.895 
1.03593 0.483442 143458 1 -0.540104 0.782692 509 1 2021 0.0179425 -0.00235777 -0.016897 -4.16457 13.3666 109.933 
1.03507 0.479283 143538 1 -0.534375 0.754808 510 1 2023 0.0180462 -0.00139923 -0.0180058 -4.15947 13.3791 109.92 
1.04079 0.481422 143619 1 -0.533333 0.704808 511 1 2025 0.0176473 -0.0021657 -0.0155517 -4.17249 13.3487 109.903 
1.03575 0.4947 143659 1 -0.533333 0.65 512 1 2026 0.0158139 -0.00163215 -0.0164718 -4.16602 13.3506 109.85 
1.02612 0.441702 143738 1 -0.53125 0.603846 513 1 2028 0.0180214 -0.00138266 -0.0171112 -4.15693 13.3706 109.917 
0.975659 0.309747 143819 1 -0.53125 0.591346 514 1 2030 0.0173731 -0.00145737 -0.0146512 -4.14554 13.3172 109.803 
0.96636 0.268077 143899 1 -0.53125 0.590385 515 1 2032 0.0172553 -0.00176058 -0.0145572 -4.15093 13.3186 109.79 
0.962944 0.248161 143979 1 -0.53125 0.590385 516 1 2034 0.017395 -0.00049836 -0.01511 -4.13741 13.3196 109.749 
0.955804 0.253316 144060 1 -0.532292 0.593269 517 1 2036 0.0174846 -0.00124485 -0.0143894 -4.14513 13.3087 109.744 
0.918721 0.330708 144100 1 -0.533333 0.606731 518 1 2037 0.0184917 -0.000382982 -0.0148188 -4.13814 13.3281 109.811 
0.844135 0.378935 144179 1 -0.533333 0.606731 519 1 2039 0.016022 -0.00133853 -0.0139805 -4.15234 13.3094 109.765 
0.840323 0.36729 144259 1 -0.533333 0.607692 520 1 2041 0.0173027 -0.00137719 -0.0149205 -4.14816 13.3238 109.795 
0.840878 0.364842 144300 1 -0.532813 0.611538 521 1 2042 0.0185955 -0.00152495 -0.0152299 -4.1499 13.3297 109.805 
0.82929 0.392099 144380 1 -0.534375 0.639423 522 1 2044 0.0182287 -0.00207392 -0.0152215 -4.15793 13.3289 109.768 
0.834885 0.414689 144460 1 -0.547396 0.715385 523 1 2046 0.0169718 -0.00281002 -0.015669 -4.17712 13.3266 109.713 
0.844805 0.441837 144540 1 -0.557813 0.781731 524 1 2048 0.0169666 -0.00210223 -0.0141559 -4.17672 13.3048 109.686 
0.842713 0.411972 144580 1 -0.560417 0.844231 525 1 2049 0.0179318 -0.00273715 -0.015104 -4.18758 13.3206 109.708 
0.84982 0.415855 144660 1 -0.560937 0.864423 526 1 2051 0.0174548 -0.0022668 -0.0169905 -4.1794 13.3377 109.704 
0.844947 0.430628 144743 1 -0.567187 0.883654 527 1 2053 0.0178476 -0.00273533 -0.0160373 -4.1899 13.3352 109.715 
0.844209 0.450915 144821 1 -0.575521 0.906731 528 1 2055 0.0182811 -0.00327005 -0.0151161 -4.19895 13.3291 109.699 
0.840632 0.463506 144860 1 -0.576042 0.909615 529 1 2056 0.0164471 -0.00293874 -0.0144423 -4.19827 13.3102 109.669 
0.780277 0.464407 144941 1 -0.575 0.932692 530 1 2058 0.0172434 -0.00203943 -0.0158197 -4.19238 13.3197 109.624 
0.73043 0.467773 145021 1 -0.575 0.946154 531 1 2060 0.0168036 -0.00254089 -0.0143704 -4.19417 13.2993 109.645 
0.721541 0.450742 145101 1 -0.573438 0.954808 532 1 2062 0.0175218 -0.00242498 -0.0163632 -4.18966 13.3331 109.638 
0.722479 0.446096 145182 1 -0.573438 0.956731 533 1 2064 0.0192259 -0.00302842 -0.0170131 -4.19477 13.3419 109.622 
0.722329 0.454828 145222 1 -0.573438 0.956731 534 1 2065 0.0192583 -0.00310939 -0.0168352 -4.19725 13.3419 109.63 
0.719783 0.460127 145301 1 -0.573958 0.960577 535 1 2067 0.0176206 -0.00218523 -0.0160371 -4.1841 13.3187 109.584 
0.720601 0.474113 145341 1 -0.574479 0.963462 536 1 2068 0.0178149 -0.0019812 -0.0151293 -4.18253 13.3078 109.585 
0.849628 0.47254 145462 1 -0.574479 0.963462 537 1 2071 0.0189626 -0.00337611 -0.0154885 -4.20199 13.3109 109.579 
0.846392 0.473417 145502 1 -0.571875 0.964423 538 1 2072 0.0178023 -0.00235983 -0.0163696 -4.19251 13.3197 109.545 
0.85048 0.481786 145583 1 -0.561979 0.965385 539 1 2074 0.0179611 -0.00212104 -0.0145503 -4.19072 13.301 109.522 
0.727733 0.459114 145622 1 -0.552083 0.966346 540 1 2075 0.0198663 -0.000943234 -0.0165626 -4.17498 13.3299 109.531 
0.429136 0.480719 145662 1 -0.545312 0.966346 541 1 2076 0.0184796 -0.00245745 -0.0157209 -4.19067 13.3064 109.459 
0.429136 0.480719 145662 1 -0.540625 0.966346 542 1 2076 0.0184796 -0.00245745 -0.0157209 -4.19067 13.3064 109.459 
0.415461 0.437536 145863 1 -0.534896 0.967308 543 1 2081 0.0188554 -0.00221342 -0.0143762 -4.18163 13.2923 109.493 
0.379041 0.447914 145903 1 -0.530208 0.969231 544 1 2082 0.0188816 -0.00150568 -0.014422 -4.16897 13.2979 109.533 
0.360398 0.458956 145984 1 -0.521875 0.970192 545 1 2084 0.0186627 -0.00327538 -0.013787 -4.18512 13.2914 109.535 
0.361066 0.455766 146063 1 -0.516146 0.970192 546 1 2086 0.0201707 -0.00376652 -0.0139506 -4.18955 13.2984 109.553 
0.361936 0.471444 146103 1 -0.515104 0.970192 547 1 2087 0.0191873 -0.00271308 -0.0130029 -4.17956 13.2901 109.575 
0.358562 0.472437 146183 1 -0.515104 0.970192 548 1 2089 0.018886 -0.00419684 -0.0135203 -4.19551 13.3028 109.608 
0.366874 0.47321 146264 1 -0.511458 0.970192 549 1 2091 0.019954 -0.00405268 -0.0113659 -4.19224 13.2845 109.638 
0.342088 0.655676 146344 1 -0.504687 0.970192 550 1 2093 0.0189044 -0.00456315 -0.0137381 -4.2023 13.3251 109.706 
0.339486 0.644748 146384 1 -0.500521 0.970192 551 1 2094 0.0189124 -0.00483474 -0.0150618 -4.2046 13.3485 109.752 
0.327522 0.640395 146464 1 -0.499479 0.970192 552 1 2096 0.0193592 -0.00555637 -0.0135495 -4.21202 13.3327 109.752 
0.326773 0.628016 146544 1 -0.499479 0.970192 553 1 2098 0.0194387 -0.00544405 -0.0135484 -4.20573 13.3341 109.764 
0.273423 0.597654 146584 1 -0.499479 0.970192 554 1 2099 0.0197579 -0.00439092 -0.0128539 -4.19174 13.3168 109.721 
0.265597 0.578556 146664 1 -0.499479 0.970192 555 1 2101 0.0195944 -0.00394522 -0.0127858 -4.18912 13.325 109.777 
0.263464 0.598731 146747 1 -0.498958 0.970192 556 1 2103 0.0195228 -0.00385049 -0.0119598 -4.18236 13.3061 109.737 
0.256734 0.587277 146824 1 -0.494271 0.970192 557 1 2105 0.0195278 -0.00450557 -0.0131157 -4.18725 13.3309 109.791 
0.244549 0.598999 146904 1 -0.492708 0.970192 558 1 2107 0.0194456 -0.00425182 -0.0128734 -4.18059 13.3253 109.777 
0.23375 0.591354 146945 1 -0.492188 0.970192 559 1 2108 0.0188317 -0.00472337 -0.014058 -4.18509 13.3368 109.749 
0.2112 0.503348 147025 1 -0.492188 0.970192 560 1 2110 0.0198633 -0.00338672 -0.0126251 -4.16725 13.3036 109.656 
0.20808 0.506337 147106 1 -0.492188 0.970192 561 1 2112 0.0202862 -0.00425593 -0.0126365 -4.17627 13.2988 109.65 
0.207244 0.507657 147145 1 -0.492188 0.970192 562 1 2113 0.0200657 -0.00410048 -0.0136698 -4.17304 13.3053 109.624 
0.198739 0.48636 147225 1 -0.492188 0.970192 563 1 2115 0.0197243 -0.00449792 -0.0151534 -4.18392 13.324 109.628 
0.254167 0.366446 147306 1 -0.492188 0.970192 564 1 2117 0.0190867 -0.0030076 -0.013016 -4.1715 13.2838 109.502 
0.26946 0.344357 147386 1 -0.492188 0.970192 565 1 2119 0.0175471 -0.00285496 -0.011343 -4.17403 13.2483 109.43 
0.279264 0.318253 147426 1 -0.492188 0.970192 566 1 2120 0.017609 -0.00240779 -0.0115098 -4.16991 13.2513 109.458 
0.351857 0.361115 147506 1 -0.492188 0.970192 567 1 2122 0.0177534 -0.00260676 -0.0147324 -4.16664 13.2885 109.486 
0.473147 0.401914 147586 1 -0.496875 0.967308 568 1 2124 0.0196681 -0.00304793 -0.0144995 -4.17052 13.3027 109.554 
0.468086 0.412412 147666 1 -0.547917 0.920192 569 1 2126 0.0172841 -0.00359785 -0.0144321 -4.18729 13.2949 109.503 
0.547648 0.422006 147746 1 -0.651042 0.824038 570 1 2128 0.0185346 -0.00203406 -0.0140394 -4.1789 13.291 109.462 
0.548013 0.421954 147827 1 -0.713021 0.741346 571 1 2130 0.0182382 -0.0017028 -0.0140809 -4.1767 13.2912 109.464 
0.546766 0.414141 147867 1 -0.757292 0.671154 572 1 2131 0.018377 -0.00201151 -0.0141667 -4.17934 13.2914 109.467 
0.614453 0.839446 147946 1 -0.783333 0.643269 573 1 2133 0.0188339 -0.00465717 -0.0176152 -4.20798 13.3636 109.635 
0.603124 1.28991 148027 1 -0.803646 0.628846 574 0 2135 0.0172864 -0.00843174 -0.0221382 -4.26587 13.4533 109.823 
0.61239 0.936004 148108 1 -0.825521 0.620192 575 1 2137 0.0172303 -0.00426344 -0.0202532 -4.22099 13.4339 109.813 
0.618714 0.771622 148187 1 -0.833333 0.615385 576 1 2139 0.0178214 -0.00365304 -0.0210803 -4.21424 13.4332 109.757 
0.611744 0.751084 148230 1 -0.835938 0.613462 577 1 2140 0.0179313 -0.00353376 -0.0191575 -4.21391 13.4074 109.729 
0.605035 0.414651 148307 1 -0.835938 0.613462 578 1 2142 0.0185861 -0.0010284 -0.0142433 -4.17833 13.3028 109.459 
0.584085 0.309656 148387 1 -0.835938 0.613462 579 1 2144 0.0174581 -0.00038754 -0.0140042 -4.16254 13.2857 109.393 
0.590747 0.2979 148427 1 -0.835938 0.613462 580 1 2145 0.0188081 0.000558977 -0.0134651 -4.14763 13.2794 109.386 
0.585924 0.305601 148508 1 -0.836979 0.613462 581 1 2147 0.0184654 -0.000657024 -0.0133589 -4.15913 13.2843 109.443 
0.574708 0.300901 148589 1 -0.851042 0.613462 582 1 2149 0.017401 -0.00159411 -0.0134414 -4.1712 13.2824 109.434 
0.57622 0.305456 148668 1 -0.878646 0.610577 583 1 2151 0.018115 -0.00163473 -0.0117962 -4.1804 13.2737 109.461 
0.532093 0.427261 148748 1 -0.897917 0.607692 584 1 2153 0.0172139 -0.00156971 -0.0131852 -4.18862 13.2971 109.527 
0.523445 0.428732 148788 1 -0.898438 0.607692 585 1 2154 0.0172368 -0.000290232 -0.013182 -4.17848 13.3012 109.517 
0.523445 0.428732 148788 1 -0.898438 0.607692 586 1 2154 0.0172368 -0.000290232 -0.013182 -4.17848 13.3012 109.517 
0.509121 0.447154 148909 1 -0.889062 0.609615 587 1 2157 0.0175034 -0.00181749 -0.0131834 -4.20058 13.3285 109.618 
0.509614 1.24521 148989 1 -0.865104 0.609615 588 0 2159 0.0173553 -0.00571345 -0.0172162 -4.26096 13.4493 110.07 
0.72334 0.920041 149068 1 -0.847917 0.609615 589 1 2161 0.0172457 -0.00537093 -0.0178897 -4.25481 13.4587 110.081 
0.69061 0.65823 149149 1 -0.847396 0.609615 590 1 2163 0.0166328 -0.00483414 -0.0174885 -4.24664 13.4342 110.003 
0.691042 0.611143 149229 1 -0.847396 0.609615 591 1 2165 0.0177431 -0.00453778 -0.0183268 -4.24863 13.4566 110.004 
0.713932 0.946501 149269 1 -0.858854 0.609615 592 1 2166 0.0187525 -0.00630762 -0.0202788 -4.27831 13.5141 110.19 
0.648718 1.22666 149350 1 -0.884375 0.605769 593 0 2168 0.0149475 -0.00717257 -0.0260892 -4.30741 13.6147 110.383 
0.67418 0.686905 149429 1 -0.902604 0.601923 594 1 2170 0.0150751 -0.00480416 -0.0192043 -4.25995 13.4705 110.121 
0.695068 0.568049 149469 1 -0.902604 0.601923 595 1 2171 0.0166192 -0.00370301 -0.0178569 -4.22853 13.4286 110.007 
0.710659 1.31365 149550 1 -0.902604 0.601923 596 0 2173 0.0170522 -0.00718348 -0.018997 -4.25805 13.4641 110.132 
0.975442 1.62038 149630 1 -0.898958 0.601923 597 0 2175 0.0194173 0.000733399 -0.0213229 -4.18612 13.5337 109.957 
0.655129 1.11164 149670 1 -0.881771 0.601923 598 1 2176 0.0190399 0.0032459 -0.0262828 -4.14152 13.5541 109.982 
0.692476 0.860399 149751 1 -0.868229 0.601923 599 1 2178 0.0160038 0.00437469 -0.0184936 -4.10679 13.3079 109.404 
0.706317 0.784473 149830 1 -0.866146 0.601923 600 1 2180 0.0167396 0.00833391 -0.0176497 -4.06542 13.2466 109.225 
0.710912 0.764674 149910 1 -0.866146 0.601923 601 1 2182 0.0161763 0.00881051 -0.0213285 -4.04823 13.2192 109.031 
0.705039 0.788771 149951 1 -0.866146 0.601923 602 1 2183 0.0164173 0.00968245 -0.0175122 -4.02957 13.125 108.841 
0.679423 0.785371 150031 1 -0.866146 0.601923 603 1 2185 0.0145914 0.00616111 -0.0166017 -4.0534 13.0823 108.832 
0.640529 0.733895 150111 1 -0.866146 0.601923 604 1 2187 0.0165882 -0.00866814 -0.0234467 -4.20194 13.1905 109.073 
0.604841 0.456481 150191 1 -0.866146 0.601923 605 1 2189 0.01806 -0.0172653 -0.049456 -4.28077 13.5171 109.358 
0.589363 0.52195 150271 1 -0.866146 0.601923 606 1 2191 0.0167621 -0.0111695 -0.0284091 -4.17675 13.1381 108.661 
0.588232 0.344055 150311 1 -0.866146 0.601923 607 1 2192 0.0154563 -0.0131118 -0.051264 -4.20202 13.4052 108.786 
0.587011 0.540204 150392 1 -0.866146 0.601923 608 1 2194 0.0188804 -0.0167456 -0.0202162 -4.22595 12.9382 108.381 
0.5333 0.376034 150472 1 -0.866146 0.601923 609 1 2196 0.0177186 -0.0197491 -0.0363556 -4.27503 13.1666 108.796 
0.521383 0.379536 150512 1 -0.866146 0.601923 610 1 2197 0.0169626 -0.0196564 -0.0367485 -4.26688 13.1422 108.687 
0.525132 0.397849 150591 1 -0.866146 0.601923 611 1 2199 0.017189 -0.0159566 -0.0343042 -4.22149 13.1111 108.482 
0.534607 0.43633 150672 1 -0.866146 0.601923 612 1 2201 0.0165827 -0.0114098 -0.0290415 -4.17461 13.057 108.443 
0.521098 0.409129 150752 1 -0.866146 0.601923 613 1 2203 0.0171961 -0.0147123 -0.0293174 -4.2159 13.0636 108.607 
0.527176 0.300448 150833 1 -0.866146 0.601923 614 1 2205 0.0190761 -0.0146556 -0.0199445 -4.18855 12.8236 108.186 
0.536082 0.346992 150873 1 -0.866146 0.601923 615 1 2206 0.0190097 -0.0127419 -0.0155929 -4.1644 12.7674 108.146 
0.552593 0.356684 150952 1 -0.866146 0.601923 616 1 2208 0.0196321 -0.00995053 -0.00728756 -4.15996 12.8046 108.431 
0.474044 0.410837 151032 1 -0.866146 0.601923 617 1 2210 0.0192722 -0.0167041 -0.0180089 -4.26634 12.9735 108.803 
0.489595 0.498224 151113 1 -0.866146 0.601923 618 1 2212 0.0193883 -0.0106792 -0.00801332 -4.18792 12.8236 108.592 
0.469911 0.282549 151153 1 -0.866146 0.601923 619 1 2213 0.0161865 -0.012077 -0.0374542 -4.21805 13.2427 108.974 
0.479023 0.380097 151233 1 -0.866146 0.601923 620 1 2215 0.0177449 -0.0101356 -0.022829 -4.18895 13.0423 108.926 
0.475522 0.389334 151313 1 -0.866146 0.601923 621 1 2217 0.0182318 -0.0143468 -0.025676 -4.24929 13.1318 109.213 
0.497917 0.460033 151394 1 -0.866146 0.601923 622 1 2219 0.0170846 -0.00970513 -0.0157543 -4.21247 13.0853 109.237 
0.508156 0.473116 151433 1 -0.866146 0.601923 623 1 2220 0.0170238 -0.00375436 -0.0125228 -4.15122 13.0825 109.23 
0.528027 0.424013 151514 1 -0.866146 0.601923 624 1 2222 0.0164407 -0.00107199 -0.0153619 -4.15479 13.2021 109.433 
0.529577 0.402997 151595 1 -0.866146 0.601923 625 1 2224 0.014876 -0.000121026 -0.0172052 -4.16961 13.2957 109.579 
0.525535 0.407747 151634 1 -0.866146 0.601923 626 1 2225 0.014626 -0.00192777 -0.0163777 -4.19346 13.3038 109.654 
0.593207 0.373268 151713 1 -0.866146 0.601923 627 1 2227 0.0162732 -0.00225876 -0.0155903 -4.18822 13.2973 109.605 
0.600338 0.358778 151794 1 -0.866146 0.601923 628 1 2229 0.0168543 -0.00360511 -0.014338 -4.19952 13.2914 109.646 
0.595515 0.375599 151874 1 -0.866146 0.601923 629 1 2231 0.0169999 -0.00557858 -0.0138422 -4.22011 13.3007 109.653 
0.596701 0.395024 151914 1 -0.866146 0.601923 630 1 2232 0.0174378 -0.00496535 -0.0116958 -4.21364 13.276 109.624 
0.578008 0.429074 152035 1 -0.866146 0.601923 631 1 2235 0.0182987 -0.00461011 -0.0106404 -4.20857 13.2618 109.582 
0.561534 0.426242 152115 1 -0.866146 0.601923 632 1 2237 0.0184321 -0.00536695 -0.0116937 -4.21961 13.2769 109.59 
0.556886 0.416169 152195 1 -0.866146 0.601923 633 1 2239 0.0176017 -0.00321081 -0.0124137 -4.2039 13.284 109.592 
0.565533 0.442235 152235 1 -0.866146 0.601923 634 1 2240 0.0179372 -0.0026766 -0.0128191 -4.20176 13.3038 109.635 
0.569364 0.468716 152315 1 -0.866146 0.601923 635 1 2242 0.0175801 -0.00412514 -0.0135608 -4.21648 13.3166 109.661 
0.571811 0.479277 152396 1 -0.866146 0.601923 636 1 2244 0.016796 -0.00322472 -0.0125098 -4.20751 13.3084 109.709 
0.572969 0.49479 152475 1 -0.866146 0.601923 637 1 2246 0.0177841 -0.00237544 -0.0123657 -4.19942 13.3036 109.695 
0.57636 0.510358 152555 1 -0.866146 0.601923 638 1 2248 0.017759 -0.00384812 -0.0115623 -4.21135 13.3028 109.728 
0.57636 0.510358 152555 1 -0.866146 0.601923 639 1 2248 0.017759 -0.00384812 -0.0115623 -4.21135 13.3028 109.728 
0.57552 0.493159 152676 1 -0.866146 0.601923 640 1 2251 0.0176012 -0.0030459 -0.0128356 -4.20684 13.3272 109.769 
0.575559 0.515655 152716 1 -0.866146 0.601923 641 1 2252 0.0166813 -0.00313318 -0.011022 -4.20813 13.3084 109.779 
0.576858 0.513015 152797 1 -0.866146 0.601923 642 1 2254 0.0172785 -0.00292515 -0.0112969 -4.207 13.3086 109.775 
0.595995 0.581913 152876 1 -0.866146 0.601923 643 1 2256 0.0174252 -0.00308023 -0.0132867 -4.20724 13.3479 109.85 
0.595995 0.581913 152876 1 -0.866146 0.601923 644 1 2256 0.0174252 -0.00308023 -0.0132867 -4.20724 13.3479 109.85 
0.598962 0.614196 153037 1 -0.866146 0.601923 645 1 2260 0.0163307 -0.00336029 -0.0144175 -4.21809 13.3792 109.928 
0.59857 0.599383 153077 1 -0.866146 0.601923 646 1 2261 0.0172603 -0.00344149 -0.0151185 -4.22 13.3964 109.939 
0.596111 0.602014 153157 1 -0.866146 0.601923 647 1 2263 0.0176595 -0.00451367 -0.0144996 -4.23246 13.3845 109.953 
0.595146 0.591731 153196 1 -0.866146 0.601923 648 1 2264 0.0176062 -0.00361533 -0.0148317 -4.22328 13.3925 109.955 
0.595146 0.591731 153196 1 -0.866146 0.601923 649 1 2264 0.0176062 -0.00361533 -0.0148317 -4.22328 13.3925 109.955 
0.603558 0.581309 153357 1 -0.866146 0.601923 650 1 2268 0.0179552 -0.00330915 -0.015429 -4.20912 13.3991 109.967 
0.594735 0.661893 153440 1 -0.86875 0.600962 651 1 2270 0.0176768 -0.00441717 -0.0156385 -4.22153 13.4016 109.952 
0.589145 0.862266 153518 1 -0.872917 0.599038 652 1 2272 0.0158696 -0.00509075 -0.0167953 -4.23632 13.4431 110.124 
0.57925 0.847784 153562 1 -0.878646 0.599038 653 1 2273 0.0162285 -0.00641514 -0.0184086 -4.25586 13.4679 110.199 
0.576566 0.867907 153637 1 -0.880729 0.599038 654 1 2275 0.0161119 -0.00666071 -0.0179296 -4.26073 13.464 110.186 
0.606895 0.934086 153718 1 -0.882813 0.599038 655 1 2277 0.0160218 -0.00640448 -0.0196319 -4.26525 13.4924 110.254 
0.638497 1.06775 153798 1 -0.882813 0.599038 656 1 2279 0.0151062 -0.00755936 -0.0235713 -4.29005 13.5753 110.408 
0.632384 1.06067 153841 1 -0.882813 0.599038 657 1 2280 0.014791 -0.00659509 -0.0231447 -4.28357 13.5715 110.425 
0.644445 1.07941 153919 1 -0.882813 0.599038 658 1 2282 0.0144205 -0.00719992 -0.0232836 -4.2875 13.5672 110.407 
0.649774 1.04508 153998 1 -0.882813 0.599038 659 1 2284 0.014712 -0.0068886 -0.0241133 -4.28362 13.576 110.411 
0.65216 1.04744 154038 1 -0.882813 0.599038 660 1 2285 0.0146628 -0.00808344 -0.0231658 -4.29195 13.5552 110.386 
0.650324 1.046 154118 1 -0.882813 0.599038 661 1 2287 0.0151797 -0.00723057 -0.0249827 -4.28742 13.5841 110.343 
0.596635 1.05922 154199 1 -0.882813 0.599038 662 1 2289 0.0154418 -0.00770405 -0.0239295 -4.29543 13.5705 110.364 
0.592379 1.06211 154239 1 -0.882813 0.599038 663 1 2290 0.0153032 -0.00704691 -0.0240276 -4.288 13.5706 110.339 
0.585151 1.05888 154319 1 -0.856771 0.599038 664 1 2292 0.0157897 -0.00754943 -0.0247536 -4.29258 13.5899 110.38 
0.582858 1.07527 154399 1 -0.746875 0.608654 665 1 2294 0.0154273 -0.00840251 -0.0247032 -4.30011 13.5829 110.359 
0.580968 1.08905 154479 1 -0.608854 0.674038 666 1 2296 0.0152119 -0.00807456 -0.0243128 -4.30235 13.5821 110.317 
0.579197 1.08119 154562 1 -0.530208 0.761538 667 1 2298 0.0158534 -0.00695587 -0.0251695 -4.29513 13.5888 110.288 
0.581546 1.05834 154640 1 -0.533333 0.768269 668 1 2300 0.0149336 -0.00749582 -0.0259698 -4.30448 13.6018 110.301 
0.594932 1.07784 154719 1 -0.553646 0.745192 669 1 2302 0.015927 -0.0069418 -0.0255698 -4.29224 13.5945 110.344 
0.435934 0.916364 154759 1 -0.559375 0.740385 670 1 2303 0.0172269 -0.00724663 -0.0244624 -4.28305 13.5564 110.19 
0.326056 0.686741 154840 1 -0.559375 0.740385 671 1 2305 0.0181808 -0.00596168 -0.0171686 -4.24259 13.4034 109.801 
0.329445 0.671798 154923 1 -0.559375 0.740385 672 1 2307 0.017772 -0.00456103 -0.0178747 -4.22983 13.407 109.748 
0.338858 0.662898 155001 1 -0.559375 0.740385 673 1 2309 0.0186571 -0.0043591 -0.0170429 -4.22636 13.3969 109.751 
0.348851 0.636745 155041 1 -0.559375 0.740385 674 1 2310 0.01859 -0.00393494 -0.0145235 -4.21926 13.346 109.651 
0.399485 0.404761 155120 1 -0.559375 0.740385 675 1 2312 0.0185685 -0.00139611 -0.0119529 -4.17518 13.283 109.421 
0.396702 0.375571 155201 1 -0.559375 0.740385 676 1 2314 0.0184495 -0.000413043 -0.0109523 -4.16138 13.2561 109.366 
0.389331 0.374088 155282 1 -0.559375 0.740385 677 1 2316 0.0189525 0.000224857 -0.0104276 -4.1615 13.2624 109.394 
0.412603 0.532642 155321 1 -0.559375 0.740385 678 1 2317 0.0187175 -0.000602235 -0.0120354 -4.17607 13.2976 109.504 
0.00992903 1.6013 155401 1 -0.559375 0.740385 679 0 2319 0.0166337 -0.00394312 -0.0205873 -4.23867 13.4811 110.005 
0.2989 0.805497 155481 1 -0.559375 0.740385 680 1 2321 0.0169872 -0.00118011 -0.0153065 -4.19519 13.3866 109.794 
0.358625 0.477471 155602 1 -0.559375 0.740385 681 1 2324 0.0182975 -0.00314135 -0.0148285 -4.20248 13.3591 109.69 
0.366486 0.460464 155641 1 -0.559375 0.740385 682 1 2325 0.0188138 -0.00268723 -0.0135093 -4.19311 13.3374 109.657 
0.367818 0.452845 155722 1 -0.559375 0.740385 683 1 2327 0.0181084 -0.00271186 -0.0107583 -4.19163 13.2926 109.627 
0.377142 0.440666 155802 1 -0.559375 0.740385 684 1 2329 0.0198411 -0.00351306 -0.0111859 -4.19819 13.297 109.569 
0.359742 0.428764 155882 1 -0.559375 0.740385 685 1 2331 0.0189393 -0.00226189 -0.00945879 -4.18553 13.2772 109.613 
0.351009 0.417353 155962 1 -0.559375 0.740385 686 1 2333 0.0183474 -0.00305175 -0.0104832 -4.18464 13.2932 109.634 
0.347902 0.400556 156042 1 -0.559375 0.740385 687 1 2335 0.0194053 -0.00488739 -0.00976957 -4.19482 13.272 109.534 
0.340212 0.408249 156083 1 -0.559375 0.740385 688 1 2336 0.0184694 -0.00425084 -0.00925231 -4.18558 13.2695 109.54 
0.265965 0.534274 156203 1 -0.559375 0.740385 689 1 2339 0.0173379 -0.00611115 -0.0112538 -4.21322 13.3113 109.665 
0.271391 0.520789 156242 1 -0.559375 0.740385 690 1 2340 0.0178762 -0.0050281 -0.0115187 -4.20214 13.3161 109.671 
0.268453 0.515043 156323 1 -0.559375 0.740385 691 1 2342 0.0172817 -0.00529835 -0.0115357 -4.20456 13.3219 109.675 
0.264369 0.530606 156403 1 -0.559375 0.740385 692 1 2344 0.0171655 -0.00539973 -0.0111285 -4.19943 13.3013 109.637 
0.265858 0.526507 156483 1 -0.559375 0.740385 693 1 2346 0.0173617 -0.00518981 -0.0122134 -4.19546 13.3166 109.636 
0.267251 0.500304 156524 1 -0.559375 0.740385 694 1 2347 0.0164614 -0.00492633 -0.0142551 -4.19687 13.3433 109.659 
0.509642 0.311906 156603 1 -0.559375 0.740385 695 1 2349 0.017247 -0.00419812 -0.00890436 -4.18417 13.242 109.394 
0.541614 0.283431 156643 1 -0.559375 0.740385 696 1 2350 0.0175367 -0.0034396 -0.00804538 -4.17645 13.2227 109.343 
0.541614 0.283431 156643 1 -0.559375 0.740385 697 1 2350 0.0175367 -0.0034396 -0.00804538 -4.17645 13.2227 109.343 
0.557518 0.2385 156845 1 -0.559375 0.740385 698 1 2355 0.0178794 -0.0033845 -0.00839468 -4.17715 13.219 109.31 
0.563627 0.246423 156884 1 -0.559375 0.740385 699 1 2356 0.0183028 -0.00199782 -0.00776671 -4.16655 13.2117 109.34 
0.758066 0.381803 156964 1 -0.559375 0.740385 700 1 2358 0.0171727 -0.000118628 -0.0100091 -4.14945 13.2471 109.365 
1.00452 0.401172 157044 1 -0.559375 0.740385 701 1 2360 0.0173781 -0.000283387 -0.00979633 -4.16015 13.2411 109.341 
1.00656 0.392444 157125 1 -0.559375 0.740385 702 1 2362 0.0161311 0.00110334 -0.00999758 -4.14269 13.2477 109.401 
1.00483 0.389235 157205 1 -0.559375 0.740385 703 1 2364 0.0165442 0.00062598 -0.0101872 -4.15263 13.2563 109.458 
1.00412 0.413097 157285 1 -0.559375 0.740385 704 1 2366 0.0179278 -0.000378538 -0.00917844 -4.16446 13.239 109.367 
1.01042 0.406018 157325 1 -0.559375 0.740385 705 1 2367 0.0175111 0.000561278 -0.0116808 -4.15443 13.2654 109.345 
1.00712 0.415528 157404 1 -0.559375 0.740385 706 1 2369 0.0171395 0.000462682 -0.0113547 -4.15832 13.2713 109.404 
0.701485 0.692999 157485 1 -0.559375 0.740385 707 1 2371 0.0172196 -0.00114756 -0.0157309 -4.1823 13.3644 109.651 
0.664176 0.682101 157525 1 -0.559375 0.740385 708 1 2372 0.0172396 -0.00133286 -0.0170805 -4.18277 13.3892 109.691 
0.625372 0.706266 157605 1 -0.559375 0.740385 709 1 2374 0.0184598 -0.00318032 -0.0150015 -4.20624 13.3634 109.667 
0.591901 0.711059 157686 1 -0.559375 0.740385 710 1 2376 0.0186706 -0.0034586 -0.0156623 -4.21579 13.3777 109.704 
0.589147 0.77226 157726 1 -0.559375 0.740385 711 1 2377 0.0182543 -0.00337062 -0.0153232 -4.21809 13.3815 109.744 
0.585418 0.762672 157805 1 -0.559375 0.740385 712 1 2379 0.0184217 -0.00354788 -0.0170404 -4.22012 13.4074 109.752 
0.583791 0.772689 157886 1 -0.559375 0.740385 713 1 2381 0.0182723 -0.00304058 -0.016915 -4.21937 13.4062 109.751 
0.598111 0.856629 157966 1 -0.559375 0.740385 714 1 2383 0.0177165 -0.00364576 -0.0171197 -4.22532 13.4207 109.82 
0.638439 1.00468 158006 1 -0.559375 0.740385 715 1 2384 0.0191094 -0.00477545 -0.0201312 -4.24144 13.4833 109.973 
0.6342 1.03398 158087 1 -0.559375 0.740385 716 1 2386 0.0165948 -0.00507973 -0.0215317 -4.24546 13.5108 110.072 
0.622266 1.04161 158166 1 -0.559375 0.740385 717 1 2388 0.0173278 -0.00701316 -0.0217376 -4.27521 13.52 110.092 
0.625081 1.04275 158206 1 -0.559375 0.740385 718 1 2389 0.0180912 -0.00759581 -0.0209449 -4.28472 13.5196 110.139 
0.639528 1.05082 158286 1 -0.559375 0.740385 719 1 2391 0.0171621 -0.00729836 -0.021951 -4.28726 13.5417 110.187 
0.651824 1.07493 158367 1 -0.559375 0.740385 720 1 2393 0.0160124 -0.00723081 -0.0215818 -4.28117 13.5423 110.274 
0.608039 0.591431 158448 1 -0.559375 0.740385 721 1 2395 0.0173811 -0.00614696 -0.014781 -4.24615 13.3962 109.918 
0.608523 0.58717 158527 1 -0.559375 0.740385 722 1 2397 0.0181237 -0.0043076 -0.0105352 -4.2164 13.3182 109.711 
0.606925 0.587291 158567 1 -0.559375 0.740385 723 1 2398 0.0183611 -0.00335236 -0.0102559 -4.20431 13.315 109.689 
0.599172 0.570629 158647 1 -0.559375 0.740385 724 1 2400 0.018098 -0.0027249 -0.0115747 -4.20074 13.3363 109.733 
0.587456 0.4572 158687 1 -0.559375 0.740385 725 1 2401 0.0185543 -0.0014131 -0.0100369 -4.1824 13.3045 109.661 
0.564138 0.388801 158768 1 -0.559375 0.740385 726 1 2403 0.0188648 -0.00148527 -0.00951989 -4.17874 13.292 109.615 
0.595744 0.769147 158848 1 -0.559375 0.740385 727 1 2405 0.0193442 -0.00729019 -0.0120152 -4.25561 13.3698 109.882 
0.536865 1.25759 158927 1 -0.559375 0.740385 728 0 2407 0.0173712 -0.00485243 -0.0164335 -4.23847 13.4689 110.18 
0.567685 1.0928 159008 1 -0.559375 0.740385 729 1 2409 0.0164228 -0.00588712 -0.0158528 -4.24964 13.4621 110.185 
1.46529 2.23297 159088 1 -0.559375 0.740385 730 0 2411 0.0186012 -0.00268688 -0.0206767 -4.22798 13.5603 110.191 
1.90396 2.1853 159128 1 -0.559375 0.740385 731 0 2412 0.0178585 -0.000112469 -0.0215679 -4.20054 13.5898 110.247 
0.59172 0.838124 159209 1 -0.559375 0.740385 732 1 2414 0.0170428 -0.00477271 -0.0177066 -4.23751 13.4905 110.204 
0.597501 0.621854 159288 1 -0.559375 0.740385 733 1 2416 0.0179684 -0.00560638 -0.0174405 -4.22485 13.4392 109.987 
0.599764 0.605261 159328 1 -0.559375 0.740385 734 1 2417 0.0176904 -0.00659694 -0.0133019 -4.22645 13.3658 109.886 
0.599242 0.552747 159409 1 -0.559375 0.740385 735 1 2419 0.0182352 -0.00828533 -0.0119643 -4.2427 13.3361 109.744 
0.594629 0.521025 159489 1 -0.559375 0.740385 736 1 2421 0.017871 -0.0078715 -0.0134338 -4.24145 13.3451 109.682 
0.593542 0.501246 159529 1 -0.559375 0.740385 737 1 2422 0.0189692 -0.00744248 -0.0141002 -4.23205 13.3418 109.602 
0.610399 0.484498 159610 1 -0.559375 0.740385 738 1 2424 0.0236645 -0.00328242 -0.0154664 -4.15658 13.266 109.263 
0.582834 0.577042 159689 1 -0.559375 0.740385 739 1 2426 0.0229503 -0.0125459 -0.0239725 -4.21814 13.1493 108.943 
0.555658 0.663288 159770 1 -0.559375 0.740385 740 1 2428 0.0214105 -0.020086 -0.0161784 -4.27114 12.9275 108.647 
0.555658 0.663288 159770 1 -0.559375 0.740385 741 1 2428 0.0214105 -0.020086 -0.0161784 -4.27114 12.9275 108.647 
0.523431 0.66681 159890 1 -0.559375 0.740385 742 1 2431 0.0196438 -0.0251462 -0.0189486 -4.33619 13.0439 109.072 
0.580436 0.730596 159970 1 -0.559375 0.740385 743 1 2433 0.0184938 -0.0121642 -0.024026 -4.21392 13.2197 109.471 
0.586535 0.660171 160050 1 -0.559375 0.740385 744 1 2435 0.0170474 -0.00726863 -0.0305228 -4.18982 13.4412 110.054 
0.57763 0.659818 160090 1 -0.559375 0.740385 745 1 2436 0.0157554 -0.00784916 -0.0310614 -4.20507 13.4724 110.148 
0.57763 0.659818 160090 1 -0.559375 0.740385 746 1 2436 0.0157554 -0.00784916 -0.0310614 -4.20507 13.4724 110.148 
0.556602 0.710074 160250 1 -0.559375 0.740385 747 1 2440 0.0138761 -0.0104932 -0.0341974 -4.25603 13.518 110.079 
0.563601 0.701585 160291 1 -0.559375 0.740385 748 1 2441 0.0149667 -0.00965563 -0.0318721 -4.25083 13.5134 110.135 
0.571864 0.68181 160371 1 -0.559375 0.740385 749 1 2443 0.0148846 -0.00939751 -0.0354175 -4.25156 13.574 110.193 
0.576926 0.693647 160451 1 -0.559375 0.740385 750 1 2445 0.0153978 -0.0104241 -0.0322861 -4.26591 13.5478 110.249 
0.604602 0.6818 160531 1 -0.559375 0.740385 751 1 2447 0.0174783 -0.00947078 -0.0325926 -4.24253 13.5609 110.282 
0.608647 0.682308 160611 1 -0.559375 0.740385 752 1 2449 0.017949 -0.00927528 -0.033335 -4.23711 13.5765 110.353 
0.575114 0.367822 160692 1 -0.559375 0.740385 753 1 2451 0.0183567 -0.00928077 -0.0269934 -4.2189 13.4583 110.063 
0.583035 0.348975 160732 1 -0.559375 0.740385 754 1 2452 0.0180351 -0.00897585 -0.0265867 -4.20958 13.4405 109.967 
0.569074 0.378853 160811 1 -0.559375 0.740385 755 1 2454 0.0169913 -0.00896107 -0.0229911 -4.21454 13.3963 109.86 
0.559285 0.359825 160892 1 -0.559375 0.740385 756 1 2456 0.0180061 -0.00910166 -0.0226833 -4.22076 13.4122 109.915 
0.540374 0.379238 160932 1 -0.559375 0.740385 757 1 2457 0.0167054 -0.00969383 -0.0230809 -4.22836 13.414 109.873 
0.528049 0.387012 161012 1 -0.559896 0.736538 758 1 2459 0.0170611 -0.00895838 -0.0207648 -4.2246 13.3968 109.861 
0.511295 0.409721 161093 1 -0.56875 0.732692 759 1 2461 0.0162407 -0.00888941 -0.0191088 -4.22999 13.3708 109.815 
0.511954 0.441212 161172 1 -0.569792 0.738462 760 1 2463 0.0163005 -0.00763807 -0.0172193 -4.21634 13.36 109.827 
0.590535 0.663265 161252 1 -0.566667 0.741346 761 1 2465 0.0165796 -0.00840359 -0.0154473 -4.2374 13.3809 110.008 
0.596575 0.678585 161292 1 -0.485417 0.727885 762 1 2466 0.0164795 -0.00911796 -0.0133673 -4.24396 13.3648 110.044 
0.599014 0.632915 161373 1 -0.285938 0.682692 763 1 2468 0.0169117 -0.00847416 -0.0147687 -4.23128 13.3863 110.084 
0.585922 0.590839 161454 1 0.0411458 0.4875 764 1 2470 0.0170936 -0.0086167 -0.0132246 -4.2311 13.3653 110.05 
0.583404 0.599208 161493 1 0.246354 0.190385 765 1 2471 0.0170644 -0.00803006 -0.0127458 -4.22318 13.3547 110.026 
0.578685 0.592445 161613 1 0.336979 0 766 1 2474 0.0167064 -0.00837673 -0.0113038 -4.22718 13.3418 110.027 
0.583206 0.575524 161653 1 0.460417 0 767 1 2475 0.0166438 -0.00683295 -0.0123489 -4.21057 13.3556 110.028 
0.586855 0.564503 161742 1 0.538542 0 768 1 2477 0.0168789 -0.00697053 -0.0117588 -4.20845 13.3564 110.075 
0.578415 0.499073 161814 1 0.5875 0.00673077 769 1 2479 0.0169417 -0.00660405 -0.00857517 -4.19464 13.3034 109.985 
0.563739 0.46608 161894 1 0.572917 0.00865385 770 1 2481 0.0175747 -0.00643695 -0.0109692 -4.197 13.3351 110.001 
0.562126 0.467891 161933 1 0.514062 0.0182692 771 1 2482 0.0181874 -0.006278 -0.010147 -4.19269 13.3307 110.004 
0.551019 0.459077 162014 1 0.504687 0.0201923 772 1 2484 0.017959 -0.00768344 -0.00983938 -4.20807 13.3313 110.058 
0.550086 0.315248 162094 1 0.497396 0.0278846 773 1 2486 0.0171708 -0.00586325 -0.00691323 -4.1828 13.2725 109.878 
0.552426 0.288913 162175 1 0.502083 0.0423077 774 1 2488 0.0181819 -0.00474623 -0.00726496 -4.16772 13.2697 109.857 
0.561252 0.224437 162255 1 0.507292 0.0490385 775 1 2490 0.0170843 -0.00466224 -0.00621213 -4.1637 13.2381 109.74 
0.563186 0.218962 162335 1 0.507813 0.0519231 776 1 2492 0.0168065 -0.00478765 -0.00668674 -4.16874 13.2375 109.717 
0.562852 0.237221 162414 1 0.506771 0.0538462 777 1 2494 0.0169046 -0.00558727 -0.00651745 -4.17986 13.2322 109.643 
0.563635 0.458592 162455 1 0.414583 0.0644231 778 1 2495 0.0170696 -0.00611056 -0.0083538 -4.19231 13.2683 109.733 
0.559061 0.4734 162535 1 0.2625 0.05 779 1 2497 0.0169379 -0.00446161 -0.00937214 -4.17749 13.2882 109.782 
0.555865 0.46716 162615 1 0.147396 0.0346154 780 1 2499 0.0172613 -0.00559495 -0.00796372 -4.18494 13.2606 109.712 
0.560986 0.551558 162695 1 0.102604 0.0307692 781 1 2501 0.0183302 -0.00732915 -0.00384096 -4.20043 13.1918 109.581 
0.565367 0.577276 162775 1 0.0880208 0.0307692 782 1 2503 0.0176013 -0.00791954 -0.00524586 -4.21313 13.2174 109.632 
0.569136 0.615549 162855 1 0.084375 0.0278846 783 1 2505 0.0171414 -0.00973165 -0.00369779 -4.23456 13.1932 109.66 
0.603286 0.657607 162896 1 0.0890625 0.0240385 784 1 2506 0.0172102 -0.00943884 -0.00379097 -4.22785 13.202 109.686 
0.626889 0.622327 162976 1 0.0973958 0.0240385 785 1 2508 0.0189015 -0.00929433 -0.00504898 -4.22039 13.2315 109.756 
0.62489 0.63729 163056 1 0.10625 0.025 786 1 2510 0.0177423 -0.00949438 -0.00506148 -4.22186 13.2233 109.716 
0.62162 0.636885 163136 1 0.108854 0.025 787 1 2512 0.0178972 -0.0102259 -0.00506569 -4.23153 13.2204 109.681 
0.632598 0.627577 163216 1 0.114583 0.0211538 788 1 2514 0.0179991 -0.00940085 -0.00552537 -4.21845 13.2292 109.715 
0.632598 0.627577 163216 1 0.11875 0.0182692 789 1 2514 0.0179991 -0.00940085 -0.00552537 -4.21845 13.2292 109.715 
0.643689 0.634346 163337 1 0.11875 0.0173077 790 1 2517 0.0186462 -0.00943095 -0.0055129 -4.21292 13.2296 109.704 
0.631767 0.642015 163416 1 0.11875 0.0173077 791 1 2519 0.0183112 -0.00962848 -0.00464002 -4.21996 13.2142 109.665 
0.632252 0.65157 163496 1 0.11875 0.0240385 792 1 2521 0.0183835 -0.0102609 -0.00498941 -4.22734 13.2138 109.617 
0.633272 0.625521 163537 1 0.133333 0.131731 793 1 2522 0.0178633 -0.00937781 -0.00810461 -4.22225 13.2583 109.663 
0.633272 0.625521 163537 1 0.155208 0.240385 794 1 2522 0.0178633 -0.00937781 -0.00810461 -4.22225 13.2583 109.663 
0.637614 0.51523 163737 1 0.163021 0.290385 795 1 2527 0.0172789 -0.00854665 -0.0085808 -4.2043 13.2672 109.664 
0.58874 1.45726 163817 1 0.165625 0.298077 796 0 2529 0.0180784 -0.00929171 -0.0104341 -4.22436 13.3331 109.9 
0.10881 1.49312 163857 1 0.165625 0.298077 797 0 2530 0.0174348 -0.00967855 -0.0103328 -4.23009 13.3226 109.866 
