ImageFile:
-0.304216 -0.602401 74784 1 0.161979 0.4875 1 0 896 -0.0018773 -0.041196 -0.160242 0.0592352 1.15865 117.182 
-0.304216 -0.602401 74784 1 0.155729 0.579808 2 0 896 -0.0018773 -0.041196 -0.160242 0.0592352 1.15865 117.182 
-0.261157 -0.615466 74822 1 0.155729 0.579808 3 0 897 -0.0013226 -0.0366279 -0.162355 0.123328 1.18652 117.127 
-0.254141 -0.595813 74983 1 0.155729 0.579808 4 0 901 -0.00278559 -0.0348523 -0.160048 0.142168 1.1728 117.203 
-0.211953 -0.577058 75064 1 0.155729 0.579808 5 0 903 -0.00383246 -0.0315498 -0.160673 0.178635 1.16959 117.082 
-0.0928068 -0.377285 75103 1 0.155729 0.579808 6 0 904 -0.0031583 -0.0345377 -0.161311 0.136127 1.17547 117.045 
-0.0928068 -0.377285 75103 1 0.150521 0.633654 7 0 904 -0.0031583 -0.0345377 -0.161311 0.136127 1.17547 117.045 
-0.083347 -0.281376 75264 1 0.116667 0.738462 8 0 908 -0.00327843 -0.0394902 -0.160606 0.0723407 1.18287 117.005 
-0.05943 -0.272206 75304 1 0.105208 0.780769 9 0 909 -0.00344519 -0.0384066 -0.160863 0.0893041 1.17929 117.143 
-0.0444229 -0.257339 75384 1 0.103125 0.836538 10 0 911 -0.0030334 -0.0357061 -0.160975 0.11708 1.18125 117.051 
-0.0669629 -0.229418 75424 1 0.0984375 0.892308 11 0 912 -0.00320269 -0.0387726 -0.161186 0.0788906 1.18528 117.07 
-0.0669629 -0.229418 75424 1 0.0854167 0.918269 12 0 912 -0.00320269 -0.0387726 -0.161186 0.0788906 1.18528 117.07 
-0.0781317 -0.553417 75624 1 0.0625 0.966346 13 0 917 -0.00255642 -0.0362011 -0.164064 0.11852 1.24319 117.076 
-0.0380879 -0.598147 75705 1 0.0625 1 14 0 919 -0.00287175 -0.0296417 -0.167003 0.202206 1.2751 116.972 
-0.234004 -0.612855 75745 1 0.0625 1.01346 15 0 920 -0.00287208 -0.0319608 -0.166574 0.179566 1.27054 117.012 
-0.234004 -0.612855 75745 1 0.0697917 1 16 0 920 -0.00287208 -0.0319608 -0.166574 0.179566 1.27054 117.012 
-0.389326 -0.703249 75904 1 0.0901042 0.985577 17 0 924 -0.00203443 -0.0311929 -0.163763 0.202018 1.23178 117.05 
-0.351088 -0.649783 75985 1 0.0838542 0.992308 18 0 926 -0.00124571 -0.0263711 -0.160805 0.26524 1.18965 117.167 
-0.405875 -0.63053 76025 1 0.0802083 0.991346 19 0 927 -0.00153439 -0.0330222 -0.165389 0.187221 1.24906 117.001 
-0.304875 0.10896 76065 1 0.0734375 0.980769 20 0 928 -0.00215783 -0.030678 -0.166968 0.217612 1.27133 116.896 
-0.304875 0.10896 76065 1 0.0671875 0.971154 21 0 928 -0.00215783 -0.030678 -0.166968 0.217612 1.27133 116.896 
-0.322081 0.407838 76225 1 0.0666667 0.971154 22 0 932 -0.00163051 -0.028194 -0.170036 0.246714 1.34045 116.848 
-0.346455 0.398082 76305 1 0.0666667 0.971154 23 0 934 -0.000884993 -0.0275455 -0.167506 0.251804 1.33572 116.895 
-0.361573 0.517419 76386 1 0.0666667 0.971154 24 0 936 0.000242449 -0.0267592 -0.157996 0.258725 1.24986 117.164 
-0.361573 0.517419 76386 1 0.0666667 0.971154 25 0 936 0.000242449 -0.0267592 -0.157996 0.258725 1.24986 117.164 
-0.361573 0.517419 76386 1 0.0666667 0.971154 26 0 936 0.000242449 -0.0267592 -0.157996 0.258725 1.24986 117.164 
-0.481094 0.690368 76586 1 0.0666667 0.971154 27 0 941 0.000450955 -0.0326637 -0.158475 0.196714 1.27898 117.134 
-1.85375 1.52198 76626 1 0.0666667 0.971154 28 0 942 0.000450955 -0.0326637 -0.158475 0.196714 1.27898 117.134 
-6.66612 3.11129 76666 1 0.0666667 0.971154 29 0 943 0.000232017 -0.0465245 -0.156588 0.0200686 1.26193 117.284 
-6.66612 3.11129 76666 1 0.0666667 0.971154 30 0 943 0.000232017 -0.0465245 -0.156588 0.0200686 1.26193 117.284 
-1.28947 0.842174 76706 1 0.0666667 0.971154 31 0 944 0.000742157 -0.0494205 -0.15645 -0.0223705 1.26161 117.334 
-1.28947 0.842174 76706 1 0.0666667 0.971154 32 0 944 0.000742157 -0.0494205 -0.15645 -0.0223705 1.26161 117.334 
-0.416478 0.275739 76826 1 0.0666667 0.971154 33 0 947 0.0121078 -0.0212291 -0.0964729 0.3137 0.505926 119.34 
-0.416478 0.275739 76826 1 0.0666667 0.971154 34 0 947 0.0121078 -0.0212291 -0.0964729 0.3137 0.505926 119.34 
-0.374576 0.0672254 76986 1 0.0666667 0.971154 35 0 951 0.0134135 -0.0251868 -0.103745 0.268885 0.577616 119.261 
-0.374576 0.0672254 76986 1 0.0703125 0.971154 36 0 951 0.0134135 -0.0251868 -0.103745 0.268885 0.577616 119.261 
-0.396276 0.0730722 77148 1 0.2375 0.956731 37 0 955 0.0159067 -0.0237987 -0.105496 0.285178 0.571767 119.204 
-0.396276 0.0730722 77148 1 0.605208 0.881731 38 0 955 0.0159067 -0.0237987 -0.105496 0.285178 0.571767 119.204 
-0.396276 0.0730722 77148 1 0.675521 0.836538 39 0 955 0.0159067 -0.0237987 -0.105496 0.285178 0.571767 119.204 
-0.548779 -0.40245 77467 1 0.674479 0.835577 40 0 963 0.00177806 -0.0313235 -0.136821 0.201724 0.979303 118.107 
-0.594959 -0.52303 77548 1 0.674479 0.835577 41 0 965 0.00225769 -0.0412688 -0.146024 0.0948501 1.09419 117.877 
-0.599162 -0.51787 77588 1 0.667708 0.834615 42 0 966 0.00142649 -0.042382 -0.145427 0.0890462 1.08372 117.817 
-0.564201 -0.570564 77670 1 0.764583 0.818269 43 0 968 0.00192536 -0.0367995 -0.149671 0.149598 1.12731 117.821 
-0.548594 -0.516552 77748 1 1.07708 0.840385 44 0 970 0.00211508 -0.0365771 -0.14737 0.160112 1.0879 117.96 
-0.52624 -0.504866 77788 1 1.28073 0.899038 45 0 971 0.00228808 -0.0333635 -0.147209 0.202954 1.08402 118.015 
-0.519892 -0.510021 77828 1 1.28802 0.927885 46 0 972 0.00253081 -0.0335285 -0.145843 0.196811 1.06517 118.063 
-0.519892 -0.510021 77828 1 1.26719 0.970192 47 0 972 0.00253081 -0.0335285 -0.145843 0.196811 1.06517 118.063 
-0.557105 -0.510621 77989 1 1.18646 1.0375 48 0 976 0.00108553 -0.0346465 -0.147402 0.156277 1.06258 118.143 
-0.601048 -0.563601 78109 1 1.23438 0.9875 49 0 979 0.00186579 -0.0387731 -0.150355 0.0784125 1.11371 117.979 
-0.546751 -0.587618 78149 1 1.55677 0.721154 50 0 980 0.00121374 -0.0381618 -0.147502 0.0864229 1.08659 118.107 
-0.546751 -0.587618 78149 1 1.61927 0.700962 51 0 980 0.00121374 -0.0381618 -0.147502 0.0864229 1.08659 118.107 
-0.566303 -0.564953 78310 1 1.61771 0.700962 52 0 984 0.001405 -0.0404233 -0.144367 0.0632621 1.04912 118.21 
-0.55765 -0.533814 78351 1 1.61771 0.700962 53 0 985 0.00123049 -0.0395909 -0.143762 0.0755616 1.04256 118.202 
-0.567126 -0.551272 78430 1 1.61615 0.702885 54 0 987 0.00112152 -0.038887 -0.14597 0.0780675 1.068 118.125 
-0.565089 -0.549552 78469 1 1.60833 0.716346 55 0 988 0.0011117 -0.0393385 -0.145419 0.0751105 1.06359 118.18 
-0.565089 -0.549552 78469 1 1.57708 0.748077 56 0 988 0.0011117 -0.0393385 -0.145419 0.0751105 1.06359 118.18 
-0.605669 -0.544131 78630 1 1.5375 0.806731 57 0 992 0.00215666 -0.0450242 -0.145389 0.0436833 1.06779 118.114 
-0.593844 -0.558112 78710 1 1.51771 0.822115 58 0 994 0.00193076 -0.0443486 -0.146485 0.0652787 1.09232 117.978 
-0.54544 -0.562825 78791 1 1.51771 0.820192 59 0 996 0.00191159 -0.0378554 -0.147571 0.151737 1.12158 117.932 
-0.54544 -0.562825 78791 1 1.51771 0.819231 60 0 996 0.00191159 -0.0378554 -0.147571 0.151737 1.12158 117.932 
-0.54544 -0.562825 78791 1 1.51771 0.818269 61 0 996 0.00191159 -0.0378554 -0.147571 0.151737 1.12158 117.932 
-0.557888 -0.582548 78950 1 1.51979 0.8125 62 0 1000 0.00358538 -0.0379347 -0.148821 0.153973 1.17238 117.76 
-0.572732 -0.583137 79031 1 1.51979 0.8125 63 0 1002 0.00387658 -0.0381709 -0.149347 0.140756 1.17897 117.749 
-0.552478 -0.584659 79111 1 1.5224 0.807692 64 0 1004 0.00330724 -0.0372153 -0.149504 0.156191 1.18171 117.779 
-0.552478 -0.584659 79111 1 1.52344 0.804808 65 0 1004 0.00330724 -0.0372153 -0.149504 0.156191 1.18171 117.779 
-0.543714 -0.606433 79151 1 1.52344 0.804808 66 0 1005 0.00419664 -0.0366494 -0.151805 0.167786 1.21112 117.719 
0.229899 -0.550889 79329 1 1.52344 0.804808 67 0 1009 0.00500082 -0.0376888 -0.151001 0.174581 1.19684 117.712 
1.26977 -0.904797 79392 1 1.52344 0.804808 68 0 1011 0.00491808 -0.0356629 -0.151782 0.16211 1.21233 117.669 
1.25696 -0.925272 79433 1 1.52344 0.804808 69 0 1012 0.0042613 -0.0348717 -0.153732 0.141212 1.23837 117.614 
1.25696 -0.925272 79433 1 1.52344 0.804808 70 0 1012 0.0042613 -0.0348717 -0.153732 0.141212 1.23837 117.614 
1.38008 -0.939759 79591 1 1.52344 0.804808 71 0 1016 0.00286001 -0.0362433 -0.152159 0.0659629 1.22298 117.746 
1.43342 -0.958488 79671 1 1.52344 0.804808 72 0 1018 0.0029061 -0.0298522 -0.153287 0.127645 1.2312 117.733 
1.43995 -0.942705 79752 1 1.52344 0.804808 73 0 1020 0.00226255 -0.0323098 -0.151524 0.0832809 1.21006 117.703 
1.43995 -0.942705 79752 1 1.52344 0.804808 74 0 1020 0.00226255 -0.0323098 -0.151524 0.0832809 1.21006 117.703 
1.43995 -0.942705 79752 1 1.52344 0.804808 75 0 1020 0.00226255 -0.0323098 -0.151524 0.0832809 1.21006 117.703 
1.45916 -0.970946 79956 1 1.52344 0.804808 76 0 1025 0.00265777 -0.0288111 -0.15511 0.118298 1.26926 117.607 
1.4665 -0.922172 80032 1 1.52344 0.804808 77 0 1027 0.00308589 -0.0284071 -0.153615 0.130113 1.24715 117.649 
1.44479 -0.943173 80072 1 1.52344 0.804808 78 0 1028 0.00503353 -0.0283812 -0.155719 0.136017 1.26589 117.672 
1.44479 -0.943173 80072 1 1.5276 0.789423 79 0 1028 0.00503353 -0.0283812 -0.155719 0.136017 1.26589 117.672 
1.39582 -0.919746 80234 1 1.5276 0.789423 80 0 1032 0.00414063 -0.0332283 -0.157281 0.104446 1.28764 117.557 
1.41707 -0.878355 80316 1 1.5276 0.789423 81 0 1034 0.003767 -0.0308313 -0.154249 0.118579 1.2593 117.704 
1.43383 -0.9228 80393 1 1.5276 0.789423 82 0 1036 0.00215968 -0.0282562 -0.156224 0.143503 1.29413 117.581 
1.43383 -0.9228 80393 1 1.5276 0.789423 83 0 1036 0.00215968 -0.0282562 -0.156224 0.143503 1.29413 117.581 
1.43383 -0.9228 80393 1 1.5276 0.789423 84 0 1036 0.00215968 -0.0282562 -0.156224 0.143503 1.29413 117.581 
1.43186 -0.924333 80434 1 1.5276 0.789423 85 0 1037 0.00181382 -0.0286288 -0.15718 0.133583 1.304 117.549 
1.53562 0.282902 80554 1 1.5276 0.789423 86 0 1040 0.00953024 -0.0112648 -0.0696563 0.265218 0.214697 120.08 
1.53562 0.282902 80554 1 1.5276 0.789423 87 0 1040 0.00953024 -0.0112648 -0.0696563 0.265218 0.214697 120.08 
1.69421 0.524186 80713 1 1.5276 0.789423 88 0 1044 0.00636539 0.00458207 -0.048853 0.466094 -0.0247399 120.634 
1.69421 0.524186 80713 1 1.5276 0.789423 89 0 1044 0.00636539 0.00458207 -0.048853 0.466094 -0.0247399 120.634 
1.42348 -0.0474303 80834 1 1.5276 0.789423 90 0 1047 0.0114324 -0.02378 -0.0994075 0.109235 0.59462 119.149 
1.42348 -0.0474303 80834 1 1.5276 0.789423 91 0 1047 0.0114324 -0.02378 -0.0994075 0.109235 0.59462 119.149 
1.48419 -0.0646381 80954 1 1.5276 0.789423 92 0 1050 0.0121298 -0.0194362 -0.1011 0.165332 0.641222 119.326 
1.48419 -0.0646381 80954 1 1.5276 0.789423 93 0 1050 0.0121298 -0.0194362 -0.1011 0.165332 0.641222 119.326 
1.47131 -0.00501614 81074 1 1.5276 0.789423 94 0 1053 0.0104577 -0.0189126 -0.0946174 0.174341 0.576277 119.458 
1.47131 -0.00501614 81074 1 1.5276 0.789423 95 0 1053 0.0104577 -0.0189126 -0.0946174 0.174341 0.576277 119.458 
1.44089 -0.0455804 81235 1 1.5276 0.789423 96 0 1057 0.0107511 -0.0246747 -0.0981001 0.103356 0.615665 119.407 
1.44089 -0.0455804 81235 1 1.5276 0.789423 97 0 1057 0.0107511 -0.0246747 -0.0981001 0.103356 0.615665 119.407 
-0.373659 0.0239689 81515 1 1.5276 0.789423 98 0 1064 0.00284951 -0.01973 -0.145227 0.164425 1.19949 118.224 
-0.441724 -0.00347326 81555 1 1.5276 0.789423 99 0 1065 0.00251187 -0.0266853 -0.149049 0.0804568 1.24835 118.055 
-0.492565 0.0696913 81635 1 1.5276 0.789423 100 0 1067 0.00281439 -0.0218994 -0.147085 0.137779 1.22946 118.135 
-0.562316 0.12035 81716 1 1.5276 0.789423 101 0 1069 0.00201036 -0.0269183 -0.146641 0.0741325 1.22706 118.105 
-0.505132 0.134617 81756 1 1.5276 0.789423 102 0 1070 0.00234564 -0.0207444 -0.14659 0.142057 1.22821 118.096 
-0.565273 0.179809 81876 1 1.5276 0.789423 103 0 1073 0.00216536 -0.0247805 -0.147403 0.100176 1.22644 118.148 
-0.565273 0.179809 81876 1 1.5276 0.789423 104 0 1073 0.00216536 -0.0247805 -0.147403 0.100176 1.22644 118.148 
-0.565273 0.179809 81876 1 1.5276 0.789423 105 0 1073 0.00216536 -0.0247805 -0.147403 0.100176 1.22644 118.148 
-0.504388 0.200937 82076 1 1.5276 0.789423 106 0 1078 0.00314622 -0.0211504 -0.151601 0.165615 1.25252 118.046 
-0.516139 0.226502 82157 1 1.5276 0.789423 107 0 1080 0.00323688 -0.022124 -0.15083 0.16369 1.24575 118.031 
-0.543381 0.227223 82196 1 1.5276 0.789423 108 0 1081 0.00386417 -0.0239213 -0.150825 0.14366 1.2519 118.071 
-0.543381 0.227223 82196 1 1.5276 0.789423 109 0 1081 0.00386417 -0.0239213 -0.150825 0.14366 1.2519 118.071 
-0.507264 0.255382 82397 1 1.5276 0.789423 110 0 1086 0.00325624 -0.0241241 -0.150977 0.14109 1.27501 118.013 
-0.511666 0.267844 82437 1 1.5276 0.789423 111 0 1087 0.00331319 -0.0246968 -0.150167 0.140277 1.26686 118.053 
-0.507539 0.30744 82518 1 1.5276 0.789423 112 0 1089 0.00413062 -0.026945 -0.147497 0.132177 1.24268 118.1 
-0.507539 0.30744 82518 1 1.53021 0.788462 113 0 1089 0.00413062 -0.026945 -0.147497 0.132177 1.24268 118.1 
-0.495703 0.358283 82637 1 1.55573 0.792308 114 0 1092 0.00399471 -0.0258903 -0.142855 0.15521 1.22063 118.166 
-0.492746 0.38333 82717 1 1.55677 0.793269 115 0 1094 0.00473948 -0.0257124 -0.140501 0.163505 1.19798 118.148 
-0.45484 0.380695 82799 1 1.56094 0.8 116 0 1096 0.00463995 -0.0223031 -0.140675 0.213552 1.19488 118.2 
-0.448635 0.389635 82838 1 1.56354 0.801923 117 0 1097 0.00483844 -0.0220679 -0.140588 0.21479 1.19349 118.153 
-0.448635 0.389635 82838 1 1.57083 0.808654 118 0 1097 0.00483844 -0.0220679 -0.140588 0.21479 1.19349 118.153 
-0.482344 0.427473 82998 1 1.57187 0.809615 119 0 1101 0.00484821 -0.0270043 -0.139632 0.149221 1.19805 118.173 
-0.501154 0.434934 83038 1 1.57187 0.809615 120 0 1102 0.00446105 -0.0278561 -0.140377 0.13397 1.20597 118.163 
-0.527383 0.442829 83118 1 1.57187 0.809615 121 0 1104 0.00517071 -0.029142 -0.139967 0.0995989 1.20197 118.232 
-0.489678 0.434641 83158 1 1.5724 0.805769 122 0 1105 0.00594535 -0.0263116 -0.141094 0.122945 1.21743 118.195 
-0.489678 0.434641 83158 1 1.57344 0.799038 123 0 1105 0.00594535 -0.0263116 -0.141094 0.122945 1.21743 118.195 
0.807559 0.300552 83318 1 1.57344 0.799038 124 1 1109 0.00649292 -0.0330539 -0.138551 0.0333959 1.2028 118.18 
1.17181 0.0620584 83399 1 1.57344 0.799038 125 1 1111 0.00693246 -0.0329234 -0.139429 0.0266509 1.22231 118.248 
1.19363 0.099244 83439 1 1.57344 0.799038 126 1 1112 0.00634925 -0.0300851 -0.142506 0.059829 1.2646 118.171 
1.21403 0.180748 83479 1 1.57344 0.799038 127 0 1113 0.00549955 -0.0316313 -0.142172 0.0422814 1.26304 118.126 
1.21403 0.180748 83479 1 1.57344 0.799038 128 0 1113 0.00549955 -0.0316313 -0.142172 0.0422814 1.26304 118.126 
1.33683 0.179575 83640 1 1.57344 0.799038 129 0 1117 0.00645357 -0.026194 -0.14358 0.0847279 1.28703 118.027 
1.38868 0.171513 83719 1 1.57552 0.799038 130 0 1119 0.00621244 -0.0239523 -0.145132 0.106463 1.30387 118.016 
1.4231 0.184698 83799 1 1.575 0.799038 131 0 1121 0.00579 -0.0195181 -0.14696 0.156489 1.32064 117.895 
1.40445 0.211339 83840 1 1.57448 0.799038 132 0 1122 0.00554132 -0.0209862 -0.143498 0.134447 1.27698 118.053 
1.40445 0.211339 83840 1 1.57448 0.799038 133 0 1122 0.00554132 -0.0209862 -0.143498 0.134447 1.27698 118.053 
1.41311 0.228871 83960 1 1.57448 0.799038 134 0 1125 0.00622085 -0.0207187 -0.143759 0.141441 1.27293 118.022 
1.45233 0.237986 84041 1 1.57448 0.799038 135 0 1127 0.00567861 -0.0158976 -0.143445 0.199174 1.26331 118.031 
1.41424 0.283008 84120 1 1.57448 0.799038 136 0 1129 0.00658479 -0.0199995 -0.139404 0.143724 1.20548 118.247 
1.4038 0.271187 84160 1 1.57448 0.799038 137 0 1130 0.00658944 -0.0215169 -0.141052 0.127009 1.21993 118.247 
1.4038 0.271187 84160 1 1.57448 0.799038 138 0 1130 0.00658944 -0.0215169 -0.141052 0.127009 1.21993 118.247 
1.36984 0.243635 84321 1 1.57448 0.799038 139 0 1134 0.00605722 -0.0263011 -0.140658 0.0581013 1.20069 118.318 
1.39257 0.239475 84401 1 1.57448 0.799038 140 0 1136 0.00604497 -0.0213397 -0.142593 0.114332 1.21641 118.288 
1.37477 0.257821 84440 1 1.57448 0.799038 141 0 1137 0.00641238 -0.0216537 -0.141197 0.10172 1.20561 118.305 
1.4093 0.245806 84481 1 1.57448 0.799038 142 0 1138 0.00648287 -0.0202428 -0.144357 0.120342 1.24178 118.221 
1.4093 0.245806 84481 1 1.57448 0.799038 143 0 1138 0.00648287 -0.0202428 -0.144357 0.120342 1.24178 118.221 
1.42061 0.218416 84641 1 1.57448 0.799038 144 0 1142 0.00629596 -0.0208195 -0.14251 0.113396 1.22308 118.28 
1.42901 0.178677 84722 1 1.57448 0.799038 145 0 1144 0.00692102 -0.0201445 -0.144342 0.126136 1.23591 118.295 
1.3648 0.217358 84802 1 1.57448 0.799038 146 0 1146 0.00645872 -0.0256912 -0.141401 0.0751443 1.20028 118.384 
1.3648 0.217358 84802 1 1.57448 0.799038 147 0 1146 0.00645872 -0.0256912 -0.141401 0.0751443 1.20028 118.384 
1.3648 0.217358 84802 1 1.57448 0.799038 148 0 1146 0.00645872 -0.0256912 -0.141401 0.0751443 1.20028 118.384 
1.34941 0.258221 85002 1 1.57448 0.799038 149 0 1151 0.00789943 -0.0279064 -0.142243 0.062363 1.21638 118.409 
1.36957 0.266527 85088 1 1.57448 0.799038 150 0 1153 0.00720602 -0.026401 -0.141708 0.0906722 1.20913 118.45 
1.38339 0.311754 85122 1 1.57448 0.799038 151 0 1154 0.0080101 -0.0258205 -0.138373 0.100961 1.16579 118.606 
1.38339 0.311754 85122 1 1.57448 0.799038 152 0 1154 0.0080101 -0.0258205 -0.138373 0.100961 1.16579 118.606 
1.28803 0.32872 85282 1 1.57448 0.799038 153 0 1158 0.00648593 -0.0307602 -0.136789 0.0460847 1.13783 118.662 
0.670137 0.200903 85322 1 1.57448 0.799038 154 1 1159 0.00628755 -0.0206755 -0.139792 0.162254 1.16444 118.587 
0.371701 -0.0782737 85403 1 1.57448 0.799038 155 1 1161 0.00518163 -0.0339323 -0.142766 0.00586391 1.20575 118.469 
0.370051 -0.0815119 85443 1 1.57448 0.799038 156 1 1162 0.00511726 -0.033898 -0.142704 0.00543498 1.20641 118.463 
0.370051 -0.0815119 85443 1 1.57448 0.799038 157 1 1162 0.00511726 -0.033898 -0.142704 0.00543498 1.20641 118.463 
0.412365 -0.126117 85603 1 1.57448 0.799038 158 1 1166 0.00657761 -0.0292785 -0.142113 0.0896666 1.21425 118.469 
0.428867 -0.0743689 85683 1 1.57448 0.799038 159 1 1168 0.00794417 -0.0261108 -0.139708 0.140162 1.19596 118.552 
0.402363 -0.061214 85764 1 1.57448 0.799038 160 1 1170 0.00820961 -0.0273929 -0.138063 0.153937 1.18465 118.569 
0.430277 -0.077333 85804 1 1.57448 0.799038 161 1 1171 0.00887733 -0.0234762 -0.139066 0.212169 1.20027 118.536 
0.447996 -0.0874002 85884 1 1.57448 0.799038 162 1 1173 0.0100912 -0.0199758 -0.14136 0.269578 1.24158 118.402 
0.405562 -0.0592047 85964 1 1.57448 0.799038 163 1 1175 0.00982991 -0.0281401 -0.140441 0.189051 1.24291 118.347 
0.421553 -0.0870324 86003 1 1.57448 0.799038 164 1 1176 0.0101143 -0.0290113 -0.14214 0.192095 1.26533 118.364 
0.42426 -0.0977824 86084 1 1.57448 0.799038 165 1 1178 0.0107859 -0.0276152 -0.143288 0.204594 1.28584 118.311 
0.457384 -0.121938 86165 1 1.57448 0.799038 166 1 1180 0.0103015 -0.0225948 -0.142575 0.266826 1.28004 118.288 
0.441305 -0.122364 86205 1 1.57448 0.799038 167 1 1181 0.0105496 -0.0237336 -0.142965 0.269479 1.28895 118.23 
0.421088 -0.151881 86285 1 1.57448 0.799038 168 1 1183 0.0126439 -0.0263188 -0.143386 0.321797 1.2947 118.196 
0.431096 -0.1425 86365 1 1.57448 0.799038 169 1 1185 0.014595 -0.0259654 -0.143522 0.402884 1.30966 118.244 
0.431393 -0.139035 86404 1 1.57448 0.799038 170 1 1186 0.0147486 -0.0261571 -0.143463 0.404947 1.31046 118.252 
0.427959 -0.127147 86485 1 1.57448 0.799038 171 1 1188 0.0152456 -0.0270417 -0.143448 0.415165 1.311 118.294 
0.422553 -0.115863 86565 1 1.57448 0.799038 172 1 1190 0.0145705 -0.0261079 -0.145432 0.431385 1.31682 118.274 
0.418354 -0.100529 86605 1 1.57448 0.799038 173 1 1191 0.0153554 -0.0272794 -0.14346 0.413013 1.28499 118.364 
0.411528 -0.235409 86685 1 1.57448 0.799038 174 0 1193 0.0161331 -0.0283826 -0.145266 0.400553 1.31654 118.348 
0.398404 -0.225459 86765 1 1.57448 0.799038 175 0 1195 0.0149004 -0.0308278 -0.145391 0.37011 1.33229 118.363 
0.398413 -0.222483 86805 1 1.57448 0.799038 176 0 1196 0.0141109 -0.0299238 -0.146681 0.373458 1.35693 118.416 
0.413479 -0.232294 86885 1 1.57448 0.799038 177 0 1198 0.0129075 -0.0271621 -0.148816 0.401355 1.38972 118.367 
0.439338 -0.251732 86966 1 1.57448 0.799038 178 0 1200 0.011396 -0.0271116 -0.145626 0.411236 1.35856 118.481 
0.417048 -0.254343 87006 1 1.57448 0.799038 179 0 1201 0.0111131 -0.0283045 -0.146402 0.394344 1.37554 118.499 
0.406727 -0.212712 87086 1 1.57448 0.799038 180 0 1203 0.0107199 -0.0312988 -0.142159 0.349855 1.33596 118.628 
0.462003 -0.17386 87166 1 1.57448 0.799038 181 1 1205 0.0106669 -0.0249682 -0.139346 0.40774 1.3 118.86 
0.522157 -0.20136 87206 1 1.57448 0.799038 182 0 1206 0.0135659 -0.0184721 -0.146511 0.469646 1.37579 118.847 
0.554071 -0.285427 87286 1 1.57448 0.799038 183 0 1208 0.0113278 -0.01804 -0.157097 0.451713 1.48911 118.475 
0.531225 -0.268618 87367 1 1.57448 0.799038 184 0 1210 0.0105463 -0.0213809 -0.15345 0.378558 1.45045 118.575 
0.526549 -0.297779 87408 1 1.57448 0.799038 185 0 1211 0.00994922 -0.0208579 -0.155359 0.377024 1.47101 118.462 
0.514086 -0.304529 87486 1 1.57448 0.799038 186 0 1213 0.0110177 -0.021148 -0.154372 0.356793 1.4596 118.506 
0.497435 -0.250414 87567 1 1.57448 0.799038 187 0 1215 0.00997329 -0.0229855 -0.152264 0.333385 1.42801 118.6 
0.495198 -0.267875 87607 1 1.57448 0.799038 188 0 1216 0.0103319 -0.0220113 -0.153904 0.339602 1.44306 118.565 
0.495198 -0.267875 87607 1 1.57448 0.799038 189 0 1216 0.0103319 -0.0220113 -0.153904 0.339602 1.44306 118.565 
0.12832 -0.536141 87768 1 1.57448 0.799038 190 0 1220 0.0102473 -0.0233881 -0.153984 0.331566 1.45939 118.461 
0.147992 -0.498476 87807 1 1.57448 0.799038 191 0 1221 0.00967851 -0.0188252 -0.148047 0.379567 1.41834 118.529 
0.122862 -0.315211 87887 1 1.57448 0.799038 192 0 1223 0.00978096 -0.020671 -0.13261 0.339624 1.29615 118.807 
0.0495943 -0.303425 87927 1 1.57448 0.799038 193 0 1224 0.00972358 -0.0183161 -0.131803 0.359031 1.30042 118.9 
0.0495943 -0.303425 87927 1 1.57448 0.799038 194 0 1224 0.00972358 -0.0183161 -0.131803 0.359031 1.30042 118.9 
0.0456046 -0.335243 88088 1 1.57448 0.799038 195 0 1228 0.0104758 -0.0174951 -0.127993 0.385846 1.32398 119.034 
0.0149969 -0.140839 88167 1 1.57448 0.799038 196 1 1230 0.0122262 -0.020015 -0.123426 0.396602 1.2776 119.23 
0.0471285 -0.158781 88248 1 1.57448 0.799038 197 1 1232 0.0140388 -0.0181216 -0.122173 0.461859 1.27868 119.28 
0.0471285 -0.158781 88248 1 1.57448 0.799038 198 1 1232 0.0140388 -0.0181216 -0.122173 0.461859 1.27868 119.28 
0.0471285 -0.158781 88248 1 1.57448 0.799038 199 1 1232 0.0140388 -0.0181216 -0.122173 0.461859 1.27868 119.28 
0.300782 -0.312186 88449 1 1.57448 0.799038 200 0 1237 0.0108943 -0.0169532 -0.125123 0.421418 1.32973 119.232 
0.352084 -0.338494 88489 1 1.57448 0.799038 201 0 1238 0.010642 -0.00992739 -0.127017 0.486501 1.33057 119.264 
0.472311 -0.37477 88568 1 1.57448 0.799038 202 0 1240 0.00829127 0.00553389 -0.13454 0.604163 1.37638 119.084 
0.262613 -0.386165 88649 1 1.57448 0.799038 203 0 1242 0.00803828 0.00341155 -0.13716 0.519694 1.39699 118.91 
0.213979 -0.412159 88689 1 1.57448 0.799038 204 0 1243 0.00828589 0.000109442 -0.136446 0.458757 1.39221 118.968 
0.218427 -0.439988 88769 1 1.57448 0.799038 205 0 1245 0.00785122 0.00301545 -0.13629 0.454588 1.42752 118.969 
0.218427 -0.439988 88769 1 1.57448 0.799038 206 0 1245 0.00785122 0.00301545 -0.13629 0.454588 1.42752 118.969 
0.201416 -0.449555 88809 1 1.57448 0.799038 207 0 1246 0.00871707 -0.000393692 -0.135726 0.41804 1.44769 119.036 
0.0879165 -0.294475 88969 1 1.57448 0.799038 208 0 1250 0.00770757 -0.0125539 -0.133216 0.255191 1.4872 118.86 
0.186111 -0.315643 89050 1 1.57448 0.799038 209 0 1252 0.00434334 0.00366795 -0.13391 0.397971 1.50435 118.809 
0.19991 -0.332163 89089 1 1.57448 0.799038 210 0 1253 0.000486976 0.00790639 -0.135625 0.417983 1.53127 118.818 
0.19991 -0.332163 89089 1 1.57448 0.799038 211 0 1253 0.000486976 0.00790639 -0.135625 0.417983 1.53127 118.818 
0.131605 -0.437827 89210 1 1.57448 0.799038 212 0 1256 -0.00550704 0.000147187 -0.134093 0.295546 1.4909 118.971 
0.105655 -0.361307 89251 1 1.57448 0.799038 213 0 1257 -0.00293433 -0.00274092 -0.137806 0.285767 1.55835 118.833 
-0.238341 1.2058 89370 1 1.57448 0.799038 214 0 1260 0.00138196 -0.00209003 -0.133111 0.331227 1.52552 119.001 
0.00755235 0.520309 89410 1 1.57448 0.799038 215 1 1261 0.0025879 -0.00179855 -0.135011 0.352782 1.5426 118.959 
0.00755235 0.520309 89410 1 1.57448 0.799038 216 1 1261 0.0025879 -0.00179855 -0.135011 0.352782 1.5426 118.959 
0.0690285 -0.170387 89571 1 1.57448 0.799038 217 1 1265 0.00414468 -0.0120145 -0.135688 0.308545 1.55613 118.912 
0.0916759 -0.211796 89651 1 1.57448 0.799038 218 0 1267 0.00442971 -0.0130771 -0.137196 0.307849 1.56048 118.868 
0.0729895 -0.197549 89690 1 1.57448 0.799038 219 1 1268 0.00451372 -0.0140698 -0.138359 0.305415 1.56017 118.809 
0.108693 -0.221081 89771 1 1.57448 0.799038 220 0 1270 0.00730665 -0.010164 -0.139512 0.387698 1.55512 118.762 
0.0888459 -0.274342 89851 1 1.57448 0.799038 221 0 1272 0.0093399 -0.0128238 -0.14008 0.41328 1.57022 118.74 
0.167864 -0.241414 89933 1 1.57448 0.799038 222 0 1274 0.0108409 -0.0141116 -0.137728 0.436821 1.55576 118.831 
0.460893 -0.197154 89972 1 1.57448 0.799038 223 1 1275 0.0114331 -0.0191746 -0.137159 0.383042 1.55627 118.868 
0.490075 -0.242132 90051 1 1.57448 0.799038 224 0 1277 0.0135495 -0.0201311 -0.13736 0.396482 1.57735 118.936 
0.491502 -0.198018 90132 1 1.57448 0.799038 225 1 1279 0.01444 -0.021191 -0.133764 0.433011 1.55321 118.985 
0.486074 -0.232463 90171 1 1.57448 0.799038 226 0 1280 0.0149185 -0.0226493 -0.136242 0.427008 1.59031 118.905 
0.1388 -0.157963 90252 1 1.57448 0.799038 227 1 1282 0.0138608 -0.017781 -0.133553 0.507997 1.55547 118.989 
0.0595496 -0.255257 90333 1 1.57448 0.799038 228 0 1284 0.0135866 -0.0202768 -0.134996 0.462553 1.56781 118.981 
0.119165 -0.254019 90372 1 1.57448 0.799038 229 0 1285 0.0129442 -0.0123607 -0.136092 0.46544 1.57182 118.942 
0.0943088 -0.27853 90452 1 1.57448 0.799038 230 0 1287 0.011761 -0.015495 -0.137674 0.467699 1.58276 118.86 
-0.0404888 -0.339099 90532 1 1.57448 0.799038 231 0 1289 0.010966 -0.0210489 -0.138053 0.387713 1.58834 118.931 
-0.032471 -0.373359 90572 1 1.57448 0.799038 232 0 1290 0.0107814 -0.0178168 -0.139591 0.4166 1.60425 118.825 
-0.0830749 -0.358219 90653 1 1.57448 0.799038 233 0 1292 0.0110125 -0.0196007 -0.135677 0.376597 1.56492 118.954 
-0.0830749 -0.358219 90653 1 1.57448 0.799038 234 0 1292 0.0110125 -0.0196007 -0.135677 0.376597 1.56492 118.954 
-0.14667 -0.382675 90694 1 1.57448 0.799038 235 0 1293 0.0104248 -0.0187511 -0.138028 0.382711 1.58518 118.952 
-0.209612 -0.359254 90853 1 1.57448 0.799038 236 0 1297 0.0110047 -0.0178718 -0.137672 0.417791 1.57127 118.887 
-0.156441 -0.340734 90933 1 1.57448 0.799038 237 0 1299 0.0132608 -0.0123662 -0.134906 0.505867 1.53809 119.092 
-0.176676 -0.337586 90973 1 1.57448 0.799038 238 0 1300 0.0133162 -0.0159154 -0.132487 0.478306 1.51388 119.194 
-0.176676 -0.337586 90973 1 1.57448 0.799038 239 0 1300 0.0133162 -0.0159154 -0.132487 0.478306 1.51388 119.194 
0.534617 -0.355054 91094 1 1.57448 0.799038 240 0 1303 0.0142214 -0.0179227 -0.133413 0.449089 1.51945 119.261 
0.549362 -0.31748 91173 1 1.57448 0.799038 241 0 1305 0.0129823 -0.0165299 -0.129221 0.461252 1.47734 119.362 
0.548375 -0.263569 91254 1 1.57448 0.799038 242 0 1307 0.0133229 -0.0171274 -0.12491 0.450767 1.44076 119.554 
0.545162 -0.246599 91294 1 1.57448 0.799038 243 0 1308 0.0126617 -0.0158831 -0.123504 0.460264 1.43238 119.582 
0.545162 -0.246599 91294 1 1.57448 0.799038 244 0 1308 0.0126617 -0.0158831 -0.123504 0.460264 1.43238 119.582 
0.583668 -0.144287 91455 1 1.57448 0.799038 245 1 1312 0.0115186 -0.0142828 -0.117296 0.428863 1.38097 119.82 
0.592176 -0.0880897 91535 1 1.57448 0.799038 246 1 1314 0.0107667 -0.0124124 -0.1135 0.438147 1.34882 119.873 
0.536495 -0.11452 91574 1 1.57448 0.799038 247 1 1315 0.0113807 -0.0217308 -0.113893 0.329419 1.36608 119.878 
0.565769 -0.0771301 91614 1 1.57448 0.799038 248 1 1316 0.0112208 -0.0166967 -0.1136 0.393719 1.37661 119.893 
0.565769 -0.0771301 91614 1 1.57448 0.799038 249 1 1316 0.0112208 -0.0166967 -0.1136 0.393719 1.37661 119.893 
0.113481 -0.212281 91775 1 1.57448 0.799038 250 0 1320 0.0121001 -0.0150074 -0.107568 0.431014 1.32369 120.01 
0.123678 -0.238783 91857 1 1.57448 0.799038 251 0 1322 0.0120073 -0.0149281 -0.106509 0.443994 1.30223 120.069 
0.093404 -0.261389 91935 1 1.57448 0.799038 252 0 1324 0.0131331 -0.0166539 -0.111062 0.433505 1.35831 119.959 
0.0924502 -0.252318 91975 1 1.57448 0.799038 253 0 1325 0.0131238 -0.01621 -0.110262 0.439845 1.35003 119.975 
0.479682 -0.436088 92055 1 1.57448 0.799038 254 0 1327 0.0129606 -0.0233934 -0.111562 0.347495 1.36878 119.952 
0.527153 -0.488075 92136 1 1.57448 0.799038 255 0 1329 0.0128402 -0.0186969 -0.11109 0.395413 1.36865 119.931 
0.516674 -0.479368 92176 1 1.57448 0.799038 256 0 1330 0.0129228 -0.0193836 -0.109429 0.38467 1.35588 119.903 
0.516674 -0.479368 92176 1 1.57448 0.799038 257 0 1330 0.0129228 -0.0193836 -0.109429 0.38467 1.35588 119.903 
0.553047 -0.52618 92336 1 1.57448 0.799038 258 0 1334 0.0140783 -0.0184103 -0.116456 0.418818 1.47613 119.7 
0.639164 -0.552104 92376 1 1.57448 0.799038 259 0 1335 0.0147637 -0.0143542 -0.117726 0.467159 1.49595 119.629 
0.621168 -0.512347 92456 1 1.57448 0.799038 260 0 1337 0.0148202 -0.0168301 -0.11529 0.439623 1.4744 119.728 
0.615784 -0.525685 92496 1 1.57448 0.799038 261 0 1338 0.0152404 -0.0166634 -0.116766 0.43411 1.50369 119.624 
0.615784 -0.525685 92496 1 1.57448 0.799038 262 0 1338 0.0152404 -0.0166634 -0.116766 0.43411 1.50369 119.624 
0.731426 -0.537742 92656 1 1.57448 0.799038 263 0 1342 0.0132744 -0.0130875 -0.116342 0.446634 1.5463 119.597 
0.739135 -0.533651 92736 1 1.57448 0.799038 264 0 1344 0.0121617 -0.0116398 -0.116929 0.446327 1.55664 119.678 
0.721046 -0.524282 92777 1 1.57448 0.799038 265 0 1345 0.0124595 -0.013686 -0.11838 0.403827 1.5671 119.618 
0.754824 -0.552811 92817 1 1.57448 0.799038 266 0 1346 0.0126117 -0.0102421 -0.121455 0.444384 1.59733 119.539 
0.754824 -0.552811 92817 1 1.57448 0.799038 267 0 1346 0.0126117 -0.0102421 -0.121455 0.444384 1.59733 119.539 
1.25742 -0.567392 92978 1 1.57448 0.799038 268 0 1350 0.0130583 -0.00838214 -0.12143 0.485758 1.59123 119.511 
1.23003 -0.581546 93057 1 1.57448 0.799038 269 0 1352 0.0139077 -0.0136424 -0.1221 0.443051 1.5923 119.493 
1.18977 -0.598722 93137 1 1.57448 0.799038 270 0 1354 0.0152302 -0.0177527 -0.125296 0.393502 1.62204 119.405 
1.18977 -0.598722 93137 1 1.57448 0.799038 271 0 1354 0.0152302 -0.0177527 -0.125296 0.393502 1.62204 119.405 
1.18977 -0.598722 93137 1 1.57448 0.799038 272 0 1354 0.0152302 -0.0177527 -0.125296 0.393502 1.62204 119.405 
1.32804 -0.66905 93338 1 1.57448 0.799038 273 0 1359 0.0146352 -0.0154575 -0.123443 0.397598 1.59618 119.407 
1.31239 -0.658567 93380 1 1.57448 0.799038 274 0 1360 0.0142876 -0.0172369 -0.121556 0.373702 1.57526 119.427 
1.31815 -0.66452 93458 1 1.57448 0.799038 275 0 1362 0.0143938 -0.0154278 -0.124425 0.37729 1.6031 119.39 
1.31815 -0.66452 93458 1 1.57448 0.799038 276 0 1362 0.0143938 -0.0154278 -0.124425 0.37729 1.6031 119.39 
1.32044 -0.673541 93619 1 1.57448 0.799038 277 0 1366 0.0130882 -0.012739 -0.126391 0.394802 1.63491 119.374 
1.31545 -0.689181 93659 1 1.57448 0.799038 278 0 1367 0.0134724 -0.0142037 -0.126571 0.38346 1.64268 119.373 
1.3017 -0.662707 93739 1 1.57448 0.799038 279 0 1369 0.0129289 -0.0151138 -0.124439 0.384267 1.6216 119.393 
1.3133 -0.652699 93778 1 1.57448 0.799038 280 0 1370 0.0126373 -0.0139384 -0.123624 0.403178 1.61311 119.453 
1.3133 -0.652699 93778 1 1.57448 0.799038 281 0 1370 0.0126373 -0.0139384 -0.123624 0.403178 1.61311 119.453 
0.703189 -0.647354 93939 1 1.57448 0.799038 282 0 1374 0.0142344 -0.0096487 -0.126464 0.475292 1.63863 119.303 
0.687996 -0.605803 94019 1 1.57448 0.799038 283 0 1376 0.0127868 -0.0100152 -0.123248 0.462311 1.61305 119.432 
0.684143 -0.592226 94060 1 1.57448 0.799038 284 0 1377 0.0128559 -0.00832032 -0.123279 0.473564 1.61531 119.472 
0.616108 -0.587723 94100 1 1.57448 0.799038 285 0 1378 0.0126148 -0.0069205 -0.123374 0.494588 1.61688 119.566 
0.616108 -0.587723 94100 1 1.57448 0.799038 286 0 1378 0.0126148 -0.0069205 -0.123374 0.494588 1.61688 119.566 
0.416021 -0.564914 94259 1 1.57448 0.799038 287 0 1382 0.0133894 -0.00603103 -0.124053 0.501149 1.64426 119.527 
0.264563 -0.525385 94340 1 1.57448 0.799038 288 0 1384 0.0131692 -0.00359191 -0.124409 0.527842 1.65444 119.467 
0.263776 -0.505017 94420 1 1.57448 0.799038 289 0 1386 0.0125733 -0.00410786 -0.122189 0.532552 1.63076 119.513 
0.263776 -0.505017 94420 1 1.57448 0.799038 290 0 1386 0.0125733 -0.00410786 -0.122189 0.532552 1.63076 119.513 
0.263968 -0.488319 94462 1 1.57448 0.799038 291 0 1387 0.0131103 -0.00298487 -0.120358 0.541445 1.60866 119.638 
0.544533 0.282328 94620 1 1.57448 0.799038 292 1 1391 0.011994 -0.007968 -0.127081 0.462071 1.67069 119.417 
0.544002 0.575613 94702 1 1.57448 0.799038 293 1 1393 0.0119812 -0.00620018 -0.127757 0.464349 1.67412 119.494 
0.544025 0.638693 94741 1 1.57448 0.799038 294 1 1394 0.0114452 -0.00588465 -0.123855 0.468699 1.63466 119.555 
0.544025 0.638693 94741 1 1.57448 0.799038 295 1 1394 0.0114452 -0.00588465 -0.123855 0.468699 1.63466 119.555 
0.538609 0.667047 94900 1 1.57448 0.799038 296 1 1398 0.0105675 -0.00453243 -0.127157 0.495074 1.67012 119.546 
0.552824 0.720056 94940 1 1.57448 0.799038 297 1 1399 0.0117008 -0.00548905 -0.125701 0.487191 1.65335 119.555 
0.590121 0.730411 95021 1 1.57448 0.799038 298 1 1401 0.0120505 -0.003691 -0.126782 0.517114 1.66975 119.557 
0.55759 0.773962 95101 1 1.57448 0.799038 299 1 1403 0.0116109 -0.00739076 -0.123254 0.487537 1.64017 119.657 
0.557768 0.779985 95141 1 1.57448 0.799038 300 1 1404 0.0118936 -0.00769302 -0.124553 0.488427 1.64818 119.701 
0.567274 0.788749 95222 1 1.57448 0.799038 301 1 1406 0.0128795 -0.00614151 -0.124877 0.512043 1.64721 119.626 
0.562146 0.661478 95301 1 1.57448 0.799038 302 1 1408 0.0132909 -0.00629956 -0.119678 0.526429 1.57904 119.715 
0.551773 0.601986 95341 1 1.57448 0.799038 303 1 1409 0.0135196 -0.00797179 -0.120267 0.513616 1.58339 119.787 
0.557613 0.61824 95422 1 1.57448 0.799038 304 1 1411 0.0139518 -0.00812352 -0.122196 0.514269 1.61478 119.733 
0.569484 0.583618 95502 1 1.57448 0.799038 305 1 1413 0.0135467 -0.0063573 -0.120839 0.524149 1.60963 119.67 
0.57643 0.556904 95542 1 1.57448 0.799038 306 1 1414 0.0128413 -0.00442275 -0.123357 0.549455 1.63824 119.702 
0.509107 0.430408 95622 1 1.57448 0.799038 307 1 1416 0.0133503 -0.00672961 -0.123898 0.521862 1.6612 119.587 
0.446855 0.416907 95702 1 1.57448 0.799038 308 1 1418 0.0137934 -0.0159693 -0.125344 0.418119 1.69339 119.515 
0.432889 0.447675 95742 1 1.57448 0.799038 309 1 1419 0.0137516 -0.0160574 -0.121315 0.414176 1.65826 119.579 
0.15738 0.580942 95822 1 1.57448 0.799038 310 1 1421 0.0127188 -0.00827274 -0.112999 0.483742 1.57214 119.747 
0.146375 0.57252 95903 1 1.57448 0.799038 311 1 1423 0.0129866 -0.00705712 -0.114402 0.485893 1.58749 119.755 
0.154718 0.593445 95944 1 1.57448 0.799038 312 1 1424 0.0126523 -0.0073642 -0.114167 0.484791 1.58249 119.656 
0.146162 0.590429 96022 1 1.57448 0.799038 313 1 1426 0.012757 -0.00796136 -0.116883 0.477165 1.61837 119.622 
0.13495 0.588034 96103 1 1.57448 0.799038 314 1 1428 0.0132807 -0.00907823 -0.117837 0.46059 1.6409 119.569 
0.139908 0.608987 96143 1 1.57448 0.799038 315 1 1429 0.0134373 -0.00967059 -0.11701 0.451432 1.63369 119.664 
0.166375 0.603312 96223 1 1.57448 0.799038 316 1 1431 0.0134704 -0.00714675 -0.117976 0.485453 1.65086 119.66 
0.136279 0.572169 96304 1 1.57448 0.799038 317 1 1433 0.0144988 -0.0120968 -0.120625 0.432128 1.68712 119.494 
0.157386 0.578352 96344 1 1.57448 0.799038 318 1 1434 0.0145851 -0.0100201 -0.119002 0.469573 1.66971 119.608 
0.20737 0.543837 96423 1 1.57448 0.799038 319 1 1436 0.0149057 -0.0122973 -0.119446 0.461642 1.67701 119.572 
0.308064 0.51822 96504 1 1.57448 0.799038 320 1 1438 0.0150987 -0.0100638 -0.119403 0.50161 1.67685 119.459 
0.297983 0.523621 96544 1 1.57448 0.799038 321 1 1439 0.0145481 -0.0127705 -0.119026 0.47958 1.66606 119.462 
0.306392 0.530609 96624 1 1.57448 0.799038 322 1 1441 0.0150834 -0.0114826 -0.118373 0.504018 1.64598 119.458 
0.304909 0.537257 96704 1 1.57448 0.799038 323 1 1443 0.0144905 -0.0101127 -0.117294 0.527232 1.63298 119.47 
0.145163 0.753823 96744 1 1.57448 0.799038 324 1 1444 0.0147678 -0.0143124 -0.117189 0.480822 1.63476 119.435 
2.60355 2.92746 96824 1 1.57448 0.799038 325 0 1446 0.0160982 -0.0219127 -0.117414 0.383107 1.64457 119.415 
-0.468327 0.8166 96904 1 1.5849 0.802885 326 0 1448 0.0151286 -0.0175517 -0.115586 0.440061 1.62081 119.542 
-0.347975 0.49089 96945 1 1.59948 0.807692 327 0 1449 0.0147843 -0.0142773 -0.114221 0.477608 1.60076 119.567 
-0.349387 0.315599 97025 1 1.60833 0.808654 328 0 1451 0.0154936 -0.0178454 -0.11455 0.43457 1.59374 119.573 
-0.341218 0.321775 97105 1 1.60677 0.808654 329 0 1453 0.0151136 -0.0155778 -0.113392 0.465457 1.58637 119.617 
-0.319833 0.307393 97144 1 1.59948 0.808654 330 0 1454 0.0165958 -0.0143889 -0.112767 0.476976 1.58922 119.633 
-0.319833 0.307393 97144 1 1.59688 0.809615 331 0 1454 0.0165958 -0.0143889 -0.112767 0.476976 1.58922 119.633 
-0.317281 0.214661 97305 1 1.59635 0.809615 332 0 1458 0.0168681 -0.0170121 -0.117184 0.4509 1.63793 119.472 
-0.308958 0.182624 97345 1 1.59635 0.809615 333 0 1459 0.0180676 -0.0128075 -0.118564 0.493448 1.64437 119.473 
-0.316777 0.152466 97427 1 1.59635 0.809615 334 0 1461 0.0164187 -0.016609 -0.116518 0.466091 1.603 119.514 
-0.286467 0.176028 97466 1 1.59635 0.809615 335 0 1462 0.0167509 -0.0127776 -0.115646 0.515503 1.58327 119.502 
-0.286467 0.176028 97466 1 1.59635 0.809615 336 0 1462 0.0167509 -0.0127776 -0.115646 0.515503 1.58327 119.502 
-0.0873355 0.725544 97626 1 1.59635 0.809615 337 1 1466 0.0165612 -0.0159816 -0.123145 0.495403 1.65436 119.317 
-0.0531515 0.735255 97706 1 1.59635 0.809615 338 1 1468 0.0153514 -0.0106947 -0.118295 0.553686 1.61765 119.535 
-0.0691233 0.767652 97787 1 1.59635 0.809615 339 1 1470 0.0159633 -0.0140608 -0.116668 0.490446 1.61064 119.525 
-0.0691233 0.767652 97787 1 1.59635 0.809615 340 1 1470 0.0159633 -0.0140608 -0.116668 0.490446 1.61064 119.525 
-0.0691233 0.767652 97787 1 1.59635 0.809615 341 1 1470 0.0159633 -0.0140608 -0.116668 0.490446 1.61064 119.525 
0.785321 0.720635 97986 1 1.59635 0.809615 342 1 1475 0.0154943 -0.0147041 -0.114436 0.45837 1.62 119.653 
0.823224 0.716709 98026 1 1.59635 0.809615 343 1 1476 0.0156339 -0.0155067 -0.114153 0.44894 1.6154 119.69 
0.847222 0.699714 98107 1 1.59635 0.809615 344 1 1478 0.0163501 -0.0105103 -0.115108 0.490674 1.62317 119.684 
0.831962 0.693412 98189 1 1.59635 0.809615 345 1 1480 0.0166608 -0.0135132 -0.1145 0.460135 1.61904 119.672 
1.07061 0.608176 98267 1 1.59635 0.809615 346 1 1482 0.0158971 -0.0157378 -0.116115 0.428123 1.64223 119.668 
1.0681 0.59535 98307 1 1.59635 0.809615 347 1 1483 0.0162631 -0.0166913 -0.117011 0.409311 1.65447 119.601 
1.06482 0.580314 98387 1 1.59635 0.809615 348 1 1485 0.0166727 -0.0158508 -0.118951 0.411662 1.66694 119.593 
1.02014 0.586017 98468 1 1.59635 0.809615 349 1 1487 0.0177478 -0.0197717 -0.117128 0.37391 1.64462 119.711 
1.05201 0.591071 98509 1 1.59635 0.809615 350 1 1488 0.0179338 -0.0188779 -0.118956 0.397839 1.66041 119.74 
1.02834 0.633625 98588 1 1.59635 0.809615 351 1 1490 0.0177318 -0.0221097 -0.114247 0.393879 1.59384 119.799 
1.03159 0.654911 98667 1 1.59635 0.809615 352 1 1492 0.0177774 -0.0220283 -0.11329 0.408048 1.57493 119.836 
1.02901 0.643321 98708 1 1.59635 0.809615 353 1 1493 0.0170049 -0.0193607 -0.115101 0.44269 1.59681 119.834 
1.0251 0.643087 98788 1 1.59635 0.809615 354 1 1495 0.0177321 -0.019168 -0.114695 0.446007 1.59863 119.818 
1.02126 0.661697 98868 1 1.59635 0.809615 355 1 1497 0.017345 -0.020017 -0.114484 0.446924 1.58433 119.83 
1.02967 0.678492 98909 1 1.59635 0.809615 356 1 1498 0.018084 -0.0201694 -0.114028 0.449584 1.5798 119.797 
1.02975 0.685384 98990 1 1.59635 0.809615 357 1 1500 0.0182994 -0.0186183 -0.11411 0.457512 1.57466 119.835 
1.03206 0.715993 99068 1 1.59635 0.809615 358 1 1502 0.0183562 -0.0184523 -0.113061 0.461788 1.56926 119.832 
1.03484 0.731495 99108 1 1.59635 0.809615 359 1 1503 0.0183068 -0.0181082 -0.112687 0.465236 1.56709 119.812 
1.02698 0.724195 99189 1 1.59635 0.809615 360 1 1505 0.0188583 -0.0186408 -0.11434 0.449026 1.5969 119.867 
0.187141 0.69956 99269 1 1.59635 0.809615 361 1 1507 0.0166542 -0.017777 -0.11808 0.45905 1.65525 119.659 
0.0869024 0.584441 99311 1 1.59635 0.809615 362 1 1508 0.0165228 -0.0109669 -0.117485 0.541152 1.65061 119.675 
0.0543454 0.575171 99389 1 1.59635 0.809615 363 1 1510 0.0173988 -0.0132351 -0.117896 0.502539 1.6569 119.693 
0.0474083 0.611498 99469 1 1.59635 0.809615 364 1 1512 0.0174196 -0.01337 -0.119997 0.498336 1.68801 119.642 
0.109791 0.619462 99509 1 1.59635 0.809615 365 1 1513 0.0176324 -0.00525574 -0.120067 0.58571 1.69444 119.614 
0.0880646 0.65508 99590 1 1.59635 0.809615 366 1 1515 0.0160169 -0.00830027 -0.118815 0.533091 1.69048 119.635 
0.0590553 0.658955 99670 1 1.59635 0.809615 367 1 1517 0.0162086 -0.0103777 -0.122008 0.493012 1.73272 119.514 
0.0683632 0.684536 99710 1 1.59635 0.809615 368 1 1518 0.0154574 -0.010249 -0.121177 0.489313 1.72424 119.471 
0.760742 0.286436 99790 1 1.59635 0.809615 369 1 1520 0.0154678 -0.0090826 -0.119828 0.485232 1.71653 119.543 
0.878293 -0.0451154 99870 1 1.59635 0.809615 370 1 1522 0.0162473 -0.0122336 -0.120692 0.448351 1.72847 119.534 
0.896201 -0.0616855 99910 1 1.59635 0.809615 371 1 1523 0.0159827 -0.00976576 -0.120922 0.475843 1.72918 119.605 
0.87003 -0.0988803 99990 1 1.59635 0.809615 372 1 1525 0.0159582 -0.012559 -0.123148 0.432504 1.75284 119.531 
0.838506 -0.252466 100071 1 1.59635 0.809615 373 0 1527 0.0163792 -0.0108411 -0.123145 0.461258 1.75211 119.525 
0.855462 -0.280334 100150 1 1.59635 0.809615 374 0 1529 0.0168 -0.00815675 -0.123151 0.499089 1.75798 119.549 
0.85141 -0.297005 100190 1 1.59635 0.809615 375 0 1530 0.016849 -0.00834311 -0.124178 0.501344 1.77303 119.474 
1.18385 -0.28276 100271 1 1.59635 0.809615 376 0 1532 0.0158301 -0.0112481 -0.12328 0.475974 1.76116 119.487 
1.19434 -0.326029 100311 1 1.59635 0.809615 377 0 1533 0.0159425 -0.0109453 -0.123192 0.471426 1.76119 119.547 
1.2327 -0.39174 100391 1 1.59635 0.809615 378 0 1535 0.0163485 -0.0115868 -0.126972 0.465117 1.80261 119.342 
1.25306 -0.349034 100472 1 1.59635 0.809615 379 0 1537 0.0165338 -0.0108535 -0.124366 0.476662 1.77702 119.423 
1.25306 -0.349034 100472 1 1.59635 0.809615 380 0 1537 0.0165338 -0.0108535 -0.124366 0.476662 1.77702 119.423 
1.21584 -0.343145 100511 1 1.59635 0.809615 381 0 1538 0.0160696 -0.013881 -0.124796 0.439507 1.78288 119.468 
1.24008 -0.348237 100671 1 1.59635 0.809615 382 0 1542 0.0162312 -0.0118391 -0.124697 0.42843 1.77239 119.437 
1.25056 -0.378111 100752 1 1.59635 0.809615 383 0 1544 0.0145021 -0.0101019 -0.125949 0.424419 1.78639 119.373 
1.26134 -0.366043 100792 1 1.59635 0.809615 384 0 1545 0.0137826 -0.00804259 -0.124955 0.447626 1.77161 119.406 
1.26134 -0.366043 100792 1 1.59635 0.809615 385 0 1545 0.0137826 -0.00804259 -0.124955 0.447626 1.77161 119.406 
1.31576 -0.627466 100952 1 1.59635 0.809615 386 0 1549 0.0105921 -0.00631666 -0.12387 0.460941 1.74453 119.349 
1.38317 -0.6241 100992 1 1.59635 0.809615 387 0 1550 0.00802186 0.00135701 -0.121341 0.558377 1.709 119.211 
1.36141 -0.36762 101072 1 1.59635 0.809615 388 0 1552 0.00506463 -0.00133366 -0.107536 0.542598 1.52322 118.855 
1.31291 -0.260218 101113 1 1.59635 0.809615 389 0 1553 0.00411694 -0.00666538 -0.101651 0.482642 1.44326 118.7 
1.31291 -0.260218 101113 1 1.59635 0.809615 390 0 1553 0.00411694 -0.00666538 -0.101651 0.482642 1.44326 118.7 
0.996636 -0.0938989 101272 1 1.59635 0.809615 391 1 1557 0.00410337 0.00163317 -0.0986267 0.590628 1.41434 118.432 
0.99936 -0.0260216 101353 1 1.59635 0.809615 392 1 1559 0.00197095 0.00450784 -0.092558 0.612173 1.34984 118.651 
0.965468 0.000417554 101393 1 1.59635 0.809615 393 1 1560 0.00168933 0.00178823 -0.0919665 0.554468 1.33225 118.641 
0.948713 0.0282163 101433 1 1.59635 0.809615 394 1 1561 0.000406256 0.000115473 -0.0934918 0.507718 1.3286 118.482 
0.948713 0.0282163 101433 1 1.59635 0.809615 395 1 1561 0.000406256 0.000115473 -0.0934918 0.507718 1.3286 118.482 
1.23538 0.00516179 101594 1 1.59635 0.809615 396 0 1565 -0.00146698 0.00610684 -0.0979295 0.412 1.40346 117.826 
1.20809 0.0644151 101673 1 1.59635 0.809615 397 0 1567 -0.000904136 0.00727066 -0.0886859 0.366342 1.35366 118.081 
1.27373 0.145494 101754 1 1.59635 0.809615 398 0 1569 -0.00255873 0.0121628 -0.0796156 0.371837 1.30128 118.165 
1.3169 0.16212 101794 1 1.59635 0.809615 399 0 1570 -0.00364004 0.0141506 -0.0799667 0.371923 1.32317 118.187 
1.27853 0.132092 101874 1 1.59635 0.809615 400 0 1572 -0.00352838 0.0143957 -0.0850027 0.295451 1.40921 118.167 
1.16285 0.224128 101954 1 1.59635 0.809615 401 1 1574 -0.000717917 0.0207521 -0.0877156 0.347889 1.45027 117.91 
0.944293 0.332762 101993 1 1.59635 0.809615 402 1 1575 -0.000515255 0.0178888 -0.0841889 0.321339 1.42658 117.896 
0.914682 0.447046 102074 1 1.59635 0.809615 403 1 1577 -0.000843483 0.00928497 -0.0735929 0.251681 1.34651 118.014 
0.886052 0.539546 102155 1 1.59635 0.809615 404 1 1579 0.00135962 0.00439134 -0.0683181 0.197312 1.31176 118.181 
0.873689 0.559289 102194 1 1.59635 0.809615 405 1 1580 0.00232943 0.00151526 -0.0671191 0.1752 1.30589 118.168 
0.858618 0.637372 102275 1 1.59635 0.809615 406 1 1582 0.00300052 -0.00361007 -0.068076 0.169079 1.28729 117.989 
1.14441 0.309198 102355 1 1.59635 0.809615 407 1 1584 0.00351284 -0.00350355 -0.0816581 0.197924 1.41381 117.72 
1.12667 0.320822 102394 1 1.59635 0.809615 408 1 1585 0.00629234 -0.0097037 -0.0843921 0.0961942 1.44312 117.322 
1.28813 0.892357 102475 1 1.59635 0.809615 409 0 1587 0.00612027 0.00629334 -0.0625413 0.217207 1.16123 116.336 
1.38524 0.788241 102556 1 1.59635 0.809615 410 0 1589 0.00504735 0.0124334 -0.0632573 0.21203 1.21397 116.986 
1.46448 0.629398 102595 1 1.59635 0.809615 411 0 1590 0.00354381 0.0119689 -0.0660151 0.159678 1.25639 117.126 
1.50799 0.60219 102676 1 1.59635 0.809615 412 0 1592 0.000938917 0.0184292 -0.0675869 0.136055 1.25807 117.297 
1.49584 0.489907 102757 1 1.59635 0.809615 413 0 1594 -0.00111365 0.0182296 -0.0759221 0.0989053 1.34676 117.412 
1.38581 0.398057 102836 1 1.59635 0.809615 414 0 1596 -0.00101102 0.0150806 -0.0743083 0.0453932 1.33389 117.576 
1.38322 0.390289 102876 1 1.59635 0.809615 415 0 1597 -0.00246236 0.0154817 -0.0735806 0.0412792 1.33612 117.639 
1.38322 0.390289 102876 1 1.59635 0.809615 416 0 1597 -0.00246236 0.0154817 -0.0735806 0.0412792 1.33612 117.639 
1.46273 0.30356 103036 1 1.59635 0.809615 417 0 1601 -0.00656711 0.0291004 -0.0836775 0.157836 1.36498 117.743 
1.4952 0.321403 103077 1 1.59635 0.809615 418 0 1602 -0.00508406 0.0326763 -0.0814191 0.18337 1.30911 117.815 
1.51893 0.245655 103156 1 1.59635 0.809615 419 0 1604 -0.00598472 0.0315551 -0.0909271 0.190725 1.38095 117.837 
1.42023 0.217428 103196 1 1.59635 0.809615 420 0 1605 -0.006217 0.0252472 -0.0922792 0.136793 1.4021 117.888 
1.42023 0.217428 103196 1 1.59635 0.809615 421 0 1605 -0.006217 0.0252472 -0.0922792 0.136793 1.4021 117.888 
1.57263 0.36897 103357 1 1.59635 0.809615 422 0 1609 0.00093223 0.0347194 -0.0906619 0.346713 1.40514 118.287 
1.47456 0.228516 103437 1 1.59635 0.809615 423 0 1611 0.00178581 0.0252302 -0.0968907 0.304273 1.5346 118.174 
1.41994 0.102835 103477 1 1.59635 0.809615 424 0 1612 0.0027301 0.0204534 -0.105923 0.261199 1.6863 118.082 
1.39191 0.14759 103517 1 1.59635 0.809615 425 0 1613 0.00452189 0.0157584 -0.105734 0.223747 1.73963 118.133 
1.39191 0.14759 103517 1 1.59635 0.809615 426 0 1613 0.00452189 0.0157584 -0.105734 0.223747 1.73963 118.133 
0.702909 0.118467 103678 1 1.59635 0.809615 427 1 1617 -0.0024728 0.00318879 -0.108238 0.213731 1.93323 118.094 
0.752471 0.203981 103758 1 1.59635 0.809615 428 1 1619 -0.00247109 0.0115014 -0.10131 0.380391 1.84645 118.311 
0.842527 0.158909 103838 1 1.59635 0.809615 429 1 1621 -0.000699973 0.0207182 -0.10962 0.540174 1.91222 118.204 
0.842527 0.158909 103838 1 1.59635 0.809615 430 1 1621 -0.000699973 0.0207182 -0.10962 0.540174 1.91222 118.204 
0.842527 0.158909 103838 1 1.59635 0.809615 431 1 1621 -0.000699973 0.0207182 -0.10962 0.540174 1.91222 118.204 
0.87518 0.0269442 104038 1 1.59635 0.809615 432 1 1626 0.000322204 0.0250481 -0.127831 0.622036 1.93057 118.007 
0.834607 -0.049017 104078 1 1.59635 0.809615 433 1 1627 0.000563979 0.0216472 -0.134168 0.570484 1.97677 117.94 
0.793212 -0.0320897 104158 1 1.59635 0.809615 434 1 1629 0.001235 0.0205911 -0.134797 0.537503 1.95819 118.172 
0.451478 0.0641271 104238 1 1.59635 0.809615 435 1 1631 0.000465344 0.0310521 -0.134609 0.640815 1.95715 118.311 
0.484865 0.0830703 104278 1 1.59635 0.809615 436 1 1632 -0.000439842 0.032289 -0.131788 0.6588 1.92806 118.26 
0.484316 0.0638242 104358 1 1.59635 0.809615 437 1 1634 -0.00119413 0.0334472 -0.133364 0.653054 1.95284 118.272 
0.487014 0.0460902 104398 1 1.59635 0.809615 438 1 1635 -0.000649249 0.0374941 -0.134579 0.695018 1.97577 118.265 
0.426888 0.035354 104479 1 1.59635 0.809615 439 1 1637 -0.00174543 0.0319945 -0.134086 0.638962 1.98175 118.316 
0.455691 0.0162133 104559 1 1.59635 0.809615 440 1 1639 -0.000823082 0.0375202 -0.135794 0.706082 2.01561 118.322 
0.457802 0.00215706 104600 1 1.59635 0.809615 441 1 1640 -0.00121946 0.0374002 -0.135529 0.708173 2.01893 118.363 
0.515454 0.0565589 104679 1 1.59635 0.809615 442 1 1642 -0.0017774 0.0371232 -0.134704 0.734444 2.03275 118.325 
0.75565 0.0638839 104759 1 1.59635 0.809615 443 1 1644 -0.00143656 0.0363017 -0.134803 0.731997 2.05996 118.641 
0.765266 0.092738 104800 1 1.59635 0.809615 444 1 1645 -0.00242493 0.0371413 -0.134397 0.754478 2.06796 118.652 
0.759232 0.126111 104880 1 1.59635 0.809615 445 1 1647 -0.00291358 0.0351449 -0.130726 0.739986 2.03258 118.816 
0.725867 0.137767 104960 1 1.59635 0.809615 446 1 1649 -0.00406722 0.031991 -0.129634 0.698231 2.01891 118.857 
0.737885 0.139253 104999 1 1.59635 0.809615 447 1 1650 -0.00356552 0.0345298 -0.130678 0.723823 2.03226 118.841 
0.759385 0.122566 105080 1 1.59635 0.809615 448 1 1652 -0.00291226 0.0399948 -0.12981 0.774312 2.03523 118.989 
0.846098 0.150863 105161 1 1.59635 0.809615 449 1 1654 -0.00280457 0.0398146 -0.130479 0.75465 2.05434 119.133 
0.847156 0.144676 105200 1 1.59635 0.809615 450 1 1655 -0.00284897 0.0398793 -0.130396 0.753852 2.05532 119.136 
0.914931 0.0641088 105281 1 1.59635 0.809615 451 1 1657 -0.00218845 0.0450055 -0.134605 0.791114 2.11823 119.158 
1.11429 -0.107494 105361 1 1.59635 0.809615 452 1 1659 -0.00227657 0.0468352 -0.133939 0.793744 2.12821 119.054 
1.15434 -0.256106 105400 1 1.59635 0.809615 453 0 1660 -0.0026621 0.0429098 -0.137402 0.73893 2.17854 118.79 
1.1939 -0.230942 105481 1 1.59635 0.809615 454 0 1662 -0.00412929 0.0484812 -0.130374 0.794254 2.12996 118.775 
1.1892 -0.273404 105561 1 1.59635 0.809615 455 0 1664 -0.00421136 0.0487414 -0.132725 0.801211 2.18798 118.827 
1.16808 -0.271066 105601 1 1.59635 0.809615 456 0 1665 -0.00412067 0.0462628 -0.133291 0.772299 2.20036 118.826 
1.14672 -0.265419 105682 1 1.59635 0.809615 457 0 1667 -0.00508533 0.044021 -0.132607 0.763781 2.19105 118.941 
0.751171 -0.242027 105761 1 1.59635 0.809615 458 0 1669 -0.00232698 0.04883 -0.130352 0.833347 2.15233 119.27 
0.751171 -0.242027 105761 1 1.59635 0.809615 459 0 1669 -0.00232698 0.04883 -0.130352 0.833347 2.15233 119.27 
0.751171 -0.242027 105761 1 1.59635 0.809615 460 0 1669 -0.00232698 0.04883 -0.130352 0.833347 2.15233 119.27 
0.680381 -0.278205 105963 1 1.59635 0.809615 461 0 1674 -0.00200602 0.04231 -0.127967 0.800036 2.16004 119.246 
0.577612 -0.240544 106002 1 1.59635 0.809615 462 0 1675 -0.00271649 0.041403 -0.129018 0.8001 2.17629 119.233 
0.572404 -0.215356 106082 1 1.59635 0.809615 463 0 1677 -0.00198668 0.0439826 -0.127104 0.836307 2.16574 119.359 
0.572404 -0.215356 106082 1 1.59635 0.809615 464 0 1677 -0.00198668 0.0439826 -0.127104 0.836307 2.16574 119.359 
0.645227 -0.240293 106202 1 1.59635 0.809615 465 0 1680 -0.000815016 0.0447656 -0.128346 0.85715 2.1939 119.336 
0.691196 -0.288333 106282 1 1.59635 0.809615 466 0 1682 -0.000270205 0.0427987 -0.128275 0.845373 2.19506 119.4 
0.718478 -0.296387 106363 1 1.59635 0.809615 467 0 1684 -0.000407728 0.0448344 -0.130142 0.885638 2.21345 119.337 
0.731314 -0.305417 106403 1 1.59635 0.809615 468 0 1685 -0.000446681 0.0441336 -0.131108 0.891944 2.22097 119.328 
0.731314 -0.305417 106403 1 1.59635 0.809615 469 0 1685 -0.000446681 0.0441336 -0.131108 0.891944 2.22097 119.328 
0.437278 -0.217786 106562 1 1.59635 0.809615 470 0 1689 0.000344259 0.0418712 -0.1316 0.896015 2.2229 119.314 
0.424492 -0.223661 106603 1 1.59635 0.809615 471 0 1690 -0.000422309 0.0391084 -0.131613 0.880001 2.23078 119.313 
0.408155 -0.236423 106683 1 1.59635 0.809615 472 0 1692 0.000902527 0.0413141 -0.134324 0.932629 2.28366 119.237 
0.255942 -0.199733 106723 1 1.59635 0.809615 473 1 1693 0.000995239 0.0404628 -0.130548 0.934706 2.25379 119.297 
0.255942 -0.199733 106723 1 1.59635 0.809615 474 1 1693 0.000995239 0.0404628 -0.130548 0.934706 2.25379 119.297 
0.131687 -0.195216 106883 1 1.59635 0.809615 475 1 1697 0.00220714 0.0401134 -0.126876 0.976188 2.24862 119.353 
0.0393155 -0.220956 106964 1 1.59635 0.809615 476 0 1699 0.0022429 0.037 -0.125111 0.964154 2.23427 119.285 
0.0705636 -0.235149 107004 1 1.59635 0.809615 477 0 1700 0.00185198 0.0398417 -0.126518 1.00489 2.24754 119.283 
0.0436446 -0.20026 107084 1 1.59635 0.809615 478 0 1702 0.00243731 0.037374 -0.123751 0.995457 2.21408 119.314 
0.0064068 -0.219423 107165 1 1.59635 0.809615 479 0 1704 0.00304114 0.0303646 -0.125686 0.925898 2.23495 119.307 
0.0139979 -0.230244 107204 1 1.59635 0.809615 480 0 1705 0.00333213 0.0320953 -0.126332 0.95018 2.24332 119.37 
0.0190985 -0.240513 107284 1 1.59635 0.809615 481 0 1707 0.00241881 0.0315777 -0.12691 0.951694 2.24931 119.314 
0.0190985 -0.240513 107284 1 1.59635 0.809615 482 0 1707 0.00241881 0.0315777 -0.12691 0.951694 2.24931 119.314 
0.0121845 -0.247579 107324 1 1.59635 0.809615 483 0 1708 0.00299132 0.0304582 -0.126154 0.936177 2.23894 119.349 
0.00154185 -0.271275 107485 1 1.59635 0.809615 484 0 1712 0.00278446 0.0291524 -0.128867 0.923226 2.27306 119.313 
0.0313017 -0.273133 107565 1 1.59635 0.809615 485 0 1714 0.00321835 0.0333673 -0.129917 0.97955 2.28568 119.317 
0.0249845 -0.306014 107604 1 1.59635 0.809615 486 0 1715 0.00320218 0.0331249 -0.129684 0.978016 2.28497 119.316 
0.0249845 -0.306014 107604 1 1.59635 0.809615 487 0 1715 0.00320218 0.0331249 -0.129684 0.978016 2.28497 119.316 
0.107689 -0.340334 107765 1 1.59635 0.809615 488 0 1719 0.00498495 0.0320018 -0.131127 0.996858 2.29444 119.226 
0.12682 -0.316219 107805 1 1.59635 0.809615 489 0 1720 0.00597761 0.0341672 -0.127582 1.02709 2.2539 119.315 
0.088108 -0.305653 107885 1 1.59635 0.809615 490 0 1722 0.00598624 0.0291587 -0.12635 0.986428 2.23949 119.319 
0.0414115 -0.387561 107926 1 1.59635 0.809615 491 0 1723 0.00629697 0.0275792 -0.127852 0.974437 2.25922 119.273 
0.0414115 -0.387561 107926 1 1.59635 0.809615 492 0 1723 0.00629697 0.0275792 -0.127852 0.974437 2.25922 119.273 
0.0896287 -0.396133 108085 1 1.59635 0.809615 493 0 1727 0.00715295 0.0354621 -0.127957 1.08241 2.27632 119.271 
0.0662779 -0.371267 108166 1 1.59635 0.809615 494 0 1729 0.00644139 0.0320683 -0.128008 1.05356 2.27711 119.203 
0.069443 -0.382848 108208 1 1.59635 0.809615 495 0 1730 0.00604673 0.0322979 -0.130061 1.06337 2.30212 119.139 
0.0735515 -0.400084 108246 1 1.59635 0.809615 496 0 1731 0.00668237 0.0320361 -0.130678 1.05795 2.31469 119.152 
0.0735515 -0.400084 108246 1 1.59635 0.809615 497 0 1731 0.00668237 0.0320361 -0.130678 1.05795 2.31469 119.152 
0.327335 -0.267567 108406 1 1.59635 0.809615 498 0 1735 0.00679822 0.0356852 -0.128858 1.10624 2.29078 119.211 
0.307991 -0.243257 108486 1 1.59635 0.809615 499 0 1737 0.00680942 0.0319561 -0.128644 1.05901 2.28309 119.218 
0.309267 -0.243303 108567 1 1.59635 0.809615 500 0 1739 0.00703108 0.0339002 -0.12955 1.07849 2.2954 119.166 
0.309267 -0.243303 108567 1 1.59635 0.809615 501 0 1739 0.00703108 0.0339002 -0.12955 1.07849 2.2954 119.166 
0.309267 -0.243303 108567 1 1.59635 0.809615 502 0 1739 0.00703108 0.0339002 -0.12955 1.07849 2.2954 119.166 
0.250636 -0.190619 108767 1 1.59635 0.809615 503 1 1744 0.00848294 0.0296816 -0.132827 1.02731 2.37683 119.049 
0.276797 -0.177076 108807 1 1.59635 0.809615 504 1 1745 0.0083385 0.0341205 -0.131483 1.07469 2.3672 119.076 
0.199637 -0.129822 108887 1 1.59635 0.809615 505 1 1747 0.0085394 0.0364262 -0.128208 1.0892 2.33832 119.271 
0.199637 -0.129822 108887 1 1.59635 0.809615 506 1 1747 0.0085394 0.0364262 -0.128208 1.0892 2.33832 119.271 
0.199637 -0.129822 108887 1 1.59635 0.809615 507 1 1747 0.0085394 0.0364262 -0.128208 1.0892 2.33832 119.271 
0.122662 -0.117791 109088 1 1.59635 0.809615 508 1 1752 0.00960535 0.0327511 -0.125247 1.01269 2.33906 119.503 
0.122255 -0.121615 109127 1 1.59635 0.809615 509 1 1753 0.00959798 0.0327471 -0.125243 1.01274 2.3391 119.503 
0.0771045 -0.0272671 109208 1 1.59635 0.809615 510 1 1755 0.00776322 0.0311255 -0.126245 1.00449 2.36457 119.478 
0.0727722 -0.0126774 109288 1 1.59635 0.809615 511 1 1757 0.00784446 0.0315975 -0.124073 1.02133 2.34926 119.525 
0.346159 -0.0135397 109368 1 1.59635 0.809615 512 1 1759 0.00875267 0.031619 -0.123919 1.04287 2.34819 119.561 
0.366405 -0.0341886 109408 1 1.59635 0.809615 513 1 1760 0.00938275 0.0296524 -0.124064 1.02158 2.34915 119.57 
0.385337 -0.0171013 109488 1 1.59635 0.809615 514 1 1762 0.00928005 0.030392 -0.121813 1.0341 2.3208 119.634 
0.353492 -0.0230571 109568 1 1.59635 0.809615 515 1 1764 0.0089812 0.0255493 -0.122613 0.978605 2.33122 119.629 
0.386583 -0.0178275 109608 1 1.59635 0.809615 516 1 1765 0.00864258 0.0309737 -0.123936 1.04542 2.34949 119.644 
0.407868 -0.00392391 109689 1 1.59635 0.809615 517 1 1767 0.00902531 0.0328589 -0.122309 1.05921 2.34715 119.685 
0.39366 0.0376835 109769 1 1.59635 0.809615 518 1 1769 0.00890581 0.0300333 -0.120842 1.03384 2.33968 119.76 
0.309277 0.104603 109810 1 1.59635 0.809615 519 1 1770 0.00933226 0.0328528 -0.121862 1.06892 2.35142 119.709 
0.233839 0.158978 109889 1 1.59635 0.809615 520 1 1772 0.00911235 0.0308269 -0.12197 1.04736 2.34633 119.691 
0.227552 0.134956 109969 1 1.59635 0.809615 521 1 1774 0.00876115 0.0315572 -0.124201 1.05252 2.36837 119.625 
0.245027 0.144565 110009 1 1.59635 0.809615 522 1 1775 0.00876602 0.0326538 -0.123929 1.06532 2.36624 119.684 
0.230427 0.138472 110089 1 1.59635 0.809615 523 1 1777 0.00784065 0.0319451 -0.125719 1.0388 2.37812 119.679 
0.696737 0.0663975 110170 1 1.59635 0.809615 524 1 1779 0.00803194 0.037963 -0.126426 1.08517 2.37116 119.704 
0.790861 -0.00397469 110210 1 1.59635 0.809615 525 1 1780 0.00788292 0.041263 -0.128044 1.1241 2.38455 119.737 
0.727923 -0.0801553 110290 1 1.59635 0.809615 526 1 1782 0.00807869 0.0324059 -0.132746 1.02842 2.44362 119.626 
0.705457 -0.0647512 110330 1 1.59635 0.809615 527 1 1783 0.00853861 0.0290914 -0.129372 0.998059 2.41163 119.739 
0.732919 -0.0671321 110410 1 1.59635 0.809615 528 1 1785 0.00927311 0.033256 -0.129538 1.06293 2.41833 119.69 
0.712607 -0.0833413 110492 1 1.59635 0.809615 529 1 1787 0.00934518 0.030856 -0.131334 1.0558 2.43008 119.647 
0.762286 -0.0997332 110531 1 1.59635 0.809615 530 1 1788 0.00924295 0.0278474 -0.129453 1.03344 2.41015 119.64 
1.29693 -0.686783 110610 1 1.59635 0.809615 531 0 1790 0.0117829 0.023299 -0.132391 0.987744 2.4591 119.338 
1.29471 -0.964819 110690 1 1.59635 0.809615 532 0 1792 0.0109018 0.0213428 -0.152768 0.952865 2.70878 117.877 
1.27996 -0.920533 110730 1 1.59635 0.809615 533 0 1793 0.0105563 0.01829 -0.151848 0.903659 2.69097 117.579 
1.33459 -0.968979 110811 1 1.59635 0.809615 534 0 1795 0.0110643 0.0239754 -0.156957 0.934105 2.71414 117.837 
1.46524 -1.02186 110891 1 1.59635 0.809615 535 0 1797 0.010228 0.0270734 -0.158363 0.955224 2.68073 117.87 
1.4546 -0.928523 110931 1 1.59635 0.809615 536 0 1798 0.00885824 0.026585 -0.147694 0.957136 2.53402 117.792 
1.4546 -0.928523 110931 1 1.59635 0.809615 537 0 1798 0.00885824 0.026585 -0.147694 0.957136 2.53402 117.792 
1.4599 -0.795151 110971 1 1.59635 0.809615 538 0 1799 0.00689842 0.0287387 -0.138583 0.986021 2.37678 117.717 
1.46874 -0.591799 111131 1 1.59635 0.809615 539 0 1803 0.00684928 0.0365494 -0.120705 1.02173 2.18659 117.987 
0.891267 -0.158095 111212 1 1.59635 0.809615 540 1 1805 0.00674211 0.0306128 -0.13383 0.945537 2.3375 118.216 
0.82271 -0.539169 111252 1 1.59635 0.809615 541 0 1806 0.00679942 0.0326118 -0.141567 0.981002 2.41691 118.262 
0.82271 -0.539169 111252 1 1.59635 0.809615 542 0 1806 0.00679942 0.0326118 -0.141567 0.981002 2.41691 118.262 
0.853553 -0.675193 111412 1 1.59635 0.810577 543 0 1810 0.00610356 0.0389348 -0.144366 1.10816 2.38538 119.111 
0.848364 -0.705585 111492 1 1.59635 0.820192 544 0 1812 0.00924169 0.0374219 -0.152496 1.11177 2.38272 119.021 
0.867532 -0.741734 111532 1 1.61354 0.846154 545 0 1813 0.00947377 0.0385654 -0.15493 1.15085 2.35848 119.002 
0.849797 -0.855969 111613 1 1.64531 0.868269 546 0 1815 0.00929588 0.0339321 -0.161957 1.08974 2.43922 118.756 
0.849797 -0.855969 111613 1 1.64896 0.867308 547 0 1815 0.00929588 0.0339321 -0.161957 1.08974 2.43922 118.756 
0.855527 -0.843906 111653 1 1.6474 0.856731 548 0 1816 0.00917932 0.0356778 -0.161432 1.08581 2.45778 118.787 
0.759426 -0.581209 111812 1 1.63177 0.848077 549 0 1820 0.00366415 0.0360559 -0.154307 1.03637 2.47949 119.04 
0.782401 -0.505889 111853 1 1.60312 0.836538 550 0 1821 0.00336976 0.0385749 -0.148486 1.08736 2.43501 119.239 
0.772804 -0.506258 111933 1 1.57187 0.826923 551 0 1823 0.00277785 0.0373691 -0.148768 1.14688 2.50357 119.363 
0.772804 -0.506258 111933 1 1.5474 0.826923 552 0 1823 0.00277785 0.0373691 -0.148768 1.14688 2.50357 119.363 
0.798516 -0.499008 112093 1 1.5526 0.823077 553 0 1827 0.00932265 0.029356 -0.148755 1.16821 2.6132 119.55 
0.856386 -0.406764 112173 1 1.5599 0.822115 554 0 1829 0.00703519 0.0333479 -0.143687 1.19118 2.5543 119.598 
0.833397 -0.384116 112213 1 1.5599 0.822115 555 0 1830 0.00645157 0.0335355 -0.144478 1.17409 2.55279 119.603 
0.819008 -0.396165 112254 1 1.5599 0.822115 556 0 1831 0.005796 0.0315132 -0.145361 1.14626 2.561 119.646 
0.819008 -0.396165 112254 1 1.5625 0.824038 557 0 1831 0.005796 0.0315132 -0.145361 1.14626 2.561 119.646 
0.877571 -0.503062 112455 1 1.50208 0.811538 558 0 1836 0.00104545 0.038005 -0.143045 1.12291 2.59132 119.717 
0.922419 -0.448071 112535 1 1.34219 0.803846 559 0 1838 0.000542507 0.0414528 -0.137161 1.1342 2.50381 119.802 
0.890408 -0.46307 112574 1 1.31354 0.803846 560 0 1839 -0.000527682 0.0372351 -0.137117 1.08649 2.50255 119.73 
0.890408 -0.46307 112574 1 1.31354 0.803846 561 0 1839 -0.000527682 0.0372351 -0.137117 1.08649 2.50255 119.73 
0.87489 -0.416468 112734 1 1.31354 0.803846 562 0 1843 -0.000607846 0.038571 -0.129886 1.07889 2.50732 119.729 
0.820817 -0.430484 112815 1 1.31354 0.803846 563 0 1845 -0.00165193 0.0344827 -0.12546 1.02217 2.45387 119.67 
0.619542 -0.853565 112895 1 1.30625 0.800962 564 0 1847 -0.00184728 0.0306612 -0.13261 0.959238 2.53727 119.266 
0.619542 -0.853565 112895 1 1.28594 0.779808 565 0 1847 -0.00184728 0.0306612 -0.13261 0.959238 2.53727 119.266 
0.626128 -0.888702 112935 1 1.24844 0.755769 566 0 1848 -0.000578966 0.0277353 -0.134384 0.891357 2.58941 119.209 
0.460728 -0.706975 113095 1 1.22135 0.736538 567 0 1852 -0.0029881 0.0266364 -0.129897 0.826498 2.50234 119.305 
0.459433 -0.727614 113176 1 1.22083 0.736538 568 0 1854 -0.00232313 0.0284809 -0.135299 0.86894 2.54945 119.101 
0.438736 -0.79261 113215 1 1.22083 0.736538 569 0 1855 -0.00232717 0.0256351 -0.139395 0.834672 2.62565 119.069 
0.438736 -0.79261 113215 1 1.22083 0.736538 570 0 1855 -0.00232717 0.0256351 -0.139395 0.834672 2.62565 119.069 
0.546181 -0.748514 113375 1 1.01354 0.629808 571 0 1859 -0.00310427 0.0343565 -0.132805 0.881024 2.61859 119.632 
0.54402 -0.65156 113456 1 0.802083 0.594231 572 0 1861 -0.00359487 0.0360749 -0.127183 0.906286 2.53703 119.758 
0.526409 -0.612396 113536 1 0.804688 0.625 573 0 1863 -0.00307262 0.0336212 -0.126338 0.884652 2.54572 119.846 
0.526409 -0.612396 113536 1 0.804688 0.625 574 0 1863 -0.00307262 0.0336212 -0.126338 0.884652 2.54572 119.846 
0.526409 -0.612396 113536 1 0.804688 0.625 575 0 1863 -0.00307262 0.0336212 -0.126338 0.884652 2.54572 119.846 
0.340222 -0.246326 113736 1 0.804167 0.627885 576 0 1868 -0.00424737 0.0317897 -0.123832 0.850692 2.53112 119.981 
0.353372 -0.235487 113776 1 0.623437 0.490385 577 0 1869 -0.00458946 0.0333423 -0.124501 0.860183 2.51938 119.963 
0.388425 -0.0719655 113857 1 0.319271 0.297115 578 1 1871 -0.00417059 0.0369921 -0.113987 0.891637 2.36056 120.491 
0.388425 -0.0719655 113857 1 0.239583 0.280769 579 1 1871 -0.00417059 0.0369921 -0.113987 0.891637 2.36056 120.491 
0.418631 -0.0294124 113897 1 0.241146 0.290385 580 1 1872 -0.00526342 0.0418734 -0.110334 0.95452 2.31538 120.718 
0.302723 -0.321881 114057 1 0.241146 0.290385 581 0 1876 -0.00379255 0.040529 -0.108736 0.946849 2.3408 121.02 
0.282353 -0.366297 114097 1 0.238021 0.321154 582 0 1877 -0.00471879 0.0374209 -0.108611 0.918255 2.31444 120.849 
0.281491 -0.294784 114177 1 0.235937 0.352885 583 0 1879 -0.00375739 0.0389005 -0.102544 0.942425 2.1992 120.922 
0.242643 -0.234629 114257 1 0.234896 0.358654 584 0 1881 -0.00299447 0.0360602 -0.101168 0.94887 2.11117 120.706 
0.208645 -0.380895 114338 1 0.234896 0.358654 585 0 1883 -0.001114 0.0323601 -0.115452 0.941169 2.21137 120.009 
0.210127 -0.393642 114378 1 0.233333 0.366346 586 0 1884 0.000903685 0.0316449 -0.115366 0.93637 2.20868 119.903 
0.210874 -0.42636 114457 1 0.233333 0.385577 587 0 1886 0.00250252 0.0345806 -0.115026 0.954864 2.23257 119.953 
0.210874 -0.42636 114457 1 0.233333 0.385577 588 0 1886 0.00250252 0.0345806 -0.115026 0.954864 2.23257 119.953 
0.24696 -0.437801 114498 1 0.233333 0.385577 589 0 1887 0.00194766 0.0410586 -0.113937 1.02111 2.2476 120.029 
0.0929647 -0.377817 114658 1 0.233333 0.385577 590 0 1891 -0.00126093 0.0387737 -0.108779 0.984375 2.31186 120.248 
