ImageFile:
0.833913 0.552279 66188 1 0.184896 0.257692 1 1 646 0.00402499 0.0336889 -0.00872994 1.76684 4.11032 135.676 
0.8307 0.534335 66228 1 0.169792 0.344231 2 1 647 0.00383829 0.0321009 -0.0101969 1.75096 4.12682 135.64 
0.831926 0.521985 66307 1 0.119271 0.595192 3 1 649 0.00364804 0.0313044 -0.0095065 1.74318 4.12457 135.834 
0.839232 0.576015 66388 1 0.0984375 0.776923 4 1 651 0.00330409 0.0328025 -0.00838139 1.7572 4.09593 135.709 
0.838926 0.581186 66429 1 0.101042 0.776923 5 1 652 0.00323469 0.0328074 -0.00841172 1.75713 4.09557 135.716 
0.244481 0.573886 66508 1 0.101042 0.776923 6 1 654 0.00355767 0.0330694 -0.00779107 1.76171 4.08457 135.704 
0.267826 0.596742 66589 1 0.101042 0.776923 7 1 656 0.00421231 0.0357579 -0.00661317 1.79811 4.06489 135.708 
0.258471 0.568907 66628 1 0.0989583 0.779808 8 1 657 0.00452296 0.0328778 -0.00964264 1.76977 4.09969 135.701 
0.280811 0.590284 66708 1 0.0895833 0.819231 9 1 659 0.00560562 0.0351024 -0.00754877 1.81167 4.07444 135.711 
0.239772 0.60237 66789 1 0.0828125 0.990385 10 1 661 0.0065376 0.0343361 -0.00757987 1.80985 4.07037 135.679 
0.256446 0.611775 66869 1 0.0848958 1.0375 11 1 663 0.00629467 0.0344666 -0.00979578 1.81924 4.08995 135.697 
0.253348 0.613693 66910 1 0.075 1.0375 12 1 664 0.0058633 0.0345478 -0.0097027 1.81796 4.09041 135.656 
0.258713 0.605094 66988 1 0.075 1.03654 13 1 666 0.00501355 0.0367796 -0.00914704 1.83448 4.09054 135.691 
0.240913 0.61154 67069 1 0.075 0.997115 14 1 668 0.0040321 0.0374285 -0.00798161 1.83122 4.07049 135.657 
0.242218 0.614182 67109 1 0.0744792 0.986538 15 1 669 0.00410398 0.037435 -0.0079982 1.83111 4.07032 135.658 
0.243448 0.615696 67189 1 0.0828125 0.977885 16 1 671 0.00405565 0.0374289 -0.00799574 1.83111 4.0704 135.661 
0.260732 0.629197 67270 1 0.0885417 0.976923 17 1 673 0.00489548 0.0381592 -0.00794939 1.8401 4.06635 135.616 
0.252099 0.584391 67350 1 0.0776042 0.979808 18 1 675 0.00461241 0.0338617 -0.00990577 1.80819 4.09805 135.654 
0.239289 0.601025 67389 1 0.0697917 0.985577 19 1 676 0.00541775 0.0315951 -0.00960185 1.78164 4.09374 135.541 
0.243223 0.584685 67470 1 0.0697917 0.985577 20 1 678 0.00452835 0.0315928 -0.00973413 1.78087 4.0974 135.578 
0.240703 0.603036 67550 1 0.0692708 0.982692 21 1 680 0.00422945 0.0317399 -0.00978218 1.77909 4.09621 135.59 
0.240035 0.602745 67590 1 0.0692708 0.979808 22 1 681 0.0043268 0.031773 -0.00977472 1.77866 4.09628 135.589 
0.243911 0.609696 67671 1 0.0692708 0.979808 23 1 683 0.00438121 0.0338327 -0.00739694 1.7941 4.07027 135.633 
0.233711 0.662664 67750 1 0.0692708 0.978846 24 1 685 0.00353126 0.035634 -0.00682316 1.81094 4.05705 135.625 
0.220983 0.632349 67790 1 0.0692708 0.978846 25 1 686 0.00338227 0.0354665 -0.00863108 1.80741 4.0768 135.567 
0.215787 0.603422 67870 1 0.0692708 0.978846 26 1 688 0.00400813 0.0337513 -0.00888019 1.78448 4.08089 135.616 
0.232837 0.621423 67911 1 0.0692708 0.978846 27 1 689 0.00378615 0.0350171 -0.00979881 1.79827 4.09045 135.579 
0.222864 0.613727 67991 1 0.0692708 0.978846 28 1 691 0.00308221 0.0351593 -0.00969324 1.79659 4.09108 135.605 
0.236507 0.595701 68071 1 0.0692708 0.978846 29 1 693 0.00431476 0.0350925 -0.0103673 1.79942 4.1021 135.622 
0.211383 0.609214 68111 1 0.0692708 0.978846 30 1 694 0.00442286 0.0314054 -0.010812 1.75855 4.10436 135.521 
0.183758 0.631391 68191 1 0.0692708 0.978846 31 1 696 0.00467117 0.0286432 -0.00903404 1.72419 4.07758 135.396 
0.188565 0.595354 68272 1 0.0692708 0.978846 32 1 698 0.004611 0.0291786 -0.0126562 1.73231 4.12171 135.368 
0.0601416 1.34596 68311 1 0.0692708 0.978846 33 0 699 0.00458364 0.0291809 -0.012657 1.7323 4.1217 135.369 
-3.00913 5.84113 68392 1 0.0692708 0.978846 34 0 701 0.00245775 0.0330591 -0.0144925 1.7707 4.15935 135.563 
0.0106465 1.33894 68472 1 0.0692708 0.978846 35 0 703 0.00429046 0.0320676 -0.00722767 1.75021 4.05896 135.504 
-0.0969719 1.40027 68553 1 0.0692708 0.978846 36 0 705 0.00293285 0.032413 -0.00917933 1.75997 4.08403 135.549 
-0.0969719 1.40027 68553 1 0.0692708 0.978846 37 0 705 0.00293285 0.032413 -0.00917933 1.75997 4.08403 135.549 
-0.0991677 1.38909 68593 1 0.0692708 0.978846 38 0 706 0.00203144 0.0328779 -0.0118718 1.76493 4.11784 135.583 
-0.130376 1.36014 68793 1 0.146875 0.942308 39 0 711 0.0025333 0.0306173 -0.0109786 1.74859 4.12414 135.648 
-0.13611 1.34485 68833 1 0.589063 0.848077 40 0 712 0.00212256 0.03065 -0.0109677 1.74843 4.12412 135.653 
-0.189564 0.45459 68912 1 0.779167 0.769231 41 1 714 0.00385393 0.0321844 -0.0103089 1.76555 4.10835 135.635 
-0.190215 0.404379 68993 1 0.779167 0.769231 42 1 716 0.00347415 0.0320391 -0.0104709 1.76757 4.10659 135.645 
-0.190048 0.404305 69033 1 0.779167 0.769231 43 1 717 0.00347741 0.0320391 -0.010474 1.76758 4.10655 135.645 
-0.196557 0.394004 69114 1 0.767188 0.770192 44 1 719 0.00332209 0.0321023 -0.0105138 1.76689 4.1061 135.646 
-0.196557 0.394004 69153 1 0.784896 0.734615 45 1 720 0.00332209 0.0321023 -0.0105138 1.76689 4.1061 135.646 
-0.196557 0.394004 69233 1 1.09115 0.621154 46 1 722 0.00332209 0.0321023 -0.0105138 1.76689 4.1061 135.646 
-0.196557 0.394004 69313 1 1.46927 0.536538 47 1 724 0.00332209 0.0321023 -0.0105138 1.76689 4.1061 135.646 
-0.196557 0.394004 69353 1 1.65156 0.522115 48 1 725 0.00332209 0.0321023 -0.0105138 1.76689 4.1061 135.646 
-0.201138 0.386542 69434 1 1.675 0.515385 49 0 727 0.00343 0.0321302 -0.0105451 1.76656 4.10568 135.655 
-0.229418 0.335062 69514 1 1.675 0.515385 50 0 729 0.0034484 0.0320348 -0.0105748 1.76777 4.10531 135.619 
-0.230129 0.31741 69594 1 1.675 0.515385 51 0 731 0.00384553 0.0317369 -0.0106319 1.77097 4.10462 135.615 
-0.250546 0.332269 69634 1 1.675 0.515385 52 0 732 0.00488898 0.0313503 -0.0101962 1.77503 4.09287 135.513 
-0.270493 0.313577 69714 1 1.675 0.515385 53 0 734 0.00657239 0.0274634 -0.0111345 1.7366 4.1088 135.476 
-0.285291 0.376733 69794 1 1.675 0.515385 54 0 736 0.0064605 0.0268297 -0.00759494 1.72248 4.06635 135.437 
-0.264211 0.316293 69835 1 1.675 0.515385 55 0 737 0.00528869 0.0309112 -0.0103764 1.76687 4.10549 135.612 
-0.264211 0.316293 69835 1 1.675 0.515385 56 0 737 0.00528869 0.0309112 -0.0103764 1.76687 4.10549 135.612 
-0.282721 0.350936 69876 1 1.675 0.515385 57 0 738 0.00641948 0.0292214 -0.00882671 1.74399 4.08121 135.497 
-0.285901 0.356377 70034 1 1.675 0.515385 58 0 742 0.00488794 0.0293933 -0.00919161 1.74281 4.07714 135.577 
-0.286725 0.359162 70115 1 1.675 0.515385 59 0 744 0.00478661 0.0294291 -0.00930003 1.7425 4.07594 135.594 
-0.286725 0.359162 70155 1 1.675 0.515385 60 0 745 0.00478661 0.0294291 -0.00930003 1.7425 4.07594 135.594 
-0.286725 0.359162 70155 1 1.675 0.515385 61 0 745 0.00478661 0.0294291 -0.00930003 1.7425 4.07594 135.594 
-0.286725 0.359162 70195 1 1.675 0.515385 62 0 746 0.00478661 0.0294291 -0.00930003 1.7425 4.07594 135.594 
-0.286725 0.359162 70356 1 1.67448 0.515385 63 0 750 0.00478661 0.0294291 -0.00930003 1.7425 4.07594 135.594 
-0.286725 0.359162 70435 1 1.67448 0.515385 64 0 752 0.00478661 0.0294291 -0.00930003 1.7425 4.07594 135.594 
-0.286725 0.359162 70475 1 1.67396 0.515385 65 0 753 0.00478661 0.0294291 -0.00930003 1.7425 4.07594 135.594 
-0.286725 0.359162 70475 1 1.67396 0.515385 66 0 753 0.00478661 0.0294291 -0.00930003 1.7425 4.07594 135.594 
-0.286725 0.359162 70636 1 1.67135 0.513462 67 0 757 0.00478661 0.0294291 -0.00930003 1.7425 4.07594 135.594 
-0.287018 0.359619 70715 1 1.67135 0.513462 68 0 759 0.00478711 0.0294261 -0.00932623 1.74253 4.07565 135.597 
-0.287914 0.362733 70796 1 1.67135 0.513462 69 0 761 0.00469133 0.0293548 -0.00960438 1.74335 4.07244 135.624 
-0.287914 0.362733 70796 1 1.67135 0.513462 70 0 761 0.00469133 0.0293548 -0.00960438 1.74335 4.07244 135.624 
-0.287914 0.362733 70796 1 1.67135 0.513462 71 0 761 0.00469133 0.0293548 -0.00960438 1.74335 4.07244 135.624 
1.6494 0.484943 70997 1 1.67135 0.513462 72 0 766 0.00812159 0.0387977 -0.0143444 1.87849 4.1105 135.626 
1.86892 0.407959 71037 1 1.67135 0.513462 73 0 767 0.00672986 0.0357995 -0.0176718 1.84646 4.15287 135.585 
1.8566 0.111694 71116 1 1.67135 0.513462 74 0 769 0.00695226 0.0343112 -0.0135594 1.81982 4.10595 135.517 
1.8566 0.111694 71116 1 1.67135 0.513462 75 0 769 0.00695226 0.0343112 -0.0135594 1.81982 4.10595 135.517 
1.83437 0.106626 71157 1 1.67135 0.513462 76 0 770 0.00544668 0.032463 -0.01525 1.7998 4.12407 135.532 
1.91663 0.131082 71317 1 1.67135 0.513462 77 0 774 0.00675119 0.0337305 -0.0163845 1.80215 4.12249 135.521 
1.88317 0.100018 71357 1 1.67135 0.513462 78 0 775 0.00732536 0.0323026 -0.015622 1.78688 4.12373 135.503 
1.88401 0.0638517 71438 1 1.67135 0.513462 79 0 777 0.00743694 0.0311259 -0.0185045 1.77935 4.14472 135.391 
1.88401 0.0638517 71438 1 1.67135 0.513462 80 0 777 0.00743694 0.0311259 -0.0185045 1.77935 4.14472 135.391 
1.86902 0.0615991 71598 1 1.67135 0.513462 81 0 781 0.00777618 0.0301396 -0.019153 1.76403 4.15759 135.41 
1.87236 0.0829214 71638 1 1.67135 0.513462 82 0 782 0.0085466 0.0312214 -0.0187421 1.77803 4.15682 135.471 
1.86527 0.0515191 71718 1 1.67135 0.513462 83 0 784 0.00618151 0.0312106 -0.0196385 1.79413 4.16883 135.48 
1.87571 0.095126 71758 1 1.67135 0.513462 84 0 785 0.00810961 0.0308913 -0.0191663 1.78175 4.15331 135.406 
1.87571 0.095126 71758 1 1.67135 0.513462 85 0 785 0.00810961 0.0308913 -0.0191663 1.78175 4.15331 135.406 
1.86271 0.0377777 71918 1 1.67135 0.513462 86 0 789 0.007039 0.0299473 -0.0211482 1.7736 4.17709 135.379 
1.82427 0.0747534 71999 1 1.67135 0.513462 87 0 791 0.00717559 0.0292322 -0.01876 1.75826 4.15003 135.374 
1.85158 0.0432442 72039 1 1.67135 0.513462 88 0 792 0.00720372 0.0296172 -0.0221994 1.76179 4.18352 135.328 
1.84157 0.0141077 72079 1 1.67135 0.513462 89 0 793 0.00523731 0.03022 -0.0242019 1.77522 4.21008 135.514 
1.84157 0.0141077 72079 1 1.66979 0.513462 90 0 793 0.00523731 0.03022 -0.0242019 1.77522 4.21008 135.514 
1.86745 0.053016 72238 1 1.64948 0.514423 91 0 797 0.00730678 0.0314395 -0.0198605 1.79805 4.15579 135.421 
1.82468 0.0377625 72319 1 1.62604 0.540385 92 0 799 0.00693729 0.0287751 -0.0208327 1.75574 4.16944 135.392 
1.82214 0.0718432 72400 1 1.5974 0.623077 93 0 801 0.00740716 0.0274695 -0.021626 1.74967 4.17012 135.343 
1.82214 0.0718432 72400 1 1.57656 0.675 94 0 801 0.00740716 0.0274695 -0.021626 1.74967 4.17012 135.343 
1.82214 0.0718432 72400 1 1.54844 0.727885 95 0 801 0.00740716 0.0274695 -0.021626 1.74967 4.17012 135.343 
1.8051 0.0125508 72599 1 1.53333 0.7625 96 0 806 0.00870296 0.0283059 -0.0232883 1.76005 4.19459 135.346 
1.80771 -0.0144956 72639 1 1.52813 0.778846 97 0 807 0.00788904 0.0272289 -0.0239974 1.7519 4.20758 135.331 
1.82083 0.0665757 72720 1 1.52813 0.798077 98 0 809 0.00803747 0.0287228 -0.0227392 1.76762 4.18712 135.345 
1.82083 0.0665757 72720 1 1.5276 0.809615 99 0 809 0.00803747 0.0287228 -0.0227392 1.76762 4.18712 135.345 
1.82804 0.0215039 72760 1 1.5276 0.811538 100 0 810 0.00801954 0.0296263 -0.0235716 1.77373 4.2022 135.328 
1.06367 0.151159 72921 1 1.5276 0.811538 101 1 814 0.00816599 0.0306374 -0.025418 1.80064 4.21473 135.303 
-0.316668 1.43694 73000 1 1.5276 0.811538 102 0 816 0.00718559 0.0256694 -0.0181411 1.73704 4.13759 135.45 
-0.331133 1.33823 73040 1 1.5276 0.811538 103 0 817 0.00768934 0.0243332 -0.0180736 1.72079 4.13743 135.429 
-0.331133 1.33823 73040 1 1.5276 0.8125 104 0 817 0.00768934 0.0243332 -0.0180736 1.72079 4.13743 135.429 
-0.244808 0.822965 73201 1 1.5276 0.8125 105 0 821 0.00736341 0.0211006 -0.0178324 1.68642 4.14588 135.52 
-0.239513 0.710066 73281 1 1.5276 0.8125 106 0 823 0.00718484 0.0220347 -0.0214925 1.6935 4.18755 135.528 
-0.262461 0.675063 73361 1 1.5276 0.8125 107 0 825 0.00618712 0.0187885 -0.0238027 1.65937 4.21262 135.537 
-0.243812 0.652769 73401 1 1.5276 0.8125 108 0 826 0.00733704 0.0201992 -0.0245461 1.67786 4.2271 135.545 
-0.243812 0.652769 73401 1 1.5276 0.8125 109 0 826 0.00733704 0.0201992 -0.0245461 1.67786 4.2271 135.545 
-0.272869 0.625242 73561 1 1.5276 0.8125 110 0 830 0.00695676 0.0162637 -0.024278 1.62965 4.23432 135.609 
-0.247753 0.676593 73642 1 1.5276 0.8125 111 0 832 0.00735357 0.0196075 -0.0184115 1.67315 4.17021 135.646 
-0.247399 0.684851 73682 1 1.5276 0.8125 112 0 833 0.00690043 0.0204622 -0.0199799 1.68309 4.18201 135.531 
-0.241822 0.67649 73721 1 1.5276 0.8125 113 0 834 0.00735916 0.0197686 -0.0190895 1.67319 4.17632 135.656 
-0.241822 0.67649 73721 1 1.5276 0.8125 114 0 834 0.00735916 0.0197686 -0.0190895 1.67319 4.17632 135.656 
-0.22188 0.637742 73882 1 1.5276 0.8125 115 0 838 0.0065207 0.0214517 -0.0220232 1.68919 4.21402 135.642 
-0.268352 0.644079 73963 1 1.5276 0.8125 116 0 840 0.00648189 0.0187926 -0.0210636 1.65873 4.20434 135.591 
-0.273463 0.684366 74003 1 1.5276 0.8125 117 0 841 0.00714885 0.0182378 -0.0197924 1.65381 4.18332 135.619 
-0.249229 0.716943 74043 1 1.5276 0.8125 118 0 842 0.00715378 0.0211931 -0.0172844 1.69297 4.14842 135.611 
-0.249229 0.716943 74043 1 1.5276 0.8125 119 0 842 0.00715378 0.0211931 -0.0172844 1.69297 4.14842 135.611 
-0.222089 0.703048 74202 1 1.5276 0.8125 120 0 846 0.00751237 0.0209966 -0.0199526 1.69794 4.17388 135.59 
-0.233478 0.69542 74284 1 1.5276 0.8125 121 0 848 0.00722662 0.0201739 -0.019972 1.68201 4.17513 135.541 
-0.216158 0.709875 74363 1 1.5276 0.8125 122 0 850 0.00728076 0.0226531 -0.019301 1.71748 4.16344 135.554 
-0.216158 0.709875 74363 1 1.5276 0.8125 123 0 850 0.00728076 0.0226531 -0.019301 1.71748 4.16344 135.554 
-0.216158 0.709875 74363 1 1.5276 0.8125 124 0 850 0.00728076 0.0226531 -0.019301 1.71748 4.16344 135.554 
-0.227215 0.704988 74563 1 1.5276 0.8125 125 0 855 0.00633775 0.0218767 -0.0232999 1.69798 4.19986 135.52 
-0.266862 0.713281 74643 1 1.5276 0.8125 126 0 857 0.00576248 0.0206239 -0.0215073 1.67847 4.18273 135.56 
-0.229838 0.716294 74684 1 1.5276 0.8125 127 0 858 0.00654426 0.0215424 -0.0208152 1.69498 4.17263 135.514 
-0.229838 0.716294 74684 1 1.5276 0.8125 128 0 858 0.00654426 0.0215424 -0.0208152 1.69498 4.17263 135.514 
-0.250245 0.753502 74843 1 1.5276 0.8125 129 0 862 0.00640227 0.0202728 -0.0196348 1.67902 4.15268 135.483 
-0.214764 0.720455 74884 1 1.5276 0.8125 130 0 863 0.00632349 0.0209414 -0.0218036 1.68804 4.17909 135.464 
1.13691 1.58337 74964 1 1.5276 0.8125 131 0 865 0.00692222 0.0245788 -0.0151848 1.73473 4.1051 135.571 
1.58394 1.71704 75004 1 1.5276 0.8125 132 0 866 0.00619292 0.0255247 -0.0132221 1.73969 4.07512 135.549 
1.58394 1.71704 75004 1 1.5276 0.8125 133 0 866 0.00619292 0.0255247 -0.0132221 1.73969 4.07512 135.549 
1.67812 0.894765 75165 1 1.5276 0.8125 134 0 870 0.00709525 0.0277869 -0.0173157 1.76777 4.12774 135.627 
1.75064 0.811194 75244 1 1.5276 0.8125 135 0 872 0.0052015 0.0303453 -0.0210017 1.80264 4.18052 135.753 
1.75651 0.80815 75286 1 1.5276 0.8125 136 0 873 0.00632127 0.0276562 -0.0197197 1.76918 4.16758 135.666 
1.75752 0.71998 75365 1 1.5276 0.8125 137 0 875 0.0074111 0.0260797 -0.0241599 1.7526 4.22573 135.707 
1.75752 0.71998 75365 1 1.5276 0.8125 138 0 875 0.0074111 0.0260797 -0.0241599 1.7526 4.22573 135.707 
1.71108 0.729444 75405 1 1.5276 0.8125 139 0 876 0.00781469 0.0253715 -0.0234398 1.74039 4.21439 135.589 
1.72584 0.720411 75566 1 1.5276 0.8125 140 0 880 0.00717957 0.0274574 -0.0230751 1.77467 4.2143 135.606 
1.66808 0.699046 75645 1 1.5276 0.8125 141 0 882 0.00756199 0.0278353 -0.0229362 1.77895 4.21202 135.586 
1.64784 0.725528 75685 1 1.5276 0.8125 142 0 883 0.0071665 0.0264281 -0.0211232 1.75975 4.18891 135.567 
1.64784 0.725528 75685 1 1.5276 0.8125 143 0 883 0.0071665 0.0264281 -0.0211232 1.75975 4.18891 135.567 
1.64589 0.682331 75846 1 1.5276 0.8125 144 0 887 0.00750372 0.02821 -0.0228639 1.77518 4.21055 135.541 
1.62617 0.690229 75886 1 1.5276 0.8125 145 0 888 0.00658479 0.0262522 -0.0219613 1.75132 4.20683 135.551 
1.66443 0.738543 75966 1 1.5276 0.8125 146 0 890 0.00836412 0.0287377 -0.0199346 1.78028 4.17802 135.606 
1.69245 0.712925 76006 1 1.5276 0.8125 147 0 891 0.00738127 0.0275129 -0.0209438 1.76801 4.19261 135.554 
1.69245 0.712925 76006 1 1.5276 0.8125 148 0 891 0.00738127 0.0275129 -0.0209438 1.76801 4.19261 135.554 
1.75919 0.72114 76166 1 1.5276 0.8125 149 0 895 0.00693811 0.0250073 -0.0224525 1.73687 4.21356 135.511 
1.7503 0.752362 76248 1 1.5276 0.8125 150 0 897 0.00727191 0.0261597 -0.0186973 1.75836 4.17194 135.586 
1.78646 0.773343 76287 1 1.5276 0.8125 151 0 898 0.00784893 0.0309428 -0.0190531 1.8139 4.17261 135.605 
1.7769 0.783356 76326 1 1.5276 0.8125 152 0 899 0.00775266 0.0288567 -0.0172732 1.79453 4.15383 135.534 
1.7769 0.783356 76326 1 1.5276 0.8125 153 0 899 0.00775266 0.0288567 -0.0172732 1.79453 4.15383 135.534 
1.78803 0.778717 76487 1 1.5276 0.8125 154 0 903 0.00813215 0.0280478 -0.0147105 1.78756 4.13144 135.641 
1.7661 0.758099 76567 1 1.5276 0.8125 155 0 905 0.0078132 0.0281238 -0.0182743 1.78707 4.1688 135.667 
1.79104 0.762677 76648 1 1.5276 0.8125 156 0 907 0.0086607 0.0281482 -0.0194164 1.78695 4.17793 135.55 
1.79104 0.762677 76648 1 1.5276 0.8125 157 0 907 0.0086607 0.0281482 -0.0194164 1.78695 4.17793 135.55 
1.79104 0.762677 76648 1 1.5276 0.8125 158 0 907 0.0086607 0.0281482 -0.0194164 1.78695 4.17793 135.55 
1.77523 0.78813 76848 1 1.5276 0.8125 159 0 912 0.00810676 0.0283337 -0.0160589 1.78171 4.14019 135.568 
1.74343 0.793062 76888 1 1.5276 0.811538 160 0 913 0.00804919 0.026241 -0.0149282 1.76418 4.13119 135.611 
0.677854 0.594168 76968 1 1.525 0.807692 161 1 915 0.0087433 0.0252836 -0.017779 1.75994 4.15124 135.493 
0.677854 0.594168 76968 1 1.53854 0.806731 162 1 915 0.0087433 0.0252836 -0.017779 1.75994 4.15124 135.493 
0.677854 0.594168 76968 1 1.56042 0.805769 163 1 915 0.0087433 0.0252836 -0.017779 1.75994 4.15124 135.493 
0.669254 0.595289 77168 1 1.56354 0.805769 164 1 920 0.00848583 0.0251331 -0.0178046 1.76175 4.15086 135.504 
0.663565 0.598618 77249 1 1.56563 0.805769 165 1 922 0.00818359 0.0251762 -0.0177975 1.76152 4.1509 135.506 
0.660541 0.603386 77289 1 1.56563 0.805769 166 1 923 0.00809259 0.0251707 -0.0178209 1.76172 4.15067 135.514 
0.664813 0.788051 77329 1 1.56563 0.805769 167 1 924 0.00715047 0.025109 -0.0177452 1.76265 4.15138 135.547 
2.22465 4.34796 77409 1 1.56667 0.806731 168 0 926 0.00585803 0.0266742 -0.0195398 1.7808 4.1933 135.786 
2.30781 5.93859 77448 1 1.56615 0.810577 169 0 927 0.00634943 0.0263214 -0.0193326 1.77832 4.19492 135.783 
0.556583 1.13553 77569 1 1.56615 0.814423 170 1 930 0.00959294 0.0220993 -0.0122613 1.7225 4.07823 135.635 
0.660846 0.697716 77649 1 1.56615 0.815385 171 1 932 0.008998 0.0228894 -0.0150144 1.7367 4.10845 135.595 
0.621307 0.633939 77730 1 1.56615 0.815385 172 1 934 0.00930018 0.0211641 -0.0169691 1.72297 4.12455 135.589 
0.615002 0.638283 77770 1 1.56615 0.815385 173 1 935 0.00777469 0.0211411 -0.0170596 1.72424 4.12435 135.615 
0.608932 0.580239 77852 1 1.56615 0.815385 174 1 937 0.00795937 0.0233273 -0.0194482 1.74644 4.1637 135.715 
0.603759 0.5896 77929 1 1.56615 0.815385 175 1 939 0.00778732 0.0214361 -0.0197658 1.72893 4.16825 135.65 
0.603198 0.590319 78011 1 1.56667 0.810577 176 1 941 0.00779685 0.0214517 -0.0197732 1.72875 4.16815 135.652 
0.603198 0.590319 78050 1 1.56979 0.795192 177 1 942 0.00779685 0.0214517 -0.0197732 1.72875 4.16815 135.652 
0.595287 0.597331 78130 1 1.56979 0.795192 178 1 944 0.00752992 0.0216439 -0.0198661 1.72673 4.1671 135.679 
0.581949 0.59358 78171 1 1.56979 0.795192 179 1 945 0.00681449 0.0219586 -0.0198461 1.72438 4.16776 135.691 
0.580905 0.595031 78250 1 1.56979 0.795192 180 1 947 0.00684802 0.0220522 -0.0198585 1.7235 4.16762 135.694 
0.604374 0.609192 78330 1 1.56979 0.795192 181 1 949 0.00913495 0.0243738 -0.0179384 1.74824 4.1429 135.627 
0.602623 0.591495 78411 1 1.61406 0.7375 182 1 951 0.00593131 0.0255487 -0.019316 1.76679 4.16101 135.676 
0.612988 0.613038 78492 1 1.67448 0.695192 183 1 953 0.00910975 0.024182 -0.0175004 1.75461 4.13321 135.595 
0.613184 0.621097 78531 1 1.68542 0.688462 184 1 954 0.00937042 0.0240917 -0.0190842 1.75481 4.15247 135.581 
0.609316 0.618942 78611 1 1.67708 0.700962 185 1 956 0.00887706 0.0241248 -0.0190662 1.75461 4.15278 135.585 
0.610343 0.611822 78652 1 1.66406 0.760577 186 1 957 0.00756897 0.0245512 -0.0189485 1.75074 4.15449 135.552 
0.609486 0.612818 78771 1 1.6276 0.851923 187 1 960 0.00761192 0.0246205 -0.0189645 1.74994 4.15429 135.558 
0.544807 0.476878 78852 1 1.61458 0.876923 188 1 962 0.00536307 0.0188474 -0.030713 1.64689 4.28237 134.32 
0.545016 0.535778 78892 1 1.62344 0.851923 189 1 963 0.00496642 0.0205159 -0.0272276 1.66248 4.24288 134.343 
0.559194 0.479171 78971 1 1.62448 0.847115 190 1 965 0.00644536 0.0220128 -0.0321032 1.68059 4.29774 134.334 
0.522277 0.461859 79052 1 1.62552 0.854808 191 1 967 0.00623016 0.0170693 -0.0311766 1.62466 4.2882 134.36 
0.548679 0.449212 79092 1 1.62552 0.854808 192 1 968 0.00429987 0.0208466 -0.0302577 1.67373 4.28338 134.638 
0.503473 0.459702 79172 1 1.62552 0.854808 193 1 970 0.00546496 0.0160494 -0.0308294 1.61561 4.27927 134.341 
0.506274 0.473511 79253 1 1.62552 0.854808 194 1 972 0.00617536 0.014145 -0.0305997 1.59075 4.27859 134.277 
0.516228 0.457399 79293 1 1.62552 0.854808 195 1 973 0.00264899 0.0212826 -0.0286054 1.6758 4.26922 134.671 
0.516228 0.457399 79372 1 1.62552 0.854808 196 1 975 0.00264899 0.0212826 -0.0286054 1.6758 4.26922 134.671 
0.516228 0.457399 79412 1 1.62552 0.854808 197 1 976 0.00264899 0.0212826 -0.0286054 1.6758 4.26922 134.671 
0.516228 0.457399 79493 1 1.62552 0.854808 198 1 978 0.00264899 0.0212826 -0.0286054 1.6758 4.26922 134.671 
0.516228 0.457399 79573 1 1.62552 0.854808 199 1 980 0.00264899 0.0212826 -0.0286054 1.6758 4.26922 134.671 
0.51667 0.457202 79613 1 1.62552 0.854808 200 1 981 0.00266855 0.0212984 -0.0286018 1.67561 4.26926 134.67 
0.525903 0.455167 79693 1 1.62552 0.854808 201 1 983 0.00292329 0.0215882 -0.0285103 1.67205 4.2703 134.65 
0.524355 0.401997 79773 1 1.62552 0.854808 202 1 985 0.00466536 0.0216927 -0.028423 1.67103 4.27105 134.599 
0.523486 0.408598 79813 1 1.62552 0.854808 203 1 986 0.00395995 0.0216521 -0.0285458 1.67288 4.26947 134.636 
0.564616 0.370876 79894 1 1.62552 0.854808 204 1 988 0.00602549 0.0257435 -0.0298678 1.72774 4.27104 134.306 
0.513445 0.308691 79974 1 1.62552 0.854808 205 1 990 0.00637078 0.0194225 -0.0366471 1.65201 4.34449 134.158 
0.534116 0.323044 80054 1 1.62552 0.854808 206 1 992 0.00710612 0.0229659 -0.0307666 1.6956 4.28068 134.272 
0.510821 0.305294 80094 1 1.62552 0.854808 207 1 993 0.00686551 0.0198094 -0.0343314 1.65631 4.3197 134.285 
0.510821 0.305294 80094 1 1.62552 0.854808 208 1 993 0.00686551 0.0198094 -0.0343314 1.65631 4.3197 134.285 
0.493499 0.307058 80254 1 1.62552 0.854808 209 1 997 0.00597042 0.0179353 -0.0331738 1.62661 4.30813 134.258 
0.503751 0.302832 80294 1 1.62552 0.854808 210 1 998 0.00643164 0.0217444 -0.0346699 1.6703 4.32563 134.258 
0.495411 0.306019 80375 1 1.62552 0.854808 211 1 1000 0.00612437 0.019468 -0.03475 1.64344 4.32464 134.269 
0.480677 0.298905 80454 1 1.62552 0.854808 212 1 1002 0.00625437 0.0192191 -0.0355524 1.64596 4.33463 134.258 
0.519098 0.309487 80495 1 1.62552 0.854808 213 1 1003 0.0066463 0.022916 -0.0340929 1.69256 4.31766 134.302 
0.486789 0.324095 80575 1 1.62552 0.854808 214 1 1005 0.00561462 0.0200728 -0.0329103 1.65646 4.2991 134.203 
0.648407 0.304271 80655 1 1.62552 0.854808 215 1 1007 0.00735756 0.0202239 -0.0345779 1.65401 4.32245 134.232 
0.668248 0.307253 80735 1 1.62552 0.854808 216 1 1009 0.00553607 0.0245555 -0.0333856 1.70927 4.31692 134.454 
0.673137 0.315037 80775 1 1.62552 0.854808 217 1 1010 0.00619567 0.0211197 -0.0363243 1.67078 4.33829 134.204 
0.630822 0.298781 80855 1 1.62552 0.854808 218 1 1012 0.0061826 0.0162035 -0.0369905 1.60167 4.34906 134.227 
0.647058 0.286333 80895 1 1.62552 0.854808 219 1 1013 0.00386696 0.0224069 -0.0340351 1.6797 4.32862 134.591 
0.647295 0.286525 80976 1 1.62552 0.854808 220 1 1015 0.00386732 0.0224014 -0.034037 1.67978 4.3286 134.592 
0.650538 0.287782 81056 1 1.62552 0.854808 221 1 1017 0.0039457 0.0223162 -0.0340657 1.68085 4.32827 134.601 
0.655705 0.269455 81136 1 1.62552 0.854808 222 1 1019 0.0044437 0.0220288 -0.0339786 1.68426 4.3292 134.576 
0.552124 0.176652 81176 1 1.62552 0.854808 223 1 1020 0.00794717 0.0176175 -0.0351026 1.64202 4.33909 134.243 
0.505688 0.193754 81259 1 1.62552 0.854808 224 1 1022 0.00823761 0.0112487 -0.0316031 1.5795 4.30639 134.279 
0.559256 0.161362 81336 1 1.62552 0.854808 225 1 1024 0.00938619 0.0149904 -0.030657 1.64795 4.29486 134.3 
0.558039 0.174061 81376 1 1.62552 0.854808 226 1 1025 0.0100531 0.0151443 -0.0295384 1.64825 4.28571 134.334 
0.554678 0.160026 81457 1 1.62552 0.854808 227 1 1027 0.00904705 0.0169579 -0.0305749 1.65948 4.29847 134.402 
0.494523 0.106772 81537 1 1.62552 0.854808 228 1 1029 0.00753392 0.0188165 -0.0325746 1.6761 4.30832 134.296 
0.505991 0.126778 81576 1 1.62552 0.854808 229 1 1030 0.00760184 0.0202557 -0.0303843 1.68559 4.28427 134.38 
0.492244 0.116317 81657 1 1.6224 0.854808 230 1 1032 0.00811259 0.0186701 -0.0304894 1.66063 4.28203 134.426 
0.48923 0.0799643 81737 1 1.6224 0.854808 231 1 1034 0.00736688 0.0158019 -0.0354076 1.62377 4.3252 134.191 
0.485785 0.0630546 81777 1 1.6224 0.854808 232 1 1035 0.00782441 0.0155296 -0.0355856 1.62124 4.33853 134.32 
0.475954 0.0802958 81857 1 1.6224 0.854808 233 1 1037 0.00761093 0.0179089 -0.0316604 1.64562 4.30436 134.332 
0.441475 0.107702 81898 1 1.6224 0.854808 234 1 1038 0.00695178 0.013934 -0.0334844 1.59341 4.32437 134.303 
0.735913 0.0788438 81978 1 1.6224 0.854808 235 1 1040 0.00584748 0.01701 -0.0354125 1.63069 4.35075 134.408 
0.740085 0.0260672 82058 1 1.6224 0.854808 236 1 1042 0.0040646 0.0214398 -0.0324029 1.68464 4.32591 134.847 
0.791595 0.0399564 82138 1 1.6224 0.854808 237 1 1044 0.0072742 0.0206368 -0.0303824 1.68749 4.26911 134.461 
0.757559 -0.0236308 82178 1 1.6224 0.854808 238 1 1045 0.00662195 0.01529 -0.0379062 1.62147 4.35183 134.322 
0.838912 -0.0368966 82258 1 1.6224 0.854808 239 1 1047 0.00641701 0.0148394 -0.0355554 1.60802 4.32718 134.296 
0.806835 -0.0893896 82338 1 1.6224 0.854808 240 1 1049 0.00632264 0.013058 -0.0401008 1.57342 4.37783 134.322 
0.842827 -0.0994828 82378 1 1.6224 0.854808 241 1 1050 0.00592589 0.0148326 -0.0406014 1.59656 4.38478 134.324 
1.2999 -0.0871466 82458 1 1.6224 0.854808 242 0 1052 0.00660284 0.0207373 -0.0382542 1.66894 4.35225 134.323 
1.31577 -0.048535 82539 1 1.6224 0.854808 243 0 1054 0.00729226 0.0205638 -0.0374388 1.67802 4.34029 134.376 
1.33785 -0.0452402 82620 1 1.6224 0.854808 244 0 1056 0.00747118 0.0208703 -0.0353401 1.69083 4.31647 134.346 
1.35653 -0.0299813 82659 1 1.6224 0.854808 245 0 1057 0.00816541 0.0219578 -0.0350839 1.70578 4.3133 134.376 
1.36477 -0.0196637 82739 1 1.6224 0.854808 246 0 1059 0.00774171 0.0219729 -0.0339298 1.71174 4.30125 134.313 
1.36906 -0.0713046 82820 1 1.6224 0.854808 247 0 1061 0.00845888 0.0206431 -0.0375668 1.69911 4.34803 134.374 
1.32604 -0.0409833 82859 1 1.6224 0.854808 248 0 1062 0.00848107 0.0187883 -0.0356038 1.6738 4.32302 134.259 
1.32604 -0.0409833 82859 1 1.6224 0.854808 249 0 1062 0.00848107 0.0187883 -0.0356038 1.6738 4.32302 134.259 
0.913769 -0.0741341 82899 1 1.6224 0.854808 250 1 1063 0.00762969 0.0182036 -0.0351364 1.67314 4.31565 134.253 
0.728563 -0.0469934 83060 1 1.6224 0.854808 251 1 1067 0.00781892 0.0195837 -0.0341633 1.68725 4.30037 134.336 
0.657944 -0.116893 83140 1 1.6224 0.854808 252 1 1069 0.00633074 0.0134724 -0.038915 1.59733 4.35354 134.244 
0.743775 -0.0472348 83220 1 1.6224 0.854808 253 1 1071 0.0067228 0.017944 -0.03809 1.64261 4.3512 134.258 
0.728428 -0.0487991 83301 1 1.6224 0.854808 254 1 1073 0.00658986 0.0126906 -0.0362662 1.58213 4.33124 134.181 
0.708085 -0.0238824 83381 1 1.6224 0.854808 255 1 1075 0.00714051 0.0163632 -0.0377166 1.62434 4.34503 134.184 
0.451184 -0.0593849 83460 1 1.6224 0.854808 256 1 1077 0.00611278 0.0148119 -0.0392861 1.60879 4.35721 134.212 
0.447218 -0.0801309 83500 1 1.6224 0.854808 257 1 1078 0.00649302 0.0135405 -0.0408564 1.59101 4.37751 134.179 
0.472072 -0.0629103 83580 1 1.6224 0.854808 258 1 1080 0.00338858 0.0193648 -0.0374917 1.64282 4.33351 134.276 
0.502572 -0.165936 83661 1 1.6224 0.854808 259 1 1082 0.00149005 0.0256908 -0.0400915 1.71515 4.37938 134.668 
0.523285 -0.213527 83701 1 1.6224 0.854808 260 0 1083 0.00185942 0.0272387 -0.040645 1.73233 4.39147 134.778 
-0.582303 2.99054 83820 1 1.6224 0.854808 261 0 1086 0.00248404 0.0298869 -0.0433453 1.76293 4.46183 135.409 
0.0132162 1.33778 83861 1 1.6224 0.854808 262 0 1087 0.00431462 0.0279875 -0.0401011 1.73932 4.40452 135.003 
0.410787 0.0820416 83941 1 1.6224 0.854808 263 1 1089 0.00467573 0.0185038 -0.0419415 1.61621 4.42366 134.839 
0.402328 -0.154398 84021 1 1.6224 0.854808 264 1 1091 0.00612622 0.0153463 -0.0451589 1.57905 4.46036 134.738 
0.43455 -0.242653 84062 1 1.6224 0.854808 265 0 1092 0.00579456 0.0175073 -0.0447762 1.60926 4.45551 134.661 
0.474238 -0.251102 84142 1 1.6224 0.854808 266 0 1094 0.0039274 0.0214729 -0.0407971 1.67152 4.40444 134.863 
0.504327 -0.198363 84221 1 1.6224 0.854808 267 1 1096 0.00643966 0.0195199 -0.037984 1.65067 4.35118 134.512 
0.571909 -0.178326 84302 1 1.6224 0.854808 268 1 1098 0.00595816 0.0232404 -0.0349859 1.69596 4.32352 134.577 
0.722758 -0.24345 84342 1 1.6224 0.854808 269 0 1099 0.00601647 0.022708 -0.04043 1.69145 4.38862 134.523 
0.704424 -0.210901 84422 1 1.6224 0.854808 270 0 1101 0.0067042 0.0207987 -0.0406409 1.66619 4.38918 134.496 
0.65841 -0.189589 84503 1 1.6224 0.854808 271 1 1103 0.00558868 0.0185814 -0.0425759 1.63352 4.40951 134.437 
0.637266 -0.148045 84542 1 1.6224 0.854808 272 1 1104 0.00576699 0.0181706 -0.0386276 1.62741 4.36555 134.439 
0.634868 -0.182238 84622 1 1.6224 0.854808 273 1 1106 0.00586977 0.0180805 -0.0439157 1.62154 4.42346 134.401 
0.623999 -0.11099 84703 1 1.6224 0.854808 274 1 1108 0.00494192 0.01997 -0.0421081 1.63985 4.40374 134.423 
0.653541 -0.093343 84743 1 1.6224 0.854808 275 1 1109 0.00643634 0.0216532 -0.0396706 1.66523 4.37551 134.345 
0.618951 -0.091494 84823 1 1.6224 0.854808 276 1 1111 0.00660701 0.0168322 -0.0406826 1.61222 4.39373 134.355 
0.634161 -0.0333445 84903 1 1.6224 0.854808 277 1 1113 0.00669387 0.0200585 -0.0346822 1.65661 4.31828 134.326 
0.682137 -0.0445303 84943 1 1.6224 0.854808 278 1 1114 0.00707698 0.0190288 -0.0357455 1.64357 4.33318 134.326 
0.771207 -0.00883305 85023 1 1.6224 0.854808 279 1 1116 0.00799274 0.0188294 -0.0352657 1.64936 4.32209 134.335 
0.756393 0.000470443 85103 1 1.6224 0.854808 280 1 1118 0.00615335 0.0192167 -0.0337976 1.65156 4.3082 134.312 
0.754067 0.0206044 85143 1 1.6224 0.854808 281 1 1119 0.00714064 0.0189245 -0.0326757 1.64951 4.29012 134.384 
0.744153 -0.0301128 85224 1 1.6224 0.854808 282 1 1121 0.00703345 0.0165525 -0.0394763 1.61989 4.35815 134.338 
0.77674 6.33831e-005 85303 1 1.6224 0.854808 283 1 1123 0.00706336 0.0187666 -0.0371286 1.65594 4.32172 134.378 
0.765399 -0.00710786 85343 1 1.6224 0.854808 284 1 1124 0.00669854 0.020844 -0.0368428 1.67434 4.31478 134.406 
0.795632 -0.0784859 85426 1 1.6224 0.854808 285 1 1126 0.00819111 0.0226665 -0.0405801 1.70113 4.34169 134.358 
0.782598 -0.0572966 85504 1 1.6224 0.854808 286 1 1128 0.00815319 0.0212343 -0.0383569 1.69322 4.31984 134.414 
0.774882 -0.0530715 85544 1 1.6224 0.854808 287 1 1129 0.00864542 0.0188595 -0.0381691 1.66787 4.32135 134.448 
0.511528 -0.0184005 85625 1 1.6224 0.854808 288 1 1131 0.00820817 0.018784 -0.0344182 1.66535 4.28158 134.319 
0.475442 -0.0188927 85704 1 1.6224 0.854808 289 1 1133 0.00820818 0.0169486 -0.0342901 1.63901 4.27868 134.374 
0.4574 -0.00101487 85785 1 1.6224 0.854808 290 1 1135 0.0102466 0.0167999 -0.0349173 1.64322 4.27497 134.298 
0.416741 -0.0264054 85825 1 1.6224 0.854808 291 1 1136 0.00751576 0.0170084 -0.0360239 1.64554 4.29388 134.409 
0.447526 -0.035592 85905 1 1.6224 0.854808 292 1 1138 0.00981086 0.0168543 -0.038058 1.64736 4.31363 134.344 
0.415012 -0.0234097 85986 1 1.6224 0.854808 293 1 1140 0.00860914 0.0148176 -0.0377707 1.61779 4.31034 134.304 
0.415012 -0.0234097 85986 1 1.6224 0.854808 294 1 1140 0.00860914 0.0148176 -0.0377707 1.61779 4.31034 134.304 
0.415012 -0.0234097 85986 1 1.6224 0.854808 295 1 1140 0.00860914 0.0148176 -0.0377707 1.61779 4.31034 134.304 
1.37816 -0.0432585 86186 1 1.6224 0.854808 296 0 1145 0.00776751 0.0217013 -0.0380487 1.72059 4.32134 134.366 
1.42008 -0.0395281 86226 1 1.6224 0.854808 297 0 1146 0.00874842 0.0258968 -0.0375157 1.77845 4.30823 134.355 
1.42985 -0.060633 86306 1 1.6224 0.854808 298 0 1148 0.00934366 0.0278386 -0.0394935 1.82113 4.32439 134.379 
1.37726 -0.0872232 86386 1 1.6224 0.854808 299 0 1150 0.0099709 0.0270452 -0.0391805 1.8161 4.3164 134.29 
1.38546 -0.101442 86426 1 1.6224 0.854808 300 0 1151 0.0105909 0.0257134 -0.0417219 1.80119 4.34638 134.351 
1.3863 -0.0750602 86506 1 1.6224 0.854808 301 0 1153 0.00989059 0.0282686 -0.0400488 1.82446 4.3264 134.311 
1.40646 -0.105873 86546 1 1.6224 0.854808 302 0 1154 0.0102669 0.0289051 -0.0401459 1.83609 4.32987 134.25 
1.40646 -0.105873 86546 1 1.6224 0.854808 303 0 1154 0.0102669 0.0289051 -0.0401459 1.83609 4.32987 134.25 
1.3859 -0.0761252 86707 1 1.6224 0.854808 304 0 1158 0.0106564 0.0270961 -0.0400783 1.82025 4.32502 134.245 
1.40599 -0.0387911 86787 1 1.6224 0.854808 305 0 1160 0.0101121 0.0270549 -0.0382246 1.81835 4.30329 134.3 
1.40048 -0.0601658 86826 1 1.6224 0.854808 306 0 1161 0.0102366 0.0284172 -0.0378323 1.83508 4.30068 134.226 
1.40819 -0.0556232 86866 1 1.6224 0.854808 307 0 1162 0.0107064 0.027743 -0.0384915 1.82689 4.31104 134.271 
1.40819 -0.0556232 86866 1 1.6224 0.854808 308 0 1162 0.0107064 0.027743 -0.0384915 1.82689 4.31104 134.271 
1.40839 -0.00348075 87028 1 1.6224 0.854808 309 0 1166 0.00991138 0.0266122 -0.0409489 1.81026 4.34283 134.256 
1.37583 0.0386018 87107 1 1.6224 0.854808 310 0 1168 0.00974785 0.0272973 -0.0376202 1.81469 4.30712 134.159 
1.38443 0.0389358 87187 1 1.6224 0.854808 311 0 1170 0.00973649 0.0270489 -0.0392685 1.81164 4.32948 134.262 
1.38443 0.0389358 87187 1 1.6224 0.854808 312 0 1170 0.00973649 0.0270489 -0.0392685 1.81164 4.32948 134.262 
1.38443 0.0389358 87187 1 1.6224 0.854808 313 0 1170 0.00973649 0.0270489 -0.0392685 1.81164 4.32948 134.262 
1.39907 0.143919 87388 1 1.6224 0.854808 314 0 1175 0.0103352 0.0300823 -0.0364816 1.85061 4.29967 134.329 
1.40997 0.121675 87428 1 1.6224 0.854808 315 0 1176 0.00952432 0.0319177 -0.0397319 1.86667 4.33148 134.254 
1.35504 0.143423 87509 1 1.6224 0.854808 316 0 1178 0.00957191 0.0299751 -0.0386847 1.83055 4.32198 134.182 
1.35504 0.143423 87509 1 1.6224 0.854808 317 0 1178 0.00957191 0.0299751 -0.0386847 1.83055 4.32198 134.182 
0.979814 0.191762 87669 1 1.6224 0.854808 318 1 1182 0.00889229 0.0270261 -0.0392185 1.80713 4.33096 134.186 
0.921222 0.207003 87708 1 1.6224 0.854808 319 1 1183 0.00882149 0.0261104 -0.03937 1.7956 4.33564 134.194 
0.592573 0.689932 87789 1 1.6224 0.854808 320 1 1185 0.0104029 0.0173328 -0.0399322 1.67796 4.3406 134.108 
0.609802 0.696493 87869 1 1.6224 0.854808 321 1 1187 0.0109656 0.015791 -0.0385921 1.66238 4.33276 134.195 
0.575623 0.688272 87909 1 1.6224 0.854808 322 1 1188 0.0106598 0.0130918 -0.0415593 1.62429 4.36683 134.194 
0.580118 0.678182 87989 1 1.6224 0.854808 323 1 1190 0.0107865 0.0117539 -0.042159 1.60815 4.37512 134.262 
0.588346 0.677643 88069 1 1.6224 0.854808 324 1 1192 0.0108088 0.016212 -0.0375507 1.66189 4.32694 134.292 
0.573969 0.659416 88109 1 1.6224 0.854808 325 1 1193 0.00919297 0.0158091 -0.0386601 1.65726 4.34033 134.328 
0.590142 0.675084 88189 1 1.6224 0.854808 326 1 1195 0.0097477 0.0155512 -0.0410823 1.64762 4.36836 134.291 
0.588529 0.790675 88230 1 1.6224 0.854808 327 1 1196 0.00726772 0.015623 -0.0409332 1.64902 4.36948 134.44 
0.574896 0.845256 88309 1 1.6224 0.854808 328 1 1198 0.00640863 0.0154022 -0.0406486 1.6536 4.37186 134.509 
0.577092 0.845427 88389 1 1.6224 0.854808 329 1 1200 0.00638764 0.0153388 -0.0406223 1.65456 4.37208 134.517 
0.57989 0.844414 88470 1 1.6224 0.854808 330 1 1202 0.00632651 0.0152677 -0.0405912 1.65564 4.37237 134.527 
0.566043 0.854936 88510 1 1.6224 0.854808 331 1 1203 0.00801689 0.0152819 -0.040329 1.65837 4.37463 134.516 
0.565415 0.85736 88590 1 1.6224 0.854808 332 1 1205 0.00774933 0.015262 -0.0403469 1.65886 4.37439 134.533 
0.565415 0.85736 88630 1 1.6224 0.854808 333 1 1206 0.00774933 0.015262 -0.0403469 1.65886 4.37439 134.533 
0.565415 0.85736 88710 1 1.6224 0.854808 334 1 1208 0.00774933 0.015262 -0.0403469 1.65886 4.37439 134.533 
0.565342 0.857221 88791 1 1.6224 0.854808 335 1 1210 0.00776452 0.0152657 -0.0403404 1.65881 4.37446 134.531 
0.565342 0.857221 88831 1 1.6224 0.854808 336 1 1211 0.00776452 0.0152657 -0.0403404 1.65881 4.37446 134.531 
0.567376 0.85937 88911 1 1.6224 0.854808 337 1 1213 0.00787779 0.0152928 -0.0402427 1.65852 4.37559 134.509 
0.57352 0.853672 88991 1 1.6224 0.854808 338 1 1215 0.00805921 0.0151526 -0.0400464 1.66031 4.37782 134.488 
0.574859 0.85697 89031 1 1.6224 0.854808 339 1 1216 0.00836866 0.0151117 -0.0399598 1.66085 4.37882 134.468 
0.588504 0.939012 89111 1 1.6224 0.854808 340 1 1218 0.0106922 0.0176869 -0.0371077 1.69944 4.34946 134.341 
0.66697 0.947803 89191 1 1.6224 0.854808 341 1 1220 0.0108736 0.0257526 -0.0372739 1.81613 4.35342 134.435 
0.675972 0.949056 89232 1 1.6224 0.854808 342 1 1221 0.00868609 0.0268095 -0.0346963 1.83794 4.33495 134.754 
0.700208 0.887322 89311 1 1.6224 0.854808 343 1 1223 0.0106813 0.0285026 -0.0357123 1.85585 4.3369 134.545 
0.692426 0.685881 89394 1 1.6224 0.854808 344 1 1225 0.0100114 0.027522 -0.0388846 1.84852 4.3606 134.527 
0.643207 0.614352 89471 1 1.6224 0.854808 345 1 1227 0.0102396 0.0242039 -0.0405324 1.79935 4.37241 134.451 
0.655487 0.558474 89511 1 1.6224 0.854808 346 1 1228 0.00963545 0.0282069 -0.0400269 1.84517 4.36455 134.5 
0.613043 0.586379 89594 1 1.6224 0.854808 347 1 1230 0.0101328 0.0236243 -0.0401333 1.78177 4.36118 134.37 
0.6265 0.567861 89672 1 1.6224 0.854808 348 1 1232 0.0106079 0.0243423 -0.0378874 1.79409 4.3325 134.391 
0.602206 0.514698 89713 1 1.6224 0.854808 349 1 1233 0.00984116 0.0252061 -0.0427735 1.80116 4.38659 134.339 
0.604858 0.540444 89794 1 1.6224 0.854808 350 1 1235 0.00980731 0.0245041 -0.0417988 1.80116 4.37305 134.462 
0.596273 0.510874 89872 1 1.6224 0.854808 351 1 1237 0.0100311 0.0209214 -0.0425079 1.76356 4.37835 134.374 
0.588571 0.52999 89912 1 1.6224 0.854808 352 1 1238 0.00999872 0.0192745 -0.0421528 1.74852 4.37038 134.354 
0.640331 0.543986 89994 1 1.6224 0.854808 353 1 1240 0.00961682 0.0251199 -0.0395628 1.81395 4.3487 134.475 
0.629271 0.537549 90033 1 1.6224 0.854808 354 1 1241 0.00934337 0.0270804 -0.0409466 1.83618 4.36327 134.436 
0.546809 0.481862 90113 1 1.6224 0.854808 355 1 1243 0.00825299 0.024189 -0.0439675 1.80083 4.39813 134.411 
0.562253 0.519176 90193 1 1.6224 0.854808 356 1 1245 0.00923098 0.0254427 -0.04116 1.81841 4.35814 134.435 
0.564202 0.526337 90233 1 1.6224 0.854808 357 1 1246 0.00938626 0.0247024 -0.0417374 1.81214 4.35889 134.393 
0.578559 0.518769 90313 1 1.6224 0.854808 358 1 1248 0.00818207 0.0239372 -0.0441656 1.80589 4.39152 134.443 
0.624422 0.595492 90394 1 1.6224 0.854808 359 1 1250 0.00905968 0.0220656 -0.0421827 1.79272 4.37245 134.444 
0.643309 0.622804 90434 1 1.6224 0.854808 360 1 1251 0.00996461 0.023353 -0.0410681 1.81415 4.35965 134.436 
0.679266 0.630084 90514 1 1.6224 0.854808 361 1 1253 0.00942596 0.0283999 -0.0391823 1.87986 4.34045 134.577 
0.596772 0.626967 90594 1 1.6224 0.854808 362 1 1255 0.0104678 0.0187643 -0.0425016 1.74188 4.37351 134.304 
0.60955 0.619676 90635 1 1.6224 0.854808 363 1 1256 0.0102987 0.0202889 -0.0411974 1.75422 4.35905 134.32 
0.60955 0.619676 90635 1 1.6224 0.854808 364 1 1256 0.0102987 0.0202889 -0.0411974 1.75422 4.35905 134.32 
0.604281 0.423217 90795 1 1.6224 0.854808 365 1 1260 0.00719597 0.0282329 -0.0420456 1.84587 4.38055 134.727 
0.62248 0.407526 90876 1 1.6224 0.854808 366 1 1262 0.007823 0.0266753 -0.0417954 1.83716 4.38216 134.756 
0.617065 0.467984 90956 1 1.6224 0.854808 367 1 1264 0.00938841 0.0261899 -0.0403889 1.83102 4.3637 134.536 
0.578417 0.463349 90996 1 1.6224 0.854808 368 1 1265 0.0101439 0.0256145 -0.0417236 1.82063 4.37816 134.403 
0.487925 0.472726 91076 1 1.6224 0.854808 369 1 1267 0.00925047 0.0288587 -0.0390622 1.8518 4.35076 134.41 
0.428379 0.455377 91116 1 1.6224 0.854808 370 1 1268 0.00915435 0.029145 -0.0356755 1.85792 4.31409 134.42 
0.415845 0.473649 91196 1 1.6224 0.854808 371 1 1270 0.00792134 0.0292499 -0.0358334 1.85828 4.31215 134.567 
0.412564 0.485254 91277 1 1.6224 0.854808 372 1 1272 0.00760705 0.0292734 -0.0359696 1.85829 4.31063 134.602 
0.412497 0.491537 91317 1 1.6224 0.854808 373 1 1273 0.00753357 0.0292589 -0.0360442 1.85858 4.3098 134.618 
0.417008 0.482192 91397 1 1.6224 0.854808 374 1 1275 0.00762708 0.0291409 -0.0361729 1.86009 4.30835 134.632 
0.420227 0.470342 91478 1 1.6224 0.854808 375 1 1277 0.00771946 0.0290909 -0.0362568 1.86079 4.30744 134.637 
0.420227 0.470342 91558 1 1.6224 0.854808 376 1 1279 0.00771946 0.0290909 -0.0362568 1.86079 4.30744 134.637 
0.420227 0.470342 91598 1 1.6224 0.854808 377 1 1280 0.00771946 0.0290909 -0.0362568 1.86079 4.30744 134.637 
0.420227 0.470342 91678 1 1.6224 0.854808 378 1 1282 0.00771946 0.0290909 -0.0362568 1.86079 4.30744 134.637 
0.416984 0.453569 91759 1 1.6224 0.854808 379 1 1284 0.00657675 0.0297699 -0.0363089 1.85528 4.30746 134.578 
0.460063 0.3862 91839 1 1.6224 0.854808 380 1 1286 0.00778836 0.0332092 -0.0411667 1.88923 4.36211 134.338 
0.458644 0.390302 91879 1 1.6224 0.854808 381 1 1287 0.00767536 0.0332129 -0.041206 1.88924 4.36163 134.364 
0.458644 0.390302 91920 1 1.6224 0.854808 382 1 1288 0.00767536 0.0332129 -0.041206 1.88924 4.36163 134.364 
0.447862 0.359097 92000 1 1.6224 0.854808 383 1 1290 0.00571197 0.0331287 -0.0393359 1.89438 4.35698 134.776 
0.468478 0.359948 92080 1 1.6224 0.854808 384 1 1292 0.00804451 0.0317445 -0.0405544 1.87639 4.36197 134.385 
0.452218 0.34813 92160 1 1.6224 0.854808 385 1 1294 0.00703312 0.0296293 -0.0411617 1.84653 4.36616 134.34 
0.405132 0.237968 92241 1 1.6224 0.854808 386 1 1296 0.0076243 0.0312939 -0.0419224 1.85704 4.36947 134.261 
0.38833 0.184704 92321 1 1.6224 0.854808 387 1 1298 0.00726269 0.0291415 -0.0424787 1.82662 4.37299 134.286 
0.39254 0.17356 92360 1 1.6224 0.854808 388 1 1299 0.00670166 0.0307014 -0.0399408 1.84606 4.34618 134.309 
0.386424 0.149288 92442 1 1.6224 0.854808 389 1 1301 0.00686777 0.0281954 -0.0421941 1.81467 4.36717 134.297 
0.169724 0.0973282 92522 1 1.6224 0.854808 390 1 1303 0.00653578 0.0268613 -0.041275 1.79426 4.35554 134.278 
0.045239 0.0712261 92561 1 1.6224 0.854808 391 1 1304 0.00665916 0.0279649 -0.0422707 1.80996 4.37192 134.356 
0.0469619 0.0946236 92643 1 1.6224 0.854808 392 1 1306 0.00609136 0.0291989 -0.0414357 1.82657 4.36865 134.312 
0.0212615 0.0602704 92722 1 1.6224 0.854808 393 1 1308 0.00691655 0.0284478 -0.043374 1.82267 4.38883 134.255 
-0.0513427 0.0707933 92762 1 1.6224 0.854808 394 1 1309 0.00633675 0.0237525 -0.0417192 1.76628 4.36596 134.137 
-0.0434986 0.0751811 92843 1 1.6224 0.854808 395 1 1311 0.00748266 0.0259554 -0.0411627 1.79356 4.35872 134.225 
-0.0435979 0.0842191 92883 1 1.6224 0.854808 396 1 1312 0.00654993 0.0268386 -0.0389981 1.80413 4.341 134.288 
-0.0608847 0.101147 93004 1 1.6224 0.854808 397 1 1315 0.00463923 0.0268652 -0.0390724 1.80643 4.33968 134.56 
-0.0596749 0.0563439 93043 1 1.6224 0.854808 398 1 1316 0.00615249 0.0285233 -0.0424176 1.81835 4.37357 134.331 
-0.0626085 -0.0199241 93124 1 1.6224 0.854808 399 1 1318 0.00671703 0.0250329 -0.0435023 1.77802 4.38584 134.314 
-0.0197681 -0.121201 93204 1 1.6224 0.854808 400 1 1320 0.00661394 0.0299693 -0.0393647 1.83618 4.33686 134.313 
-0.00869703 -0.138714 93245 1 1.6224 0.854808 401 1 1321 0.00632067 0.0312323 -0.0397444 1.85643 4.34175 134.387 
-0.0316789 -0.131426 93325 1 1.6224 0.854808 402 1 1323 0.00718845 0.026674 -0.0419959 1.80243 4.36211 134.369 
-0.0381362 -0.129409 93406 1 1.6224 0.854808 403 1 1325 0.00621968 0.0285914 -0.0408053 1.82103 4.34747 134.424 
-0.0277246 -0.0777518 93445 1 1.6224 0.854808 404 1 1326 0.006533 0.0293636 -0.039347 1.83331 4.31893 134.325 
-0.00169422 -0.132382 93525 1 1.6224 0.854808 405 1 1328 0.00766325 0.029421 -0.0425312 1.84138 4.34189 134.329 
-0.0158602 -0.0849496 93605 1 1.6224 0.854808 406 1 1330 0.00767811 0.027486 -0.0426795 1.81623 4.32977 134.184 
0.00729001 -0.136984 93646 1 1.6224 0.854808 407 1 1331 0.00805057 0.0301033 -0.0440492 1.8488 4.35788 134.344 
-0.0025676 -0.0734204 93727 1 1.6224 0.854808 408 1 1333 0.00664793 0.0300691 -0.0425748 1.84357 4.34432 134.35 
0.00438723 -0.0948378 93766 1 1.6224 0.854808 409 1 1334 0.00532021 0.0310291 -0.0418431 1.85649 4.34249 134.446 
0.00438723 -0.0948378 93766 1 1.6224 0.854808 410 1 1334 0.00532021 0.0310291 -0.0418431 1.85649 4.34249 134.446 
0.00261733 -0.0944813 93806 1 1.6224 0.854808 411 1 1335 0.00522425 0.0310499 -0.0418426 1.85635 4.34248 134.46 
0.175242 -0.00853441 93967 1 1.6224 0.854808 412 1 1339 0.00474948 0.0325926 -0.0400677 1.86877 4.32511 134.503 
0.177177 -0.00717982 94047 1 1.6224 0.854808 413 1 1341 0.00488265 0.0325138 -0.040065 1.86963 4.32511 134.493 
0.153789 -0.010396 94127 1 1.6224 0.854808 414 1 1343 0.00580165 0.0280128 -0.0412008 1.82881 4.32937 134.329 
0.151369 0.0155463 94208 1 1.6224 0.854808 415 1 1345 0.0055839 0.027455 -0.0401119 1.82012 4.31143 134.303 
0.136592 -0.0162959 94248 1 1.6224 0.854808 416 1 1346 0.00587351 0.0269154 -0.0425195 1.81141 4.33955 134.275 
0.0353527 0.0153276 94328 1 1.6224 0.854808 417 1 1348 0.00530517 0.0271573 -0.0435042 1.81303 4.34492 134.24 
0.0281978 0.0323788 94409 1 1.6224 0.854808 418 1 1350 0.005924 0.0294563 -0.0427308 1.83585 4.33676 134.279 
0.0200968 0.0461573 94450 1 1.6224 0.854808 419 1 1351 0.00486321 0.0284395 -0.0399112 1.82723 4.30474 134.268 
0.0248055 0.0398493 94529 1 1.6224 0.854808 420 1 1353 0.00564253 0.0299794 -0.0410704 1.8455 4.31779 134.296 
0.0401423 0.0309611 94610 1 1.6224 0.854808 421 1 1355 0.0051437 0.030296 -0.0412493 1.84899 4.31839 134.337 
0.0722935 0.0289912 94690 1 1.6224 0.854808 422 1 1357 0.00528879 0.0304734 -0.0431832 1.85811 4.33582 134.229 
0.154418 -0.0481046 94730 1 1.6224 0.854808 423 1 1358 0.00549589 0.0320323 -0.0449501 1.87976 4.3605 134.175 
0.156101 -0.0276192 94810 1 1.6224 0.854808 424 1 1360 0.00670642 0.0273148 -0.0429399 1.83932 4.32914 134.191 
0.181581 0.0123203 94891 1 1.6224 0.854808 425 1 1362 0.0100469 0.024351 -0.0415239 1.82236 4.30028 134.127 
0.174222 0.0503964 94930 1 1.6224 0.854808 426 1 1363 0.0098515 0.022662 -0.0430588 1.80188 4.30793 134.029 
0.197375 0.0743461 95011 1 1.6224 0.854808 427 1 1365 0.00984416 0.022553 -0.0415562 1.80448 4.29016 134.052 
0.483229 0.123439 95092 1 1.6224 0.854808 428 1 1367 0.00891652 0.020618 -0.0433575 1.76349 4.31098 133.965 
0.500689 0.093896 95131 1 1.6224 0.854808 429 1 1368 0.00929013 0.0216797 -0.0461494 1.77355 4.34652 134.097 
0.565897 0.145592 95211 1 1.6224 0.854808 430 1 1370 0.00872885 0.0219325 -0.0419378 1.76931 4.29294 134.022 
0.60298 0.0954756 95292 1 1.6224 0.854808 431 1 1372 0.00782714 0.0250318 -0.0421092 1.79271 4.31064 134.1 
0.587149 0.106083 95332 1 1.6224 0.854808 432 1 1373 0.00747727 0.0256947 -0.0402165 1.796 4.29618 134.19 
0.436486 0.121218 95412 1 1.6224 0.854808 433 1 1375 0.00817793 0.0175199 -0.0436263 1.68812 4.32758 134.04 
0.385491 0.0709278 95493 1 1.6224 0.854808 434 1 1377 0.00956232 0.0210007 -0.0432238 1.73556 4.33405 134.123 
0.397938 0.0689795 95533 1 1.6224 0.854808 435 1 1378 0.00872127 0.0208921 -0.0450074 1.74276 4.35514 134.144 
0.349721 0.0781806 95613 1 1.6224 0.854808 436 1 1380 0.00884979 0.0154594 -0.0442961 1.66366 4.34502 134.039 
0.40097 0.0652738 95694 1 1.6224 0.854808 437 1 1382 0.00836137 0.0216215 -0.0445119 1.73877 4.35274 134.12 
0.342283 0.05419 95734 1 1.6224 0.854808 438 1 1383 0.00895616 0.0218321 -0.0446682 1.73857 4.35362 134.129 
0.259991 0.0607183 95814 1 1.6224 0.854808 439 1 1385 0.00937813 0.0246731 -0.0431291 1.77689 4.33613 134.181 
0.244662 0.0688465 95894 1 1.6224 0.854808 440 1 1387 0.0088465 0.0246805 -0.0423161 1.77649 4.33201 134.207 
0.245681 0.055472 95934 1 1.6224 0.854808 441 1 1388 0.00878405 0.0244814 -0.0434777 1.77266 4.34569 134.16 
0.312974 0.0465892 96014 1 1.6224 0.854808 442 1 1390 0.00889166 0.0221567 -0.0450575 1.74077 4.36928 134.142 
0.296256 0.0671467 96095 1 1.6224 0.854808 443 1 1392 0.00881696 0.019199 -0.042949 1.71301 4.36083 134.218 
0.271225 0.0853911 96135 1 1.6224 0.854808 444 1 1393 0.00835838 0.0195996 -0.0439325 1.72025 4.36966 134.205 
0.283257 0.124802 96215 1 1.6224 0.854808 445 1 1395 0.00827371 0.0256844 -0.0420053 1.80175 4.34867 134.266 
0.287205 0.120751 96296 1 1.6224 0.854808 446 1 1397 0.00861945 0.0223156 -0.0438752 1.77693 4.37469 134.322 
0.110545 0.0939341 96336 1 1.6224 0.854808 447 1 1398 0.00902753 0.0197806 -0.0446014 1.7381 4.38436 134.231 
-0.0213653 0.0792042 96416 1 1.6224 0.854808 448 1 1400 0.00874793 0.021405 -0.0423915 1.74887 4.35735 134.18 
0.00652417 0.0693609 96497 1 1.6224 0.854808 449 1 1402 0.0093957 0.0231125 -0.0421748 1.76239 4.35786 134.233 
-0.0179269 0.0602061 96536 1 1.6224 0.854808 450 1 1403 0.0081364 0.0234205 -0.0414962 1.76621 4.35459 134.406 
0.0289637 0.0534244 96618 1 1.6224 0.854808 451 1 1405 0.00712694 0.0284108 -0.0417985 1.8207 4.34536 134.315 
0.0167488 -0.0153318 96697 1 1.6224 0.854808 452 1 1407 0.00637193 0.025791 -0.04262 1.78956 4.35163 134.341 
0.0870501 -0.063025 96738 1 1.6224 0.854808 453 1 1408 0.00672026 0.0274363 -0.0423704 1.80703 4.34899 134.306 
0.122609 -0.037725 96820 1 1.6224 0.854808 454 1 1410 0.00743507 0.0256415 -0.041271 1.79419 4.3292 134.302 
0.142694 -0.0229369 96898 1 1.6224 0.854808 455 1 1412 0.00796229 0.0288492 -0.0427143 1.83283 4.33974 134.26 
0.142694 -0.0229369 96898 1 1.6224 0.854808 456 1 1412 0.00796229 0.0288492 -0.0427143 1.83283 4.33974 134.26 
0.142694 -0.0229369 96898 1 1.6224 0.854808 457 1 1412 0.00796229 0.0288492 -0.0427143 1.83283 4.33974 134.26 
0.113942 -0.029449 97098 1 1.6224 0.854808 458 1 1417 0.00552577 0.0318508 -0.0383102 1.85875 4.28196 134.275 
0.0151999 -0.0424035 97138 1 1.6224 0.854808 459 1 1418 0.00579062 0.0309525 -0.0388147 1.84905 4.28711 134.302 
0.055803 -0.0539628 97219 1 1.6224 0.854808 460 1 1420 0.00701559 0.035025 -0.0394093 1.89755 4.29371 134.291 
0.0518864 -0.0301079 97300 1 1.6224 0.854808 461 1 1422 0.00632772 0.0350014 -0.0383383 1.89881 4.27976 134.22 
0.0377082 -0.0802436 97379 1 1.6224 0.854808 462 1 1424 0.00691916 0.0343858 -0.0399187 1.89076 4.30709 134.301 
0.0417225 -0.0983386 97420 1 1.6224 0.854808 463 1 1425 0.00618968 0.0340825 -0.0420256 1.88874 4.32781 134.191 
0.0515023 -0.0810421 97501 1 1.6224 0.854808 464 1 1427 0.00623355 0.0345481 -0.0406489 1.89136 4.30503 134.2 
0.630619 -0.104987 97581 1 1.6224 0.854808 465 1 1429 0.00500019 0.0359552 -0.0405918 1.90538 4.32056 134.656 
0.589555 -0.0309376 97620 1 1.6224 0.854808 466 1 1430 0.0057854 0.0332401 -0.038988 1.87425 4.28514 134.232 
0.602288 -0.0228031 97701 1 1.6224 0.854808 467 1 1432 0.0055998 0.0336356 -0.0372858 1.87443 4.26813 134.247 
0.599208 -0.0199179 97781 1 1.6224 0.854808 468 1 1434 0.00550777 0.0336879 -0.0373205 1.87395 4.26785 134.271 
0.588189 0.0017958 97862 1 1.6224 0.854808 469 1 1436 0.00526171 0.0323054 -0.0391495 1.85139 4.29131 134.32 
0.639136 0.469643 97902 1 1.6224 0.854808 470 1 1437 0.00509494 0.0323623 -0.0391494 1.85087 4.29133 134.34 
0.737362 0.786825 97982 1 1.6224 0.854808 471 1 1439 0.00585264 0.0333564 -0.0422277 1.85036 4.33985 134.318 
0.702852 0.775798 98063 1 1.6224 0.854808 472 1 1441 0.0056473 0.0291585 -0.0411743 1.80774 4.33521 134.394 
0.718492 0.773247 98103 1 1.6224 0.854808 473 1 1442 0.00618358 0.0298208 -0.0407801 1.81744 4.33068 134.349 
0.71803 0.760326 98183 1 1.6224 0.854808 474 1 1444 0.00602455 0.0301516 -0.0415625 1.81946 4.34158 134.374 
0.747143 0.762326 98266 1 1.6224 0.854808 475 1 1446 0.00590258 0.0337259 -0.0394566 1.85855 4.32027 134.324 
0.719291 0.747083 98343 1 1.6224 0.854808 476 1 1448 0.00566514 0.0310673 -0.0407233 1.84133 4.33225 134.337 
0.727466 0.814407 98383 1 1.6224 0.854808 477 1 1449 0.00468289 0.0297935 -0.0432567 1.81888 4.34662 134.18 
0.711144 0.883661 98463 1 1.6224 0.854808 478 1 1451 0.00524834 0.0296971 -0.0439683 1.81149 4.33373 134.151 
0.699716 0.947325 98544 1 1.6224 0.854808 479 1 1453 0.00670314 0.0274647 -0.0416152 1.782 4.29128 134.081 
0.525942 0.973604 98624 1 1.6224 0.854808 480 1 1455 0.00508719 0.0149846 -0.0431085 1.59207 4.29886 133.997 
0.601822 0.957833 98704 1 1.6224 0.854808 481 1 1457 0.00535158 0.0175885 -0.0391974 1.6396 4.2793 134.12 
0.609933 0.935522 98785 1 1.6224 0.854808 482 1 1459 0.0054319 0.0210028 -0.0418289 1.68964 4.32135 134.173 
0.662323 0.907759 98825 1 1.6224 0.854808 483 1 1460 0.0060022 0.0230521 -0.0439649 1.71668 4.34193 134.151 
0.632365 0.887313 98905 1 1.6224 0.854808 484 1 1462 0.00662183 0.0204748 -0.0431785 1.69554 4.32689 134.076 
0.565172 0.71659 98986 1 1.6224 0.854808 485 1 1464 0.00749828 0.0189539 -0.044008 1.68499 4.33119 134.049 
0.558318 0.732557 99026 1 1.6224 0.854808 486 1 1465 0.00770951 0.0189799 -0.0435786 1.68252 4.32669 134.013 
0.56748 0.710377 99106 1 1.6224 0.854808 487 1 1467 0.00809103 0.0204013 -0.0429638 1.69792 4.32515 134.133 
0.564762 0.721199 99187 1 1.6224 0.854808 488 1 1469 0.00802103 0.0206025 -0.0427189 1.70272 4.32313 134.126 
0.469627 0.601056 99227 1 1.6224 0.854808 489 1 1470 0.00769065 0.0129924 -0.0430491 1.58884 4.30971 133.942 
0.488249 0.564532 99308 1 1.6224 0.854808 490 1 1472 0.00820662 0.0147723 -0.0417894 1.61341 4.28407 133.966 
0.469319 0.523059 99347 1 1.6224 0.854808 491 1 1473 0.00739025 0.0118881 -0.0457178 1.57232 4.32124 133.842 
0.48677 0.524675 99428 1 1.6224 0.854808 492 1 1475 0.00790178 0.0122398 -0.0401608 1.58191 4.25095 133.853 
0.461594 0.532649 99508 1 1.6224 0.854808 493 1 1477 0.00909444 0.00944418 -0.0384153 1.55965 4.21568 133.705 
0.445468 0.487875 99547 1 1.6224 0.854808 494 1 1478 0.00976541 0.00932557 -0.0438128 1.555 4.26383 133.4 
0.539474 0.470426 99628 1 1.6224 0.854808 495 1 1480 0.00989973 0.0185998 -0.0478608 1.68139 4.28644 132.823 
0.593673 0.473282 99708 1 1.6224 0.854808 496 1 1482 0.00773889 0.0246831 -0.0398012 1.71179 4.197 133.073 
0.678804 0.515698 99748 1 1.6224 0.854808 497 1 1483 0.00791652 0.0335348 -0.037632 1.80374 4.15958 132.71 
0.756643 0.559011 99829 1 1.6224 0.854808 498 1 1485 0.00704259 0.0365484 -0.0383314 1.84483 4.14942 132.458 
0.70219 0.552275 99909 1 1.6224 0.854808 499 1 1487 0.00659533 0.0353524 -0.0356394 1.83646 4.13445 133.068 
0.666516 0.471389 99949 1 1.6224 0.854808 500 1 1488 0.00668108 0.0310614 -0.0409518 1.7957 4.20204 133.32 
0.68609 0.411949 100029 1 1.6224 0.854808 501 1 1490 0.00935438 0.0318787 -0.0529817 1.83327 4.32978 133.624 
0.68609 0.411949 100029 1 1.6224 0.854808 502 1 1490 0.00935438 0.0318787 -0.0529817 1.83327 4.32978 133.624 
0.68609 0.411949 100029 1 1.6224 0.854808 503 1 1490 0.00935438 0.0318787 -0.0529817 1.83327 4.32978 133.624 
0.641273 0.346817 100230 1 1.6224 0.854808 504 1 1495 0.0103838 0.0270875 -0.0476924 1.79236 4.29822 133.916 
0.59926 0.427738 100311 1 1.6224 0.854808 505 1 1497 0.00816117 0.0260628 -0.0487524 1.76336 4.29218 133.759 
0.567186 0.461137 100351 1 1.6224 0.854808 506 1 1498 0.00650867 0.023532 -0.0433415 1.73028 4.23055 133.775 
0.399244 0.331397 100432 1 1.6224 0.854808 507 1 1500 0.00770058 0.024867 -0.0505222 1.7577 4.31905 133.892 
0.400056 0.246672 100512 1 1.6224 0.854808 508 1 1502 0.00884171 0.0234007 -0.0566391 1.732 4.39683 133.877 
0.419946 0.169233 100552 1 1.6224 0.854808 509 1 1503 0.0105406 0.0236704 -0.0581571 1.74439 4.43102 133.984 
0.435089 0.19224 100633 1 1.6224 0.854808 510 1 1505 0.012097 0.0239923 -0.0594855 1.74809 4.4398 133.888 
0.430219 0.208747 100713 1 1.6224 0.854808 511 1 1507 0.0100454 0.0244133 -0.0576406 1.75466 4.4155 133.949 
0.452236 0.289485 100753 1 1.6224 0.854808 512 1 1508 0.00973591 0.0226043 -0.0553198 1.72408 4.36939 133.884 
0.510991 0.271874 100832 1 1.6224 0.854808 513 1 1510 0.00983172 0.0195251 -0.0546998 1.67413 4.35866 133.9 
0.484763 0.199982 100913 1 1.6224 0.854808 514 1 1512 0.00907146 0.0175443 -0.060959 1.66346 4.43162 133.857 
0.506497 0.270722 100993 1 1.6224 0.854808 515 1 1514 0.00846671 0.0187291 -0.0557009 1.69181 4.35366 133.66 
0.505633 0.279738 101033 1 1.6224 0.854808 516 1 1515 0.00791311 0.020499 -0.0526021 1.71022 4.31536 133.633 
0.597607 0.193402 101113 1 1.6224 0.854808 517 1 1517 0.00838787 0.0274479 -0.0592969 1.80694 4.38927 133.564 
0.494086 -0.0468498 101194 1 1.6224 0.854808 518 1 1519 0.00831927 0.018267 -0.0544356 1.67968 4.32942 133.454 
0.480039 -0.0350317 101235 1 1.6224 0.854808 519 1 1520 0.00842812 0.0174333 -0.054271 1.6594 4.32846 133.456 
0.507659 -0.0227964 101314 1 1.6224 0.854808 520 1 1522 0.00780401 0.0198336 -0.0537355 1.69034 4.32594 133.497 
0.515963 -0.0863311 101395 1 1.6224 0.854808 521 1 1524 0.00752637 0.0198278 -0.0563485 1.68838 4.37213 133.472 
0.545846 -0.128157 101475 1 1.6224 0.854808 522 1 1526 0.00847454 0.0187482 -0.056268 1.68015 4.37676 133.647 
0.534031 -0.138852 101556 1 1.6224 0.854808 523 1 1528 0.008721 0.0188199 -0.0589645 1.67685 4.41025 133.5 
0.604224 -0.133803 101596 1 1.6224 0.854808 524 1 1529 0.00924003 0.0175074 -0.0541761 1.66593 4.35905 133.541 
1.17911 -0.28537 101677 1 1.6224 0.854808 525 0 1531 0.0104838 0.0174232 -0.0546766 1.67025 4.36484 133.554 
1.17212 -0.29911 101716 1 1.6224 0.854808 526 0 1532 0.0106961 0.0162922 -0.0571292 1.65947 4.38487 133.539 
1.12762 -0.263198 101837 1 1.6224 0.854808 527 0 1535 0.00900807 0.0131499 -0.0528067 1.61169 4.32963 133.422 
1.15452 -0.263167 101877 1 1.6224 0.854808 528 0 1536 0.00877397 0.0153329 -0.0531494 1.63609 4.33666 133.472 
1.2497 -0.29659 101958 1 1.6224 0.854808 529 0 1538 0.00911813 0.017608 -0.05324 1.66252 4.34344 133.53 
1.24589 -0.298161 102037 1 1.6224 0.854808 530 0 1540 0.00928568 0.0170986 -0.0533476 1.65642 4.34281 133.49 
1.24589 -0.298161 102037 1 1.6224 0.854808 531 0 1540 0.00928568 0.0170986 -0.0533476 1.65642 4.34281 133.49 
1.24589 -0.298161 102037 1 1.6224 0.854808 532 0 1540 0.00928568 0.0170986 -0.0533476 1.65642 4.34281 133.49 
1.22546 -0.235709 102238 1 1.6224 0.854808 533 0 1545 0.0092649 0.0153167 -0.0499388 1.63965 4.30281 133.545 
1.27497 -0.282207 102278 1 1.6224 0.854808 534 0 1546 0.00975488 0.0203698 -0.0523964 1.70361 4.33263 133.575 
1.22325 -0.257307 102358 1 1.6224 0.854808 535 0 1548 0.0101348 0.0166441 -0.0518768 1.65207 4.32076 133.623 
1.22325 -0.257307 102358 1 1.6224 0.854808 536 0 1548 0.0101348 0.0166441 -0.0518768 1.65207 4.32076 133.623 
1.22325 -0.257307 102358 1 1.6224 0.854808 537 0 1548 0.0101348 0.0166441 -0.0518768 1.65207 4.32076 133.623 
1.29047 -0.245229 102559 1 1.6224 0.854808 538 0 1553 0.007759 0.0221014 -0.0515922 1.71673 4.30734 133.437 
1.2806 -0.220637 102641 1 1.6224 0.854808 539 0 1555 0.00924082 0.0224798 -0.0515131 1.70828 4.30206 133.483 
1.31306 -0.208863 102680 1 1.6224 0.854808 540 0 1556 0.0075857 0.0249183 -0.0500689 1.74603 4.28366 133.414 
1.31306 -0.208863 102680 1 1.6224 0.854808 541 0 1556 0.0075857 0.0249183 -0.0500689 1.74603 4.28366 133.414 
1.28378 -0.17775 102840 1 1.6224 0.854808 542 0 1560 0.00996774 0.0227196 -0.0497283 1.72137 4.26906 133.428 
1.24571 -0.248245 102922 1 1.6224 0.854808 543 0 1562 0.00860418 0.0197264 -0.0546269 1.68413 4.32139 133.421 
1.48012 0.308614 103001 1 1.6224 0.854808 544 0 1564 0.0087816 0.0233131 -0.0534509 1.74484 4.30957 133.481 
1.48012 0.308614 103001 1 1.6224 0.854808 545 0 1564 0.0087816 0.0233131 -0.0534509 1.74484 4.30957 133.481 
1.48012 0.308614 103001 1 1.6224 0.854808 546 0 1564 0.0087816 0.0233131 -0.0534509 1.74484 4.30957 133.481 
1.79973 0.964651 103201 1 1.6224 0.854808 547 0 1569 0.0114757 0.028315 -0.0589856 1.81961 4.37762 133.52 
1.75277 0.930146 103281 1 1.6224 0.854808 548 0 1571 0.0113407 0.0239219 -0.0597731 1.77432 4.40053 133.614 
1.71632 1.04973 103322 1 1.6224 0.854808 549 0 1572 0.0119867 0.0202353 -0.0546336 1.71941 4.3283 133.59 
1.71632 1.04973 103322 1 1.6224 0.854808 550 0 1572 0.0119867 0.0202353 -0.0546336 1.71941 4.3283 133.59 
1.73805 0.884499 103482 1 1.6224 0.854808 551 0 1576 0.0133166 0.0211509 -0.0631851 1.74849 4.45063 133.736 
1.75511 1.06181 103522 1 1.6224 0.854808 552 0 1577 0.0116437 0.0228009 -0.0532789 1.76973 4.32932 133.583 
1.79115 1.07604 103603 1 1.6224 0.854808 553 0 1579 0.0121246 0.0256335 -0.0564495 1.81039 4.36874 133.539 
1.803 1.03998 103643 1 1.6224 0.854808 554 0 1580 0.0125516 0.0251516 -0.0594954 1.80968 4.40778 133.622 
1.803 1.03998 103643 1 1.6224 0.854808 555 0 1580 0.0125516 0.0251516 -0.0594954 1.80968 4.40778 133.622 
0.728756 0.201006 103804 1 1.6224 0.854808 556 1 1584 0.0115412 0.0200246 -0.0593955 1.75455 4.39328 133.38 
0.763554 0.17981 103884 1 1.6224 0.854808 557 1 1586 0.0110299 0.0256058 -0.0609877 1.82748 4.40694 133.198 
0.765822 0.263361 103965 1 1.6224 0.854808 558 1 1588 0.0137179 0.0273575 -0.0595442 1.85512 4.36701 133.111 
0.765822 0.263361 103965 1 1.6224 0.854808 559 1 1588 0.0137179 0.0273575 -0.0595442 1.85512 4.36701 133.111 
0.765822 0.263361 103965 1 1.6224 0.854808 560 1 1588 0.0137179 0.0273575 -0.0595442 1.85512 4.36701 133.111 
0.735033 0.301213 104165 1 1.6224 0.854808 561 1 1593 0.0151403 0.0276259 -0.0605255 1.85781 4.3643 133.131 
0.75753 0.308351 104206 1 1.6224 0.854808 562 1 1594 0.015408 0.0302889 -0.058369 1.89188 4.34634 133.228 
0.280681 0.253687 104286 1 1.6224 0.854808 563 1 1596 0.0162754 0.0257307 -0.0616639 1.83088 4.37903 133.18 
0.298148 0.271141 104366 1 1.6224 0.854808 564 1 1598 0.0149449 0.0295089 -0.0602561 1.87368 4.36153 133.222 
0.258618 0.342944 104446 1 1.6224 0.854808 565 1 1600 0.0160659 0.0244951 -0.0569145 1.80533 4.31014 133.07 
0.246482 0.300087 104486 1 1.6224 0.854808 566 1 1601 0.0154274 0.0232102 -0.0611372 1.79229 4.36477 133.188 
0.22032 0.405949 104566 1 1.6224 0.854808 567 1 1603 0.0153223 0.0205728 -0.0538785 1.75751 4.27245 133.209 
0.230224 0.398595 104607 1 1.6224 0.854808 568 1 1604 0.01537 0.0236142 -0.0535065 1.79069 4.26982 133.157 
0.259445 0.408143 104687 1 1.6224 0.854808 569 1 1606 0.0157831 0.0248245 -0.0499264 1.8213 4.23221 133.204 
0.277843 0.358816 104767 1 1.6224 0.854808 570 1 1608 0.0167181 0.0253693 -0.0547473 1.83471 4.29476 133.202 
0.264297 0.349202 104847 1 1.6224 0.854808 571 1 1610 0.0166713 0.0248394 -0.0554952 1.82459 4.30691 133.178 
0.254689 0.299204 104928 1 1.6224 0.854808 572 1 1612 0.0160543 0.0216906 -0.060796 1.7793 4.36547 133.055 
0.666327 0.382687 105051 1 1.6224 0.854808 573 1 1615 0.0182415 0.020161 -0.0545508 1.75694 4.28493 132.675 
0.706002 0.524855 105088 1 1.6224 0.854808 574 1 1616 0.0153328 0.0222934 -0.048282 1.79007 4.19847 132.475 
1.66339 1.65369 105169 1 1.6224 0.854808 575 0 1618 0.0162466 0.0204332 -0.0469684 1.78452 4.13144 132.011 
1.58038 1.36558 105250 1 1.6224 0.854808 576 0 1620 0.0170216 0.0114084 -0.0474885 1.69503 4.10607 131.961 
1.52142 1.33068 105330 1 1.6224 0.854808 577 0 1622 0.0169885 0.00900819 -0.0520125 1.66777 4.09209 131.754 
1.53313 1.35763 105410 1 1.6224 0.854808 578 0 1624 0.0172839 0.00865286 -0.0569489 1.68575 4.07694 131.66 
1.61266 1.15386 105490 1 1.6224 0.854808 579 0 1626 0.016316 0.00908799 -0.0689867 1.70387 4.14337 131.322 
1.84502 1.16466 105532 1 1.6224 0.854808 580 0 1627 0.00859858 0.0277722 -0.0772734 1.83595 4.19511 131.478 
4.79425 1.72669 105571 1 1.6224 0.854808 581 0 1628 0.00403781 0.0890741 -0.117194 2.37266 4.63028 132.156 
2.10113 1.95671 105690 1 1.6224 0.854808 582 0 1631 0.000986713 0.301871 -0.0950654 4.03215 4.26762 130.751 
5.07781 3.80381 105731 1 1.6224 0.854808 583 0 1632 0.000546063 0.355686 -0.0884498 4.46476 4.17942 131.011 
1.25315 -1.71092 105811 1 1.6224 0.854808 584 0 1634 -0.0134831 0.463432 -0.0845577 5.34076 4.06077 131.066 
0.743121 -22.551 105892 1 1.6224 0.854808 585 0 1636 -0.0151618 0.576636 -0.0752331 6.2892 3.98266 131.221 
0.743121 -22.551 105892 1 1.6224 0.854808 586 0 1636 -0.0151618 0.576636 -0.0752331 6.2892 3.98266 131.221 
0.317489 -4.57655 106012 1 1.61354 0.854808 587 0 1639 -0.0199168 0.597947 -0.0751018 6.25015 4.05737 132.596 
0.303041 -0.093875 106093 1 1.41562 0.821154 588 0 1641 -0.032602 0.61579 -0.0724603 6.26251 4.07026 133.565 
0.203064 -0.20917 106173 1 1.22865 0.765385 589 0 1643 -0.0434328 0.617668 -0.063759 6.09197 4.07841 135.424 
-1.56622 -5.90189 106213 1 1.24219 0.764423 590 0 1644 -0.0457481 0.613737 -0.0609853 5.98102 4.05327 135.822 
-0.994858 -3.09156 106253 1 1.24219 0.764423 591 0 1645 -0.0450303 0.61601 -0.0603531 5.96276 4.0599 135.698 
-1.08123 -3.34395 106333 1 1.24219 0.764423 592 0 1647 -0.0545738 0.605747 -0.0534536 5.72982 4.00085 136.719 
0.0636109 -2.9824 106414 1 1.23438 0.736538 593 0 1649 -0.0552213 0.606468 -0.0636141 5.67751 4.15188 136.249 
0.268876 -1.62442 106454 1 1.00729 0.555769 594 0 1650 -0.0552213 0.606468 -0.0636141 5.67751 4.15188 136.249 
0.134527 -1.74418 106534 1 0.677604 0.490385 595 0 1652 -0.0574347 0.613981 -0.0459882 5.687 3.98069 136.946 
-0.150729 -3.11518 106655 1 0.595313 0.486538 596 0 1655 -0.0547029 0.61866 -0.0307303 5.66258 3.86341 137.756 
1.07716 -1.90709 106735 1 0.595313 0.486538 597 0 1657 -0.0485243 0.624161 -0.0080201 5.74485 3.61784 137.763 
1.12578 -1.13162 106775 1 0.595313 0.486538 598 0 1658 -0.0323619 0.599279 0.0114843 5.63405 3.44601 137.725 
1.68512 2.11059 106855 1 0.595313 0.486538 599 0 1660 -0.0100988 0.465035 0.0718469 4.55884 2.7546 137.396 
1.68512 2.11059 106855 1 0.611979 0.469231 600 0 1660 -0.0100988 0.465035 0.0718469 4.55884 2.7546 137.396 
2.96657 4.45177 106976 1 0.664583 0.464423 601 0 1663 -0.0391497 0.336229 0.151594 3.41541 1.74556 136.781 
2.8112 4.6326 107056 1 0.664583 0.464423 602 0 1665 -0.0330125 0.31573 0.169068 3.45933 1.60025 136.125 
2.78215 4.44104 107136 1 0.6625 0.468269 603 0 1667 -0.0278601 0.291802 0.157988 3.51306 1.77946 135.345 
2.95712 4.41361 107176 1 0.657813 0.470192 604 0 1668 -0.0260164 0.273204 0.137303 3.46648 2.06698 135.607 
3.23062 3.40306 107258 1 0.648438 0.470192 605 0 1670 -0.0177481 0.245214 0.091771 3.45892 2.67701 135.976 
3.07608 2.50045 107337 1 0.633854 0.469231 606 0 1672 -0.00612246 0.225651 0.0583661 3.48186 3.13977 136.021 
2.88602 2.24377 107377 1 0.617188 0.455769 607 0 1673 -0.00251527 0.213033 0.0438002 3.44055 3.33237 135.812 
2.7061 1.89423 107457 1 0.613542 0.452885 608 0 1675 -0.00605107 0.184754 0.017026 3.30353 3.74011 135.411 
2.6177 1.65945 107497 1 0.613542 0.452885 609 0 1676 -0.00616227 0.173548 0.00889998 3.22985 3.907 135.311 
2.6177 1.65945 107497 1 0.613542 0.452885 610 0 1676 -0.00616227 0.173548 0.00889998 3.22985 3.907 135.311 
1.30522 1.00695 107658 1 0.613542 0.452885 611 0 1680 -0.0105322 0.127974 0.0340897 2.8578 3.80485 134.984 
1.17798 1.49455 107698 1 0.613542 0.452885 612 0 1681 -0.015879 0.118593 0.0676823 2.8114 3.30865 134.559 
1.24475 1.22625 107779 1 0.613542 0.452885 613 0 1683 -0.0292065 0.119724 0.0495834 2.99006 3.04418 132.502 
1.22728 1.23531 107819 1 0.613542 0.452885 614 0 1684 -0.0356938 0.121781 0.0482463 3.07765 2.77587 130.88 
1.22728 1.23531 107819 1 0.613542 0.452885 615 0 1684 -0.0356938 0.121781 0.0482463 3.07765 2.77587 130.88 
2.37107 1.90169 108020 1 0.613542 0.452885 616 0 1689 -0.10476 0.214909 0.0485104 4.08805 1.80058 125.263 
2.98806 2.21988 108059 1 0.613542 0.452885 617 0 1690 -0.123855 0.249985 0.0531042 4.30994 1.63734 124.439 
5.34445 4.42435 108139 1 0.613542 0.452885 618 0 1692 -0.153434 0.290372 0.0683438 4.31232 1.3963 123.098 
5.34445 4.42435 108139 1 0.613542 0.452885 619 0 1692 -0.153434 0.290372 0.0683438 4.31232 1.3963 123.098 
0.810085 0.455138 108180 1 0.613542 0.452885 620 1 1693 -0.154173 0.102033 0.0318683 1.36882 2.36658 125.502 
3.37013 3.51301 108382 1 0.613021 0.474038 621 0 1698 -0.143006 0.203288 0.085877 1.08768 2.21126 122.393 
3.03374 1.95093 108461 1 0.633333 0.525962 622 0 1700 -0.103679 0.16207 0.0820494 0.0903438 2.19935 121.654 
2.17327 0.934894 108541 1 0.633333 0.525962 623 0 1702 -0.0951166 0.109705 0.0575532 -0.950214 2.07502 120.808 
0.94093 0.941104 108581 1 0.635417 0.530769 624 1 1703 -0.0607674 0.0231936 0.0548939 -2.21588 1.89601 119.421 
0.258211 1.05539 108662 1 0.60625 0.563462 625 1 1705 -0.00269663 -0.0523768 0.0537041 -2.91726 1.75904 118.369 
0.127574 1.27352 108702 1 0.46875 0.755769 626 0 1706 0.0202247 -0.0683887 0.0545548 -2.88137 1.68995 118.099 
0.0051633 1.11905 108823 1 0.330208 1.03462 627 1 1709 0.0244073 -0.0910445 0.0409171 -2.62259 1.78927 117.772 
0.20647 1.19773 108903 1 0.177604 1.0375 628 1 1711 -0.0196567 -0.0557699 0.0291648 -1.95935 2.01713 117.622 
-0.096987 2.51084 108943 1 0.142708 1.0375 629 0 1712 -0.0196567 -0.0557699 0.0291648 -1.95935 2.01713 117.622 
0.191349 3.31988 109024 1 0.133333 1.0375 630 0 1714 -0.0572303 -0.000931607 0.0446377 -0.879644 2.22221 120.272 
-0.143781 3.00936 109104 1 0.111979 1.02596 631 0 1716 -0.0679984 0.00751415 0.0691553 -0.437974 1.823 120.004 
-0.855294 4.04879 109184 1 0.0869792 1.00096 632 0 1718 -0.0513332 -0.0136301 0.0745695 -0.234297 1.60117 120.279 
1.37838 3.24088 109224 1 0.0828125 0.993269 633 0 1719 -0.0333344 -0.0440969 0.0923339 -0.310627 1.40862 120.824 
-3.39443 8.04303 109304 1 0.0895833 0.976923 634 0 1721 -0.0226428 -0.0763983 0.114518 -0.124143 1.18469 121.099 
-3.39443 8.04303 109304 1 0.09375 1.00288 635 0 1721 -0.0226428 -0.0763983 0.114518 -0.124143 1.18469 121.099 
-3.39443 8.04303 109304 1 0.101042 1.01346 636 0 1721 -0.0226428 -0.0763983 0.114518 -0.124143 1.18469 121.099 
-0.488985 0.97235 109505 1 0.135937 1.01731 637 0 1726 -0.0373967 -0.0049174 -0.0660289 1.73625 3.56763 120.821 
-0.444672 0.738404 109545 1 0.140625 1.01635 638 0 1727 -0.0404621 -0.00397367 -0.0896239 1.90804 3.79093 120.367 
-0.38647 0.585893 109585 1 0.140625 1.01635 639 0 1728 -0.0420369 -0.00334879 -0.101189 2.03642 3.81229 119.975 
-0.38647 0.585893 109585 1 0.138542 1.01538 640 0 1728 -0.0420369 -0.00334879 -0.101189 2.03642 3.81229 119.975 
-0.223802 -1.26503 109786 1 0.1375 1.01442 641 0 1733 -0.0493558 -0.0428085 -0.193591 1.79596 4.29049 117.521 
-0.285008 -1.37581 109826 1 0.1375 1.01442 642 0 1734 -0.0422331 -0.0493627 -0.222667 1.6751 4.50155 117.306 
-2.76885 0.489034 109907 1 0.1375 1.01442 643 0 1736 -0.0257349 -0.0494928 -0.211469 1.47541 4.15066 116.574 
-1.89282 0.251174 109947 1 0.1375 1.01442 644 0 1737 -0.0310172 -0.0347808 -0.198514 1.57773 3.89884 117.057 
0.0835101 0.848738 110027 1 0.1375 1.01442 645 0 1739 -0.00775677 0.0122821 -0.130133 1.97522 2.87606 118.57 
0.167694 0.466056 110108 1 0.1375 1.01442 646 1 1741 -0.00628752 0.00897452 -0.139852 1.97735 3.20263 118.292 
0.32775 0.513933 110188 1 0.1375 1.01442 647 1 1743 -0.0131082 0.0142705 -0.139082 2.17565 3.50827 118.999 
0.377933 0.261117 110228 1 0.1375 1.01442 648 1 1744 -0.0125721 0.0153955 -0.156738 2.23066 3.81875 118.709 
0.385628 -0.00118774 110268 1 0.1375 1.01442 649 1 1745 -0.015374 0.0187245 -0.168873 2.29309 4.02828 118.691 
0.385628 -0.00118774 110268 1 0.175 0.992308 650 1 1745 -0.015374 0.0187245 -0.168873 2.29309 4.02828 118.691 
0.531408 0.183645 110469 1 0.245312 0.940385 651 1 1750 -0.0181454 0.032065 -0.144031 2.51124 4.07905 121.029 
0.421144 -0.10326 110508 1 0.302083 0.858654 652 1 1751 -0.0172959 0.0244338 -0.15837 2.40452 4.53691 120.967 
0.359571 0.226236 110589 1 0.329167 0.831731 653 1 1753 -0.0170716 0.0144164 -0.116838 2.34631 4.54555 123.497 
0.325896 0.119719 110669 1 0.329167 0.830769 654 1 1755 -0.0186163 0.0078875 -0.0996377 2.34548 4.53472 125.374 
0.334462 0.129164 110750 1 0.329167 0.830769 655 1 1757 -0.018141 0.00710179 -0.0961492 2.3714 4.42974 126.156 
0.35783 0.135128 110790 1 0.330729 0.824038 656 1 1758 -0.0178257 0.0102702 -0.102802 2.4221 4.46651 125.936 
0.363734 -0.00841265 110870 1 0.333333 0.794231 657 1 1760 -0.0158641 0.0151482 -0.110205 2.49783 4.66936 126.267 
0.281834 0.276616 110950 1 0.333333 0.7875 658 1 1762 -0.0099737 0.00467736 -0.0814296 2.46482 4.54422 127.485 
0.20515 0.385772 110990 1 0.333333 0.7875 659 1 1763 -0.00878931 -0.00557107 -0.0631449 2.40531 4.46631 128.393 
0.192901 0.843711 111111 1 0.333333 0.7875 660 1 1766 -0.00120635 -0.0208893 0.0042241 2.42028 4.18792 130.923 
0.0835421 0.703719 111192 1 0.333333 0.7875 661 1 1768 9.7949e-005 -0.0145986 -0.00372061 2.46062 4.35676 130.158 
0.233552 0.777806 111272 1 0.334375 0.7875 662 1 1770 0.00417902 0.00791127 -0.00895296 2.67799 4.43561 129.406 
0.266178 0.837251 111312 1 0.339583 0.777885 663 1 1771 0.00526779 0.0118817 -0.00682217 2.70468 4.47108 129.254 
0.224476 0.792612 111392 1 0.341667 0.765385 664 1 1773 0.00991691 0.00218711 0.00111845 2.56958 4.47158 129.079 
-0.0761663 2.38006 111473 1 0.345833 0.746154 665 0 1775 0.0141579 0.00384617 -0.00968716 2.58806 4.63349 128.842 
-0.650361 18.8151 111513 1 0.353125 0.7125 666 0 1776 0.0322352 -0.0187111 -0.00194587 2.34917 4.66175 130.173 
-1.17047 4.14077 111593 1 0.360417 0.671154 667 0 1778 0.0491354 -0.00533116 -0.0136561 2.50109 4.86172 130.034 
0.400692 1.40714 111673 1 0.360938 0.646154 668 0 1780 0.0536478 0.00283446 0.0079735 2.65889 4.67964 130.139 
0.413373 1.0229 111753 1 0.359375 0.591346 669 1 1782 0.0599349 -0.00512834 0.00778994 2.63008 4.76981 130.263 
0.323387 0.80706 111833 1 0.345313 0.513462 670 1 1784 0.0585082 -0.0148537 0.0142531 2.5611 4.83078 130.593 
0.308286 0.634104 111914 1 0.3 0.429808 671 1 1786 0.0533448 -0.00587653 0.0153818 2.65027 4.83877 130.367 
0.349539 0.640319 111954 1 0.247917 0.353846 672 1 1787 0.04667 -0.0022263 0.0148127 2.66738 4.8368 130.052 
0.425858 0.740602 112034 1 0.223958 0.322115 673 1 1789 0.0348804 0.0123317 0.0196373 2.80164 4.75989 129.711 
0.452562 0.774898 112075 1 0.179688 0.318269 674 1 1790 0.0318333 0.0161165 0.0189698 2.82992 4.75095 129.483 
0.216485 0.600897 112155 1 0.176042 0.318269 675 1 1792 0.0298165 0.0180584 0.0182905 2.83862 4.78224 129.124 
0.0978708 0.567167 112195 1 0.176042 0.330769 676 1 1793 0.0298753 0.0122232 0.0154743 2.77926 4.81394 128.797 
-0.0652429 0.724803 112275 1 0.176042 0.336538 677 1 1795 0.0280679 -0.00134844 0.0186497 2.67752 4.7767 128.826 
-0.115648 0.594405 112356 1 0.176042 0.336538 678 1 1797 0.0349084 0.00482565 0.0116272 2.81823 4.80853 128.584 
-0.117537 0.383343 112436 1 0.176042 0.336538 679 1 1799 0.038562 0.0102871 -0.00294332 2.84584 4.8567 127.765 
