ImageFile:
0.496704 1.25987 64525 1 0.131771 0.265385 1 0 624 -0.022761 -0.0647863 0.0115781 0.495397 -3.66142 135.544 
-0.098585 0.810389 64850 1 0.132292 0.265385 2 1 632 -0.0287655 -0.114685 0.0304358 -0.131172 -3.55571 133.483 
-0.288886 0.783423 64887 1 0.149479 0.264423 3 0 633 -0.03082 -0.116598 0.0395199 -0.170513 -3.62058 133.361 
-0.227821 0.601631 64966 1 0.238542 0.263462 4 0 635 -0.0276531 -0.0937505 0.0198281 0.0507272 -3.50868 134.026 
-0.141081 0.595641 65046 1 0.523958 0.274038 5 1 637 -0.0292738 -0.0913048 0.0154608 0.0868211 -3.48476 134.413 
-0.00062372 0.565243 65086 1 0.865104 0.283654 6 1 638 -0.0297613 -0.0921366 0.00603083 0.0911791 -3.4124 134.652 
-1.15575 3.23893 65167 1 0.897396 0.282692 7 0 640 -0.0296937 -0.0915924 0.00711361 0.107898 -3.41814 134.665 
-0.658119 5.35155 65247 1 0.897396 0.282692 8 0 642 -0.0272454 -0.091471 0.00489085 0.104665 -3.32772 133.986 
2.52341 3.46201 65329 1 0.897396 0.282692 9 0 644 -0.0251327 -0.0716623 0.0116662 0.303518 -3.41453 134.687 
1.12973 1.30125 65407 1 0.896354 0.264423 10 0 646 -0.0236377 -0.0605172 0.0234469 0.514958 -3.58129 135.274 
1.17327 1.08531 65447 1 0.916146 0.182692 11 1 647 -0.0238499 -0.0596792 0.0242149 0.537075 -3.59337 135.49 
1.38617 0.911557 65527 1 0.911458 0.120192 12 0 649 -0.0225353 -0.0612396 0.0202777 0.525276 -3.54958 135.342 
1.33112 0.920746 65568 1 0.90625 0.111538 13 0 650 -0.0229096 -0.0667342 0.0225625 0.479608 -3.56332 135.34 
0.196039 5.56611 65689 1 0.870313 0.119231 14 0 653 -0.0223817 -0.0691391 0.0179635 0.459433 -3.49979 135.432 
2.23979 1.76049 65768 1 0.867708 0.120192 15 0 655 -0.0204473 -0.0618684 0.0216188 0.513669 -3.53298 135.434 
1.60908 0.095481 65848 1 0.867708 0.120192 16 0 657 -0.0226148 -0.0616806 0.0182605 0.519622 -3.50305 135.447 
1.60908 0.095481 65848 1 0.867708 0.120192 17 0 657 -0.0226148 -0.0616806 0.0182605 0.519622 -3.50305 135.447 
1.60908 0.095481 65848 1 0.867708 0.120192 18 0 657 -0.0226148 -0.0616806 0.0182605 0.519622 -3.50305 135.447 
1.48551 0.233547 66089 1 0.867188 0.123077 19 0 663 -0.0207986 -0.0633014 0.0131187 0.51205 -3.44875 135.538 
1.41116 0.211728 66128 1 0.870313 0.160577 20 0 664 -0.0223225 -0.0674515 0.0126676 0.470198 -3.43382 135.497 
1.37672 0.179639 66169 1 0.870313 0.160577 21 0 665 -0.0222311 -0.0689256 0.00946054 0.45674 -3.39964 135.434 
1.37672 0.179639 66169 1 0.902604 0.155769 22 0 665 -0.0222311 -0.0689256 0.00946054 0.45674 -3.39964 135.434 
0.465965 0.599157 66369 1 0.881771 0.156731 23 1 670 -0.0220374 -0.0665208 0.0033757 0.499889 -3.31113 135.577 
0.528239 0.590068 66449 1 0.753125 0.285577 24 1 672 -0.0211532 -0.0652967 0.00609642 0.537876 -3.33275 135.737 
0.682661 0.628467 66489 1 0.485938 0.583654 25 1 673 -0.0207593 -0.0631956 0.00633053 0.570955 -3.33386 135.847 
0.679549 0.627576 66529 1 0.395833 0.727885 26 1 674 -0.0216779 -0.071645 0.00606516 0.514985 -3.32215 135.845 
0.679549 0.627576 66529 1 0.408333 0.724038 27 1 674 -0.0216779 -0.071645 0.00606516 0.514985 -3.32215 135.845 
0.61816 0.629411 66690 1 0.408333 0.724038 28 1 678 -0.0187358 -0.0750076 0.00597572 0.515276 -3.30894 135.82 
0.675198 0.669505 66769 1 0.408333 0.724038 29 1 680 -0.0174022 -0.0779426 0.00599668 0.537665 -3.30812 135.95 
-0.232437 3.91061 66850 1 0.4125 0.721154 30 0 682 -0.0160447 -0.0853066 0.00357565 0.493874 -3.29265 136.117 
0.103291 2.86413 66890 1 0.389583 0.725 31 0 683 -0.0154443 -0.0835711 0.00481173 0.521046 -3.31285 136.222 
0.486986 1.21879 66970 1 0.266667 0.866346 32 0 685 -0.0144311 -0.0846425 0.0126272 0.560877 -3.41757 136.163 
1.31208 6.33197 67051 1 0.174479 0.944231 33 0 687 -0.0139694 -0.0841318 0.0137909 0.586072 -3.43841 136.147 
-0.0760723 5.76968 67131 1 0.148958 0.944231 34 0 689 -0.00502663 -0.0942848 0.020258 0.558663 -3.51419 136.114 
-1.15037 3.81267 67171 1 0.121354 0.941346 35 0 690 -0.00407094 -0.0956215 0.0236422 0.574457 -3.55719 135.991 
0.706183 1.2215 67250 1 0.0921875 0.941346 36 0 692 -0.00125793 -0.0946342 0.0307804 0.686114 -3.65614 135.899 
0.722904 1.05587 67291 1 0.075 0.941346 37 1 693 0.00116767 -0.0978639 0.0308218 0.666612 -3.65494 135.776 
0.753206 0.964436 67371 1 0.0604167 0.959615 38 1 695 0.000820583 -0.101628 0.0259299 0.647846 -3.58588 135.67 
0.767466 0.979812 67452 1 0.040625 1.00192 39 1 697 0.000950059 -0.101293 0.0260021 0.64954 -3.5695 135.734 
0.808319 0.901571 67532 1 0.040625 1.00385 40 1 699 -0.000724622 -0.0970801 0.0252497 0.677224 -3.55157 135.985 
0.810291 0.878283 67571 1 0.040625 1.00481 41 1 700 -0.000242499 -0.0974279 0.022182 0.661176 -3.5182 135.949 
0.85499 0.746675 67651 1 0.04375 1.00096 42 1 702 -0.00188114 -0.0829623 0.0135265 0.758112 -3.42468 135.989 
0.917867 0.759721 67734 1 0.0479167 0.994231 43 1 704 -0.00171137 -0.0801819 0.0134259 0.756349 -3.41122 135.952 
0.884212 0.763608 67812 1 0.0494792 0.990385 44 1 706 -0.00318551 -0.0788735 0.0152829 0.746381 -3.41512 136.082 
0.890977 0.756181 67852 1 0.0510417 0.985577 45 1 707 -0.00286892 -0.0790484 0.0154386 0.747495 -3.41378 136.101 
1.2261 8.5185 67933 1 0.0510417 0.983654 46 0 709 -0.00258583 -0.0760409 0.0192638 0.78282 -3.4392 136.174 
12.0508 23.6337 68012 1 0.0515625 0.982692 47 0 711 -0.0017279 -0.094134 0.0213285 0.624221 -3.43786 136.234 
3.51894 6.40459 68052 1 0.0515625 0.982692 48 0 712 -0.00138161 -0.0933552 0.0213945 0.630252 -3.44099 136.203 
0.851164 1.73215 68133 1 0.0515625 0.982692 49 0 714 -0.000208788 -0.0811233 0.0320359 0.772527 -3.53872 136.158 
0.895803 1.34285 68213 1 0.0515625 0.982692 50 0 716 -0.00306703 -0.0842543 0.0355203 0.739182 -3.51498 136.04 
0.83505 1.30595 68253 1 0.0515625 0.982692 51 0 717 -0.00233708 -0.0814841 0.0381093 0.752747 -3.54175 136.138 
0.852079 1.34473 68293 1 0.0515625 0.982692 52 0 718 -0.00299919 -0.0827894 0.044291 0.74028 -3.60828 136.19 
0.852079 1.34473 68293 1 0.0515625 0.982692 53 0 718 -0.00299919 -0.0827894 0.044291 0.74028 -3.60828 136.19 
0.9195 1.18157 68453 1 0.0515625 0.982692 54 1 722 -0.00306125 -0.0781174 0.0348899 0.750588 -3.48798 136.1 
0.879671 1.06841 68535 1 0.0515625 0.982692 55 1 724 -0.00349307 -0.079973 0.0323041 0.722566 -3.43565 136.174 
0.720174 2.30651 68614 1 0.0515625 0.982692 56 0 726 -0.0025437 -0.0764646 0.0303393 0.743047 -3.4226 136.215 
0.720174 2.30651 68614 1 0.0515625 0.982692 57 0 726 -0.0025437 -0.0764646 0.0303393 0.743047 -3.4226 136.215 
-0.681301 7.75102 68654 1 0.0515625 0.982692 58 0 727 -0.00265193 -0.0943174 0.0279879 0.600407 -3.40233 136.225 
0.250029 2.8604 68773 1 0.0515625 0.982692 59 0 730 -0.000242037 -0.0957138 0.0263328 0.582402 -3.40491 136.285 
0.84973 1.43097 68894 1 0.0515625 0.982692 60 0 733 0.000410688 -0.0808995 0.0218761 0.784102 -3.47242 136.285 
0.819657 1.24586 68934 1 0.0515625 0.982692 61 0 734 0.00194828 -0.0810379 0.0152409 0.796691 -3.42531 136.077 
0.721785 1.06346 69014 1 0.1625 1.00962 62 1 736 0.00250595 -0.0844071 0.0111229 0.783581 -3.38508 135.865 
0.758517 0.978315 69055 1 0.598958 1.02596 63 1 737 0.00142897 -0.0787099 0.00674274 0.844324 -3.34357 135.943 
0.798619 0.992447 69134 1 1.14063 1.02885 64 1 739 0.00167743 -0.0750259 0.0108941 0.864255 -3.35709 136.113 
0.899351 1.19526 69214 1 1.53438 0.957692 65 1 741 0.00172414 -0.0806978 0.0192505 0.81359 -3.41323 136.192 
0.895149 1.19936 69295 1 1.63177 0.880769 66 1 743 0.000677584 -0.0837375 0.024296 0.770176 -3.445 136.113 
0.929387 1.27028 69375 1 1.76302 0.803846 67 0 745 0.000894775 -0.0803394 0.0320002 0.793034 -3.50802 136.177 
0.949469 1.27628 69416 1 1.83229 0.7875 68 0 746 0.00108081 -0.0791833 0.0315564 0.811236 -3.51217 136.251 
0.909745 1.24299 69495 1 1.86719 0.783654 69 0 748 0.000946699 -0.082722 0.0328522 0.790926 -3.49267 136.118 
0.921298 1.26515 69575 1 1.86563 0.770192 70 0 750 0.00114878 -0.0817066 0.0339338 0.815014 -3.51929 136.186 
0.971446 1.3301 69615 1 1.8651 0.770192 71 0 751 0.00184929 -0.0771191 0.0365078 0.858402 -3.55581 136.24 
0.968629 1.20303 69696 1 1.8651 0.770192 72 0 753 0.00158418 -0.0771253 0.0235546 0.860188 -3.44987 136.311 
0.798085 2.37878 69736 1 1.8651 0.770192 73 0 754 0.00158418 -0.0771253 0.0235546 0.860188 -3.44987 136.311 
0.798085 2.37878 69736 1 1.8651 0.770192 74 0 754 0.00158418 -0.0771253 0.0235546 0.860188 -3.44987 136.311 
0.733433 2.47318 69896 1 1.8651 0.770192 75 0 758 0.00329052 -0.0894453 0.0239708 0.72642 -3.47224 136.541 
0.846917 1.44611 69976 1 1.8651 0.770192 76 0 760 0.00129523 -0.0809912 0.0183426 0.795865 -3.42253 136.246 
0.903819 1.3275 70016 1 1.8651 0.770192 77 0 761 0.00208093 -0.0775601 0.0192018 0.83236 -3.43625 136.339 
0.940468 1.20971 70056 1 1.8651 0.770192 78 0 762 0.00133696 -0.0776759 0.0185858 0.838917 -3.43926 136.321 
0.940468 1.20971 70056 1 1.8651 0.770192 79 0 762 0.00133696 -0.0776759 0.0185858 0.838917 -3.43926 136.321 
0.957088 1.07705 70258 1 1.8651 0.770192 80 1 767 0.00220947 -0.073352 0.0132164 0.86863 -3.4078 136.187 
0.947085 1.11302 70296 1 1.8651 0.770192 81 1 768 0.00174456 -0.0789743 0.0169239 0.81461 -3.43715 136.222 
0.994341 1.11413 70377 1 1.8651 0.770192 82 1 770 0.00249082 -0.0727234 0.0180943 0.880809 -3.44587 136.169 
1.02414 1.08645 70457 1 1.8651 0.770192 83 1 772 0.00354436 -0.0711334 0.014607 0.914075 -3.39747 136.143 
0.997866 1.14062 70497 1 1.8651 0.770192 84 1 773 0.00304384 -0.0741059 0.0162601 0.895483 -3.42078 136.177 
0.971595 1.16793 70578 1 1.8651 0.770192 85 1 775 0.00396635 -0.0756802 0.0178706 0.877178 -3.43902 136.125 
0.926868 2.5508 70657 1 1.8651 0.770192 86 0 777 0.00431605 -0.0675063 0.0178115 0.948939 -3.43145 136.156 
0.472521 6.8914 70697 1 1.8651 0.770192 87 0 778 0.00278827 -0.104944 0.0169683 0.636556 -3.41623 136.258 
0.499698 2.81195 70777 1 1.8651 0.770192 88 0 780 0.00559937 -0.0905795 0.0184294 0.72569 -3.42623 136.346 
0.951115 1.57931 70858 1 1.8651 0.770192 89 0 782 0.0034397 -0.0734105 0.01793 0.901395 -3.44141 136.163 
0.977547 1.3829 70898 1 1.8651 0.770192 90 0 783 0.00344951 -0.0734564 0.0205371 0.888843 -3.45702 136.137 
0.403322 0.946582 70979 1 1.8651 0.770192 91 1 785 0.00348754 -0.0672114 0.0195632 0.93112 -3.42938 136.244 
0.376621 0.816031 71058 1 1.8651 0.770192 92 1 787 0.00430131 -0.0730969 0.0236423 0.876026 -3.44383 136.205 
0.410934 0.903731 71098 1 1.8651 0.770192 93 1 788 0.00456864 -0.0700465 0.0295689 0.918665 -3.48345 136.083 
0.379788 0.921191 71178 1 1.8651 0.770192 94 1 790 0.00561165 -0.0749134 0.0330198 0.878654 -3.50122 136.065 
0.353337 0.824665 71260 1 1.8651 0.770192 95 1 792 0.00542101 -0.0783123 0.0315065 0.84414 -3.45992 136.111 
0.382189 0.921015 71339 1 1.8651 0.770192 96 1 794 0.00542852 -0.0728685 0.0323487 0.889218 -3.48506 136.113 
0.375084 0.987417 71378 1 1.8651 0.770192 97 1 795 0.00585109 -0.0745982 0.0372462 0.880616 -3.53929 136.088 
0.38183 1.07389 71459 1 1.8651 0.770192 98 1 797 0.00577085 -0.0728858 0.0338672 0.891422 -3.50773 135.952 
0.591423 8.4148 71539 1 1.8651 0.770192 99 0 799 0.00331474 -0.102218 0.0271303 0.636969 -3.43299 136.077 
-0.181439 7.40346 71579 1 1.8651 0.770192 100 0 800 0.00551569 -0.0901592 0.0222034 0.704013 -3.36824 136.057 
-0.555386 2.53368 71660 1 1.8651 0.770192 101 0 802 0.00589287 -0.0906584 0.0275455 0.695075 -3.43515 136.074 
0.383763 1.25869 71740 1 1.8651 0.770192 102 0 804 0.00495505 -0.0791423 0.0359736 0.814505 -3.54242 136.113 
0.40224 1.17855 71780 1 1.8651 0.770192 103 1 805 0.0042122 -0.0787603 0.0369654 0.814115 -3.55629 136.099 
0.389475 1.15285 71859 1 1.8651 0.770192 104 1 807 0.00516684 -0.0795672 0.0362474 0.816232 -3.56353 136.193 
0.303958 0.865488 71980 1 1.8651 0.770192 105 1 810 0.00252575 -0.0893596 0.0190777 0.75721 -3.45607 136.172 
0.314543 0.836248 72020 1 1.8651 0.770192 106 1 811 0.0022825 -0.0902205 0.0175315 0.749468 -3.45257 136.13 
0.401285 0.688124 72101 1 1.8651 0.770192 107 1 813 0.00360023 -0.0823397 0.011845 0.839557 -3.39902 136.054 
0.476507 0.695519 72140 1 1.8651 0.770192 108 1 814 0.00462783 -0.07568 0.0149727 0.910377 -3.42867 136.066 
0.511072 0.573631 72220 1 1.8651 0.770192 109 1 816 0.00524043 -0.0723623 0.0109815 0.935521 -3.39712 136.054 
0.538382 0.627214 72300 1 1.8651 0.770192 110 1 818 0.004777 -0.0726002 0.0115793 0.937199 -3.41838 136.024 
0.541799 0.674078 72341 1 1.8651 0.770192 111 1 819 0.0056651 -0.0706482 0.0155865 0.946483 -3.4587 136.002 
0.520576 0.579637 72422 1 1.8651 0.770192 112 1 821 0.00422112 -0.0746318 0.00890598 0.888685 -3.38976 136.028 
0.531678 0.562604 72501 1 1.8651 0.770192 113 1 823 0.00414263 -0.0766481 0.00940164 0.87617 -3.39153 136.04 
0.0203057 6.69198 72581 1 1.8651 0.770192 114 0 825 0.00388271 -0.0801068 0.0213872 0.854195 -3.50497 136.219 
0.0203057 6.69198 72581 1 1.8651 0.770192 115 0 825 0.00388271 -0.0801068 0.0213872 0.854195 -3.50497 136.219 
0.127157 1.74899 72701 1 1.8651 0.770192 116 0 828 0.00289557 -0.0798067 0.0223807 0.845759 -3.52157 136.248 
0.295796 1.27578 72741 1 1.8651 0.770192 117 0 829 0.00421955 -0.0749502 0.0220545 0.900012 -3.53713 136.108 
0.419775 0.811242 72822 1 1.8651 0.770192 118 1 831 0.00467471 -0.0786466 0.0132235 0.87477 -3.46586 135.798 
0.484014 0.668679 72902 1 1.8651 0.770192 119 1 833 0.00635776 -0.0829766 0.0143055 0.843323 -3.4396 135.732 
0.937809 0.484672 72983 1 1.8651 0.770192 120 1 835 0.00612717 -0.0752852 0.016195 0.921229 -3.45545 135.935 
0.905247 0.438727 73022 1 1.8651 0.770192 121 1 836 0.0072891 -0.0757563 0.0136885 0.906911 -3.43024 135.877 
0.883012 0.414247 73102 1 1.8651 0.770192 122 1 838 0.0053385 -0.0755256 0.013717 0.878536 -3.44061 135.915 
0.880292 0.344816 73182 1 1.8651 0.770192 123 1 840 0.00462175 -0.0756013 0.0121734 0.859902 -3.43274 135.877 
0.880292 0.344816 73182 1 1.8651 0.770192 124 1 840 0.00462175 -0.0756013 0.0121734 0.859902 -3.43274 135.877 
1.03088 8.65458 73302 1 1.8651 0.770192 125 0 843 0.00457832 -0.0729532 0.0153552 0.873982 -3.45669 135.88 
0.292008 5.81905 73343 1 1.8651 0.770192 126 0 844 0.00493997 -0.0999337 0.00905669 0.628285 -3.39496 136.198 
0.74792 1.34716 73422 1 1.8651 0.770192 127 0 846 0.00231002 -0.0747287 0.0111926 0.796368 -3.42687 135.949 
0.782273 0.619317 73503 1 1.8651 0.770192 128 1 848 0.00411218 -0.091892 0.0166461 0.657129 -3.50367 135.862 
0.802556 0.540935 73584 1 1.8651 0.770192 129 1 850 0.00320675 -0.0772531 0.015401 0.760489 -3.52073 135.778 
0.833974 0.492521 73623 1 1.8651 0.770192 130 1 851 0.00408471 -0.079549 0.0148567 0.748152 -3.53187 135.754 
0.810358 1.02397 73703 1 1.8651 0.770192 131 1 853 0.00346782 -0.0804621 0.0154808 0.746765 -3.54059 135.808 
0.854291 6.19813 73784 1 1.8651 0.770192 132 0 855 0.00375821 -0.095494 0.0122808 0.606358 -3.49878 135.823 
-0.181105 2.20083 73863 1 1.8651 0.770192 133 0 857 0.00437823 -0.0933968 0.0097341 0.59915 -3.4677 135.719 
0.738575 1.08732 73903 1 1.8651 0.770192 134 1 858 0.0039669 -0.0755127 0.0131708 0.763862 -3.49654 135.61 
0.869039 0.740943 73983 1 1.8651 0.770192 135 1 860 0.00512567 -0.0766601 0.0140085 0.777157 -3.49784 135.64 
0.804955 0.425765 74023 1 1.8651 0.770192 136 1 861 0.00433727 -0.0789439 0.00922285 0.758095 -3.42731 135.599 
0.848435 0.320929 74104 1 1.8651 0.770192 137 1 863 0.00432141 -0.0743695 0.00702212 0.798435 -3.38942 135.782 
0.691062 6.00557 74184 1 1.8651 0.770192 138 0 865 0.00620051 -0.0983921 0.00549851 0.597672 -3.3792 135.883 
0.388912 6.12205 74225 1 1.8651 0.770192 139 0 866 0.0046201 -0.0984136 -0.000671474 0.572571 -3.31769 135.884 
0.426712 2.19721 74305 1 1.8651 0.770192 140 0 868 0.0040612 -0.0781116 0.0135058 0.747099 -3.45472 135.749 
0.948694 0.667012 74384 1 1.8651 0.770192 141 1 870 0.00566393 -0.0719937 0.0109507 0.834912 -3.42969 135.82 
0.941776 0.567026 74424 1 1.8651 0.770192 142 1 871 0.00427916 -0.0733842 0.0101763 0.827077 -3.40826 135.871 
0.928489 0.382225 74505 1 1.8651 0.770192 143 1 873 0.00427932 -0.0719333 0.00567559 0.833009 -3.33383 135.98 
0.964037 0.382452 74585 1 1.8651 0.770192 144 1 875 0.00554873 -0.0709463 0.0103313 0.84551 -3.37006 136.189 
0.980139 0.375525 74625 1 1.8651 0.770192 145 1 876 0.00571551 -0.0705657 0.00823964 0.848553 -3.3501 136.149 
0.970136 0.333292 74705 1 1.8651 0.770192 146 1 878 0.0048622 -0.0720757 0.0112899 0.820477 -3.36122 136.296 
0.983279 0.299962 74785 1 1.8651 0.770192 147 1 880 0.00539884 -0.0733665 0.0152494 0.795371 -3.36187 136.087 
0.963185 0.273131 74867 1 1.8651 0.770192 148 1 882 0.00460842 -0.0755478 0.0178485 0.779163 -3.37643 136.184 
1.08432 0.356068 74906 1 1.8651 0.770192 149 1 883 0.00464792 -0.0706629 0.0193714 0.805999 -3.39258 136.188 
1.48021 1.39674 74986 1 1.8651 0.770192 150 0 885 0.00536216 -0.0635347 0.0262865 0.858123 -3.46137 136.342 
3.69597 4.50101 75026 1 1.8651 0.770192 151 0 886 0.00536216 -0.0635347 0.0262865 0.858123 -3.46137 136.342 
1.51288 0.940591 75105 1 1.8651 0.770192 152 0 888 0.000179 -0.0514702 0.0193763 0.776641 -3.32626 136.561 
1.56752 0.776959 75146 1 1.8651 0.770192 153 0 889 -0.00134168 -0.048622 0.0203034 0.75574 -3.32921 136.691 
1.43458 7.2157 75226 1 1.8651 0.770192 154 0 891 -0.00283793 -0.0548809 0.013871 0.678394 -3.27272 136.895 
1.59824 8.07603 75266 1 1.8651 0.770192 155 0 892 -0.00362179 -0.0604919 0.00999981 0.609119 -3.23505 136.751 
1.19449 8.15108 75307 1 1.8651 0.770192 156 0 893 -0.00414845 -0.0594451 0.0116114 0.60299 -3.25236 136.737 
1.19449 8.15108 75307 1 1.8651 0.770192 157 0 893 -0.00414845 -0.0594451 0.0116114 0.60299 -3.25236 136.737 
1.2071 0.663382 75506 1 1.8651 0.770192 158 0 898 -0.00215051 -0.0673367 0.0117803 0.547419 -3.26479 136.619 
1.50295 0.708893 75587 1 1.8651 0.770192 159 0 900 -0.000835803 -0.0546083 0.0148887 0.754361 -3.38873 136.987 
1.40539 0.67271 75627 1 1.8651 0.770192 160 0 901 0.000953851 -0.0598562 0.0130188 0.733295 -3.39075 136.813 
1.40539 0.67271 75627 1 1.8651 0.770192 161 0 901 0.000953851 -0.0598562 0.0130188 0.733295 -3.39075 136.813 
1.26438 0.683857 75747 1 1.8651 0.770192 162 0 904 0.00286757 -0.07142 0.0178432 0.695164 -3.40478 136.232 
1.15782 7.35488 75828 1 1.8651 0.770192 163 0 906 0.00286054 -0.0726257 0.0150218 0.703 -3.37992 136.78 
-0.059651 3.76318 75907 1 1.8651 0.770192 164 0 908 0.00374766 -0.0709286 0.0160728 0.721698 -3.41586 136.928 
0.460111 2.67159 75947 1 1.8651 0.770192 165 0 909 0.0035336 -0.0710676 0.0141321 0.711157 -3.41623 136.908 
0.460111 2.67159 75947 1 1.8651 0.770192 166 0 909 0.0035336 -0.0710676 0.0141321 0.711157 -3.41623 136.908 
1.36773 0.654658 76148 1 1.8651 0.770192 167 0 914 5.75638e-006 -0.0655429 0.0137001 0.709455 -3.4202 136.64 
1.37671 0.587063 76188 1 1.8651 0.770192 168 0 915 -5.94672e-005 -0.0667532 0.011977 0.697864 -3.41016 136.563 
1.38314 0.499705 76268 1 1.8651 0.770192 169 0 917 0.00244483 -0.0728169 0.0136892 0.658431 -3.40641 136.284 
1.38314 0.499705 76268 1 1.8651 0.770192 170 0 917 0.00244483 -0.0728169 0.0136892 0.658431 -3.40641 136.284 
1.35512 0.372142 76308 1 1.8651 0.770192 171 0 918 0.0012825 -0.0731442 0.0089291 0.658815 -3.34621 136.488 
1.37849 0.431334 76470 1 1.8651 0.770192 172 0 922 0.00226161 -0.0734011 0.0111757 0.686273 -3.38519 136.406 
1.40086 0.440888 76549 1 1.8651 0.770192 173 0 924 0.00284187 -0.0737861 0.0113905 0.689054 -3.38313 136.354 
1.40851 0.47241 76589 1 1.8651 0.770192 174 0 925 0.00255497 -0.0718037 0.0137176 0.699711 -3.39852 136.403 
1.40851 0.47241 76589 1 1.8651 0.770192 175 0 925 0.00255497 -0.0718037 0.0137176 0.699711 -3.39852 136.403 
1.38818 0.389331 76749 1 1.8651 0.770192 176 0 929 0.00213418 -0.0693618 0.012042 0.693948 -3.35031 136.563 
1.34553 0.418868 76789 1 1.8651 0.770192 177 0 930 0.000817696 -0.073915 0.0111771 0.660516 -3.34992 136.517 
0.962857 0.501318 76910 1 1.8651 0.770192 178 1 933 0.00157931 -0.0730509 0.0174111 0.703234 -3.43484 136.395 
0.962857 0.501318 76910 1 1.8651 0.770192 179 1 933 0.00157931 -0.0730509 0.0174111 0.703234 -3.43484 136.395 
0.797991 0.496056 76950 1 1.8651 0.770192 180 1 934 0.00213447 -0.0748352 0.0171735 0.701942 -3.43273 136.348 
0.108667 2.7043 77109 1 1.8651 0.770192 181 0 938 0.00215507 -0.0784307 0.0112578 0.689841 -3.34844 136.515 
0.69913 1.61856 77149 1 1.8651 0.770192 182 0 939 0.00125212 -0.0704454 0.0231716 0.781722 -3.45941 136.665 
0.864764 1.03985 77230 1 1.8651 0.770192 183 1 941 0.00206425 -0.0720043 0.0262815 0.781616 -3.47644 136.619 
0.887045 1.05174 77310 1 1.8651 0.770192 184 1 943 0.00352816 -0.0703539 0.0307961 0.80161 -3.50125 136.583 
0.882616 5.08795 77351 1 1.8651 0.770192 185 0 944 0.00352816 -0.0703539 0.0307961 0.80161 -3.50125 136.583 
-0.273343 5.53857 77431 1 1.8651 0.770192 186 0 946 0.00252909 -0.0808935 0.0214385 0.6863 -3.36648 136.495 
0.744108 1.78695 77512 1 1.8651 0.770192 187 0 948 0.00164265 -0.0717906 0.0338127 0.758544 -3.49206 136.557 
0.832213 1.11178 77591 1 1.8651 0.770192 188 1 950 0.0013013 -0.0749757 0.0339822 0.732333 -3.50608 136.557 
0.83406 0.910173 77631 1 1.8651 0.770192 189 1 951 0.00073263 -0.070826 0.0317122 0.764558 -3.48307 136.582 
0.834868 0.899867 77711 1 1.8651 0.770192 190 1 953 0.000742643 -0.0709072 0.0318307 0.765197 -3.48204 136.573 
0.792193 0.787052 77791 1 1.8651 0.770192 191 1 955 0.00165419 -0.0780467 0.0299643 0.700207 -3.43694 136.439 
0.778561 0.706866 77832 1 1.8651 0.770192 192 1 956 0.00123449 -0.0771239 0.0274151 0.699693 -3.40165 136.454 
0.825055 0.604695 77911 1 1.8651 0.770192 193 1 958 0.00240917 -0.0785294 0.0243032 0.701626 -3.35806 136.57 
1.13236 7.53325 77991 1 1.8651 0.770192 194 0 960 0.00306734 -0.0843654 0.0186898 0.658122 -3.31871 136.842 
0.194623 7.22798 78031 1 1.8651 0.770192 195 0 961 0.0032698 -0.0809774 0.0195986 0.674591 -3.33178 136.759 
0.347065 2.27008 78112 1 1.8651 0.770192 196 0 963 0.00539384 -0.0786748 0.0234061 0.687872 -3.40152 136.622 
0.938746 1.12251 78193 1 1.8651 0.770192 197 1 965 0.004158 -0.0734674 0.033697 0.759905 -3.52886 136.774 
0.913783 1.02721 78232 1 1.8651 0.770192 198 1 966 0.00408822 -0.07452 0.0328187 0.75211 -3.52209 136.741 
0.908199 1.02814 78312 1 1.8651 0.770192 199 1 968 0.00405426 -0.0744863 0.0327492 0.751849 -3.52277 136.738 
0.901942 1.02969 78352 1 1.8651 0.770192 200 1 969 0.00410145 -0.074421 0.0326527 0.751334 -3.52367 136.731 
0.898381 1.01882 78432 1 1.8651 0.770192 201 1 971 0.00408306 -0.0743843 0.0327614 0.751072 -3.52271 136.726 
0.890321 1.00292 78512 1 1.8651 0.770192 202 1 973 0.00387957 -0.074349 0.0329104 0.750775 -3.5213 136.729 
0.890321 1.00292 78552 1 1.8651 0.770192 203 1 974 0.00387957 -0.074349 0.0329104 0.750775 -3.5213 136.729 
0.890321 1.00292 78633 1 1.8651 0.770192 204 1 976 0.00387957 -0.074349 0.0329104 0.750775 -3.5213 136.729 
0.884416 0.983954 78713 1 1.8651 0.770192 205 1 978 0.00389721 -0.0744656 0.033131 0.751554 -3.51932 136.722 
0.88752 0.970775 78793 1 1.8651 0.770192 206 1 980 0.0040104 -0.0746859 0.0333192 0.753202 -3.51758 136.716 
0.846542 0.954828 78833 1 1.8651 0.770192 207 1 981 0.00107552 -0.0750205 0.0334883 0.755991 -3.51528 136.717 
0.846542 0.954828 78913 1 1.8651 0.770192 208 1 983 0.00107552 -0.0750205 0.0334883 0.755991 -3.51528 136.717 
0.844173 0.951929 78993 1 1.8651 0.770192 209 1 985 0.000893427 -0.0750983 0.0335558 0.7567 -3.51455 136.711 
0.88766 0.748923 79074 1 1.8651 0.770192 210 1 987 -0.000540781 -0.0657044 0.0217211 0.849906 -3.38599 136.709 
0.885771 0.762567 79114 1 1.8651 0.770192 211 1 988 6.81718e-005 -0.067033 0.0235438 0.839902 -3.40476 136.658 
0.908021 0.740242 79194 1 1.8651 0.770192 212 1 990 -0.000528027 -0.0663967 0.0221167 0.844574 -3.39742 136.632 
0.937223 0.75411 79274 1 1.8651 0.770192 213 1 992 -0.000696361 -0.0635556 0.0217162 0.857984 -3.403 136.709 
0.899308 0.665814 79314 1 1.8651 0.770192 214 1 993 -0.00157841 -0.0633212 0.0125759 0.848093 -3.3312 136.725 
0.530582 0.405695 79394 1 1.8651 0.770192 215 1 995 -0.000694839 -0.0521571 0.00441123 0.947507 -3.27363 136.651 
0.522165 0.418987 79474 1 1.8651 0.770192 216 1 997 -0.000849998 -0.0533477 0.00281911 0.930353 -3.26108 136.552 
0.556277 0.432833 79514 1 1.8651 0.770192 217 1 998 -0.00108658 -0.0495763 0.00692348 0.969334 -3.29307 136.576 
0.921785 0.476439 79595 1 1.8651 0.770192 218 1 1000 -0.000514084 -0.0577285 0.00523113 0.88923 -3.2748 136.541 
0.936031 0.532809 79674 1 1.8651 0.770192 219 1 1002 0.000416158 -0.0562194 0.00849073 0.907279 -3.3023 136.617 
0.910149 0.578619 79714 1 1.8651 0.770192 220 1 1003 -0.000103381 -0.0574064 0.0100147 0.891141 -3.30985 136.512 
0.933811 0.609448 79795 1 1.8651 0.770192 221 1 1005 -0.000455918 -0.0599349 0.0123966 0.884394 -3.31747 136.515 
0.95397 0.680271 79875 1 1.8651 0.770192 222 1 1007 -0.00162929 -0.0546941 0.0198059 0.925436 -3.37599 136.563 
0.977629 0.729555 79915 1 1.8651 0.770192 223 1 1008 -0.00101275 -0.0541672 0.0219641 0.934299 -3.40731 136.713 
1.01049 0.758339 79996 1 1.8651 0.770192 224 1 1010 -0.00122266 -0.0548111 0.0172374 0.919311 -3.37331 136.619 
0.984405 0.712686 80036 1 1.8651 0.770192 225 1 1011 -0.001353 -0.0559427 0.0162862 0.898898 -3.3555 136.508 
0.984405 0.712686 80036 1 1.8651 0.770192 226 1 1011 -0.001353 -0.0559427 0.0162862 0.898898 -3.3555 136.508 
1.01814 0.669271 80195 1 1.8651 0.770192 227 1 1015 -0.00167835 -0.0553529 0.0205652 0.893564 -3.36049 136.448 
1.05465 0.635807 80276 1 1.8651 0.770192 228 1 1017 -0.00179634 -0.0551455 0.0256629 0.912883 -3.38122 136.637 
0.999587 0.553532 80316 1 1.8651 0.770192 229 1 1018 -0.00116602 -0.0577359 0.0227564 0.881941 -3.33745 136.631 
0.97492 0.506446 80397 1 1.8651 0.770192 230 1 1020 -0.00196589 -0.053791 0.0206194 0.927794 -3.30933 136.662 
0.474508 0.443616 80476 1 1.8651 0.770192 231 1 1022 -0.00110234 -0.0539254 0.0227558 0.943147 -3.34697 136.66 
0.422314 0.46242 80516 1 1.8651 0.770192 232 1 1023 -0.00110635 -0.0514287 0.0223955 0.959414 -3.3463 136.587 
0.457451 0.413685 80598 1 1.8651 0.770192 233 1 1025 9.82873e-005 -0.0485726 0.0184222 0.980685 -3.29954 136.5 
0.434431 0.397828 80677 1 1.8651 0.770192 234 1 1027 -0.000382002 -0.0467784 0.0201926 0.967882 -3.3015 136.66 
0.325172 0.3348 80757 1 1.8651 0.770192 235 1 1029 7.7119e-005 -0.0514196 0.0218832 0.873086 -3.29945 136.759 
0.345602 0.29903 80797 1 1.8651 0.770192 236 1 1030 0.000113393 -0.051303 0.0185408 0.883832 -3.26838 136.765 
0.382029 0.234607 80878 1 1.8651 0.770192 237 1 1032 -0.00106504 -0.0463291 0.0123538 0.953824 -3.20131 136.651 
0.102861 1.22512 80957 1 1.8651 0.770192 238 0 1034 5.69559e-005 -0.0547291 0.0155916 0.871727 -3.2299 136.71 
0.529452 4.95641 80997 1 1.8651 0.770192 239 0 1035 5.69559e-005 -0.0547291 0.0155916 0.871727 -3.2299 136.71 
-0.210959 2.65493 81078 1 1.8651 0.770192 240 0 1037 3.65765e-005 -0.0776793 0.0158042 0.683416 -3.23894 136.81 
0.189124 0.80749 81158 1 1.8651 0.770192 241 1 1039 -0.000776085 -0.0593801 0.0151031 0.873139 -3.23699 136.726 
0.388575 0.464154 81198 1 1.8651 0.770192 242 1 1040 0.000496656 -0.0527034 0.012648 0.947717 -3.20872 136.779 
0.413521 0.416578 81277 1 1.8651 0.770192 243 1 1042 0.00099803 -0.0554531 0.0149185 0.937022 -3.23511 136.676 
0.417127 0.38383 81358 1 1.8651 0.770192 244 1 1044 0.000163862 -0.0537576 0.0166536 0.95243 -3.24564 136.757 
0.421299 0.339238 81397 1 1.8651 0.770192 245 1 1045 0.00109588 -0.0564864 0.0152048 0.940268 -3.22796 136.802 
0.455028 0.319629 81478 1 1.8651 0.770192 246 1 1047 0.00165178 -0.0560678 0.0144534 0.949204 -3.20632 136.74 
0.480537 0.307792 81558 1 1.8651 0.770192 247 1 1049 0.00169373 -0.0506271 0.0171164 0.994961 -3.22617 136.824 
0.49143 0.284634 81599 1 1.8651 0.770192 248 1 1050 0.00267808 -0.0504307 0.0126285 0.997246 -3.18948 136.762 
0.429815 0.316093 81680 1 1.8651 0.770192 249 1 1052 0.000540345 -0.054994 0.0142464 0.952994 -3.21201 136.772 
0.400577 0.290216 81758 1 1.8651 0.770192 250 1 1054 0.00024205 -0.0600471 0.0153879 0.914412 -3.21686 136.789 
0.362481 0.30753 81839 1 1.8651 0.770192 251 1 1056 0.000258367 -0.0645411 0.0143583 0.876189 -3.21715 136.808 
0.388471 0.307715 81879 1 1.8651 0.770192 252 1 1057 -0.00043334 -0.0593767 0.0133611 0.916809 -3.2098 136.733 
0.885968 0.302399 81959 1 1.8651 0.770192 253 1 1059 -0.000868957 -0.0677521 0.013822 0.841567 -3.22009 136.721 
1.1528 0.249418 82040 1 1.8651 0.770192 254 1 1061 -0.00174358 -0.0705388 0.0109683 0.810503 -3.18955 136.664 
1.2506 0.234486 82080 1 1.8651 0.770192 255 0 1062 -0.000289982 -0.0642253 0.00973844 0.874553 -3.17824 136.625 
1.35708 0.307215 82159 1 1.8651 0.770192 256 0 1064 -0.00190175 -0.0790586 0.0123023 0.744771 -3.20938 136.633 
1.37237 0.307501 82239 1 1.8651 0.770192 257 0 1066 -0.00233899 -0.0739433 0.0105691 0.795353 -3.20068 136.645 
1.3715 0.293487 82280 1 1.8651 0.770192 258 0 1067 -0.00131431 -0.0737868 0.00892243 0.793922 -3.18559 136.559 
1.4658 0.262121 82361 1 1.8651 0.770192 259 0 1069 -0.00312082 -0.0806163 0.0115052 0.730417 -3.21812 136.614 
1.48168 0.253068 82440 1 1.8651 0.770192 260 0 1071 -0.0026688 -0.0778226 0.0096121 0.740117 -3.21348 136.553 
1.48168 0.253068 82440 1 1.8651 0.770192 261 0 1071 -0.0026688 -0.0778226 0.0096121 0.740117 -3.21348 136.553 
1.03778 0.311293 82560 1 1.8651 0.770192 262 1 1074 -0.00369757 -0.0704888 0.0108656 0.799246 -3.2333 136.613 
0.990564 0.505432 82640 1 1.8651 0.770192 263 1 1076 -0.00308305 -0.0721153 0.0155701 0.790641 -3.29691 136.646 
1.04841 0.661443 82721 1 1.8651 0.770192 264 1 1078 -0.00104314 -0.0758226 0.0156264 0.761056 -3.34866 136.734 
1.03761 0.65887 82762 1 1.8651 0.770192 265 1 1079 -0.00152305 -0.073981 0.0110914 0.770995 -3.31327 136.63 
1.03761 0.65887 82762 1 1.8651 0.770192 266 1 1079 -0.00152305 -0.073981 0.0110914 0.770995 -3.31327 136.63 
0.90786 0.700333 82922 1 1.8651 0.770192 267 1 1083 -0.000475815 -0.0697492 0.0128062 0.823162 -3.30932 136.454 
0.838705 0.736357 82961 1 1.8651 0.770192 268 1 1084 0.000228169 -0.0716493 0.012528 0.811539 -3.3065 136.431 
0.881416 0.72812 83041 1 1.8651 0.770192 269 1 1086 -0.000119193 -0.072447 0.0138496 0.81161 -3.30014 136.437 
0.961774 0.715234 83121 1 1.8651 0.770192 270 1 1088 0.000906999 -0.0680633 0.0144821 0.848737 -3.27637 136.457 
0.953686 0.684198 83161 1 1.8651 0.770192 271 1 1089 7.40891e-005 -0.075129 0.0154688 0.782502 -3.27351 136.535 
1.00183 0.573693 83242 1 1.8651 0.770192 272 1 1091 -0.000247159 -0.0674683 0.0111918 0.837841 -3.21227 136.633 
1.00453 0.593986 83322 1 1.8651 0.770192 273 1 1093 -4.92272e-006 -0.0689779 0.0106843 0.819418 -3.20805 136.514 
1.03984 0.601609 83361 1 1.8651 0.770192 274 1 1094 5.85305e-005 -0.0684213 0.0120039 0.832627 -3.21424 136.61 
0.872049 0.650772 83442 1 1.8651 0.770192 275 1 1096 -0.000195374 -0.0762455 0.0104506 0.76248 -3.17891 136.475 
0.81176 0.676614 83522 1 1.8651 0.770192 276 1 1098 0.000704201 -0.0673516 0.0101329 0.845739 -3.15946 136.54 
0.732568 0.703668 83562 1 1.8651 0.770192 277 1 1099 0.0023268 -0.0933424 0.0159006 0.628792 -3.21836 136.767 
0.739238 0.705536 83642 1 1.8651 0.770192 278 1 1101 0.00204323 -0.0714665 0.0085902 0.833984 -3.13896 136.642 
0.743734 0.70979 83722 1 1.8651 0.770192 279 1 1103 0.00218101 -0.0769992 0.00804396 0.801312 -3.12883 136.633 
0.727952 0.713129 83762 1 1.8651 0.770192 280 1 1104 0.0033336 -0.0741618 0.00659327 0.829038 -3.11351 136.548 
0.7239 0.722622 83842 1 1.8651 0.770192 281 1 1106 0.00266471 -0.0767923 0.00862343 0.802519 -3.12933 136.665 
0.482636 0.611679 83923 1 1.8651 0.770192 282 1 1108 0.00366255 -0.068576 0.0085226 0.892142 -3.12592 136.773 
0.461318 0.709002 84004 1 1.8651 0.770192 283 1 1110 0.00315644 -0.0712686 0.0130498 0.860945 -3.1553 136.777 
0.488363 0.754699 84084 1 1.8651 0.770192 284 1 1112 0.00390698 -0.072429 0.0158008 0.844655 -3.1755 136.988 
0.455468 0.767444 84123 1 1.8651 0.770192 285 1 1113 0.00299604 -0.0751125 0.0156651 0.816078 -3.1758 136.965 
0.470985 0.795445 84203 1 1.8651 0.770192 286 1 1115 0.00289211 -0.0744461 0.0170906 0.824929 -3.18677 136.974 
0.497715 0.827804 84243 1 1.8651 0.770192 287 1 1116 0.00287081 -0.0717076 0.0148782 0.85439 -3.16969 136.856 
0.540871 0.833917 84324 1 1.8651 0.770192 288 1 1118 0.00403555 -0.0691101 0.0183056 0.876476 -3.19194 136.912 
0.480068 0.902991 84404 1 1.8651 0.770192 289 1 1120 0.00357551 -0.0768032 0.022476 0.820913 -3.22151 136.842 
0.551862 0.974074 84446 1 1.8651 0.770192 290 1 1121 0.00375872 -0.0707733 0.030387 0.881596 -3.28573 136.839 
0.567536 0.943225 84524 1 1.8651 0.770192 291 1 1123 0.00405463 -0.0707019 0.0317602 0.908507 -3.28197 136.916 
0.612345 0.939477 84604 1 1.8651 0.770192 292 1 1125 0.00448315 -0.0682348 0.0295305 0.935596 -3.26265 136.937 
0.581784 0.942072 84645 1 1.8651 0.770192 293 1 1126 0.00555318 -0.0717928 0.0312782 0.906507 -3.27925 136.93 
0.597596 0.958101 84725 1 1.8651 0.770192 294 1 1128 0.00341536 -0.070707 0.0318284 0.892856 -3.27824 136.929 
0.601099 0.915996 84805 1 1.8651 0.770192 295 1 1130 0.00368859 -0.0712972 0.0300025 0.887802 -3.25448 136.88 
0.590583 0.920764 84845 1 1.8651 0.770192 296 1 1131 0.00279968 -0.0744777 0.0312006 0.849988 -3.26099 136.882 
0.0901009 0.707436 84925 1 1.8651 0.770192 297 1 1133 0.00279203 -0.0724224 0.0309074 0.858808 -3.2586 136.96 
0.106348 0.6759 85006 1 1.8651 0.770192 298 1 1135 0.00286666 -0.0706798 0.035113 0.876508 -3.30166 136.944 
0.0727653 0.659066 85085 1 1.8651 0.770192 299 1 1137 0.00271402 -0.0712486 0.0351533 0.875487 -3.30068 136.933 
-0.0155059 0.500797 85125 1 1.8651 0.770192 300 1 1138 0.00318207 -0.0699714 0.0341446 0.897447 -3.29179 136.98 
0.0149699 0.459692 85206 1 1.8651 0.770192 301 1 1140 0.00522454 -0.0707572 0.0340609 0.908044 -3.29896 136.922 
0.0633737 0.386508 85286 1 1.8651 0.770192 302 1 1142 0.00541931 -0.0663705 0.0335986 0.969697 -3.28223 136.922 
0.0779697 0.377475 85366 1 1.8651 0.770192 303 1 1144 0.00469348 -0.0636738 0.0355132 1.01097 -3.30486 137.027 
0.061091 0.355658 85405 1 1.8651 0.770192 304 1 1145 0.00552871 -0.0666674 0.0326539 0.989634 -3.27743 136.978 
0.087726 0.36476 85486 1 1.8651 0.770192 305 1 1147 0.00621742 -0.0638071 0.0327324 1.0287 -3.29702 136.987 
0.553852 0.651315 85566 1 1.8651 0.770192 306 1 1149 0.00623574 -0.0663684 0.024789 1.00027 -3.24322 136.998 
0.562074 0.667917 85606 1 1.8651 0.770192 307 1 1150 0.00679753 -0.0639251 0.0215312 1.02072 -3.21899 137.018 
0.49384 0.709333 85686 1 1.8651 0.770192 308 1 1152 0.00552076 -0.0705473 0.016286 0.945429 -3.1803 137.06 
0.51511 0.793157 85766 1 1.8651 0.770192 309 1 1154 0.00438298 -0.0682107 0.0181806 0.950477 -3.20171 137.135 
0.463877 0.724826 85847 1 1.8651 0.770192 310 1 1156 0.00473571 -0.0713001 0.0120501 0.901908 -3.14548 137.129 
0.548628 0.735077 85886 1 1.8651 0.770192 311 1 1157 0.0036343 -0.06646 0.0117241 0.948485 -3.14966 137.113 
0.548628 0.735077 85886 1 1.8651 0.770192 312 1 1157 0.0036343 -0.06646 0.0117241 0.948485 -3.14966 137.113 
1.02033 0.482773 86007 1 1.8651 0.770192 313 1 1160 0.00262405 -0.0802587 0.0121913 0.791635 -3.17047 136.974 
0.976068 0.388111 86086 1 1.8651 0.770192 314 1 1162 0.00249411 -0.0812467 0.010798 0.760164 -3.17682 136.665 
1.07843 0.398248 86167 1 1.8651 0.770192 315 1 1164 0.000667118 -0.0796407 0.0118998 0.780291 -3.21076 136.575 
0.185711 3.82129 86247 1 1.8651 0.770192 316 0 1166 0.00329566 -0.101618 0.0175761 0.60402 -3.26999 136.738 
3.06299 2.70501 86287 1 1.8651 0.770192 317 0 1167 0.00190084 -0.0977492 0.0202507 0.622699 -3.29501 136.786 
1.60676 0.271613 86367 1 1.8651 0.770192 318 0 1169 0.000579873 -0.0753238 0.0156629 0.816409 -3.26171 136.607 
1.55118 0.0759833 86408 1 1.8651 0.770192 319 0 1170 -0.000119181 -0.0744805 0.010218 0.806795 -3.20189 136.579 
1.31502 0.0502179 86488 1 1.8651 0.770192 320 0 1172 0.000433944 -0.0733792 0.0108747 0.805583 -3.21354 136.436 
0.853221 0.161552 86567 1 1.8651 0.770192 321 1 1174 -5.45575e-005 -0.0673292 0.0203224 0.869666 -3.29658 136.696 
0.823028 0.152231 86608 1 1.8651 0.770192 322 1 1175 -0.000214882 -0.067423 0.0164185 0.879717 -3.25796 136.612 
0.862377 0.207789 86688 1 1.8651 0.770192 323 1 1177 0.00129289 -0.0682021 0.0187831 0.905011 -3.29072 136.466 
0.906665 0.165671 86768 1 1.8651 0.770192 324 1 1179 0.000735696 -0.0734618 0.0144661 0.838344 -3.24705 136.272 
1.34358 0.192751 86850 1 1.8651 0.770192 325 0 1181 -0.000459645 -0.0796435 0.0130374 0.750424 -3.24109 136.147 
1.3462 0.19262 86888 1 1.8651 0.770192 326 0 1182 -0.0011151 -0.0791115 0.0118496 0.757248 -3.22693 136.184 
0.927831 0.24505 86968 1 1.8651 0.770192 327 1 1184 -0.000114773 -0.0704413 0.0156011 0.847669 -3.25978 136.228 
0.789739 0.390057 87049 1 1.8651 0.770192 328 1 1186 0.000105096 -0.0683349 0.0159603 0.883896 -3.25589 136.334 
0.799542 0.288361 87129 1 1.8651 0.770192 329 1 1188 0.000677407 -0.0681048 0.00999905 0.888811 -3.1751 136.319 
1.22299 0.299617 87169 1 1.8651 0.770192 330 0 1189 0.00122086 -0.0700383 0.00989576 0.872633 -3.16716 136.368 
1.46927 0.367711 87250 1 1.8651 0.770192 331 0 1191 0.000377808 -0.0788856 0.00569156 0.771961 -3.10483 136.393 
1.36618 0.421501 87289 1 1.8651 0.770192 332 0 1192 0.000279464 -0.0919153 0.00825539 0.643969 -3.12039 136.551 
1.40463 0.611065 87409 1 1.8651 0.770192 333 0 1195 0.00044546 -0.072307 0.00702913 0.789185 -3.08712 136.396 
1.39863 0.70511 87450 1 1.8651 0.770192 334 0 1196 0.000816808 -0.0785071 0.00971276 0.742242 -3.10559 136.52 
1.02268 0.809074 87530 1 1.8651 0.770192 335 1 1198 0.00199797 -0.0687103 0.022609 0.861736 -3.21074 136.508 
0.984201 0.873891 87611 1 1.8651 0.770192 336 1 1200 0.000524614 -0.0685903 0.0300382 0.855505 -3.24996 136.658 
0.958602 0.847399 87649 1 1.8651 0.770192 337 1 1201 -0.000318401 -0.0683152 0.0302631 0.853961 -3.25128 136.712 
1.00549 0.913718 87730 1 1.8651 0.770192 338 1 1203 0.000223542 -0.0691276 0.0352732 0.847805 -3.29659 136.756 
1.09692 0.813116 87810 1 1.8651 0.770192 339 1 1205 0.000474328 -0.0693508 0.0308896 0.843072 -3.24956 136.646 
1.10633 0.77462 87850 1 1.8651 0.770192 340 1 1206 0.000383402 -0.0715585 0.032084 0.820513 -3.25316 136.723 
1.09178 0.646591 87931 1 1.8651 0.770192 341 1 1208 -0.00104451 -0.0728684 0.0279716 0.82034 -3.19906 136.882 
1.08141 0.696783 88011 1 1.8651 0.770192 342 1 1210 -0.0011963 -0.0682957 0.0272918 0.849493 -3.20115 136.802 
1.08397 0.655293 88050 1 1.8651 0.770192 343 1 1211 0.000180314 -0.0693473 0.024973 0.833502 -3.17482 136.754 
0.919005 0.525194 88131 1 1.8651 0.770192 344 1 1213 -0.000700529 -0.0656842 0.0248538 0.863667 -3.16365 136.802 
0.821118 0.535288 88211 1 1.8651 0.770192 345 1 1215 -0.000858962 -0.0644778 0.0260394 0.892593 -3.16334 136.856 
0.842393 0.513169 88251 1 1.8651 0.770192 346 1 1216 -0.000123987 -0.0626666 0.0247678 0.898122 -3.14421 136.842 
0.833138 0.52042 88332 1 1.8651 0.770192 347 1 1218 0.000409169 -0.0583298 0.0253866 0.94309 -3.14962 136.85 
0.807446 0.494611 88411 1 1.8651 0.770192 348 1 1220 -9.38737e-005 -0.0645559 0.0260488 0.887206 -3.1529 136.797 
0.834722 0.436925 88451 1 1.8651 0.770192 349 1 1221 0.000805228 -0.0601063 0.0214405 0.921947 -3.10444 136.799 
0.819206 0.380221 88532 1 1.8651 0.770192 350 1 1223 0.000763752 -0.0608333 0.0180578 0.915255 -3.06281 136.758 
0.795258 0.395336 88572 1 1.8651 0.770192 351 1 1224 0.000842082 -0.0655285 0.0200704 0.883756 -3.08115 136.793 
0.801284 0.41819 88652 1 1.8651 0.770192 352 1 1226 0.0011566 -0.0690146 0.0231751 0.871224 -3.11387 136.882 
0.752952 0.371451 88732 1 1.8651 0.770192 353 1 1228 0.00134252 -0.0694766 0.0173947 0.860445 -3.05442 136.761 
0.78892 0.431217 88813 1 1.8651 0.770192 354 1 1230 0.00066933 -0.0677027 0.0219589 0.876564 -3.10584 136.849 
0.783129 0.451024 88853 1 1.8651 0.770192 355 1 1231 0.000538916 -0.0671555 0.0241712 0.875307 -3.13088 136.857 
0.721172 0.513545 88932 1 1.8651 0.770192 356 1 1233 0.00034546 -0.0665826 0.0245947 0.867898 -3.15586 136.844 
0.718305 0.561828 88974 1 1.8651 0.770192 357 1 1234 7.42351e-005 -0.0677265 0.0256151 0.856134 -3.17123 136.788 
0.718305 0.561828 88974 1 1.8651 0.770192 358 1 1234 7.42351e-005 -0.0677265 0.0256151 0.856134 -3.17123 136.788 
-0.215852 4.2926 89133 1 1.8651 0.770192 359 0 1238 0.00300994 -0.0845653 0.029743 0.727709 -3.21328 137.198 
0.156044 2.57631 89173 1 1.8651 0.770192 360 0 1239 0.00160194 -0.0867233 0.0346004 0.702252 -3.25725 137.02 
0.809885 0.77663 89252 1 1.8651 0.770192 361 1 1241 0.00063275 -0.0672127 0.0265303 0.852519 -3.19038 136.87 
0.824055 0.623902 89333 1 1.86094 0.770192 362 1 1243 0.000751122 -0.0668774 0.0277926 0.865006 -3.20556 136.94 
0.823666 0.619069 89413 1 1.7875 0.781731 363 1 1245 -0.000188098 -0.0646062 0.0301173 0.892825 -3.2281 137.006 
0.822217 0.551587 89453 1 1.73021 0.824038 364 1 1246 0.000189526 -0.0623444 0.0278606 0.918659 -3.20576 136.981 
0.768256 0.555886 89534 1 1.67708 0.893269 365 1 1248 9.29078e-005 -0.0698191 0.0289734 0.859244 -3.20976 137.092 
0.763238 0.567696 89613 1 1.67656 0.893269 366 1 1250 0.000516142 -0.0711407 0.0291048 0.86785 -3.22194 137.058 
0.774855 0.635797 89653 1 1.67656 0.893269 367 1 1251 0.00186333 -0.0710539 0.0319659 0.878711 -3.26206 137.043 
0.76485 0.568352 89734 1 1.67656 0.893269 368 1 1253 0.00162583 -0.0735821 0.0283784 0.868536 -3.23794 137.104 
0.521914 0.454311 89814 1 1.6724 0.893269 369 1 1255 0.00218994 -0.0690226 0.0295976 0.935309 -3.25022 137.007 
0.505334 0.476262 89854 1 1.63802 0.895192 370 1 1256 0.00321793 -0.067613 0.0329834 0.95467 -3.28151 137.036 
0.540687 0.479836 89935 1 1.63229 0.892308 371 1 1258 0.00417148 -0.0634713 0.0315804 0.993531 -3.27043 136.95 
0.405528 0.461204 89974 1 1.63229 0.892308 372 1 1259 0.00354469 -0.0635139 0.0362878 0.968274 -3.29129 136.926 
0.35438 0.353677 90054 1 1.63229 0.892308 373 1 1261 0.00286107 -0.0668852 0.0350882 0.944746 -3.26987 137.013 
0.253153 0.353429 90135 1 1.63229 0.892308 374 1 1263 0.00197325 -0.0676968 0.0305467 0.928718 -3.21545 136.901 
0.273876 0.376012 90175 1 1.63854 0.901923 375 1 1264 0.00251079 -0.0627546 0.0316239 0.972692 -3.22463 136.864 
0.293532 0.342927 90255 1 1.64375 0.909615 376 1 1266 0.00214181 -0.0636705 0.0308716 0.97029 -3.20872 136.837 
0.309727 0.340456 90335 1 1.64531 0.909615 377 1 1268 0.00293334 -0.0571803 0.0276017 1.04185 -3.16875 136.834 
0.297379 0.378342 90375 1 1.64531 0.900962 378 1 1269 0.00272536 -0.0597588 0.031296 1.02932 -3.20675 136.952 
0.291618 0.418809 90457 1 1.6401 0.881731 379 1 1271 0.00371592 -0.0608635 0.0328172 1.03115 -3.22364 136.794 
0.281773 0.420966 90536 1 1.6151 0.841346 380 1 1273 0.00359639 -0.061303 0.0323114 1.02981 -3.21875 136.939 
0.291883 0.389737 90576 1 1.5625 0.853846 381 1 1274 0.00421936 -0.0613034 0.0293179 1.02855 -3.17974 136.875 
0.315745 0.334359 90656 1 1.52708 0.888462 382 1 1276 0.00442892 -0.0586732 0.026591 1.05355 -3.14173 136.854 
0.341044 0.345604 90736 1 1.51198 0.947115 383 1 1278 0.00431055 -0.0598072 0.0273436 1.03842 -3.14254 136.851 
0.336441 0.346016 90775 1 1.52969 0.974038 384 1 1279 0.00417448 -0.06003 0.0283574 1.03836 -3.14959 136.818 
0.340152 0.313528 90856 1 1.54375 0.976923 385 1 1281 0.00405034 -0.0573874 0.0240978 1.04977 -3.10228 136.782 
0.889783 0.593599 90937 1 1.54375 0.976923 386 1 1283 0.00405406 -0.064501 0.0210566 0.984185 -3.05957 136.839 
0.851048 0.5448 90978 1 1.54375 0.976923 387 1 1284 0.00490914 -0.0661455 0.0195356 0.960861 -3.03606 136.887 
0.855366 0.570346 91057 1 1.54375 0.976923 388 1 1286 0.0039808 -0.0699839 0.019537 0.958633 -3.02231 136.813 
0.805534 0.681621 91136 1 1.54375 0.976923 389 1 1288 0.00497753 -0.065889 0.0231223 1.00559 -3.03335 136.958 
0.812498 0.685834 91176 1 1.54375 0.976923 390 1 1289 0.00607278 -0.0632511 0.0268868 1.04055 -3.05717 137.105 
0.838561 0.814579 91258 1 1.54375 0.976923 391 1 1291 0.00599448 -0.0688825 0.0360763 0.999226 -3.13434 137.11 
0.870534 0.796969 91337 1 1.54375 0.976923 392 1 1293 0.00482014 -0.0701305 0.0389531 1.00133 -3.14942 137.321 
0.904798 0.860589 91377 1 1.54375 0.968269 393 1 1294 0.00542254 -0.068749 0.0433754 1.01142 -3.18461 137.219 
0.887393 0.926431 91458 1 1.5474 0.948077 394 1 1296 0.00468046 -0.0713832 0.043149 0.978591 -3.18756 137.088 
0.924759 0.876098 91537 1 1.58958 0.916346 395 1 1298 0.00575616 -0.0669227 0.0378781 1.02007 -3.15089 137.22 
1.12245 0.766814 91577 1 1.67552 0.908654 396 1 1299 0.00509719 -0.0727507 0.0384144 0.958407 -3.15713 137.101 
1.08345 0.593589 91658 1 1.69115 0.908654 397 1 1301 0.00316601 -0.0696654 0.029093 0.957603 -3.0604 137.133 
1.06962 0.646731 91738 1 1.67865 0.908654 398 1 1303 0.00226145 -0.0761741 0.0318373 0.888505 -3.08375 137.051 
1.05814 0.646839 91778 1 1.53229 0.858654 399 1 1304 0.00293504 -0.0730707 0.0321301 0.913016 -3.0891 137.125 
1.16624 0.637585 91858 1 1.27396 0.8375 400 1 1306 0.00365753 -0.0733892 0.0364723 0.920006 -3.12931 137.115 
1.14275 0.561046 91938 1 1.19063 0.829808 401 1 1308 0.00268318 -0.0770418 0.0424452 0.88194 -3.17449 137.003 
1.16266 0.509658 91978 1 1.19063 0.829808 402 1 1309 0.00230173 -0.075575 0.0386958 0.902317 -3.13555 137.107 
1.18833 0.508815 92058 1 1.19063 0.829808 403 1 1311 0.00288201 -0.0716707 0.0360869 0.92988 -3.12224 137.103 
1.16012 0.478971 92099 1 1.19063 0.829808 404 1 1312 0.0030547 -0.0766135 0.032745 0.878632 -3.10354 137.165 
1.16012 0.478971 92099 1 1.17188 0.829808 405 1 1312 0.0030547 -0.0766135 0.032745 0.878632 -3.10354 137.165 
0.847528 1.0918 92259 1 1.01823 0.802885 406 1 1316 0.00318129 -0.0708159 0.0463218 0.930092 -3.2025 136.784 
0.703353 0.970069 92340 1 0.999479 0.788462 407 1 1318 0.00321188 -0.0783193 0.0529262 0.805038 -3.2074 135.82 
0.651232 2.37672 92419 1 0.999479 0.788462 408 0 1320 0.00471689 -0.0678642 0.0564547 0.909122 -3.25331 136.016 
-4.03548 10.7803 92459 1 0.999479 0.788462 409 0 1321 0.0130667 -0.162279 0.0449053 0.0729781 -3.1123 135.308 
-1.45482 5.89804 92539 1 0.999479 0.788462 410 0 1323 0.00204423 -0.143946 0.0921078 0.161424 -3.48419 135.678 
-0.217254 2.1382 92621 1 1.00781 0.793269 411 0 1325 0.000326035 -0.132239 0.116553 0.240835 -3.7467 135.958 
0.658858 1.47215 92699 1 1.01458 0.796154 412 0 1327 0.00583465 -0.0865663 0.0732642 0.824923 -3.61239 137.624 
0.833601 1.19294 92739 1 1.0125 0.796154 413 1 1328 0.00785358 -0.0788998 0.0466985 0.929773 -3.39401 137.76 
0.960969 1.17718 92820 1 0.999479 0.794231 414 1 1330 0.0124146 -0.0579012 0.0569891 1.14998 -3.47199 138.194 
1.01025 0.968486 92900 1 0.996875 0.793269 415 1 1332 0.0090377 -0.0552399 0.0407457 1.12395 -3.37289 138.13 
1.01582 1.10206 92940 1 0.996354 0.793269 416 1 1333 0.00751231 -0.0428389 0.043667 1.1692 -3.45995 138.357 
0.953155 1.29877 93020 1 0.996354 0.793269 417 0 1335 0.00100443 -0.0340762 0.0719474 1.15333 -3.70488 138.601 
0.611835 1.21753 93100 1 0.996354 0.793269 418 0 1337 -0.0020101 -0.0105832 0.0839566 1.29138 -3.83029 138.578 
0.589857 1.21127 93140 1 0.996354 0.793269 419 0 1338 -0.0028063 -0.000754199 0.0811783 1.34434 -3.85955 138.757 
0.687041 0.98318 93221 1 0.996354 0.793269 420 1 1340 -0.000584031 -0.0101702 0.0641673 1.30741 -3.74687 138.134 
0.77248 1.17361 93301 1 0.955729 0.772115 421 1 1342 0.00213221 -0.0106512 0.0924558 1.35213 -3.93355 138.434 
0.827634 0.984098 93341 1 0.778646 0.673077 422 1 1343 0.00183065 -0.0112102 0.0728089 1.33966 -3.71478 138.554 
0.738689 1.15034 93420 1 0.717187 0.653846 423 1 1345 0.00105586 0.000849864 0.0902094 1.39454 -3.81913 138.653 
0.64316 0.993576 93501 1 0.710417 0.653846 424 1 1347 -0.00101374 -0.0145044 0.0934066 1.22145 -3.7329 139.25 
0.659461 0.891831 93541 1 0.710417 0.652885 425 1 1348 -0.000253246 -0.00495831 0.0787951 1.33372 -3.57003 139.088 
0.528184 1.16943 93621 1 0.710417 0.652885 426 1 1350 -0.000153968 -0.00516267 0.0946609 1.38776 -3.74006 139.37 
0.519922 1.24164 93662 1 0.710417 0.652885 427 0 1351 0.00129165 -0.00444577 0.102882 1.43458 -3.81175 139.226 
0.456228 1.10751 93781 1 0.710417 0.652885 428 1 1354 0.00225974 -0.0243918 0.0946733 1.42952 -3.70617 139.36 
0.416568 1.02736 93821 1 0.710417 0.652885 429 1 1355 0.00349986 -0.0332443 0.0880159 1.39232 -3.63025 139.152 
0.420825 0.952858 93902 1 0.710417 0.652885 430 1 1357 0.00441941 -0.0293683 0.0836537 1.46264 -3.56484 138.988 
0.429271 0.91355 93942 1 0.710417 0.652885 431 1 1358 0.00371294 -0.0282536 0.0806525 1.4757 -3.52845 138.898 
0.475573 0.91358 94022 1 0.710417 0.652885 432 1 1360 0.002005 -0.0287399 0.0805309 1.47956 -3.5247 138.8 
0.487922 0.902821 94103 1 0.710417 0.652885 433 1 1362 0.00297652 -0.028502 0.0816678 1.48534 -3.53404 138.825 
0.429564 1.02616 94223 1 0.710417 0.652885 434 1 1365 0.00334802 -0.034453 0.0829716 1.41898 -3.54916 138.697 
0.41935 0.926111 94262 1 0.710417 0.652885 435 1 1366 0.00245811 -0.0363135 0.0774912 1.40557 -3.49029 138.354 
0.727049 0.986666 94383 1 0.720313 0.652885 436 1 1369 0.00832513 -0.0476017 0.0913886 1.35957 -3.49363 138.072 
0.78447 0.995804 94423 1 0.721354 0.652885 437 1 1370 0.00937761 -0.047499 0.0917613 1.35824 -3.4903 138.221 
1.0802 1.06188 94503 1 0.721354 0.652885 438 1 1372 0.00959455 -0.0427822 0.0916729 1.38276 -3.50244 138.426 
1.31745 1.01775 94584 1 0.735938 0.653846 439 0 1374 0.00307839 -0.048373 0.079484 1.26896 -3.383 138.267 
1.25658 1.12634 94664 1 0.7375 0.628846 440 0 1376 0.00196376 -0.0419572 0.0849963 1.32788 -3.46575 138.224 
1.27881 1.18287 94703 1 0.735938 0.527885 441 0 1377 0.0039339 -0.0465406 0.0849721 1.33233 -3.50992 138.132 
1.2736 1.03109 94784 1 0.701042 0.452885 442 0 1379 0.00513325 -0.0541482 0.0682827 1.31606 -3.38928 138.03 
1.32957 1.05891 94823 1 0.610938 0.397115 443 0 1380 0.00618445 -0.0514725 0.0725715 1.35614 -3.41374 138.039 
1.39828 1.95102 94904 1 0.501563 0.381731 444 0 1382 0.0086799 -0.0517729 0.0842006 1.40495 -3.46296 138.348 
0.897623 7.24429 94944 1 0.426563 0.381731 445 0 1383 0.0086799 -0.0517729 0.0842006 1.40495 -3.46296 138.348 
0.897623 7.24429 94944 1 0.373437 0.4 446 0 1383 0.0086799 -0.0517729 0.0842006 1.40495 -3.46296 138.348 
1.33208 1.40036 95104 1 0.360417 0.424038 447 0 1387 0.00965425 -0.0559329 0.0762032 1.41098 -3.47913 138.446 
1.2382 1.22123 95184 1 0.334896 0.472115 448 0 1389 0.0153698 -0.0473288 0.0794452 1.44473 -3.58277 138.671 
1.0299 1.1091 95225 1 0.323437 0.452885 449 1 1390 0.0169076 -0.0433357 0.0767262 1.46488 -3.55164 138.533 
1.01114 1.04611 95265 1 0.291667 0.395192 450 1 1391 0.0181029 -0.0480114 0.0767527 1.42328 -3.53794 138.533 
1.01114 1.04611 95265 1 0.280729 0.376923 451 1 1391 0.0181029 -0.0480114 0.0767527 1.42328 -3.53794 138.533 
0.717806 0.907041 95465 1 0.271875 0.368269 452 1 1396 0.0162026 -0.0382487 0.0892407 1.45716 -3.70449 139.051 
0.687889 0.822742 95505 1 0.254688 0.3375 453 1 1397 0.0149711 -0.0454972 0.0890593 1.38183 -3.67585 139.091 
0.655136 0.815245 95585 1 0.235417 0.303846 454 1 1399 0.0109841 -0.0410542 0.0904513 1.43024 -3.69418 139.45 
0.661009 0.840936 95627 1 0.2 0.298077 455 1 1400 0.00917095 -0.0376701 0.09581 1.49487 -3.76316 139.47 
0.515322 0.694118 95706 1 0.2 0.301923 456 1 1402 0.010031 -0.0544702 0.090453 1.46502 -3.71185 139.644 
0.280758 0.687927 95786 1 0.202083 0.307692 457 1 1404 0.0158905 -0.0535109 0.0873095 1.66664 -3.7273 139.595 
0.226346 0.63976 95865 1 0.203646 0.331731 458 1 1406 0.0229644 -0.0588079 0.0827695 1.7526 -3.80275 139.6 
0.379478 0.625703 95906 1 0.203646 0.334615 459 1 1407 0.0248527 -0.0568948 0.0817654 1.8265 -3.8216 139.39 
