ImageFile:
0.0749452 0.466628 60647 1 0.0890625 0.192308 1 1 539 -0.0191712 -0.0248374 0.0662203 -0.819212 -1.4027 112.925 
0.0447544 0.281495 60728 1 0.0895833 0.193269 2 1 541 -0.0198716 -0.0308776 0.0657635 -0.908838 -1.40574 113.019 
0.0145284 0.21801 60767 1 0.136458 0.258654 3 1 542 -0.0201316 -0.0316346 0.0660935 -0.927201 -1.41361 113.008 
-0.0308739 0.235677 60848 1 0.264062 0.395192 4 1 544 -0.0207978 -0.0372128 0.0674362 -1.00593 -1.43137 113.002 
-0.0940341 0.251558 60928 1 0.380208 0.563462 5 1 546 -0.020883 -0.0474583 0.0704984 -1.1127 -1.47186 113.066 
-0.127677 0.281066 60967 1 0.376563 0.659615 6 1 547 -0.0212086 -0.0535568 0.0732703 -1.17695 -1.50317 113.107 
-0.154386 0.382607 61048 1 0.283333 0.804808 7 1 549 -0.0204855 -0.0552029 0.0721007 -1.20064 -1.48405 113.096 
-0.148551 0.637082 61129 1 0.206771 0.9 8 1 551 -0.0211426 -0.0555941 0.0711372 -1.1998 -1.46421 113.118 
-0.140616 0.692216 61170 1 0.18125 0.892308 9 1 552 -0.0212094 -0.0526863 0.0724279 -1.17094 -1.4786 113.125 
-0.141477 0.67494 61247 1 0.122917 0.819231 10 1 554 -0.0210614 -0.0555217 0.0722569 -1.19576 -1.47129 113.103 
-0.153849 0.806046 61329 1 0.021875 0.747115 11 1 556 -0.0217698 -0.0552446 0.0704332 -1.19206 -1.4428 113.09 
-0.181623 1.3271 61368 1 0.00104167 0.736538 12 0 557 -0.0211658 -0.0549413 0.0717786 -1.18977 -1.45558 112.996 
-0.200179 1.42667 61448 1 0.00729167 0.788462 13 0 559 -0.0210651 -0.0533341 0.0711795 -1.16913 -1.45494 113.057 
-0.228841 1.45146 61529 1 0.0291667 0.827885 14 0 561 -0.0226022 -0.0585358 0.0731287 -1.21751 -1.48427 113 
-0.189665 1.39251 61569 1 0.0401042 0.849038 15 0 562 -0.0225943 -0.055931 0.0691037 -1.18775 -1.43849 112.949 
-0.289692 1.33137 61648 1 0.0359375 0.859615 16 0 564 -0.0236053 -0.0508561 0.0690583 -1.12933 -1.42444 112.941 
-0.266895 1.31958 61729 1 0.0223958 0.8875 17 0 566 -0.0225113 -0.050401 0.0668046 -1.11462 -1.40166 112.942 
-0.266895 1.31958 61729 1 0.0125 0.907692 18 0 566 -0.0225113 -0.050401 0.0668046 -1.11462 -1.40166 112.942 
-0.266895 1.31958 61729 1 0.0213542 0.924038 19 0 566 -0.0225113 -0.050401 0.0668046 -1.11462 -1.40166 112.942 
-0.288574 1.33077 61930 1 0.0588542 0.953846 20 0 571 -0.0225149 -0.0466775 0.0658736 -1.0776 -1.3891 112.98 
-0.295485 1.33718 61970 1 0.0625 0.958654 21 0 572 -0.0232105 -0.0493376 0.0664166 -1.1074 -1.39085 113.011 
-0.254128 1.26458 62049 1 0.0625 0.960577 22 0 574 -0.0236936 -0.0425502 0.0621387 -1.03037 -1.33258 112.966 
-0.254128 1.26458 62049 1 0.0567708 0.968269 23 0 574 -0.0236936 -0.0425502 0.0621387 -1.03037 -1.33258 112.966 
-0.254128 1.26458 62049 1 0.059375 0.976923 24 0 574 -0.0236936 -0.0425502 0.0621387 -1.03037 -1.33258 112.966 
-0.244943 1.22538 62252 1 0.0729167 0.979808 25 0 579 -0.0230477 -0.0394963 0.0584494 -0.996386 -1.27995 113.017 
-0.209245 1.20896 62331 1 0.0734375 0.979808 26 0 581 -0.0231072 -0.0377175 0.0589806 -0.972923 -1.28636 113.031 
-0.213042 1.20955 62370 1 0.0708333 0.978846 27 0 582 -0.0239034 -0.0356821 0.0592454 -0.943454 -1.28471 113.028 
-0.171048 1.20276 62450 1 0.0708333 0.978846 28 0 584 -0.0238248 -0.0292113 0.0582884 -0.871707 -1.26744 113.027 
-0.180333 1.18806 62531 1 0.0708333 0.978846 29 1 586 -0.0230602 -0.0310776 0.0574541 -0.892223 -1.26051 112.956 
-0.158142 1.2155 62571 1 0.0708333 0.978846 30 0 587 -0.0227147 -0.0284352 0.0587544 -0.861552 -1.27795 112.959 
-0.159962 1.18195 62651 1 0.0708333 0.978846 31 1 589 -0.0233065 -0.0278162 0.0556048 -0.853997 -1.24864 112.997 
-0.113842 1.17086 62691 1 0.0697917 0.976923 32 1 590 -0.0228872 -0.0261837 0.0568871 -0.840402 -1.26316 112.977 
-0.113842 1.17086 62691 1 0.0697917 0.976923 33 1 590 -0.0228872 -0.0261837 0.0568871 -0.840402 -1.26316 112.977 
0.0240001 0.659375 62851 1 0.0697917 0.976923 34 1 594 -0.0235318 -0.0252434 0.0575783 -0.845358 -1.26145 113.015 
0.0367692 0.631305 62931 1 0.0697917 0.976923 35 1 596 -0.0242003 -0.026346 0.0548092 -0.865074 -1.23424 113.063 
-0.0753443 0.916752 63012 1 0.0697917 0.976923 36 1 598 -0.0235944 -0.0281537 0.0565246 -0.891526 -1.25838 112.965 
-0.143166 1.1302 63092 1 0.0697917 0.976923 37 1 600 -0.0237436 -0.0318088 0.057724 -0.924095 -1.27662 112.933 
-0.168568 1.15636 63173 1 0.0697917 0.976923 38 1 602 -0.0234943 -0.0354011 0.059251 -0.954083 -1.29132 113.015 
-0.146696 1.16093 63252 1 0.0697917 0.976923 39 1 604 -0.0226124 -0.0334143 0.0599585 -0.919389 -1.29631 112.962 
-0.176616 1.16524 63292 1 0.0697917 0.976923 40 1 605 -0.0234857 -0.0335131 0.0598607 -0.922904 -1.29426 113.032 
-0.0896379 0.929492 63372 1 0.0697917 0.976923 41 1 607 -0.0240929 -0.0325832 0.0570912 -0.925034 -1.27381 113.101 
0.000330079 0.450805 63412 1 0.105729 0.952885 42 1 608 -0.0227743 -0.0312031 0.0589585 -0.918649 -1.30534 113.122 
0.0108838 0.281424 63492 1 0.426042 0.824038 43 1 610 -0.0228402 -0.0320694 0.0633632 -0.932832 -1.35763 113.121 
-0.0130556 0.296465 63572 1 0.856771 0.643269 44 1 612 -0.0230195 -0.0335653 0.0652924 -0.95721 -1.39474 113.164 
-0.0348111 0.234455 63612 1 1.18073 0.4875 45 1 613 -0.0227253 -0.0345021 0.0645329 -0.970269 -1.39173 113.191 
-0.0633254 0.376235 63693 1 1.29844 0.394231 46 1 615 -0.0228323 -0.0383119 0.0644817 -1.02129 -1.39815 113.211 
-1.53083 1.6366 63733 1 1.29844 0.393269 47 0 616 -0.0228323 -0.0383119 0.0644817 -1.02129 -1.39815 113.211 
-1.97051 1.34262 63854 1 1.29844 0.393269 48 0 619 -0.0215216 -0.0435592 0.0672473 -1.08133 -1.43471 113.285 
-2.91076 1.16527 63893 1 1.29844 0.393269 49 0 620 -0.0216358 -0.0451498 0.06665 -1.09388 -1.43365 113.242 
-0.0948435 0.169867 63973 1 1.29844 0.393269 50 1 622 -0.0223264 -0.049469 0.0667604 -1.14769 -1.44082 113.29 
-0.0924956 0.180362 64013 1 1.34115 0.390385 51 1 623 -0.0226098 -0.0495135 0.0664858 -1.14731 -1.4439 113.278 
-0.0781849 0.145291 64094 1 1.41354 0.317308 52 1 625 -0.0233974 -0.0510543 0.0695264 -1.16854 -1.4823 113.209 
-0.103006 0.149352 64174 1 1.5224 0.216346 53 1 627 -0.0241241 -0.0545268 0.0699763 -1.20291 -1.4893 113.16 
-0.0941565 0.127258 64214 1 1.59115 0.172115 54 1 628 -0.0231868 -0.0553636 0.0702724 -1.20908 -1.49473 113.182 
-0.115801 0.126379 64293 1 1.61875 0.125962 55 1 630 -0.0241418 -0.0587357 0.0709575 -1.23728 -1.49832 113.179 
-0.121501 0.122684 64374 1 1.63698 0.0557692 56 1 632 -0.0242268 -0.0603541 0.0722325 -1.25227 -1.50977 113.177 
-0.127621 0.111065 64414 1 1.67448 0 57 1 633 -0.0243098 -0.0622636 0.0700884 -1.27015 -1.48526 113.16 
-0.123062 0.0468319 64494 1 1.66719 0 58 1 635 -0.0243809 -0.0606898 0.0732404 -1.24978 -1.52009 113.114 
-0.114466 0.0300409 64575 1 1.66719 0 59 1 637 -0.0242896 -0.0606136 0.0725018 -1.23983 -1.51123 113.175 
-0.123311 0.0713138 64614 1 1.66719 0 60 1 638 -0.024545 -0.0592638 0.0716592 -1.2252 -1.50468 113.081 
-0.128066 0.0234329 64694 1 1.66719 0 61 1 640 -0.0241904 -0.0586148 0.0694328 -1.21172 -1.48665 113.131 
-0.0901576 0.00861877 64775 1 1.65104 0.00384615 62 1 642 -0.0243499 -0.0558048 0.0704805 -1.17333 -1.49819 113.115 
-0.0904566 -0.0117656 64815 1 1.55208 0.00192308 63 1 643 -0.0239561 -0.0554081 0.0678309 -1.16359 -1.47207 113.16 
-0.0913118 -0.0165118 64895 1 1.45417 0 64 1 645 -0.0246256 -0.0551631 0.0683323 -1.16564 -1.4716 113.11 
-0.079161 0.00254483 64976 1 1.41562 0 65 1 647 -0.0246689 -0.0531426 0.0694466 -1.15219 -1.48425 113.115 
-0.0802029 -0.0100374 65015 1 1.38073 0 66 1 648 -0.025036 -0.0531776 0.0696209 -1.15198 -1.48227 113.142 
-0.0842546 0.0300501 65095 1 1.38229 0 67 1 650 -0.025095 -0.0536725 0.0717002 -1.16617 -1.50511 113.087 
-0.0623923 0.00456225 65175 1 1.39635 0.00673077 68 1 652 -0.025171 -0.0522692 0.0697053 -1.1596 -1.48593 113.043 
-0.0879838 -0.0094719 65257 1 1.41875 0.0125 69 1 654 -0.0265494 -0.0537399 0.0686992 -1.18607 -1.482 113.24 
-0.0865006 -0.011644 65296 1 1.41927 0.0125 70 1 655 -0.0264922 -0.0537817 0.0687368 -1.18566 -1.48163 113.242 
-0.0895625 0.0262533 65416 1 1.41927 0.0125 71 1 658 -0.0264624 -0.0579312 0.0699608 -1.21759 -1.49404 113.209 
-0.0854706 0.0296689 65456 1 1.42604 0.05 72 1 659 -0.0264592 -0.0580718 0.0697869 -1.21597 -1.49598 113.227 
-0.0908122 0.0300009 65536 1 1.5026 0.315385 73 1 661 -0.0265354 -0.0581274 0.069689 -1.21293 -1.49897 113.172 
-0.0924708 0.0281645 65576 1 1.63073 0.555769 74 1 662 -0.0265841 -0.0581461 0.0696666 -1.21273 -1.49919 113.172 
0.129199 0.256076 65657 1 1.66562 0.576923 75 1 664 -0.02609 -0.057881 0.0675711 -1.20492 -1.48233 113.117 
0.72925 1.09725 65736 1 1.66615 0.527885 76 1 666 -0.0257363 -0.0558413 0.0679729 -1.18825 -1.48164 113.038 
0.764063 1.04826 65817 1 1.66615 0.527885 77 1 668 -0.0257452 -0.0539129 0.0667888 -1.17163 -1.4726 113.048 
0.764063 1.04826 65817 1 1.6625 0.526923 78 1 668 -0.0257452 -0.0539129 0.0667888 -1.17163 -1.4726 113.048 
0.764063 1.04826 65817 1 1.57656 0.408654 79 1 668 -0.0257452 -0.0539129 0.0667888 -1.17163 -1.4726 113.048 
0.720644 1.07016 66017 1 1.39219 0.1625 80 1 673 -0.0252905 -0.0572114 0.0664343 -1.22818 -1.45855 113.174 
0.756451 1.11011 66098 1 1.29844 0.0317308 81 1 675 -0.0238833 -0.0561782 0.0700331 -1.2282 -1.49322 113.166 
0.756314 1.08551 66137 1 1.29427 0.0317308 82 1 676 -0.0242549 -0.0558089 0.0674995 -1.22414 -1.46632 113.21 
0.751451 1.08931 66217 1 1.29271 0.0317308 83 1 678 -0.0250096 -0.0552303 0.0674051 -1.22139 -1.46758 113.241 
0.750631 1.14349 66298 1 1.29219 0.025 84 1 680 -0.0240452 -0.0568534 0.0694863 -1.23273 -1.48829 113.196 
0.718569 1.1185 66338 1 1.29427 0.0173077 85 1 681 -0.0246754 -0.0585973 0.0665116 -1.25191 -1.4554 113.269 
0.719743 1.09851 66418 1 1.29427 0.0153846 86 1 683 -0.0245734 -0.0535957 0.0654878 -1.20508 -1.44355 113.258 
0.726548 1.14243 66498 1 1.29427 0.0153846 87 1 685 -0.0243969 -0.0543222 0.0680204 -1.21015 -1.46725 113.257 
0.694836 1.14949 66578 1 1.29427 0.0153846 88 1 687 -0.0243199 -0.0579292 0.0685654 -1.25279 -1.4711 113.222 
0.715104 1.15352 66659 1 1.31042 0.0586538 89 1 689 -0.0245552 -0.0566494 0.0686338 -1.23909 -1.4785 113.237 
0.711019 1.14617 66698 1 1.43542 0.410577 90 1 690 -0.0238409 -0.0574247 0.0690071 -1.24526 -1.48619 113.295 
0.709267 1.16704 66779 1 1.49688 0.720192 91 1 692 -0.0247561 -0.0557879 0.0680853 -1.23345 -1.46979 113.272 
0.726825 1.12692 66858 1 1.50885 0.786538 92 1 694 -0.0252425 -0.0545718 0.0678 -1.22485 -1.46733 113.346 
0.725785 1.12971 66898 1 1.52917 0.807692 93 1 695 -0.0252344 -0.0545533 0.0678007 -1.22504 -1.46734 113.341 
0.720774 1.16981 66979 1 1.53958 0.785577 94 1 697 -0.0252978 -0.0569365 0.0671578 -1.24744 -1.46578 113.288 
0.711285 1.17308 67059 1 1.53958 0.785577 95 1 699 -0.0248347 -0.0586145 0.06733 -1.26727 -1.46505 113.351 
0.698245 1.18839 67099 1 1.53958 0.785577 96 1 700 -0.0244878 -0.0575804 0.0680148 -1.2509 -1.47357 113.231 
0.725757 1.16407 67180 1 1.5276 0.785577 97 1 702 -0.0253289 -0.0557941 0.0662922 -1.23265 -1.46141 113.353 
0.74187 1.16422 67259 1 1.51823 0.801923 98 1 704 -0.0247306 -0.0554497 0.0658282 -1.23185 -1.4514 113.246 
0.733017 1.15037 67299 1 1.49375 0.830769 99 1 705 -0.0243641 -0.0529193 0.0667387 -1.21499 -1.46261 113.26 
0.707375 1.14488 67380 1 1.43906 0.830769 100 1 707 -0.0258214 -0.0554026 0.0661165 -1.24912 -1.4626 113.33 
0.681933 1.13464 67460 1 1.40104 0.831731 101 1 709 -0.025803 -0.0570611 0.0678858 -1.28771 -1.48135 113.348 
0.697392 0.56368 67500 1 1.39792 0.833654 102 1 710 -0.0242544 -0.0577831 0.0664332 -1.28642 -1.46095 113.369 
0.653846 0.0843142 67581 1 1.50833 0.855769 103 1 712 -0.0222943 -0.0624043 0.0720813 -1.29382 -1.50229 113.311 
0.683304 -0.0573547 67660 1 1.61875 0.855769 104 1 714 -0.020929 -0.0652685 0.0710861 -1.28035 -1.47618 113.349 
0.698692 -0.109214 67700 1 1.62865 0.849038 105 1 715 -0.0198362 -0.061906 0.0717142 -1.22765 -1.48127 113.344 
0.694078 -0.20732 67781 1 1.64063 0.848077 106 0 717 -0.0195116 -0.058783 0.0688387 -1.17351 -1.46552 113.313 
0.695257 -0.186 67862 1 1.64115 0.845192 107 1 719 -0.0197848 -0.058648 0.0695528 -1.16039 -1.489 113.31 
0.680095 -0.174614 67901 1 1.59896 0.845192 108 1 720 -0.0206793 -0.0617182 0.0701599 -1.19374 -1.49532 113.222 
0.73532 -0.214559 67980 1 1.57135 0.844231 109 0 722 -0.0206975 -0.0606423 0.069903 -1.18765 -1.48437 113.196 
0.74556 -0.213693 68061 1 1.57344 0.844231 110 0 724 -0.0195472 -0.0580216 0.0710328 -1.16097 -1.49433 113.187 
0.738097 -0.214957 68101 1 1.57604 0.844231 111 0 725 -0.0207519 -0.0589937 0.0705963 -1.17002 -1.49179 113.179 
0.721856 -0.202478 68181 1 1.58125 0.842308 112 0 727 -0.0203309 -0.0597846 0.0713733 -1.17743 -1.50046 113.225 
0.705905 -0.208195 68262 1 1.58281 0.839423 113 0 729 -0.0207586 -0.0607558 0.0695469 -1.18595 -1.48614 113.217 
0.703483 -0.203184 68302 1 1.58333 0.838462 114 0 730 -0.0213835 -0.061177 0.0698152 -1.19101 -1.48941 113.204 
0.717433 -0.211606 68381 1 1.58333 0.838462 115 0 732 -0.0213772 -0.0579613 0.0696856 -1.16416 -1.48252 113.212 
0.719373 -0.185112 68462 1 1.58333 0.838462 116 1 734 -0.0210835 -0.0587402 0.0716368 -1.17305 -1.49816 113.179 
0.707235 -0.17511 68502 1 1.58333 0.838462 117 1 735 -0.0220957 -0.0583372 0.0722338 -1.17305 -1.50539 113.199 
0.713015 -0.171117 68582 1 1.58333 0.838462 118 1 737 -0.0228093 -0.0568876 0.0722128 -1.16564 -1.51105 113.225 
0.728952 -0.197112 68663 1 1.58333 0.838462 119 1 739 -0.0222592 -0.0546133 0.0692397 -1.14558 -1.47561 113.211 
0.71843 -0.202063 68703 1 1.58333 0.838462 120 0 740 -0.0219178 -0.0555358 0.0707029 -1.15362 -1.49077 113.137 
0.728707 -0.180469 68782 1 1.58333 0.838462 121 1 742 -0.0225457 -0.0538696 0.0715576 -1.14236 -1.50215 113.125 
0.711657 -0.191053 68863 1 1.58333 0.838462 122 1 744 -0.0242185 -0.0557157 0.0695059 -1.17258 -1.48213 113.153 
0.692371 -0.190916 68903 1 1.58333 0.838462 123 1 745 -0.0234671 -0.0591194 0.070284 -1.21274 -1.49082 113.163 
0.694245 -0.15745 68943 1 1.58333 0.838462 124 1 746 -0.0238046 -0.059851 0.0712845 -1.22281 -1.49931 113.192 
0.694245 -0.15745 68943 1 1.58333 0.838462 125 1 746 -0.0238046 -0.059851 0.0712845 -1.22281 -1.49931 113.192 
0.685626 -0.170475 69102 1 1.58333 0.838462 126 1 750 -0.0247095 -0.05923 0.0696805 -1.2202 -1.49614 113.209 
0.705752 -0.173258 69183 1 1.58333 0.838462 127 1 752 -0.0239582 -0.0579277 0.0693439 -1.19588 -1.49273 113.126 
0.700111 -0.166818 69264 1 1.58333 0.838462 128 1 754 -0.0232914 -0.0582954 0.0701601 -1.20417 -1.50295 113.151 
0.68538 -0.173866 69303 1 1.58333 0.838462 129 1 755 -0.0239459 -0.0586156 0.070229 -1.20874 -1.5023 113.147 
0.710441 -0.151558 69384 1 1.58333 0.838462 130 1 757 -0.0242283 -0.0559641 0.0692316 -1.18349 -1.49457 113.169 
0.70837 -0.129059 69463 1 1.58333 0.838462 131 1 759 -0.0252767 -0.0578134 0.0688042 -1.20807 -1.48981 113.125 
0.466205 0.133708 69503 1 1.58333 0.838462 132 1 760 -0.0245308 -0.0556602 0.0674179 -1.18534 -1.47787 113.141 
-0.0228328 1.05864 69584 1 1.58333 0.838462 133 1 762 -0.0249538 -0.0540177 0.0667709 -1.16083 -1.47087 112.982 
-0.0420095 1.15594 69664 1 1.58333 0.838462 134 1 764 -0.0246846 -0.0575743 0.0698152 -1.19207 -1.50155 113.015 
-0.0466166 1.15923 69704 1 1.58333 0.838462 135 1 765 -0.0244716 -0.0555487 0.0683832 -1.16645 -1.48486 113.039 
-0.0151782 1.27327 69784 1 1.58333 0.838462 136 0 767 -0.0239417 -0.0539559 0.0684349 -1.1431 -1.48154 113.028 
-0.00675868 1.29917 69864 1 1.58333 0.838462 137 0 769 -0.0243864 -0.054794 0.0692709 -1.14779 -1.4874 113.038 
-0.0280911 1.31551 69904 1 1.58333 0.838462 138 0 770 -0.0245781 -0.0571321 0.0701581 -1.17678 -1.49683 113.047 
-0.0167853 1.29301 69985 1 1.58333 0.838462 139 0 772 -0.0245289 -0.0551083 0.0680937 -1.15544 -1.4756 113.129 
-0.0284493 1.31087 70065 1 1.62708 0.845192 140 0 774 -0.0240661 -0.0556297 0.0665061 -1.16184 -1.45489 113.07 
-0.0314721 1.36563 70105 1 1.675 0.852885 141 0 775 -0.0236499 -0.0548903 0.0697088 -1.15388 -1.48735 113.061 
-0.0314721 1.36563 70105 1 1.70625 0.855769 142 0 775 -0.0236499 -0.0548903 0.0697088 -1.15388 -1.48735 113.061 
-0.0316927 1.36269 70145 1 1.73073 0.855769 143 0 776 -0.0248941 -0.0552795 0.0696256 -1.15539 -1.48359 113.091 
-0.0382622 1.36163 70305 1 1.73333 0.853846 144 0 780 -0.025084 -0.0569928 0.0690347 -1.17291 -1.4841 113.16 
-0.0257942 1.35528 70385 1 1.75469 0.848077 145 0 782 -0.0256392 -0.0557568 0.0691831 -1.1602 -1.48901 113.176 
-0.0324409 1.34793 70425 1 1.78021 0.85 146 0 783 -0.0256561 -0.0553657 0.0688583 -1.15196 -1.48422 113.156 
-0.0324409 1.34793 70425 1 1.78125 0.850962 147 0 783 -0.0256561 -0.0553657 0.0688583 -1.15196 -1.48422 113.156 
-0.00190181 1.36125 70585 1 1.78177 0.850962 148 0 787 -0.0254294 -0.0542976 0.0704217 -1.12746 -1.49634 113.15 
-0.0177752 1.34217 70666 1 1.77708 0.839423 149 0 789 -0.0256419 -0.0537421 0.0679767 -1.12182 -1.47441 113.209 
-0.0356331 1.36036 70746 1 1.77083 0.835577 150 0 791 -0.0261151 -0.0575667 0.0687876 -1.16514 -1.48924 113.161 
-0.0356331 1.36036 70746 1 1.77083 0.835577 151 0 791 -0.0261151 -0.0575667 0.0687876 -1.16514 -1.48924 113.161 
-0.0356331 1.36036 70746 1 1.77083 0.835577 152 0 791 -0.0261151 -0.0575667 0.0687876 -1.16514 -1.48924 113.161 
-0.0474131 1.38343 70947 1 1.77448 0.847115 153 0 796 -0.0260105 -0.0553204 0.071544 -1.14522 -1.51015 113.121 
-0.0210311 1.36144 71027 1 1.77344 0.852885 154 0 798 -0.0260061 -0.0542085 0.0699513 -1.13203 -1.49813 113.169 
-0.0206998 1.34383 71066 1 1.775 0.857692 155 0 799 -0.0263308 -0.0552362 0.0690346 -1.14109 -1.48875 113.158 
-0.0234334 1.34588 71147 1 1.77604 0.858654 156 0 801 -0.0261488 -0.0534887 0.068593 -1.11833 -1.48438 113.21 
0.266466 1.00971 71228 1 1.77656 0.860577 157 1 803 -0.0258866 -0.0563601 0.0687753 -1.14838 -1.48757 113.26 
0.255737 0.949372 71268 1 1.77656 0.860577 158 1 804 -0.0258212 -0.0573447 0.0683558 -1.15455 -1.48588 113.283 
0.251107 0.944038 71348 1 1.77708 0.860577 159 1 806 -0.0254752 -0.0605268 0.0710183 -1.18526 -1.51472 113.257 
0.300654 0.839754 71387 1 1.7776 0.860577 160 1 807 -0.0253901 -0.0601723 0.0705433 -1.18188 -1.50841 113.297 
0.300654 0.839754 71387 1 1.77865 0.859615 161 1 807 -0.0253901 -0.0601723 0.0705433 -1.18188 -1.50841 113.297 
0.324705 0.590376 71548 1 1.77917 0.859615 162 1 811 -0.0250201 -0.0618205 0.0691896 -1.19749 -1.49904 113.305 
0.326258 0.563501 71629 1 1.77917 0.859615 163 1 813 -0.0263447 -0.0614734 0.0685299 -1.19807 -1.4942 113.36 
0.3256 0.565422 71668 1 1.77969 0.859615 164 1 814 -0.026145 -0.061493 0.0684886 -1.1979 -1.49462 113.369 
0.324948 0.561608 71748 1 1.77969 0.859615 165 1 816 -0.0258698 -0.0615295 0.0685582 -1.19751 -1.49403 113.413 
0.306512 0.60401 71828 1 1.77969 0.859615 166 1 818 -0.0255856 -0.059052 0.0689013 -1.17603 -1.49926 113.358 
0.298369 0.589103 71868 1 1.78073 0.857692 167 1 819 -0.0252975 -0.0598701 0.0686791 -1.18497 -1.49599 113.362 
0.310768 0.597425 71949 1 1.78125 0.856731 168 1 821 -0.0258488 -0.0600379 0.068165 -1.18707 -1.49114 113.337 
0.31334 0.618205 72029 1 1.78125 0.856731 169 1 823 -0.026253 -0.0584923 0.0690238 -1.16938 -1.49719 113.377 
0.290548 0.59751 72069 1 1.78125 0.856731 170 1 824 -0.0263885 -0.0610811 0.068311 -1.18899 -1.48622 113.455 
0.304106 0.587302 72148 1 1.78125 0.856731 171 1 826 -0.0258563 -0.0614395 0.0685839 -1.18745 -1.4859 113.452 
0.302367 0.575119 72229 1 1.78125 0.856731 172 1 828 -0.0259083 -0.0614024 0.0691047 -1.18765 -1.48096 113.362 
0.31983 0.642118 72269 1 1.78125 0.856731 173 1 829 -0.0261995 -0.0579861 0.0719602 -1.15531 -1.50195 113.318 
0.326044 0.63749 72349 1 1.78125 0.856731 174 1 831 -0.0273217 -0.0570842 0.0710269 -1.15055 -1.48408 113.335 
0.324723 0.669649 72430 1 1.78125 0.856731 175 1 833 -0.0269652 -0.0575791 0.0724237 -1.16036 -1.50869 113.216 
0.334504 0.624098 72469 1 1.78125 0.856731 176 1 834 -0.027213 -0.0572584 0.0699456 -1.15652 -1.48192 113.272 
0.338908 0.659448 72549 1 1.78125 0.856731 177 1 836 -0.0265808 -0.0565998 0.0707642 -1.1458 -1.48679 113.235 
0.290711 0.668198 72630 1 1.78125 0.856731 178 1 838 -0.0271571 -0.0605522 0.0715809 -1.18268 -1.49492 113.234 
0.300219 0.680629 72670 1 1.78125 0.856731 179 1 839 -0.0268257 -0.0608824 0.0737605 -1.18543 -1.52125 113.253 
0.314999 0.660408 72752 1 1.78125 0.856731 180 1 841 -0.0265298 -0.0592091 0.0705316 -1.15588 -1.48876 113.23 
0.29812 0.688377 72830 1 1.78125 0.856731 181 1 843 -0.0263604 -0.0622256 0.0728042 -1.19436 -1.51252 113.22 
0.307436 0.680028 72870 1 1.78125 0.856731 182 1 844 -0.0270144 -0.0623526 0.074027 -1.1936 -1.52417 113.211 
0.321384 0.684799 72951 1 1.78125 0.856731 183 1 846 -0.0263433 -0.059017 0.0718883 -1.16572 -1.50263 113.203 
0.319417 0.689274 73030 1 1.78125 0.856731 184 1 848 -0.0266276 -0.0597658 0.0744935 -1.17571 -1.52331 113.233 
0.313605 0.662999 73070 1 1.78125 0.856731 185 1 849 -0.0268758 -0.058302 0.0717616 -1.16404 -1.49567 113.258 
0.305909 0.657206 73151 1 1.78125 0.856731 186 1 851 -0.0264307 -0.0592714 0.0710181 -1.17782 -1.48985 113.252 
0.316572 0.679106 73231 1 1.78125 0.856731 187 1 853 -0.0273647 -0.0600982 0.0733194 -1.1925 -1.51143 113.243 
0.30452 0.655455 73311 1 1.78125 0.856731 188 1 855 -0.0267886 -0.0596711 0.0706196 -1.17475 -1.48416 113.204 
0.373003 0.567085 73350 1 1.78125 0.856731 189 1 856 -0.0279424 -0.0638386 0.0642006 -1.20983 -1.40246 113.126 
0.395847 0.580335 73431 1 1.78125 0.856731 190 1 858 -0.0272747 -0.066641 0.0615501 -1.23483 -1.3724 113.117 
0.393569 0.572731 73512 1 1.78125 0.856731 191 1 860 -0.0283492 -0.0652577 0.0618862 -1.22337 -1.37798 113.131 
0.407131 0.595429 73551 1 1.78125 0.856731 192 1 861 -0.027271 -0.0656359 0.0632159 -1.23385 -1.39644 113.106 
0.0604397 0.515652 73632 1 1.78125 0.856731 193 1 863 -0.028938 -0.0627146 0.0596861 -1.20873 -1.36589 113.121 
0.0446061 0.56746 73712 1 1.78125 0.856731 194 1 865 -0.0280852 -0.0685705 0.0622532 -1.26687 -1.39026 113.116 
0.0480108 0.570228 73752 1 1.78125 0.856731 195 1 866 -0.0285268 -0.066524 0.0629476 -1.24096 -1.39709 113.087 
-0.181039 0.526681 73832 1 1.78125 0.856731 196 1 868 -0.0280361 -0.0676322 0.0621109 -1.2358 -1.3951 113.088 
-0.189198 0.506714 73912 1 1.78125 0.856731 197 1 870 -0.0276191 -0.0680406 0.0617488 -1.23481 -1.39106 113.11 
-0.196148 0.521518 73952 1 1.78125 0.856731 198 1 871 -0.0282047 -0.0669269 0.0619119 -1.21795 -1.40221 113.077 
-0.146548 0.496522 74033 1 1.78125 0.856731 199 1 873 -0.0277158 -0.0627836 0.0621405 -1.17133 -1.39756 113.058 
-0.0545396 0.445345 74113 1 1.78125 0.856731 200 1 875 -0.0280452 -0.0651114 0.0609983 -1.19334 -1.39793 113.077 
-0.0431244 0.43683 74152 1 1.78125 0.856731 201 1 876 -0.0279605 -0.0650355 0.0595726 -1.19835 -1.38319 113.044 
-0.0530264 0.438311 74233 1 1.78125 0.856731 202 1 878 -0.0284941 -0.0649769 0.0602669 -1.20101 -1.38001 113.063 
-0.0476706 0.463991 74313 1 1.78125 0.856731 203 1 880 -0.0279024 -0.0651171 0.0611188 -1.20359 -1.39984 113.01 
-0.0559645 0.449271 74353 1 1.78125 0.856731 204 1 881 -0.0281257 -0.0658453 0.0595514 -1.20626 -1.37908 112.987 
-0.0252739 0.433858 74434 1 1.78125 0.856731 205 1 883 -0.0273213 -0.0614007 0.0602449 -1.155 -1.38973 113.011 
-0.120573 0.473391 74513 1 1.78125 0.856731 206 1 885 -0.0278845 -0.0651308 0.0601418 -1.18614 -1.3908 113.039 
-0.120573 0.473391 74513 1 1.78125 0.856731 207 1 885 -0.0278845 -0.0651308 0.0601418 -1.18614 -1.3908 113.039 
-0.120573 0.473391 74513 1 1.78125 0.856731 208 1 885 -0.0278845 -0.0651308 0.0601418 -1.18614 -1.3908 113.039 
-0.121659 0.474552 74714 1 1.78125 0.856731 209 1 890 -0.0271681 -0.0637588 0.0600756 -1.16873 -1.38922 113.039 
-0.116685 0.469752 74754 1 1.78125 0.856731 210 1 891 -0.0275691 -0.0608066 0.0592898 -1.14291 -1.38492 113.035 
-0.110917 0.474689 74833 1 1.78125 0.856731 211 1 893 -0.0277342 -0.0630806 0.0595312 -1.16535 -1.39023 113.057 
-0.131898 0.48783 74914 1 1.78125 0.856731 212 1 895 -0.0284868 -0.0644192 0.0606305 -1.1801 -1.39261 113.047 
-0.116181 0.494629 74954 1 1.78125 0.856731 213 1 896 -0.0282519 -0.0644603 0.0606046 -1.17689 -1.39882 113.002 
0.00851433 0.453163 75034 1 1.78125 0.856731 214 1 898 -0.0282546 -0.06409 0.0593926 -1.16955 -1.3807 112.979 
0.00877592 0.443174 75115 1 1.78125 0.856731 215 1 900 -0.0282159 -0.0631117 0.0577813 -1.15288 -1.37915 113.087 
0.0141034 0.446431 75155 1 1.78125 0.856731 216 1 901 -0.0283227 -0.0636185 0.0588897 -1.1617 -1.38422 112.996 
0.0440888 0.515568 75234 1 1.78125 0.856731 217 1 903 -0.027724 -0.0647644 0.0601707 -1.17357 -1.39692 113.011 
0.0565062 0.513637 75315 1 1.78125 0.856731 218 1 905 -0.0278818 -0.0629376 0.0591999 -1.16323 -1.38629 112.978 
0.0334827 0.525694 75355 1 1.78125 0.856731 219 1 906 -0.028425 -0.0640838 0.0583591 -1.1741 -1.37456 113.027 
0.0209903 0.525935 75437 1 1.78125 0.856731 220 1 908 -0.0285965 -0.065285 0.0581454 -1.19108 -1.38459 113.037 
0.0417838 0.548464 75516 1 1.78125 0.856731 221 1 910 -0.0283881 -0.0636487 0.0584204 -1.17527 -1.38975 113.017 
0.13903 0.558073 75556 1 1.78125 0.856731 222 1 911 -0.0293581 -0.0657424 0.0571848 -1.20143 -1.38228 113.076 
0.462596 0.645712 75635 1 1.78125 0.856731 223 1 913 -0.0276632 -0.0617365 0.0557878 -1.16331 -1.37156 113.045 
0.446311 0.62824 75716 1 1.78125 0.856731 224 1 915 -0.0294077 -0.0611068 0.0536097 -1.1553 -1.3459 113.117 
0.437099 0.65268 75756 1 1.78125 0.856731 225 1 916 -0.0287597 -0.0626731 0.0543926 -1.17267 -1.36026 113.087 
0.435177 0.723289 75836 1 1.78125 0.856731 226 1 918 -0.0287271 -0.0655728 0.0522114 -1.19763 -1.344 113.073 
0.418988 0.738404 75916 1 1.78125 0.856731 227 1 920 -0.0286088 -0.0650999 0.0507122 -1.19184 -1.34382 113.079 
0.438279 0.754535 75957 1 1.78125 0.856731 228 1 921 -0.0287817 -0.0648515 0.051382 -1.18796 -1.35182 113.045 
0.436412 0.731274 76036 1 1.78125 0.856731 229 1 923 -0.0286324 -0.0664944 0.050659 -1.20807 -1.33605 113.079 
0.437291 0.745745 76116 1 1.78125 0.856731 230 1 925 -0.0297474 -0.0649155 0.0523806 -1.19614 -1.36112 113.075 
0.393745 0.614221 76157 1 1.78125 0.856731 231 1 926 -0.0290538 -0.0670109 0.0534423 -1.22282 -1.36851 113.082 
0.389993 0.575428 76237 1 1.78125 0.856731 232 1 928 -0.0282158 -0.0679272 0.0545302 -1.23338 -1.37968 113.126 
0.386263 0.535787 76317 1 1.78125 0.856731 233 1 930 -0.0290408 -0.0676054 0.0533522 -1.23049 -1.36641 113.237 
0.37701 0.533704 76356 1 1.78125 0.856731 234 1 931 -0.02937 -0.0692044 0.0521392 -1.24722 -1.35542 113.184 
0.378695 0.408266 76437 1 1.78125 0.856731 235 1 933 -0.0293469 -0.0671651 0.0520105 -1.23295 -1.36561 113.176 
0.380235 0.389896 76517 1 1.78125 0.856731 236 1 935 -0.0292011 -0.0679397 0.0512873 -1.24092 -1.34646 113.138 
0.38223 0.385313 76557 1 1.78125 0.856731 237 1 936 -0.0291169 -0.0666486 0.0536993 -1.23118 -1.36818 113.121 
0.412235 0.360831 76638 1 1.78125 0.856731 238 1 938 -0.0288002 -0.0619479 0.0513359 -1.17456 -1.34373 113.155 
0.386622 0.391139 76717 1 1.78125 0.856731 239 1 940 -0.028743 -0.0655797 0.0544035 -1.2085 -1.37213 113.152 
0.398921 0.367777 76757 1 1.78125 0.856731 240 1 941 -0.028872 -0.0656188 0.0539794 -1.21259 -1.36372 113.175 
0.363648 0.381617 76838 1 1.78125 0.856731 241 1 943 -0.029294 -0.0690805 0.0572906 -1.25119 -1.39205 113.18 
0.456 0.375237 76878 1 1.78125 0.856731 242 1 944 -0.0282392 -0.0654881 0.0546945 -1.21486 -1.36932 113.152 
0.530741 0.355168 76958 1 1.78125 0.856731 243 1 946 -0.0284626 -0.0631518 0.0548818 -1.19452 -1.36522 113.142 
0.53281 0.394536 77038 1 1.78125 0.856731 244 1 948 -0.0293586 -0.0627984 0.0571846 -1.20357 -1.38845 113.092 
0.527796 0.386758 77118 1 1.78125 0.856731 245 1 950 -0.0288331 -0.0644124 0.0565532 -1.22428 -1.38099 113.195 
0.531989 0.376787 77158 1 1.78125 0.856731 246 1 951 -0.0290562 -0.0636023 0.0559942 -1.21883 -1.37516 113.176 
0.490449 0.674007 77238 1 1.78125 0.856731 247 1 953 -0.0288566 -0.0650234 0.0553301 -1.22803 -1.36973 113.138 
0.493131 0.73881 77319 1 1.78125 0.856731 248 1 955 -0.0288888 -0.0620689 0.057794 -1.19336 -1.39292 113.161 
0.491604 0.707183 77359 1 1.78125 0.856731 249 1 956 -0.0288884 -0.0628713 0.0564565 -1.19935 -1.37519 113.12 
0.461311 0.72156 77439 1 1.78125 0.856731 250 1 958 -0.029315 -0.0653978 0.0563756 -1.22149 -1.3778 113.154 
0.417235 0.919209 77519 1 1.78125 0.856731 251 1 960 -0.0288627 -0.0663973 0.0582637 -1.23013 -1.3967 113.129 
0.416368 0.866276 77559 1 1.78125 0.856731 252 1 961 -0.0294141 -0.0659879 0.0548251 -1.22668 -1.36205 113.145 
0.434847 0.846137 77639 1 1.78125 0.856731 253 1 963 -0.0291735 -0.0626731 0.0563863 -1.19115 -1.37645 113.107 
0.434847 0.846137 77639 1 1.78125 0.856731 254 1 963 -0.0291735 -0.0626731 0.0563863 -1.19115 -1.37645 113.107 
0.434847 0.846137 77639 1 1.78125 0.856731 255 1 963 -0.0291735 -0.0626731 0.0563863 -1.19115 -1.37645 113.107 
0.410566 0.86381 77839 1 1.78177 0.856731 256 1 968 -0.0289137 -0.0654541 0.0543944 -1.21367 -1.35898 113.151 
0.42723 0.884207 77879 1 1.79792 0.856731 257 1 969 -0.0281387 -0.0656653 0.056018 -1.21161 -1.3762 113.111 
0.425228 0.923264 78000 1 1.81198 0.852885 258 1 972 -0.0299757 -0.0681794 0.0573416 -1.24393 -1.39172 113.123 
0.390685 0.933894 78040 1 1.83073 0.85 259 1 973 -0.0298838 -0.0689874 0.057052 -1.25016 -1.38772 113.138 
0.434353 0.84358 78122 1 1.83125 0.85 260 1 975 -0.0286157 -0.06682 0.0561574 -1.22742 -1.37445 113.141 
0.435156 0.833672 78200 1 1.83229 0.85 261 1 977 -0.0299769 -0.0689729 0.0571371 -1.2425 -1.39029 113.109 
0.489905 0.794052 78240 1 1.83281 0.85 262 1 978 -0.0292267 -0.0674534 0.05416 -1.22044 -1.36272 113.112 
0.868008 0.389154 78320 1 1.83281 0.85 263 1 980 -0.0277601 -0.0676729 0.052373 -1.21723 -1.34465 113.142 
0.900466 0.351057 78401 1 1.83281 0.851923 264 1 982 -0.0274784 -0.0668316 0.0542627 -1.19737 -1.3604 113.119 
0.897574 0.339693 78442 1 1.83281 0.852885 265 1 983 -0.0284486 -0.0649625 0.052604 -1.17741 -1.34549 113.177 
0.908242 0.337169 78521 1 1.83281 0.852885 266 1 985 -0.0279065 -0.0652819 0.0541041 -1.18024 -1.36196 113.137 
0.896202 0.333141 78600 1 1.83281 0.856731 267 1 987 -0.0285346 -0.0659433 0.0532137 -1.19475 -1.35279 113.141 
0.913262 0.321301 78643 1 1.83281 0.857692 268 1 988 -0.0280746 -0.0648092 0.051657 -1.18665 -1.34258 113.14 
0.970884 0.195384 78721 1 1.83281 0.857692 269 1 990 -0.028341 -0.0622112 0.0498201 -1.16394 -1.31773 113.195 
0.971095 0.194235 78761 1 1.83281 0.857692 270 1 991 -0.0283323 -0.0622154 0.0498354 -1.16389 -1.3176 113.2 
0.968261 0.181807 78842 1 1.83281 0.857692 271 1 993 -0.0286836 -0.0621548 0.0500088 -1.1645 -1.31619 113.257 
0.966159 0.22533 78922 1 1.83281 0.857692 272 1 995 -0.0276066 -0.0620014 0.0532091 -1.16341 -1.34505 113.195 
0.964151 0.223769 78961 1 1.83281 0.857692 273 1 996 -0.027988 -0.0619366 0.053196 -1.16383 -1.34532 113.221 
0.950023 0.226751 79042 1 1.83281 0.857692 274 1 998 -0.0287775 -0.0607407 0.0527704 -1.16195 -1.34397 113.247 
0.957912 0.222541 79122 1 1.83281 0.857692 275 1 1000 -0.0281106 -0.0620429 0.0536829 -1.17896 -1.35227 113.237 
0.951721 0.250275 79162 1 1.83281 0.857692 276 1 1001 -0.0282796 -0.0633736 0.0553463 -1.19681 -1.36721 113.171 
0.952061 0.256014 79242 1 1.83281 0.857692 277 1 1003 -0.0286454 -0.0613618 0.0563518 -1.17961 -1.37344 113.185 
0.948845 0.226265 79322 1 1.83281 0.857692 278 1 1005 -0.0292164 -0.0627794 0.0530831 -1.20163 -1.34257 113.262 
0.694795 0.289541 79402 1 1.83281 0.857692 279 1 1007 -0.0286758 -0.0602294 0.0543823 -1.17412 -1.35791 113.204 
0.46175 0.28596 79442 1 1.83281 0.857692 280 1 1008 -0.0286644 -0.0586214 0.0531391 -1.16095 -1.34464 113.128 
0.454676 0.296059 79523 1 1.83281 0.857692 281 1 1010 -0.0288089 -0.0605263 0.0533199 -1.17586 -1.34931 113.204 
0.440673 0.31181 79563 1 1.83281 0.857692 282 1 1011 -0.0288745 -0.0601354 0.0536644 -1.1763 -1.35321 113.19 
0.218974 0.314434 79643 1 1.83281 0.857692 283 1 1013 -0.0295265 -0.060567 0.0535778 -1.18384 -1.35578 113.243 
0.0978743 0.290071 79723 1 1.83281 0.857692 284 1 1015 -0.0305839 -0.0613151 0.0522319 -1.1959 -1.3437 113.178 
0.0969683 0.291595 79763 1 1.83281 0.857692 285 1 1016 -0.0304842 -0.0612871 0.0521746 -1.1962 -1.34428 113.186 
0.104249 0.27084 79843 1 1.83281 0.857692 286 1 1018 -0.0298869 -0.0594281 0.0492806 -1.18406 -1.31946 113.213 
0.0702779 0.296347 79924 1 1.83281 0.857692 287 1 1020 -0.0305985 -0.0589552 0.0500379 -1.18743 -1.33167 113.184 
-0.0184496 0.374058 79964 1 1.83281 0.857692 288 1 1021 -0.0297481 -0.0589613 0.0524135 -1.18719 -1.35274 113.179 
-0.0345426 0.369659 80044 1 1.83281 0.857692 289 1 1023 -0.0303073 -0.0605076 0.0529354 -1.20581 -1.35853 113.219 
-0.0332772 0.382707 80123 1 1.83281 0.857692 290 1 1025 -0.0302878 -0.0595658 0.050957 -1.19797 -1.34943 113.267 
-0.0404448 0.373464 80164 1 1.83281 0.857692 291 1 1026 -0.0308662 -0.0580768 0.048707 -1.18825 -1.32913 113.307 
-0.0200992 0.362377 80244 1 1.83281 0.857692 292 1 1028 -0.0308886 -0.0563706 0.0487918 -1.17947 -1.3373 113.2 
-0.0184328 0.37643 80324 1 1.83281 0.857692 293 1 1030 -0.0317333 -0.0578947 0.0489681 -1.20756 -1.34837 113.218 
-0.0287026 0.389521 80365 1 1.83281 0.857692 294 1 1031 -0.0308108 -0.0564842 0.0496167 -1.19471 -1.35889 113.091 
-0.0188336 0.340743 80444 1 1.83281 0.857692 295 1 1033 -0.0312686 -0.0608892 0.049694 -1.24713 -1.36542 112.938 
0.0145228 0.306339 80524 1 1.83281 0.857692 296 1 1035 -0.0294461 -0.0516895 0.0485892 -1.16386 -1.34896 112.594 
0.0585279 0.278717 80564 1 1.83281 0.857692 297 1 1036 -0.0278795 -0.0464347 0.0446236 -1.11909 -1.2992 112.208 
0.118851 0.235346 80645 1 1.83281 0.857692 298 1 1038 -0.0279332 -0.0332838 0.043065 -1.00246 -1.26979 112.109 
0.145416 0.18911 80725 1 1.83281 0.857692 299 1 1040 -0.0291429 -0.0379691 0.0435019 -1.07281 -1.26149 112.336 
0.131501 0.203053 80766 1 1.83281 0.857692 300 1 1041 -0.0283683 -0.0378059 0.0443364 -1.09504 -1.26777 112.449 
0.131501 0.203053 80766 1 1.83281 0.857692 301 1 1041 -0.0283683 -0.0378059 0.0443364 -1.09504 -1.26777 112.449 
0.519901 0.21717 80925 1 1.83281 0.857692 302 1 1045 -0.0285678 -0.0241104 0.0461089 -0.992901 -1.29972 111.756 
0.665014 0.290907 81005 1 1.83281 0.857692 303 1 1047 -0.0306807 -0.0131131 0.0552081 -0.898419 -1.46082 112.285 
0.677419 0.267357 81087 1 1.83281 0.857692 304 1 1049 -0.0330963 -0.00706905 0.0563249 -0.834542 -1.46514 112.283 
0.697779 0.400517 81166 1 1.83281 0.857692 305 1 1051 -0.0329313 -0.0113139 0.0501438 -0.871155 -1.40501 112.382 
0.68881 0.386988 81205 1 1.83281 0.857692 306 1 1052 -0.0328066 -0.0133818 0.0490246 -0.886486 -1.39027 112.46 
0.636988 0.410232 81286 1 1.83281 0.857692 307 1 1054 -0.0345288 -0.0248827 0.0476759 -1.00133 -1.37208 112.629 
0.579688 0.42862 81366 1 1.83281 0.857692 308 1 1056 -0.0350179 -0.0325173 0.0482015 -1.08901 -1.37718 112.774 
0.556599 0.413907 81406 1 1.74948 0.85 309 1 1057 -0.0361433 -0.0365778 0.0487182 -1.135 -1.38233 112.857 
0.455588 0.42561 81487 1 1.37969 0.842308 310 1 1059 -0.0370012 -0.0395137 0.0487725 -1.16681 -1.37162 112.779 
0.466353 0.425711 81527 1 1.125 0.846154 311 1 1060 -0.0366755 -0.0393861 0.0482927 -1.17077 -1.36239 112.787 
0.438662 0.478344 81606 1 1.19687 0.878846 312 1 1062 -0.0361105 -0.0415079 0.0498838 -1.19315 -1.37963 112.614 
0.486573 0.42253 81687 1 1.19687 0.878846 313 1 1064 -0.0359112 -0.0441269 0.0445047 -1.20268 -1.31031 112.56 
0.484976 0.465315 81767 1 1.17135 0.85 314 1 1066 -0.0357118 -0.0471881 0.047334 -1.21909 -1.33634 112.584 
0.462578 0.454001 81807 1 1.04271 0.728846 315 1 1067 -0.0352015 -0.0513807 0.0456903 -1.25132 -1.3114 112.531 
0.450213 0.479194 81888 1 0.974479 0.580769 316 1 1069 -0.0347628 -0.0516897 0.0467891 -1.24297 -1.32689 112.63 
0.465584 0.460324 81967 1 0.764583 0.392308 317 1 1071 -0.0362631 -0.0496357 0.0453633 -1.22105 -1.3016 112.638 
0.435589 0.474258 82007 1 0.631771 0.366346 318 1 1072 -0.0362469 -0.0539585 0.0455383 -1.26186 -1.29922 112.649 
0.343125 0.298016 82087 1 0.624479 0.386538 319 1 1074 -0.0362906 -0.0631452 0.0429156 -1.36492 -1.27415 112.554 
0.296 0.300669 82168 1 0.648438 0.397115 320 1 1076 -0.0371202 -0.0707591 0.0425669 -1.44097 -1.27248 112.53 
0.302544 0.310129 82208 1 0.648438 0.397115 321 1 1077 -0.037495 -0.0685494 0.0455998 -1.42506 -1.3156 112.624 
0.281356 0.303191 82288 1 0.648438 0.397115 322 1 1079 -0.0376719 -0.0726769 0.0439325 -1.46906 -1.29426 112.536 
0.26272 0.328995 82368 1 0.614062 0.383654 323 1 1081 -0.0389834 -0.0740289 0.0462832 -1.49767 -1.32663 112.596 
-0.0975507 0.275699 82488 1 0.586979 0.377885 324 1 1084 -0.0377052 -0.0704284 0.046162 -1.45728 -1.3327 112.58 
-0.0889334 0.296892 82568 1 0.5125 0.347115 325 1 1086 -0.0387411 -0.0713056 0.0467419 -1.46468 -1.34606 112.542 
-0.0684301 0.442116 82609 1 0.473438 0.342308 326 1 1087 -0.0385348 -0.0754863 0.0447891 -1.50306 -1.32144 112.597 
-0.196461 1.44284 82689 1 0.473438 0.342308 327 0 1089 -0.0387226 -0.075965 0.0476198 -1.51626 -1.34789 112.588 
0.232445 0.721009 82769 1 0.475 0.342308 328 1 1091 -0.0380839 -0.0800625 0.0508295 -1.55404 -1.38869 112.609 
0.240338 0.522288 82810 1 0.475 0.341346 329 1 1092 -0.0385253 -0.080328 0.0483481 -1.55978 -1.35698 112.666 
0.25671 0.446507 82889 1 0.475 0.341346 330 1 1094 -0.0388958 -0.080451 0.051029 -1.55122 -1.38983 112.613 
-0.646487 1.60086 83010 1 0.475 0.341346 331 0 1097 -0.0387416 -0.0817732 0.0514422 -1.56899 -1.3949 112.725 
0.088219 1.09984 83090 1 0.475 0.341346 332 1 1099 -0.0382292 -0.0756576 0.0521036 -1.49258 -1.41428 112.752 
0.190569 0.42907 83170 1 0.475 0.341346 333 1 1101 -0.0373334 -0.0776908 0.0534952 -1.5089 -1.42606 112.762 
0.193675 0.344451 83209 1 0.472396 0.341346 334 1 1102 -0.0384615 -0.0798048 0.0533483 -1.5359 -1.42905 112.828 
0.196572 0.277093 83291 1 0.473438 0.345192 335 1 1104 -0.0374335 -0.0780549 0.0550055 -1.51228 -1.46298 112.834 
0.206598 0.249202 83370 1 0.473438 0.345192 336 1 1106 -0.0371613 -0.0785717 0.0542227 -1.51026 -1.4601 112.927 
0.211394 0.315605 83410 1 0.473438 0.345192 337 1 1107 -0.0374877 -0.0770121 0.0553154 -1.49116 -1.47861 112.9 
-0.516073 1.79146 83491 1 0.468229 0.326923 338 0 1109 -0.0368659 -0.0748581 0.056343 -1.46188 -1.49267 113 
-0.238634 0.320542 83610 1 0.340104 0.205769 339 0 1112 -0.0370142 -0.0743846 0.0562412 -1.44972 -1.49756 112.938 
-0.244891 0.271047 83650 1 0.270833 0.180769 340 0 1113 -0.0373435 -0.0747212 0.0585666 -1.45158 -1.5194 112.954 
-0.236864 0.212432 83731 1 0.260937 0.182692 341 0 1115 -0.0365468 -0.0719906 0.0540226 -1.42292 -1.47911 112.904 
1.18332 1.63651 83813 1 0.243229 0.2 342 0 1117 -0.0357635 -0.0733799 0.0550872 -1.42641 -1.48498 113.178 
1.91849 1.2947 83851 1 0.222396 0.235577 343 0 1118 -0.0355236 -0.0721379 0.0553855 -1.41187 -1.49009 113.152 
1.91849 1.2947 83851 1 0.185938 0.252885 344 0 1118 -0.0355236 -0.0721379 0.0553855 -1.41187 -1.49009 113.152 
-0.159114 0.152883 84011 1 0.153125 0.253846 345 1 1122 -0.0359351 -0.0749554 0.0539183 -1.42427 -1.46741 112.875 
-0.181408 0.0884894 84091 1 0.152083 0.250962 346 1 1124 -0.036796 -0.0757384 0.0560767 -1.43406 -1.48716 112.88 
-0.243544 0.132918 84172 1 0.152083 0.250962 347 0 1126 -0.0365853 -0.0738339 0.0540538 -1.41875 -1.45593 112.919 
