ImageFile:
-0.897408 -1.93466 76133 1 0.310417 0.238462 1 0 974 -0.0846481 0.0275097 -0.0285678 -2.87769 8.67259 132.345 
-0.321935 -2.04972 76173 1 0.310417 0.238462 2 0 975 -0.085787 0.0458591 -0.0319712 -2.64052 8.67898 131.993 
-0.321935 -2.04972 76173 1 0.310417 0.238462 3 0 975 -0.085787 0.0458591 -0.0319712 -2.64052 8.67898 131.993 
-0.343101 -2.22206 76373 1 0.310417 0.238462 4 0 980 -0.0846029 0.0428606 -0.0330817 -2.65272 8.71218 132.16 
-0.350412 -2.29092 76453 1 0.309896 0.238462 5 0 982 -0.0835369 0.041996 -0.0338142 -2.64891 8.73543 132.192 
-0.361255 -2.32983 76493 1 0.304688 0.244231 6 0 983 -0.0841821 0.0413853 -0.0338176 -2.64886 8.74091 132.202 
-0.361255 -2.32983 76493 1 0.286979 0.283654 7 0 983 -0.0841821 0.0413853 -0.0338176 -2.64886 8.74091 132.202 
-0.372255 -2.352 76694 1 0.255208 0.377885 8 0 988 -0.0847408 0.0403799 -0.0341243 -2.64769 8.74981 132.125 
-0.356547 -2.40913 76734 1 0.235937 0.425962 9 0 989 -0.0850556 0.0399037 -0.0352657 -2.6497 8.77634 132.105 
-1.30883 -2.25242 76813 1 0.232813 0.429808 10 0 991 -0.0814177 0.022518 -0.030291 -2.87827 8.75426 132.449 
-1.30883 -2.25242 76813 1 0.232813 0.429808 11 0 991 -0.0814177 0.022518 -0.030291 -2.87827 8.75426 132.449 
-0.556856 -2.51365 76976 1 0.232813 0.431731 12 0 995 -0.0873735 0.036381 -0.0367735 -2.67003 8.84815 132.154 
-0.561275 -2.54427 77054 1 0.232813 0.436538 13 0 997 -0.0878925 0.0355804 -0.036928 -2.66559 8.86674 132.119 
-0.56835 -2.58459 77094 1 0.231771 0.466346 14 0 998 -0.0882904 0.0341321 -0.0386372 -2.67703 8.89517 132.114 
-0.535462 -2.62108 77135 1 0.227604 0.531731 15 0 999 -0.0878809 0.0360721 -0.0393572 -2.64325 8.91281 132.142 
-0.535462 -2.62108 77135 1 0.223958 0.599038 16 0 999 -0.0878809 0.0360721 -0.0393572 -2.64325 8.91281 132.142 
-0.51211 -2.63514 77175 1 0.221354 0.630769 17 0 1000 -0.0867687 0.0364233 -0.0404499 -2.62881 8.93507 132.09 
-0.53327 -2.59687 77254 1 0.220312 0.672115 18 0 1002 -0.0870489 0.0364329 -0.0374894 -2.61014 8.92248 132.074 
-0.53327 -2.59687 77254 1 0.218229 0.725 19 0 1002 -0.0870489 0.0364329 -0.0374894 -2.61014 8.92248 132.074 
-2.22205 -2.02042 77335 1 0.20625 0.779808 20 0 1004 -0.0890267 0.0338969 -0.0361957 -2.62207 8.92532 132.092 
-2.22205 -2.02042 77335 1 0.190104 0.825 21 0 1004 -0.0890267 0.0338969 -0.0361957 -2.62207 8.92532 132.092 
-0.551182 -0.633316 77535 1 0.185417 0.835577 22 0 1009 -0.0742196 0.0217131 0.0189868 -2.68884 8.08325 132.639 
-0.761499 -1.7494 77695 1 0.170833 0.858654 23 0 1013 -0.0732248 0.0177124 0.00320818 -2.68805 8.33711 132.546 
-0.607388 -1.86251 77776 1 0.123958 0.920192 24 0 1015 -0.0786876 0.0218755 -0.00418081 -2.59498 8.40971 132.149 
-0.607388 -1.86251 77776 1 0.06875 0.971154 25 0 1015 -0.0786876 0.0218755 -0.00418081 -2.59498 8.40971 132.149 
-0.745445 -0.787554 77816 1 0.0505208 0.983654 26 0 1016 -0.0668076 0.0157 0.0229196 -2.63651 7.96741 132.31 
-0.745445 -0.787554 77816 1 0.0515625 0.983654 27 0 1016 -0.0668076 0.0157 0.0229196 -2.63651 7.96741 132.31 
-0.347026 -0.827956 77935 1 0.0567708 0.982692 28 0 1019 -0.0684375 0.0225863 0.0198594 -2.54526 8.04523 132.631 
-0.347026 -0.827956 77935 1 0.0645833 0.978846 29 0 1019 -0.0684375 0.0225863 0.0198594 -2.54526 8.04523 132.631 
-0.290975 -0.98799 78096 1 0.0661458 0.977885 30 0 1023 -0.0695874 0.0237142 0.0140599 -2.52072 8.15216 132.762 
-0.290975 -0.98799 78096 1 0.0666667 0.976923 31 0 1023 -0.0695874 0.0237142 0.0140599 -2.52072 8.15216 132.762 
-0.319715 -0.956705 78257 1 0.0671875 0.976923 32 0 1027 -0.0758724 0.021921 0.0232631 -2.55808 8.08802 132.702 
-0.372165 -2.0558 78378 1 0.0671875 0.976923 33 0 1030 -0.0745185 0.0150858 -0.00161852 -2.65199 8.52784 132.993 
-0.372165 -2.0558 78378 1 0.0671875 0.976923 34 0 1030 -0.0745185 0.0150858 -0.00161852 -2.65199 8.52784 132.993 
-0.376486 -0.918299 78457 1 0.0671875 0.976923 35 0 1032 -0.0766487 0.0198924 0.0239081 -2.58537 8.06338 132.395 
-0.351135 -2.01608 78577 1 0.0671875 0.975962 36 0 1035 -0.074502 0.0167187 0.000643598 -2.63273 8.50459 132.963 
-0.547489 -2.25371 78697 1 0.0671875 0.975962 37 0 1038 -0.0792568 0.0223843 -0.0139878 -2.54359 8.66626 132.257 
-0.536044 -2.26803 78778 1 0.0671875 0.975962 38 0 1040 -0.0798596 0.0229171 -0.0142202 -2.55063 8.66569 132.295 
-0.536044 -2.26803 78778 1 0.0671875 0.975962 39 0 1040 -0.0798596 0.0229171 -0.0142202 -2.55063 8.66569 132.295 
-0.440802 -1.04719 78818 1 0.0671875 0.975962 40 0 1041 -0.073582 0.0234382 0.0171596 -2.55982 8.17465 132.823 
-0.783433 -2.14772 78938 1 0.0671875 0.975962 41 0 1044 -0.0759117 0.0179466 -0.00931404 -2.67602 8.62448 132.865 
-0.541099 -2.04486 79019 1 0.0671875 0.975962 42 0 1046 -0.081272 0.025813 -0.0155347 -2.57721 8.69453 132.289 
-0.541099 -2.04486 79019 1 0.0671875 0.975962 43 0 1046 -0.081272 0.025813 -0.0155347 -2.57721 8.69453 132.289 
-2.02674 -1.58297 79057 1 0.0671875 0.975962 44 0 1047 -0.0837505 0.0267833 -0.0210678 -2.56388 8.77831 132.103 
-0.469321 -2.24991 79258 1 0.0671875 0.975962 45 0 1052 -0.0817592 0.0290856 -0.0261744 -2.49559 8.89566 132.108 
-0.469321 -2.24991 79258 1 0.0671875 0.975962 46 0 1052 -0.0817592 0.0290856 -0.0261744 -2.49559 8.89566 132.108 
-0.541173 -0.889629 79339 1 0.0671875 0.975962 47 0 1054 -0.0734679 0.0214329 0.0192333 -2.56539 8.25339 132.78 
-0.764606 -2.03201 79458 1 0.0671875 0.975962 48 0 1057 -0.074162 0.0170509 -0.00201505 -2.61046 8.62607 132.671 
-0.580428 -2.30995 79579 1 0.0671875 0.975962 49 0 1060 -0.0796404 0.021454 -0.0167248 -2.50982 8.80879 132.292 
-0.698702 -2.33495 79619 1 0.0671875 0.975962 50 0 1061 -0.0795335 0.0213879 -0.0167447 -2.50914 8.80877 132.295 
-0.751686 -2.31407 79699 1 0.0671875 0.975962 51 0 1063 -0.0793603 0.0212813 -0.0168105 -2.50796 8.80814 132.307 
-0.751686 -2.31407 79699 1 0.0671875 0.975962 52 0 1063 -0.0793603 0.0212813 -0.0168105 -2.50796 8.80814 132.307 
-0.685036 -1.0197 79781 1 0.0671875 0.975962 53 0 1065 -0.0723366 0.0149146 0.0139755 -2.57058 8.31323 132.645 
-0.92558 -2.21991 79900 1 0.0671875 0.975962 54 0 1068 -0.0720053 0.0143122 -0.00444086 -2.59632 8.653 132.696 
-0.92558 -2.21991 79900 1 0.0671875 0.975962 55 0 1068 -0.0720053 0.0143122 -0.00444086 -2.59632 8.653 132.696 
-0.887964 -0.99672 79980 1 0.0671875 0.975962 56 0 1070 -0.0662036 0.0227627 0.0109166 -2.4682 8.45695 133.722 
-0.887964 -0.99672 79980 1 0.0671875 0.975962 57 0 1070 -0.0662036 0.0227627 0.0109166 -2.4682 8.45695 133.722 
-1.06637 -0.254773 80100 1 0.0671875 0.975962 58 0 1073 -0.0530845 0.00815285 0.000412757 -2.62812 8.56138 132.962 
-1.06637 -0.254773 80100 1 0.0671875 0.975962 59 0 1073 -0.0530845 0.00815285 0.000412757 -2.62812 8.56138 132.962 
-1.39494 -1.25783 80220 1 0.0671875 0.975962 60 0 1076 -0.0734124 0.00702784 -0.0179555 -2.68391 8.8328 132.772 
-1.39494 -1.25783 80220 1 0.0671875 0.975962 61 0 1076 -0.0734124 0.00702784 -0.0179555 -2.68391 8.8328 132.772 
-1.42532 -1.12423 80381 1 0.0671875 0.975962 62 0 1080 -0.0796862 0.0183889 -0.0278687 -2.52997 8.9444 132.1 
-1.13026 -0.211704 80501 1 0.0671875 0.975962 63 0 1083 -0.0593778 0.0198549 0.00278591 -2.50534 8.56783 133.222 
-1.13026 -0.211704 80501 1 0.0671875 0.975962 64 0 1083 -0.0593778 0.0198549 0.00278591 -2.50534 8.56783 133.222 
-0.488544 -1.85562 80702 1 0.0671875 0.975962 65 0 1088 -0.0792228 0.0194767 -0.0241753 -2.55372 8.90881 132.214 
-0.393473 -2.18835 80782 1 0.0671875 0.975962 66 0 1090 -0.0785743 0.0185867 -0.028903 -2.59285 8.98895 132.35 
-0.382666 -2.24553 80822 1 0.0671875 0.975962 67 0 1091 -0.0801876 0.0189421 -0.0318953 -2.60185 9.03644 132.282 
-0.390513 -2.23275 80862 1 0.0671875 0.975962 68 0 1092 -0.0813306 0.0205372 -0.0316897 -2.60351 9.05003 132.3 
-0.390513 -2.23275 80862 1 0.0671875 0.975962 69 0 1092 -0.0813306 0.0205372 -0.0316897 -2.60351 9.05003 132.3 
-0.331781 -0.867915 80942 1 0.0671875 0.975962 70 0 1094 -0.0722227 0.0212169 0.0248261 -2.62639 8.19408 132.538 
-0.598787 -2.22484 81102 1 0.0671875 0.975962 71 0 1098 -0.0764502 0.0101606 -0.00952704 -2.79703 8.74056 132.449 
-0.598787 -2.22484 81102 1 0.0671875 0.975962 72 0 1098 -0.0764502 0.0101606 -0.00952704 -2.79703 8.74056 132.449 
-0.40168 -0.805767 81183 1 0.0671875 0.975962 73 0 1100 -0.0757168 0.0226002 0.0306788 -2.63268 8.10618 132.458 
-0.542032 -2.3192 81302 1 0.0671875 0.975962 74 0 1103 -0.0743222 0.0196407 0.00897951 -2.67941 8.51638 132.671 
-0.542032 -2.3192 81302 1 0.0671875 0.975962 75 0 1103 -0.0743222 0.0196407 0.00897951 -2.67941 8.51638 132.671 
-0.857407 -0.966238 81383 1 0.065625 0.975962 76 0 1105 -0.0721891 0.0193422 0.0285676 -2.63365 8.1375 132.213 
-0.857407 -0.966238 81383 1 0.0229167 0.967308 77 0 1105 -0.0721891 0.0193422 0.0285676 -2.63365 8.1375 132.213 
-0.68032 -0.861085 81503 1 -0.0942708 0.877885 78 0 1108 -0.0727952 0.0210072 0.0244445 -2.59109 8.20179 132.275 
-0.768322 -1.98668 81623 1 -0.422917 0.708654 79 0 1111 -0.0744203 0.0201779 0.00455231 -2.60113 8.60219 132.838 
-0.768322 -1.98668 81623 1 -0.713021 0.525962 80 0 1111 -0.0744203 0.0201779 0.00455231 -2.60113 8.60219 132.838 
-0.768322 -1.98668 81623 1 -0.945313 0.372115 81 0 1111 -0.0744203 0.0201779 0.00455231 -2.60113 8.60219 132.838 
-1.78122 -1.16705 81703 1 -0.995833 0.332692 82 0 1113 -0.0816267 0.0240438 -0.0104397 -2.52816 8.76964 131.749 
-1.78122 -1.16705 81703 1 -0.995833 0.332692 83 0 1113 -0.0816267 0.0240438 -0.0104397 -2.52816 8.76964 131.749 
-0.690771 -0.975291 81903 1 -0.995833 0.332692 84 0 1118 -0.0668784 0.0279485 0.0114555 -2.45914 8.54542 133.607 
-0.690771 -0.975291 81903 1 -0.967187 0.3625 85 0 1118 -0.0668784 0.0279485 0.0114555 -2.45914 8.54542 133.607 
-0.690771 -0.975291 81903 1 -0.978125 0.335577 86 0 1118 -0.0668784 0.0279485 0.0114555 -2.45914 8.54542 133.607 
-1.07454 -0.345184 82063 1 -1 0.223077 87 0 1122 -0.0691826 0.0223921 0.0145551 -2.53693 8.49676 133.332 
-1.07454 -0.345184 82063 1 -1 0.0201923 88 0 1122 -0.0691826 0.0223921 0.0145551 -2.53693 8.49676 133.332 
-1.07454 -0.345184 82063 1 -0.99375 0.00769231 89 0 1122 -0.0691826 0.0223921 0.0145551 -2.53693 8.49676 133.332 
-1.73343 -1.33467 82224 1 -0.979167 0.00769231 90 0 1126 -0.0783735 0.012421 -0.0142365 -2.7095 8.89599 132.665 
-0.689196 -2.18197 82427 1 -0.970833 0.00769231 91 0 1131 -0.0808294 0.0265518 -0.0154864 -2.53729 8.9101 131.885 
-0.649322 -2.25142 82505 1 -0.972396 0.00769231 92 0 1133 -0.0836185 0.0262164 -0.0156959 -2.53198 8.92415 132.008 
-0.649322 -2.25142 82505 1 -0.972917 0.00769231 93 0 1133 -0.0836185 0.0262164 -0.0156959 -2.53198 8.92415 132.008 
-0.884841 -0.930084 82585 1 -0.972917 0.00769231 94 0 1135 -0.0759062 0.017754 0.0247226 -2.6332 8.32902 132.428 
-1.01605 -2.01276 82706 1 -0.949479 0.00769231 95 0 1138 -0.0756851 0.0153185 0.00116916 -2.697 8.74588 132.658 
-1.01605 -2.01276 82706 1 -0.791667 0.00769231 96 0 1138 -0.0756851 0.0153185 0.00116916 -2.697 8.74588 132.658 
-0.495345 -0.885832 82825 1 -0.552604 0.00769231 97 0 1141 -0.0739401 0.0205339 0.0249682 -2.61929 8.26126 132.468 
-0.711932 -1.6269 82986 1 -0.391146 0.00769231 98 0 1145 -0.0762619 0.0218427 0.00960246 -2.61576 8.55215 132.876 
-0.500227 -1.96339 83067 1 -0.328646 0.00769231 99 0 1147 -0.0797465 0.0282873 -0.00321002 -2.4951 8.70148 131.787 
-0.55891 -2.17133 83106 1 -0.324479 0.00769231 100 0 1148 -0.0813179 0.0265097 -0.00641964 -2.50543 8.77795 132.027 
-0.520408 -2.25318 83186 1 -0.317188 0.00769231 101 0 1150 -0.0805621 0.025821 -0.0105632 -2.4827 8.84508 132.058 
-0.590745 -2.44159 83348 1 -0.311979 0.00769231 102 0 1154 -0.0796273 0.023004 -0.015002 -2.48733 8.92159 132.191 
-0.590745 -2.44159 83348 1 -0.311979 0.00769231 103 0 1154 -0.0796273 0.023004 -0.015002 -2.48733 8.92159 132.191 
-0.777797 -1.08312 83386 1 -0.311979 0.00769231 104 0 1155 -0.0733623 0.0183556 0.0123374 -2.54446 8.46386 132.757 
0.559582 -0.841197 83546 1 -0.311979 0.00769231 105 0 1159 -0.0756392 0.00611309 -0.0145932 -2.71891 8.90244 132.473 
0.559582 -0.841197 83546 1 -0.314063 0.00961538 106 0 1159 -0.0756392 0.00611309 -0.0145932 -2.71891 8.90244 132.473 
0.524741 -1.11221 83628 1 -0.325 0.0221154 107 0 1161 -0.0782442 0.00435676 -0.0233183 -2.76041 9.03573 132.539 
0.731387 -0.252356 83707 1 -0.346875 0.0538462 108 0 1163 -0.0758039 0.0232388 -0.00459488 -2.55833 8.78305 132.993 
0.605694 -0.667873 83872 1 -0.4 0.172115 109 0 1167 -0.0824239 0.011993 -0.00916289 -2.74777 8.91055 132.818 
0.605694 -0.667873 83872 1 -0.451562 0.377885 110 0 1167 -0.0824239 0.011993 -0.00916289 -2.74777 8.91055 132.818 
0.764798 -0.386266 83948 1 -0.481771 0.463462 111 0 1169 -0.0769301 0.0222584 -0.0149295 -2.64465 8.9502 132.926 
0.764798 -0.386266 83948 1 -0.488021 0.515385 112 0 1169 -0.0769301 0.0222584 -0.0149295 -2.64465 8.9502 132.926 
0.650239 -0.3004 84067 1 -0.505208 0.557692 113 0 1172 -0.0775953 0.0228591 -0.000499308 -2.67255 8.78402 132.697 
0.479261 -0.715306 84228 1 -0.523438 0.570192 114 0 1176 -0.084522 0.0156501 -0.0100311 -2.78725 8.96178 132.796 
0.479261 -0.715306 84228 1 -0.539583 0.583654 115 0 1176 -0.084522 0.0156501 -0.0100311 -2.78725 8.96178 132.796 
-0.509511 -1.67898 84429 1 -0.542708 0.583654 116 0 1181 -0.0816873 0.0174589 -0.00436686 -2.75458 8.859 132.826 
-0.509511 -1.67898 84429 1 -0.544271 0.585577 117 0 1181 -0.0816873 0.0174589 -0.00436686 -2.75458 8.859 132.826 
-0.576871 -0.714373 84469 1 -0.552083 0.593269 118 0 1182 -0.0797485 0.0227059 0.0234267 -2.65522 8.40549 132.623 
-0.694074 -1.78163 84589 1 -0.564063 0.598077 119 0 1185 -0.0806307 0.0223975 0.000599756 -2.66882 8.80022 132.924 
-0.694074 -1.78163 84589 1 -0.566667 0.599038 120 0 1185 -0.0806307 0.0223975 0.000599756 -2.66882 8.80022 132.924 
-0.154135 -0.640983 84669 1 -0.566667 0.599038 121 0 1187 -0.0723169 0.0260457 0.0261286 -2.57508 8.41996 133.201 
-0.463318 -1.5844 84791 1 -0.566667 0.599038 122 0 1190 -0.078561 0.018258 0.001406 -2.68714 8.78444 132.941 
-0.463318 -1.5844 84791 1 -0.541146 0.599038 123 0 1190 -0.078561 0.018258 0.001406 -2.68714 8.78444 132.941 
-0.378316 -0.612033 84869 1 -0.531771 0.6 124 0 1192 -0.0745068 0.0207762 0.0279795 -2.63668 8.32379 132.719 
-0.447911 -1.5302 85069 1 -0.531771 0.6 125 0 1197 -0.0787928 0.0141282 0.00104658 -2.78387 8.75042 132.616 
-0.447911 -1.5302 85109 1 -0.531771 0.6 126 0 1198 -0.0787928 0.0141282 0.00104658 -2.78387 8.75042 132.616 
-0.447911 -1.5302 85109 1 -0.531771 0.6 127 0 1198 -0.0787928 0.0141282 0.00104658 -2.78387 8.75042 132.616 
0.405472 -0.349192 85192 1 -0.531771 0.6 128 0 1200 -0.0733096 0.0274048 0.0208182 -2.66357 8.48227 132.901 
0.405472 -0.349192 85192 1 -0.531771 0.6 129 0 1200 -0.0733096 0.0274048 0.0208182 -2.66357 8.48227 132.901 
0.684094 -0.365104 85310 1 -0.531771 0.6 130 0 1203 -0.0842193 0.0224355 -0.00582347 -2.76593 8.85677 132.766 
-0.826893 -1.30279 85470 1 -0.531771 0.6 131 0 1207 -0.0851788 0.0217122 -0.00761963 -2.80567 8.92187 132.906 
-0.826893 -1.30279 85511 1 -0.531771 0.6 132 0 1208 -0.0851788 0.0217122 -0.00761963 -2.80567 8.92187 132.906 
-0.826893 -1.30279 85591 1 -0.531771 0.6 133 0 1210 -0.0851788 0.0217122 -0.00761963 -2.80567 8.92187 132.906 
-0.826893 -1.30279 85591 1 -0.531771 0.6 134 0 1210 -0.0851788 0.0217122 -0.00761963 -2.80567 8.92187 132.906 
-0.718864 -0.563217 85631 1 -0.531771 0.6 135 0 1211 -0.0759736 0.0140726 0.0138203 -2.85423 8.59901 133.014 
-0.718864 -0.563217 85631 1 -0.531771 0.6 136 0 1211 -0.0759736 0.0140726 0.0138203 -2.85423 8.59901 133.014 
-0.652883 -0.402893 85751 1 -0.531771 0.6 137 0 1214 -0.076789 0.0155574 0.013184 -2.83445 8.58986 133.067 
-3.5028 0.82398 85911 1 -0.531771 0.6 138 0 1218 -0.076789 0.0155574 0.013184 -2.83445 8.58986 133.067 
-3.5028 0.82398 85992 1 -0.531771 0.6 139 0 1220 -0.076789 0.0155574 0.013184 -2.83445 8.58986 133.067 
-0.869235 -0.276751 86073 1 -0.531771 0.6 140 0 1222 -0.073267 0.0123692 0.000924314 -2.84176 8.76465 132.967 
-0.869235 -0.276751 86073 1 -0.531771 0.6 141 0 1222 -0.073267 0.0123692 0.000924314 -2.84176 8.76465 132.967 
-0.869235 -0.276751 86073 1 -0.531771 0.6 142 0 1222 -0.073267 0.0123692 0.000924314 -2.84176 8.76465 132.967 
-1.41372 -0.569535 86192 1 -0.531771 0.6 143 0 1225 -0.084354 0.0111797 -0.00730169 -2.85773 8.90869 132.941 
-0.621901 0.381559 86352 1 -0.531771 0.6 144 0 1229 -0.0915815 0.0206157 -0.0190571 -2.69309 9.019 131.956 
-0.621901 0.381559 86432 1 -0.531771 0.6 145 0 1231 -0.0915815 0.0206157 -0.0190571 -2.69309 9.019 131.956 
-0.621901 0.381559 86552 1 -0.531771 0.6 146 0 1234 -0.0915815 0.0206157 -0.0190571 -2.69309 9.019 131.956 
-0.621901 0.381559 86592 1 -0.531771 0.6 147 0 1235 -0.0915815 0.0206157 -0.0190571 -2.69309 9.019 131.956 
-0.621901 0.381559 86673 1 -0.531771 0.6 148 0 1237 -0.0915815 0.0206157 -0.0190571 -2.69309 9.019 131.956 
-0.621901 0.381559 86673 1 -0.531771 0.6 149 0 1237 -0.0915815 0.0206157 -0.0190571 -2.69309 9.019 131.956 
-0.124093 -1.05963 86713 1 -0.531771 0.6 150 0 1238 -0.078158 0.0199243 0.00931199 -2.73538 8.59022 133.211 
-0.385036 -1.7026 86833 1 -0.531771 0.6 151 0 1241 -0.0810451 0.0125926 -0.000776358 -2.8631 8.76634 132.893 
0.0575227 -2.07395 86953 1 -0.531771 0.6 152 0 1244 -0.0885579 0.0218416 -0.0151737 -2.74096 8.92013 132.169 
0.0575227 -2.07395 87033 1 -0.531771 0.6 153 0 1246 -0.0885579 0.0218416 -0.0151737 -2.74096 8.92013 132.169 
0.0575227 -2.07395 87073 1 -0.531771 0.6 154 0 1247 -0.0885579 0.0218416 -0.0151737 -2.74096 8.92013 132.169 
-0.0117039 -0.565128 87114 1 -0.531771 0.6 155 0 1248 -0.0830913 0.0206937 0.0431856 -2.76538 8.06451 132.472 
0.175768 -1.41601 87273 1 -0.531771 0.6 156 0 1252 -0.0833479 0.0208604 0.0163085 -2.78941 8.53146 132.857 
0.175768 -1.41601 87313 1 -0.531771 0.6 157 0 1253 -0.0833479 0.0208604 0.0163085 -2.78941 8.53146 132.857 
0.175768 -1.41601 87313 1 -0.531771 0.6 158 0 1253 -0.0833479 0.0208604 0.0163085 -2.78941 8.53146 132.857 
0.175768 -1.41601 87396 1 -0.531771 0.6 159 0 1255 -0.0833479 0.0208604 0.0163085 -2.78941 8.53146 132.857 
0.175768 -1.41601 87396 1 -0.531771 0.6 160 0 1255 -0.0833479 0.0208604 0.0163085 -2.78941 8.53146 132.857 
0.732743 -0.499328 87474 1 -0.531771 0.6 161 0 1257 -0.0827748 0.00947846 0.0242096 -2.90145 8.29294 131.32 
0.732743 -0.499328 87474 1 -0.531771 0.6 162 0 1257 -0.0827748 0.00947846 0.0242096 -2.90145 8.29294 131.32 
0.801327 -0.244478 87635 1 -0.531771 0.6 163 0 1261 -0.0827337 0.0216044 0.0354579 -2.76331 8.12602 131.646 
0.801327 -0.244478 87635 1 -0.531771 0.6 164 0 1261 -0.0827337 0.0216044 0.0354579 -2.76331 8.12602 131.646 
0.798868 -0.0787184 87754 1 -0.531771 0.6 165 0 1264 -0.0826798 0.0237327 0.0412331 -2.74934 8.02811 131.399 
2.84812 2.93402 87875 1 -0.531771 0.6 166 0 1267 -0.0826798 0.0237327 0.0412331 -2.74934 8.02811 131.399 
2.84812 2.93402 87875 1 -0.531771 0.6 167 0 1267 -0.0826798 0.0237327 0.0412331 -2.74934 8.02811 131.399 
1.48457 -0.379941 87995 1 -0.531771 0.6 168 0 1270 -0.0901333 0.00808987 0.0112724 -2.97206 8.40412 131.083 
1.60734 -1.73305 88115 1 -0.531771 0.6 169 0 1273 -0.0852243 0.0202632 0.0105286 -2.80769 8.60346 132.497 
1.60734 -1.73305 88236 1 -0.531771 0.6 170 0 1276 -0.0852243 0.0202632 0.0105286 -2.80769 8.60346 132.497 
1.60734 -1.73305 88236 1 -0.531771 0.6 171 0 1276 -0.0852243 0.0202632 0.0105286 -2.80769 8.60346 132.497 
1.60734 -1.73305 88236 1 -0.531771 0.6 172 0 1276 -0.0852243 0.0202632 0.0105286 -2.80769 8.60346 132.497 
0.571522 -0.760533 88316 1 -0.531771 0.6 173 0 1278 -0.081374 0.004596 0.024429 -2.93521 8.2826 130.998 
0.973402 -1.84656 88516 1 -0.531771 0.6 174 0 1283 -0.0791187 0.0168467 0.00525882 -2.75386 8.75926 133.299 
0.973402 -1.84656 88557 1 -0.531771 0.6 175 0 1284 -0.0791187 0.0168467 0.00525882 -2.75386 8.75926 133.299 
0.973402 -1.84656 88637 1 -0.531771 0.6 176 0 1286 -0.0791187 0.0168467 0.00525882 -2.75386 8.75926 133.299 
0.973402 -1.84656 88757 1 -0.531771 0.6 177 0 1289 -0.0791187 0.0168467 0.00525882 -2.75386 8.75926 133.299 
0.973402 -1.84656 88797 1 -0.531771 0.6 178 0 1290 -0.0791187 0.0168467 0.00525882 -2.75386 8.75926 133.299 
0.973402 -1.84656 88797 1 -0.531771 0.6 179 0 1290 -0.0791187 0.0168467 0.00525882 -2.75386 8.75926 133.299 
-0.424092 -0.948025 88836 1 -0.531771 0.6 180 0 1291 -0.0752253 0.0203283 0.0225431 -2.7019 8.47528 133.226 
-0.424092 -0.948025 88836 1 -0.531771 0.6 181 0 1291 -0.0752253 0.0203283 0.0225431 -2.7019 8.47528 133.226 
-0.504755 -0.287585 88957 1 -0.531771 0.6 182 0 1294 -0.0789643 0.0169461 0.0430394 -2.76564 8.1461 132.749 
-0.504755 -0.287585 88957 1 -0.531771 0.6 183 0 1294 -0.0789643 0.0169461 0.0430394 -2.76564 8.1461 132.749 
-0.589571 -0.91265 89118 1 -0.531771 0.6 184 0 1298 -0.0768079 0.0173833 0.0213348 -2.77918 8.44725 132.98 
-0.837218 -1.65191 89237 1 -0.531771 0.6 185 0 1301 -0.0791675 0.010264 0.00634447 -2.884 8.69192 132.852 
-0.837218 -1.65191 89237 1 -0.531771 0.6 186 0 1301 -0.0791675 0.010264 0.00634447 -2.884 8.69192 132.852 
-0.485833 -0.747875 89318 1 -0.531771 0.6 187 0 1303 -0.0774196 0.018612 0.0223394 -2.7707 8.41016 133.27 
-0.485833 -0.747875 89318 1 -0.531771 0.6 188 0 1303 -0.0774196 0.018612 0.0223394 -2.7707 8.41016 133.27 
-0.0951271 -0.697773 89438 1 -0.531771 0.6 189 0 1306 -0.0787602 0.0243614 0.0151091 -2.72326 8.50712 133.471 
-0.185711 -1.2759 89598 1 -0.531771 0.6 190 0 1310 -0.083271 0.013103 -8.04462e-006 -2.88137 8.74869 133.052 
-0.185711 -1.2759 89598 1 -0.531771 0.6 191 0 1310 -0.083271 0.013103 -8.04462e-006 -2.88137 8.74869 133.052 
0.086336 -0.2483 89679 1 -0.531771 0.6 192 0 1312 -0.0746761 0.0272997 0.0317971 -2.70686 8.27839 133.392 
0.086336 -0.2483 89679 1 -0.531771 0.6 193 0 1312 -0.0746761 0.0272997 0.0317971 -2.70686 8.27839 133.392 
0.20485 -0.317698 89798 1 -0.531771 0.6 194 0 1315 -0.0743242 0.0283459 0.0310563 -2.71278 8.3174 133.223 
0.20485 -0.317698 89798 1 -0.531771 0.6 195 0 1315 -0.0743242 0.0283459 0.0310563 -2.71278 8.3174 133.223 
0.20485 -0.317698 89798 1 -0.531771 0.6 196 0 1315 -0.0743242 0.0283459 0.0310563 -2.71278 8.3174 133.223 
-0.144412 1.1204 89918 1 -0.531771 0.6 197 0 1318 -0.0743242 0.0283459 0.0310563 -2.71278 8.3174 133.223 
-0.229062 -0.176534 90119 1 -0.531771 0.6 198 0 1323 -0.0811707 0.0153575 0.00624375 -2.86092 8.72383 133.441 
-0.229062 -0.176534 90119 1 -0.531771 0.6 199 0 1323 -0.0811707 0.0153575 0.00624375 -2.86092 8.72383 133.441 
-0.995745 -0.0868816 90279 1 -0.531771 0.6 200 0 1327 -0.0811707 0.0153575 0.00624375 -2.86092 8.72383 133.441 
-0.995745 -0.0868816 90279 1 -0.531771 0.6 201 0 1327 -0.0811707 0.0153575 0.00624375 -2.86092 8.72383 133.441 
-0.0902951 -0.371088 90400 1 -0.531771 0.6 202 0 1330 -0.0765011 0.0127073 0.025719 -2.87285 8.42586 132.801 
-0.0902951 -0.371088 90400 1 -0.531771 0.6 203 0 1330 -0.0765011 0.0127073 0.025719 -2.87285 8.42586 132.801 
-0.00672943 -0.746047 90520 1 -0.531771 0.6 204 0 1333 -0.0769544 0.00807457 0.0106419 -2.9122 8.62734 132.866 
-0.00672943 -0.746047 90520 1 -0.531771 0.6 205 0 1333 -0.0769544 0.00807457 0.0106419 -2.9122 8.62734 132.866 
-0.0359497 -0.876223 90680 1 -0.531771 0.6 206 0 1337 -0.0766625 0.00657751 0.0109431 -2.95327 8.60484 132.527 
-0.114632 -0.662271 90800 1 -0.531771 0.6 207 0 1340 -0.0806264 0.0167199 0.0299335 -2.84252 8.35836 132.137 
-0.114632 -0.662271 90800 1 -0.531771 0.6 208 0 1340 -0.0806264 0.0167199 0.0299335 -2.84252 8.35836 132.137 
-0.0259549 -0.642619 90881 1 -0.531771 0.6 209 0 1342 -0.0781948 0.0163446 0.0264045 -2.83932 8.43781 133.256 
-0.252851 -0.598338 91001 1 -0.531771 0.6 210 0 1345 -0.0802411 0.0166341 0.0376607 -2.84253 8.23235 132.083 
-0.252851 -0.598338 91081 1 -0.531771 0.6 211 0 1347 -0.0802411 0.0166341 0.0376607 -2.84253 8.23235 132.083 
-0.0901106 -0.740606 91161 1 -0.531771 0.6 212 0 1349 -0.0772415 0.0159968 0.0303019 -2.86723 8.3224 132.565 
-0.0901106 -0.740606 91161 1 -0.531771 0.6 213 0 1349 -0.0772415 0.0159968 0.0303019 -2.86723 8.3224 132.565 
-0.069718 -1.22221 91281 1 -0.531771 0.6 214 0 1352 -0.0786591 0.01343 0.00169871 -2.89496 8.74105 133.026 
0.270698 -1.67933 91401 1 -0.531771 0.6 215 0 1355 -0.0806585 0.0276871 0.0176983 -2.69854 8.55694 131.958 
0.270698 -1.67933 91401 1 -0.531771 0.6 216 0 1355 -0.0806585 0.0276871 0.0176983 -2.69854 8.55694 131.958 
-0.0296301 -0.276074 91484 1 -0.531771 0.6 217 0 1357 -0.0780819 0.0252539 0.0500176 -2.76642 8.13294 132.256 
0.0639429 -1.12374 91602 1 -0.531771 0.6 218 0 1360 -0.0823163 0.0271653 0.0263099 -2.70346 8.45248 131.885 
0.0639429 -1.12374 91602 1 -0.531771 0.6 219 0 1360 -0.0823163 0.0271653 0.0263099 -2.70346 8.45248 131.885 
-0.0476012 -0.367256 91683 1 -0.531771 0.6 220 0 1362 -0.0766157 0.021245 0.039374 -2.80316 8.25381 132.26 
-0.0476012 -0.367256 91683 1 -0.531771 0.6 221 0 1362 -0.0766157 0.021245 0.039374 -2.80316 8.25381 132.26 
0.138895 -1.88253 91802 1 -0.531771 0.6 222 0 1365 -0.0824968 0.0283288 0.0186682 -2.67774 8.55823 132.095 
0.138895 -1.88253 91802 1 -0.531771 0.6 223 0 1365 -0.0824968 0.0283288 0.0186682 -2.67774 8.55823 132.095 
-0.559033 -1.55376 91963 1 -0.531771 0.6 224 0 1369 -0.0826409 0.0326055 0.0150087 -2.59643 8.56961 131.65 
-0.559033 -1.55376 91963 1 -0.531771 0.6 225 0 1369 -0.0826409 0.0326055 0.0150087 -2.59643 8.56961 131.65 
-0.648111 -1.65036 92203 1 -0.531771 0.6 226 0 1375 -0.0821303 0.0292166 0.0109165 -2.58987 8.60578 131.841 
-0.648111 -1.65036 92284 1 -0.531771 0.6 227 0 1377 -0.0821303 0.0292166 0.0109165 -2.58987 8.60578 131.841 
-0.648111 -1.65036 92324 1 -0.531771 0.6 228 0 1378 -0.0821303 0.0292166 0.0109165 -2.58987 8.60578 131.841 
-0.648111 -1.65036 92366 1 -0.531771 0.6 229 0 1379 -0.0821303 0.0292166 0.0109165 -2.58987 8.60578 131.841 
-0.571426 -0.709876 92444 1 -0.531771 0.6 230 0 1381 -0.0771011 0.013663 0.0279837 -2.74706 8.50007 133.429 
-0.719753 -1.27179 92563 1 -0.531771 0.6 231 0 1384 -0.0809035 0.0158045 0.0145606 -2.71148 8.7022 133.771 
-0.719753 -1.27179 92563 1 -0.531771 0.6 232 0 1384 -0.0809035 0.0158045 0.0145606 -2.71148 8.7022 133.771 
-0.719753 -1.27179 92604 1 -0.531771 0.6 233 0 1385 -0.0809035 0.0158045 0.0145606 -2.71148 8.7022 133.771 
-0.719753 -1.27179 92604 1 -0.531771 0.6 234 0 1385 -0.0809035 0.0158045 0.0145606 -2.71148 8.7022 133.771 
-0.818211 -1.6299 92724 1 -0.531771 0.6 235 0 1388 -0.0983361 -0.00325533 -0.000841031 -2.87839 9.03728 134.881 
-0.818211 -1.6299 92724 1 -0.531771 0.6 236 0 1388 -0.0983361 -0.00325533 -0.000841031 -2.87839 9.03728 134.881 
0.707829 1.83144 92884 1 -0.531771 0.6 237 0 1392 -0.0963941 -0.036089 -0.00613654 -3.12835 8.89051 135.697 
-2.47711 -1.19489 93085 1 -0.531771 0.6 238 0 1397 -0.0964878 -0.0364845 -0.00627493 -3.12169 8.88966 135.729 
-2.47711 -1.19489 93125 1 -0.531771 0.6 239 0 1398 -0.0964878 -0.0364845 -0.00627493 -3.12169 8.88966 135.729 
-2.47711 -1.19489 93125 1 -0.531771 0.6 240 0 1398 -0.0964878 -0.0364845 -0.00627493 -3.12169 8.88966 135.729 
-2.47711 -1.19489 93206 1 -0.531771 0.6 241 0 1400 -0.0964878 -0.0364845 -0.00627493 -3.12169 8.88966 135.729 
-2.47711 -1.19489 93206 1 -0.531771 0.6 242 0 1400 -0.0964878 -0.0364845 -0.00627493 -3.12169 8.88966 135.729 
-0.0833718 -2.4089 93324 1 -0.531771 0.6 243 0 1403 -0.0980334 -0.0209672 -0.00318008 -2.89503 8.83324 135.629 
-0.711505 -2.16695 93527 1 -0.531771 0.6 244 0 1408 -0.0980736 -0.0220309 -0.0127701 -2.94313 8.88966 135.315 
-0.711505 -2.16695 93566 1 -0.531771 0.6 245 0 1409 -0.0980736 -0.0220309 -0.0127701 -2.94313 8.88966 135.315 
-0.711505 -2.16695 93686 1 -0.531771 0.6 246 0 1412 -0.0980736 -0.0220309 -0.0127701 -2.94313 8.88966 135.315 
-0.711505 -2.16695 93726 1 -0.531771 0.6 247 0 1413 -0.0980736 -0.0220309 -0.0127701 -2.94313 8.88966 135.315 
-0.711505 -2.16695 93807 1 -0.531771 0.6 248 0 1415 -0.0980736 -0.0220309 -0.0127701 -2.94313 8.88966 135.315 
-0.711505 -2.16695 93846 1 -0.531771 0.6 249 0 1416 -0.0980736 -0.0220309 -0.0127701 -2.94313 8.88966 135.315 
-0.711505 -2.16695 93927 1 -0.531771 0.6 250 0 1418 -0.0980736 -0.0220309 -0.0127701 -2.94313 8.88966 135.315 
-0.711505 -2.16695 93927 1 -0.531771 0.6 251 0 1418 -0.0980736 -0.0220309 -0.0127701 -2.94313 8.88966 135.315 
-1.28063 -3.05359 94006 1 -0.531771 0.6 252 0 1420 -0.0960367 -0.0358868 -0.023941 -3.14916 9.24919 135.738 
-1.97406 -2.10436 94166 1 -0.531771 0.6 253 0 1424 -0.094763 -0.0345199 0.0234 -3.10462 8.77174 136.244 
-1.97406 -2.10436 94247 1 -0.531771 0.6 254 0 1426 -0.094763 -0.0345199 0.0234 -3.10462 8.77174 136.244 
-2.61574 -2.40025 94367 1 -0.531771 0.6 255 0 1429 -0.0956566 -0.0476427 0.0175806 -3.18162 8.88615 135.934 
-2.61574 -2.40025 94449 1 -0.531771 0.6 256 0 1431 -0.0956566 -0.0476427 0.0175806 -3.18162 8.88615 135.934 
-2.61574 -2.40025 94528 1 -0.531771 0.6 257 0 1433 -0.0956566 -0.0476427 0.0175806 -3.18162 8.88615 135.934 
-2.61574 -2.40025 94569 1 -0.531771 0.6 258 0 1434 -0.0956566 -0.0476427 0.0175806 -3.18162 8.88615 135.934 
-2.61574 -2.40025 94608 1 -0.531771 0.6 259 0 1435 -0.0956566 -0.0476427 0.0175806 -3.18162 8.88615 135.934 
-0.970502 -2.67672 94728 1 -0.531771 0.6 260 0 1438 -0.0853919 -0.0453663 0.00303879 -3.11621 9.18714 136.029 
-0.970502 -2.67672 94808 1 -0.531771 0.6 261 0 1440 -0.0853919 -0.0453663 0.00303879 -3.11621 9.18714 136.029 
-0.970502 -2.67672 94847 1 -0.531771 0.6 262 0 1441 -0.0853919 -0.0453663 0.00303879 -3.11621 9.18714 136.029 
-0.970502 -2.67672 94888 1 -0.531771 0.6 263 0 1442 -0.0853919 -0.0453663 0.00303879 -3.11621 9.18714 136.029 
-0.970502 -2.67672 94888 1 -0.531771 0.6 264 0 1442 -0.0853919 -0.0453663 0.00303879 -3.11621 9.18714 136.029 
-1.80024 -1.96802 95008 1 -0.531771 0.6 265 0 1445 -0.0816422 -0.0317219 0.04088 -3.06879 8.76414 136.064 
-2.45463 -2.81041 95168 1 -0.531771 0.6 266 0 1449 -0.088039 -0.0372274 0.0207253 -3.14217 9.09291 136.149 
-2.45463 -2.81041 95249 1 -0.531771 0.6 267 0 1451 -0.088039 -0.0372274 0.0207253 -3.14217 9.09291 136.149 
-2.45463 -2.81041 95289 1 -0.531771 0.6 268 0 1452 -0.088039 -0.0372274 0.0207253 -3.14217 9.09291 136.149 
-2.45463 -2.81041 95329 1 -0.531771 0.6 269 0 1453 -0.088039 -0.0372274 0.0207253 -3.14217 9.09291 136.149 
-2.45463 -2.81041 95449 1 -0.531771 0.6 270 0 1456 -0.088039 -0.0372274 0.0207253 -3.14217 9.09291 136.149 
-2.45463 -2.81041 95449 1 -0.531771 0.6 271 0 1456 -0.088039 -0.0372274 0.0207253 -3.14217 9.09291 136.149 
-2.45463 -2.81041 95490 1 -0.531771 0.6 272 0 1457 -0.088039 -0.0372274 0.0207253 -3.14217 9.09291 136.149 
-1.50653 -1.96285 95610 1 -0.531771 0.6 273 0 1460 -0.0830585 -0.0348297 0.0249365 -3.02469 8.97157 135.567 
-1.54518 -1.72736 95770 1 -0.531771 0.6 274 0 1464 -0.0829355 -0.0407857 0.0229234 -3.05853 9.01899 135.819 
-1.54518 -1.72736 95770 1 -0.531771 0.6 275 0 1464 -0.0829355 -0.0407857 0.0229234 -3.05853 9.01899 135.819 
-1.54518 -1.72736 95812 1 -0.531771 0.6 276 0 1465 -0.0829355 -0.0407857 0.0229234 -3.05853 9.01899 135.819 
-1.52144 -1.88985 95929 1 -0.531771 0.6 277 0 1468 -0.0828894 -0.0172688 0.0348954 -2.69276 8.83212 135.713 
-1.52144 -1.88985 96010 1 -0.531771 0.6 278 0 1470 -0.0828894 -0.0172688 0.0348954 -2.69276 8.83212 135.713 
-1.52144 -1.88985 96051 1 -0.531771 0.6 279 0 1471 -0.0828894 -0.0172688 0.0348954 -2.69276 8.83212 135.713 
-1.52144 -1.88985 96051 1 -0.531771 0.6 280 0 1471 -0.0828894 -0.0172688 0.0348954 -2.69276 8.83212 135.713 
-1.52144 -1.88985 96051 1 -0.531771 0.6 281 0 1471 -0.0828894 -0.0172688 0.0348954 -2.69276 8.83212 135.713 
-2.69666 -2.96505 96212 1 -0.531771 0.6 282 0 1475 -0.0837879 -0.0400248 0.0226337 -2.99227 9.11233 136.09 
-2.69666 -2.96505 96212 1 -0.531771 0.6 283 0 1475 -0.0837879 -0.0400248 0.0226337 -2.99227 9.11233 136.09 
-1.16085 -2.51948 96370 1 -0.531771 0.6 284 0 1479 -0.0802314 -0.0508588 0.0252979 -3.14946 9.0567 135.606 
-0.317141 -2.17492 96492 1 -0.531771 0.6 285 0 1482 -0.0809768 -0.0506943 0.027314 -3.1529 9.03171 135.54 
-0.332802 -2.16888 96613 1 -0.531771 0.6 286 0 1485 -0.0796255 -0.049671 0.0320846 -3.11331 8.97773 135.509 
-0.332802 -2.16888 96692 1 -0.531771 0.6 287 0 1487 -0.0796255 -0.049671 0.0320846 -3.11331 8.97773 135.509 
-0.332802 -2.16888 96692 1 -0.531771 0.6 288 0 1487 -0.0796255 -0.049671 0.0320846 -3.11331 8.97773 135.509 
-0.332802 -2.16888 96731 1 -0.531771 0.6 289 0 1488 -0.0796255 -0.049671 0.0320846 -3.11331 8.97773 135.509 
-0.332802 -2.16888 96731 1 -0.531771 0.6 290 0 1488 -0.0796255 -0.049671 0.0320846 -3.11331 8.97773 135.509 
-0.931344 -1.7716 96852 1 -0.531771 0.6 291 0 1491 -0.0675855 -0.0389408 0.0554306 -2.91504 8.60201 135.54 
-0.931344 -1.7716 96852 1 -0.531771 0.6 292 0 1491 -0.0675855 -0.0389408 0.0554306 -2.91504 8.60201 135.54 
-0.440981 -2.1417 97011 1 -0.531771 0.6 293 0 1495 -0.0691387 -0.0438872 0.0413692 -2.91644 8.82826 135.92 
-0.440981 -2.1417 97011 1 -0.531771 0.6 294 0 1495 -0.0691387 -0.0438872 0.0413692 -2.91644 8.82826 135.92 
-0.506104 -1.00774 97132 1 -0.531771 0.6 295 0 1498 -0.0765585 -0.0498366 0.0344299 -2.93107 8.9508 135.903 
-1.23613 -1.38113 97334 1 -0.531771 0.6 296 0 1503 -0.074019 -0.0565804 0.0285605 -2.95021 9.00731 135.962 
-1.23613 -1.38113 97334 1 -0.531771 0.6 297 0 1503 -0.074019 -0.0565804 0.0285605 -2.95021 9.00731 135.962 
-1.23613 -1.38113 97413 1 -0.531771 0.6 298 0 1505 -0.074019 -0.0565804 0.0285605 -2.95021 9.00731 135.962 
-1.41903 -1.74569 97533 1 -0.531771 0.6 299 0 1508 -0.0698995 -0.0584814 0.0267684 -2.87716 9.02029 135.766 
-1.41903 -1.74569 97533 1 -0.531771 0.6 300 0 1508 -0.0698995 -0.0584814 0.0267684 -2.87716 9.02029 135.766 
-1.41903 -1.74569 97573 1 -0.531771 0.6 301 0 1509 -0.0698995 -0.0584814 0.0267684 -2.87716 9.02029 135.766 
-1.16123 -1.03986 97774 1 -0.531771 0.6 302 0 1514 -0.0603794 -0.0537717 0.0366314 -2.78974 8.85529 135.922 
-1.16123 -1.03986 97774 1 -0.531771 0.6 303 0 1514 -0.0603794 -0.0537717 0.0366314 -2.78974 8.85529 135.922 
-1.16123 -1.03986 97854 1 -0.531771 0.6 304 0 1516 -0.0603794 -0.0537717 0.0366314 -2.78974 8.85529 135.922 
-1.16123 -1.03986 97854 1 -0.531771 0.6 305 0 1516 -0.0603794 -0.0537717 0.0366314 -2.78974 8.85529 135.922 
-26.6753 -8.59228 97974 1 -0.531771 0.6 306 0 1519 -0.0680658 -0.0635094 0.0219014 -2.86154 9.17639 136.444 
-0.496451 -1.73187 98133 1 -0.531771 0.6 307 0 1523 -0.0715623 -0.0685117 0.00973686 -2.89285 9.35218 136.151 
-0.496451 -1.73187 98133 1 -0.531771 0.6 308 0 1523 -0.0715623 -0.0685117 0.00973686 -2.89285 9.35218 136.151 
-0.360357 -0.595817 98174 1 -0.531771 0.6 309 0 1524 -0.0551321 -0.052167 0.0477592 -2.69422 8.74683 135.985 
-0.360357 -0.595817 98174 1 -0.531771 0.6 310 0 1524 -0.0551321 -0.052167 0.0477592 -2.69422 8.74683 135.985 
-0.733335 -3.3763 98294 1 -0.531771 0.6 311 0 1527 -0.068921 -0.066459 0.00917349 -2.85425 9.35207 135.903 
-0.733335 -3.3763 98294 1 -0.531771 0.6 312 0 1527 -0.068921 -0.066459 0.00917349 -2.85425 9.35207 135.903 
-0.386031 -0.795528 98455 1 -0.531771 0.6 313 0 1531 -0.0612691 -0.057299 0.0310104 -2.79639 9.00621 136.324 
-0.477852 -1.26335 98656 1 -0.531771 0.6 314 0 1536 -0.0617787 -0.049437 0.0292778 -2.76756 8.99772 135.834 
-0.477852 -1.26335 98776 1 -0.531771 0.6 315 0 1539 -0.0617787 -0.049437 0.0292778 -2.76756 8.99772 135.834 
-0.477852 -1.26335 98817 1 -0.531771 0.6 316 0 1540 -0.0617787 -0.049437 0.0292778 -2.76756 8.99772 135.834 
-0.477852 -1.26335 98856 1 -0.531771 0.6 317 0 1541 -0.0617787 -0.049437 0.0292778 -2.76756 8.99772 135.834 
-0.477852 -1.26335 98936 1 -0.531771 0.6 318 0 1543 -0.0617787 -0.049437 0.0292778 -2.76756 8.99772 135.834 
-0.477852 -1.26335 98936 1 -0.531771 0.6 319 0 1543 -0.0617787 -0.049437 0.0292778 -2.76756 8.99772 135.834 
-0.477852 -1.26335 98976 1 -0.531771 0.6 320 0 1544 -0.0617787 -0.049437 0.0292778 -2.76756 8.99772 135.834 
-0.477852 -1.26335 98976 1 -0.531771 0.6 321 0 1544 -0.0617787 -0.049437 0.0292778 -2.76756 8.99772 135.834 
-0.600171 -1.29368 99136 1 -0.531771 0.6 322 0 1548 -0.068147 -0.058985 0.0226385 -2.76683 9.16601 136.1 
-0.600171 -1.29368 99136 1 -0.531771 0.6 323 0 1548 -0.068147 -0.058985 0.0226385 -2.76683 9.16601 136.1 
-1.60189 -2.14435 99256 1 -0.531771 0.6 324 0 1551 -0.0595151 -0.084236 0.0248884 -3.03156 9.13227 136.386 
-1.60189 -2.14435 99256 1 -0.531771 0.6 325 0 1551 -0.0595151 -0.084236 0.0248884 -3.03156 9.13227 136.386 
-1.25236 -1.12124 99376 1 -0.531771 0.6 326 0 1554 -0.0624968 -0.0754049 0.018606 -2.96218 9.22678 136.613 
-1.29819 -1.81407 99657 1 -0.531771 0.6 327 0 1561 -0.0666732 -0.0808178 0.011521 -3.03975 9.30746 136.421 
-1.29819 -1.81407 99657 1 -0.531771 0.6 328 0 1561 -0.0666732 -0.0808178 0.011521 -3.03975 9.30746 136.421 
-1.29819 -1.81407 99697 1 -0.531771 0.6 329 0 1562 -0.0666732 -0.0808178 0.011521 -3.03975 9.30746 136.421 
-1.29819 -1.81407 99697 1 -0.531771 0.6 330 0 1562 -0.0666732 -0.0808178 0.011521 -3.03975 9.30746 136.421 
-0.549596 -1.23297 99817 1 -0.531771 0.6 331 0 1565 -0.0627584 -0.0828516 0.00714071 -3.03472 9.35256 136.449 
-0.532123 -1.27223 99980 1 -0.531771 0.6 332 0 1569 -0.0637209 -0.0829048 0.00677982 -3.03394 9.34898 136.457 
-0.532123 -1.27223 99980 1 -0.531771 0.6 333 0 1569 -0.0637209 -0.0829048 0.00677982 -3.03394 9.34898 136.457 
-1.08559 -1.49942 100098 1 -0.531771 0.6 334 0 1572 -0.0678943 -0.0674224 0.0131187 -2.87775 9.23672 136.559 
-1.08559 -1.49942 100098 1 -0.531771 0.6 335 0 1572 -0.0678943 -0.0674224 0.0131187 -2.87775 9.23672 136.559 
-1.30114 -1.13325 100259 1 -0.531771 0.6 336 0 1576 -0.0727887 -0.0566466 0.00673188 -2.82607 9.31009 136.551 
-0.604438 -1.17644 100378 1 -0.531771 0.6 337 0 1579 -0.0756504 -0.0669696 0.00236374 -2.96654 9.40756 136.382 
-0.604438 -1.17644 100378 1 -0.531771 0.6 338 0 1579 -0.0756504 -0.0669696 0.00236374 -2.96654 9.40756 136.382 
-0.604438 -1.17644 100419 1 -0.531771 0.6 339 0 1580 -0.0756504 -0.0669696 0.00236374 -2.96654 9.40756 136.382 
-0.647849 -1.69362 100539 1 -0.531771 0.6 340 0 1583 -0.0776848 -0.0671615 -0.00326003 -2.9953 9.50961 136.42 
-0.617586 -1.71486 100659 1 -0.531771 0.6 341 0 1586 -0.0784537 -0.0628227 -0.00114964 -2.95361 9.49712 136.345 
-0.617586 -1.71486 100659 1 -0.531771 0.6 342 0 1586 -0.0784537 -0.0628227 -0.00114964 -2.95361 9.49712 136.345 
-0.617586 -1.71486 100739 1 -0.531771 0.6 343 0 1588 -0.0784537 -0.0628227 -0.00114964 -2.95361 9.49712 136.345 
-0.617586 -1.71486 100739 1 -0.531771 0.6 344 0 1588 -0.0784537 -0.0628227 -0.00114964 -2.95361 9.49712 136.345 
-1.16605 -1.2606 100859 1 -0.531771 0.6 345 0 1591 -0.0682951 -0.0540249 0.0303971 -2.82507 9.06961 136.615 
-1.19761 -1.14542 101020 1 -0.531771 0.6 346 0 1595 -0.0719524 -0.050889 0.0250655 -2.78381 9.15482 136.746 
-1.19761 -1.14542 101101 1 -0.531771 0.6 347 0 1597 -0.0719524 -0.050889 0.0250655 -2.78381 9.15482 136.746 
-1.19761 -1.14542 101101 1 -0.531771 0.6 348 0 1597 -0.0719524 -0.050889 0.0250655 -2.78381 9.15482 136.746 
-0.806895 -1.96026 101221 1 -0.531771 0.6 349 0 1600 -0.076874 -0.0588405 0.0111583 -2.86653 9.34216 136.489 
-0.806895 -1.96026 101221 1 -0.531771 0.6 350 0 1600 -0.076874 -0.0588405 0.0111583 -2.86653 9.34216 136.489 
-0.439743 -1.26585 101340 1 -0.531771 0.6 351 0 1603 -0.0765204 -0.063459 0.00563438 -2.92878 9.4431 136.468 
-0.439743 -1.26585 101340 1 -0.531771 0.6 352 0 1603 -0.0765204 -0.063459 0.00563438 -2.92878 9.4431 136.468 
-0.451593 -1.29678 101461 1 -0.531771 0.6 353 0 1606 -0.0765204 -0.063459 0.00563438 -2.92878 9.4431 136.468 
-0.451593 -1.29678 101461 1 -0.531771 0.6 354 0 1606 -0.0765204 -0.063459 0.00563438 -2.92878 9.4431 136.468 
-0.427398 -2.22734 101621 1 -0.531771 0.6 355 0 1610 -0.0778605 -0.0605829 0.00452376 -2.90385 9.48225 136.506 
-0.427398 -2.22734 101621 1 -0.531771 0.6 356 0 1610 -0.0778605 -0.0605829 0.00452376 -2.90385 9.48225 136.506 
0.227634 -1.63874 101822 1 -0.531771 0.6 357 0 1615 -0.0682805 -0.0614065 0.0224583 -2.86452 9.22403 136.642 
0.687499 -1.94366 101941 1 -0.531771 0.6 358 0 1618 -0.0715632 -0.064856 0.0183234 -2.9013 9.23778 136.143 
0.687499 -1.94366 101982 1 -0.531771 0.6 359 0 1619 -0.0715632 -0.064856 0.0183234 -2.9013 9.23778 136.143 
0.687499 -1.94366 101982 1 -0.531771 0.6 360 0 1619 -0.0715632 -0.064856 0.0183234 -2.9013 9.23778 136.143 
0.700782 -2.15215 102102 1 -0.531771 0.6 361 0 1622 -0.0691218 -0.0679138 0.0248658 -2.94248 9.10439 135.837 
0.70998 -1.90743 102302 1 -0.531771 0.6 362 0 1627 -0.0673902 -0.0673089 0.0293209 -2.9212 9.01594 135.824 
0.70998 -1.90743 102342 1 -0.531771 0.6 363 0 1628 -0.0673902 -0.0673089 0.0293209 -2.9212 9.01594 135.824 
0.70998 -1.90743 102342 1 -0.531771 0.6 364 0 1628 -0.0673902 -0.0673089 0.0293209 -2.9212 9.01594 135.824 
0.70998 -1.90743 102382 1 -0.531771 0.6 365 0 1629 -0.0673902 -0.0673089 0.0293209 -2.9212 9.01594 135.824 
-0.220028 -1.94339 102584 1 -0.531771 0.6 366 0 1634 -0.0656422 -0.0623141 0.037298 -2.81999 8.99264 136.988 
-0.220028 -1.94339 102584 1 -0.531771 0.6 367 0 1634 -0.0656422 -0.0623141 0.037298 -2.81999 8.99264 136.988 
-0.220028 -1.94339 102623 1 -0.531771 0.6 368 0 1635 -0.0656422 -0.0623141 0.037298 -2.81999 8.99264 136.988 
-1.11558 -2.8667 102743 1 -0.531771 0.6 369 0 1638 -0.0667211 -0.0713441 0.0257721 -2.89044 9.19445 136.934 
-1.11558 -2.8667 102743 1 -0.531771 0.6 370 0 1638 -0.0667211 -0.0713441 0.0257721 -2.89044 9.19445 136.934 
-1.11558 -2.8667 102823 1 -0.531771 0.6 371 0 1640 -0.0667211 -0.0713441 0.0257721 -2.89044 9.19445 136.934 
-1.11558 -2.8667 102823 1 -0.531771 0.6 372 0 1640 -0.0667211 -0.0713441 0.0257721 -2.89044 9.19445 136.934 
2.45745 -1.87629 102944 1 -0.531771 0.6 373 0 1643 -0.0670444 -0.0762625 0.0125727 -2.94553 9.34283 136.281 
0.345921 0.000329132 103063 1 -0.531771 0.6 374 0 1646 -0.0669703 -0.0781559 0.0112722 -2.97326 9.38544 136.282 
0.345921 0.000329132 103144 1 -0.531771 0.6 375 0 1648 -0.0669703 -0.0781559 0.0112722 -2.97326 9.38544 136.282 
1.03001 0.123913 103264 1 -0.531771 0.6 376 0 1651 -0.0664546 -0.0780986 0.0219987 -2.98786 9.20344 136.077 
1.03001 0.123913 103264 1 -0.531771 0.6 377 0 1651 -0.0664546 -0.0780986 0.0219987 -2.98786 9.20344 136.077 
1.03001 0.123913 103304 1 -0.531771 0.6 378 0 1652 -0.0664546 -0.0780986 0.0219987 -2.98786 9.20344 136.077 
1.03001 0.123913 103304 1 -0.531771 0.6 379 0 1652 -0.0664546 -0.0780986 0.0219987 -2.98786 9.20344 136.077 
-1.28877 -1.99152 103464 1 -0.531771 0.6 380 0 1656 -0.0736983 0.0107417 0.00572268 -1.88209 9.28815 135.395 
-2.14871 -1.92391 103584 1 -0.531771 0.6 381 0 1659 -0.074259 0.00973974 -0.0180696 -1.91594 9.61555 135.388 
-2.14871 -1.92391 103584 1 -0.531771 0.6 382 0 1659 -0.074259 0.00973974 -0.0180696 -1.91594 9.61555 135.388 
-2.14871 -1.92391 103666 1 -0.531771 0.6 383 0 1661 -0.074259 0.00973974 -0.0180696 -1.91594 9.61555 135.388 
-1.83998 -2.24502 103785 1 -0.531771 0.6 384 0 1664 -0.072456 -0.0376879 -0.0133967 -2.63457 9.72274 136.645 
-1.83998 -2.24502 103785 1 -0.531771 0.6 385 0 1664 -0.072456 -0.0376879 -0.0133967 -2.63457 9.72274 136.645 
-1.37923 -2.3056 103905 1 -0.531771 0.6 386 0 1667 -0.0741283 -0.0613229 0.000774867 -2.97057 9.53322 136.192 
-1.19563 -2.17275 104026 1 -0.531771 0.6 387 0 1670 -0.0747882 -0.0612705 0.0134549 -2.97259 9.37325 136.193 
-1.19563 -2.17275 104026 1 -0.531771 0.6 388 0 1670 -0.0747882 -0.0612705 0.0134549 -2.97259 9.37325 136.193 
-1.22996 -1.83524 104185 1 -0.531771 0.6 389 0 1674 -0.0785669 -0.0601505 0.0116818 -2.96064 9.40741 136.44 
-1.22996 -1.83524 104185 1 -0.531771 0.6 390 0 1674 -0.0785669 -0.0601505 0.0116818 -2.96064 9.40741 136.44 
-1.22996 -1.83524 104266 1 -0.531771 0.6 391 0 1676 -0.0785669 -0.0601505 0.0116818 -2.96064 9.40741 136.44 
-0.988678 -1.48998 104346 1 -0.531771 0.6 392 0 1678 -0.0670719 -0.0518139 0.0217951 -2.85693 9.24145 136.58 
-0.988678 -1.48998 104346 1 -0.531771 0.6 393 0 1678 -0.0670719 -0.0518139 0.0217951 -2.85693 9.24145 136.58 
-0.519869 -1.18834 104426 1 -0.531771 0.6 394 0 1680 -0.0646085 -0.0416182 0.051411 -2.70735 8.7816 136.284 
-0.519869 -1.18834 104426 1 -0.531771 0.6 395 0 1680 -0.0646085 -0.0416182 0.051411 -2.70735 8.7816 136.284 
-0.803808 -0.702035 104586 1 -0.531771 0.6 396 0 1684 -0.0611707 -0.0413993 0.055199 -2.72004 8.70983 136.486 
-1.03546 -2.50405 104788 1 -0.531771 0.6 397 0 1689 -0.0731242 -0.0512905 0.026387 -2.83116 9.17777 136.807 
-1.03546 -2.50405 104788 1 -0.531771 0.6 398 0 1689 -0.0731242 -0.0512905 0.026387 -2.83116 9.17777 136.807 
-1.03546 -2.50405 104828 1 -0.531771 0.6 399 0 1690 -0.0731242 -0.0512905 0.026387 -2.83116 9.17777 136.807 
-1.06507 -2.06076 104947 1 -0.531771 0.6 400 0 1693 -0.0741176 -0.0629911 0.0141357 -2.96769 9.34992 136.609 
-1.06507 -2.06076 105028 1 -0.531771 0.6 401 0 1695 -0.0741176 -0.0629911 0.0141357 -2.96769 9.34992 136.609 
-1.06507 -2.06076 105028 1 -0.531771 0.6 402 0 1695 -0.0741176 -0.0629911 0.0141357 -2.96769 9.34992 136.609 
-1.26092 -2.22313 105107 1 -0.531771 0.6 403 0 1697 -0.0748603 -0.0672274 0.0129447 -3.05795 9.35726 136.588 
-1.26092 -2.22313 105107 1 -0.531771 0.6 404 0 1697 -0.0748603 -0.0672274 0.0129447 -3.05795 9.35726 136.588 
-1.36646 -2.31462 105227 1 -0.531771 0.6 405 0 1700 -0.0773905 -0.0699174 0.00914591 -3.12805 9.41312 136.498 
-1.36646 -2.31462 105227 1 -0.531771 0.6 406 0 1700 -0.0773905 -0.0699174 0.00914591 -3.12805 9.41312 136.498 
-1.86951 -1.32647 105388 1 -0.531771 0.6 407 0 1704 -0.0681959 -0.053572 0.0417588 -2.94283 8.91718 136.35 
-1.86951 -1.32647 105388 1 -0.531771 0.6 408 0 1704 -0.0681959 -0.053572 0.0417588 -2.94283 8.91718 136.35 
-1.45658 -1.68298 105668 1 -0.531771 0.6 409 0 1711 -0.0808115 -0.0637587 0.00836885 -3.04184 9.47116 136.565 
-1.45658 -1.68298 105709 1 -0.531771 0.6 410 0 1712 -0.0808115 -0.0637587 0.00836885 -3.04184 9.47116 136.565 
-1.45658 -1.68298 105829 1 -0.531771 0.6 411 0 1715 -0.0808115 -0.0637587 0.00836885 -3.04184 9.47116 136.565 
-1.45658 -1.68298 105869 1 -0.531771 0.6 412 0 1716 -0.0808115 -0.0637587 0.00836885 -3.04184 9.47116 136.565 
-1.45658 -1.68298 105869 1 -0.531771 0.6 413 0 1716 -0.0808115 -0.0637587 0.00836885 -3.04184 9.47116 136.565 
-1.45658 -1.68298 105950 1 -0.531771 0.6 414 0 1718 -0.0808115 -0.0637587 0.00836885 -3.04184 9.47116 136.565 
0.695527 0.27144 106069 1 -0.531771 0.6 415 0 1721 -0.0773457 -0.0625514 0.00755808 -2.95425 9.48889 136.506 
0.695527 0.27144 106110 1 -0.531771 0.6 416 0 1722 -0.0773457 -0.0625514 0.00755808 -2.95425 9.48889 136.506 
0.695527 0.27144 106150 1 -0.531771 0.6 417 0 1723 -0.0773457 -0.0625514 0.00755808 -2.95425 9.48889 136.506 
-0.854686 -2.52658 106270 1 -0.531771 0.6 418 0 1726 -0.0693866 -0.0116274 0.0121793 -2.21897 9.32917 136.156 
-0.854686 -2.52658 106350 1 -0.531771 0.6 419 0 1728 -0.0693866 -0.0116274 0.0121793 -2.21897 9.32917 136.156 
-0.854686 -2.52658 106470 1 -0.531771 0.6 420 0 1731 -0.0693866 -0.0116274 0.0121793 -2.21897 9.32917 136.156 
-0.854686 -2.52658 106470 1 -0.531771 0.6 421 0 1731 -0.0693866 -0.0116274 0.0121793 -2.21897 9.32917 136.156 
-0.854686 -2.52658 106511 1 -0.531771 0.6 422 0 1732 -0.0693866 -0.0116274 0.0121793 -2.21897 9.32917 136.156 
-0.854686 -2.52658 106511 1 -0.531771 0.6 423 0 1732 -0.0693866 -0.0116274 0.0121793 -2.21897 9.32917 136.156 
-1.71999 -2.63926 106630 1 -0.531771 0.6 424 0 1735 -0.0748398 -0.0273254 -0.00807391 -2.39188 9.69836 136.182 
-1.0271 -2.69919 106750 1 -0.531771 0.6 425 0 1738 -0.0717024 -0.0649656 0.00129314 -2.92216 9.66097 137.103 
-1.0271 -2.69919 106831 1 -0.531771 0.6 426 0 1740 -0.0717024 -0.0649656 0.00129314 -2.92216 9.66097 137.103 
-1.0271 -2.69919 106871 1 -0.531771 0.6 427 0 1741 -0.0717024 -0.0649656 0.00129314 -2.92216 9.66097 137.103 
-1.0271 -2.69919 106911 1 -0.531771 0.6 428 0 1742 -0.0717024 -0.0649656 0.00129314 -2.92216 9.66097 137.103 
-1.0271 -2.69919 106911 1 -0.531771 0.6 429 0 1742 -0.0717024 -0.0649656 0.00129314 -2.92216 9.66097 137.103 
-0.166855 0.0781379 107031 1 -0.531771 0.6 430 1 1745 -0.0667569 -0.166959 0.0477093 -4.79128 10.1431 162.976 
-0.166855 0.0781379 107031 1 -0.531771 0.6 431 1 1745 -0.0667569 -0.166959 0.0477093 -4.79128 10.1431 162.976 
-0.21123 1.17494 107191 1 -0.531771 0.6 432 0 1749 -0.0734553 -0.152551 0.14914 -4.49566 8.27367 151.133 
-0.21123 1.17494 107191 1 -0.531771 0.6 433 0 1749 -0.0734553 -0.152551 0.14914 -4.49566 8.27367 151.133 
0.471952 1.51369 107352 1 -0.531771 0.6 434 0 1753 -0.0834686 -0.134239 0.197835 -4.26919 7.54902 148.831 
0.471952 1.51369 107352 1 -0.531771 0.6 435 0 1753 -0.0834686 -0.134239 0.197835 -4.26919 7.54902 148.831 
-2.4506 1.67549 107471 1 -0.531771 0.6 436 0 1756 -0.0748437 -0.0722502 0.161039 -3.45161 7.80438 146.852 
-1.57684 0.306247 107592 1 -0.531771 0.6 437 0 1759 -0.078471 -0.0410754 0.138664 -2.95771 7.96049 144.332 
-0.779074 0.115665 107712 1 -0.531771 0.6 438 0 1762 -0.0796272 -5.93608e-006 0.13855 -2.36653 7.85587 141.184 
-0.779074 0.115665 107712 1 -0.531771 0.6 439 0 1762 -0.0796272 -5.93608e-006 0.13855 -2.36653 7.85587 141.184 
-0.779074 0.115665 107794 1 -0.531771 0.6 440 0 1764 -0.0796272 -5.93608e-006 0.13855 -2.36653 7.85587 141.184 
-1.72817 -0.767369 107912 1 -0.531771 0.6 441 0 1767 -0.0646774 -0.0399471 0.0915817 -2.82045 8.3143 136.137 
-1.72817 -0.767369 107912 1 -0.531771 0.6 442 0 1767 -0.0646774 -0.0399471 0.0915817 -2.82045 8.3143 136.137 
-1.72817 -0.767369 107995 1 -0.531771 0.6 443 0 1769 -0.0646774 -0.0399471 0.0915817 -2.82045 8.3143 136.137 
-1.72817 -0.767369 107995 1 -0.531771 0.6 444 0 1769 -0.0646774 -0.0399471 0.0915817 -2.82045 8.3143 136.137 
-0.791194 -2.7517 108113 1 -0.531771 0.6 445 0 1772 -0.0707427 -0.0482737 0.0615991 -2.90927 8.82347 136.489 
-1.92661 -2.04517 108233 1 -0.531771 0.6 446 0 1775 -0.0798483 -0.0550799 0.0535485 -2.97664 8.99622 136.437 
-1.92661 -2.04517 108233 1 -0.531771 0.6 447 0 1775 -0.0798483 -0.0550799 0.0535485 -2.97664 8.99622 136.437 
-0.618627 -1.06074 108394 1 -0.531771 0.6 448 0 1779 -0.0798071 -0.0575284 0.0420366 -2.99845 9.16294 136.739 
1.18349 0.244326 108514 1 -0.531771 0.6 449 0 1782 -0.0811876 -0.0611417 0.0321361 -3.03478 9.28955 136.68 
1.18349 0.244326 108555 1 -0.531771 0.6 450 0 1783 -0.0811876 -0.0611417 0.0321361 -3.03478 9.28955 136.68 
1.18349 0.244326 108555 1 -0.531771 0.6 451 0 1783 -0.0811876 -0.0611417 0.0321361 -3.03478 9.28955 136.68 
1.18349 0.244326 108634 1 -0.531771 0.6 452 0 1785 -0.0811876 -0.0611417 0.0321361 -3.03478 9.28955 136.68 
-1.95502 -2.34717 108754 1 -0.531771 0.6 453 0 1788 -0.0739182 -0.0464849 0.0543737 -2.81411 8.94042 135.991 
-1.95502 -2.34717 108835 1 -0.531771 0.6 454 0 1790 -0.0739182 -0.0464849 0.0543737 -2.81411 8.94042 135.991 
-1.95502 -2.34717 108875 1 -0.531771 0.6 455 0 1791 -0.0739182 -0.0464849 0.0543737 -2.81411 8.94042 135.991 
-1.95502 -2.34717 108875 1 -0.531771 0.6 456 0 1791 -0.0739182 -0.0464849 0.0543737 -2.81411 8.94042 135.991 
-0.232574 -0.745198 108994 1 -0.531771 0.6 457 0 1794 -0.0523612 -0.0401188 0.0943078 -2.7679 8.3215 135.477 
-0.232574 -0.745198 108994 1 -0.531771 0.6 458 0 1794 -0.0523612 -0.0401188 0.0943078 -2.7679 8.3215 135.477 
-1.52028 -4.07952 109155 1 -0.531771 0.6 459 0 1798 -0.075439 -0.0497516 0.0615052 -2.86951 8.96765 136.856 
-0.42863 -1.69825 109276 1 -0.531771 0.6 460 0 1801 -0.0719932 -0.0541492 0.0657347 -2.90882 8.83567 135.984 
-0.42863 -1.69825 109355 1 -0.531771 0.6 461 0 1803 -0.0719932 -0.0541492 0.0657347 -2.90882 8.83567 135.984 
-0.575943 -2.02034 109476 1 -0.531771 0.6 462 0 1806 -0.0725285 -0.0541656 0.0655937 -2.90904 8.83321 136.038 
-0.575943 -2.02034 109516 1 -0.531771 0.6 463 0 1807 -0.0725285 -0.0541656 0.0655937 -2.90904 8.83321 136.038 
-0.575943 -2.02034 109596 1 -0.531771 0.6 464 0 1809 -0.0725285 -0.0541656 0.0655937 -2.90904 8.83321 136.038 
-0.575943 -2.02034 109637 1 -0.531771 0.6 465 0 1810 -0.0725285 -0.0541656 0.0655937 -2.90904 8.83321 136.038 
-0.575943 -2.02034 109637 1 -0.531771 0.6 466 0 1810 -0.0725285 -0.0541656 0.0655937 -2.90904 8.83321 136.038 
-0.251712 -2.05628 109756 1 -0.531771 0.6 467 0 1813 -0.0735903 -0.0568023 0.0644912 -2.943 8.90804 136.358 
-0.251712 -2.05628 109756 1 -0.531771 0.6 468 0 1813 -0.0735903 -0.0568023 0.0644912 -2.943 8.90804 136.358 
-0.923069 -2.16125 109877 1 -0.531771 0.6 469 0 1816 -0.061938 -0.0501394 0.071996 -2.87757 8.73812 136.219 
-0.923069 -2.16125 109877 1 -0.531771 0.6 470 0 1816 -0.061938 -0.0501394 0.071996 -2.87757 8.73812 136.219 
-0.936429 -2.41855 109997 1 -0.531771 0.6 471 0 1819 -0.0670034 -0.0531544 0.0596833 -2.93123 8.97184 136.655 
-0.269046 -2.1034 110157 1 -0.531771 0.6 472 0 1823 -0.0758808 -0.0601423 0.0645287 -3.0175 8.91422 136.264 
-0.269046 -2.1034 110157 1 -0.531771 0.6 473 0 1823 -0.0758808 -0.0601423 0.0645287 -3.0175 8.91422 136.264 
-0.269046 -2.1034 110197 1 -0.531771 0.6 474 0 1824 -0.0758808 -0.0601423 0.0645287 -3.0175 8.91422 136.264 
-0.269046 -2.1034 110197 1 -0.531771 0.6 475 0 1824 -0.0758808 -0.0601423 0.0645287 -3.0175 8.91422 136.264 
-0.545702 -2.67943 110477 1 -0.531771 0.6 476 0 1831 -0.0732347 -0.0619305 0.0764393 -3.02603 8.73278 136.218 
-0.545702 -2.67943 110517 1 -0.531771 0.6 477 0 1832 -0.0732347 -0.0619305 0.0764393 -3.02603 8.73278 136.218 
-0.545702 -2.67943 110638 1 -0.531771 0.6 478 0 1835 -0.0732347 -0.0619305 0.0764393 -3.02603 8.73278 136.218 
-0.545702 -2.67943 110638 1 -0.531771 0.6 479 0 1835 -0.0732347 -0.0619305 0.0764393 -3.02603 8.73278 136.218 
-0.545702 -2.67943 110638 1 -0.531771 0.6 480 0 1835 -0.0732347 -0.0619305 0.0764393 -3.02603 8.73278 136.218 
-0.545702 -2.67943 110678 1 -0.531771 0.6 481 0 1836 -0.0732347 -0.0619305 0.0764393 -3.02603 8.73278 136.218 
-0.545702 -2.67943 110678 1 -0.531771 0.6 482 0 1836 -0.0732347 -0.0619305 0.0764393 -3.02603 8.73278 136.218 
-0.244838 -1.95181 110878 1 -0.531771 0.6 483 0 1841 -0.0643491 -0.0478701 0.0725908 -2.78702 8.78142 136.284 
-0.956992 -2.15892 110998 1 -0.531771 0.6 484 0 1844 -0.068511 -0.0509462 0.0695968 -2.80239 8.89204 136.641 
-0.956992 -2.15892 111119 1 -0.531771 0.6 485 0 1847 -0.068511 -0.0509462 0.0695968 -2.80239 8.89204 136.641 
-0.956992 -2.15892 111119 1 -0.531771 0.6 486 0 1847 -0.068511 -0.0509462 0.0695968 -2.80239 8.89204 136.641 
-0.956992 -2.15892 111160 1 -0.531771 0.6 487 0 1848 -0.068511 -0.0509462 0.0695968 -2.80239 8.89204 136.641 
-0.447879 -1.93155 111279 1 -0.531771 0.6 488 0 1851 -0.0749256 -0.0552187 0.075652 -2.86219 8.84542 136.273 
-0.447879 -1.93155 111279 1 -0.531771 0.6 489 0 1851 -0.0749256 -0.0552187 0.075652 -2.86219 8.84542 136.273 
-1.31226 -1.75242 111399 1 -0.531771 0.6 490 0 1854 -0.0743108 -0.0540172 0.0850769 -2.85654 8.66869 136.152 
-1.39644 -1.63194 111520 1 -0.531771 0.6 491 0 1857 -0.0733158 -0.0515388 0.0910124 -2.83655 8.54879 136.097 
-1.59052 -0.985742 111639 1 -0.531771 0.6 492 0 1860 -0.0602629 -0.036988 0.0853082 -2.66017 8.5649 136.148 
-1.59052 -0.985742 111639 1 -0.531771 0.6 493 0 1860 -0.0602629 -0.036988 0.0853082 -2.66017 8.5649 136.148 
-1.59052 -0.985742 111721 1 -0.531771 0.6 494 0 1862 -0.0602629 -0.036988 0.0853082 -2.66017 8.5649 136.148 
-1.3955 -3.55916 111840 1 -0.531771 0.6 495 0 1865 -0.0640512 -0.0319998 0.0784992 -2.60783 8.78106 136.898 
-1.3955 -3.55916 111840 1 -0.531771 0.6 496 0 1865 -0.0640512 -0.0319998 0.0784992 -2.60783 8.78106 136.898 
-1.3955 -3.55916 111921 1 -0.531771 0.6 497 0 1867 -0.0640512 -0.0319998 0.0784992 -2.60783 8.78106 136.898 
0.467162 -0.0270763 112040 1 -0.531771 0.6 498 0 1870 -0.0803165 -0.0500173 0.0585226 -2.81448 9.12798 137.065 
0.467162 -0.0270763 112040 1 -0.531771 0.6 499 0 1870 -0.0803165 -0.0500173 0.0585226 -2.81448 9.12798 137.065 
0.467162 -0.0270763 112121 1 -0.531771 0.6 500 0 1872 -0.0803165 -0.0500173 0.0585226 -2.81448 9.12798 137.065 
-1.99553 -2.02448 112241 1 -0.531771 0.6 501 0 1875 -0.0743112 -0.0577086 0.0596939 -2.90632 9.06978 136.58 
-1.99553 -2.02448 112322 1 -0.531771 0.6 502 0 1877 -0.0743112 -0.0577086 0.0596939 -2.90632 9.06978 136.58 
-1.99553 -2.02448 112322 1 -0.522396 0.6 503 0 1877 -0.0743112 -0.0577086 0.0596939 -2.90632 9.06978 136.58 
-1.44513 -1.90618 112441 1 -0.491146 0.6 504 0 1880 -0.0766163 -0.0592329 0.0594043 -2.94575 9.06941 136.717 
-1.44513 -1.90618 112441 1 -0.488021 0.599038 505 0 1880 -0.0766163 -0.0592329 0.0594043 -2.94575 9.06941 136.717 
-0.725307 -1.43588 112562 1 -0.488021 0.599038 506 0 1883 -0.0676912 -0.00183404 0.055113 -2.14797 8.97997 135.695 
-1.19815 -1.65711 112802 1 -0.488021 0.599038 507 0 1889 -0.0668559 -0.0010286 0.0360231 -2.11833 9.24671 135.778 
-1.19815 -1.65711 112842 1 -0.488021 0.599038 508 0 1890 -0.0668559 -0.0010286 0.0360231 -2.11833 9.24671 135.778 
-1.19815 -1.65711 112882 1 -0.488021 0.599038 509 0 1891 -0.0668559 -0.0010286 0.0360231 -2.11833 9.24671 135.778 
-1.19815 -1.65711 113003 1 -0.488021 0.599038 510 0 1894 -0.0668559 -0.0010286 0.0360231 -2.11833 9.24671 135.778 
-1.19815 -1.65711 113043 1 -0.488021 0.599038 511 0 1895 -0.0668559 -0.0010286 0.0360231 -2.11833 9.24671 135.778 
-1.19815 -1.65711 113163 1 -0.488021 0.599038 512 0 1898 -0.0668559 -0.0010286 0.0360231 -2.11833 9.24671 135.778 
-1.19815 -1.65711 113203 1 -0.488021 0.599038 513 0 1899 -0.0668559 -0.0010286 0.0360231 -2.11833 9.24671 135.778 
-1.19815 -1.65711 113242 1 -0.488021 0.599038 514 0 1900 -0.0668559 -0.0010286 0.0360231 -2.11833 9.24671 135.778 
-1.19815 -1.65711 113323 1 -0.488021 0.599038 515 0 1902 -0.0668559 -0.0010286 0.0360231 -2.11833 9.24671 135.778 
-1.19815 -1.65711 113323 1 -0.488021 0.599038 516 0 1902 -0.0668559 -0.0010286 0.0360231 -2.11833 9.24671 135.778 
-1.19815 -1.65711 113363 1 -0.488021 0.599038 517 0 1903 -0.0668559 -0.0010286 0.0360231 -2.11833 9.24671 135.778 
-1.11578 -2.20774 113563 1 -0.488021 0.599038 518 0 1908 -0.0820833 -0.0159897 0.0420166 -2.43857 9.20232 136.229 
-1.11578 -2.20774 113563 1 -0.488021 0.599038 519 0 1908 -0.0820833 -0.0159897 0.0420166 -2.43857 9.20232 136.229 
-1.11578 -2.20774 113604 1 -0.488021 0.599038 520 0 1909 -0.0820833 -0.0159897 0.0420166 -2.43857 9.20232 136.229 
-2.12425 -3.45232 113764 1 -0.488021 0.599038 521 0 1913 -0.082506 -0.0233837 0.0188288 -2.57022 9.6024 136.8 
-2.12425 -3.45232 113884 1 -0.488021 0.599038 522 0 1916 -0.082506 -0.0233837 0.0188288 -2.57022 9.6024 136.8 
-2.12425 -3.45232 113924 1 -0.488021 0.599038 523 0 1917 -0.082506 -0.0233837 0.0188288 -2.57022 9.6024 136.8 
-2.12425 -3.45232 113964 1 -0.488021 0.599038 524 0 1918 -0.082506 -0.0233837 0.0188288 -2.57022 9.6024 136.8 
-2.12425 -3.45232 114087 1 -0.488021 0.599038 525 0 1921 -0.082506 -0.0233837 0.0188288 -2.57022 9.6024 136.8 
-2.12425 -3.45232 114125 1 -0.488021 0.599038 526 0 1922 -0.082506 -0.0233837 0.0188288 -2.57022 9.6024 136.8 
-2.12425 -3.45232 114165 1 -0.488021 0.599038 527 0 1923 -0.082506 -0.0233837 0.0188288 -2.57022 9.6024 136.8 
-2.12425 -3.45232 114285 1 -0.488021 0.599038 528 0 1926 -0.082506 -0.0233837 0.0188288 -2.57022 9.6024 136.8 
-2.12425 -3.45232 114285 1 -0.488021 0.599038 529 0 1926 -0.082506 -0.0233837 0.0188288 -2.57022 9.6024 136.8 
-2.12425 -3.45232 114325 1 -0.488021 0.599038 530 0 1927 -0.082506 -0.0233837 0.0188288 -2.57022 9.6024 136.8 
-2.12425 -3.45232 114325 1 -0.488021 0.599038 531 0 1927 -0.082506 -0.0233837 0.0188288 -2.57022 9.6024 136.8 
-1.57811 -2.52122 114445 1 -0.488021 0.599038 532 0 1930 -0.0810212 -0.0440903 0.0491817 -2.84304 9.20827 137.098 
-2.13869 -3.22505 114566 1 -0.488021 0.599038 533 0 1933 -0.0803938 -0.043443 0.0259324 -2.8267 9.55576 137.317 
-2.13869 -3.22505 114566 1 -0.488021 0.599038 534 0 1933 -0.0803938 -0.043443 0.0259324 -2.8267 9.55576 137.317 
-2.13869 -3.22505 114645 1 -0.488021 0.599038 535 0 1935 -0.0803938 -0.043443 0.0259324 -2.8267 9.55576 137.317 
-2.13869 -3.22505 114645 1 -0.488021 0.599038 536 0 1935 -0.0803938 -0.043443 0.0259324 -2.8267 9.55576 137.317 
-1.21165 -2.95604 114766 1 -0.488021 0.599038 537 0 1938 -0.0773588 -0.0612626 0.0406611 -3.04317 9.33891 136.509 
-1.12726 -2.78059 114886 1 -0.488021 0.599038 538 0 1941 -0.0792719 -0.0631635 0.0467926 -3.07609 9.25754 136.593 
-1.18108 -2.68551 115046 1 -0.488021 0.599038 539 0 1945 -0.0769342 -0.0640133 0.050583 -3.07187 9.20508 136.542 
-1.18108 -2.68551 115086 1 -0.488021 0.599038 540 0 1946 -0.0769342 -0.0640133 0.050583 -3.07187 9.20508 136.542 
-1.18108 -2.68551 115086 1 -0.488021 0.599038 541 0 1946 -0.0769342 -0.0640133 0.050583 -3.07187 9.20508 136.542 
-1.18108 -2.68551 115127 1 -0.488021 0.599038 542 0 1947 -0.0769342 -0.0640133 0.050583 -3.07187 9.20508 136.542 
-1.47036 -1.45415 115247 1 -0.488021 0.599038 543 0 1950 -0.0637361 -0.044222 0.0857397 -2.82664 8.68181 137.032 
-1.47036 -1.45415 115247 1 -0.488021 0.599038 544 0 1950 -0.0637361 -0.044222 0.0857397 -2.82664 8.68181 137.032 
-1.47036 -1.45415 115327 1 -0.4875 0.624038 545 0 1952 -0.0637361 -0.044222 0.0857397 -2.82664 8.68181 137.032 
-1.47036 -1.45415 115327 1 -0.489583 0.627885 546 0 1952 -0.0637361 -0.044222 0.0857397 -2.82664 8.68181 137.032 
-2.64411 -2.8719 115447 1 -0.489583 0.627885 547 0 1955 -0.069801 -0.0527467 0.0644539 -2.93225 9.00422 137.475 
-0.477319 -2.248 115608 1 -0.489583 0.627885 548 0 1959 -0.0750419 -0.0611727 0.0626784 -3.02131 8.9842 136.517 
-0.477319 -2.248 115608 1 -0.489583 0.627885 549 0 1959 -0.0750419 -0.0611727 0.0626784 -3.02131 8.9842 136.517 
-0.477319 -2.248 115688 1 -0.489583 0.627885 550 0 1961 -0.0750419 -0.0611727 0.0626784 -3.02131 8.9842 136.517 
-0.477319 -2.248 115688 1 -0.495833 0.670192 551 0 1961 -0.0750419 -0.0611727 0.0626784 -3.02131 8.9842 136.517 
-0.39 -1.98005 115808 1 -0.499479 0.682692 552 0 1964 -0.0739044 -0.0626041 0.0675846 -3.04409 8.92333 136.719 
-0.372534 -1.82077 115928 1 -0.499479 0.682692 553 0 1967 -0.0745423 -0.0639996 0.0688268 -3.06421 8.87012 136.492 
-0.372534 -1.82077 115928 1 -0.499479 0.682692 554 0 1967 -0.0745423 -0.0639996 0.0688268 -3.06421 8.87012 136.492 
-0.372534 -1.82077 115928 1 -0.499479 0.682692 555 0 1967 -0.0745423 -0.0639996 0.0688268 -3.06421 8.87012 136.492 
-0.214416 -0.511173 116049 1 -0.499479 0.682692 556 0 1970 -0.0838546 -0.0670176 0.0423785 -3.12491 9.33501 137.411 
-0.345268 -2.3932 116208 1 -0.499479 0.682692 557 0 1974 -0.0706099 -0.0495047 0.0567655 -2.93082 9.09112 137.142 
-0.345268 -2.3932 116289 1 -0.499479 0.682692 558 0 1976 -0.0706099 -0.0495047 0.0567655 -2.93082 9.09112 137.142 
-0.345268 -2.3932 116329 1 -0.499479 0.682692 559 0 1977 -0.0706099 -0.0495047 0.0567655 -2.93082 9.09112 137.142 
-0.345268 -2.3932 116329 1 -0.502604 0.675 560 0 1977 -0.0706099 -0.0495047 0.0567655 -2.93082 9.09112 137.142 
-0.885301 -1.97297 116448 1 -0.505208 0.674038 561 0 1980 -0.0755137 -0.0452963 0.0589963 -2.89545 9.13549 137.609 
-0.885301 -1.97297 116448 1 -0.510417 0.704808 562 0 1980 -0.0755137 -0.0452963 0.0589963 -2.89545 9.13549 137.609 
-0.421015 -2.37198 116569 1 -0.530729 0.727885 563 0 1983 -0.077684 -0.0553943 0.0657669 -2.99729 9.00666 136.463 
-0.43512 -2.3227 116689 1 -0.530729 0.727885 564 0 1986 -0.0776029 -0.0550822 0.0658341 -3.00231 9.00731 136.49 
-0.43512 -2.3227 116770 1 -0.530729 0.727885 565 0 1988 -0.0776029 -0.0550822 0.0658341 -3.00231 9.00731 136.49 
-0.43512 -2.3227 116811 1 -0.530729 0.727885 566 0 1989 -0.0776029 -0.0550822 0.0658341 -3.00231 9.00731 136.49 
-0.422489 -2.32248 116929 1 -0.530729 0.727885 567 0 1992 -0.0776078 -0.054824 0.0660515 -3.00661 9.01003 136.496 
-0.422489 -2.32248 116929 1 -0.530729 0.727885 568 0 1992 -0.0776078 -0.054824 0.0660515 -3.00661 9.01003 136.496 
-0.695186 -1.59545 117130 1 -0.530729 0.727885 569 0 1997 -0.0684276 -0.0378448 0.0843026 -2.81689 8.71148 136.983 
-0.695186 -1.59545 117171 1 -0.530729 0.727885 570 0 1998 -0.0684276 -0.0378448 0.0843026 -2.81689 8.71148 136.983 
-0.695186 -1.59545 117251 1 -0.530729 0.727885 571 0 2000 -0.0684276 -0.0378448 0.0843026 -2.81689 8.71148 136.983 
-0.695186 -1.59545 117371 1 -0.530208 0.726923 572 0 2003 -0.0684276 -0.0378448 0.0843026 -2.81689 8.71148 136.983 
-0.695186 -1.59545 117411 1 -0.530208 0.725962 573 0 2004 -0.0684276 -0.0378448 0.0843026 -2.81689 8.71148 136.983 
-0.695186 -1.59545 117451 1 -0.529687 0.725962 574 0 2005 -0.0684276 -0.0378448 0.0843026 -2.81689 8.71148 136.983 
-0.695186 -1.59545 117491 1 -0.529687 0.724038 575 0 2006 -0.0684276 -0.0378448 0.0843026 -2.81689 8.71148 136.983 
-0.695186 -1.59545 117491 1 -0.529687 0.724038 576 0 2006 -0.0684276 -0.0378448 0.0843026 -2.81689 8.71148 136.983 
-0.695186 -1.59545 117571 1 -0.529687 0.724038 577 0 2008 -0.0684276 -0.0378448 0.0843026 -2.81689 8.71148 136.983 
-0.528564 -2.40544 117732 1 -0.529687 0.724038 578 0 2012 -0.0733574 -0.0448249 0.0679932 -2.86488 9.03552 137.562 
-0.528564 -2.40544 117732 1 -0.529687 0.724038 579 0 2012 -0.0733574 -0.0448249 0.0679932 -2.86488 9.03552 137.562 
-0.528564 -2.40544 117812 1 -0.529687 0.724038 580 0 2014 -0.0733574 -0.0448249 0.0679932 -2.86488 9.03552 137.562 
-1.34141 -1.53857 117932 1 -0.529687 0.724038 581 0 2017 -0.078272 -0.0536738 0.0560803 -2.92159 9.20053 137.098 
-1.34141 -1.53857 117932 1 -0.529687 0.724038 582 0 2017 -0.078272 -0.0536738 0.0560803 -2.92159 9.20053 137.098 
-1.34141 -1.53857 117971 1 -0.529687 0.724038 583 0 2018 -0.078272 -0.0536738 0.0560803 -2.92159 9.20053 137.098 
-1.97733 -1.28591 118092 1 -0.529687 0.724038 584 0 2021 -0.081373 -0.0571658 0.0484684 -2.96612 9.31561 137.249 
-1.97733 -1.28591 118213 1 -0.529687 0.724038 585 0 2024 -0.081373 -0.0571658 0.0484684 -2.96612 9.31561 137.249 
-1.97733 -1.28591 118253 1 -0.529687 0.724038 586 0 2025 -0.081373 -0.0571658 0.0484684 -2.96612 9.31561 137.249 
-1.97733 -1.28591 118253 1 -0.529687 0.724038 587 0 2025 -0.081373 -0.0571658 0.0484684 -2.96612 9.31561 137.249 
0.835723 -1.35768 118372 1 -0.529687 0.724038 588 0 2028 -0.0672925 -0.0513058 0.0520477 -2.87611 9.20051 137.289 
0.835723 -1.35768 118372 1 -0.529687 0.724038 589 0 2028 -0.0672925 -0.0513058 0.0520477 -2.87611 9.20051 137.289 
0.835723 -1.35768 118453 1 -0.529687 0.724038 590 0 2030 -0.0672925 -0.0513058 0.0520477 -2.87611 9.20051 137.289 
0.348545 -0.641059 118613 1 -0.529687 0.724038 591 0 2034 -0.071182 -0.053562 0.0453252 -2.91477 9.31196 137.732 
0.348545 -0.641059 118693 1 -0.529687 0.724038 592 0 2036 -0.071182 -0.053562 0.0453252 -2.91477 9.31196 137.732 
0.348545 -0.641059 118733 1 -0.529687 0.724038 593 0 2037 -0.071182 -0.053562 0.0453252 -2.91477 9.31196 137.732 
-1.98251 -2.75767 118853 1 -0.529687 0.724038 594 0 2040 -0.0817665 -0.0665029 0.029749 -3.10284 9.57248 137.158 
-1.98251 -2.75767 118935 1 -0.529687 0.724038 595 0 2042 -0.0817665 -0.0665029 0.029749 -3.10284 9.57248 137.158 
-1.98251 -2.75767 119014 1 -0.529687 0.724038 596 0 2044 -0.0817665 -0.0665029 0.029749 -3.10284 9.57248 137.158 
-1.98251 -2.75767 119014 1 -0.529687 0.724038 597 0 2044 -0.0817665 -0.0665029 0.029749 -3.10284 9.57248 137.158 
-1.98251 -2.75767 119055 1 -0.529687 0.724038 598 0 2045 -0.0817665 -0.0665029 0.029749 -3.10284 9.57248 137.158 
-1.98251 -2.75767 119055 1 -0.529687 0.724038 599 0 2045 -0.0817665 -0.0665029 0.029749 -3.10284 9.57248 137.158 
-2.1688 -2.64231 119174 1 -0.529687 0.724038 600 0 2048 -0.0827451 -0.0677624 0.034675 -3.15439 9.55783 136.975 
-1.58553 -2.01263 119294 1 -0.529687 0.724038 601 0 2051 -0.0716265 0.00653656 0.0474109 -2.14473 9.22608 136.166 
-1.58553 -2.01263 119294 1 -0.529687 0.724038 602 0 2051 -0.0716265 0.00653656 0.0474109 -2.14473 9.22608 136.166 
-1.58553 -2.01263 119375 1 -0.529687 0.724038 603 0 2053 -0.0716265 0.00653656 0.0474109 -2.14473 9.22608 136.166 
-1.43573 -3.35677 119494 1 -0.529687 0.724038 604 0 2056 -0.0738669 0.00410177 0.0100962 -2.15303 9.79952 136.36 
-1.43573 -3.35677 119575 1 -0.529687 0.724038 605 0 2058 -0.0738669 0.00410177 0.0100962 -2.15303 9.79952 136.36 
-1.43573 -3.35677 119575 1 -0.529687 0.724038 606 0 2058 -0.0738669 0.00410177 0.0100962 -2.15303 9.79952 136.36 
-1.43573 -3.35677 119655 1 -0.529687 0.724038 607 0 2060 -0.0738669 0.00410177 0.0100962 -2.15303 9.79952 136.36 
-2.02592 -2.2712 119776 1 -0.529687 0.724038 608 0 2063 -0.0788105 -0.0365511 0.0210944 -2.69256 9.79732 137.795 
-1.01905 -1.82961 119896 1 -0.529167 0.724038 609 0 2066 -0.0808716 -0.0618554 0.0240385 -3.02034 9.73942 137.252 
-1.01905 -1.82961 119936 1 -0.528646 0.724038 610 0 2067 -0.0808716 -0.0618554 0.0240385 -3.02034 9.73942 137.252 
-1.01905 -1.82961 120016 1 -0.528646 0.724038 611 0 2069 -0.0808716 -0.0618554 0.0240385 -3.02034 9.73942 137.252 
-1.01905 -1.82961 120056 1 -0.528646 0.724038 612 0 2070 -0.0808716 -0.0618554 0.0240385 -3.02034 9.73942 137.252 
-0.0348873 -1.25661 120176 1 -0.528646 0.724038 613 0 2073 -0.0771912 -0.00735078 0.0163861 -2.26222 9.72166 135.962 
-0.0348873 -1.25661 120176 1 -0.528646 0.724038 614 0 2073 -0.0771912 -0.00735078 0.0163861 -2.26222 9.72166 135.962 
-0.0348873 -1.25661 120256 1 -0.528125 0.724038 615 0 2075 -0.0771912 -0.00735078 0.0163861 -2.26222 9.72166 135.962 
-0.409122 -1.57391 120376 1 -0.528125 0.724038 616 0 2078 -0.0803546 -0.0226247 0.00723647 -2.4842 9.90993 136.554 
-0.409122 -1.57391 120457 1 -0.528125 0.724038 617 0 2080 -0.0803546 -0.0226247 0.00723647 -2.4842 9.90993 136.554 
-0.409122 -1.57391 120537 1 -0.528125 0.724038 618 0 2082 -0.0803546 -0.0226247 0.00723647 -2.4842 9.90993 136.554 
-0.409122 -1.57391 120617 1 -0.528125 0.724038 619 0 2084 -0.0803546 -0.0226247 0.00723647 -2.4842 9.90993 136.554 
-0.409122 -1.57391 120617 1 -0.528125 0.724038 620 0 2084 -0.0803546 -0.0226247 0.00723647 -2.4842 9.90993 136.554 
-0.409122 -1.57391 120657 1 -0.528125 0.724038 621 0 2085 -0.0803546 -0.0226247 0.00723647 -2.4842 9.90993 136.554 
-0.321361 -1.74152 120777 1 -0.528125 0.724038 622 0 2088 -0.0735593 -0.0488529 0.036548 -2.81627 9.55269 137.394 
-0.317979 -1.29729 120898 1 -0.528125 0.724038 623 0 2091 -0.0786049 -0.0541673 0.033208 -2.87002 9.6078 137.683 
-0.317979 -1.29729 120898 1 -0.528125 0.724038 624 0 2091 -0.0786049 -0.0541673 0.033208 -2.87002 9.6078 137.683 
-0.0502324 -0.00443278 120977 1 -0.528125 0.724038 625 1 2093 -0.0583887 -0.0358966 0.0792877 -2.64017 8.79786 137.188 
-0.0502324 -0.00443278 120977 1 -0.528125 0.724038 626 1 2093 -0.0583887 -0.0358966 0.0792877 -2.64017 8.79786 137.188 
-0.264453 -1.187 121057 1 -0.528125 0.724038 627 0 2095 -0.0642742 -0.0461978 0.0632516 -2.78453 9.0831 137.102 
-0.264453 -1.187 121057 1 -0.528125 0.724038 628 0 2095 -0.0642742 -0.0461978 0.0632516 -2.78453 9.0831 137.102 
-0.177466 -0.979755 121218 1 -0.528125 0.724038 629 0 2099 -0.0829402 -0.0582015 0.0382703 -2.97198 9.56817 137.344 
-0.423503 -1.79316 121338 1 -0.528125 0.724038 630 0 2102 -0.0839738 -0.063302 0.0341058 -3.0695 9.65719 137.206 
-0.423503 -1.79316 121459 1 -0.528125 0.724038 631 0 2105 -0.0839738 -0.063302 0.0341058 -3.0695 9.65719 137.206 
-0.423503 -1.79316 121498 1 -0.528125 0.724038 632 0 2106 -0.0839738 -0.063302 0.0341058 -3.0695 9.65719 137.206 
-0.423503 -1.79316 121579 1 -0.528125 0.724038 633 0 2108 -0.0839738 -0.063302 0.0341058 -3.0695 9.65719 137.206 
-0.423503 -1.79316 121619 1 -0.528125 0.724038 634 0 2109 -0.0839738 -0.063302 0.0341058 -3.0695 9.65719 137.206 
0.225359 -0.442544 121660 1 -0.528125 0.724038 635 0 2110 -0.0761293 -0.0250542 0.0356825 -2.67879 9.57066 136.709 
0.225359 -0.442544 121660 1 -0.528125 0.724038 636 0 2110 -0.0761293 -0.0250542 0.0356825 -2.67879 9.57066 136.709 
0.205397 -0.406507 121778 1 -0.528125 0.724038 637 0 2113 -0.0737647 -0.0217571 0.0376896 -2.64879 9.51146 136.419 
0.166685 -1.53155 121899 1 -0.528125 0.724038 638 0 2116 -0.0869186 -0.0484259 0.0356721 -3.00813 9.63618 136.989 
0.166685 -1.53155 121980 1 -0.528125 0.724038 639 0 2118 -0.0869186 -0.0484259 0.0356721 -3.00813 9.63618 136.989 
0.565594 -1.43066 122099 1 -0.528125 0.724038 640 0 2121 -0.0771364 -0.0476387 0.0571304 -2.96493 9.28775 136.28 
0.565594 -1.43066 122099 1 -0.528125 0.724038 641 0 2121 -0.0771364 -0.0476387 0.0571304 -2.96493 9.28775 136.28 
0.338453 -0.236437 122180 1 -0.528125 0.724038 642 0 2123 -0.0579778 -0.0330494 0.0791592 -2.7861 8.75158 136.092 
0.338453 -0.236437 122180 1 -0.528125 0.724038 643 0 2123 -0.0579778 -0.0330494 0.0791592 -2.7861 8.75158 136.092 
0.361541 -1.23955 122300 1 -0.528125 0.724038 644 0 2126 -0.0721078 -0.0399994 0.0774141 -2.85985 8.99548 137.015 
0.352739 -1.44726 122421 1 -0.528125 0.724038 645 0 2129 -0.0738021 -0.0489982 0.0831192 -2.92964 8.91186 136.117 
0.352739 -1.44726 122460 1 -0.528125 0.724038 646 0 2130 -0.0738021 -0.0489982 0.0831192 -2.92964 8.91186 136.117 
0.352739 -1.44726 122460 1 -0.528125 0.724038 647 0 2130 -0.0738021 -0.0489982 0.0831192 -2.92964 8.91186 136.117 
0.351175 -1.38754 122580 1 -0.528125 0.724038 648 0 2133 -0.0729799 -0.0496027 0.0837426 -2.92721 8.90292 136.286 
0.351175 -1.38754 122580 1 -0.528125 0.724038 649 0 2133 -0.0729799 -0.0496027 0.0837426 -2.92721 8.90292 136.286 
1.00406 -1.76815 122861 1 -0.528125 0.724038 650 0 2140 -0.069943 -0.0505332 0.0847974 -2.92375 8.88932 136.375 
1.00406 -1.76815 122901 1 -0.528125 0.724038 651 0 2141 -0.069943 -0.0505332 0.0847974 -2.92375 8.88932 136.375 
1.00406 -1.76815 122941 1 -0.528125 0.724038 652 0 2142 -0.069943 -0.0505332 0.0847974 -2.92375 8.88932 136.375 
1.00406 -1.76815 123062 1 -0.528125 0.724038 653 0 2145 -0.069943 -0.0505332 0.0847974 -2.92375 8.88932 136.375 
1.00406 -1.76815 123102 1 -0.528125 0.724038 654 0 2146 -0.069943 -0.0505332 0.0847974 -2.92375 8.88932 136.375 
1.00406 -1.76815 123142 1 -0.528125 0.724038 655 0 2147 -0.069943 -0.0505332 0.0847974 -2.92375 8.88932 136.375 
1.00406 -1.76815 123222 1 -0.528125 0.724038 656 0 2149 -0.069943 -0.0505332 0.0847974 -2.92375 8.88932 136.375 
1.00406 -1.76815 123262 1 -0.528125 0.724038 657 0 2150 -0.069943 -0.0505332 0.0847974 -2.92375 8.88932 136.375 
1.00406 -1.76815 123262 1 -0.528125 0.724038 658 0 2150 -0.069943 -0.0505332 0.0847974 -2.92375 8.88932 136.375 
-0.28671 -1.62239 123382 1 -0.528125 0.724038 659 0 2153 -0.0667003 -0.0398255 0.0983958 -2.71638 8.69402 137.284 
-0.936695 -1.94154 123503 1 -0.528125 0.724038 660 0 2156 -0.068281 -0.044838 0.0772143 -2.76809 9.01263 137.847 
-0.936695 -1.94154 123503 1 -0.528125 0.724038 661 0 2156 -0.068281 -0.044838 0.0772143 -2.76809 9.01263 137.847 
-0.936695 -1.94154 123582 1 -0.528125 0.724038 662 0 2158 -0.068281 -0.044838 0.0772143 -2.76809 9.01263 137.847 
-0.507704 -2.15265 123702 1 -0.528125 0.724038 663 0 2161 -0.0781474 -0.0649804 0.0727278 -3.04086 8.9752 136.492 
-0.507704 -2.15265 123702 1 -0.528125 0.724038 664 0 2161 -0.0781474 -0.0649804 0.0727278 -3.04086 8.9752 136.492 
-0.47308 -1.88226 123863 1 -0.528125 0.724038 665 0 2165 -0.0915715 -0.067876 0.0921431 -3.21114 8.62423 136.81 
-0.47308 -1.88226 123943 1 -0.528125 0.724038 666 0 2167 -0.0915715 -0.067876 0.0921431 -3.21114 8.62423 136.81 
-0.47308 -1.88226 123983 1 -0.528125 0.724038 667 0 2168 -0.0915715 -0.067876 0.0921431 -3.21114 8.62423 136.81 
-0.47308 -1.88226 123983 1 -0.528125 0.724038 668 0 2168 -0.0915715 -0.067876 0.0921431 -3.21114 8.62423 136.81 
-0.47308 -1.88226 124064 1 -0.528125 0.724038 669 0 2170 -0.0915715 -0.067876 0.0921431 -3.21114 8.62423 136.81 
-0.47308 -1.88226 124064 1 -0.528125 0.724038 670 0 2170 -0.0915715 -0.067876 0.0921431 -3.21114 8.62423 136.81 
-0.378023 -1.67559 124343 1 -0.528125 0.724038 671 0 2177 -0.111593 -0.0230345 0.0509025 -2.88253 8.52546 140.033 
-0.378023 -1.67559 124343 1 -0.528125 0.724038 672 0 2177 -0.111593 -0.0230345 0.0509025 -2.88253 8.52546 140.033 
-0.378023 -1.67559 124384 1 -0.528125 0.725 673 0 2178 -0.111593 -0.0230345 0.0509025 -2.88253 8.52546 140.033 
-0.378023 -1.67559 124384 1 -0.532292 0.728846 674 0 2178 -0.111593 -0.0230345 0.0509025 -2.88253 8.52546 140.033 
-1.09125 -1.58988 124504 1 -0.535937 0.726923 675 0 2181 -0.102661 -0.0293423 0.0680817 -2.88704 7.89741 137.998 
-1.16345 -2.1624 124625 1 -0.536458 0.724038 676 0 2184 -0.103646 -0.0284293 0.0501532 -2.75533 8.21512 138.395 
-1.16345 -2.1624 124705 1 -0.535937 0.724038 677 0 2186 -0.103646 -0.0284293 0.0501532 -2.75533 8.21512 138.395 
-1.40751 -2.3934 124825 1 -0.535937 0.724038 678 0 2189 -0.0944435 -0.0523848 0.0521998 -2.76795 8.54325 139.577 
-1.40751 -2.3934 124825 1 -0.535937 0.724038 679 0 2189 -0.0944435 -0.0523848 0.0521998 -2.76795 8.54325 139.577 
-1.40751 -2.3934 124865 1 -0.535937 0.724038 680 0 2190 -0.0944435 -0.0523848 0.0521998 -2.76795 8.54325 139.577 
-2.18382 -1.90038 124985 1 -0.535937 0.724038 681 0 2193 -0.0778439 -0.052493 0.0681762 -2.54366 8.54775 140.728 
-2.18382 -1.90038 125146 1 -0.535937 0.724038 682 0 2197 -0.0778439 -0.052493 0.0681762 -2.54366 8.54775 140.728 
-2.18382 -1.90038 125186 1 -0.535937 0.724038 683 0 2198 -0.0778439 -0.052493 0.0681762 -2.54366 8.54775 140.728 
-2.18382 -1.90038 125225 1 -0.535937 0.724038 684 0 2199 -0.0778439 -0.052493 0.0681762 -2.54366 8.54775 140.728 
-2.18382 -1.90038 125306 1 -0.535937 0.724038 685 0 2201 -0.0778439 -0.052493 0.0681762 -2.54366 8.54775 140.728 
-2.18382 -1.90038 125306 1 -0.532813 0.724038 686 0 2201 -0.0778439 -0.052493 0.0681762 -2.54366 8.54775 140.728 
-2.18382 -1.90038 125346 1 -0.501563 0.723077 687 0 2202 -0.0778439 -0.052493 0.0681762 -2.54366 8.54775 140.728 
5.01142 -1.12093 125506 1 -0.449479 0.745192 688 0 2206 -0.0771028 -0.0613792 0.0477268 -2.14955 9.09307 141.604 
5.01142 -1.12093 125586 1 -0.327083 0.803846 689 0 2208 -0.0771028 -0.0613792 0.0477268 -2.14955 9.09307 141.604 
5.01142 -1.12093 125586 1 -0.2125 0.821154 690 0 2208 -0.0771028 -0.0613792 0.0477268 -2.14955 9.09307 141.604 
5.01142 -1.12093 125666 1 -0.0880208 0.809615 691 0 2210 -0.0771028 -0.0613792 0.0477268 -2.14955 9.09307 141.604 
-0.724725 -3.27816 125787 1 0.115104 0.564423 692 0 2213 -0.0626928 -0.0725034 0.0727858 -2.07281 8.52149 140.231 
-0.724725 -3.27816 125787 1 0.202604 0.231731 693 0 2213 -0.0626928 -0.0725034 0.0727858 -2.07281 8.52149 140.231 
-0.635709 -2.87562 125907 1 0.301563 0 694 0 2216 -0.0561532 -0.0812356 0.0842051 -2.17948 8.28913 140.046 
-0.635709 -2.87562 125907 1 0.385417 0 695 0 2216 -0.0561532 -0.0812356 0.0842051 -2.17948 8.28913 140.046 
-0.818073 -3.78872 126027 1 0.460938 0 696 0 2219 -0.0658228 -0.0769564 0.0692196 -2.17755 8.52602 140.575 
-0.818073 -3.78872 126027 1 0.505208 0.00480769 697 0 2219 -0.0658228 -0.0769564 0.0692196 -2.17755 8.52602 140.575 
-0.682588 -2.88211 126187 1 0.495833 0.00865385 698 0 2223 -0.0527215 -0.0633206 0.0635894 -1.92371 8.6342 140.996 
-0.682588 -2.88211 126187 1 0.503646 0.0144231 699 0 2223 -0.0527215 -0.0633206 0.0635894 -1.92371 8.6342 140.996 
2.20224 -0.74596 126307 1 0.520312 0.025 700 0 2226 -0.0506133 -0.0664016 0.0676109 -1.92276 8.6086 141.279 
-1.13949 -2.87381 126468 1 0.520312 0.0317308 701 0 2230 -0.0682636 -0.0806412 0.0579643 -2.13431 8.77157 140.706 
-1.13949 -2.87381 126588 1 0.511458 0.0567308 702 0 2233 -0.0682636 -0.0806412 0.0579643 -2.13431 8.77157 140.706 
-1.13949 -2.87381 126628 1 0.496354 0.0673077 703 0 2234 -0.0682636 -0.0806412 0.0579643 -2.13431 8.77157 140.706 
-1.13949 -2.87381 126709 1 0.495833 0.0692308 704 0 2236 -0.0682636 -0.0806412 0.0579643 -2.13431 8.77157 140.706 
-1.13949 -2.87381 126709 1 0.494271 0.0692308 705 0 2236 -0.0682636 -0.0806412 0.0579643 -2.13431 8.77157 140.706 
-1.81056 -2.51446 126788 1 0.433854 0.0548077 706 0 2238 -0.0710036 -0.0840006 0.0417946 -2.20027 9.14118 140.722 
-1.81056 -2.51446 126788 1 0.276562 0.0442308 707 0 2238 -0.0710036 -0.0840006 0.0417946 -2.20027 9.14118 140.722 
-0.601963 -1.48961 126949 1 0.220833 0.0317308 708 0 2242 -0.0621332 -0.0527989 0.0666675 -1.81132 8.76128 140.096 
-0.921262 -1.83857 127070 1 0.201563 0.0230769 709 0 2245 -0.0623404 -0.0505186 0.055946 -1.80479 8.92987 140.453 
-0.921262 -1.83857 127070 1 0.158854 0.0173077 710 0 2245 -0.0623404 -0.0505186 0.055946 -1.80479 8.92987 140.453 
-0.532361 -2.72847 127230 1 0.123958 0.0163462 711 0 2249 -0.0701228 -0.0824705 0.0405423 -2.30263 9.16882 140.574 
-1.0499 -2.99345 127349 1 0.122917 0.0163462 712 0 2252 -0.0764168 -0.0865452 0.0332962 -2.46374 9.34282 140.662 
-1.0499 -2.99345 127430 1 0.127083 0.0192308 713 0 2254 -0.0764168 -0.0865452 0.0332962 -2.46374 9.34282 140.662 
-1.09726 -2.95339 127550 1 0.127083 0.0192308 714 0 2257 -0.0778114 -0.07433 0.0387906 -2.37142 9.3272 140.631 
-1.09726 -2.95339 127550 1 0.122396 0.0201923 715 0 2257 -0.0778114 -0.07433 0.0387906 -2.37142 9.3272 140.631 
-1.09726 -2.95339 127631 1 0.122396 0.0201923 716 0 2259 -0.0778114 -0.07433 0.0387906 -2.37142 9.3272 140.631 
-1.49519 -1.42727 127751 1 0.122396 0.0201923 717 0 2262 -0.0631941 -0.0553552 0.091178 -2.03316 8.61539 141.309 
-1.49519 -1.42727 127831 1 0.122396 0.0201923 718 0 2264 -0.0631941 -0.0553552 0.091178 -2.03316 8.61539 141.309 
-1.49519 -1.42727 127871 1 0.125521 0.0403846 719 0 2265 -0.0631941 -0.0553552 0.091178 -2.03316 8.61539 141.309 
-1.49519 -1.42727 127871 1 0.130208 0.136538 720 0 2265 -0.0631941 -0.0553552 0.091178 -2.03316 8.61539 141.309 
-1.20219 -2.10048 128031 1 0.124479 0.214423 721 0 2269 -0.0599058 -0.0578994 0.0918349 -2.05987 8.67326 141.277 
-1.21778 -1.95386 128151 1 0.126042 0.223077 722 0 2272 -0.0751502 -0.0765729 0.0793593 -2.35496 8.78143 140.291 
-1.21778 -1.95386 128232 1 0.186458 0.225 723 0 2274 -0.0751502 -0.0765729 0.0793593 -2.35496 8.78143 140.291 
-1.21778 -1.95386 128232 1 0.269271 0.251923 724 0 2274 -0.0751502 -0.0765729 0.0793593 -2.35496 8.78143 140.291 
-1.24072 -2.11344 128311 1 0.323958 0.253846 725 0 2276 -0.0757297 -0.0820631 0.0768269 -2.47216 8.83409 140.261 
-1.94051 -2.82834 128431 1 0.346875 0.256731 726 0 2279 -0.0762348 -0.0763474 0.0798647 -2.46101 8.80134 140.284 
-1.94051 -2.82834 128512 1 0.349479 0.261538 727 0 2281 -0.0762348 -0.0763474 0.0798647 -2.46101 8.80134 140.284 
