ImageFile:
0.19568 -0.17641 69970 1 0.223958 0.289423 1 1 762 -0.0711937 -0.0135623 -0.0535921 -0.459205 2.37862 106.823 
0.210321 -0.212121 70050 1 0.223958 0.289423 2 0 764 -0.0699312 -0.0126791 -0.0660602 -0.46234 2.47034 106.462 
0.19836 -0.236856 70130 1 0.223958 0.289423 3 0 766 -0.0693689 -0.0146863 -0.068457 -0.510877 2.48932 106.295 
0.204179 -0.234806 70211 1 0.221354 0.306731 4 0 768 -0.0703349 -0.0162642 -0.0697013 -0.528624 2.51135 106.236 
0.201883 -0.229848 70291 1 0.208854 0.398077 5 0 770 -0.0681724 -0.0110456 -0.0662177 -0.503145 2.49178 106.262 
0.200119 -0.230139 70330 1 0.179167 0.649038 6 0 771 -0.0654278 -0.0110734 -0.0621641 -0.519606 2.46322 106.308 
0.240227 -0.212766 70411 1 0.174479 0.880769 7 0 773 -0.0613636 -0.0104247 -0.0576487 -0.53281 2.41848 106.429 
0.240227 -0.212766 70411 1 0.171875 1 8 0 773 -0.0613636 -0.0104247 -0.0576487 -0.53281 2.41848 106.429 
0.272836 -0.245553 70572 1 0.157292 1.0375 9 0 777 -0.0708468 -0.0106201 -0.0716058 -0.653459 2.37109 106.105 
0.263207 -0.215504 70652 1 0.149479 1.0375 10 0 779 -0.0782966 -0.00748379 -0.0736914 -0.659215 2.36074 105.54 
0.33942 -0.219964 70731 1 0.141667 1.03365 11 0 781 -0.0823787 -0.00437135 -0.0668178 -0.592806 2.41462 105.434 
0.33942 -0.219964 70731 1 0.119792 0.998077 12 0 781 -0.0823787 -0.00437135 -0.0668178 -0.592806 2.41462 105.434 
0.401084 -0.20677 70772 1 0.104167 0.986538 13 0 782 -0.0811756 -0.00143047 -0.0611296 -0.504036 2.44232 105.668 
0.384843 -0.229329 70973 1 0.0963542 0.983654 14 0 787 -0.0607795 -0.0162962 -0.0500725 -0.410744 2.48468 106.154 
0.316194 -0.219121 71052 1 0.0864583 0.983654 15 0 789 -0.0635238 -0.0174071 -0.052714 -0.452959 2.48372 105.974 
0.305234 -0.228089 71092 1 0.0770833 0.981731 16 0 790 -0.0649373 -0.0167236 -0.0537281 -0.454344 2.4805 105.973 
0.297083 -0.256148 71172 1 0.075 0.979808 17 0 792 -0.0680092 -0.015603 -0.0565174 -0.446448 2.50499 105.955 
0.306564 -0.293105 71253 1 0.0744792 0.979808 18 0 794 -0.0684449 -0.014325 -0.0585637 -0.427681 2.52754 105.954 
0.326446 -0.264486 71333 1 0.0744792 0.979808 19 0 796 -0.067879 -0.0111551 -0.0589246 -0.399035 2.48856 105.94 
0.325861 -0.271736 71373 1 0.0744792 0.979808 20 0 797 -0.0696451 -0.0102008 -0.060668 -0.393152 2.48471 106.077 
0.325861 -0.271736 71373 1 0.0744792 0.979808 21 0 797 -0.0696451 -0.0102008 -0.060668 -0.393152 2.48471 106.077 
0.322721 -0.268681 71533 1 0.0744792 0.979808 22 0 801 -0.0704698 -0.0103103 -0.0584717 -0.403066 2.45347 106.136 
0.343046 -0.266981 71613 1 0.0744792 0.979808 23 0 803 -0.069917 -0.0113371 -0.0645437 -0.426592 2.47652 106.093 
0.342493 -0.259742 71653 1 0.0744792 0.979808 24 0 804 -0.0696747 -0.0123893 -0.0668651 -0.458028 2.47439 105.9 
0.332506 -0.295557 71694 1 0.0744792 0.979808 25 0 805 -0.0708606 -0.0121096 -0.0688556 -0.470962 2.47652 105.87 
0.332506 -0.295557 71694 1 0.0744792 0.979808 26 0 805 -0.0708606 -0.0121096 -0.0688556 -0.470962 2.47652 105.87 
0.36965 -0.3134 71854 1 0.0744792 0.979808 27 0 809 -0.0702019 -0.0132035 -0.07155 -0.447623 2.49602 105.826 
0.412844 -0.290552 71934 1 0.0744792 0.979808 28 0 811 -0.0686042 -0.0123062 -0.0709633 -0.4101 2.49663 105.855 
0.400905 -0.284034 72014 1 0.0744792 0.979808 29 0 813 -0.0676624 -0.0139292 -0.0698436 -0.430974 2.48341 105.949 
0.400905 -0.284034 72014 1 0.0744792 0.979808 30 0 813 -0.0676624 -0.0139292 -0.0698436 -0.430974 2.48341 105.949 
0.400905 -0.284034 72014 1 0.0744792 0.979808 31 0 813 -0.0676624 -0.0139292 -0.0698436 -0.430974 2.48341 105.949 
0.418054 -0.289001 72214 1 0.0744792 0.979808 32 0 818 -0.0700864 -0.00959813 -0.0709174 -0.382269 2.46522 105.803 
0.43488 -0.26103 72295 1 0.0744792 0.979808 33 0 820 -0.069245 -0.0155598 -0.071111 -0.395456 2.48666 105.789 
0.431509 -0.294986 72335 1 0.0744792 0.979808 34 0 821 -0.067741 -0.0183374 -0.0722878 -0.408945 2.50954 105.876 
0.431509 -0.294986 72335 1 0.0744792 0.979808 35 0 821 -0.067741 -0.0183374 -0.0722878 -0.408945 2.50954 105.876 
0.385406 -0.299607 72495 1 0.0744792 0.979808 36 0 825 -0.0676313 -0.0183279 -0.0741896 -0.406661 2.51813 105.86 
0.347589 -0.2887 72575 1 0.0744792 0.979808 37 0 827 -0.0683441 -0.017584 -0.0733451 -0.414507 2.49457 105.806 
0.366955 -0.296602 72657 1 0.0744792 0.979808 38 0 829 -0.0693212 -0.0146758 -0.0725363 -0.378142 2.49464 105.835 
0.366955 -0.296602 72657 1 0.0744792 0.979808 39 0 829 -0.0693212 -0.0146758 -0.0725363 -0.378142 2.49464 105.835 
0.366955 -0.296602 72657 1 0.0744792 0.979808 40 0 829 -0.0693212 -0.0146758 -0.0725363 -0.378142 2.49464 105.835 
0.414324 -0.303549 72856 1 0.0744792 0.979808 41 0 834 -0.0681233 -0.0170293 -0.0738407 -0.361857 2.52343 105.756 
0.420837 -0.298834 72896 1 0.0744792 0.979808 42 0 835 -0.067828 -0.017836 -0.0737903 -0.359224 2.52157 105.764 
0.397998 -0.308036 72975 1 0.0744792 0.979808 43 0 837 -0.0676197 -0.016467 -0.0753575 -0.328603 2.53548 105.742 
0.397998 -0.308036 72975 1 0.0744792 0.979808 44 0 837 -0.0676197 -0.016467 -0.0753575 -0.328603 2.53548 105.742 
0.409171 -0.292906 73016 1 0.0744792 0.979808 45 0 838 -0.0673098 -0.0122786 -0.0742098 -0.274112 2.52233 105.77 
0.413187 -0.300647 73177 1 0.0744792 0.979808 46 0 842 -0.067037 -0.0146289 -0.0735364 -0.277455 2.51889 105.829 
0.412783 -0.3029 73257 1 0.0744792 0.979808 47 0 844 -0.0669837 -0.0176854 -0.0740764 -0.299984 2.51936 105.876 
0.425314 -0.314901 73296 1 0.0744792 0.979808 48 0 845 -0.0663138 -0.0160202 -0.0760755 -0.278588 2.53182 105.825 
0.425314 -0.314901 73296 1 0.0744792 0.979808 49 0 845 -0.0663138 -0.0160202 -0.0760755 -0.278588 2.53182 105.825 
0.40697 -0.290385 73497 1 0.0744792 0.979808 50 0 850 -0.0659393 -0.0191594 -0.0732296 -0.298476 2.48708 105.89 
0.419078 -0.296909 73537 1 0.0734375 0.978846 51 0 851 -0.0656731 -0.0173165 -0.0737398 -0.273622 2.49822 105.877 
0.426743 -0.295471 73617 1 0.0463542 0.943269 52 0 853 -0.0655294 -0.0204485 -0.0746636 -0.282063 2.51659 105.898 
0.426743 -0.295471 73617 1 -0.114063 0.772115 53 0 853 -0.0655294 -0.0204485 -0.0746636 -0.282063 2.51659 105.898 
0.462328 -0.315407 73777 1 -0.315625 0.503846 54 0 857 -0.0633191 -0.023246 -0.0781236 -0.25752 2.51221 105.827 
0.442891 -0.312063 73817 1 -0.351563 0.477885 55 0 858 -0.0630421 -0.0208692 -0.0756509 -0.222806 2.49516 105.838 
0.409267 -0.307696 73898 1 -0.351563 0.477885 56 0 860 -0.0627621 -0.0188817 -0.0742215 -0.184721 2.50678 105.884 
0.390266 -0.328588 73938 1 -0.351563 0.477885 57 0 861 -0.0619593 -0.0197279 -0.0754433 -0.195216 2.52057 105.832 
0.390266 -0.328588 73938 1 -0.351563 0.477885 58 0 861 -0.0619593 -0.0197279 -0.0754433 -0.195216 2.52057 105.832 
0.391121 -0.315804 73978 1 -0.353646 0.475 59 0 862 -0.0629276 -0.0191858 -0.0771861 -0.188283 2.52591 105.847 
0.391121 -0.315804 73978 1 -0.447917 0.373077 60 0 862 -0.0629276 -0.0191858 -0.0771861 -0.188283 2.52591 105.847 
0.391121 -0.315804 73978 1 -0.601042 0.111538 61 0 862 -0.0629276 -0.0191858 -0.0771861 -0.188283 2.52591 105.847 
0.608565 1.28511 74057 1 -0.745313 0.00769231 62 0 864 -0.0589853 -0.023541 -0.0693853 -0.254257 2.39406 107.075 
0.608565 1.28511 74057 1 -0.8 0.00769231 63 0 864 -0.0589853 -0.023541 -0.0693853 -0.254257 2.39406 107.075 
0.396843 -0.117629 74458 1 -0.840625 0.00769231 64 1 874 -0.0528571 -0.0224221 -0.0666785 -0.220579 2.32169 104.767 
0.350039 -0.130709 74539 1 -0.874479 0.00769231 65 1 876 -0.0548814 -0.0270566 -0.0736764 -0.28966 2.34175 104.92 
0.337159 -0.166498 74579 1 -0.902083 0.00769231 66 1 877 -0.054117 -0.0284935 -0.0787245 -0.324836 2.36715 104.708 
0.344562 -0.26026 74659 1 -0.9125 0.00769231 67 0 879 -0.0521415 -0.0307362 -0.0891156 -0.34308 2.4702 104.632 
0.356699 -0.282341 74740 1 -0.930729 0.00769231 68 0 881 -0.052944 -0.0309182 -0.0888115 -0.320287 2.48184 104.776 
0.339378 -0.287345 74819 1 -0.966146 0.00769231 69 0 883 -0.0549738 -0.03122 -0.0903497 -0.324005 2.50281 104.828 
0.338981 -0.257836 74899 1 -0.974479 0.00769231 70 0 885 -0.0551551 -0.0298882 -0.0866182 -0.302363 2.43798 104.936 
0.371857 -0.257231 74980 1 -0.974479 0.00769231 71 0 887 -0.0528516 -0.0274081 -0.0877904 -0.253302 2.44624 104.983 
0.362087 -0.254551 75020 1 -0.969271 0.00769231 72 0 888 -0.0540552 -0.0279549 -0.0877064 -0.246643 2.45452 105.06 
0.362087 -0.254551 75020 1 -0.885938 0.00769231 73 0 888 -0.0540552 -0.0279549 -0.0877064 -0.246643 2.45452 105.06 
0.362087 -0.254551 75020 1 -0.6375 0.00769231 74 0 888 -0.0540552 -0.0279549 -0.0877064 -0.246643 2.45452 105.06 
0.343642 -0.276679 75220 1 -0.407813 0.00865385 75 0 893 -0.0534676 -0.0276939 -0.0907323 -0.250131 2.49061 104.846 
0.330835 -0.304541 75300 1 -0.274479 0.00769231 76 0 895 -0.0533634 -0.0263698 -0.0928355 -0.250156 2.52459 104.773 
0.308121 -0.324823 75340 1 -0.219792 0.00769231 77 0 896 -0.0545143 -0.028672 -0.0925413 -0.279882 2.53014 104.799 
0.308121 -0.324823 75340 1 -0.218229 0.00769231 78 0 896 -0.0545143 -0.028672 -0.0925413 -0.279882 2.53014 104.799 
0.352772 -0.339428 75501 1 -0.218229 0.00769231 79 0 900 -0.0531177 -0.0271024 -0.0925418 -0.238938 2.54874 104.8 
0.365927 -0.347926 75580 1 -0.223438 0.00769231 80 0 902 -0.0529947 -0.0252495 -0.0931999 -0.220592 2.57114 104.884 
0.37121 -0.342077 75621 1 -0.266146 0.00769231 81 0 903 -0.0524991 -0.0263332 -0.0924903 -0.227513 2.5716 104.873 
0.376006 -0.347796 75661 1 -0.294271 0.00769231 82 0 904 -0.0524058 -0.0268499 -0.0929951 -0.228469 2.57976 104.915 
0.376006 -0.347796 75661 1 -0.298958 0.00769231 83 0 904 -0.0524058 -0.0268499 -0.0929951 -0.228469 2.57976 104.915 
0.492936 0.819823 75862 1 -0.299479 0.00769231 84 1 909 -0.0534611 -0.0126378 -0.0976415 -0.0670824 2.62862 105.118 
0.475181 0.863514 75942 1 -0.299479 0.00769231 85 1 911 -0.0538368 -0.0147956 -0.0942919 -0.0916102 2.61371 105.279 
0.473987 0.857057 75981 1 -0.302604 0.0346154 86 1 912 -0.0542047 -0.0147692 -0.0940269 -0.0912622 2.61681 105.277 
0.473987 0.857057 75981 1 -0.320833 0.144231 87 1 912 -0.0542047 -0.0147692 -0.0940269 -0.0912622 2.61681 105.277 
0.470916 0.897271 76022 1 -0.372396 0.377885 88 1 913 -0.0541132 -0.0147343 -0.093903 -0.0910577 2.61837 105.257 
0.474131 0.885268 76182 1 -0.419271 0.499038 89 1 917 -0.0568744 -0.013226 -0.0935299 -0.0834627 2.62844 105.382 
0.476974 0.88806 76262 1 -0.470313 0.513462 90 1 919 -0.0561497 -0.013239 -0.0935647 -0.0829717 2.62812 105.319 
0.49776 0.887541 76302 1 -0.475521 0.509615 91 1 920 -0.054809 -0.0102795 -0.0938313 -0.049638 2.62985 105.25 
0.49776 0.887541 76382 1 -0.475521 0.509615 92 1 922 -0.054809 -0.0102795 -0.0938313 -0.049638 2.62985 105.25 
0.486606 0.90646 76463 1 -0.475521 0.509615 93 1 924 -0.0548417 -0.0108226 -0.0951443 -0.0618171 2.6329 105.205 
0.468226 0.898656 76543 1 -0.470313 0.528846 94 1 926 -0.0559574 -0.01398 -0.0951976 -0.109758 2.62391 105.36 
0.491111 0.910303 76583 1 -0.510417 0.589423 95 1 927 -0.0563253 -0.0118464 -0.0942177 -0.100019 2.61307 105.419 
0.486008 0.931664 76662 1 -0.569271 0.6375 96 1 929 -0.0566092 -0.0116847 -0.0916438 -0.130737 2.57794 105.425 
0.478219 0.921982 76744 1 -0.608854 0.639423 97 1 931 -0.0582038 -0.010723 -0.0914489 -0.149616 2.58658 105.459 
0.493496 0.930787 76783 1 -0.644792 0.638462 98 1 932 -0.0573255 -0.0110038 -0.0910948 -0.171804 2.58862 105.506 
0.4676 0.907354 76863 1 -0.679688 0.645192 99 1 934 -0.0582677 -0.0157654 -0.0928653 -0.248161 2.61502 105.397 
0.499993 0.9086 76944 1 -0.724479 0.65 100 1 936 -0.057509 -0.0100098 -0.0902054 -0.191448 2.60761 105.349 
0.527218 0.937043 77024 1 -0.74375 0.65 101 1 938 -0.0566515 -0.00983264 -0.0871026 -0.158772 2.58945 105.334 
0.533353 0.964859 77063 1 -0.751563 0.654808 102 1 939 -0.0561166 -0.00848336 -0.085581 -0.122053 2.57992 105.407 
0.528362 0.995667 77144 1 -0.756771 0.661538 103 1 941 -0.0571222 -0.00945761 -0.0812437 -0.0862043 2.52812 105.647 
0.521505 0.985166 77225 1 -0.769271 0.676923 104 1 943 -0.0563628 -0.00912458 -0.0850395 -0.0511128 2.56649 105.525 
0.488568 0.996245 77306 1 -0.775521 0.677885 105 1 945 -0.0568397 -0.0126298 -0.0811542 -0.0565616 2.52921 105.669 
0.516757 1.01092 77345 1 -0.776042 0.678846 106 1 946 -0.054283 -0.0111535 -0.08246 -0.0298327 2.54964 105.55 
0.516327 1.00287 77424 1 -0.776042 0.678846 107 1 948 -0.0542324 -0.0111303 -0.0822569 -0.0299617 2.55168 105.547 
0.499546 1.0189 77504 1 -0.755208 0.679808 108 1 950 -0.0546515 -0.0122136 -0.0785904 -0.065897 2.52063 105.648 
0.491462 1.04504 77584 1 -0.738021 0.679808 109 1 952 -0.0546459 -0.0122021 -0.076779 -0.104088 2.49552 105.697 
0.497294 1.03318 77625 1 -0.738021 0.679808 110 1 953 -0.0554191 -0.00926497 -0.0785387 -0.0835596 2.50023 105.682 
-0.0408483 0.765967 77705 1 -0.738021 0.679808 111 1 955 -0.056327 -0.00859399 -0.0773411 -0.0851312 2.48719 105.474 
-0.0839311 0.590726 77745 1 -0.738021 0.679808 112 1 956 -0.0556826 -0.00838933 -0.0788728 -0.0716981 2.50484 105.46 
-0.104149 0.513632 77825 1 -0.738021 0.679808 113 1 958 -0.0544347 -0.013683 -0.07618 -0.0895971 2.48565 105.513 
-0.115088 0.453444 77905 1 -0.738021 0.679808 114 1 960 -0.052579 -0.0134617 -0.0805729 -0.0459927 2.54156 105.41 
-0.125317 0.462704 77945 1 -0.738021 0.679808 115 1 961 -0.0516896 -0.0161572 -0.0784516 -0.0545763 2.51598 105.452 
-0.119301 0.466871 78025 1 -0.738021 0.679808 116 1 963 -0.0521757 -0.01739 -0.0752283 -0.0462032 2.4809 105.666 
-0.0854451 0.454635 78106 1 -0.738021 0.679808 117 1 965 -0.0539365 -0.0112378 -0.0784774 0.0264437 2.48217 105.896 
-0.0903514 0.495194 78185 1 -0.738021 0.679808 118 1 967 -0.0536548 -0.0125847 -0.0708866 0.0114782 2.40304 106.109 
-0.0898895 0.507829 78226 1 -0.738021 0.679808 119 1 968 -0.053599 -0.0129201 -0.067936 0.0069646 2.37066 106.167 
-0.0960839 0.541425 78306 1 -0.738021 0.679808 120 1 970 -0.0537204 -0.0130743 -0.06462 0.00229928 2.34346 106.161 
-0.106992 0.533839 78386 1 -0.738021 0.679808 121 1 972 -0.0549085 -0.0126642 -0.0630778 -0.0045668 2.33865 106.192 
-0.133984 0.522017 78507 1 -0.738021 0.679808 122 1 975 -0.05647 -0.011837 -0.0631163 -0.0141772 2.34401 106.247 
-0.117639 0.519153 78546 1 -0.738021 0.679808 123 1 976 -0.056283 -0.0113181 -0.0633892 -0.00610537 2.34232 106.246 
-0.105477 0.491486 78626 1 -0.738021 0.679808 124 1 978 -0.0556354 -0.0110976 -0.0646987 0.00424967 2.34877 106.233 
-0.115124 0.492463 78707 1 -0.738021 0.679808 125 1 980 -0.0550816 -0.0110219 -0.0648485 0.000492913 2.35069 106.241 
-0.130507 0.515904 78787 1 -0.738021 0.679808 126 1 982 -0.0548139 -0.00987628 -0.0633525 -0.00265208 2.33984 106.338 
-0.129438 0.516842 78867 1 -0.738021 0.679808 127 1 984 -0.0546782 -0.00933611 -0.0637602 -0.0130876 2.35101 106.376 
-0.139888 0.519465 78907 1 -0.738021 0.679808 128 1 985 -0.0545731 -0.010939 -0.0637599 -0.0395364 2.34777 106.328 
-0.114256 0.500424 78987 1 -0.738021 0.679808 129 1 987 -0.0561297 -0.010689 -0.0637575 -0.0625298 2.3434 106.317 
-0.094098 0.47231 79067 1 -0.738021 0.679808 130 1 989 -0.0564724 -0.0109793 -0.0664701 -0.06948 2.35609 106.204 
-0.0868792 0.48296 79108 1 -0.738021 0.679808 131 1 990 -0.055857 -0.00983446 -0.0659987 -0.0593152 2.35412 106.214 
-0.0868792 0.48296 79108 1 -0.738021 0.679808 132 1 990 -0.055857 -0.00983446 -0.0659987 -0.0593152 2.35412 106.214 
-0.0972375 0.514401 79268 1 -0.738021 0.679808 133 1 994 -0.0553868 -0.0108189 -0.0625529 -0.0626312 2.33239 106.265 
-0.110288 0.468879 79348 1 -0.738021 0.679808 134 1 996 -0.0549965 -0.0118119 -0.0655958 -0.0739333 2.3565 106.26 
-0.0997906 0.469523 79388 1 -0.738021 0.679808 135 1 997 -0.0550783 -0.0100921 -0.0658272 -0.0568897 2.35473 106.255 
-0.113845 0.462327 79468 1 -0.738021 0.679808 136 1 999 -0.0558434 -0.0122644 -0.0670665 -0.079937 2.36583 106.237 
-0.0989581 0.463546 79549 1 -0.738021 0.679808 137 1 1001 -0.055689 -0.010634 -0.0662874 -0.0585398 2.35781 106.21 
-0.10688 0.479883 79589 1 -0.738021 0.679808 138 1 1002 -0.05558 -0.0119512 -0.0654315 -0.0759794 2.35504 106.245 
0.404565 0.594172 79668 1 -0.738021 0.679808 139 1 1004 -0.0556493 -0.0134157 -0.0633933 -0.104854 2.34338 106.224 
0.959421 0.719859 79748 1 -0.738021 0.679808 140 1 1006 -0.0558135 -0.0165412 -0.0641071 -0.158215 2.36253 106.22 
0.965384 0.66694 79829 1 -0.738021 0.679808 141 1 1008 -0.0567125 -0.0162727 -0.0601383 -0.162408 2.31924 106.292 
1.00273 0.653284 79909 1 -0.738021 0.679808 142 1 1010 -0.0579699 -0.0146257 -0.0604509 -0.152753 2.33092 106.313 
0.992751 0.63459 79949 1 -0.738021 0.679808 143 1 1011 -0.0574101 -0.0166882 -0.0613167 -0.18236 2.33906 106.306 
1.0128 0.635438 80029 1 -0.738021 0.679808 144 1 1013 -0.0576284 -0.0143131 -0.0603179 -0.159654 2.32146 106.262 
1.00708 0.591323 80109 1 -0.738021 0.679808 145 1 1015 -0.0578665 -0.0165614 -0.0616669 -0.184678 2.34872 106.278 
1.02116 0.602276 80149 1 -0.738021 0.679808 146 1 1016 -0.0574998 -0.0145155 -0.0616429 -0.163375 2.34775 106.257 
1.02218 0.603599 80270 1 -0.738021 0.679808 147 1 1019 -0.0571426 -0.0137273 -0.0588562 -0.164045 2.319 106.303 
1.01463 0.596808 80310 1 -0.738021 0.679808 148 1 1020 -0.057364 -0.0155548 -0.0609424 -0.183041 2.3357 106.286 
1.02035 0.608338 80390 1 -0.738021 0.679808 149 1 1022 -0.0566742 -0.0153496 -0.0596627 -0.180894 2.32003 106.277 
1.02216 0.593597 80470 1 -0.738021 0.679808 150 1 1024 -0.0574388 -0.0163086 -0.0626142 -0.20219 2.34759 106.252 
1.04214 0.601851 80550 1 -0.738021 0.679808 151 1 1026 -0.0580081 -0.0141222 -0.0618014 -0.185092 2.32508 106.307 
1.05299 0.595032 80630 1 -0.738021 0.679808 152 1 1028 -0.0577618 -0.0147677 -0.0651386 -0.187823 2.34709 106.231 
1.04604 0.592576 80671 1 -0.738021 0.679808 153 1 1029 -0.0576795 -0.0164763 -0.0648329 -0.206165 2.34487 106.207 
1.05624 0.59095 80751 1 -0.738021 0.679808 154 1 1031 -0.0560804 -0.0139137 -0.0668393 -0.191114 2.35528 106.017 
1.06928 0.58306 80831 1 -0.738021 0.679808 155 1 1033 -0.05685 -0.0129093 -0.0668993 -0.19058 2.36119 106.105 
1.06602 0.545253 80911 1 -0.738021 0.679808 156 1 1035 -0.0560762 -0.0146197 -0.0699044 -0.214005 2.37617 106.025 
1.04988 0.531853 80991 1 -0.738021 0.679808 157 1 1037 -0.0556324 -0.0157119 -0.0710781 -0.238375 2.37203 105.968 
1.03412 0.517473 81071 1 -0.738021 0.679808 158 1 1039 -0.0569292 -0.0170917 -0.0736409 -0.259986 2.39605 105.937 
1.03196 0.504888 81151 1 -0.738021 0.679808 159 1 1041 -0.0568266 -0.0180168 -0.0728461 -0.269191 2.39759 105.956 
1.04508 0.503712 81191 1 -0.738021 0.679808 160 1 1042 -0.0568854 -0.0163361 -0.0726561 -0.248127 2.39666 105.964 
1.05902 0.508851 81271 1 -0.738021 0.679808 161 1 1044 -0.0565871 -0.016013 -0.0723277 -0.229355 2.39407 105.881 
1.07723 0.530111 81352 1 -0.738021 0.679808 162 1 1046 -0.0553242 -0.016026 -0.0708405 -0.212465 2.37494 105.972 
1.05073 0.517809 81432 1 -0.738021 0.679808 163 1 1048 -0.0546788 -0.0190846 -0.0719694 -0.239963 2.40236 105.96 
1.0622 0.515632 81512 1 -0.738021 0.679808 164 1 1050 -0.0552149 -0.0168296 -0.0716332 -0.200898 2.40953 106.042 
1.04868 0.51343 81592 1 -0.738021 0.679808 165 1 1052 -0.0566993 -0.0164218 -0.0698102 -0.165885 2.39769 106.143 
1.03222 0.51043 81672 1 -0.738021 0.679808 166 1 1054 -0.0589703 -0.0156631 -0.0693522 -0.151801 2.39598 106.2 
1.01462 0.493272 81753 1 -0.738021 0.679808 167 1 1056 -0.0589823 -0.0160902 -0.0716521 -0.16017 2.41938 106.115 
0.998657 0.485982 81793 1 -0.738021 0.679808 168 1 1057 -0.0589791 -0.0156969 -0.0721937 -0.143742 2.42841 106.16 
0.502674 0.562229 81873 1 -0.738021 0.679808 169 1 1059 -0.0588185 -0.0116747 -0.0655014 -0.0878011 2.3622 106.288 
0.478103 0.555985 81952 1 -0.738021 0.679808 170 1 1061 -0.0586076 -0.0107365 -0.0652206 -0.0898818 2.3639 106.196 
0.487869 0.540051 82033 1 -0.738021 0.679808 171 1 1063 -0.0580998 -0.00830733 -0.0645429 -0.0900662 2.37215 106.306 
0.468039 0.538262 82113 1 -0.738021 0.679808 172 1 1065 -0.0589958 -0.00880794 -0.0647541 -0.118482 2.37437 106.156 
0.45779 0.530557 82194 1 -0.738021 0.679808 173 1 1067 -0.0592024 -0.00740521 -0.06554 -0.117229 2.3799 106.227 
0.463269 0.523153 82234 1 -0.738021 0.679808 174 1 1068 -0.0593061 -0.00694729 -0.0645343 -0.104636 2.36853 106.269 
0.463269 0.523153 82234 1 -0.738021 0.679808 175 1 1068 -0.0593061 -0.00694729 -0.0645343 -0.104636 2.36853 106.269 
0.477218 0.512306 82393 1 -0.738021 0.679808 176 1 1072 -0.0581472 -0.00668933 -0.0645235 -0.0793799 2.35947 106.265 
0.481084 0.512653 82434 1 -0.738021 0.679808 177 1 1073 -0.0580777 -0.00737554 -0.0675558 -0.0751863 2.37989 106.171 
0.471963 0.507144 82514 1 -0.738021 0.679808 178 1 1075 -0.0565322 -0.00864106 -0.0670694 -0.0818998 2.38862 106.268 
0.46652 0.480275 82594 1 -0.738021 0.679808 179 1 1077 -0.0571362 -0.00787443 -0.0671475 -0.0780408 2.37808 106.219 
0.469681 0.486152 82674 1 -0.738021 0.679808 180 1 1079 -0.057124 -0.00826751 -0.0663139 -0.0830718 2.37181 106.277 
0.450813 0.441838 82754 1 -0.738021 0.679808 181 1 1081 -0.0569246 -0.0107919 -0.0695292 -0.115646 2.39894 106.198 
0.454226 0.480517 82835 1 -0.738021 0.679808 182 1 1083 -0.0581135 -0.0109474 -0.0676515 -0.116537 2.38914 106.319 
0.454482 0.473682 82915 1 -0.738021 0.679808 183 1 1085 -0.0569877 -0.0125794 -0.06729 -0.124658 2.3869 106.301 
0.453015 0.445645 82995 1 -0.738021 0.679808 184 1 1087 -0.0573495 -0.0117018 -0.0690744 -0.110393 2.4157 106.216 
0.454605 0.426014 83034 1 -0.738021 0.679808 185 1 1088 -0.0581124 -0.0124724 -0.0681252 -0.110737 2.40197 106.24 
0.460403 0.426381 83115 1 -0.738021 0.679808 186 1 1090 -0.0579174 -0.0131464 -0.0697608 -0.100625 2.41456 106.205 
0.461386 0.400048 83195 1 -0.738021 0.679808 187 1 1092 -0.0571904 -0.014868 -0.0712526 -0.0973932 2.43052 106.209 
0.474256 0.423082 83275 1 -0.738021 0.679808 188 1 1094 -0.0578991 -0.0125529 -0.0696482 -0.0669266 2.41554 106.272 
0.489171 0.651726 83356 1 -0.738021 0.679808 189 1 1096 -0.0574559 -0.0109817 -0.0694006 -0.0385931 2.41578 106.391 
0.592649 1.52769 83395 1 -0.738021 0.679808 190 0 1097 -0.057988 -0.00674081 -0.0645679 0.0136628 2.36745 106.606 
0.535433 1.30311 83475 1 -0.738021 0.679808 191 0 1099 -0.0561435 -0.00738755 -0.0621016 0.0159463 2.34447 106.679 
0.540821 0.86775 83556 1 -0.738021 0.679808 192 1 1101 -0.0534202 -0.00828029 -0.0799496 0.0186115 2.50412 106.433 
0.54054 0.707463 83636 1 -0.738021 0.679808 193 1 1103 -0.0525409 -0.0078754 -0.0825544 0.0183847 2.52895 106.263 
0.523982 0.690263 83676 1 -0.738021 0.679808 194 1 1104 -0.0541904 -0.0111858 -0.0804078 -0.00706071 2.51246 106.348 
0.535808 0.637413 83758 1 -0.738021 0.679808 195 1 1106 -0.0531327 -0.0112528 -0.0808831 0.0160334 2.5235 106.295 
0.497886 0.612349 83836 1 -0.738021 0.679808 196 1 1108 -0.0530642 -0.0128074 -0.0803023 -0.0100591 2.51644 106.315 
0.491011 0.508794 83917 1 -0.738021 0.679808 197 1 1110 -0.0539517 -0.0120404 -0.0826686 0.00262309 2.53225 106.212 
0.477686 0.426311 83957 1 -0.738021 0.679808 198 1 1111 -0.0531994 -0.0145878 -0.0820836 -0.0162808 2.53652 106.152 
0.460638 0.352315 84037 1 -0.738021 0.679808 199 1 1113 -0.0517468 -0.0161163 -0.0820236 -0.0281056 2.52951 106.157 
0.45182 0.338678 84118 1 -0.738021 0.679808 200 1 1115 -0.0529531 -0.0169322 -0.0821213 -0.0401543 2.52925 106.108 
0.45894 0.321892 84157 1 -0.738021 0.679808 201 1 1116 -0.0522247 -0.0158462 -0.0830778 -0.0236501 2.54181 106.068 
0.45687 0.285369 84237 1 -0.738021 0.679808 202 1 1118 -0.0508354 -0.0166009 -0.0850091 -0.0360604 2.55868 105.993 
0.448105 0.285329 84318 1 -0.738021 0.679808 203 1 1120 -0.0524524 -0.015572 -0.0841304 -0.0378254 2.55324 105.987 
0.448471 0.291298 84398 1 -0.738021 0.679808 204 1 1122 -0.0526001 -0.0168239 -0.0826149 -0.0465393 2.53435 105.986 
0.460001 0.281567 84438 1 -0.738021 0.679808 205 1 1123 -0.051414 -0.015618 -0.0848215 -0.0301724 2.56129 105.976 
0.458529 0.229671 84517 1 -0.738021 0.679808 206 1 1125 -0.0507629 -0.0171698 -0.0856916 -0.0535019 2.56505 105.891 
0.444673 0.232616 84597 1 -0.738021 0.679808 207 1 1127 -0.0525918 -0.0174095 -0.084746 -0.0636382 2.55274 105.851 
0.481646 0.245338 84638 1 -0.738021 0.679808 208 1 1128 -0.0534055 -0.0166927 -0.0838862 -0.0508592 2.54916 105.791 
0.646575 0.297946 84718 1 -0.738021 0.679808 209 1 1130 -0.0523798 -0.0169802 -0.0797827 -0.0406014 2.52747 105.714 
0.644265 0.324881 84798 1 -0.738021 0.679808 210 1 1132 -0.0522529 -0.0163019 -0.0740399 -0.0538391 2.50869 105.802 
0.624097 0.300268 84839 1 -0.738021 0.679808 211 1 1133 -0.0528509 -0.0160778 -0.076143 -0.0672842 2.53444 105.735 
0.520755 0.401634 84918 1 -0.738021 0.679808 212 1 1135 -0.0536104 -0.0134333 -0.074873 -0.0475822 2.5206 105.72 
0.501062 0.522057 84998 1 -0.738021 0.679808 213 1 1137 -0.0545926 -0.0104166 -0.0676279 -0.0186984 2.42121 105.623 
0.50724 0.818961 85079 1 -0.738021 0.679808 214 1 1139 -0.0574702 -0.00400938 -0.0570751 0.0381793 2.24385 104.879 
0.537419 1.15842 85159 1 -0.738021 0.679808 215 1 1141 -0.0621395 0.00453984 -0.04413 0.133371 2.0538 104.402 
0.553106 1.30555 85240 1 -0.738021 0.679808 216 0 1143 -0.0650646 0.00795723 -0.0402784 0.173518 2.00233 103.925 
0.611284 1.74431 85319 1 -0.738021 0.679808 217 0 1145 -0.0656215 0.0141932 -0.0357102 0.258792 1.99043 104.328 
0.633289 1.73141 85359 1 -0.738021 0.679808 218 0 1146 -0.064048 0.0160625 -0.0353404 0.291398 2.00238 104.343 
0.633289 1.73141 85359 1 -0.738021 0.679808 219 0 1146 -0.064048 0.0160625 -0.0353404 0.291398 2.00238 104.343 
0.623201 1.67802 85399 1 -0.738021 0.679808 220 0 1147 -0.0627228 0.0152545 -0.0387713 0.290014 2.0526 104.364 
0.603489 1.67225 85560 1 -0.738021 0.679808 221 0 1151 -0.0604234 0.0100861 -0.0463199 0.24187 2.17408 104.858 
0.584509 1.60282 85639 1 -0.738021 0.679808 222 0 1153 -0.0594735 0.00891576 -0.0457848 0.231345 2.19298 105.205 
0.594508 1.55443 85679 1 -0.738021 0.679808 223 0 1154 -0.0581712 0.00852924 -0.0489578 0.228612 2.23821 105.23 
0.594508 1.55443 85679 1 -0.738021 0.679808 224 0 1154 -0.0581712 0.00852924 -0.0489578 0.228612 2.23821 105.23 
0.61529 1.50607 85881 1 -0.738021 0.679808 225 0 1159 -0.0586444 0.00935873 -0.0441103 0.229361 2.2844 105.475 
0.609659 1.50169 85921 1 -0.738021 0.679808 226 0 1160 -0.0580509 0.00868518 -0.0436812 0.214351 2.28424 105.511 
0.611209 1.50483 86001 1 -0.738021 0.679808 227 0 1162 -0.0574598 0.0081088 -0.0441685 0.20604 2.28673 105.578 
0.611209 1.50483 86001 1 -0.738021 0.679808 228 0 1162 -0.0574598 0.0081088 -0.0441685 0.20604 2.28673 105.578 
0.611209 1.50483 86001 1 -0.738021 0.679808 229 0 1162 -0.0574598 0.0081088 -0.0441685 0.20604 2.28673 105.578 
0.5738 1.29501 86201 1 -0.738021 0.679808 230 0 1167 -0.0591013 0.0060773 -0.0398022 0.162395 2.30516 105.736 
0.572494 1.23345 86281 1 -0.738021 0.679808 231 0 1169 -0.0603829 0.0039018 -0.0432785 0.126528 2.35032 105.706 
0.577757 1.21959 86321 1 -0.738021 0.679808 232 0 1170 -0.0599616 0.0041854 -0.0442714 0.133428 2.36368 105.683 
0.577757 1.21959 86321 1 -0.738021 0.679808 233 0 1170 -0.0599616 0.0041854 -0.0442714 0.133428 2.36368 105.683 
0.585333 1.21028 86362 1 -0.738021 0.679808 234 0 1171 -0.0601084 0.00685644 -0.0446099 0.167361 2.36931 105.666 
0.540085 1.00849 86521 1 -0.738021 0.679808 235 1 1175 -0.0595877 0.00282554 -0.0466596 0.100755 2.40912 105.716 
0.516676 0.988663 86602 1 -0.738021 0.679808 236 1 1177 -0.0608959 0.00042097 -0.0470805 0.0524075 2.40833 105.691 
0.524836 0.988321 86642 1 -0.738021 0.679808 237 1 1178 -0.0609487 0.00259627 -0.0480072 0.0799667 2.41219 105.723 
0.524836 0.988321 86642 1 -0.738021 0.679808 238 1 1178 -0.0609487 0.00259627 -0.0480072 0.0799667 2.41219 105.723 
0.528877 0.924529 86801 1 -0.738021 0.679808 239 1 1182 -0.0583897 -0.000661129 -0.0508705 0.0539961 2.43359 105.633 
0.524763 1.10498 86882 1 -0.738021 0.679808 240 1 1184 -0.0600189 0.000595773 -0.0491837 0.0455923 2.41052 105.703 
7.06108 -1.13991 86962 1 -0.738021 0.679808 241 0 1186 -0.051234 0.00243957 -0.0484471 0.0828793 2.3949 105.469 
1.10385 0.971186 87002 1 -0.738021 0.679808 242 0 1187 -0.0508347 0.00131441 -0.0495379 0.0822914 2.40643 105.452 
0.520913 0.820058 87122 1 -0.738021 0.679808 243 1 1190 -0.057272 -0.000221091 -0.053589 0.0583124 2.46843 105.631 
0.48797 0.724183 87162 1 -0.738021 0.679808 244 1 1191 -0.0576414 -0.00220528 -0.0533346 0.0266873 2.4632 105.6 
0.236187 0.58808 87243 1 -0.738021 0.679808 245 1 1193 -0.058859 -0.00105355 -0.0531803 0.0332208 2.45832 105.55 
0.243481 0.502282 87323 1 -0.738021 0.679808 246 1 1195 -0.0578838 -0.00315964 -0.0549047 0.0163097 2.47519 105.512 
0.24879 0.468797 87363 1 -0.738021 0.679808 247 1 1196 -0.0578879 -0.00297811 -0.055327 0.0195579 2.48301 105.517 
0.237807 0.446155 87444 1 -0.738021 0.679808 248 1 1198 -0.0582677 -0.00122441 -0.0547289 0.0210146 2.47795 105.515 
0.219001 0.428303 87523 1 -0.738021 0.679808 249 1 1200 -0.0606188 0.00101419 -0.0543868 0.0238411 2.4799 105.518 
0.220059 0.411921 87603 1 -0.738021 0.679808 250 1 1202 -0.0613558 0.00232325 -0.0548871 0.0397523 2.48766 105.557 
0.225654 0.391256 87644 1 -0.738021 0.679808 251 1 1203 -0.0609007 -0.00108218 -0.0548755 0.023873 2.48657 105.543 
0.227264 0.389089 87724 1 -0.738021 0.679808 252 1 1205 -0.0593759 -0.00400569 -0.0551409 0.0307895 2.47718 105.471 
0.20871 0.420616 87805 1 -0.738021 0.679808 253 1 1207 -0.058553 -0.000269442 -0.0540743 0.100445 2.43989 105.474 
0.206318 0.458845 87844 1 -0.738021 0.679808 254 1 1208 -0.0578223 0.00321381 -0.0515373 0.165335 2.40901 105.485 
0.216888 0.442333 87925 1 -0.738021 0.679808 255 1 1210 -0.0569076 0.000375498 -0.0528712 0.251239 2.43573 105.556 
0.222891 0.437423 88005 1 -0.738021 0.679808 256 1 1212 -0.0539195 -0.000560006 -0.0514928 0.412641 2.45503 105.643 
0.21774 0.524448 88085 1 -0.738021 0.679808 257 1 1214 -0.0497251 -0.00257929 -0.0480807 0.557148 2.43506 105.819 
0.235912 0.523656 88125 1 -0.738021 0.679808 258 1 1215 -0.0487872 -0.00215359 -0.0488297 0.619542 2.43446 105.834 
0.258817 0.468038 88205 1 -0.738021 0.679808 259 1 1217 -0.0471472 -0.00285767 -0.0485977 0.679845 2.42765 106.007 
0.219503 0.497162 88284 1 -0.738021 0.679808 260 1 1219 -0.0472332 -0.00109515 -0.0500098 0.708397 2.43093 105.979 
0.209331 0.492374 88324 1 -0.738021 0.679808 261 1 1220 -0.0466942 -0.00120503 -0.0498514 0.690513 2.43596 105.977 
0.204842 0.501601 88405 1 -0.738021 0.679808 262 1 1222 -0.0474969 -0.00328231 -0.0492124 0.63218 2.44279 106.12 
0.203284 0.510885 88485 1 -0.738021 0.679808 263 1 1224 -0.0487446 -0.00184145 -0.051335 0.581154 2.45215 106.068 
0.175654 0.513972 88566 1 -0.738021 0.679808 264 1 1226 -0.0503922 -0.00147155 -0.0519771 0.518089 2.46267 106.022 
0.151172 0.528305 88645 1 -0.738021 0.679808 265 1 1228 -0.0509597 -0.00500421 -0.0524454 0.449342 2.47546 106.014 
0.148538 0.530221 88685 1 -0.738021 0.679808 266 1 1229 -0.0509874 -0.00564039 -0.0536833 0.430315 2.48572 105.997 
0.148482 0.535295 88766 1 -0.738021 0.679808 267 1 1231 -0.0521427 -0.00314383 -0.0527476 0.425756 2.48473 106.008 
0.145428 0.542291 88846 1 -0.738021 0.679808 268 1 1233 -0.0520408 -0.00300448 -0.0511486 0.415112 2.47579 106.152 
0.154458 0.555604 88886 1 -0.738021 0.679808 269 1 1234 -0.0517678 -0.00302273 -0.0524846 0.405385 2.47436 106.106 
0.136458 0.539453 88969 1 -0.738021 0.679808 270 1 1236 -0.0540425 -0.00209384 -0.056192 0.378607 2.48555 106.005 
0.137354 0.548179 89048 1 -0.738021 0.679808 271 1 1238 -0.0549481 -0.00153085 -0.0559897 0.382169 2.48567 105.957 
0.173653 0.570312 89126 1 -0.738021 0.679808 272 1 1240 -0.053304 -0.00104011 -0.0526998 0.418348 2.47752 106.047 
0.277836 0.597597 89207 1 -0.738021 0.679808 273 1 1242 -0.0502923 -0.00409007 -0.0492197 0.401936 2.4628 106.157 
0.288691 0.572321 89287 1 -0.738021 0.679808 274 1 1244 -0.0497982 -0.00297149 -0.0505367 0.38351 2.46784 106.264 
0.118441 0.316136 89366 1 -0.738021 0.679808 275 1 1246 -0.0528125 -0.00467828 -0.0574197 0.2811 2.49769 106.038 
0.114384 0.289248 89409 1 -0.738021 0.679808 276 1 1247 -0.0557432 -0.00270268 -0.0583896 0.271134 2.4927 105.894 
0.137748 0.27477 89487 1 -0.738021 0.679808 277 1 1249 -0.0577924 -0.000360578 -0.0560875 0.281565 2.4608 105.815 
0.135766 0.245066 89527 1 -0.738021 0.679808 278 1 1250 -0.0578505 -0.00187953 -0.0579495 0.285738 2.49148 105.785 
0.0841979 0.216263 89607 1 -0.738021 0.679808 279 1 1252 -0.0557076 -0.00799745 -0.0583966 0.277119 2.53003 105.799 
0.086607 0.222932 89688 1 -0.738021 0.679808 280 1 1254 -0.0535779 -0.00877564 -0.0547817 0.297923 2.50925 105.897 
0.084058 0.209004 89728 1 -0.738021 0.679808 281 1 1255 -0.0532147 -0.0082249 -0.0555436 0.304213 2.5086 105.949 
0.084058 0.209004 89728 1 -0.738021 0.679808 282 1 1255 -0.0532147 -0.0082249 -0.0555436 0.304213 2.5086 105.949 
0.0225926 0.193589 89928 1 -0.738021 0.679808 283 1 1260 -0.0575412 -0.00423878 -0.057336 0.26778 2.4641 105.829 
0.0341252 0.163929 89968 1 -0.738021 0.679808 284 1 1261 -0.0573413 -0.00512055 -0.0585834 0.271754 2.48241 105.8 
0.0454216 0.156306 90048 1 -0.738021 0.679808 285 1 1263 -0.054887 -0.0101866 -0.058897 0.250118 2.50459 105.794 
0.0617322 0.137349 90128 1 -0.738021 0.679808 286 1 1265 -0.0539827 -0.0115215 -0.0596022 0.251738 2.51056 105.81 
0.031563 0.134813 90208 1 -0.738021 0.679808 287 1 1267 -0.0547625 -0.0115365 -0.0594348 0.230221 2.49851 105.803 
0.0277843 0.146909 90248 1 -0.738021 0.679808 288 1 1268 -0.0545829 -0.0102871 -0.0585652 0.233044 2.48383 105.883 
0.0200605 0.162293 90329 1 -0.738021 0.679808 289 1 1270 -0.0553471 -0.00962107 -0.057502 0.230714 2.46957 105.85 
0.0496649 0.295378 90409 1 -0.738021 0.679808 290 1 1272 -0.0546067 -0.00884703 -0.0574467 0.254992 2.48732 105.905 
0.0459453 0.325369 90488 1 -0.738021 0.679808 291 1 1274 -0.0553746 -0.0107929 -0.0594942 0.237122 2.52136 105.882 
0.0517201 0.318629 90529 1 -0.738021 0.679808 292 1 1275 -0.054715 -0.0100514 -0.0604971 0.241677 2.52976 105.868 
0.0485659 0.319825 90609 1 -0.738021 0.679808 293 1 1277 -0.0548784 -0.00894126 -0.0601003 0.246886 2.5135 105.856 
0.159612 0.368255 90690 1 -0.738021 0.679808 294 1 1279 -0.0551145 -0.00777977 -0.0593387 0.252093 2.50096 105.872 
0.220537 0.353546 90772 1 -0.738021 0.679808 295 1 1281 -0.0549899 -0.00850531 -0.0590607 0.243041 2.49817 105.888 
0.214617 0.374584 90850 1 -0.738021 0.679808 296 1 1283 -0.055162 -0.00634197 -0.0575675 0.244426 2.47139 105.931 
0.266042 0.450064 90929 1 -0.738021 0.679808 297 1 1285 -0.0564745 -0.00413179 -0.0572071 0.266467 2.45453 105.955 
0.260235 0.430626 90970 1 -0.738021 0.679808 298 1 1286 -0.0560341 -0.0038862 -0.0587211 0.258595 2.47016 105.915 
0.284496 0.452184 91050 1 -0.738021 0.679808 299 1 1288 -0.0562494 -0.00173639 -0.056734 0.285385 2.44818 105.968 
0.291483 0.453176 91130 1 -0.738021 0.679808 300 1 1290 -0.055942 -0.00280156 -0.0564099 0.279467 2.45048 105.959 
0.474902 0.423203 91211 1 -0.738021 0.679808 301 1 1292 -0.0553959 -0.00528022 -0.0562033 0.250386 2.44575 105.931 
0.477924 0.395407 91290 1 -0.738021 0.679808 302 1 1294 -0.0563643 -0.00394624 -0.0575448 0.254422 2.46511 105.9 
0.476616 0.396092 91330 1 -0.738021 0.679808 303 1 1295 -0.0566068 -0.00469261 -0.0580368 0.249906 2.47251 105.908 
0.479755 0.381171 91411 1 -0.738021 0.679808 304 1 1297 -0.056194 -0.00657174 -0.0570042 0.242368 2.45773 105.938 
0.470219 0.403476 91491 1 -0.738021 0.679808 305 1 1299 -0.0563436 -0.00750236 -0.0545203 0.233322 2.4334 105.803 
0.451709 0.359004 91571 1 -0.738021 0.679808 306 1 1301 -0.0559762 -0.0109647 -0.0552712 0.196837 2.45288 105.136 
0.437934 0.383745 91651 1 -0.738021 0.679808 307 1 1303 -0.0540801 -0.0147198 -0.055567 0.151315 2.45225 104.761 
0.705214 0.464262 91731 1 -0.738021 0.679808 308 1 1305 -0.0549232 -0.0144888 -0.0577893 0.155592 2.47809 104.752 
0.716025 0.468868 91771 1 -0.738021 0.679808 309 1 1306 -0.0554269 -0.0151024 -0.0568932 0.151865 2.48326 104.898 
0.825568 0.832028 91852 1 -0.738021 0.679808 310 1 1308 -0.0576328 -0.00357147 -0.0492955 0.288716 2.43018 105.73 
0.365373 -0.257276 91932 1 -0.738021 0.679808 311 0 1310 -0.0548916 -0.00592457 -0.0582133 0.292924 2.55584 105.221 
0.910427 0.935369 92011 1 -0.738021 0.679808 312 0 1312 -0.0513061 -0.00465145 -0.0511204 0.343861 2.50396 105.766 
0.566988 1.57961 92051 1 -0.738021 0.679808 313 0 1313 -0.0529451 -0.00205746 -0.0452316 0.377801 2.4376 106.221 
0.528988 1.07619 92132 1 -0.738021 0.679808 314 1 1315 -0.0546613 -0.00452266 -0.0472266 0.323443 2.4431 106.301 
0.491741 0.85764 92213 1 -0.738021 0.679808 315 1 1317 -0.056704 -0.00734303 -0.0535225 0.265362 2.48548 106.236 
0.48657 0.821698 92252 1 -0.738021 0.679808 316 1 1318 -0.0568573 -0.00892488 -0.0545311 0.248507 2.49623 106.221 
0.48974 0.808725 92333 1 -0.738021 0.679808 317 1 1320 -0.056633 -0.00828652 -0.0548876 0.24815 2.52203 106.322 
0.529806 0.884007 92412 1 -0.738021 0.679808 318 1 1322 -0.0564621 -0.00485803 -0.051908 0.232142 2.48665 106.306 
0.514623 0.86084 92493 1 -0.738021 0.679808 319 1 1324 -0.0598365 -0.00672052 -0.0539766 0.139217 2.51709 106.394 
0.52359 0.822252 92573 1 -0.738021 0.679808 320 1 1326 -0.0618211 -0.0076101 -0.0549928 0.117909 2.53555 106.271 
0.543203 0.946427 92653 1 -0.738021 0.679808 321 1 1328 -0.0611021 -0.00754038 -0.0541267 0.145241 2.53979 106.249 
0.561622 1.14798 92733 1 -0.738021 0.679808 322 1 1330 -0.0601126 -0.00592796 -0.052933 0.166892 2.51343 106.414 
0.557776 1.10724 92773 1 -0.738021 0.679808 323 1 1331 -0.0604304 -0.00698667 -0.0552784 0.149147 2.53874 106.301 
0.549993 1.06818 92853 1 -0.738021 0.679808 324 1 1333 -0.0596204 -0.00723811 -0.0551277 0.131015 2.54073 106.428 
0.549993 1.06818 92853 1 -0.738021 0.679808 325 1 1333 -0.0596204 -0.00723811 -0.0551277 0.131015 2.54073 106.428 
0.557392 1.07435 93014 1 -0.738021 0.679808 326 1 1337 -0.0593524 -0.00116049 -0.0564757 0.154258 2.5035 106.535 
0.560313 1.12017 93054 1 -0.738021 0.679808 327 1 1338 -0.0604735 0.00203655 -0.0580829 0.186028 2.4854 106.499 
0.558201 1.12799 93134 1 -0.738021 0.679808 328 1 1340 -0.0612006 0.000959355 -0.0620558 0.229104 2.48662 106.376 
0.583135 1.14383 93214 1 -0.738021 0.679808 329 1 1342 -0.0601505 -0.00250092 -0.0552877 0.307695 2.45042 106.47 
0.572123 1.17427 93254 1 -0.735938 0.679808 330 1 1343 -0.0587629 -0.00371248 -0.0521838 0.329838 2.44254 106.504 
0.576469 1.22051 93334 1 -0.731771 0.678846 331 0 1345 -0.0584598 -0.00446259 -0.0509306 0.325219 2.4296 106.564 
0.581271 1.21207 93415 1 -0.731771 0.678846 332 0 1347 -0.0654578 0.00103209 -0.0554831 0.269985 2.42834 106.256 
0.55461 1.19734 93494 1 -0.731771 0.678846 333 1 1349 -0.0725258 0.00674393 -0.0532732 0.18337 2.41346 105.886 
0.602213 1.56679 93575 1 -0.731771 0.678846 334 0 1351 -0.0715857 0.00817574 -0.0527235 0.180919 2.52516 105.805 
0.671194 -0.418891 93655 1 -0.731771 0.678846 335 0 1353 -0.0541636 0.00715176 -0.0456137 0.256674 2.56448 106.32 
1.2856 1.37182 93739 1 -0.731771 0.678846 336 0 1355 -0.0497736 -0.00299588 -0.0485424 0.103852 2.57756 106.069 
0.548061 1.15269 93818 1 -0.731771 0.678846 337 1 1357 -0.0590887 -0.00407455 -0.0621125 -0.104416 2.56749 106.067 
0.453284 0.661091 93895 1 -0.731771 0.678846 338 1 1359 -0.0719179 0.00180737 -0.0747338 -0.255223 2.52794 105.558 
0.405702 0.419395 93976 1 -0.731771 0.678846 339 1 1361 -0.0799186 0.00465992 -0.0667278 -0.28483 2.3982 105.509 
0.406054 0.349203 94015 1 -0.731771 0.678846 340 1 1362 -0.079291 0.00239998 -0.0694894 -0.25923 2.45618 105.42 
0.430534 0.367092 94096 1 -0.731771 0.678846 341 1 1364 -0.0747233 0.00150141 -0.0554402 -0.100589 2.43788 105.594 
0.419597 0.328311 94176 1 -0.731771 0.678846 342 1 1366 -0.0691936 -0.00223695 -0.0530666 -0.00188618 2.54101 105.686 
0.435247 0.305556 94216 1 -0.731771 0.678846 343 1 1367 -0.0674311 -0.00551245 -0.0513386 0.000476309 2.56618 105.707 
0.430181 0.24824 94296 1 -0.731771 0.678846 344 1 1369 -0.0669226 -0.00377663 -0.0554934 0.0496757 2.6396 105.752 
0.416873 0.248325 94376 1 -0.731771 0.678846 345 1 1371 -0.0684721 -0.00369026 -0.0545369 0.0468819 2.61403 105.766 
0.426929 0.264023 94416 1 -0.731771 0.678846 346 1 1372 -0.0692445 -0.00275101 -0.0519992 0.0580698 2.57458 105.857 
0.47644 0.308939 94497 1 -0.731771 0.678846 347 1 1374 -0.0700556 -0.00199585 -0.0497397 0.0773734 2.53345 105.88 
0.490815 0.294333 94577 1 -0.731771 0.678846 348 1 1376 -0.0694869 -0.000971631 -0.0502109 0.0982348 2.54308 105.922 
0.500235 0.303712 94616 1 -0.731771 0.678846 349 1 1377 -0.0685158 -0.00183851 -0.051344 0.101651 2.55362 105.845 
0.512218 0.307383 94697 1 -0.731771 0.678846 350 1 1379 -0.0689308 -0.00153768 -0.0486906 0.12839 2.53328 105.972 
0.498553 0.312122 94777 1 -0.731771 0.678846 351 1 1381 -0.0688974 -0.000535045 -0.0501058 0.124532 2.54464 106.012 
0.484621 0.292471 94817 1 -0.731771 0.678846 352 1 1382 -0.0701074 -0.0021681 -0.0515233 0.100328 2.55595 105.99 
0.492971 0.299051 94938 1 -0.731771 0.678846 353 1 1385 -0.0710536 -0.00326758 -0.0526994 0.0930017 2.55525 105.95 
0.507935 0.274763 94980 1 -0.731771 0.678846 354 1 1386 -0.0704694 -0.00323146 -0.0524016 0.0971932 2.54736 105.934 
0.512498 0.24149 95057 1 -0.731771 0.678846 355 1 1388 -0.0708874 -0.00235346 -0.0514684 0.119194 2.53642 105.956 
0.509827 0.234625 95097 1 -0.732292 0.675962 356 1 1389 -0.0706093 -0.00448056 -0.0515677 0.107445 2.54116 105.973 
0.49491 0.217583 95178 1 -0.732812 0.675962 357 1 1391 -0.0705609 -0.00516325 -0.053928 0.107308 2.55336 105.981 
0.487072 0.213825 95258 1 -0.732812 0.675962 358 1 1393 -0.0710116 -0.00538369 -0.0557988 0.109301 2.56236 105.967 
0.477223 0.19718 95339 1 -0.732812 0.675962 359 1 1395 -0.0705579 -0.0070351 -0.0579645 0.0899691 2.58014 105.908 
0.463828 0.175485 95418 1 -0.732812 0.675962 360 1 1397 -0.0708898 -0.00842198 -0.0591375 0.0706617 2.58918 105.935 
0.470746 0.198954 95458 1 -0.732812 0.675962 361 1 1398 -0.0710689 -0.00627699 -0.057935 0.0908923 2.57462 105.935 
0.471716 0.171031 95538 1 -0.732812 0.675962 362 1 1400 -0.070164 -0.0060932 -0.0604619 0.0892793 2.60126 105.903 
0.465195 0.197606 95619 1 -0.732812 0.675962 363 1 1402 -0.0698493 -0.00587407 -0.0571619 0.0843648 2.57659 105.895 
0.454243 0.211084 95699 1 -0.732812 0.675962 364 1 1404 -0.0680774 -0.00582985 -0.0553757 0.0648426 2.56501 105.892 
0.445874 0.187693 95779 1 -0.732812 0.675962 365 1 1406 -0.0671656 -0.00634394 -0.0567517 0.0302599 2.57802 105.877 
0.445893 0.181734 95819 1 -0.732812 0.675962 366 1 1407 -0.066961 -0.00797334 -0.0600054 -0.000115341 2.59619 105.768 
0.452688 0.209514 95899 1 -0.732812 0.675962 367 1 1409 -0.0686196 -0.00823806 -0.0637001 -0.0412895 2.62417 105.724 
0.45975 0.224658 95980 1 -0.732812 0.675962 368 1 1411 -0.0688839 -0.00581244 -0.063373 -0.0456978 2.61732 105.703 
0.45975 0.224658 95980 1 -0.734375 0.675 369 1 1411 -0.0688839 -0.00581244 -0.063373 -0.0456978 2.61732 105.703 
0.477897 0.241036 96139 1 -0.735417 0.671154 370 1 1415 -0.0693055 -0.00489119 -0.0623921 -0.0254634 2.59973 105.772 
0.471531 0.220912 96220 1 -0.735417 0.670192 371 1 1417 -0.068858 -0.00792451 -0.0644009 -0.0425373 2.62431 105.746 
0.468091 0.213839 96260 1 -0.735417 0.670192 372 1 1418 -0.0686037 -0.00842712 -0.0651262 -0.0427501 2.62578 105.733 
0.457863 0.220745 96340 1 -0.735417 0.670192 373 1 1420 -0.067798 -0.010976 -0.0667271 -0.0705863 2.63326 105.672 
0.465207 0.212521 96420 1 -0.735417 0.670192 374 1 1422 -0.0680711 -0.0108215 -0.0667746 -0.0639341 2.63103 105.589 
0.477837 0.258363 96500 1 -0.735417 0.670192 375 1 1424 -0.0680607 -0.00920956 -0.0570276 -0.0266866 2.57208 105.673 
0.522936 0.295828 96581 1 -0.735417 0.670192 376 1 1426 -0.0662095 -0.00578178 -0.0498467 0.0429962 2.54174 105.717 
0.536941 0.28133 96620 1 -0.735417 0.670192 377 1 1427 -0.0644501 -0.00627326 -0.0515062 0.0550499 2.56935 105.733 
0.513783 0.281387 96701 1 -0.735417 0.670192 378 1 1429 -0.0642221 -0.0063993 -0.0514528 0.0639395 2.5455 105.697 
0.459221 0.22256 96781 1 -0.735417 0.670192 379 1 1431 -0.065169 -0.0104005 -0.0671211 0.00124535 2.62194 105.416 
0.4084 0.207481 96863 1 -0.735417 0.670192 380 1 1433 -0.065148 -0.0133474 -0.0702677 -0.0759341 2.64158 105.436 
0.418746 0.214063 96901 1 -0.735417 0.670192 381 1 1434 -0.0645764 -0.0105304 -0.0704123 -0.0739764 2.65732 105.378 
0.47104 0.286078 96981 1 -0.735417 0.670192 382 1 1436 -0.0618595 -0.0024367 -0.0496707 -0.0254808 2.54922 105.619 
0.357173 0.235789 97061 1 -0.735417 0.670192 383 1 1438 -0.0636592 -0.00157477 -0.0544481 -0.0312998 2.64386 105.678 
0.332467 0.255712 97102 1 -0.735417 0.670192 384 1 1439 -0.0630101 -0.00272454 -0.0533944 -0.0559533 2.60798 105.62 
0.307557 0.306617 97182 1 -0.735417 0.670192 385 1 1441 -0.0641514 -0.00136036 -0.0542208 -0.0512415 2.52387 105.656 
0.279261 0.234922 97264 1 -0.735417 0.670192 386 1 1443 -0.0629817 -0.00565435 -0.0616744 -0.115102 2.54278 105.546 
0.264497 0.204575 97342 1 -0.735417 0.670192 387 1 1445 -0.0641419 -0.00776246 -0.0658561 -0.148993 2.61864 105.516 
0.257962 0.214004 97422 1 -0.735417 0.670192 388 1 1447 -0.0668257 -0.0055707 -0.0630389 -0.138711 2.61065 105.606 
0.265362 0.231114 97503 1 -0.735417 0.670192 389 1 1449 -0.0665082 -0.00520523 -0.0613764 -0.135712 2.59373 105.603 
0.276201 0.200933 97583 1 -0.735417 0.670192 390 1 1451 -0.0663937 -0.00502852 -0.0637588 -0.123845 2.60947 105.623 
0.271412 0.197346 97622 1 -0.735417 0.670192 391 1 1452 -0.0654947 -0.00607898 -0.0653533 -0.135942 2.62326 105.56 
0.250155 0.186619 97702 1 -0.735417 0.670192 392 1 1454 -0.0662377 -0.00805838 -0.0662433 -0.169516 2.62992 105.585 
0.25583 0.17597 97783 1 -0.735417 0.670192 393 1 1456 -0.0664211 -0.00848809 -0.0680872 -0.173808 2.6348 105.569 
0.273428 0.179321 97863 1 -0.735417 0.670192 394 1 1458 -0.0667688 -0.00753865 -0.0674167 -0.149456 2.61842 105.648 
0.299599 0.19974 97943 1 -0.735417 0.670192 395 1 1460 -0.066929 -0.00502024 -0.0635927 -0.114389 2.56701 105.706 
0.31104 0.225055 98023 1 -0.735417 0.670192 396 1 1462 -0.0659488 -0.00554434 -0.0625462 -0.108173 2.55756 105.704 
0.304632 0.219499 98103 1 -0.735417 0.670192 397 1 1464 -0.0662632 -0.00558279 -0.0626402 -0.110256 2.55794 105.728 
0.304411 0.23123 98184 1 -0.735417 0.670192 398 1 1466 -0.0673112 -0.00487983 -0.0628443 -0.0995782 2.56853 105.713 
0.29616 0.213353 98264 1 -0.735417 0.670192 399 1 1468 -0.0663531 -0.0060532 -0.0654114 -0.113594 2.59609 105.709 
0.275135 0.294785 98344 1 -0.735417 0.670192 400 1 1470 -0.0672971 -0.00559009 -0.0656278 -0.106327 2.6019 105.713 
0.277684 0.268641 98384 1 -0.735417 0.670192 401 1 1471 -0.0675351 -0.00512747 -0.0661996 -0.0969715 2.60638 105.748 
0.27087 0.293496 98464 1 -0.735417 0.670192 402 1 1473 -0.0668652 -0.00557606 -0.0646556 -0.0890263 2.58652 105.747 
0.211182 0.337578 98544 1 -0.735417 0.670192 403 1 1475 -0.0666061 -0.00360374 -0.0633762 -0.0618749 2.56349 105.772 
0.120654 0.393162 98625 1 -0.735417 0.670192 404 1 1477 -0.0672681 -0.00147814 -0.061131 -0.0342008 2.53574 105.844 
0.117063 0.393778 98705 1 -0.735417 0.670192 405 1 1479 -0.0663638 -0.00268368 -0.06007 -0.0387736 2.52227 105.868 
0.118403 0.380365 98784 1 -0.735417 0.670192 406 1 1481 -0.0672243 -0.00252731 -0.0601723 -0.024244 2.51939 105.921 
0.12964 0.395732 98824 1 -0.735417 0.670192 407 1 1482 -0.0671898 -0.00193315 -0.0580321 -0.00470917 2.49642 105.968 
0.118131 0.380408 98905 1 -0.735417 0.670192 408 1 1484 -0.0670552 -0.00420257 -0.0589269 -0.00620512 2.50774 105.969 
0.0813287 1.15382 98985 1 -0.735417 0.670192 409 1 1486 -0.0662322 -0.00312798 -0.0541246 0.0151443 2.46591 105.543 
0.747947 1.04448 99066 1 -0.735417 0.670192 410 0 1488 -0.0620399 -0.00278498 -0.0535498 0.0339197 2.42435 105.129 
1.45998 1.05297 99105 1 -0.735417 0.670192 411 0 1489 -0.060897 -0.0052352 -0.0560701 0.027142 2.44838 105.208 
1.45998 1.05297 99105 1 -0.732292 0.671154 412 0 1489 -0.060897 -0.0052352 -0.0560701 0.027142 2.44838 105.208 
0.517685 0.552928 99265 1 -0.721875 0.672115 413 1 1493 -0.0614852 -0.00353774 -0.0566765 0.142525 2.42535 105.779 
0.529618 0.507817 99346 1 -0.721875 0.671154 414 1 1495 -0.0609373 -0.00318211 -0.0525233 0.224984 2.35736 105.898 
0.531641 0.478357 99388 1 -0.721875 0.671154 415 1 1496 -0.0603728 -0.00218416 -0.0559167 0.273414 2.3803 105.768 
0.471727 0.405067 99465 1 -0.721875 0.671154 416 1 1498 -0.0587436 -0.0127164 -0.062291 0.220937 2.44789 105.905 
0.463294 0.423309 99546 1 -0.721875 0.671154 417 1 1500 -0.0583224 -0.0128007 -0.059258 0.253663 2.42502 106.047 
0.225097 0.527833 99626 1 -0.721875 0.673077 418 1 1502 -0.0638293 -0.0143276 -0.0452834 0.325503 2.32129 105.307 
0.1804 0.424476 99707 1 -0.722396 0.673077 419 1 1504 -0.0657693 -0.0328142 -0.0542022 0.525765 2.38325 105.591 
0.220828 0.37637 99747 1 -0.722917 0.673077 420 1 1505 -0.0639622 -0.0263724 -0.0626192 0.853494 2.44035 105.814 
0.167262 0.351735 99827 1 -0.723437 0.673077 421 1 1507 -0.0548546 -0.0312403 -0.0718464 1.26863 2.49543 105.983 
0.154846 0.378143 99867 1 -0.723437 0.673077 422 1 1508 -0.0520545 -0.0330297 -0.0687582 1.46417 2.43632 106.239 
0.21777 0.393112 99947 1 -0.719792 0.673077 423 1 1510 -0.0509318 -0.0262866 -0.0695862 1.90696 2.40369 107.029 
0.233458 0.426239 100027 1 -0.696354 0.673077 424 1 1512 -0.0508377 -0.0254986 -0.0660457 2.1963 2.35597 107.643 
0.225423 0.419717 100107 1 -0.635417 0.675962 425 1 1514 -0.0483754 -0.0283128 -0.0683455 2.35584 2.39414 107.757 
0.202205 0.417343 100148 1 -0.502604 0.678846 426 1 1515 -0.0462755 -0.0333877 -0.0676617 2.36154 2.40445 107.845 
0.184969 0.464701 100227 1 -0.369792 0.749038 427 1 1517 -0.0429848 -0.033124 -0.0629296 2.36247 2.40628 107.838 
0.168258 0.364472 100307 1 -0.216667 0.879808 428 1 1519 -0.0430276 -0.0296123 -0.0710035 2.32492 2.54665 107.793 
0.112302 0.416747 100347 1 -0.0776042 1.04519 429 1 1520 -0.0435263 -0.0349301 -0.0666196 2.2214 2.52215 107.836 
0.102726 0.44805 100428 1 -0.000520833 1.04519 430 1 1522 -0.0420226 -0.0399949 -0.0582717 2.03412 2.43755 107.083 
0.108582 0.5519 100508 1 0.147917 0.940385 431 1 1524 -0.0333945 -0.0310473 -0.0524786 1.88422 2.2657 107.43 
0.180317 0.519882 100548 1 0.319792 0.554808 432 1 1525 -0.0320402 -0.0255671 -0.0607341 1.70555 2.24353 107.826 
0.17867 0.575211 100628 1 0.389583 0.215385 433 1 1527 -0.0434835 -0.0199105 -0.0665542 1.1376 2.03623 107.881 
0.168623 0.578972 100708 1 0.450521 0 434 1 1529 -0.0603381 -0.0232906 -0.0752432 0.613468 2.05692 107.825 
0.195621 0.5805 100788 1 0.461979 0 435 1 1531 -0.0601176 -0.0262076 -0.0760914 0.334351 2.09744 107.736 
0.432518 0.497016 100869 1 0.470833 0 436 1 1533 -0.0519416 -0.0268045 -0.0828768 0.167935 2.2568 107.613 
0.441803 0.559006 100949 1 0.476042 0 437 1 1535 -0.0466416 -0.0226868 -0.0700182 0.0240439 2.27889 108.308 
0.436583 0.552408 100988 1 0.483854 0.00865385 438 1 1536 -0.0450409 -0.025463 -0.0702575 -0.107813 2.31357 108.411 
0.496701 0.43072 101069 1 0.498958 0.0192308 439 1 1538 -0.0506772 -0.0233257 -0.063995 -0.289812 2.21138 108.681 
0.473213 0.499448 101109 1 0.502604 0.0240385 440 1 1539 -0.054444 -0.0242185 -0.0578503 -0.387831 2.09993 108.646 
0.488233 0.383187 101189 1 0.502083 0.0346154 441 1 1541 -0.0559006 -0.0194844 -0.0743422 -0.401454 2.20483 108.293 
0.507466 0.346532 101270 1 0.501563 0.0480769 442 1 1543 -0.0556827 -0.0190289 -0.0629562 -0.324089 2.15303 108.277 
0.525577 0.315594 101349 1 0.5 0.0509615 443 1 1545 -0.0515789 -0.020399 -0.0586 -0.218887 2.23277 108.476 
0.508608 0.335043 101430 1 0.499479 0.0509615 444 1 1547 -0.0518839 -0.0196398 -0.0545932 -0.172962 2.26487 108.521 
0.499023 0.463646 101510 1 0.463542 0.0519231 445 1 1549 -0.0561355 -0.0146988 -0.0592294 -0.139333 2.32445 108.427 
0.527807 0.348804 101631 1 0.317708 0.0298077 446 1 1552 -0.0560612 -0.0119499 -0.0677478 -0.0334296 2.42685 108.266 
0.541518 0.513648 101710 1 0.146875 0 447 1 1554 -0.0519888 -0.0151249 -0.0486818 0.0264456 2.29321 108.324 
0.526302 0.592471 101750 1 0.128125 0 448 1 1555 -0.0498406 -0.0181358 -0.0401342 0.02702 2.22833 108.461 
0.519897 0.600212 101831 1 0.111979 0 449 1 1557 -0.0489032 -0.0160383 -0.0398947 0.0705719 2.2514 108.612 
0.507048 0.600944 101870 1 0.107813 0 450 1 1558 -0.0491937 -0.0160832 -0.0389567 0.060476 2.24466 108.612 
0.515226 0.684327 101992 1 0.122917 0.00865385 451 1 1561 -0.0516586 -0.0151001 -0.0391699 0.0536101 2.20463 108.72 
0.518988 0.601635 102072 1 0.128646 0.00865385 452 1 1563 -0.0523753 -0.0178392 -0.0480619 0.0503376 2.23947 108.861 
0.524611 0.60494 102151 1 0.128646 0.00961538 453 1 1565 -0.0536689 -0.0140888 -0.0488983 0.124538 2.18653 109.14 
0.542867 0.542489 102232 1 0.127604 0.00961538 454 1 1567 -0.0585074 -0.0174325 -0.0557569 0.158969 2.1839 109.671 
0.542867 0.542489 102232 1 0.123958 0.0105769 455 1 1567 -0.0585074 -0.0174325 -0.0557569 0.158969 2.1839 109.671 
0.31937 0.31794 102271 1 0.122396 0.0115385 456 1 1568 -0.0586009 -0.0207519 -0.0579331 0.150854 2.16502 109.831 
0.031684 0.0783455 102433 1 0.122396 0.0115385 457 1 1572 -0.0596058 -0.0215091 -0.0608719 0.186961 1.86159 111.567 
-0.0266776 0.019345 102512 1 0.122396 0.0115385 458 1 1574 -0.0616643 -0.0235902 -0.0704531 0.184791 1.7443 112.542 
-0.020273 0.00891668 102592 1 0.129688 0.025 459 1 1576 -0.0634747 -0.0276702 -0.0755724 0.137315 1.57394 113.796 
0.0218684 0.317239 102672 1 0.181771 0.164423 460 1 1578 -0.0609648 -0.0265898 -0.0797156 0.0892856 1.4003 115.341 
0.441359 3.99632 102752 1 0.207813 0.264423 461 0 1580 -0.0593644 -0.0166326 -0.0731588 0.124735 1.14736 117.265 
0.0509252 0.835202 102793 1 0.213021 0.2875 462 0 1581 -0.0592911 -0.01927 -0.0737826 0.0455592 1.06881 118.276 
0.452876 1.01817 102912 1 0.213542 0.288462 463 1 1584 -0.0552318 -0.0140561 -0.0670596 -0.037099 0.717456 121.315 
0.411615 0.756134 102992 1 0.213021 0.295192 464 1 1586 -0.0486773 -0.0173916 -0.0602246 -0.118718 0.463327 123.391 
0.326265 0.639378 103073 1 0.211979 0.311538 465 1 1588 -0.0425979 -0.0207853 -0.0522062 -0.161735 0.21494 125.759 
0.143467 0.637858 103113 1 0.210938 0.316346 466 1 1589 -0.0380465 -0.0196719 -0.0461415 -0.155117 0.0880789 126.949 
0.17898 0.551212 103194 1 0.211458 0.319231 467 1 1591 -0.0323694 -0.0183276 -0.030964 -0.107143 -0.170173 129.603 
0.132207 0.691049 103273 1 0.213021 0.325 468 1 1593 -0.0254071 -0.0192638 -4.21735e-005 -0.070933 -0.534245 132.188 
0.109607 0.66959 103313 1 0.214062 0.335577 469 1 1594 -0.0242124 -0.0219913 0.0111001 -0.0917113 -0.653676 133.31 
0.0107679 0.638583 103394 1 0.213542 0.3375 470 1 1596 -0.0217639 -0.0224825 0.0277862 -0.176782 -0.724999 135.765 
