ImageFile:
1.01864 0.261198 88508 1 0.174479 0.278846 1 1 1419 -0.0230448 0.0691474 -0.14471 -1.3043 4.0101 154.597 
1.09177 -0.0328587 88642 1 0.174479 0.278846 2 1 1423 -0.0227261 0.0764276 -0.138133 -1.16675 3.9278 154.676 
1.13312 -0.168265 88709 1 0.174479 0.278846 3 1 1425 -0.0220708 0.0786879 -0.139315 -1.1074 3.93587 154.676 
1.2066 0.071977 88775 1 0.174479 0.278846 4 0 1427 -0.0224625 0.0759477 -0.139236 -1.12784 3.93863 154.609 
1.18172 0.30045 88842 1 0.174479 0.278846 5 1 1429 -0.0231951 0.072652 -0.138607 -1.17066 3.93411 154.627 
1.17074 0.342514 88942 1 0.174479 0.278846 6 1 1432 -0.0231784 0.0714544 -0.140441 -1.19262 3.95951 154.643 
1.20388 0.340383 89009 1 0.174479 0.278846 7 0 1434 -0.0227127 0.0759811 -0.140447 -1.15252 3.95647 154.665 
1.20594 0.319166 89076 1 0.174479 0.278846 8 0 1436 -0.0227788 0.0749372 -0.140776 -1.16791 3.95955 154.688 
1.15849 0.197547 89142 1 0.174479 0.278846 9 1 1438 -0.0227175 0.0753763 -0.140885 -1.1729 3.95825 154.691 
1.26701 0.153994 89176 1 0.178125 0.327885 10 0 1439 -0.0221917 0.0811447 -0.142129 -1.09536 3.97337 154.661 
1.18674 0.173627 89275 1 0.179167 0.500962 11 1 1442 -0.0227581 0.0752429 -0.14041 -1.16026 3.95436 154.71 
1.40667 0.211422 89342 1 0.164583 0.719231 12 0 1444 -0.0206747 0.0775658 -0.138029 -1.11141 3.94185 154.732 
1.40639 0.145132 89409 1 0.148438 0.880769 13 0 1446 -0.020447 0.0711255 -0.139716 -1.16546 3.9739 154.614 
1.24256 0.146082 89476 1 0.136979 0.918269 14 0 1448 -0.0215577 0.0654635 -0.139377 -1.25121 3.96185 154.77 
1.34438 0.18929 89577 1 0.132813 0.914423 15 0 1451 -0.0224276 0.0702179 -0.140018 -1.22606 3.95668 154.765 
1.38609 0.271223 89676 1 0.116146 0.905769 16 0 1454 -0.0241432 0.0744728 -0.13853 -1.18742 3.94234 154.698 
1.42324 0.266648 89743 1 0.0854167 0.925962 17 0 1456 -0.021995 0.077291 -0.139313 -1.1506 3.95495 154.75 
1.44546 0.287414 89810 1 0.0604167 0.961538 18 0 1458 -0.0228538 0.0788739 -0.141247 -1.11095 3.97144 154.661 
1.46551 0.300713 89843 1 0.0588542 0.970192 19 0 1459 -0.0218352 0.080525 -0.142392 -1.08949 3.9821 154.71 
1.28696 0.438725 89977 1 0.0619792 0.971154 20 0 1463 -0.0223166 0.0741851 -0.141949 -1.15935 3.99167 154.766 
1.25874 0.485243 90043 1 0.0682292 0.969231 21 0 1465 -0.0215953 0.0727089 -0.140511 -1.16986 3.97899 154.746 
1.20784 0.512145 90110 1 0.0713542 0.969231 22 0 1467 -0.0221516 0.0708923 -0.139806 -1.19546 3.97242 154.773 
0.9261 0.834373 90143 1 0.071875 0.969231 23 1 1468 -0.0224833 0.0721352 -0.142829 -1.18107 4.00327 154.732 
0.793273 1.24928 90210 1 0.071875 0.969231 24 0 1470 -0.0212753 0.0717116 -0.139665 -1.17999 3.98075 154.67 
0.890492 1.56396 90277 1 0.071875 0.969231 25 0 1472 -0.0203186 0.0674802 -0.137668 -1.21612 3.97313 154.912 
2.18411 2.29327 90344 1 0.071875 0.969231 26 0 1474 -0.0222743 0.0760262 -0.137383 -1.13333 3.95619 154.919 
4.26791 3.44227 90377 1 0.071875 0.969231 27 0 1475 -0.0222025 0.0745543 -0.139477 -1.13997 3.97727 155.046 
4.26791 3.44227 90377 1 0.071875 0.969231 28 0 1475 -0.0222025 0.0745543 -0.139477 -1.13997 3.97727 155.046 
7.69691 4.34509 90544 1 0.071875 0.969231 29 0 1480 -0.0226163 0.0725344 -0.142094 -1.16561 4.00911 155.028 
6.86643 3.82273 90611 1 0.071875 0.969231 30 0 1482 -0.0214725 0.0718264 -0.14304 -1.17023 4.02763 154.96 
7.2419 4.10023 90644 1 0.071875 0.969231 31 0 1483 -0.0212239 0.0687883 -0.145606 -1.19672 4.05721 154.916 
4.33147 2.88521 90711 1 0.071875 0.969231 32 0 1485 -0.0213198 0.0645862 -0.144389 -1.24553 4.0454 154.926 
4.33147 2.88521 90711 1 0.071875 0.969231 33 0 1485 -0.0213198 0.0645862 -0.144389 -1.24553 4.0454 154.926 
3.02399 2.04858 90777 1 0.071875 0.969231 34 0 1487 -0.0206211 0.0650188 -0.144682 -1.25027 4.04311 154.948 
1.07308 0.946778 90944 1 0.071875 0.969231 35 1 1492 -0.020201 0.0673768 -0.142828 -1.22477 4.01235 154.638 
1.07723 0.932575 91078 1 0.071875 0.969231 36 1 1496 -0.0192661 0.0668249 -0.141948 -1.21479 3.99573 154.787 
0.931438 1.10603 91112 1 0.071875 0.969231 37 1 1497 -0.0185554 0.0682282 -0.142805 -1.18487 4.01149 154.775 
1.49479 2.45457 91145 1 0.071875 0.969231 38 0 1498 -0.0185554 0.0682282 -0.142805 -1.18487 4.01149 154.775 
6.70957 11.679 91245 1 0.071875 0.969231 39 0 1501 -0.0205168 0.0691351 -0.142954 -1.17318 4.01439 155.023 
5.38334 9.64952 91311 1 0.071875 0.969231 40 0 1503 -0.0203339 0.0639679 -0.145487 -1.24894 4.03207 155.037 
2.51029 4.85199 91344 1 0.071875 0.969231 41 0 1504 -0.0203339 0.0639679 -0.145487 -1.24894 4.03207 155.037 
1.42072 1.93536 91411 1 0.071875 0.969231 42 0 1506 -0.0215113 0.0675514 -0.147245 -1.21444 4.06545 154.847 
1.42072 1.93536 91411 1 0.071875 0.969231 43 0 1506 -0.0215113 0.0675514 -0.147245 -1.21444 4.06545 154.847 
1.21749 0.764575 91645 1 0.071875 0.969231 44 0 1513 -0.0207696 0.0628934 -0.139328 -1.23324 3.98067 154.849 
1.19889 0.618193 91712 1 0.071875 0.969231 45 1 1515 -0.0193992 0.0593408 -0.141293 -1.27257 4.00789 154.846 
0.660349 1.03808 91781 1 0.071875 0.969231 46 1 1517 -0.0176933 0.0570373 -0.142666 -1.29522 4.02944 154.809 
0.634406 1.06053 91846 1 0.071875 0.969231 47 1 1519 -0.0188409 0.0561733 -0.14272 -1.30731 4.03028 154.88 
0.628345 1.11976 91913 1 0.071875 0.969231 48 1 1521 -0.0195365 0.0510559 -0.146155 -1.36513 4.05324 154.846 
0.614086 1.03635 92012 1 0.071875 0.969231 49 1 1524 -0.0176798 0.0538771 -0.147802 -1.34284 4.06927 154.696 
0.652615 1.02489 92079 1 0.071875 0.969231 50 1 1526 -0.0182954 0.0553338 -0.147352 -1.30297 4.08133 154.682 
0.553601 1.05942 92146 1 0.071875 0.969231 51 1 1528 -0.0182839 0.0514389 -0.143962 -1.35429 4.04528 155.083 
0.575994 1.08741 92179 1 0.071875 0.969231 52 1 1529 -0.0180899 0.0535498 -0.144451 -1.33318 4.04243 155.087 
0.603413 1.07369 92279 1 0.071875 0.969231 53 1 1532 -0.0194397 0.0551395 -0.146194 -1.3213 4.04117 154.798 
1.03808 0.760006 92345 1 0.071875 0.969231 54 1 1534 -0.0198838 0.0607606 -0.144874 -1.25026 4.03043 154.663 
0.969198 0.509129 92412 1 0.071875 0.969231 55 1 1536 -0.0193414 0.0574664 -0.13987 -1.28896 3.98633 154.785 
1.03503 0.433687 92479 1 0.071875 0.969231 56 1 1538 -0.0190027 0.0593031 -0.142381 -1.25474 4.01102 154.786 
0.992327 0.414217 92512 1 0.071875 0.969231 57 1 1539 -0.0192994 0.0584782 -0.144156 -1.2585 4.02792 154.668 
1.01584 0.136074 92613 1 0.071875 0.969231 58 1 1542 -0.0188757 0.0559497 -0.145202 -1.28707 4.03968 154.816 
0.970216 0.0882625 92679 1 0.071875 0.969231 59 1 1544 -0.0186847 0.0567471 -0.146589 -1.27246 4.05115 154.621 
1.00719 0.118764 92746 1 0.071875 0.969231 60 1 1546 -0.0193041 0.0603518 -0.142242 -1.23072 4.00508 154.816 
0.967482 0.105572 92779 1 0.071875 0.969231 61 1 1547 -0.0188749 0.0543289 -0.144214 -1.30425 4.02262 154.77 
1.04357 0.379169 92879 1 0.071875 0.969231 62 1 1550 -0.0204334 0.0513424 -0.147192 -1.35366 4.04157 154.719 
1.09668 0.356185 92980 1 0.071875 0.969231 63 1 1553 -0.020166 0.0529596 -0.150439 -1.31771 4.08419 154.521 
1.12884 0.392048 93047 1 0.071875 0.969231 64 1 1555 -0.0194041 0.052786 -0.151771 -1.31146 4.10787 154.504 
1.10571 0.413257 93113 1 0.071875 0.969231 65 1 1557 -0.0198325 0.0577999 -0.148799 -1.27505 4.06786 154.771 
1.24729 0.361055 93146 1 0.071875 0.969231 66 0 1558 -0.0200243 0.0593817 -0.149541 -1.25941 4.0715 154.863 
1.42901 0.171945 93280 1 0.071875 0.969231 67 0 1562 -0.0206664 0.0590937 -0.146461 -1.27709 4.03483 154.687 
1.41627 0.158958 93347 1 0.071875 0.969231 68 0 1564 -0.0203414 0.0568589 -0.146214 -1.29966 4.04382 154.614 
1.5564 -0.443393 93414 1 0.071875 0.969231 69 0 1566 -0.0206202 0.0522083 -0.149335 -1.33682 4.07016 154.493 
1.5752 -0.515629 93447 1 0.071875 0.969231 70 0 1567 -0.0204469 0.0566414 -0.150072 -1.27583 4.07654 154.405 
1.49562 -0.634248 93547 1 0.071875 0.969231 71 0 1570 -0.0193209 0.0553329 -0.146247 -1.30812 4.04314 154.585 
1.57677 -0.773093 93647 1 0.071875 0.969231 72 0 1573 -0.0204572 0.0512648 -0.150502 -1.34217 4.08646 154.355 
1.63863 -0.842 93718 1 0.071875 0.969231 73 0 1575 -0.0195971 0.0554926 -0.151819 -1.29095 4.10829 154.313 
1.65559 -0.77667 93747 1 0.071875 0.969231 74 0 1576 -0.0185869 0.0589146 -0.145788 -1.26302 4.04069 154.499 
1.37041 -0.431141 93847 1 0.0708333 0.969231 75 0 1579 -0.0200973 0.0631198 -0.143725 -1.2113 4.00752 154.434 
1.07204 -0.0811911 93948 1 0.0442708 0.966346 76 1 1582 -0.0195146 0.0631091 -0.138832 -1.19397 3.97291 154.661 
1.12572 -0.0505087 94014 1 -0.218229 0.946154 77 1 1584 -0.0191187 0.0653176 -0.13817 -1.16306 3.9688 155.036 
1.03537 -0.0707175 94047 1 -0.609375 0.921154 78 1 1585 -0.019317 0.0638936 -0.140282 -1.19056 3.97355 154.73 
1.09702 -0.0686677 94081 1 -0.803646 0.885577 79 1 1586 -0.0197909 0.0598813 -0.145085 -1.24101 4.01088 154.512 
1.01256 2.3192e-006 94182 1 -0.805729 0.884615 80 1 1589 -0.0188228 0.0486633 -0.147755 -1.37573 4.02791 154.1 
1.01426 0.218632 94281 1 -0.805729 0.884615 81 1 1592 -0.0139104 0.0441835 -0.141529 -1.43715 3.95686 154.161 
0.972471 0.253461 94314 1 -0.805729 0.884615 82 1 1593 -0.014239 0.0421271 -0.140208 -1.45221 3.9368 154.095 
0.87196 0.224035 94414 1 -0.806771 0.867308 83 1 1596 -0.0168201 0.0450941 -0.138794 -1.39253 3.93405 154.399 
0.87196 0.224035 94414 1 -0.895833 0.773077 84 1 1596 -0.0168201 0.0450941 -0.138794 -1.39253 3.93405 154.399 
0.87196 0.224035 94414 1 -0.950521 0.709615 85 1 1596 -0.0168201 0.0450941 -0.138794 -1.39253 3.93405 154.399 
0.965164 0.56378 94548 1 -0.949479 0.688462 86 1 1600 -0.0188227 0.0422835 -0.141421 -1.41666 3.97548 154.206 
4.39434 3.84041 94581 1 -0.913542 0.679808 87 0 1601 -0.0188227 0.0422835 -0.141421 -1.41666 3.97548 154.206 
1.7692 2.24957 94681 1 -0.858854 0.665385 88 0 1604 -0.0188267 0.0471121 -0.142331 -1.36164 4.01922 154.704 
1.47188 1.27759 94748 1 -0.81875 0.634615 89 0 1606 -0.0191998 0.0509493 -0.139257 -1.32862 3.98579 154.982 
1.01056 0.500146 94882 1 -0.785937 0.6 90 1 1610 -0.0181419 0.0514594 -0.131321 -1.31155 3.89653 154.979 
1.01829 0.365701 94982 1 -0.770312 0.565385 91 1 1613 -0.018308 0.0487176 -0.133528 -1.35156 3.91165 155.074 
0.97435 0.276901 95048 1 -0.7625 0.539423 92 1 1615 -0.0184671 0.0493782 -0.136056 -1.357 3.9323 155.139 
0.998847 0.201361 95149 1 -0.760417 0.526923 93 1 1618 -0.0186818 0.0500004 -0.141572 -1.34706 4.00321 154.878 
0.985832 0.194071 95218 1 -0.730208 0.5 94 1 1620 -0.0194152 0.0502757 -0.139295 -1.34065 3.98143 154.805 
1.10227 0.20535 95282 1 -0.691667 0.474038 95 1 1622 -0.018981 0.0597963 -0.137789 -1.20356 3.97072 154.685 
1.03344 0.189 95382 1 -0.6625 0.463462 96 1 1625 -0.0201741 0.0632685 -0.135968 -1.14521 3.93646 154.644 
1.03151 0.215451 95449 1 -0.657813 0.458654 97 1 1627 -0.0198898 0.0630314 -0.135375 -1.1464 3.9339 154.611 
1.0694 0.192156 95515 1 -0.657292 0.459615 98 1 1629 -0.0192766 0.0669475 -0.135922 -1.09187 3.94062 154.515 
1.12776 0.200952 95582 1 -0.652604 0.468269 99 1 1631 -0.0192935 0.0671683 -0.134423 -1.09417 3.92785 154.737 
1.17985 0.145905 95650 1 -0.650521 0.470192 100 1 1633 -0.0194332 0.0746519 -0.134883 -0.997645 3.93686 154.903 
1.07526 0.131448 95749 1 -0.649479 0.470192 101 1 1636 -0.0190018 0.0699298 -0.134586 -1.06386 3.93424 154.532 
1.14103 0.203625 95782 1 -0.648958 0.470192 102 1 1637 -0.0197408 0.0699289 -0.131667 -1.05596 3.91168 154.539 
1.21916 0.331425 95849 1 -0.647917 0.472115 103 0 1639 -0.0181762 0.0765722 -0.125309 -0.958613 3.83854 154.756 
1.24293 0.253805 95950 1 -0.644792 0.475 104 0 1642 -0.0184877 0.076948 -0.125859 -0.953921 3.83718 154.992 
1.20234 0.305665 96016 1 -0.643229 0.477885 105 0 1644 -0.0188731 0.0778553 -0.128787 -0.954392 3.85377 154.795 
1.25443 0.243564 96083 1 -0.642188 0.479808 106 0 1646 -0.0189286 0.0773317 -0.13133 -0.956471 3.89183 154.692 
1.22224 0.227303 96149 1 -0.641667 0.479808 107 0 1648 -0.0180638 0.0746434 -0.134165 -0.989039 3.92334 154.656 
2.38777 0.98861 96216 1 -0.641667 0.479808 108 0 1650 -0.0182841 0.0708817 -0.13738 -1.02693 3.9559 154.622 
2.4106 0.912175 96250 1 -0.641667 0.479808 109 0 1651 -0.0193173 0.0721881 -0.138618 -0.995608 3.97638 154.815 
2.71266 1.0717 96283 1 -0.641667 0.479808 110 0 1652 -0.0193173 0.0721881 -0.138618 -0.995608 3.97638 154.815 
2.71266 1.0717 96283 1 -0.641667 0.479808 111 0 1652 -0.0193173 0.0721881 -0.138618 -0.995608 3.97638 154.815 
2.90859 1.33659 96350 1 -0.641667 0.479808 112 0 1654 -0.0187129 0.0724852 -0.138595 -0.998645 3.97699 154.804 
2.9963 1.40113 96483 1 -0.641667 0.479808 113 0 1658 -0.0189619 0.0732072 -0.13957 -1.00813 3.99435 154.728 
3.15445 1.48283 96583 1 -0.641667 0.480769 114 0 1661 -0.0188588 0.0732479 -0.139593 -1.0086 3.99413 154.737 
3.15159 1.4859 96650 1 -0.643229 0.496154 115 0 1663 -0.0189366 0.0733506 -0.139555 -1.00975 3.99458 154.726 
3.15159 1.4859 96650 1 -0.643229 0.497115 116 0 1663 -0.0189366 0.0733506 -0.139555 -1.00975 3.99458 154.726 
3.24425 1.55347 96717 1 -0.643229 0.497115 117 0 1665 -0.019029 0.07348 -0.139538 -1.01117 3.9948 154.722 
2.50032 1.48536 96883 1 -0.64375 0.495192 118 0 1670 -0.0205442 0.0694519 -0.133432 -1.08326 3.94183 154.751 
2.94683 1.51956 96917 1 -0.646354 0.482692 119 0 1671 -0.0204185 0.0710946 -0.134301 -1.05354 3.95869 155.038 
3.18149 1.53207 96983 1 -0.646354 0.478846 120 0 1673 -0.0202243 0.0711829 -0.134417 -1.05452 3.95742 155.062 
3.40477 1.55286 97017 1 -0.646354 0.478846 121 0 1674 -0.0200338 0.0713118 -0.134524 -1.056 3.95625 155.082 
3.43579 1.72102 97151 1 -0.646354 0.478846 122 0 1678 -0.0199665 0.0714582 -0.134576 -1.05762 3.95573 155.084 
3.34982 1.63149 97218 1 -0.646354 0.478846 123 0 1680 -0.0203279 0.0703604 -0.137771 -1.08888 3.99855 154.899 
3.14383 1.5282 97251 1 -0.646354 0.478846 124 0 1681 -0.0214313 0.0686271 -0.138348 -1.10266 4.01113 154.899 
2.88854 1.59304 97317 1 -0.646354 0.478846 125 0 1683 -0.0199314 0.0666015 -0.136005 -1.12267 3.97988 154.947 
2.88854 1.59304 97317 1 -0.646354 0.478846 126 0 1683 -0.0199314 0.0666015 -0.136005 -1.12267 3.97988 154.947 
3.15169 1.63983 97384 1 -0.646354 0.478846 127 0 1685 -0.0199314 0.0666015 -0.136005 -1.12267 3.97988 154.947 
2.61741 1.56747 97585 1 -0.646354 0.478846 128 0 1691 -0.0213096 0.0683776 -0.131511 -1.12352 3.92595 154.887 
2.96342 1.67348 97618 1 -0.646354 0.478846 129 0 1692 -0.0211955 0.0675148 -0.132896 -1.12109 3.94167 155.133 
2.75122 1.61387 97652 1 -0.646354 0.478846 130 0 1693 -0.0209949 0.067583 -0.133042 -1.1184 3.94747 155.12 
2.80804 1.59056 97717 1 -0.646354 0.478846 131 0 1695 -0.0206996 0.0679232 -0.133157 -1.11518 3.95171 155.099 
2.84337 1.59256 97818 1 -0.646354 0.478846 132 0 1698 -0.0220062 0.0693643 -0.13505 -1.09467 3.97724 155.033 
2.87655 1.53946 97885 1 -0.646354 0.478846 133 0 1700 -0.0219652 0.0723186 -0.136945 -1.06592 4.00666 154.896 
1.17463 1.18578 98018 1 -0.646354 0.478846 134 1 1704 -0.0206503 0.0734545 -0.131798 -1.03624 3.95368 154.887 
1.27068 1.28177 98052 1 -0.646354 0.478846 135 0 1705 -0.0203436 0.0789031 -0.128523 -0.974182 3.8998 155.039 
1.25271 1.25513 98085 1 -0.646354 0.478846 136 0 1706 -0.0206855 0.0789195 -0.12892 -0.970547 3.89677 155.108 
1.24582 1.27925 98220 1 -0.646354 0.478846 137 0 1710 -0.0206003 0.0798602 -0.130633 -0.946044 3.91358 155.03 
1.29378 1.20481 98285 1 -0.646354 0.478846 138 0 1712 -0.0196707 0.0794192 -0.133403 -0.947855 3.95714 154.704 
1.3262 1.24518 98352 1 -0.646354 0.478846 139 0 1714 -0.0200058 0.0841737 -0.130374 -0.874508 3.91952 154.976 
1.43784 1.22622 98385 1 -0.646354 0.478846 140 0 1715 -0.0187842 0.0849715 -0.130402 -0.853879 3.91739 155.061 
1.35155 1.27717 98485 1 -0.646354 0.478846 141 0 1718 -0.0185324 0.0817295 -0.131061 -0.891143 3.92791 154.67 
1.34281 1.18938 98552 1 -0.646354 0.478846 142 0 1720 -0.0193847 0.0822737 -0.132178 -0.891744 3.95542 155.032 
1.27614 1.24497 98619 1 -0.646354 0.478846 143 0 1722 -0.0178863 0.0805298 -0.129721 -0.92242 3.92922 154.838 
1.28564 1.31242 98686 1 -0.646354 0.478846 144 0 1724 -0.0196172 0.07904 -0.129304 -0.938643 3.91252 154.848 
1.28564 1.31242 98686 1 -0.646354 0.478846 145 0 1724 -0.0196172 0.07904 -0.129304 -0.938643 3.91252 154.848 
1.43916 2.20166 98719 1 -0.646875 0.478846 146 0 1725 -0.0199312 0.0783998 -0.130116 -0.951619 3.92405 154.944 
5.18996 6.10666 98853 1 -0.647396 0.478846 147 0 1729 -0.0201014 0.0793203 -0.131148 -0.927892 3.93874 155.222 
1.80648 2.96487 98885 1 -0.647396 0.478846 148 0 1730 -0.0200481 0.0792993 -0.131273 -0.926388 3.93952 155.113 
1.36436 2.03742 98953 1 -0.647396 0.478846 149 0 1732 -0.0185295 0.0778215 -0.13277 -0.942325 3.96525 154.86 
1.3533 1.47465 99087 1 -0.647396 0.478846 150 0 1736 -0.0179349 0.080836 -0.128915 -0.899293 3.90639 155.066 
1.27822 1.4007 99186 1 -0.647396 0.478846 151 0 1739 -0.0193437 0.0770892 -0.129954 -0.945368 3.90494 155.019 
1.27281 1.32868 99253 1 -0.647396 0.478846 152 0 1741 -0.0194032 0.0789028 -0.132325 -0.934664 3.93812 154.882 
1.34902 1.25116 99319 1 -0.647396 0.478846 153 0 1743 -0.0188339 0.0781375 -0.132713 -0.934487 3.95329 154.943 
1.34902 1.25116 99319 1 -0.647396 0.478846 154 0 1743 -0.0188339 0.0781375 -0.132713 -0.934487 3.95329 154.943 
1.23671 1.24761 99487 1 -0.647396 0.478846 155 0 1748 -0.0171277 0.0760118 -0.130824 -0.944709 3.9263 154.887 
1.31499 1.26483 99520 1 -0.647396 0.478846 156 0 1749 -0.018279 0.0764609 -0.130824 -0.941549 3.92991 154.867 
1.35266 1.36739 99619 1 -0.647396 0.478846 157 0 1752 -0.0178345 0.0813052 -0.130778 -0.886804 3.93794 154.831 
1.36619 1.3735 99653 1 -0.647396 0.478846 158 0 1753 -0.0172868 0.0816983 -0.128637 -0.883688 3.91638 154.944 
1.37714 1.39715 99753 1 -0.647396 0.478846 159 0 1756 -0.0175386 0.0808352 -0.129121 -0.894698 3.92576 154.838 
1.38171 1.35474 99820 1 -0.645833 0.478846 160 0 1758 -0.0174918 0.0807699 -0.131446 -0.895804 3.94589 154.727 
1.42598 1.34094 99887 1 -0.644271 0.478846 161 0 1760 -0.0190277 0.0866857 -0.129999 -0.828532 3.9382 154.688 
2.0102 1.37429 99954 1 -0.644271 0.478846 162 0 1762 -0.0188911 0.0765138 -0.125858 -0.941866 3.89939 154.72 
2.0102 1.37429 99954 1 -0.644271 0.478846 163 0 1762 -0.0188911 0.0765138 -0.125858 -0.941866 3.89939 154.72 
2.88484 1.07361 99988 1 -0.644271 0.478846 164 0 1763 -0.0190227 0.0791647 -0.125654 -0.891181 3.9014 154.82 
2.67206 0.670778 100087 1 -0.644271 0.478846 165 0 1766 -0.0177025 0.0798814 -0.126212 -0.894765 3.89078 154.936 
2.98331 0.700417 100154 1 -0.644271 0.478846 166 0 1768 -0.0181983 0.0824614 -0.124085 -0.879621 3.84245 154.989 
2.96769 0.664942 100221 1 -0.644271 0.478846 167 0 1770 -0.0181983 0.0824614 -0.124085 -0.879621 3.84245 154.989 
2.87228 0.695177 100254 1 -0.644271 0.478846 168 0 1771 -0.020276 0.0797829 -0.125553 -0.924495 3.85266 154.998 
2.90262 0.746526 100321 1 -0.644271 0.478846 169 0 1773 -0.0203512 0.0801825 -0.125506 -0.928555 3.85358 154.979 
2.86251 0.531829 100421 1 -0.644271 0.478846 170 0 1776 -0.0220163 0.081409 -0.129867 -0.905264 3.91296 154.889 
2.94347 0.568093 100487 1 -0.644271 0.478846 171 0 1778 -0.0208514 0.0839399 -0.127638 -0.87583 3.89734 154.843 
2.58436 0.451309 100621 1 -0.644271 0.478846 172 0 1782 -0.0206417 0.0730743 -0.126506 -1.02553 3.89806 154.569 
2.58436 0.451309 100621 1 -0.644271 0.478846 173 0 1782 -0.0206417 0.0730743 -0.126506 -1.02553 3.89806 154.569 
2.8342 0.489349 100655 1 -0.644271 0.478846 174 0 1783 -0.0211141 0.0771325 -0.126715 -0.969448 3.91061 154.697 
2.86678 0.483117 100755 1 -0.644271 0.478846 175 0 1786 -0.0209362 0.0776455 -0.126605 -0.967747 3.91331 154.685 
2.95741 0.449861 100821 1 -0.644271 0.478846 176 0 1788 -0.0209362 0.0776455 -0.126605 -0.967747 3.91331 154.685 
2.98113 0.414191 100854 1 -0.644271 0.478846 177 0 1789 -0.0209339 0.0776465 -0.126606 -0.967758 3.91329 154.685 
2.90318 0.474556 100954 1 -0.644271 0.478846 178 0 1792 -0.0209339 0.0776465 -0.126606 -0.967758 3.91329 154.685 
2.83117 0.446762 101056 1 -0.644271 0.478846 179 0 1795 -0.0206662 0.0777521 -0.126701 -0.96898 3.9122 154.708 
2.98297 0.6108 101122 1 -0.644271 0.478846 180 0 1797 -0.019885 0.0811649 -0.124591 -0.957483 3.86151 154.836 
2.97346 0.586168 101154 1 -0.644271 0.478846 181 0 1798 -0.0217873 0.0789254 -0.123897 -0.990591 3.84629 155.051 
2.65235 0.48479 101221 1 -0.644271 0.478846 182 0 1800 -0.020861 0.0731935 -0.130457 -1.07014 3.91785 154.604 
2.46645 0.313609 101288 1 -0.644271 0.478846 183 0 1802 -0.0212688 0.0608353 -0.132381 -1.21409 3.95336 154.662 
2.68946 0.332361 101355 1 -0.644271 0.478846 184 0 1804 -0.0217716 0.0645012 -0.131538 -1.15154 3.95748 154.756 
2.64191 0.397018 101455 1 -0.644271 0.478846 185 0 1807 -0.0221836 0.0715421 -0.130034 -1.05523 3.95016 154.732 
2.897 0.392538 101521 1 -0.644271 0.478846 186 0 1809 -0.0213637 0.0785569 -0.12687 -0.968233 3.91563 154.697 
2.897 0.392538 101521 1 -0.644271 0.478846 187 0 1809 -0.0213637 0.0785569 -0.12687 -0.968233 3.91563 154.697 
2.897 0.392538 101521 1 -0.644271 0.478846 188 0 1809 -0.0213637 0.0785569 -0.12687 -0.968233 3.91563 154.697 
2.78865 0.393833 101588 1 -0.644271 0.478846 189 0 1811 -0.0220151 0.0809584 -0.125998 -0.940582 3.92055 154.8 
3.01088 0.443197 101756 1 -0.644271 0.478846 190 0 1816 -0.0216447 0.0821593 -0.126645 -0.946292 3.93789 154.766 
3.01088 0.443197 101756 1 -0.644271 0.478846 191 0 1816 -0.0216447 0.0821593 -0.126645 -0.946292 3.93789 154.766 
2.58353 0.23532 101890 1 -0.644271 0.478846 192 0 1820 -0.019989 0.0660151 -0.133477 -1.15865 4.02503 154.385 
1.83572 0.390422 101989 1 -0.644271 0.478846 193 0 1823 -0.0180151 0.0755283 -0.135586 -1.01545 4.05135 154.146 
2.00358 0.445196 102056 1 -0.644271 0.478846 194 0 1825 -0.0192991 0.0820203 -0.133719 -0.938536 4.01905 154.43 
1.90693 0.689746 102190 1 -0.644271 0.478846 195 0 1829 -0.0216244 0.0770392 -0.126289 -1.00599 3.91574 154.587 
1.90693 0.689746 102190 1 -0.644271 0.478846 196 0 1829 -0.0216244 0.0770392 -0.126289 -1.00599 3.91574 154.587 
1.90693 0.689746 102190 1 -0.644271 0.478846 197 0 1829 -0.0216244 0.0770392 -0.126289 -1.00599 3.91574 154.587 
1.90693 0.689746 102190 1 -0.644271 0.478846 198 0 1829 -0.0216244 0.0770392 -0.126289 -1.00599 3.91574 154.587 
1.9676 0.958656 102456 1 -0.644271 0.478846 199 0 1837 -0.021238 0.0749649 -0.114173 -1.02481 3.80697 154.839 
1.92041 0.835754 102523 1 -0.644271 0.478846 200 0 1839 -0.0207175 0.0742782 -0.122355 -1.02706 3.89302 154.514 
1.95635 0.692229 102590 1 -0.644271 0.478846 201 0 1841 -0.0187847 0.0746272 -0.129061 -1.01863 3.97832 154.434 
2.05503 0.595273 102657 1 -0.644271 0.478846 202 0 1843 -0.0176735 0.0775306 -0.134208 -0.980856 4.042 154.265 
2.05503 0.595273 102657 1 -0.644271 0.478846 203 0 1843 -0.0176735 0.0775306 -0.134208 -0.980856 4.042 154.265 
2.09631 0.524596 102690 1 -0.644271 0.478846 204 0 1844 -0.0185958 0.0787896 -0.135632 -0.952121 4.06509 154.448 
2.19481 0.567964 102824 1 -0.644271 0.478846 205 0 1848 -0.0184025 0.0789016 -0.135735 -0.953383 4.06389 154.465 
2.19481 0.567964 102824 1 -0.644271 0.478846 206 0 1848 -0.0184025 0.0789016 -0.135735 -0.953383 4.06389 154.465 
2.16149 0.565918 102923 1 -0.644271 0.478846 207 0 1851 -0.0184025 0.0789016 -0.135735 -0.953383 4.06389 154.465 
2.16149 0.565918 102923 1 -0.644271 0.478846 208 0 1851 -0.0184025 0.0789016 -0.135735 -0.953383 4.06389 154.465 
2.03155 0.727949 103056 1 -0.644271 0.478846 209 0 1855 -0.0179372 0.0779013 -0.133877 -1.00346 3.99696 154.609 
1.71846 0.770905 103157 1 -0.644271 0.478846 210 0 1858 -0.0206228 0.0642132 -0.128012 -1.17839 3.93917 154.651 
1.77881 0.699456 103291 1 -0.644271 0.478846 211 0 1862 -0.0212124 0.0708707 -0.13146 -1.10061 3.98735 154.39 
1.78124 0.658742 103358 1 -0.644271 0.478846 212 0 1864 -0.0204107 0.0686057 -0.132631 -1.12289 4.00131 154.462 
1.79786 0.708592 103391 1 -0.644271 0.478846 213 0 1865 -0.0201223 0.0687399 -0.130132 -1.11913 3.97198 154.525 
1.8272 0.696044 103457 1 -0.644271 0.478846 214 0 1867 -0.0201572 0.0714205 -0.131666 -1.0887 3.99316 154.417 
1.87983 0.651031 103524 1 -0.644271 0.478846 215 0 1869 -0.0208394 0.0737769 -0.133508 -1.05454 4.01689 154.344 
1.87983 0.651031 103524 1 -0.644271 0.478846 216 0 1869 -0.0208394 0.0737769 -0.133508 -1.05454 4.01689 154.344 
1.87983 0.651031 103524 1 -0.644271 0.478846 217 0 1869 -0.0208394 0.0737769 -0.133508 -1.05454 4.01689 154.344 
1.56441 0.531975 103591 1 -0.644271 0.478846 218 0 1871 -0.0356401 0.0800255 -0.145708 -0.998978 4.13368 152.061 
1.59959 0.552363 103824 1 -0.644271 0.478846 219 0 1878 -0.01905 0.0626961 -0.127761 -1.19443 4.01315 154.055 
1.5904 0.541079 103858 1 -0.644271 0.478846 220 0 1879 -0.0183506 0.0628096 -0.128315 -1.18692 4.02563 154.261 
1.64115 0.535372 103924 1 -0.644271 0.478846 221 0 1881 -0.01781 0.0645556 -0.129976 -1.1506 4.05435 154.129 
1.60746 0.545514 103991 1 -0.644271 0.478846 222 0 1883 -0.0174567 0.0629212 -0.12937 -1.17585 4.05344 154.139 
1.60746 0.545514 103991 1 -0.644271 0.478846 223 0 1883 -0.0174567 0.0629212 -0.12937 -1.17585 4.05344 154.139 
1.6385 1.22516 104058 1 -0.644271 0.478846 224 0 1885 -0.0185738 0.0590199 -0.122516 -1.22326 3.97664 154.316 
2.64681 6.75721 104191 1 -0.644271 0.478846 225 0 1889 -0.0185738 0.0590199 -0.122516 -1.22326 3.97664 154.316 
2.64681 6.75721 104191 1 -0.644271 0.478846 226 0 1889 -0.0185738 0.0590199 -0.122516 -1.22326 3.97664 154.316 
3.69519 5.07491 104292 1 -0.644271 0.478846 227 0 1892 -0.0200227 0.0604105 -0.124566 -1.16979 4.01988 154.521 
3.69519 5.07491 104292 1 -0.644271 0.478846 228 0 1892 -0.0200227 0.0604105 -0.124566 -1.16979 4.01988 154.521 
0.87033 1.47454 104426 1 -0.644271 0.478846 229 0 1896 -0.0185067 0.0660971 -0.118916 -1.10244 3.94923 154.392 
1.05031 1.00863 104558 1 -0.644271 0.478846 230 1 1900 -0.0178979 0.0740074 -0.113671 -1.0022 3.91225 154.59 
1.03431 0.959023 104625 1 -0.644271 0.478846 231 1 1902 -0.0182578 0.0743034 -0.114076 -0.983613 3.90978 154.311 
1.0819 0.852994 104692 1 -0.644271 0.478846 232 1 1904 -0.0181903 0.0742636 -0.116079 -0.985874 3.93854 154.386 
0.977263 0.77601 104759 1 -0.644271 0.478846 233 1 1906 -0.0178103 0.0694535 -0.114463 -1.04656 3.92725 154.165 
0.994633 0.775536 104826 1 -0.644271 0.478846 234 1 1908 -0.0172231 0.0683394 -0.111979 -1.04495 3.91726 154.247 
1.46443 2.5283 104892 1 -0.644271 0.478846 235 0 1910 -0.0172231 0.0683394 -0.111979 -1.04495 3.91726 154.247 
1.46443 2.5283 104892 1 -0.644271 0.478846 236 0 1910 -0.0172231 0.0683394 -0.111979 -1.04495 3.91726 154.247 
1.30815 3.83538 104992 1 -0.644271 0.478846 237 0 1913 -0.0169492 0.0642277 -0.107375 -1.05334 3.84375 154.658 
2.25589 1.83361 105126 1 -0.644271 0.478846 238 0 1917 -0.0165324 0.0612295 -0.103661 -1.09492 3.76515 154.63 
2.25589 1.83361 105126 1 -0.644271 0.478846 239 0 1917 -0.0165324 0.0612295 -0.103661 -1.09492 3.76515 154.63 
1.89662 0.854891 105226 1 -0.644271 0.478846 240 0 1920 -0.0197122 0.0672415 -0.11396 -1.11272 3.86199 154.678 
1.53154 0.912248 105359 1 -0.644271 0.478846 241 0 1924 -0.0227605 0.0643044 -0.122699 -1.26184 3.91591 154.603 
1.55399 0.778355 105426 1 -0.644271 0.478846 242 0 1926 -0.0236611 0.0641981 -0.136591 -1.31384 4.0611 154.307 
1.706 0.899643 105526 1 -0.644271 0.478846 243 0 1929 -0.0250609 0.0687837 -0.13655 -1.30538 4.05882 154.442 
1.706 0.899643 105526 1 -0.633333 0.477885 244 0 1929 -0.0250609 0.0687837 -0.13655 -1.30538 4.05882 154.442 
1.706 0.899643 105526 1 -0.633333 0.477885 245 0 1929 -0.0250609 0.0687837 -0.13655 -1.30538 4.05882 154.442 
1.706 0.899643 105526 1 -0.630208 0.477885 246 0 1929 -0.0250609 0.0687837 -0.13655 -1.30538 4.05882 154.442 
1.42067 1.26459 105593 1 -0.625521 0.477885 247 0 1931 -0.0433377 0.0699276 -0.100694 -1.35248 3.69111 153.467 
1.37491 1.2806 105893 1 -0.621354 0.477885 248 0 1940 -0.048467 0.0720664 -0.126831 -1.86412 4.00127 154.491 
1.37491 1.2806 105893 1 -0.609896 0.477885 249 0 1940 -0.048467 0.0720664 -0.126831 -1.86412 4.00127 154.491 
1.32028 1.40945 106060 1 -0.598958 0.478846 250 0 1945 -0.0516168 0.0814202 -0.122595 -1.74923 3.98624 154.303 
1.27986 1.39276 106160 1 -0.59375 0.478846 251 0 1948 -0.0493848 0.0684311 -0.117045 -1.81903 4.01469 154.189 
1.40651 1.23995 106227 1 -0.590625 0.478846 252 0 1950 -0.0456886 0.0708227 -0.122879 -1.73976 4.10513 153.967 
1.40651 1.23995 106227 1 -0.590625 0.478846 253 0 1950 -0.0456886 0.0708227 -0.122879 -1.73976 4.10513 153.967 
1.45381 0.772345 106360 1 -0.590104 0.478846 254 0 1954 -0.0437406 0.077629 -0.115232 -1.58478 4.04736 153.796 
1.27698 0.558313 106427 1 -0.590104 0.478846 255 0 1956 -0.0446034 0.071034 -0.114524 -1.64433 4.05848 153.758 
1.31176 0.567303 106527 1 -0.590104 0.478846 256 0 1959 -0.0433278 0.0751989 -0.110767 -1.58904 4.03833 153.835 
1.33908 0.598448 106560 1 -0.590104 0.478846 257 0 1960 -0.0432515 0.0691049 -0.110437 -1.64383 4.03745 153.837 
1.25503 0.644693 106660 1 -0.590104 0.478846 258 0 1963 -0.042574 0.0645472 -0.108605 -1.68954 4.0178 154.1 
1.29056 0.639462 106728 1 -0.590625 0.478846 259 0 1965 -0.0409251 0.0688678 -0.111504 -1.63707 4.04662 153.966 
1.3478 0.627129 106794 1 -0.590625 0.478846 260 0 1967 -0.0414867 0.0665907 -0.113029 -1.64141 4.07695 153.752 
1.36284 0.701939 106860 1 -0.590625 0.478846 261 0 1969 -0.042191 0.0705998 -0.108991 -1.57167 4.04011 153.658 
1.42953 0.6968 106894 1 -0.590625 0.478846 262 0 1970 -0.0415868 0.0716824 -0.109241 -1.54918 4.04992 153.46 
1.50763 0.755487 106994 1 -0.590625 0.478846 263 0 1973 -0.0399423 0.068849 -0.10142 -1.55086 3.99953 153.686 
1.62706 0.821594 107061 1 -0.590625 0.478846 264 0 1975 -0.0387245 0.0754182 -0.0983726 -1.44679 3.98156 153.533 
1.60061 0.602517 107128 1 -0.590625 0.478846 265 0 1977 -0.0362317 0.0721335 -0.107089 -1.47399 4.10912 153.356 
1.5852 0.55562 107195 1 -0.590625 0.478846 266 0 1979 -0.0360561 0.071898 -0.108764 -1.46692 4.14387 153.164 
1.51031 0.468466 107228 1 -0.590625 0.478846 267 0 1980 -0.0350165 0.0662835 -0.112413 -1.5365 4.19264 153.114 
1.31679 0.799419 107328 1 -0.590625 0.478846 268 0 1983 -0.0362729 0.0651369 -0.108484 -1.57064 4.16305 153.105 
1.32657 0.83602 107394 1 -0.590625 0.478846 269 0 1985 -0.036242 0.0661764 -0.107795 -1.55502 4.17169 153.123 
1.3533 0.947095 107462 1 -0.590625 0.478846 270 0 1987 -0.0365076 0.0696359 -0.104345 -1.51674 4.1395 153.343 
1.35863 0.974603 107495 1 -0.590625 0.478846 271 0 1988 -0.0366054 0.0687542 -0.102384 -1.52905 4.10544 153.439 
1.35863 0.974603 107495 1 -0.590625 0.478846 272 0 1988 -0.0366054 0.0687542 -0.102384 -1.52905 4.10544 153.439 
1.14442 0.898615 107661 1 -0.590625 0.478846 273 1 1993 -0.0383937 0.0577607 -0.109833 -1.68817 4.15636 153.438 
1.74454 0.738639 107728 1 -0.590625 0.478846 274 0 1995 -0.0385283 0.0569055 -0.109463 -1.71287 4.15459 153.353 
1.85641 0.690928 107795 1 -0.590625 0.478846 275 0 1997 -0.0394644 0.0569904 -0.10972 -1.71886 4.14439 153.381 
1.84557 0.788939 107828 1 -0.590625 0.478846 276 0 1998 -0.0405152 0.05614 -0.105769 -1.73964 4.08689 153.416 
1.97433 0.887157 107929 1 -0.590625 0.478846 277 0 2001 -0.0433277 0.064009 -0.100105 -1.67489 3.99633 153.761 
1.9153 0.798761 107995 1 -0.590625 0.478846 278 0 2003 -0.044426 0.0652855 -0.100849 -1.70514 3.98341 153.837 
1.95703 0.857117 108066 1 -0.590625 0.478846 279 0 2005 -0.0453982 0.0709544 -0.0996034 -1.67756 3.95924 153.772 
2.32519 0.823126 108095 1 -0.590625 0.478846 280 0 2006 -0.0471985 0.0730858 -0.101119 -1.66937 3.9675 153.7 
2.54194 0.765591 108129 1 -0.590625 0.478846 281 0 2007 -0.0475398 0.0718384 -0.0999926 -1.6937 3.94927 153.611 
2.50739 0.701135 108230 1 -0.590625 0.478846 282 0 2010 -0.0479445 0.0744345 -0.10072 -1.69795 3.95343 153.626 
2.5125 0.657229 108296 1 -0.590625 0.478846 283 0 2012 -0.0485407 0.0744323 -0.100762 -1.69655 3.95467 153.699 
2.56757 0.68967 108330 1 -0.590625 0.478846 284 0 2013 -0.0478355 0.0743 -0.100297 -1.70199 3.94571 153.801 
2.58623 0.671547 108395 1 -0.590625 0.478846 285 0 2015 -0.0477057 0.0744535 -0.1005 -1.70365 3.94366 153.824 
2.58623 0.671547 108395 1 -0.590625 0.478846 286 0 2015 -0.0477057 0.0744535 -0.1005 -1.70365 3.94366 153.824 
2.80539 0.450619 108563 1 -0.590625 0.478846 287 0 2020 -0.0484506 0.0754887 -0.103702 -1.68158 4.01883 153.658 
1.96319 0.640107 108696 1 -0.590625 0.478846 288 0 2024 -0.0487274 0.07242 -0.102099 -1.75938 4.0202 153.367 
1.98166 0.610808 108762 1 -0.590625 0.478846 289 0 2026 -0.0481259 0.0731113 -0.102255 -1.76449 4.03438 153.48 
1.95493 0.628027 108796 1 -0.590625 0.478846 290 0 2027 -0.0482715 0.0739328 -0.102838 -1.75673 4.04524 153.498 
1.95493 0.628027 108796 1 -0.590625 0.478846 291 0 2027 -0.0482715 0.0739328 -0.102838 -1.75673 4.04524 153.498 
1.94402 0.616685 108964 1 -0.590625 0.478846 292 0 2032 -0.0468302 0.0740054 -0.102589 -1.7498 4.04206 153.552 
2.15542 0.74359 109032 1 -0.590625 0.478846 293 0 2034 -0.0483986 0.0723878 -0.102886 -1.77441 4.04286 153.566 
2.28083 0.739175 109097 1 -0.590625 0.478846 294 0 2036 -0.0508643 0.0689742 -0.107001 -1.81129 4.09608 153.519 
2.17135 0.710219 109129 1 -0.590625 0.478846 295 0 2037 -0.0495868 0.066894 -0.107755 -1.84411 4.10791 153.541 
2.29439 0.638143 109197 1 -0.590625 0.478846 296 0 2039 -0.0497686 0.0684547 -0.107731 -1.79703 4.12569 153.632 
2.27926 0.685239 109263 1 -0.590625 0.478846 297 0 2041 -0.0471304 0.0622509 -0.10873 -1.83243 4.13315 153.58 
2.36728 0.874691 109330 1 -0.590625 0.478846 298 0 2043 -0.0475538 0.0706811 -0.104986 -1.68716 4.06464 153.71 
2.24415 1.04637 109363 1 -0.590625 0.478846 299 0 2044 -0.0473085 0.0732326 -0.100622 -1.62533 3.99855 153.687 
2.24415 1.04637 109363 1 -0.590625 0.478846 300 0 2044 -0.0473085 0.0732326 -0.100622 -1.62533 3.99855 153.687 
2.31752 1.13056 109430 1 -0.590625 0.478846 301 0 2046 -0.0459042 0.0724239 -0.0963107 -1.57698 3.93148 153.925 
0.904237 0.367927 109665 1 -0.590625 0.478846 302 1 2053 -0.0367889 0.0642538 -0.103225 -1.47329 3.96565 154.447 
0.959411 0.2449 109731 1 -0.590625 0.478846 303 1 2055 -0.0354799 0.0615443 -0.103298 -1.50377 3.94545 154.401 
1.0037 0.163429 109764 1 -0.590625 0.478846 304 1 2056 -0.0348047 0.0666659 -0.104429 -1.4363 3.99545 154.307 
1.0037 0.163429 109764 1 -0.590625 0.478846 305 1 2056 -0.0348047 0.0666659 -0.104429 -1.4363 3.99545 154.307 
0.989524 0.0866428 109930 1 -0.590625 0.478846 306 1 2061 -0.0322602 0.061718 -0.105918 -1.44147 4.03185 154.568 
1.11016 0.155645 109997 1 -0.590625 0.478846 307 1 2063 -0.0312514 0.0701398 -0.102514 -1.30719 3.98335 154.738 
1.28913 0.143928 110064 1 -0.590625 0.478846 308 0 2065 -0.029601 0.0725104 -0.101678 -1.22453 3.94128 154.462 
1.68971 0.238552 110165 1 -0.590625 0.478846 309 0 2068 -0.029178 0.0710408 -0.100656 -1.22397 3.95962 154.562 
1.68019 0.183344 110231 1 -0.590625 0.478846 310 0 2070 -0.0294091 0.0714782 -0.10272 -1.22682 3.97078 154.482 
1.67707 0.273916 110298 1 -0.590625 0.478846 311 0 2072 -0.030039 0.070902 -0.100877 -1.23887 3.9422 154.523 
2.01598 0.454247 110364 1 -0.590625 0.478846 312 0 2074 -0.0314426 0.0696207 -0.101064 -1.29064 3.89963 154.622 
1.90147 0.0620863 110465 1 -0.590625 0.478846 313 0 2077 -0.0327283 0.0581017 -0.118782 -1.48205 4.12349 154.5 
1.90147 0.0620863 110465 1 -0.590625 0.478846 314 0 2077 -0.0327283 0.0581017 -0.118782 -1.48205 4.12349 154.5 
1.90147 0.0620863 110465 1 -0.590625 0.478846 315 0 2077 -0.0327283 0.0581017 -0.118782 -1.48205 4.12349 154.5 
1.43013 0.0637373 110664 1 -0.590625 0.478846 316 0 2083 -0.0349052 0.0576744 -0.118857 -1.55663 4.11205 154.473 
1.48689 0.0221882 110731 1 -0.590625 0.478846 317 0 2085 -0.0350442 0.0561476 -0.121298 -1.57289 4.13347 154.5 
1.24868 0.0409774 110765 1 -0.590625 0.478846 318 0 2086 -0.0354488 0.0573371 -0.123083 -1.56 4.15017 154.393 
1.07527 0.093352 110865 1 -0.590625 0.478846 319 1 2089 -0.0343086 0.0556704 -0.125657 -1.57187 4.17876 154.436 
1.07527 0.093352 110865 1 -0.590625 0.478846 320 1 2089 -0.0343086 0.0556704 -0.125657 -1.57187 4.17876 154.436 
2.41175 2.64438 110965 1 -0.590625 0.478846 321 0 2092 -0.0339114 0.053962 -0.126774 -1.57815 4.20487 154.469 
0.750842 1.58263 110999 1 -0.590625 0.478846 322 0 2093 -0.0334359 0.0537031 -0.127415 -1.50994 4.20646 154.352 
0.750842 1.58263 110999 1 -0.590625 0.478846 323 0 2093 -0.0334359 0.0537031 -0.127415 -1.50994 4.20646 154.352 
0.717749 0.879311 111234 1 -0.590625 0.478846 324 1 2100 -0.0283779 0.0598702 -0.1083 -1.29715 4.04421 154.766 
0.703875 0.845977 111299 1 -0.590625 0.478846 325 1 2102 -0.0281119 0.0557254 -0.10863 -1.33009 4.04043 154.778 
0.872764 0.566492 111366 1 -0.590625 0.478846 326 1 2104 -0.0275036 0.0578011 -0.10532 -1.31573 3.99005 154.624 
0.925117 0.397902 111399 1 -0.590625 0.478846 327 1 2105 -0.0288445 0.0602046 -0.106193 -1.29372 4.00381 154.604 
0.925117 0.397902 111399 1 -0.590625 0.478846 328 1 2105 -0.0288445 0.0602046 -0.106193 -1.29372 4.00381 154.604 
0.930486 0.300354 111566 1 -0.590625 0.478846 329 1 2110 -0.0297569 0.0695982 -0.105685 -1.25454 3.99669 154.504 
0.930914 0.278485 111632 1 -0.590625 0.478846 330 1 2112 -0.0317794 0.0722688 -0.105998 -1.25878 3.99764 154.65 
0.854142 0.39573 111699 1 -0.590625 0.478846 331 1 2114 -0.0325464 0.0703609 -0.104912 -1.33196 3.98831 154.694 
0.697912 0.365263 111766 1 -0.590625 0.478846 332 1 2116 -0.0338387 0.0608167 -0.104164 -1.49056 3.99551 154.787 
0.766785 0.386241 111832 1 -0.590625 0.478846 333 1 2118 -0.0342818 0.0618337 -0.102563 -1.49961 3.97878 154.63 
0.737861 0.433453 111899 1 -0.590625 0.478846 334 1 2120 -0.0361071 0.0645822 -0.103312 -1.48284 3.99478 154.627 
0.789142 0.506108 111966 1 -0.590625 0.478846 335 1 2122 -0.0360778 0.0660899 -0.10187 -1.45901 3.96071 154.513 
0.73928 0.433091 112033 1 -0.590625 0.478846 336 1 2124 -0.0342414 0.0627875 -0.101629 -1.47672 3.97227 154.726 
0.793016 0.558694 112134 1 -0.590625 0.478846 337 1 2127 -0.0336742 0.0621378 -0.102026 -1.46671 3.93689 154.74 
0.743719 0.361616 112199 1 -0.590625 0.478846 338 1 2129 -0.0342285 0.0596183 -0.111949 -1.49451 4.05079 154.679 
0.703122 0.386315 112267 1 -0.590625 0.478846 339 1 2131 -0.03463 0.0580665 -0.111425 -1.52439 4.036 154.639 
0.645602 0.395515 112333 1 -0.590625 0.478846 340 1 2133 -0.0343584 0.051846 -0.110331 -1.60291 4.01855 154.409 
0.631464 0.368593 112366 1 -0.590625 0.478846 341 1 2134 -0.034149 0.0549208 -0.110358 -1.57525 4.04388 154.567 
0.740996 0.499309 112434 1 -0.590625 0.478846 342 1 2136 -0.0335653 0.0616663 -0.103649 -1.48852 3.96861 154.645 
0.723556 0.491018 112500 1 -0.590625 0.478846 343 1 2138 -0.034612 0.0581013 -0.104543 -1.5186 3.97276 154.698 
0.698317 0.469585 112566 1 -0.590625 0.478846 344 1 2140 -0.0351512 0.0601994 -0.102459 -1.5242 3.96363 154.679 
0.689098 0.531473 112667 1 -0.590625 0.478846 345 1 2143 -0.0360372 0.0620206 -0.102157 -1.51808 3.95011 154.642 
0.693554 0.525916 112700 1 -0.590625 0.478846 346 1 2144 -0.036083 0.0624615 -0.102258 -1.52234 3.94911 154.644 
0.796877 0.489281 112767 1 -0.590625 0.478846 347 1 2146 -0.0373019 0.0654953 -0.104018 -1.51145 3.96767 154.555 
0.761866 0.504264 112834 1 -0.590625 0.478846 348 1 2148 -0.0371483 0.0662103 -0.104192 -1.51879 3.96566 154.525 
0.814165 0.43955 112901 1 -0.590625 0.478846 349 1 2150 -0.0376926 0.0696508 -0.105186 -1.48664 3.98864 154.475 
0.808133 0.499131 113000 1 -0.590625 0.478846 350 1 2153 -0.0383309 0.0735081 -0.101685 -1.46439 3.93934 154.541 
0.74215 0.530905 113067 1 -0.590625 0.478846 351 1 2155 -0.0399228 0.073058 -0.101035 -1.49235 3.92639 154.503 
0.743777 0.499661 113134 1 -0.590625 0.478846 352 1 2157 -0.0395993 0.0732759 -0.100755 -1.49026 3.93058 154.465 
0.976771 -0.308954 113234 1 -0.590625 0.478846 353 0 2160 -0.0392195 0.0783996 -0.100078 -1.4241 3.94013 154.461 
0.88906 -0.601018 113301 1 -0.590625 0.478846 354 0 2162 -0.0393113 0.0738735 -0.100646 -1.45991 3.94134 154.318 
0.832659 -0.681623 113367 1 -0.590625 0.478846 355 0 2164 -0.0386746 0.0734657 -0.100928 -1.45487 3.93776 154.366 
0.783615 -0.898561 113434 1 -0.590625 0.478846 356 0 2166 -0.0385197 0.0811968 -0.0977487 -1.36078 3.8967 154.448 
0.764882 -0.843489 113501 1 -0.590625 0.478846 357 0 2168 -0.0386114 0.0791987 -0.0973776 -1.37614 3.88464 154.345 
0.75152 -0.847476 113568 1 -0.590625 0.478846 358 0 2170 -0.0388032 0.0786372 -0.0982495 -1.38028 3.88726 154.349 
0.852354 -0.311247 113602 1 -0.590625 0.478846 359 0 2171 -0.0384939 0.0777954 -0.0995113 -1.38725 3.91836 154.464 
0.852354 -0.311247 113602 1 -0.590625 0.478846 360 0 2171 -0.0384939 0.0777954 -0.0995113 -1.38725 3.91836 154.464 
1.53531 1.56676 113635 1 -0.590625 0.478846 361 0 2172 -0.0384939 0.0777954 -0.0995113 -1.38725 3.91836 154.464 
0.905393 0.503914 113868 1 -0.590625 0.478846 362 1 2179 -0.0348496 0.0631909 -0.109624 -1.50357 4.00562 154.486 
0.90677 0.422047 113935 1 -0.590625 0.478846 363 1 2181 -0.0363575 0.0686541 -0.111648 -1.47703 4.01989 154.299 
0.998438 0.316447 113968 1 -0.590625 0.478846 364 1 2182 -0.0370047 0.0703072 -0.114168 -1.47114 4.05523 154.191 
0.938831 0.656502 114101 1 -0.590625 0.478846 365 1 2186 -0.0377701 0.0695529 -0.0884411 -1.59498 3.78929 156.468 
0.931278 0.818281 114135 1 -0.590625 0.478846 366 1 2187 -0.040638 0.0687978 -0.0809371 -1.63886 3.69958 157.565 
0.910472 0.837135 114202 1 -0.590625 0.478846 367 1 2189 -0.0428881 0.0658087 -0.0793112 -1.72666 3.67967 158.67 
0.967152 0.921497 114268 1 -0.590625 0.478846 368 1 2191 -0.049787 0.0628245 -0.0770602 -1.78555 3.66732 158.524 
1.05547 1.01599 114302 1 -0.590625 0.478846 369 1 2192 -0.0524157 0.0699001 -0.0762934 -1.70599 3.64799 158.481 
1.43611 1.47621 114436 1 -0.590625 0.478846 370 0 2196 -0.0462669 0.0657364 -0.0825981 -1.75274 3.72228 159.57 
1.34244 1.48502 114502 1 -0.590625 0.478846 371 0 2198 -0.0486347 0.0578522 -0.0847334 -1.8279 3.74875 159.307 
1.35368 1.54382 114568 1 -0.590625 0.478846 372 0 2200 -0.0489985 0.0571899 -0.0867495 -1.81363 3.75641 158.82 
1.45579 1.51232 114636 1 -0.590625 0.478846 373 0 2202 -0.0500369 0.0637286 -0.0899327 -1.73781 3.7866 158.678 
1.37783 1.62781 114703 1 -0.590625 0.478846 374 0 2204 -0.0488223 0.0611266 -0.085954 -1.80068 3.75969 158.803 
1.34649 1.65224 114803 1 -0.590625 0.478846 375 0 2207 -0.0495765 0.061495 -0.0843271 -1.79828 3.76346 158.957 
1.42225 1.73335 114869 1 -0.590625 0.478846 376 0 2209 -0.0473198 0.0629458 -0.0821403 -1.76629 3.72891 158.889 
1.41829 1.65138 114936 1 -0.590625 0.478846 377 0 2211 -0.0453256 0.0580864 -0.0815679 -1.76737 3.70514 159.016 
1.50164 1.73242 114969 1 -0.590625 0.478846 378 0 2212 -0.0444215 0.0629435 -0.0806707 -1.67691 3.68193 158.799 
1.59183 1.35215 115069 1 -0.590625 0.478846 379 0 2215 -0.041972 0.0646847 -0.0800426 -1.58034 3.70219 158.859 
1.57051 1.30678 115138 1 -0.590625 0.478846 380 0 2217 -0.0410241 0.0638153 -0.0790821 -1.5746 3.70273 158.913 
1.50275 1.27573 115203 1 -0.590625 0.478846 381 0 2219 -0.0421774 0.0600267 -0.0799578 -1.63708 3.70235 158.81 
1.49754 1.34094 115269 1 -0.590625 0.478846 382 0 2221 -0.0446306 0.0608911 -0.0777835 -1.678 3.67203 158.647 
1.55361 1.37497 115303 1 -0.590625 0.478846 383 0 2222 -0.0434219 0.0647473 -0.0774243 -1.65266 3.66656 158.706 
1.42254 1.33019 115437 1 -0.590625 0.478846 384 0 2226 -0.0419468 0.0623474 -0.0784632 -1.68786 3.65413 158.7 
1.42938 1.31308 115504 1 -0.590625 0.478846 385 0 2228 -0.0400056 0.0678093 -0.0847138 -1.61609 3.68563 158.354 
1.6068 1.23559 115570 1 -0.590625 0.478846 386 0 2230 -0.0376866 0.0756029 -0.0836711 -1.51245 3.65191 157.935 
1.6739 1.17524 115603 1 -0.590625 0.478846 387 0 2231 -0.0370079 0.0785355 -0.0834982 -1.46451 3.65393 158.076 
1.61218 1.11446 115704 1 -0.590625 0.478846 388 0 2234 -0.0357254 0.0696261 -0.0831914 -1.50953 3.66481 158.111 
1.47615 1.17245 115770 1 -0.590625 0.478846 389 0 2236 -0.0354729 0.0684636 -0.0796111 -1.4904 3.63179 158.193 
1.59608 1.11621 115837 1 -0.595313 0.475962 390 0 2238 -0.0355048 0.0656409 -0.0797891 -1.53604 3.63439 158.422 
1.35092 1.08709 115904 1 -0.595833 0.475962 391 0 2240 -0.0373808 0.0696818 -0.0842501 -1.53858 3.66913 158.098 
0.998032 0.943062 115937 1 -0.595833 0.475962 392 1 2241 -0.038874 0.0688921 -0.0866083 -1.58239 3.68795 158.087 
1.11906 0.869172 116037 1 -0.595833 0.475962 393 1 2244 -0.0415349 0.0780335 -0.0882675 -1.56977 3.70132 157.867 
1.11659 0.865465 116104 1 -0.595833 0.475962 394 1 2246 -0.0429489 0.0787075 -0.087636 -1.57632 3.69798 158.045 
1.09597 0.973872 116171 1 -0.595833 0.475962 395 1 2248 -0.0397154 0.0882083 -0.0810027 -1.42025 3.60621 157.73 
1.1074 0.90181 116237 1 -0.595833 0.475962 396 1 2250 -0.0401184 0.0822515 -0.0878207 -1.43711 3.65337 157.548 
1.12953 0.851656 116305 1 -0.594792 0.465385 397 1 2252 -0.0386861 0.0802195 -0.0899173 -1.41312 3.65023 157.635 
1.22905 0.822248 116370 1 -0.594792 0.465385 398 0 2254 -0.036095 0.0787147 -0.0906545 -1.35799 3.65033 157.282 
1.35037 0.808261 116471 1 -0.594792 0.465385 399 0 2257 -0.0337646 0.0854372 -0.0959569 -1.20686 3.73224 156.902 
1.28359 1.01995 116504 1 -0.594792 0.465385 400 0 2258 -0.0337481 0.0847482 -0.0914244 -1.20268 3.67631 156.841 
1.28359 1.01995 116504 1 -0.594792 0.465385 401 0 2258 -0.0337481 0.0847482 -0.0914244 -1.20268 3.67631 156.841 
1.0806 1.56721 116671 1 -0.595313 0.475 402 0 2263 -0.0362384 0.073076 -0.090082 -1.42827 3.71706 156.881 
1.19262 2.46881 116705 1 -0.595313 0.475 403 0 2264 -0.0382893 0.0722274 -0.0851423 -1.48286 3.6745 157.115 
3.30633 5.4501 116737 1 -0.595313 0.475 404 0 2265 -0.0401783 0.0696076 -0.0850287 -1.54896 3.68621 157.693 
3.34793 6.86741 116771 1 -0.595313 0.475 405 0 2266 -0.0419277 0.0668876 -0.084011 -1.63251 3.68466 157.648 
3.14955 5.14751 116837 1 -0.595313 0.475 406 0 2268 -0.0446896 0.0678509 -0.0847528 -1.71949 3.71748 157.542 
2.84933 1.71356 116938 1 -0.595833 0.475 407 0 2271 -0.0479268 0.0610318 -0.0878431 -1.89776 3.76348 157.447 
2.69789 0.88325 117038 1 -0.596875 0.475 408 0 2274 -0.0492546 0.069658 -0.0887362 -1.87125 3.77221 157.324 
2.68136 0.824527 117104 1 -0.597396 0.475 409 0 2276 -0.0492546 0.069658 -0.0887362 -1.87125 3.77221 157.324 
2.67834 0.716748 117138 1 -0.597396 0.475 410 0 2277 -0.0493893 0.0696683 -0.0886753 -1.87125 3.77286 157.312 
3.00201 0.652128 117272 1 -0.598437 0.475 411 0 2281 -0.0482695 0.0767947 -0.0869575 -1.75928 3.7445 157.196 
3.17875 0.66971 117338 1 -0.601563 0.475962 412 0 2283 -0.0482453 0.0897505 -0.0848882 -1.57824 3.70035 156.927 
3.22115 0.659669 117406 1 -0.608333 0.477885 413 0 2285 -0.0471463 0.0826546 -0.0870492 -1.65203 3.7166 156.728 
3.19625 0.505427 117472 1 -0.6125 0.478846 414 0 2287 -0.047429 0.0802367 -0.0911794 -1.68319 3.7572 156.68 
3.19625 0.505427 117472 1 -0.617188 0.480769 415 0 2287 -0.047429 0.0802367 -0.0911794 -1.68319 3.7572 156.68 
3.19625 0.505427 117472 1 -0.621354 0.482692 416 0 2287 -0.047429 0.0802367 -0.0911794 -1.68319 3.7572 156.68 
3.24206 0.514463 117505 1 -0.622396 0.482692 417 0 2288 -0.0475891 0.0804331 -0.0911932 -1.68326 3.75599 156.682 
1.50105 -0.169083 117773 1 -0.622396 0.482692 418 0 2296 -0.0470625 0.0821059 -0.0901497 -1.68754 3.74351 156.67 
1.53642 -0.209101 117806 1 -0.622396 0.482692 419 0 2297 -0.0462666 0.0834661 -0.088823 -1.66373 3.72313 156.437 
1.69863 -0.0783337 117939 1 -0.594792 0.481731 420 0 2301 -0.0438843 0.0846495 -0.079033 -1.58924 3.61515 155.97 
1.59623 -0.103673 118041 1 -0.589063 0.476923 421 0 2304 -0.0412341 0.0857579 -0.0813771 -1.49912 3.66775 156.11 
1.60152 -0.0817306 118139 1 -0.588542 0.475962 422 0 2307 -0.0385202 0.0820445 -0.0791101 -1.43519 3.6456 155.934 
1.60152 -0.0817306 118139 1 -0.588542 0.475962 423 0 2307 -0.0385202 0.0820445 -0.0791101 -1.43519 3.6456 155.934 
2.38506 0.0873131 118240 1 -0.588542 0.475962 424 0 2310 -0.0355412 0.0785736 -0.0816203 -1.37763 3.67854 155.853 
3.16003 -0.121455 118305 1 -0.598958 0.475962 425 0 2312 -0.036116 0.0778345 -0.0896581 -1.29583 3.76564 156.824 
3.04427 -0.0285834 118372 1 -0.613542 0.476923 426 0 2314 -0.0327492 0.0714468 -0.084414 -1.3036 3.69042 156.893 
3.34771 0.236564 118439 1 -0.619271 0.476923 427 0 2316 -0.0294246 0.0758826 -0.0771479 -1.17219 3.57286 156.95 
3.34771 0.236564 118439 1 -0.620313 0.476923 428 0 2316 -0.0294246 0.0758826 -0.0771479 -1.17219 3.57286 156.95 
3.51278 0.460997 118540 1 -0.619792 0.476923 429 0 2319 -0.0254764 0.0688027 -0.0753634 -1.21048 3.49159 156.975 
3.16473 0.0387892 118639 1 -0.610938 0.477885 430 0 2322 -0.0267281 0.0639854 -0.0916575 -1.29876 3.66946 157.065 
3.13467 0.0618796 118706 1 -0.594792 0.477885 431 0 2324 -0.0273863 0.0632415 -0.0922554 -1.32361 3.69745 156.871 
3.13467 0.0618796 118706 1 -0.588542 0.477885 432 0 2324 -0.0273863 0.0632415 -0.0922554 -1.32361 3.69745 156.871 
1.63925 0.23565 118739 1 -0.588542 0.477885 433 0 2325 -0.0273863 0.0632415 -0.0922554 -1.32361 3.69745 156.871 
1.4277 0.892774 118974 1 -0.590104 0.477885 434 0 2332 -0.0264301 0.0693934 -0.0792039 -1.14203 3.61357 156.957 
1.42538 0.930673 119007 1 -0.621354 0.476923 435 0 2333 -0.0268456 0.0691225 -0.0785298 -1.13785 3.62052 156.831 
1.33595 0.941187 119073 1 -0.633333 0.476923 436 0 2335 -0.0255188 0.0664714 -0.0821466 -1.16427 3.67284 156.895 
1.34542 0.94797 119106 1 -0.633333 0.476923 437 0 2336 -0.0260519 0.0660302 -0.0819977 -1.16923 3.66223 156.958 
0.965652 1.05222 119240 1 -0.633333 0.476923 438 1 2340 -0.0283605 0.064004 -0.0819418 -1.26401 3.67433 156.936 
0.76016 0.887883 119307 1 -0.629687 0.476923 439 1 2342 -0.0310078 0.0558316 -0.0857264 -1.43991 3.72059 156.935 
0.690859 0.944759 119374 1 -0.621875 0.475962 440 1 2344 -0.0340224 0.0603029 -0.0860691 -1.47784 3.70795 156.823 
0.719843 0.991523 119440 1 -0.6 0.475962 441 1 2346 -0.0371594 0.0682359 -0.0853082 -1.46601 3.69355 156.785 
0.710006 0.940449 119474 1 -0.59375 0.475962 442 1 2347 -0.0391916 0.0651366 -0.0861019 -1.53627 3.71085 156.787 
0.657688 0.702815 119607 1 -0.59375 0.475962 443 1 2351 -0.0442552 0.0631884 -0.0889667 -1.66305 3.80625 157.642 
0.585955 0.682788 119641 1 -0.594271 0.475962 444 1 2352 -0.0433812 0.0532193 -0.0930167 -1.75199 3.84582 157.293 
0.695609 1.12548 119708 1 -0.614062 0.475962 445 1 2354 -0.0467677 0.0500628 -0.0867359 -1.71543 3.73495 155.955 
0.695609 1.12548 119708 1 -0.638542 0.475962 446 1 2354 -0.0467677 0.0500628 -0.0867359 -1.71543 3.73495 155.955 
0.959837 2.96521 119741 1 -0.639583 0.476923 447 0 2355 -0.0467677 0.0500628 -0.0867359 -1.71543 3.73495 155.955 
1.0118 5.86394 119874 1 -0.639583 0.476923 448 0 2359 -0.0303629 0.00804257 -0.0579551 -1.64626 3.35171 156.6 
0.961854 2.42027 119941 1 -0.638021 0.476923 449 0 2361 -0.0179746 0.016813 -0.0600625 -1.30159 3.34416 155.885 
1.2085 1.44626 120008 1 -0.630729 0.477885 450 0 2363 -0.00307175 0.00814338 -0.0851898 -1.0682 3.51758 155.856 
1.2085 1.44626 120008 1 -0.6 0.477885 451 0 2363 -0.00307175 0.00814338 -0.0851898 -1.0682 3.51758 155.856 
1.2085 1.44626 120008 1 -0.595313 0.477885 452 0 2363 -0.00307175 0.00814338 -0.0851898 -1.0682 3.51758 155.856 
1.07781 1.2038 120075 1 -0.594271 0.477885 453 0 2365 0.0127064 -0.000583399 -0.091881 -0.948251 3.54558 155.436 
0.786954 0.635597 120274 1 -0.594271 0.477885 454 1 2371 0.0502959 -0.0862639 -0.0639799 -1.23203 3.63443 155.491 
0.473046 0.572534 120341 1 -0.597917 0.478846 455 1 2373 0.0708139 -0.151063 -0.0618165 -1.54399 3.66889 155.403 
0.473046 0.572534 120341 1 -0.624479 0.485577 456 1 2373 0.0708139 -0.151063 -0.0618165 -1.54399 3.66889 155.403 
0.344239 0.726011 120408 1 -0.633333 0.485577 457 1 2375 0.0843977 -0.18069 -0.06093 -1.43124 3.63322 155.602 
0.124887 1.01153 120609 1 -0.633333 0.485577 458 1 2381 0.115726 -0.189055 -0.0426847 -0.735977 3.32946 156.524 
0.210085 1.21665 120708 1 -0.633333 0.485577 459 0 2384 0.119373 -0.187075 -0.0281453 -0.487346 3.14787 156.95 
0.109374 1.19761 120775 1 -0.633333 0.485577 460 1 2386 0.123866 -0.187277 -0.0254158 -0.354995 3.13502 156.967 
0.109374 1.19761 120775 1 -0.627604 0.485577 461 1 2386 0.123866 -0.187277 -0.0254158 -0.354995 3.13502 156.967 
0.0853587 1.45794 120942 1 -0.614583 0.485577 462 0 2391 0.147377 -0.205239 -0.0196729 -0.0102727 3.02318 158.181 
0.339376 3.46563 120975 1 -0.594271 0.484615 463 0 2392 0.147377 -0.205239 -0.0196729 -0.0102727 3.02318 158.181 
-1.24255 6.21236 121008 1 -0.588021 0.484615 464 0 2393 0.153119 -0.24226 -0.0167262 -0.224659 3.11848 158.701 
-1.24255 6.21236 121008 1 -0.588021 0.484615 465 0 2393 0.153119 -0.24226 -0.0167262 -0.224659 3.11848 158.701 
-1.90039 3.90011 121076 1 -0.588021 0.484615 466 0 2395 0.154857 -0.249364 -0.00904392 -0.12391 3.22326 159.194 
-1.55026 2.24771 121176 1 -0.603646 0.484615 467 0 2398 0.156916 -0.260913 0.00102142 -0.108688 3.41731 160.497 
-1.47533 1.53306 121243 1 -0.628125 0.484615 468 0 2400 0.153966 -0.252894 -0.000441728 0.051755 3.75089 161.77 
-1.2893 1.06025 121309 1 -0.632292 0.484615 469 0 2402 0.143349 -0.241383 0.0022952 0.215952 3.98397 163.591 
-0.546094 1.16471 121375 1 -0.632292 0.484615 470 0 2404 0.136367 -0.214133 0.0230398 0.446611 3.84471 164.894 
-0.449801 1.37361 121510 1 -0.629167 0.483654 471 0 2408 0.113988 -0.180311 0.0234492 0.482098 3.72823 167.029 
-0.235896 1.25231 121576 1 -0.615625 0.483654 472 0 2410 0.0997475 -0.167982 0.0042247 0.317902 3.91462 167.813 
0.510233 1.54736 121643 1 -0.603646 0.482692 473 0 2412 0.0896442 -0.151337 -0.011455 0.0824478 4.07211 167.961 
0.510233 1.54736 121643 1 -0.6 0.482692 474 0 2412 0.0896442 -0.151337 -0.011455 0.0824478 4.07211 167.961 
0.370809 1.43887 121709 1 -0.6 0.482692 475 0 2414 0.0781766 -0.146715 -0.0271442 -0.416414 4.11145 167.863 
0.818129 1.86619 121843 1 -0.6 0.482692 476 0 2418 0.0350432 -0.110146 -0.0265136 -1.13847 3.82394 167.007 
1.12213 1.4854 121943 1 -0.603125 0.482692 477 0 2421 0.00414858 -0.0520692 -0.0425238 -1.26948 4.10802 166.901 
1.12213 1.4854 121943 1 -0.617708 0.482692 478 0 2421 0.00414858 -0.0520692 -0.0425238 -1.26948 4.10802 166.901 
1.18167 1.64346 122010 1 -0.628646 0.482692 479 0 2423 -0.00791038 -0.0483352 -0.0433305 -1.72402 4.06017 167.422 
1.18167 1.64346 122010 1 -0.628646 0.482692 480 0 2423 -0.00791038 -0.0483352 -0.0433305 -1.72402 4.06017 167.422 
0.844641 4.76761 122210 1 -0.628646 0.482692 481 0 2429 -0.0232812 0.0163139 -0.0722502 -2.39214 4.02018 166.604 
6.89124 6.47241 122278 1 -0.627083 0.482692 482 0 2431 -0.0299153 0.0364571 -0.0753046 -2.62888 4.01629 166.034 
6.89124 6.47241 122278 1 -0.616667 0.482692 483 0 2431 -0.0299153 0.0364571 -0.0753046 -2.62888 4.01629 166.034 
2.38381 1.96597 122344 1 -0.605208 0.482692 484 0 2433 -0.0344211 0.0551288 -0.0745836 -2.78293 4.02226 165.773 
2.24871 1.47386 122443 1 -0.599479 0.481731 485 0 2436 -0.0442487 0.07007 -0.0746055 -2.84921 3.82488 164.655 
2.10388 1.37273 122510 1 -0.599479 0.481731 486 0 2438 -0.0439551 0.0654311 -0.0964389 -2.86594 3.68801 162.95 
2.06122 0.968127 122577 1 -0.599479 0.481731 487 0 2440 -0.0312635 0.0613993 -0.111022 -2.81891 3.7507 160.501 
2.06122 0.968127 122577 1 -0.602604 0.481731 488 0 2440 -0.0312635 0.0613993 -0.111022 -2.81891 3.7507 160.501 
2.19859 1.01412 122644 1 -0.620833 0.481731 489 0 2442 -0.032081 0.0728928 -0.101495 -2.60077 3.90403 158.765 
2.32609 0.954659 122843 1 -0.629167 0.481731 490 0 2448 -0.0433541 0.0563668 -0.0879449 -2.6967 4.09586 162.036 
2.67651 1.59578 122877 1 -0.630208 0.481731 491 0 2449 -0.0388048 0.0579353 -0.0620671 -2.61361 3.75598 161.393 
2.52265 2.05355 122911 1 -0.630208 0.481731 492 0 2450 -0.0401379 0.0600606 -0.0453853 -2.51591 3.48458 160.462 
2.52265 2.05355 122911 1 -0.630208 0.481731 493 0 2450 -0.0401379 0.0600606 -0.0453853 -2.51591 3.48458 160.462 
1.74597 1.228 123112 1 -0.630208 0.481731 494 0 2456 -0.0366595 0.047538 -0.103988 -2.20411 3.99598 156.507 
1.37705 0.784847 123144 1 -0.630208 0.481731 495 0 2457 -0.0326753 0.0389352 -0.102732 -2.1583 3.9256 157.438 
1.51165 0.653553 123210 1 -0.630208 0.481731 496 0 2459 -0.0212665 0.033926 -0.112299 -1.93455 3.79934 160.109 
1.51165 0.653553 123210 1 -0.630208 0.481731 497 0 2459 -0.0212665 0.033926 -0.112299 -1.93455 3.79934 160.109 
1.66366 0.93936 123278 1 -0.630208 0.481731 498 0 2461 -0.0101441 0.0301102 -0.096441 -1.76906 3.4058 161.908 
1.70958 0.684771 123413 1 -0.630208 0.481731 499 0 2465 -0.0102398 0.0134258 -0.0922907 -1.80527 3.27475 165.531 
2.15847 2.19136 123478 1 -0.630208 0.481731 500 0 2467 -0.0102398 0.0134258 -0.0922907 -1.80527 3.27475 165.531 
1.44104 1.20335 123644 1 -0.630208 0.481731 501 0 2472 -0.0208425 0.00232342 -0.0267862 -2.66111 3.22256 174.906 
1.44104 1.20335 123644 1 -0.630208 0.481731 502 0 2472 -0.0208425 0.00232342 -0.0267862 -2.66111 3.22256 174.906 
1.55354 1.4442 123678 1 -0.630208 0.481731 503 0 2473 -0.0223571 0.0197592 -0.0213859 -2.60148 3.19406 175.652 
0.727584 2.24239 123779 1 -0.630208 0.481731 504 0 2476 -0.0370834 0.016138 -0.00732455 -2.75557 3.18854 174.541 
0.252254 2.07683 123812 1 -0.630208 0.481731 505 0 2477 -0.0427755 -0.000593968 -0.00262154 -3.00753 3.23554 174.687 
0.585358 1.51944 123912 1 -0.630208 0.481731 506 0 2480 -0.0435782 0.0227248 -0.0110539 -2.75135 3.66171 168.571 
0.585358 1.51944 123912 1 -0.630208 0.481731 507 0 2480 -0.0435782 0.0227248 -0.0110539 -2.75135 3.66171 168.571 
1.02958 0.729798 124114 1 -0.630208 0.481731 508 1 2486 -0.0157702 0.0487288 -0.043207 -1.99323 4.16925 163.732 
0.713325 0.603683 124179 1 -0.630208 0.481731 509 1 2488 -0.0139859 0.0362276 -0.0399429 -1.94798 4.33314 164.683 
0.932561 0.43969 124246 1 -0.630208 0.481731 510 1 2490 -0.0112871 0.041379 -0.0490822 -1.70329 4.48698 164.405 
0.959941 0.410661 124313 1 -0.630208 0.481731 511 1 2492 -0.0138558 0.0463114 -0.0576087 -1.39958 4.62215 165.351 
0.90171 0.290642 124345 1 -0.630208 0.481731 512 1 2493 -0.0142573 0.0473537 -0.0649776 -1.222 4.71776 165.241 
0.90171 0.290642 124345 1 -0.630208 0.481731 513 1 2493 -0.0142573 0.0473537 -0.0649776 -1.222 4.71776 165.241 
0.437897 0.237257 124413 1 -0.630208 0.481731 514 1 2495 -0.00758665 0.0267777 -0.0703247 -1.16627 4.81867 165.733 
0.424811 -0.373254 124479 1 -0.630208 0.481731 515 0 2497 0.00479475 0.0170474 -0.0950008 -0.985925 5.10852 165.16 
0.462225 -0.435228 124546 1 -0.630208 0.481731 516 0 2499 0.014203 0.0287228 -0.101818 -0.68465 5.07362 165.905 
1.19067 0.330684 124613 1 -0.630208 0.481731 517 1 2501 0.0269319 0.0332021 -0.0844909 -0.536691 4.66785 168.499 
1.25051 -0.396833 124746 1 -0.630208 0.481731 518 0 2505 0.0345876 0.0350148 -0.155313 -0.470332 5.04398 167.613 
1.36443 0.429113 124879 1 -0.630208 0.481731 519 0 2509 0.0203799 0.0339276 -0.113421 -0.592194 4.70933 170.803 
0.292494 0.588115 124946 1 -0.630208 0.481731 520 1 2511 0.0192308 0.0177634 -0.0851579 -0.901037 4.59659 172.405 
0.3746 0.153677 124980 1 -0.630208 0.479808 521 1 2512 0.0227784 0.0180695 -0.0846301 -0.951309 4.71679 172.667 
0.319817 0.108059 125082 1 -0.630729 0.479808 522 1 2515 0.0267143 0.00311638 -0.0589584 -1.17972 4.70507 173.4 
0.191076 0.0702153 125146 1 -0.630729 0.479808 523 1 2517 0.026191 -0.00598574 -0.0420293 -1.32281 4.60821 173.69 
0.237603 0.369212 125213 1 -0.630729 0.479808 524 1 2519 0.0192443 -0.00422094 -0.0277545 -1.35673 4.47893 173.933 
0.044861 0.396626 125280 1 -0.630729 0.479808 525 1 2521 0.00785402 -0.00890482 -0.0315124 -1.47889 4.44386 173.835 
0.0947848 0.431703 125313 1 -0.630729 0.479808 526 1 2522 0.000954414 -0.000667851 -0.0404432 -1.42653 4.47869 173.432 
0.0901069 0.275415 125414 1 -0.630729 0.479808 527 1 2525 -0.0143998 0.0105168 -0.0551567 -1.49332 4.52663 173.212 
0.165743 0.235428 125480 1 -0.630729 0.479808 528 1 2527 -0.0141097 0.0207021 -0.0632465 -1.47124 4.58401 173.262 
0.105572 0.316076 125546 1 -0.630729 0.479808 529 1 2529 -0.0175492 0.0180816 -0.0655699 -1.54081 4.58547 173.029 
0.162701 0.30382 125613 1 -0.630729 0.479808 530 1 2531 -0.0156305 0.0254244 -0.0672917 -1.49737 4.60478 173.014 
0.199843 0.240324 125647 1 -0.631771 0.479808 531 1 2532 -0.0164619 0.0304107 -0.067842 -1.46547 4.63297 173.147 
0.182531 0.0337094 125747 1 -0.633333 0.480769 532 1 2535 -0.0111682 0.0237953 -0.077185 -1.55037 4.76374 172.682 
0.310965 -0.0547141 125848 1 -0.633854 0.480769 533 1 2538 -0.0118657 0.0328491 -0.0809396 -1.42524 4.81425 172.412 
0.208334 -0.051991 125914 1 -0.631771 0.480769 534 1 2540 -0.0117387 0.0224153 -0.0760747 -1.54741 4.77457 172.387 
0.208334 -0.051991 125914 1 -0.629687 0.480769 535 1 2540 -0.0117387 0.0224153 -0.0760747 -1.54741 4.77457 172.387 
0.262433 -0.0480923 126081 1 -0.616667 0.478846 536 1 2545 -0.00838263 0.0335548 -0.0732496 -1.40972 4.75821 172.195 
0.28192 -0.0702204 126114 1 -0.419792 0.525 537 1 2546 -0.00691409 0.0380196 -0.0715662 -1.34083 4.7396 171.979 
0.375188 -0.0390419 126215 1 -0.341667 0.588462 538 1 2549 -0.00296444 0.0395547 -0.0630547 -1.24752 4.67854 171.548 
0.375188 -0.0390419 126215 1 -0.321354 0.680769 539 1 2549 -0.00296444 0.0395547 -0.0630547 -1.24752 4.67854 171.548 
0.394878 -0.253656 126314 1 -0.280208 0.731731 540 0 2552 -0.000409242 0.0397211 -0.0663026 -1.19965 4.75938 171.438 
0.567658 -0.00377308 126414 1 -0.0166667 0.698077 541 1 2555 0.00141168 0.0452063 -0.0519566 -1.10178 4.64065 171.761 
0.614518 0.144053 126481 1 0.298958 0.415385 542 1 2557 0.00250886 0.0491229 -0.0497037 -1.02371 4.61079 171.898 
0.564217 0.164768 126515 1 0.368229 0.114423 543 1 2558 0.00305054 0.051146 -0.050016 -0.995867 4.6006 172.033 
0.667344 0.173183 126614 1 0.341146 0 544 1 2561 0.00174962 0.0577335 -0.0620204 -0.933726 4.69935 171.942 
0.667344 0.173183 126614 1 0.310417 0 545 1 2561 0.00174962 0.0577335 -0.0620204 -0.933726 4.69935 171.942 
2.15675 3.13457 126714 1 0.270313 0 546 0 2564 0.0015832 0.0533142 -0.0650089 -1.00772 4.73028 171.871 
1.5729 1.98741 126748 1 0.221875 0 547 0 2565 0.00165763 0.0518147 -0.0664621 -1.01517 4.74306 171.842 
1.5729 1.98741 126748 1 0.220312 0.000961538 548 0 2565 0.00165763 0.0518147 -0.0664621 -1.01517 4.74306 171.842 
1.84736 1.38251 126782 1 0.246354 0.0384615 549 0 2566 0.00201727 0.0521212 -0.0681959 -1.01125 4.76489 171.763 
1.7514 0.538287 127015 1 0.290625 0.0519231 550 0 2573 0.00166296 0.0422126 -0.0705681 -1.1488 4.82135 171.751 
1.69181 0.5565 127115 1 0.322396 0.0605769 551 0 2576 0.000976895 0.0464712 -0.0646934 -1.11063 4.77078 171.75 
1.61354 0.754629 127148 1 0.348438 0.0663462 552 0 2577 0.000743232 0.0414393 -0.0647427 -1.17294 4.78002 171.686 
1.61354 0.754629 127148 1 0.386458 0.0663462 553 0 2577 0.000743232 0.0414393 -0.0647427 -1.17294 4.78002 171.686 
2.29763 2.62386 127182 1 0.44375 0.0711538 554 0 2578 0.000743232 0.0414393 -0.0647427 -1.17294 4.78002 171.686 
2.44257 2.81152 127349 1 0.464583 0.0759615 555 0 2583 -0.0036893 0.0321381 -0.0647473 -1.15418 4.8392 171.544 
1.74153 1.94156 127381 1 0.466667 0.0759615 556 0 2584 -0.00328094 0.0287407 -0.0631998 -1.19317 4.8316 171.404 
1.47755 1.24665 127448 1 0.488021 0.0759615 557 0 2586 -0.00120564 0.0327254 -0.0675705 -1.17704 4.91802 171.147 
1.72925 1.11231 127651 1 0.503646 0.0759615 558 0 2592 0.00163983 0.0337869 -0.0622698 -1.04433 4.90973 170.954 
1.71911 1.0571 127716 1 0.504167 0.0759615 559 0 2594 0.00283197 0.0324731 -0.0631803 -1.05294 4.94232 170.999 
1.74956 1.02024 127782 1 0.504167 0.0759615 560 0 2596 0.0049593 0.0347336 -0.0608652 -1.02671 4.93762 171.141 
1.49177 0.982504 127815 1 0.491146 0.075 561 0 2597 0.00447308 0.0342517 -0.0639121 -1.03453 4.97275 170.996 
1.45968 1.16207 127950 1 0.360417 0.0673077 562 0 2601 0.00321274 0.0322283 -0.0504766 -1.06074 4.83446 170.784 
1.39995 1.29328 128051 1 0.227083 0.0673077 563 0 2604 0.00237619 0.027822 -0.0459471 -1.12641 4.80906 170.755 
1.59404 1.25032 128117 1 0.135417 0.0480769 564 0 2606 0.002671 0.0355561 -0.0480063 -1.06973 4.85149 170.875 
1.54838 1.20742 128149 1 0.110937 0.0240385 565 0 2607 0.00320428 0.0344738 -0.0476646 -1.1134 4.85084 170.842 
1.54954 1.10154 128249 1 0.104688 0.0163462 566 0 2610 0.000952716 0.0330179 -0.0485819 -1.18536 4.85275 170.929 
1.42884 0.628414 128350 1 0.105208 0.0153846 567 0 2613 -0.00126151 0.0387624 -0.0509855 -1.14462 4.86177 170.634 
1.63709 0.636504 128417 1 0.111458 0.0153846 568 0 2615 -0.000577624 0.0446541 -0.0517102 -1.06258 4.88696 170.731 
1.63709 0.636504 128417 1 0.116667 0.0163462 569 0 2615 -0.000577624 0.0446541 -0.0517102 -1.06258 4.88696 170.731 
1.76035 0.755156 128550 1 0.117708 0.0163462 570 0 2619 0.00105934 0.0392865 -0.0566967 -1.1267 4.95839 170.702 
1.77721 0.717334 128650 1 0.117708 0.0163462 571 0 2622 -0.00149119 0.0388032 -0.0543583 -1.10894 4.94003 170.712 
1.75177 0.493814 128717 1 0.117708 0.0163462 572 0 2624 0.00176886 0.041811 -0.0657177 -1.09455 5.0919 170.373 
1.54835 0.45915 128818 1 0.128125 0.0519231 573 0 2627 0.00316329 0.029298 -0.0653157 -1.25793 5.1056 170.36 
1.54265 0.624853 128917 1 0.201042 0.183654 574 0 2630 0.00144146 0.0268292 -0.0534448 -1.32268 4.94441 170.604 
1.62472 0.706159 128983 1 0.240104 0.255769 575 0 2632 0.000788193 0.0275876 -0.0507596 -1.31309 4.89806 170.737 
1.09729 0.307562 129050 1 0.240104 0.270192 576 1 2634 -0.000890351 0.0318648 -0.0538048 -1.25816 4.9355 170.742 
1.06543 0.0416791 129118 1 0.239063 0.277885 577 1 2636 0.00120029 0.0312923 -0.0541183 -1.25989 4.94367 170.52 
1.05478 -0.310108 129218 1 0.236979 0.284615 578 0 2639 0.00397328 0.0340625 -0.0591879 -1.18306 5.03314 170.299 
0.990372 -0.51256 129283 1 0.231771 0.296154 579 0 2641 0.00519072 0.0260494 -0.0611746 -1.21717 5.08173 170.235 
0.964224 -0.476348 129350 1 0.226563 0.305769 580 0 2643 0.00675116 0.0304247 -0.0576617 -1.10459 5.06504 170.241 
0.985122 -0.425007 129384 1 0.224479 0.309615 581 0 2644 0.00741197 0.0360231 -0.0557099 -1.00654 5.04048 170.245 
