ImageFile:
0.290178 0.291448 64829 1 0.356771 0.190385 1 1 721 0.00341107 -0.086889 0.098551 -0.998006 2.62289 120.411 
0.315029 0.298411 64909 1 0.356771 0.190385 2 1 723 0.00341022 -0.0867416 0.0982938 -0.999099 2.62024 120.479 
0.27634 0.466009 64989 1 0.356771 0.190385 3 1 725 0.0038642 -0.0820989 0.100608 -0.961406 2.59813 120.554 
0.281117 0.456173 65029 1 0.356771 0.190385 4 1 726 0.00383234 -0.0825315 0.0975693 -0.967171 2.63247 120.617 
0.290079 0.450493 65109 1 0.355208 0.193269 5 1 728 0.00292683 -0.0829488 0.0976488 -0.96306 2.63326 120.564 
0.296618 0.42164 65189 1 0.338021 0.280769 6 1 730 0.00312856 -0.0833493 0.0982187 -0.960145 2.63846 120.513 
0.303675 0.416448 65232 1 0.239063 0.549038 7 1 731 0.0030867 -0.0837324 0.09833 -0.956603 2.63956 120.51 
0.302085 0.4064 65310 1 0.120313 0.822115 8 1 733 0.00322846 -0.08398 0.0985664 -0.954321 2.64186 120.512 
-0.0349745 0.417226 65390 1 0.09375 0.872115 9 1 735 0.0033137 -0.082731 0.0995475 -0.915419 2.64081 120.547 
-0.328913 0.304476 65470 1 0.0927083 0.872115 10 0 737 0.00384916 -0.0776845 0.101071 -0.828426 2.63803 120.55 
-0.270002 0.28826 65510 1 0.0927083 0.872115 11 0 738 0.00473351 -0.075507 0.102578 -0.793694 2.62782 120.592 
-0.248656 0.261688 65590 1 0.0927083 0.895192 12 0 740 0.00472936 -0.0786135 0.101906 -0.800904 2.63404 120.527 
-0.298691 0.228051 65671 1 0.0901042 0.933654 13 0 742 0.00481032 -0.0795068 0.101952 -0.797787 2.64181 120.501 
-0.299454 0.2104 65711 1 0.0854167 0.949038 14 0 743 0.00517321 -0.079248 0.100785 -0.796814 2.65811 120.528 
-0.278635 0.207787 65790 1 0.0833333 0.952885 15 0 745 0.00512336 -0.0769097 0.10237 -0.779626 2.64246 120.536 
-0.278635 0.207787 65790 1 0.0807292 0.959615 16 0 745 0.00512336 -0.0769097 0.10237 -0.779626 2.64246 120.536 
-0.278635 0.207787 65790 1 0.0776042 0.973077 17 0 745 0.00512336 -0.0769097 0.10237 -0.779626 2.64246 120.536 
-0.280599 0.162993 65991 1 0.075 0.976923 18 0 750 0.00478665 -0.0766176 0.103114 -0.769701 2.65622 120.55 
-0.267863 0.158533 66072 1 0.0744792 0.977885 19 0 752 0.00478255 -0.0763005 0.102778 -0.749832 2.66587 120.623 
-0.24702 0.159461 66112 1 0.0744792 0.977885 20 0 753 0.00492829 -0.0730077 0.101877 -0.710642 2.66683 120.627 
-0.24702 0.159461 66112 1 0.0744792 0.977885 21 0 753 0.00492829 -0.0730077 0.101877 -0.710642 2.66683 120.627 
-0.188342 0.191132 66271 1 0.0744792 0.977885 22 1 757 0.00467216 -0.0707234 0.101876 -0.658111 2.63517 120.604 
-0.195709 0.194109 66352 1 0.0744792 0.977885 23 1 759 0.00496575 -0.071204 0.101332 -0.653499 2.63009 120.678 
-0.200986 0.189792 66392 1 0.0744792 0.977885 24 0 760 0.00477854 -0.0711982 0.101029 -0.65333 2.62717 120.705 
-0.184745 0.188339 66432 1 0.0744792 0.977885 25 1 761 0.00457591 -0.0686701 0.102431 -0.631684 2.60361 120.725 
-0.184745 0.188339 66432 1 0.0744792 0.977885 26 1 761 0.00457591 -0.0686701 0.102431 -0.631684 2.60361 120.725 
-0.202154 0.185541 66632 1 0.0744792 0.977885 27 0 766 0.003744 -0.0681354 0.101499 -0.645373 2.60672 120.687 
-0.202866 0.184485 66672 1 0.0744792 0.977885 28 0 767 0.00377257 -0.0680966 0.101495 -0.645753 2.60667 120.685 
-0.198225 0.183031 66793 1 0.0744792 0.977885 29 1 770 0.00409047 -0.068262 0.101421 -0.64415 2.60595 120.685 
-0.196439 0.180962 66833 1 0.0744792 0.977885 30 1 771 0.00420844 -0.0683676 0.101393 -0.643109 2.6057 120.682 
-0.192846 0.172768 66912 1 0.0744792 0.977885 31 1 773 0.0047683 -0.0686947 0.101378 -0.639925 2.60551 120.668 
-0.198227 0.155486 67033 1 0.0744792 0.977885 32 1 776 0.00618648 -0.0692679 0.101925 -0.635956 2.60908 120.533 
-0.189821 0.182863 67073 1 0.0744792 0.977885 33 1 777 0.00605081 -0.0697318 0.103902 -0.63606 2.58946 120.487 
-0.18981 0.183085 67153 1 0.0744792 0.977885 34 1 779 0.00604956 -0.0697331 0.103896 -0.636046 2.5894 120.488 
-0.189237 0.18364 67234 1 0.0744792 0.977885 35 1 781 0.00603095 -0.0697715 0.103871 -0.635669 2.58915 120.494 
-0.189237 0.18364 67274 1 0.0744792 0.977885 36 1 782 0.00603095 -0.0697715 0.103871 -0.635669 2.58915 120.494 
-0.190273 0.186494 67353 1 0.0744792 0.977885 37 1 784 0.00604672 -0.0697901 0.103741 -0.635496 2.5879 120.515 
-0.23257 0.214808 67434 1 0.0744792 0.977885 38 0 786 0.00656607 -0.0689479 0.10227 -0.628229 2.60646 120.551 
-0.546245 1.15002 67514 1 0.0744792 0.977885 39 0 788 0.00522215 -0.0681286 0.0979113 -0.617271 2.66897 120.971 
-0.33711 0.450952 67594 1 0.0744792 0.977885 40 0 790 0.00530949 -0.0636364 0.0988145 -0.569963 2.64773 120.772 
-0.240268 0.275884 67634 1 0.059375 0.950962 41 0 791 0.00648013 -0.0629535 0.100627 -0.560303 2.62233 120.752 
-0.18325 0.240829 67714 1 -0.0958333 0.721154 42 1 793 0.00693851 -0.0648694 0.102251 -0.577844 2.60998 120.604 
-0.172815 0.22337 67794 1 -0.445313 0.375 43 1 795 0.00627899 -0.0654088 0.102068 -0.575981 2.60802 120.623 
-0.172815 0.22337 67875 1 -0.472917 0.351923 44 1 797 0.00627899 -0.0654088 0.102068 -0.575981 2.60802 120.623 
-0.175901 0.226 67954 1 -0.472917 0.351923 45 1 799 0.00638349 -0.0653552 0.101744 -0.576557 2.60485 120.666 
-0.16571 0.195558 68035 1 -0.472917 0.351923 46 1 801 0.00593686 -0.064116 0.102956 -0.578881 2.59581 120.646 
-0.173537 0.193242 68115 1 -0.46875 0.356731 47 1 803 0.00569133 -0.0635194 0.102308 -0.584505 2.59894 120.68 
-0.177023 0.218289 68196 1 -0.567187 0.308654 48 1 805 0.00608885 -0.0661346 0.104337 -0.618298 2.58118 120.639 
-0.176504 0.220225 68276 1 -0.780729 0.00769231 49 1 807 0.00612525 -0.0662415 0.104208 -0.617256 2.57995 120.65 
-0.17375 0.213791 68356 1 -0.872396 0.00769231 50 1 809 0.00629705 -0.0671408 0.104754 -0.621531 2.5807 120.657 
-0.17447 0.214642 68396 1 -0.797917 0.00769231 51 1 810 0.00618647 -0.0671432 0.104719 -0.621502 2.58037 120.661 
-0.183932 0.219358 68476 1 -0.597917 0.00769231 52 1 812 0.00631818 -0.068846 0.105088 -0.633196 2.58528 120.652 
-0.173114 0.206992 68516 1 -0.425521 0.00769231 53 1 813 0.0061314 -0.0685023 0.103394 -0.628916 2.61073 120.666 
-0.171895 0.202058 68596 1 -0.3375 0.00865385 54 1 815 0.0060278 -0.0686519 0.103454 -0.627446 2.61133 120.651 
-0.172946 0.197257 68677 1 -0.307812 0.00865385 55 1 817 0.00594234 -0.0687671 0.10354 -0.626305 2.61218 120.636 
-0.172953 0.196035 68761 1 -0.272917 0.00865385 56 1 819 0.00591199 -0.0688284 0.103575 -0.625716 2.61253 120.632 
-0.180815 0.172727 68876 1 -0.257292 0.00961538 57 1 822 0.00623396 -0.069575 0.103302 -0.638909 2.63345 120.721 
-0.185809 0.183858 68916 1 -0.257292 0.00961538 58 1 823 0.00558275 -0.0668057 0.10374 -0.613427 2.63268 120.706 
-0.189668 0.159299 68997 1 -0.257292 0.00961538 59 1 825 0.00551876 -0.0672606 0.103378 -0.617457 2.65145 120.717 
-0.190318 0.149838 69077 1 -0.279687 0.00961538 60 1 827 0.0053435 -0.067443 0.103623 -0.615601 2.6541 120.68 
-0.190261 0.148089 69157 1 -0.327083 0.0105769 61 1 829 0.0053583 -0.0674802 0.103659 -0.615228 2.65446 120.677 
-0.173637 0.124761 69238 1 -0.327604 0.0105769 62 1 831 0.00521907 -0.0674456 0.102638 -0.61086 2.67012 120.736 
-0.171714 0.122352 69317 1 -0.327604 0.0105769 63 1 833 0.00531741 -0.0675899 0.102697 -0.60945 2.67072 120.728 
-0.190633 0.141577 69439 1 -0.333854 0.0288462 64 1 836 0.0069113 -0.0685611 0.103025 -0.599974 2.65168 120.664 
-0.18037 0.128943 69518 1 -0.384375 0.166346 65 1 838 0.00682983 -0.0675287 0.101774 -0.598403 2.66329 120.637 
-0.163638 0.125101 69559 1 -0.502604 0.454808 66 1 839 0.00616124 -0.0652069 0.10098 -0.575186 2.66813 120.619 
-0.163638 0.125101 69559 1 -0.528125 0.495192 67 1 839 0.00616124 -0.0652069 0.10098 -0.575186 2.66813 120.619 
-0.120716 0.123546 69718 1 -0.563542 0.544231 68 1 843 0.00650713 -0.0617711 0.10092 -0.551465 2.6575 120.789 
-0.0959743 0.206874 69798 1 -0.624479 0.613462 69 1 845 0.00729497 -0.0600453 0.103702 -0.551768 2.58583 120.628 
1.20563 0.333743 69921 1 -0.690625 0.666346 70 0 848 0.00656066 -0.0933375 0.104109 -0.955172 2.5819 120.404 
1.22687 0.161696 69999 1 -0.714063 0.691346 71 0 850 0.00622666 -0.107211 0.107291 -1.11264 2.54265 120.076 
1.21579 0.167379 70079 1 -0.713542 0.698077 72 0 852 0.00563364 -0.109414 0.110295 -1.13761 2.50464 119.977 
1.24318 0.137046 70119 1 -0.708333 0.710577 73 0 853 0.00630093 -0.108599 0.10981 -1.13508 2.51002 119.977 
1.26092 0.139255 70199 1 -0.704688 0.720192 74 0 855 0.00672809 -0.108449 0.110805 -1.13761 2.4936 119.926 
1.25896 0.133624 70279 1 -0.704688 0.720192 75 0 857 0.0047719 -0.111384 0.111558 -1.15955 2.46687 119.925 
1.24785 0.13701 70320 1 -0.704688 0.720192 76 0 858 0.0052852 -0.110996 0.111246 -1.16311 2.46374 119.953 
1.24785 0.13701 70320 1 -0.704688 0.720192 77 0 858 0.0052852 -0.110996 0.111246 -1.16311 2.46374 119.953 
1.21867 0.119791 70519 1 -0.704688 0.720192 78 0 863 0.00556794 -0.110701 0.112982 -1.16535 2.45278 119.899 
1.18393 0.102471 70600 1 -0.704688 0.720192 79 1 865 0.00569393 -0.111463 0.112404 -1.16868 2.45841 119.858 
1.17132 0.0863792 70640 1 -0.704688 0.720192 80 1 866 0.00618348 -0.110489 0.11099 -1.15937 2.47811 119.88 
1.17132 0.0863792 70640 1 -0.704688 0.720192 81 1 866 0.00618348 -0.110489 0.11099 -1.15937 2.47811 119.88 
1.11765 0.099326 70800 1 -0.704688 0.720192 82 1 870 0.00624324 -0.114564 0.112592 -1.2011 2.46069 119.905 
1.11778 0.101223 70840 1 -0.704688 0.720192 83 1 871 0.00605279 -0.114384 0.112472 -1.20269 2.45945 119.906 
1.13485 0.104536 70920 1 -0.704688 0.720192 84 1 873 0.00641115 -0.113174 0.112626 -1.19283 2.44537 119.942 
1.14126 0.104661 71001 1 -0.704688 0.720192 85 1 875 0.0068199 -0.114963 0.111677 -1.19978 2.4464 119.931 
1.15052 0.106311 71081 1 -0.704688 0.720192 86 1 877 0.00739884 -0.113405 0.110276 -1.17064 2.45869 119.877 
1.14849 0.092952 71121 1 -0.704688 0.720192 87 1 878 0.00738349 -0.113088 0.108511 -1.16924 2.48103 119.929 
1.13743 0.0948563 71200 1 -0.704688 0.720192 88 1 880 0.00734911 -0.112842 0.11034 -1.17297 2.47288 119.957 
1.13671 0.0900263 71281 1 -0.704688 0.720192 89 1 882 0.00692721 -0.112046 0.109498 -1.17751 2.48885 119.941 
1.13902 0.0796681 71321 1 -0.704688 0.720192 90 1 883 0.00708421 -0.111453 0.109622 -1.18008 2.49245 119.964 
1.14426 0.0844486 71401 1 -0.704688 0.720192 91 1 885 0.00712703 -0.109843 0.110061 -1.17219 2.50032 119.974 
1.14509 0.084287 71482 1 -0.704688 0.720192 92 1 887 0.00596712 -0.109815 0.109873 -1.1725 2.4986 119.983 
1.13513 0.078946 71561 1 -0.704688 0.720192 93 1 889 0.0065435 -0.112297 0.107474 -1.19667 2.53104 119.965 
1.15648 0.0924278 71642 1 -0.704688 0.720192 94 1 891 0.0061674 -0.111627 0.109765 -1.18652 2.51509 119.986 
1.16455 0.0986434 71682 1 -0.704688 0.720192 95 1 892 0.0058496 -0.111622 0.109548 -1.18654 2.51303 120.018 
0.914658 0.127415 71802 1 -0.704688 0.720192 96 1 895 0.00600126 -0.0999907 0.108717 -1.08545 2.51681 120.178 
0.198575 0.54 71842 1 -0.704688 0.720192 97 1 896 0.00529135 -0.0889779 0.103267 -0.970741 2.59821 120.472 
-0.297263 0.868178 71923 1 -0.704688 0.720192 98 0 898 0.00547533 -0.0701052 0.0944196 -0.767305 2.72649 120.927 
-0.19255 0.709996 72002 1 -0.704688 0.720192 99 1 900 0.0062116 -0.0683955 0.091936 -0.73097 2.7575 120.904 
-0.299847 0.768181 72082 1 -0.704688 0.720192 100 0 902 0.00686471 -0.0682762 0.0918421 -0.697154 2.76155 120.973 
-0.274089 0.746219 72163 1 -0.704688 0.720192 101 0 904 0.00723647 -0.0644873 0.0902753 -0.653792 2.76294 120.981 
-0.263983 0.762555 72203 1 -0.704688 0.720192 102 0 905 0.0070158 -0.0641215 0.0916532 -0.64692 2.74441 120.994 
-0.257779 0.753494 72283 1 -0.704688 0.720192 103 0 907 0.00721018 -0.0634142 0.0925798 -0.63642 2.73058 121.018 
-0.251858 0.755652 72363 1 -0.704688 0.720192 104 0 909 0.00677819 -0.0604414 0.0938206 -0.614537 2.71871 121.037 
-0.252361 0.753996 72443 1 -0.704688 0.720192 105 0 911 0.00669842 -0.0593649 0.092956 -0.614942 2.73423 121.038 
-0.252361 0.753996 72443 1 -0.704688 0.720192 106 0 911 0.00669842 -0.0593649 0.092956 -0.614942 2.73423 121.038 
-0.252361 0.753996 72443 1 -0.704688 0.720192 107 0 911 0.00669842 -0.0593649 0.092956 -0.614942 2.73423 121.038 
-0.276296 0.776247 72644 1 -0.704688 0.720192 108 0 916 0.00685052 -0.0624459 0.0928083 -0.648977 2.72379 120.972 
-0.290879 0.771359 72683 1 -0.704688 0.720192 109 0 917 0.00574753 -0.0651826 0.0919162 -0.665475 2.72674 120.977 
-0.28164 0.793576 72764 1 -0.704688 0.720192 110 0 919 0.00723108 -0.066085 0.0943702 -0.675628 2.70377 120.941 
-0.28164 0.793576 72764 1 -0.704688 0.720192 111 0 919 0.00723108 -0.066085 0.0943702 -0.675628 2.70377 120.941 
-0.292177 0.788286 72804 1 -0.704688 0.720192 112 0 920 0.00697434 -0.0648477 0.0938501 -0.668723 2.70977 120.983 
-0.301191 0.77897 73005 1 -0.704688 0.720192 113 0 925 0.00600861 -0.0627641 0.0926098 -0.669062 2.72106 121.008 
-0.290653 0.791326 73084 1 -0.704688 0.720192 114 0 927 0.00589187 -0.0636163 0.0938619 -0.673903 2.70959 121.004 
-0.290653 0.791326 73084 1 -0.704688 0.720192 115 0 927 0.00589187 -0.0636163 0.0938619 -0.673903 2.70959 121.004 
-0.290653 0.791326 73084 1 -0.704688 0.720192 116 0 927 0.00589187 -0.0636163 0.0938619 -0.673903 2.70959 121.004 
-0.299723 0.787263 73285 1 -0.704688 0.720192 117 0 932 0.00580491 -0.0620626 0.0922839 -0.669835 2.7114 121.06 
-0.283974 0.78728 73365 1 -0.704688 0.720192 118 0 934 0.00501364 -0.0587908 0.0940678 -0.650441 2.69822 121.049 
-0.287366 0.783994 73406 1 -0.704688 0.720192 119 0 935 0.00544888 -0.0589759 0.0932078 -0.65587 2.71272 121.072 
-0.287366 0.783994 73406 1 -0.704688 0.720192 120 0 935 0.00544888 -0.0589759 0.0932078 -0.65587 2.71272 121.072 
-0.291213 0.78073 73445 1 -0.704688 0.720192 121 0 936 0.00527367 -0.0593357 0.0929407 -0.660837 2.72228 121.061 
-0.288434 0.802216 73646 1 -0.704688 0.720192 122 0 941 0.00544587 -0.0604741 0.0917857 -0.679165 2.72464 121.06 
-0.293362 0.803501 73686 1 -0.704688 0.720192 123 0 942 0.0050942 -0.0592784 0.0928402 -0.673383 2.71137 121.073 
-0.269122 0.795585 73726 1 -0.704688 0.720192 124 0 943 0.00468196 -0.0567332 0.0915415 -0.652869 2.71903 121.108 
-0.269122 0.795585 73726 1 -0.704688 0.720192 125 0 943 0.00468196 -0.0567332 0.0915415 -0.652869 2.71903 121.108 
1.32829 1.09115 73926 1 -0.704688 0.720192 126 0 948 0.00438706 -0.0749346 0.094217 -0.875911 2.69815 120.998 
1.28939 0.952013 73966 1 -0.704688 0.720192 127 0 949 0.0043253 -0.0821847 0.0946172 -0.965291 2.6915 120.864 
1.2607 0.884604 74047 1 -0.704688 0.720192 128 0 951 0.00422089 -0.0904996 0.0965952 -1.06962 2.66089 120.679 
1.2607 0.884604 74047 1 -0.704688 0.720192 129 0 951 0.00422089 -0.0904996 0.0965952 -1.06962 2.66089 120.679 
1.25562 0.804892 74206 1 -0.704688 0.720192 130 0 955 0.00389592 -0.0980725 0.0985076 -1.1659 2.63087 120.571 
1.23848 0.811296 74246 1 -0.704688 0.720192 131 0 956 0.00434913 -0.101338 0.0988587 -1.19744 2.62597 120.547 
1.23885 0.802697 74327 1 -0.704688 0.720192 132 0 958 0.00438486 -0.101255 0.0984052 -1.20077 2.6281 120.532 
1.23241 0.77543 74367 1 -0.704688 0.720192 133 0 959 0.00400247 -0.101912 0.0964397 -1.20964 2.65387 120.534 
1.23241 0.77543 74367 1 -0.704688 0.720192 134 0 959 0.00400247 -0.101912 0.0964397 -1.20964 2.65387 120.534 
1.2551 0.75814 74528 1 -0.704688 0.720192 135 0 963 0.00369003 -0.0997632 0.0948582 -1.18918 2.69063 120.542 
1.25277 0.772337 74607 1 -0.704688 0.720192 136 0 965 0.00347171 -0.100903 0.0946404 -1.19888 2.71034 120.524 
1.26006 0.771494 74688 1 -0.704688 0.720192 137 0 967 0.00350584 -0.101462 0.0943467 -1.20038 2.71453 120.573 
1.26006 0.771494 74688 1 -0.704688 0.720192 138 0 967 0.00350584 -0.101462 0.0943467 -1.20038 2.71453 120.573 
1.2669 0.762122 74728 1 -0.704688 0.720192 139 0 968 0.00347253 -0.0997767 0.0933857 -1.17925 2.72902 120.518 
1.23672 0.737145 74888 1 -0.704688 0.720192 140 0 972 0.00419252 -0.0985879 0.0907635 -1.15488 2.78303 120.64 
1.26069 0.732262 74968 1 -0.704688 0.720192 141 0 974 0.00438781 -0.0957306 0.0919235 -1.11629 2.77759 120.675 
1.22615 0.732725 75008 1 -0.704688 0.720192 142 0 975 0.00404927 -0.0946374 0.0915519 -1.09795 2.7869 120.689 
1.22615 0.732725 75008 1 -0.704688 0.720192 143 0 975 0.00404927 -0.0946374 0.0915519 -1.09795 2.7869 120.689 
1.23462 0.716086 75048 1 -0.704688 0.720192 144 0 976 0.0043523 -0.0935065 0.0899471 -1.08315 2.81061 120.728 
1.23462 0.716086 75048 1 -0.704688 0.720192 145 0 976 0.0043523 -0.0935065 0.0899471 -1.08315 2.81061 120.728 
1.33546 0.660284 75128 1 -0.704688 0.720192 146 0 978 0.00467764 -0.0860721 0.0824424 -1.00539 2.89486 120.999 
1.33546 0.660284 75128 1 -0.704688 0.720192 147 0 978 0.00467764 -0.0860721 0.0824424 -1.00539 2.89486 120.999 
1.30985 0.686593 75249 1 -0.704688 0.720192 148 0 981 0.00395987 -0.0862064 0.0856468 -0.996235 2.8641 121.02 
1.28978 0.684336 75409 1 -0.704688 0.720192 149 0 985 0.00437948 -0.0884493 0.0821613 -1.0393 2.89286 120.868 
1.28978 0.684336 75409 1 -0.704688 0.720192 150 0 985 0.00437948 -0.0884493 0.0821613 -1.0393 2.89286 120.868 
1.22195 0.745937 75530 1 -0.704688 0.720192 151 0 988 0.00278991 -0.102728 0.0869009 -1.22973 2.83522 120.711 
1.22195 0.745937 75530 1 -0.704688 0.720192 152 0 988 0.00278991 -0.102728 0.0869009 -1.22973 2.83522 120.711 
1.22116 0.694647 75650 1 -0.704688 0.720192 153 0 991 0.00176357 -0.0981071 0.0876486 -1.17756 2.82971 120.749 
1.22116 0.694647 75650 1 -0.704688 0.720192 154 0 991 0.00176357 -0.0981071 0.0876486 -1.17756 2.82971 120.749 
1.26666 0.610688 75769 1 -0.704688 0.720192 155 0 994 0.00251985 -0.0790523 0.0815191 -0.94295 2.91354 120.873 
1.26666 0.610688 75769 1 -0.704688 0.720192 156 0 994 0.00251985 -0.0790523 0.0815191 -0.94295 2.91354 120.873 
0.572515 0.493458 76050 1 -0.704688 0.720192 157 1 1001 0.00170838 -0.0638094 0.0874734 -0.792915 2.8234 121.008 
0.545026 0.54554 76130 1 -0.704688 0.720192 158 1 1003 0.000792189 -0.0680743 0.0889883 -0.844087 2.76757 120.92 
0.51836 0.567176 76170 1 -0.704688 0.720192 159 1 1004 0.00115674 -0.0710447 0.0922706 -0.878176 2.7281 120.914 
0.453617 0.658716 76251 1 -0.704688 0.720192 160 1 1006 0.00113316 -0.0760224 0.0943267 -0.937456 2.6872 120.913 
0.0805343 1.5093 76291 1 -0.704688 0.720192 161 0 1007 0.00113316 -0.0760224 0.0943267 -0.937456 2.6872 120.913 
0.44345 2.41899 76371 1 -0.704688 0.720192 162 0 1009 -0.000791179 -0.0824641 0.0862609 -1.00893 2.76602 120.918 
-0.0245105 1.74387 76411 1 -0.704688 0.720192 163 0 1010 -0.000462227 -0.0830404 0.0871371 -1.02353 2.77445 120.917 
0.406887 0.78515 76531 1 -0.704688 0.720192 164 1 1013 0.000599323 -0.0820646 0.0914288 -1.01812 2.74884 120.824 
0.437552 0.708612 76613 1 -0.704688 0.720192 165 1 1015 0.000334309 -0.0824111 0.0916585 -1.01687 2.75126 120.722 
0.437975 0.688731 76692 1 -0.704688 0.720192 166 1 1017 0.000523188 -0.0824059 0.0919867 -1.01676 2.75437 120.685 
0.437506 0.63143 76772 1 -0.704688 0.720192 167 1 1019 0.000873781 -0.0803598 0.0901789 -0.991094 2.76584 120.808 
0.449331 0.624848 76811 1 -0.704688 0.720192 168 1 1020 0.00146472 -0.0792167 0.0895247 -0.980875 2.77098 120.823 
0.46605 0.624935 76892 1 -0.704688 0.720192 169 1 1022 0.00144173 -0.0782981 0.0901075 -0.97619 2.76156 120.809 
0.454116 0.634185 76972 1 -0.704688 0.720192 170 1 1024 0.000839837 -0.0787035 0.0898473 -0.980939 2.75399 120.783 
0.411451 0.633061 77052 1 -0.704688 0.720192 171 1 1026 0.000848125 -0.082875 0.093316 -1.00563 2.73588 120.636 
0.408516 0.606837 77133 1 -0.704688 0.720192 172 1 1028 0.00209876 -0.0840084 0.090285 -0.970152 2.75835 120.703 
0.461083 0.602706 77172 1 -0.704688 0.720192 173 1 1029 0.00268124 -0.0799821 0.092232 -0.910448 2.73891 120.716 
0.489651 0.568552 77252 1 -0.704688 0.720192 174 1 1031 0.00279169 -0.076963 0.0917631 -0.865902 2.75061 120.711 
0.488495 0.530947 77332 1 -0.704688 0.720192 175 1 1033 0.00269941 -0.0769747 0.0925008 -0.865485 2.75766 120.637 
0.490581 0.529141 77413 1 -0.704688 0.720192 176 1 1035 0.00288083 -0.0770694 0.0925808 -0.864555 2.75846 120.645 
0.514512 0.537028 77453 1 -0.704688 0.720192 177 1 1036 0.00249909 -0.0771289 0.0895554 -0.850475 2.77989 120.729 
0.513947 0.529928 77533 1 -0.704688 0.720192 178 1 1038 0.00239058 -0.0771148 0.089675 -0.850294 2.781 120.703 
0.51431 0.560023 77613 1 -0.704688 0.720192 179 1 1040 0.00266479 -0.0743993 0.092178 -0.817393 2.7463 120.741 
0.436422 0.469344 77733 1 -0.704688 0.720192 180 1 1043 0.00225511 -0.0606234 0.0838522 -0.717296 2.83397 120.289 
0.410696 0.422246 77773 1 -0.704688 0.720192 181 1 1044 -0.000103286 -0.0599331 0.0829875 -0.718682 2.8616 120.301 
0.42473 0.387348 77854 1 -0.704688 0.720192 182 1 1046 -6.94281e-006 -0.058887 0.0833813 -0.719777 2.87535 120.252 
0.42473 0.387325 77934 1 -0.704688 0.720192 183 1 1048 -7.51387e-006 -0.058887 0.0833817 -0.719776 2.87536 120.252 
0.369898 0.355829 78014 1 -0.704688 0.720192 184 1 1050 0.000440273 -0.0557662 0.0831755 -0.685685 2.88177 120.393 
0.382709 0.345607 78094 1 -0.704688 0.720192 185 1 1052 0.00143988 -0.0534744 0.0843807 -0.669077 2.87683 120.424 
0.373691 0.361301 78134 1 -0.704688 0.720192 186 1 1053 0.000666978 -0.0539438 0.0849553 -0.665637 2.87057 120.406 
0.342368 0.366101 78214 1 -0.704688 0.720192 187 1 1055 0.00108414 -0.0477104 0.0853627 -0.591269 2.87378 120.394 
0.376013 0.359889 78295 1 -0.704688 0.720192 188 1 1057 0.00170076 -0.0433063 0.0903084 -0.543361 2.84635 120.542 
0.367691 0.349605 78374 1 -0.704688 0.720192 189 1 1059 0.000899341 -0.0442073 0.0891957 -0.55083 2.85914 120.493 
0.357194 0.34401 78415 1 -0.704688 0.720192 190 1 1060 0.00052902 -0.0439113 0.0893212 -0.553664 2.86021 120.484 
0.34526 0.333208 78495 1 -0.704688 0.720192 191 1 1062 0.000273825 -0.0435151 0.089539 -0.557288 2.86214 120.454 
0.341965 0.313334 78575 1 -0.704688 0.720192 192 1 1064 3.48824e-005 -0.0434569 0.0899144 -0.55795 2.86525 120.4 
0.341881 0.312731 78656 1 -0.704688 0.720192 193 1 1066 3.72217e-005 -0.0434416 0.0899212 -0.558101 2.8653 120.4 
0.341881 0.312731 78695 1 -0.704688 0.720192 194 1 1067 3.72217e-005 -0.0434416 0.0899212 -0.558101 2.8653 120.4 
0.587375 0.20944 78775 1 -0.704688 0.720192 195 1 1069 -0.000490916 -0.0537739 0.0988615 -0.67653 2.76437 120.206 
0.562029 0.187941 78858 1 -0.704688 0.720192 196 1 1071 0.000546968 -0.0624764 0.101319 -0.739462 2.72876 120.059 
0.492487 0.13997 78936 1 -0.704688 0.720192 197 1 1073 0.00157251 -0.0660116 0.100462 -0.757779 2.72284 120.09 
0.475871 0.160089 79016 1 -0.704688 0.720192 198 1 1075 0.00292712 -0.0720227 0.0972121 -0.799193 2.73209 120.079 
0.475871 0.160089 79016 1 -0.704688 0.720192 199 1 1075 0.00292712 -0.0720227 0.0972121 -0.799193 2.73209 120.079 
0.465519 0.129681 79136 1 -0.704688 0.720192 200 1 1078 0.00199193 -0.0729841 0.0948183 -0.810951 2.75717 120.103 
0.465519 0.129681 79218 1 -0.704688 0.720192 201 1 1080 0.00199193 -0.0729841 0.0948183 -0.810951 2.75717 120.103 
0.467202 0.123642 79297 1 -0.704688 0.720192 202 1 1082 0.00193552 -0.0730539 0.0949208 -0.810276 2.75819 120.086 
0.470419 0.112324 79377 1 -0.704688 0.720192 203 1 1084 0.00185332 -0.0731847 0.0951142 -0.809032 2.76012 120.058 
0.470476 0.106008 79416 1 -0.704688 0.720192 204 1 1085 0.00177167 -0.0732042 0.095226 -0.808858 2.76123 120.044 
0.470476 0.106008 79496 1 -0.704688 0.720192 205 1 1087 0.00177167 -0.0732042 0.095226 -0.808858 2.76123 120.044 
0.467152 0.124078 79577 1 -0.704688 0.720192 206 1 1089 0.00167128 -0.0732137 0.0950345 -0.808779 2.75938 120.078 
0.308076 0.333279 79617 1 -0.704688 0.720192 207 1 1090 0.0015274 -0.068754 0.0912026 -0.764102 2.79673 120.271 
0.284686 0.441314 79737 1 -0.704688 0.720192 208 1 1093 0.00158232 -0.0684162 0.0862361 -0.763604 2.83293 120.454 
0.282242 0.436718 79817 1 -0.704688 0.720192 209 1 1095 0.00145542 -0.0683532 0.0863143 -0.764165 2.83375 120.439 
0.273657 0.417973 79857 1 -0.704688 0.720192 210 1 1096 0.000955184 -0.0681261 0.0866259 -0.765946 2.83713 120.383 
0.434348 0.440853 79937 1 -0.704688 0.720192 211 1 1098 0.00231937 -0.0732135 0.0852601 -0.828323 2.84391 120.326 
0.452537 0.428137 80018 1 -0.704688 0.720192 212 1 1100 0.00214045 -0.0771696 0.086657 -0.865342 2.82423 120.24 
0.539288 0.318753 80058 1 -0.704688 0.720192 213 1 1101 0.00237727 -0.0785692 0.0871329 -0.880705 2.82074 120.251 
0.539443 0.308674 80138 1 -0.704688 0.720192 214 1 1103 0.00118869 -0.0787375 0.087322 -0.878711 2.82263 120.222 
0.543423 0.314021 80218 1 -0.704688 0.720192 215 1 1105 0.000368475 -0.0790028 0.0872587 -0.876038 2.82206 120.227 
0.543889 0.310499 80298 1 -0.704688 0.720192 216 1 1107 0.000359455 -0.079022 0.0873167 -0.87582 2.82265 120.217 
0.543917 0.310123 80338 1 -0.704688 0.720192 217 1 1108 0.000359545 -0.0790233 0.087323 -0.875806 2.82271 120.216 
0.359953 0.433932 80459 1 -0.704688 0.720192 218 1 1111 0.00158308 -0.0667131 0.0844346 -0.759504 2.85276 120.361 
0.370554 0.480427 80499 1 -0.704688 0.720192 219 1 1112 0.00144778 -0.0640661 0.0840458 -0.738354 2.86456 120.392 
0.375448 0.455925 80578 1 -0.704688 0.720192 220 1 1114 0.00197459 -0.0639304 0.0838981 -0.739923 2.87971 120.437 
0.36455 0.451054 80659 1 -0.704688 0.720192 221 1 1116 0.0019355 -0.0651364 0.0827574 -0.75029 2.8927 120.488 
-0.278442 2.398 80739 1 -0.704688 0.720192 222 0 1118 0.00218102 -0.0649963 0.0811325 -0.752407 2.90967 120.559 
0.0603615 1.67698 80820 1 -0.704688 0.720192 223 0 1120 0.000540259 -0.059758 0.075902 -0.700594 2.98773 120.837 
0.43006 1.30775 80860 1 -0.704688 0.720192 224 0 1121 0.000854854 -0.0566016 0.0764682 -0.672468 2.98127 120.829 
0.444466 0.804379 80939 1 -0.704688 0.720192 225 1 1123 0.00147662 -0.0585556 0.0781247 -0.688867 2.96615 120.757 
0.421844 0.710888 81020 1 -0.704688 0.720192 226 1 1125 1.47191e-006 -0.0619194 0.0805409 -0.708405 2.93714 120.583 
0.414142 0.69838 81102 1 -0.704688 0.720192 227 1 1127 0.00157842 -0.0618615 0.082222 -0.705825 2.92741 120.673 
0.394341 0.742574 81180 1 -0.704688 0.720192 228 1 1129 0.00111164 -0.0594325 0.0858358 -0.684702 2.90742 120.664 
0.407897 0.745301 81220 1 -0.704688 0.720192 229 1 1130 0.000913654 -0.0593226 0.0857922 -0.685667 2.90684 120.689 
0.386578 0.787415 81340 1 -0.704688 0.720192 230 1 1133 0.00178978 -0.0603581 0.0880475 -0.706842 2.89251 120.671 
0.414702 0.847771 81420 1 -0.704688 0.720192 231 1 1135 0.00197004 -0.0613399 0.0882456 -0.710534 2.89643 120.669 
0.433567 0.847796 81460 1 -0.704688 0.720192 232 1 1136 0.0022631 -0.0605414 0.0869232 -0.698141 2.91158 120.71 
0.411101 0.855338 81541 1 -0.704688 0.720192 233 1 1138 0.0023624 -0.0605928 0.0845383 -0.693193 2.92748 120.841 
0.355933 0.833496 81622 1 -0.704688 0.720192 234 1 1140 0.0031346 -0.0520014 0.081323 -0.606494 2.961 120.925 
0.380571 0.815911 81661 1 -0.704688 0.720192 235 1 1141 0.00276722 -0.0499989 0.0800089 -0.591238 2.97667 120.948 
0.365551 0.821883 81741 1 -0.704688 0.720192 236 1 1143 0.00286077 -0.0488916 0.0826953 -0.575948 2.95675 120.929 
0.356792 0.823707 81821 1 -0.704688 0.720192 237 1 1145 0.00341293 -0.0522902 0.0844148 -0.610745 2.94654 120.907 
0.373656 0.83355 81864 1 -0.704688 0.720192 238 1 1146 0.00292386 -0.0518673 0.0853939 -0.605517 2.93742 120.934 
0.298576 0.842413 81942 1 -0.704688 0.720192 239 1 1148 0.00275441 -0.0478533 0.0848552 -0.564917 2.93403 120.888 
0.328169 0.83816 82022 1 -0.704688 0.720192 240 1 1150 0.00334571 -0.0470235 0.0851364 -0.560342 2.92411 120.874 
0.334929 0.817854 82101 1 -0.704688 0.720192 241 1 1152 0.00338862 -0.0464434 0.0814776 -0.556062 2.95952 120.931 
0.329516 0.7998 82142 1 -0.704688 0.720192 242 1 1153 0.00251157 -0.0465499 0.0811861 -0.556267 2.96746 120.977 
0.329516 0.7998 82142 1 -0.704688 0.720192 243 1 1153 0.00251157 -0.0465499 0.0811861 -0.556267 2.96746 120.977 
0.33312 0.785862 82302 1 -0.704688 0.720192 244 1 1157 0.00306307 -0.0462762 0.0795678 -0.55177 2.97468 120.986 
0.324545 0.767051 82383 1 -0.704688 0.720192 245 1 1159 0.00302401 -0.046884 0.0785323 -0.562066 2.98747 120.935 
0.359988 0.767981 82423 1 -0.704688 0.720192 246 1 1160 0.00147547 -0.0449806 0.0777427 -0.543299 2.99728 121.017 
0.37523 0.778933 82502 1 -0.704688 0.720192 247 1 1162 0.00189483 -0.0429059 0.075288 -0.529507 3.00419 121.115 
0.402292 0.759343 82582 1 -0.704688 0.720192 248 1 1164 0.00102257 -0.0434166 0.0732488 -0.547434 3.01737 121.201 
0.389659 0.762243 82663 1 -0.704688 0.720192 249 1 1166 0.00194502 -0.042266 0.0752313 -0.551136 2.98699 121.193 
0.372992 0.760771 82743 1 -0.704688 0.720192 250 1 1168 0.00105419 -0.0423809 0.0736276 -0.557083 2.99267 121.286 
0.363568 0.741031 82823 1 -0.704688 0.720192 251 1 1170 0.000917211 -0.042179 0.0738696 -0.559004 2.99491 121.244 
0.274031 0.603023 82863 1 -0.704688 0.720192 252 1 1171 0.000211722 -0.0409285 0.0788898 -0.542453 2.95304 121.149 
0.341204 0.529382 82944 1 -0.704688 0.720192 253 1 1173 0.000733097 -0.0417093 0.078992 -0.542713 2.95702 121.176 
0.342142 0.503142 83023 1 -0.704688 0.720192 254 1 1175 0.00321226 -0.0443084 0.0794119 -0.561726 2.96322 121.074 
0.199463 0.409426 83104 1 -0.704688 0.720192 255 1 1177 0.00348623 -0.0426952 0.0813576 -0.541516 2.93005 121.028 
0.213937 0.336814 83183 1 -0.704688 0.720192 256 1 1179 0.00208247 -0.0414598 0.0777801 -0.544599 2.96015 121.146 
0.213296 0.335019 83223 1 -0.704688 0.720192 257 1 1180 0.00192393 -0.0414498 0.0778147 -0.544677 2.96044 121.143 
0.203075 0.366951 83304 1 -0.704688 0.720192 258 1 1182 0.00161287 -0.0355228 0.0862892 -0.486646 2.87534 121.136 
0.169014 0.439716 83384 1 -0.704688 0.720192 259 1 1184 0.00242192 -0.0363043 0.0886062 -0.492455 2.83044 121.048 
0.170367 0.447246 83464 1 -0.704688 0.720192 260 1 1186 0.00248222 -0.0385388 0.0906402 -0.522855 2.80845 120.985 
0.152179 0.437824 83505 1 -0.704688 0.720192 261 1 1187 0.00311817 -0.0403708 0.0899522 -0.544319 2.81392 120.937 
0.296173 0.378897 83584 1 -0.704688 0.720192 262 1 1189 0.00302744 -0.047241 0.0893599 -0.609286 2.8326 120.883 
0.307486 0.290294 83664 1 -0.704688 0.720192 263 1 1191 0.000585475 -0.049 0.0844974 -0.617711 2.90292 121.07 
0.312718 0.291831 83707 1 -0.704688 0.720192 264 1 1192 0.00144455 -0.0488479 0.0846186 -0.619214 2.9037 121.057 
0.311565 0.293709 83785 1 -0.704688 0.720192 265 1 1194 0.00154428 -0.0487557 0.0846029 -0.620102 2.90348 121.06 
0.322286 0.328125 83865 1 -0.704688 0.720192 266 1 1196 0.00342834 -0.0480711 0.089424 -0.640946 2.86145 120.996 
0.355355 0.304856 83945 1 -0.704688 0.720192 267 1 1198 0.00429891 -0.0497319 0.0900853 -0.657205 2.86424 120.922 
0.358692 0.302384 84025 1 -0.704688 0.720192 268 1 1200 0.00397483 -0.0530123 0.0905988 -0.666257 2.85985 120.993 
0.373593 0.286622 84065 1 -0.704688 0.720192 269 1 1201 0.00461291 -0.051611 0.0905632 -0.640776 2.86498 120.995 
0.197557 0.458192 84146 1 -0.704688 0.720192 270 1 1203 0.00434732 -0.0512663 0.0929297 -0.618502 2.86115 121.148 
0.0264269 1.41457 84226 1 -0.704688 0.720192 271 0 1205 0.00254452 -0.0522198 0.083316 -0.622763 2.97379 121.446 
0.288921 0.637528 84306 1 -0.704688 0.720192 272 1 1207 0.00301561 -0.0455776 0.0876186 -0.571131 2.93451 121.426 
0.32321 0.450103 84386 1 -0.704688 0.720192 273 1 1209 0.0015902 -0.042309 0.0896459 -0.54459 2.91194 121.459 
0.415767 0.24219 84466 1 -0.704688 0.720192 274 1 1211 0.00407499 -0.0517498 0.0893852 -0.645291 2.89342 121.269 
0.572764 0.224104 84506 1 -0.704688 0.720192 275 1 1212 0.00453902 -0.0578306 0.0914956 -0.707976 2.86082 121.115 
0.571971 0.250418 84587 1 -0.704688 0.720192 276 1 1214 0.00545272 -0.0645617 0.0955183 -0.763944 2.80927 121.002 
0.544561 0.260424 84666 1 -0.704688 0.720192 277 1 1216 0.00560574 -0.0688029 0.0973371 -0.798612 2.78419 120.847 
0.50384 0.137308 84746 1 -0.704688 0.720192 278 1 1218 0.00447871 -0.0677631 0.0980037 -0.771561 2.78982 120.97 
0.4974 0.180332 84827 1 -0.704688 0.720192 279 1 1220 0.00584752 -0.0683926 0.103003 -0.772463 2.73323 120.768 
0.446666 0.141964 84908 1 -0.704688 0.720192 280 1 1222 0.00560486 -0.070046 0.101167 -0.786121 2.74187 120.805 
0.43491 0.132191 84947 1 -0.704688 0.720192 281 1 1223 0.00524576 -0.0712529 0.0994038 -0.80156 2.7492 120.843 
0.423814 0.158411 85028 1 -0.704688 0.720192 282 1 1225 0.0053284 -0.0709512 0.0973371 -0.80898 2.75997 120.872 
0.420702 0.130805 85108 1 -0.704688 0.720192 283 1 1227 0.00459741 -0.0719375 0.0967856 -0.811991 2.77829 120.928 
0.437229 0.136043 85187 1 -0.704688 0.720192 284 1 1229 0.00517585 -0.0716793 0.0962596 -0.804897 2.78027 120.825 
0.430024 0.130277 85271 1 -0.704688 0.720192 285 1 1231 0.00437366 -0.0721668 0.0969531 -0.810652 2.77997 120.92 
0.430024 0.130277 85271 1 -0.704688 0.720192 286 1 1231 0.00437366 -0.0721668 0.0969531 -0.810652 2.77997 120.92 
0.491902 0.152206 85428 1 -0.704688 0.720192 287 1 1235 0.00452235 -0.0769819 0.0984956 -0.8743 2.74175 120.744 
0.469395 0.0277851 85508 1 -0.704688 0.720192 288 1 1237 0.00179044 -0.0863694 0.0909199 -0.961807 2.81886 120.94 
0.469395 0.0277851 85548 1 -0.704688 0.720192 289 1 1238 0.00179044 -0.0863694 0.0909199 -0.961807 2.81886 120.94 
0.469395 0.0277851 85628 1 -0.704688 0.720192 290 1 1240 0.00179044 -0.0863694 0.0909199 -0.961807 2.81886 120.94 
0.467205 0.0257201 85709 1 -0.704688 0.720192 291 1 1242 0.00196819 -0.0862919 0.0909002 -0.962567 2.81859 120.937 
0.464898 0.0239481 85749 1 -0.704688 0.720192 292 1 1243 0.00207025 -0.0861817 0.0908804 -0.963643 2.81832 120.938 
0.628108 0.055717 85828 1 -0.704688 0.720192 293 0 1245 0.00413256 -0.0852387 0.0985836 -0.974655 2.73983 120.715 
0.663746 0.0525496 85909 1 -0.704688 0.720192 294 1 1247 0.00333569 -0.0878177 0.0994171 -1.00624 2.73342 120.687 
0.627469 0.109141 85989 1 -0.704688 0.720192 295 1 1249 0.00348809 -0.0897029 0.100076 -1.03187 2.71795 120.661 
0.469998 0.184774 86029 1 -0.704688 0.720192 296 1 1250 0.00382483 -0.0849735 0.0965327 -0.979958 2.75018 120.705 
0.424069 0.172119 86110 1 -0.704688 0.720192 297 1 1252 0.00318947 -0.0817975 0.0958168 -0.943832 2.76272 120.726 
0.436447 0.14696 86189 1 -0.704688 0.720192 298 1 1254 0.00226272 -0.0778879 0.0970214 -0.901339 2.77213 120.894 
0.44344 0.174 86270 1 -0.704688 0.720192 299 1 1256 0.00289963 -0.0789393 0.0951647 -0.910991 2.78261 120.866 
0.440462 0.180178 86310 1 -0.704688 0.720192 300 1 1257 0.00315863 -0.0793664 0.0952491 -0.91692 2.77555 120.793 
0.421769 0.187021 86390 1 -0.704688 0.720192 301 1 1259 0.00314429 -0.0784339 0.0968514 -0.917571 2.76493 120.897 
0.401782 0.161179 86470 1 -0.704688 0.720192 302 1 1261 0.00233983 -0.0787048 0.0957566 -0.930858 2.78647 120.987 
0.37523 0.164313 86550 1 -0.704688 0.720192 303 1 1263 0.00244993 -0.0786979 0.0976066 -0.940189 2.78131 120.925 
0.411024 0.161173 86590 1 -0.704688 0.720192 304 1 1264 0.00184214 -0.0781465 0.0972822 -0.931642 2.79438 120.982 
0.69922 0.161263 86670 1 -0.704688 0.720192 305 0 1266 0.00314052 -0.0860383 0.100368 -1.002 2.7614 120.768 
0.856855 0.172896 86751 1 -0.704688 0.720192 306 0 1268 0.00252675 -0.0932301 0.1056 -1.05762 2.71636 120.769 
0.900692 0.224772 86831 1 -0.704688 0.720192 307 0 1270 0.00421356 -0.0948044 0.106318 -1.06638 2.70085 120.621 
0.928913 0.223194 86871 1 -0.704688 0.720192 308 1 1271 0.00376204 -0.0962285 0.105325 -1.07968 2.71163 120.653 
0.915202 0.211864 86951 1 -0.704688 0.720192 309 1 1273 0.00309144 -0.0973023 0.105667 -1.09431 2.71865 120.725 
0.907867 0.725298 87031 1 -0.704688 0.720192 310 1 1275 0.00187678 -0.0877511 0.101905 -0.994942 2.78535 121.036 
0.441572 0.991544 87112 1 -0.704688 0.720192 311 1 1277 0.00198209 -0.067914 0.0918347 -0.779679 2.90589 121.353 
0.510426 0.748357 87151 1 -0.704688 0.720192 312 1 1278 0.00280303 -0.0659801 0.0933861 -0.762254 2.88684 121.362 
0.487421 0.678533 87232 1 -0.704688 0.720192 313 1 1280 0.00229372 -0.0667524 0.0982491 -0.774553 2.83328 121.267 
0.476963 0.576239 87311 1 -0.704688 0.720192 314 1 1282 0.00388145 -0.0634892 0.0951207 -0.75603 2.85087 121.098 
0.400928 0.513345 87392 1 -0.704688 0.720192 315 1 1284 0.00421994 -0.0644886 0.0954018 -0.770238 2.84777 121.024 
0.390766 0.501937 87472 1 -0.704688 0.720192 316 1 1286 0.00342068 -0.065533 0.0961864 -0.776321 2.8446 121.111 
-0.556693 3.60219 87552 1 -0.704688 0.720192 317 0 1288 0.0024985 -0.0651087 0.0904679 -0.768247 2.91119 121.298 
-0.302923 3.06303 87592 1 -0.704688 0.720192 318 0 1289 -0.00264861 -0.0659314 0.0833172 -0.754271 2.96798 121.559 
0.45837 0.861598 87712 1 -0.704688 0.720192 319 1 1292 0.00343823 -0.0594757 0.0786361 -0.70253 3.00406 121.451 
0.405238 0.756807 87752 1 -0.704688 0.720192 320 1 1293 0.00338051 -0.0599457 0.0795035 -0.712205 2.99049 121.413 
0.290502 0.896538 87832 1 -0.704688 0.720192 321 1 1295 0.00331716 -0.0599274 0.081013 -0.710543 2.96865 121.479 
0.301716 0.862673 87913 1 -0.704688 0.720192 322 1 1297 0.00391009 -0.0573885 0.0782846 -0.689198 2.99939 121.541 
0.314758 0.85964 87994 1 -0.704688 0.720192 323 1 1299 0.00348185 -0.056178 0.0795375 -0.674893 2.98189 121.546 
0.326465 0.894859 88072 1 -0.704688 0.720192 324 1 1301 0.00413297 -0.0552388 0.080206 -0.673526 2.96303 121.443 
0.321019 0.908818 88153 1 -0.704688 0.720192 325 1 1303 0.00371564 -0.0564204 0.0815616 -0.690933 2.94666 121.419 
0.503056 0.749903 88193 1 -0.704688 0.720192 326 1 1304 0.00370493 -0.0567011 0.0857035 -0.694057 2.90448 121.383 
0.394093 0.579012 88273 1 -0.704688 0.720192 327 1 1306 0.00379357 -0.0624735 0.0860776 -0.751703 2.90148 121.357 
0.38475 0.597578 88314 1 -0.704688 0.720192 328 1 1307 0.00379337 -0.0621974 0.0893038 -0.748812 2.86401 121.326 
0.430926 0.536379 88396 1 -0.704688 0.720192 329 1 1309 0.00396405 -0.0645968 0.0904056 -0.775108 2.84757 121.398 
0.430926 0.536379 88396 1 -0.704688 0.720192 330 1 1309 0.00396405 -0.0645968 0.0904056 -0.775108 2.84757 121.398 
0.430926 0.536379 88396 1 -0.704688 0.720192 331 1 1309 0.00396405 -0.0645968 0.0904056 -0.775108 2.84757 121.398 
0.413661 0.411626 88594 1 -0.704688 0.720192 332 1 1314 0.0047115 -0.0670849 0.0929102 -0.786207 2.81861 120.778 
0.407097 0.385195 88675 1 -0.704688 0.720192 333 1 1316 0.00318776 -0.0694713 0.0905866 -0.806151 2.83049 120.668 
0.448267 0.385009 88714 1 -0.704688 0.720192 334 1 1317 0.00270387 -0.0686576 0.0916593 -0.799854 2.82464 120.727 
0.237847 0.679162 88795 1 -0.704688 0.720192 335 1 1319 0.00278526 -0.0532048 0.0834032 -0.657819 2.92275 120.874 
0.336642 0.73198 88874 1 -0.704688 0.720192 336 1 1321 0.00331191 -0.0489808 0.0811718 -0.633237 2.96742 120.914 
0.392267 0.735792 88955 1 -0.704688 0.720192 337 1 1323 0.00209315 -0.0499832 0.0785134 -0.641119 3.00438 120.862 
0.415088 0.737621 88995 1 -0.704688 0.720192 338 1 1324 0.00332993 -0.0496321 0.0791007 -0.63944 3.00014 120.827 
0.418211 0.722468 89075 1 -0.704688 0.720192 339 1 1326 0.00250392 -0.0487285 0.0798104 -0.631881 2.99954 121.041 
0.40751 0.749956 89156 1 -0.704688 0.720192 340 1 1328 0.00334353 -0.0504578 0.0819974 -0.652323 2.98061 120.927 
0.384284 0.772501 89235 1 -0.704688 0.720192 341 1 1330 0.00257206 -0.0483531 0.0832422 -0.640842 2.97509 121.088 
0.400246 0.766245 89315 1 -0.704688 0.720192 342 1 1332 0.00224347 -0.0480939 0.0855399 -0.628689 2.96526 121.167 
0.422945 0.729909 89355 1 -0.704688 0.720192 343 1 1333 0.00351366 -0.0467006 0.0826221 -0.609225 3.00067 121.246 
0.426386 0.791265 89436 1 -0.704688 0.720192 344 1 1335 0.00389667 -0.0519092 0.0847459 -0.662379 2.97494 121.262 
0.416483 0.806021 89516 1 -0.704688 0.720192 345 1 1337 0.00366307 -0.0556675 0.0823481 -0.704757 2.98932 121.3 
0.453677 0.808177 89596 1 -0.704688 0.720192 346 1 1339 0.00353043 -0.0530129 0.0831624 -0.684595 2.98124 121.326 
0.376826 0.815449 89676 1 -0.704688 0.720192 347 1 1341 0.00373191 -0.0554659 0.083071 -0.708607 2.97473 121.304 
0.354982 0.834466 89757 1 -0.704688 0.720192 348 1 1343 0.00286346 -0.0566026 0.0845938 -0.71084 2.95911 121.281 
0.350309 0.791259 89797 1 -0.704688 0.720192 349 1 1344 0.0037452 -0.0563714 0.0821655 -0.705004 2.9942 121.359 
0.398455 0.778171 89877 1 -0.704688 0.720192 350 1 1346 0.0044027 -0.0567481 0.0816048 -0.707295 2.99762 121.306 
0.418474 0.714359 89956 1 -0.704688 0.720192 351 1 1348 0.00258951 -0.0621039 0.0883319 -0.770197 2.91416 121.09 
0.467814 0.675155 89996 1 -0.704688 0.720192 352 1 1349 0.00393658 -0.0615902 0.0866449 -0.75902 2.93148 121.093 
0.485095 0.642653 90079 1 -0.704688 0.720192 353 1 1351 0.00388597 -0.0608557 0.085792 -0.747119 2.93388 121.066 
0.400257 0.548116 90157 1 -0.704688 0.720192 354 1 1353 0.00445702 -0.0586942 0.0851866 -0.709614 2.94442 120.922 
0.368318 0.501897 90197 1 -0.704688 0.720192 355 1 1354 0.00442624 -0.0588276 0.0852627 -0.714833 2.94165 120.828 
0.343301 0.462658 90278 1 -0.704688 0.720192 356 1 1356 0.00373655 -0.0594295 0.0837489 -0.731697 2.96149 120.766 
0.316328 0.449359 90357 1 -0.704688 0.720192 357 1 1358 0.00319387 -0.0624502 0.0870462 -0.786396 2.93637 120.655 
0.298541 0.44974 90440 1 -0.704688 0.720192 358 1 1360 0.00362299 -0.0638369 0.084738 -0.798675 2.95571 120.632 
0.311488 0.456557 90518 1 -0.704688 0.720192 359 1 1362 0.00410275 -0.0657084 0.0841815 -0.811982 2.95456 120.588 
0.315576 0.48146 90598 1 -0.704688 0.720192 360 1 1364 0.00348994 -0.067527 0.0886829 -0.8236 2.91077 120.6 
0.320824 0.438435 90638 1 -0.704688 0.720192 361 1 1365 0.0035257 -0.0679136 0.0855365 -0.826318 2.94772 120.675 
0.347705 0.431593 90718 1 -0.704688 0.720192 362 1 1367 0.00358592 -0.0656452 0.0831538 -0.79562 2.96403 120.606 
0.375837 0.422179 90798 1 -0.704688 0.720192 363 1 1369 0.00344851 -0.0620994 0.0830859 -0.751546 2.96982 120.619 
0.365636 0.410661 90838 1 -0.704688 0.720192 364 1 1370 0.00353128 -0.0615954 0.0837133 -0.74708 2.96729 120.559 
0.374163 0.44038 90918 1 -0.704688 0.720192 365 1 1372 0.00339909 -0.0630908 0.0848178 -0.761974 2.94874 120.636 
0.374519 0.477613 90999 1 -0.704688 0.720192 366 1 1374 0.00301041 -0.0560556 0.0833628 -0.701818 2.95201 120.621 
0.326712 0.419033 91078 1 -0.704688 0.720192 367 1 1376 0.00311498 -0.0557466 0.0819188 -0.720415 2.98182 120.62 
0.30152 0.427987 91159 1 -0.704688 0.720192 368 1 1378 0.00228767 -0.0581109 0.0855846 -0.753943 2.94929 120.587 
0.285558 0.454242 91239 1 -0.704688 0.720192 369 1 1380 0.00331784 -0.0567704 0.0840694 -0.75645 2.95785 120.5 
0.162805 0.491406 91279 1 -0.704688 0.720192 370 1 1381 0.00189544 -0.0552065 0.0877684 -0.741661 2.92653 120.533 
0.226819 0.462858 91360 1 -0.704688 0.720192 371 1 1383 0.00259211 -0.0501452 0.0864441 -0.689093 2.94606 120.488 
0.224731 0.416595 91439 1 -0.704688 0.720192 372 1 1385 0.00329793 -0.0522524 0.0847026 -0.705713 2.97212 120.526 
-0.694737 2.76636 91519 1 -0.704688 0.720192 373 0 1387 0.00227134 -0.0570762 0.0866351 -0.751573 2.96292 120.607 
-0.506899 2.5137 91559 1 -0.704688 0.720192 374 0 1388 -0.00535968 -0.061943 0.0855895 -0.79161 2.98974 121.75 
0.237484 0.649038 91680 1 -0.704688 0.720192 375 1 1391 0.00117507 -0.0461356 0.0904031 -0.646009 2.93857 121.032 
0.23332 0.607338 91720 1 -0.704688 0.720192 376 1 1392 0.00226489 -0.0439296 0.0904047 -0.631247 2.93632 120.913 
0.285323 0.52899 91800 1 -0.704688 0.720192 377 1 1394 0.00225119 -0.0420306 0.0931103 -0.613378 2.91656 120.768 
0.29958 0.481965 91840 1 -0.704688 0.720192 378 1 1395 -0.00306389 -0.0452498 0.0956866 -0.629089 2.89839 121.219 
0.29958 0.481965 91840 1 -0.704688 0.720192 379 1 1395 -0.00306389 -0.0452498 0.0956866 -0.629089 2.89839 121.219 
0.328469 0.366461 92001 1 -0.704688 0.720192 380 1 1399 0.000255092 -0.0441202 0.0990999 -0.578357 2.86667 120.893 
0.386998 0.385581 92082 1 -0.704688 0.720192 381 1 1401 0.000955565 -0.0390552 0.0975948 -0.50927 2.86499 121.023 
0.40681 0.392714 92121 1 -0.704688 0.720192 382 1 1402 0.000753085 -0.0385236 0.0969606 -0.496478 2.86707 121.085 
0.417469 0.382921 92201 1 -0.704688 0.720192 383 1 1404 0.000555418 -0.0384193 0.097391 -0.484149 2.86325 121.097 
0.4043 0.335173 92282 1 -0.704688 0.720192 384 1 1406 0.00255535 -0.0404007 0.0973584 -0.495183 2.87437 120.181 
0.462715 0.194683 92361 1 -0.704688 0.720192 385 1 1408 0.00163198 -0.0343424 0.0888624 -0.414291 2.97496 119.226 
0.484 0.142203 92401 1 -0.704688 0.720192 386 1 1409 0.00119751 -0.0330118 0.0814943 -0.392071 3.04871 119.331 
0.465505 0.234152 92482 1 -0.704688 0.720192 387 1 1411 0.00389091 -0.0397656 0.0880066 -0.45455 2.96371 119.617 
0.42725 0.269756 92561 1 -0.704688 0.720192 388 1 1413 0.00650257 -0.0517045 0.0913471 -0.550093 2.91228 119.21 
0.387786 0.191451 92642 1 -0.704688 0.720192 389 1 1415 0.00792231 -0.0511881 0.0855049 -0.506551 2.95264 118.397 
0.451338 0.228963 92722 1 -0.704688 0.720192 390 1 1417 0.00736183 -0.03934 0.0823052 -0.358537 2.96518 118.91 
0.443046 0.267934 92762 1 -0.704688 0.720192 391 1 1418 0.00754345 -0.0405522 0.084884 -0.35758 2.9435 119.035 
0.484317 0.234085 92843 1 -0.704688 0.720192 392 1 1420 0.00584411 -0.0361449 0.0937092 -0.285066 2.90472 119.972 
0.562048 0.220594 92922 1 -0.704688 0.720192 393 1 1422 0.00898445 -0.034916 0.100416 -0.23848 2.86954 120.243 
0.578042 0.20562 93002 1 -0.704688 0.720192 394 1 1424 0.00797107 -0.0408465 0.113969 -0.27928 2.78579 120.407 
0.522228 0.44008 93083 1 -0.704688 0.720192 395 1 1426 0.00452216 -0.0535813 0.120899 -0.369834 2.71142 120.138 
0.503701 0.457604 93123 1 -0.704688 0.720192 396 1 1427 0.00415911 -0.060056 0.121944 -0.411569 2.71272 120.089 
0.499158 0.404235 93203 1 -0.704688 0.720192 397 1 1429 0.00421667 -0.0457102 0.124511 -0.248983 2.72615 120.357 
0.573522 0.351476 93284 1 -0.703125 0.720192 398 1 1431 0.00363444 -0.0430215 0.118359 -0.192157 2.81692 120.508 
0.560377 0.364173 93363 1 -0.699479 0.720192 399 1 1433 0.00275644 -0.0469584 0.115466 -0.205363 2.83612 120.516 
0.517169 0.373717 93403 1 -0.699479 0.720192 400 1 1434 0.00195478 -0.0513475 0.110259 -0.244658 2.87584 120.379 
0.500911 0.33467 93483 1 -0.699479 0.720192 401 1 1436 -2.01722e-005 -0.0496477 0.106864 -0.241625 2.91533 120.35 
0.0943158 2.56573 93564 1 -0.699479 0.720192 402 0 1438 -0.00131793 -0.0473297 0.103617 -0.227852 2.96147 120.563 
-0.697437 3.233 93604 1 -0.699479 0.720192 403 0 1439 -0.00731151 -0.0443833 0.0936391 -0.208881 3.06042 121.514 
0.236822 0.782095 93683 1 -0.699479 0.720192 404 1 1441 -0.00380905 -0.0330461 0.104383 -0.0983423 2.88974 120.885 
0.373043 0.486396 93764 1 -0.699479 0.720192 405 1 1443 -0.00132372 -0.0429766 0.102751 -0.17704 2.87891 120.596 
0.375246 0.48152 93844 1 -0.691146 0.718269 406 1 1445 -0.000332039 -0.045152 0.106584 -0.187765 2.84017 120.551 
0.357767 0.469033 93924 1 -0.68125 0.713462 407 1 1447 -0.000296762 -0.0463548 0.110648 -0.214313 2.82434 120.504 
0.533937 0.413751 94005 1 -0.669271 0.713462 408 1 1449 -0.00197679 -0.047706 0.114478 -0.257164 2.82291 120.506 
0.541578 0.213455 94084 1 -0.672917 0.7125 409 1 1451 -0.000934633 -0.048571 0.110378 -0.256592 2.92356 120.735 
0.54688 0.236397 94165 1 -0.625 0.679808 410 1 1453 -0.000474217 -0.0466728 0.108127 -0.227073 2.93506 120.768 
0.485488 0.384206 94246 1 -0.376563 0.659615 411 1 1455 -0.000359731 -0.0584035 0.112102 -0.319698 2.85318 120.446 
0.492024 0.404945 94325 1 -0.13125 0.659615 412 1 1457 0.000804373 -0.0586563 0.114723 -0.324348 2.82401 120.516 
0.497574 0.476102 94405 1 -0.00677083 0.592308 413 1 1459 0.000414845 -0.0603179 0.116421 -0.335172 2.78333 120.487 
0.48416 0.462721 94485 1 0.0213542 0.498077 414 1 1461 1.05028e-005 -0.0610935 0.115317 -0.345243 2.7982 120.46 
0.478115 0.41918 94525 1 0.0442708 0.4 415 1 1462 8.27468e-005 -0.0570817 0.113504 -0.307024 2.83245 120.533 
0.492516 0.324955 94605 1 0.0609375 0.361538 416 1 1464 -0.000801877 -0.0519306 0.108732 -0.283586 2.90138 120.605 
0.628164 0.225846 94686 1 0.0671875 0.352885 417 1 1466 -0.00134849 -0.0482723 0.106487 -0.271244 2.93918 120.559 
0.736891 0.216886 94766 1 0.201563 0.244231 418 1 1468 -0.000324445 -0.0590069 0.110169 -0.399266 2.8898 120.381 
0.691071 0.180436 94845 1 0.291146 0.109615 419 1 1470 -0.000384424 -0.0634303 0.1118 -0.438076 2.89171 120.347 
0.739068 0.182186 94926 1 0.307292 0.0384615 420 1 1472 0.000428615 -0.0620568 0.111409 -0.409672 2.8896 120.381 
0.75951 0.215708 94966 1 0.296354 0 421 1 1473 0.000953304 -0.0617064 0.109488 -0.396906 2.90086 120.382 
0.75951 0.215708 94966 1 0.278646 0 422 1 1473 0.000953304 -0.0617064 0.109488 -0.396906 2.90086 120.382 
0.616769 0.174743 95168 1 0.19375 0 423 1 1478 -0.000113043 -0.0645859 0.107852 -0.39825 2.93124 120.362 
0.468715 0.28629 95369 1 0.154688 0 424 0 1483 -0.000659461 -0.0540215 0.107879 -0.325259 2.94785 120.609 
-0.809074 2.6402 95487 1 0.129688 0.0125 425 0 1486 -0.00528678 -0.0476442 0.0969489 -0.255416 3.10703 121.533 
-2.11291 3.24304 95527 1 0.129688 0.0163462 426 0 1487 -0.00521554 -0.0476112 0.0970156 -0.255718 3.10754 121.527 
0.494137 0.559651 95649 1 0.133333 0.0182692 427 1 1490 -0.003056 -0.0515402 0.114799 -0.295654 2.95232 121.415 
0.321613 2.54898 95727 1 0.140625 0.0201923 428 0 1492 -0.00206837 -0.0548128 0.113556 -0.323904 2.98267 121.647 
-0.0841143 3.40263 95808 1 0.128125 0.0173077 429 0 1494 -0.00458188 -0.06237 0.10739 -0.362578 3.06002 121.965 
0.890785 1.54614 95888 1 0.115104 0.0163462 430 0 1496 -0.00191118 -0.0616267 0.110275 -0.373936 3.02147 121.943 
0.789614 0.983177 95969 1 0.115104 0.0163462 431 1 1498 -0.00189655 -0.0666673 0.112148 -0.43605 3.00165 121.819 
0.753738 0.959523 96048 1 0.115104 0.0163462 432 1 1500 -0.00252445 -0.0667703 0.112334 -0.432781 2.99448 121.804 
0.751904 0.92671 96088 1 0.111979 0.0163462 433 1 1501 -0.00249798 -0.0668085 0.112758 -0.432509 2.99831 121.74 
0.718417 0.83228 96208 1 0.111979 0.0163462 434 1 1504 -0.0026783 -0.063679 0.110698 -0.411142 3.00122 121.829 
0.695776 0.830644 96289 1 0.111979 0.0163462 435 1 1506 -0.00135325 -0.0685512 0.113324 -0.443744 2.97899 121.608 
0.489744 0.80111 96369 1 0.111458 0.0173077 436 1 1508 -0.000141993 -0.0690449 0.118298 -0.429573 2.94723 121.591 
0.51123 0.759262 96448 1 0.153125 0.0951923 437 1 1510 -0.00030658 -0.0631232 0.116801 -0.360623 2.97128 121.569 
0.505601 0.717431 96529 1 0.230729 0.281731 438 1 1512 0.000786004 -0.0593472 0.115885 -0.336317 2.9753 121.473 
0.569998 0.540626 96609 1 0.286458 0.363462 439 1 1514 0.00142421 -0.0563275 0.118612 -0.31723 2.93829 121.332 
0.558676 0.409609 96690 1 0.291667 0.351923 440 1 1516 0.0015406 -0.0563919 0.123343 -0.330704 2.88389 121.122 
0.562875 0.37833 96770 1 0.296354 0.326923 441 1 1518 0.00186987 -0.0547417 0.12335 -0.328356 2.88368 121.032 
0.559917 0.367984 96809 1 0.305729 0.300962 442 1 1519 0.00212466 -0.0544503 0.121967 -0.329933 2.89519 121.135 
0.427882 0.357383 96890 1 0.310417 0.292308 443 1 1521 0.00169107 -0.0526039 0.123991 -0.310797 2.86837 120.995 
0.406401 0.346159 97010 1 0.315625 0.272115 444 1 1524 0.00184993 -0.0560111 0.123196 -0.357782 2.86827 120.837 
