ImageFile:
0.561576 0.712292 78656 1 0.260417 0.365385 1 1 1037 -0.000715276 -0.0152495 0.0252773 0.813727 -0.823956 114.773 
0.54189 0.750084 78735 1 0.683333 0.419231 2 1 1039 -0.00040108 -0.0144048 0.0253506 0.816386 -0.831462 114.914 
0.13323 1.73129 78815 1 0.700521 0.417308 3 0 1041 -0.00141751 -0.0138109 0.0220571 0.839411 -0.822985 115.132 
0.104523 1.85631 78855 1 0.700521 0.417308 4 0 1042 -0.00234365 -0.0183868 0.0291188 0.80542 -0.902802 115.413 
0.130793 2.04199 78936 1 0.702604 0.420192 5 0 1044 -0.00289291 -0.0158441 0.0372034 0.84609 -1.01404 115.702 
0.108896 2.24483 79016 1 0.698438 0.444231 6 0 1046 -0.00236183 -0.0172204 0.0283253 0.833343 -0.984063 115.816 
0.0925595 2.28619 79056 1 0.63125 0.615385 7 0 1047 -0.00206343 -0.0179502 0.0267815 0.828627 -0.976101 115.767 
0.0673601 2.29403 79136 1 0.465104 0.772115 8 0 1049 -0.00109406 -0.0216058 0.026561 0.795637 -0.98921 115.827 
0.0673601 2.29403 79136 1 0.240625 0.803846 9 0 1049 -0.00109406 -0.0216058 0.026561 0.795637 -0.98921 115.827 
0.113477 2.38069 79177 1 0.117188 0.829808 10 0 1050 -0.00211121 -0.017475 0.0345635 0.838741 -1.06554 115.889 
0.081803 2.8099 79336 1 0.1 0.829808 11 0 1054 -0.00224594 -0.0185306 0.0613079 0.825238 -1.31291 116.416 
0.0842457 2.95848 79417 1 0.08125 0.831731 12 0 1056 -0.00417638 -0.0198083 0.0690989 0.816883 -1.3524 116.455 
-0.0756262 3.07851 79457 1 0.06875 0.831731 13 0 1057 -0.00419734 -0.0201303 0.0626367 0.80671 -1.27927 116.255 
-0.0756262 3.07851 79457 1 0.0536458 0.8375 14 0 1057 -0.00419734 -0.0201303 0.0626367 0.80671 -1.27927 116.255 
-0.327374 3.45369 79617 1 0.0625 0.883654 15 0 1061 -0.00565216 -0.0179851 0.0598969 0.813655 -1.16251 116.188 
-0.434644 3.67047 79657 1 0.0786458 0.978846 16 0 1062 -0.00583086 -0.0191929 0.0683708 0.802779 -1.21823 116.099 
-0.551701 3.84954 79737 1 0.0734375 1.01442 17 0 1064 -0.00606429 -0.021316 0.07179 0.78776 -1.23895 115.951 
-0.546424 3.82311 79778 1 0.0838542 1 18 0 1065 -0.00562941 -0.0195906 0.0701087 0.809843 -1.22898 115.844 
-0.546424 3.82311 79778 1 0.0854167 0.988462 19 0 1065 -0.00562941 -0.0195906 0.0701087 0.809843 -1.22898 115.844 
-0.283926 3.26099 79938 1 0.0854167 0.986538 20 0 1069 -0.00346057 0.00202981 0.0198389 0.998244 -0.776426 115.472 
-0.468421 3.55471 80018 1 0.0802083 0.979808 21 0 1071 -0.00251911 -0.0174953 0.0240562 0.818371 -0.806621 115.65 
-0.468128 3.65964 80058 1 0.0703125 0.972115 22 0 1072 -0.00188294 -0.018984 0.0274468 0.815748 -0.838754 115.691 
-0.542035 3.75403 80098 1 0.0677083 0.971154 23 0 1073 -0.00259371 -0.0258035 0.0258805 0.763782 -0.834515 115.714 
-0.542035 3.75403 80098 1 0.0677083 0.971154 24 0 1073 -0.00259371 -0.0258035 0.0258805 0.763782 -0.834515 115.714 
-0.639711 3.98922 80259 1 0.0677083 0.971154 25 0 1077 -0.00258527 -0.0339951 0.0344348 0.713942 -0.893662 115.91 
-0.690826 4.06128 80339 1 0.0677083 0.971154 26 0 1079 -0.00333181 -0.0335984 0.0372156 0.724097 -0.918286 116.007 
-0.663646 4.20596 80418 1 0.0677083 0.971154 27 0 1081 -0.0019593 -0.0316502 0.0433305 0.74814 -0.993186 116.006 
-0.663646 4.20596 80418 1 0.0677083 0.971154 28 0 1081 -0.0019593 -0.0316502 0.0433305 0.74814 -0.993186 116.006 
-0.663646 4.20596 80418 1 0.0677083 0.971154 29 0 1081 -0.0019593 -0.0316502 0.0433305 0.74814 -0.993186 116.006 
-0.485063 4.0852 80579 1 0.0677083 0.971154 30 0 1085 -0.00117022 -0.0180032 0.0419436 0.897085 -1.0044 116.078 
-0.737593 4.37543 80659 1 0.0677083 0.971154 31 0 1087 -0.00134105 -0.0345336 0.0443352 0.7386 -1.00259 116.07 
-0.735921 4.38411 80739 1 0.0677083 0.971154 32 0 1089 -0.00125058 -0.0366195 0.0463531 0.703435 -1.00336 116.079 
-0.735921 4.38411 80739 1 0.0677083 0.971154 33 0 1089 -0.00125058 -0.0366195 0.0463531 0.703435 -1.00336 116.079 
-0.709262 4.34797 80779 1 0.0677083 0.971154 34 0 1090 -0.00280041 -0.0317817 0.044244 0.734625 -0.98361 115.915 
-0.733172 3.83297 80940 1 0.0677083 0.971154 35 0 1094 -0.00455753 -0.0302925 0.019746 0.664711 -0.730371 115.489 
-0.69223 4.11127 81021 1 0.0677083 0.971154 36 0 1096 -0.00533422 -0.031308 0.0346101 0.619451 -0.822181 115.502 
-0.828478 4.45295 81060 1 0.0677083 0.971154 37 0 1097 -0.00584129 -0.0335233 0.0444645 0.577519 -0.905189 115.615 
-0.828478 4.45295 81060 1 0.0677083 0.971154 38 0 1097 -0.00584129 -0.0335233 0.0444645 0.577519 -0.905189 115.615 
-0.856723 4.55202 81220 1 0.0802083 0.968269 39 0 1101 -0.00676858 -0.0378282 0.0459434 0.525286 -0.926775 115.672 
-0.55768 3.81165 81260 1 0.431771 0.923077 40 0 1102 -0.00708526 -0.0130856 0.0417634 0.765799 -0.877143 116.234 
-0.790892 4.1678 81382 1 0.919792 0.766346 41 0 1105 -0.0048509 -0.038349 0.0343679 0.548054 -0.842516 115.699 
-0.790892 4.1678 81382 1 0.975521 0.705769 42 0 1105 -0.0048509 -0.038349 0.0343679 0.548054 -0.842516 115.699 
-0.790892 4.1678 81382 1 0.975521 0.705769 43 0 1105 -0.0048509 -0.038349 0.0343679 0.548054 -0.842516 115.699 
-0.699241 4.22916 81581 1 0.975521 0.705769 44 0 1110 -0.00289333 -0.0332617 0.0300809 0.660003 -0.902872 115.934 
-0.735051 4.43814 81621 1 0.979167 0.708654 45 0 1111 -0.00385004 -0.0387285 0.0368679 0.625439 -0.980416 116.085 
-0.726771 4.35495 81701 1 1.06458 0.720192 46 0 1113 -0.00516396 -0.0358608 0.0356112 0.66624 -1.00664 116.259 
-0.726771 4.35495 81701 1 1.30625 0.808654 47 0 1113 -0.00516396 -0.0358608 0.0356112 0.66624 -1.00664 116.259 
-0.758675 4.06911 81741 1 1.35052 0.877885 48 0 1114 -0.00554792 -0.0382149 0.0225833 0.643078 -0.916665 116.208 
-0.758675 4.06911 81741 1 1.36771 0.965385 49 0 1114 -0.00554792 -0.0382149 0.0225833 0.643078 -0.916665 116.208 
-0.866951 3.9168 81822 1 1.4 0.999038 50 0 1116 -0.00345284 -0.0425937 0.00921527 0.590355 -0.858235 116.204 
-0.866951 3.9168 81822 1 1.50781 1.01346 51 0 1116 -0.00345284 -0.0425937 0.00921527 0.590355 -0.858235 116.204 
-0.014449 3.55053 81941 1 1.70208 0.959615 52 0 1119 -0.00675167 -0.0274654 0.035702 0.717469 -1.11447 117.405 
-0.014449 3.55053 81941 1 1.71406 0.929808 53 0 1119 -0.00675167 -0.0274654 0.035702 0.717469 -1.11447 117.405 
0.185116 2.04749 82102 1 1.71406 0.929808 54 0 1123 0.00363558 -0.0100609 -0.0283347 0.77992 -0.43564 118.092 
0.185116 2.04749 82102 1 1.71406 0.929808 55 0 1123 0.00363558 -0.0100609 -0.0283347 0.77992 -0.43564 118.092 
0.0382627 2.18198 82222 1 1.71979 0.929808 56 0 1126 0.0029778 -0.0274516 -0.0280659 0.526371 -0.401816 118.037 
0.0382627 2.18198 82222 1 1.76719 0.886538 57 0 1126 0.0029778 -0.0274516 -0.0280659 0.526371 -0.401816 118.037 
0.26952 2.07445 82382 1 1.77344 0.8625 58 0 1130 0.000460371 -0.00963161 -0.0231739 0.580787 -0.327061 118.019 
0.26952 2.07445 82382 1 1.77448 0.841346 59 0 1130 0.000460371 -0.00963161 -0.0231739 0.580787 -0.327061 118.019 
0.278577 2.2386 82503 1 1.78177 0.818269 60 0 1133 -0.002048 -0.00977093 -0.0117426 0.529185 -0.409618 118.454 
0.278577 2.2386 82503 1 1.78229 0.811538 61 0 1133 -0.002048 -0.00977093 -0.0117426 0.529185 -0.409618 118.454 
0.278577 2.2386 82503 1 1.78229 0.810577 62 0 1133 -0.002048 -0.00977093 -0.0117426 0.529185 -0.409618 118.454 
-0.0566885 1.55442 82823 1 1.78229 0.810577 63 0 1141 -0.00291724 -0.0259461 0.0258396 0.358179 -0.816584 115.55 
-0.0306579 1.74017 82909 1 1.78229 0.810577 64 0 1143 -0.00432197 -0.0248758 0.0429936 0.400611 -0.980326 115.878 
-0.0205875 1.95656 82984 1 1.78229 0.810577 65 0 1145 -0.00386172 -0.0220339 0.0568763 0.451882 -1.12669 116.072 
-0.0165852 2.02297 83023 1 1.78229 0.810577 66 0 1146 -0.00432762 -0.0196749 0.0583473 0.480789 -1.1576 116.085 
-0.0582932 1.99696 83103 1 1.78229 0.810577 67 0 1148 -0.00330987 -0.0270658 0.052358 0.43518 -1.1374 116.238 
-0.11109 1.82886 83144 1 1.78333 0.810577 68 0 1149 -0.00258463 -0.0339382 0.0416218 0.381271 -1.04569 116.172 
-0.114043 1.76569 83184 1 1.78333 0.810577 69 0 1150 -0.00251888 -0.0325814 0.039666 0.399003 -1.03113 116.103 
-0.114043 1.76569 83184 1 1.78333 0.810577 70 0 1150 -0.00251888 -0.0325814 0.039666 0.399003 -1.03113 116.103 
0.981194 2.38983 83384 1 1.78333 0.810577 71 0 1155 -0.00285808 -0.0400716 0.0445659 0.312289 -1.01671 115.754 
0.989681 2.52567 83424 1 1.78333 0.810577 72 0 1156 -0.00354737 -0.0401844 0.0482423 0.308102 -1.05504 115.876 
1.00979 2.62762 83504 1 1.78333 0.810577 73 0 1158 -0.00447858 -0.0395494 0.0488203 0.302248 -1.05079 115.895 
1.00979 2.62762 83504 1 1.78333 0.810577 74 0 1158 -0.00447858 -0.0395494 0.0488203 0.302248 -1.05079 115.895 
1.05058 2.75085 83625 1 1.78333 0.810577 75 0 1161 -0.00616711 -0.0338 0.0510136 0.332553 -1.05466 116.008 
1.10111 2.83713 83705 1 1.78333 0.810577 76 0 1163 -0.00573948 -0.029324 0.0527947 0.362515 -1.0818 116.061 
1.08667 2.91048 83785 1 1.78333 0.810577 77 0 1165 -0.00645327 -0.0281683 0.0571 0.374771 -1.13822 116.135 
1.07378 2.90625 83825 1 1.78333 0.810577 78 0 1166 -0.00630768 -0.0279418 0.0571596 0.375447 -1.14 116.126 
1.07378 2.90625 83825 1 1.78333 0.810577 79 0 1166 -0.00630768 -0.0279418 0.0571596 0.375447 -1.14 116.126 
1.06116 2.80444 83945 1 1.78333 0.810577 80 0 1169 -0.0063072 -0.0295497 0.0380158 0.353872 -0.967589 116.094 
1.05627 2.64117 84026 1 1.78333 0.810577 81 0 1171 -0.00516473 -0.0236497 0.0274474 0.404626 -0.868922 116.01 
1.07407 2.76788 84106 1 1.78333 0.810577 82 0 1173 -0.00610929 -0.0260647 0.0362176 0.399633 -0.939067 116.05 
1.05947 2.81822 84146 1 1.78333 0.810577 83 0 1174 -0.00597819 -0.0278749 0.0397172 0.396231 -0.965595 116.075 
1.05947 2.81822 84146 1 1.78333 0.810577 84 0 1174 -0.00597819 -0.0278749 0.0397172 0.396231 -0.965595 116.075 
1.04028 2.96225 84306 1 1.78333 0.810577 85 0 1178 -0.00581383 -0.0343224 0.0491153 0.382773 -1.03959 116.233 
1.07465 3.03386 84386 1 1.78333 0.810577 86 0 1180 -0.00626988 -0.0336224 0.0523908 0.401266 -1.09727 116.333 
1.03514 2.94232 84468 1 1.78333 0.810577 87 0 1182 -0.00608817 -0.0370966 0.0473502 0.383694 -1.08296 116.328 
1.03514 2.94232 84468 1 1.78333 0.810577 88 0 1182 -0.00608817 -0.0370966 0.0473502 0.383694 -1.08296 116.328 
1.01782 2.81222 84507 1 1.78333 0.810577 89 0 1183 -0.00561077 -0.034712 0.0393153 0.400013 -1.01989 116.33 
0.967518 2.63152 84666 1 1.78333 0.810577 90 0 1187 -0.00481062 -0.0391786 0.0241395 0.360248 -0.884008 116.15 
0.984217 2.65141 84747 1 1.78333 0.810577 91 0 1189 -0.00376621 -0.0346461 0.0232204 0.381971 -0.884282 116.217 
0.968213 2.63368 84787 1 1.78333 0.810577 92 0 1190 -0.00522254 -0.0372541 0.0219665 0.355964 -0.87355 116.094 
0.968213 2.63368 84787 1 1.78333 0.810577 93 0 1190 -0.00522254 -0.0372541 0.0219665 0.355964 -0.87355 116.094 
0.968395 2.67646 84947 1 1.78333 0.810577 94 0 1194 -0.00619103 -0.0402759 0.0239538 0.301793 -0.86127 116.172 
0.983559 2.72726 85027 1 1.78333 0.810577 95 0 1196 -0.00716448 -0.0367656 0.0267083 0.306951 -0.881748 116.261 
1.00651 2.71354 85067 1 1.78333 0.810577 96 0 1197 -0.0064183 -0.0347414 0.0266392 0.317792 -0.889001 116.295 
0.986338 2.70568 85108 1 1.78333 0.810577 97 0 1198 -0.00666091 -0.0363887 0.0264634 0.298577 -0.896088 116.232 
0.986338 2.70568 85108 1 1.78333 0.810577 98 0 1198 -0.00666091 -0.0363887 0.0264634 0.298577 -0.896088 116.232 
0.495571 2.57129 85268 1 1.78333 0.810577 99 0 1202 -0.00644584 -0.0243107 0.0211667 0.403075 -0.843706 115.975 
-0.0799069 2.57749 85348 1 1.78333 0.810577 100 0 1204 -0.00585607 -0.0288025 0.0233221 0.368265 -0.831827 116.031 
-0.0718022 2.70641 85388 1 1.78333 0.810577 101 0 1205 -0.00556006 -0.027933 0.0310031 0.383495 -0.882942 116.108 
-0.0818873 2.78882 85428 1 1.78333 0.810577 102 0 1206 -0.00526421 -0.0279779 0.0311702 0.383735 -0.881729 116.114 
-0.0818873 2.78882 85428 1 1.78333 0.810577 103 0 1206 -0.00526421 -0.0279779 0.0311702 0.383735 -0.881729 116.114 
-0.082805 2.87508 85589 1 1.78333 0.810577 104 0 1210 -0.00545517 -0.0262216 0.0306811 0.39367 -0.859083 115.997 
-0.131663 2.78548 85669 1 1.78333 0.810577 105 0 1212 -0.0051207 -0.0315196 0.025356 0.337035 -0.79614 115.943 
-0.156266 2.70884 85748 1 1.78333 0.810577 106 0 1214 -0.00482831 -0.0352326 0.0173824 0.298931 -0.717787 115.904 
-0.156266 2.70884 85748 1 1.79219 0.810577 107 0 1214 -0.00482831 -0.0352326 0.0173824 0.298931 -0.717787 115.904 
-0.156266 2.70884 85748 1 1.8151 0.810577 108 0 1214 -0.00482831 -0.0352326 0.0173824 0.298931 -0.717787 115.904 
-0.147801 2.70908 85789 1 1.84583 0.808654 109 0 1215 -0.00467518 -0.0340597 0.0154516 0.309249 -0.705304 115.88 
-0.147801 2.70908 85789 1 1.84844 0.810577 110 0 1215 -0.00467518 -0.0340597 0.0154516 0.309249 -0.705304 115.88 
-0.0853631 2.07497 85909 1 1.85573 0.810577 111 0 1218 -0.00511048 -0.0257398 0.00135655 0.403424 -0.560983 117.119 
-0.0853631 2.07497 85909 1 1.85573 0.810577 112 0 1218 -0.00511048 -0.0257398 0.00135655 0.403424 -0.560983 117.119 
-0.057136 2.09239 86030 1 1.85573 0.810577 113 0 1221 -0.00450733 -0.0210572 0.00332194 0.461418 -0.590461 117.395 
-0.057136 2.09239 86030 1 1.85573 0.810577 114 0 1221 -0.00450733 -0.0210572 0.00332194 0.461418 -0.590461 117.395 
0.0282332 1.70013 86149 1 1.85573 0.810577 115 0 1224 0.00382095 -0.0127117 -0.0207137 0.567057 -0.351944 117.318 
0.0282332 1.70013 86149 1 1.85573 0.810577 116 0 1224 0.00382095 -0.0127117 -0.0207137 0.567057 -0.351944 117.318 
-0.0542474 1.84069 86270 1 1.85573 0.810577 117 0 1227 0.00202861 -0.0215588 -0.0157091 0.531662 -0.390008 117.023 
-0.0542474 1.84069 86270 1 1.85573 0.810577 118 0 1227 0.00202861 -0.0215588 -0.0157091 0.531662 -0.390008 117.023 
-0.029327 2.13556 86430 1 1.85573 0.810577 119 0 1231 -0.00304852 -0.018476 0.00654774 0.569079 -0.563262 117.053 
-0.029327 2.13556 86430 1 1.85573 0.810577 120 0 1231 -0.00304852 -0.018476 0.00654774 0.569079 -0.563262 117.053 
-0.00889224 1.88182 86550 1 1.85573 0.810577 121 0 1234 -0.00131189 -0.0209835 -0.010873 0.541934 -0.418261 116.967 
-0.00889224 1.88182 86550 1 1.85573 0.810577 122 0 1234 -0.00131189 -0.0209835 -0.010873 0.541934 -0.418261 116.967 
0.00921381 2.05621 86711 1 1.85573 0.810577 123 0 1238 0.00152196 -0.0117557 -0.00316943 0.615859 -0.52816 117.227 
0.00921381 2.05621 86711 1 1.85573 0.810577 124 0 1238 0.00152196 -0.0117557 -0.00316943 0.615859 -0.52816 117.227 
0.0464769 1.95938 86831 1 1.85573 0.810577 125 0 1241 -0.00171548 -0.00587573 0.00140994 0.653587 -0.56888 117.809 
0.0464769 1.95938 86831 1 1.85573 0.810577 126 0 1241 -0.00171548 -0.00587573 0.00140994 0.653587 -0.56888 117.809 
0.0644953 1.91703 86951 1 1.85573 0.810577 127 0 1244 -0.00147454 -0.00631795 -0.00132152 0.636847 -0.533563 117.871 
0.0279308 1.79314 87071 1 1.85573 0.810577 128 0 1247 0.00130147 -0.0157085 -0.0151179 0.522219 -0.404702 117.639 
0.0279308 1.79314 87071 1 1.85573 0.810577 129 0 1247 0.00130147 -0.0157085 -0.0151179 0.522219 -0.404702 117.639 
-0.0268077 1.93977 87231 1 1.85573 0.810577 130 0 1251 -0.00126596 -0.0198115 -0.0133989 0.469008 -0.42042 117.009 
-0.0268077 1.93977 87231 1 1.85573 0.810577 131 0 1251 -0.00126596 -0.0198115 -0.0133989 0.469008 -0.42042 117.009 
1.02284 0.892791 87352 1 1.85573 0.810577 132 1 1254 -0.00019522 -0.0205293 0.00508602 0.45095 -0.619974 116.955 
1.19108 1.15194 87553 1 1.85573 0.810577 133 1 1259 0.000383839 -0.00708939 -0.00654019 0.559704 -0.648109 115.539 
1.18187 1.13957 87592 1 1.85573 0.810577 134 1 1260 0.000468639 -0.00846737 -0.00657277 0.551473 -0.656029 115.616 
1.19736 1.14798 87633 1 1.85573 0.810577 135 1 1261 0.000675633 -0.00528609 -0.00706475 0.579811 -0.661412 115.663 
1.19736 1.14798 87633 1 1.85573 0.810577 136 1 1261 0.000675633 -0.00528609 -0.00706475 0.579811 -0.661412 115.663 
1.23136 1.41667 87833 1 1.85573 0.810577 137 0 1266 -0.000412517 -0.00293522 0.0088425 0.605541 -0.898178 116.054 
1.22457 1.34838 87873 1 1.85573 0.810577 138 0 1267 -5.09543e-006 -0.00582219 0.000852974 0.580146 -0.843928 115.962 
1.30519 1.23643 87952 1 1.85573 0.810577 139 0 1269 0.00242564 0.0061697 -0.0169096 0.691768 -0.736092 115.725 
1.30519 1.23643 87952 1 1.85573 0.810577 140 0 1269 0.00242564 0.0061697 -0.0169096 0.691768 -0.736092 115.725 
1.26971 1.23618 87992 1 1.85573 0.810577 141 0 1270 0.00261352 0.000539792 -0.0154895 0.645027 -0.758977 115.743 
1.27895 1.37363 88153 1 1.85573 0.810577 142 0 1274 0.00254762 0.00970312 -0.00246657 0.707903 -0.909474 115.748 
1.25896 1.31307 88234 1 1.85573 0.810577 143 0 1276 0.004571 0.00277628 -0.0150968 0.658801 -0.770684 115.415 
1.28132 1.27958 88274 1 1.85573 0.810577 144 0 1277 0.00465541 0.00664297 -0.0181893 0.707628 -0.71777 115.294 
1.28132 1.27958 88274 1 1.85573 0.810577 145 0 1277 0.00465541 0.00664297 -0.0181893 0.707628 -0.71777 115.294 
1.21377 1.35838 88393 1 1.85573 0.810577 146 0 1280 0.00619538 -0.0118533 0.00107964 0.612624 -0.758866 115.294 
1.10595 1.34384 88474 1 1.85573 0.810577 147 0 1282 0.00634312 -0.0233097 0.00460573 0.53363 -0.736164 115.412 
1.12797 1.28056 88554 1 1.85573 0.810577 148 0 1284 0.00697223 -0.0168155 -0.00483171 0.599355 -0.696567 115.391 
1.12797 1.28056 88554 1 1.85573 0.810577 149 0 1284 0.00697223 -0.0168155 -0.00483171 0.599355 -0.696567 115.391 
1.12797 1.28056 88554 1 1.85573 0.810577 150 0 1284 0.00697223 -0.0168155 -0.00483171 0.599355 -0.696567 115.391 
1.20758 1.03702 88754 1 1.85573 0.810577 151 0 1289 0.00114053 -0.00380075 -0.0796005 0.682825 -0.705975 113.934 
1.20119 0.962955 88834 1 1.85573 0.810577 152 0 1291 0.000929452 -0.00300059 -0.0989926 0.652336 -0.662773 113.431 
1.21367 0.888002 88876 1 1.85573 0.810577 153 0 1292 -0.000404376 -0.000274188 -0.105266 0.669312 -0.616047 113.073 
1.21367 0.888002 88876 1 1.85573 0.810577 154 0 1292 -0.000404376 -0.000274188 -0.105266 0.669312 -0.616047 113.073 
1.23717 0.765741 88915 1 1.85573 0.810577 155 0 1293 0.000379932 0.00609822 -0.122147 0.717589 -0.443105 112.545 
1.23717 0.765741 88915 1 1.85573 0.810577 156 0 1293 0.000379932 0.00609822 -0.122147 0.717589 -0.443105 112.545 
1.33944 1.04323 89035 1 1.85573 0.810577 157 0 1296 -0.00161023 0.0164606 -0.0503742 0.826431 -0.960935 115.305 
1.33944 1.04323 89035 1 1.85573 0.810577 158 0 1296 -0.00161023 0.0164606 -0.0503742 0.826431 -0.960935 115.305 
1.19163 0.947605 89155 1 1.85573 0.810577 159 1 1299 -0.00510871 0.00508651 -0.0535322 0.712692 -0.832279 114.84 
1.19163 0.947605 89155 1 1.85573 0.810577 160 1 1299 -0.00510871 0.00508651 -0.0535322 0.712692 -0.832279 114.84 
1.00601 1.0988 89275 1 1.85573 0.810577 161 1 1302 -0.00675121 0.0137544 -0.0565713 0.802796 -0.747191 114.724 
1.00601 1.0988 89275 1 1.85573 0.810577 162 1 1302 -0.00675121 0.0137544 -0.0565713 0.802796 -0.747191 114.724 
0.693165 1.37754 89396 1 1.85573 0.810577 163 0 1305 -0.00866697 0.017421 -0.0304164 0.821091 -0.907062 115.584 
0.693165 1.37754 89396 1 1.85573 0.810577 164 0 1305 -0.00866697 0.017421 -0.0304164 0.821091 -0.907062 115.584 
0.614836 1.44537 89515 1 1.85573 0.810577 165 0 1308 -0.00880895 0.0034013 -0.0354154 0.667662 -0.856833 115.699 
0.614836 1.44537 89515 1 1.85573 0.810577 166 0 1308 -0.00880895 0.0034013 -0.0354154 0.667662 -0.856833 115.699 
0.558194 1.24503 89676 1 1.85573 0.810577 167 0 1312 -0.00627855 0.00264227 -0.0536936 0.605606 -0.763964 115.724 
0.558194 1.24503 89676 1 1.85573 0.810577 168 0 1312 -0.00627855 0.00264227 -0.0536936 0.605606 -0.763964 115.724 
0.520729 1.21218 89797 1 1.85573 0.810577 169 0 1315 -0.00600139 -0.00501951 -0.0503514 0.499566 -0.794089 116.01 
0.603865 1.19261 89916 1 1.85573 0.810577 170 1 1318 -0.00828088 0.00826112 -0.0679885 0.590266 -0.629663 115.364 
0.603865 1.19261 89916 1 1.85573 0.810577 171 1 1318 -0.00828088 0.00826112 -0.0679885 0.590266 -0.629663 115.364 
0.557816 1.1206 89997 1 1.85573 0.810577 172 1 1320 -0.0104367 0.00536623 -0.0847296 0.527758 -0.461066 114.847 
0.557816 1.1206 89997 1 1.85573 0.810577 173 1 1320 -0.0104367 0.00536623 -0.0847296 0.527758 -0.461066 114.847 
0.661848 1.50669 90117 1 1.85573 0.810577 174 0 1323 -0.0092124 0.0195949 -0.0345249 0.652045 -0.86271 115.932 
0.661848 1.50669 90117 1 1.85573 0.810577 175 0 1323 -0.0092124 0.0195949 -0.0345249 0.652045 -0.86271 115.932 
0.604576 1.65038 90237 1 1.85573 0.810577 176 0 1326 -0.00932372 0.00167516 -0.0249913 0.49363 -0.918621 116.037 
0.604576 1.65038 90237 1 1.85573 0.810577 177 0 1326 -0.00932372 0.00167516 -0.0249913 0.49363 -0.918621 116.037 
0.646649 1.80398 90357 1 1.85573 0.810577 178 0 1329 -0.0115939 0.0113634 -0.0191454 0.616265 -0.957198 116.083 
0.658817 1.7262 90518 1 1.85573 0.810577 179 0 1333 -0.00962883 0.0165066 -0.0246782 0.652669 -0.888265 116.264 
0.658817 1.7262 90518 1 1.85573 0.810577 180 0 1333 -0.00962883 0.0165066 -0.0246782 0.652669 -0.888265 116.264 
0.601765 1.82331 90637 1 1.85573 0.810577 181 0 1336 -0.0110826 0.000986834 -0.0130258 0.491071 -1.03548 116.532 
0.601765 1.82331 90637 1 1.85573 0.810577 182 0 1336 -0.0110826 0.000986834 -0.0130258 0.491071 -1.03548 116.532 
0.615822 1.3918 90758 1 1.85573 0.810577 183 0 1339 -0.00928124 0.00603757 -0.0591237 0.532657 -0.659341 115.678 
0.615822 1.3918 90758 1 1.85573 0.810577 184 0 1339 -0.00928124 0.00603757 -0.0591237 0.532657 -0.659341 115.678 
0.621559 1.714 90879 1 1.85573 0.810577 185 0 1342 -0.00830319 0.0142071 -0.0271781 0.603997 -1.03889 116.616 
0.621559 1.714 90879 1 1.85573 0.810577 186 0 1342 -0.00830319 0.0142071 -0.0271781 0.603997 -1.03889 116.616 
0.603774 1.22505 90998 1 1.85573 0.810577 187 0 1345 -0.00440581 0.00575194 -0.0998837 0.517326 -0.468293 114.854 
0.682979 1.29704 91119 1 1.85573 0.810577 188 0 1348 -0.00494771 0.0153428 -0.0856309 0.618786 -0.608693 115.564 
0.682979 1.29704 91119 1 1.85573 0.810577 189 0 1348 -0.00494771 0.0153428 -0.0856309 0.618786 -0.608693 115.564 
0.762916 1.55534 91239 1 1.85573 0.810577 190 0 1351 -0.00898505 0.0200669 -0.053143 0.680995 -0.91471 116.264 
0.762916 1.55534 91239 1 1.85573 0.810577 191 0 1351 -0.00898505 0.0200669 -0.053143 0.680995 -0.91471 116.264 
0.279522 1.27603 91359 1 1.85573 0.810577 192 0 1354 -0.0114875 0.00833348 -0.062246 0.567101 -0.857943 115.441 
0.279522 1.27603 91359 1 1.85573 0.810577 193 0 1354 -0.0114875 0.00833348 -0.062246 0.567101 -0.857943 115.441 
0.251514 1.06988 91479 1 1.85573 0.810577 194 1 1357 -0.0116763 0.000504066 -0.0811534 0.488034 -0.683564 115.201 
0.251514 1.06988 91479 1 1.85573 0.810577 195 1 1357 -0.0116763 0.000504066 -0.0811534 0.488034 -0.683564 115.201 
0.269531 1.32222 91600 1 1.85573 0.810577 196 0 1360 -0.0102714 0.00236259 -0.0610635 0.484757 -0.886791 116.044 
0.269531 1.32222 91600 1 1.85573 0.810577 197 0 1360 -0.0102714 0.00236259 -0.0610635 0.484757 -0.886791 116.044 
0.259817 1.89732 91721 1 1.85573 0.810577 198 0 1363 -0.0220534 0.00742784 -0.0126855 0.546233 -1.33446 116.281 
0.00273599 1.93231 91840 1 1.85573 0.810577 199 0 1366 -0.0195861 0.0154936 0.00418298 0.629283 -1.46971 116.441 
-0.885965 5.61905 91960 1 1.85573 0.810577 200 0 1369 -0.0195861 0.0154936 0.00418298 0.629283 -1.46971 116.441 
-1.24364 6.14891 92001 1 1.85573 0.810577 201 0 1370 -0.008209 0.0177823 -0.0377448 0.677444 -1.14302 116.839 
-1.24364 6.14891 92001 1 1.85573 0.810577 202 0 1370 -0.008209 0.0177823 -0.0377448 0.677444 -1.14302 116.839 
-0.0174194 2.15012 92081 1 1.85573 0.810577 203 0 1372 -0.00786843 0.0165854 -0.0489235 0.653597 -1.01315 116.133 
-0.107866 1.42166 92201 1 1.85573 0.810577 204 0 1375 -0.0141819 -0.0162885 -0.0541317 0.339955 -0.895697 115.438 
-0.107866 1.42166 92201 1 1.85573 0.810577 205 0 1375 -0.0141819 -0.0162885 -0.0541317 0.339955 -0.895697 115.438 
-0.043063 1.5463 92322 1 1.85573 0.810577 206 0 1378 -0.0150414 -0.0183692 -0.0391642 0.305162 -1.02575 115.75 
-0.043063 1.5463 92322 1 1.85573 0.810577 207 0 1378 -0.0150414 -0.0183692 -0.0391642 0.305162 -1.02575 115.75 
0.0541127 1.21046 92402 1 1.85573 0.810577 208 0 1380 -0.0130515 -0.00299123 -0.0721077 0.428896 -0.729595 114.814 
0.0541127 1.21046 92402 1 1.85573 0.810577 209 0 1380 -0.0130515 -0.00299123 -0.0721077 0.428896 -0.729595 114.814 
0.13351 1.42015 92561 1 1.85573 0.810577 210 0 1384 -0.011679 -0.0139015 -0.0430726 0.346868 -0.978385 115.481 
0.13351 1.42015 92561 1 1.85573 0.810577 211 0 1384 -0.011679 -0.0139015 -0.0430726 0.346868 -0.978385 115.481 
0.710833 1.9149 92682 1 1.85573 0.810577 212 0 1387 -0.0117842 0.00963886 0.0283442 0.581077 -1.57477 116.908 
0.710833 1.9149 92682 1 1.85573 0.810577 213 0 1387 -0.0117842 0.00963886 0.0283442 0.581077 -1.57477 116.908 
0.878724 1.78832 92802 1 1.85573 0.810577 214 0 1390 -0.0100198 0.0202577 0.00918989 0.687491 -1.39282 116.38 
0.841084 1.94941 92922 1 1.85573 0.810577 215 0 1393 -0.0138086 0.00470504 0.0244282 0.586998 -1.50192 116.641 
0.841084 1.94941 92922 1 1.85573 0.810577 216 0 1393 -0.0138086 0.00470504 0.0244282 0.586998 -1.50192 116.641 
0.305571 2.0136 93042 1 1.85573 0.810577 217 0 1396 -0.0163852 0.00386225 0.00482011 0.58974 -1.31546 116.599 
0.305571 2.0136 93042 1 1.85573 0.810577 218 0 1396 -0.0163852 0.00386225 0.00482011 0.58974 -1.31546 116.599 
0.247963 1.90773 93163 1 1.85573 0.810577 219 0 1399 -0.0145663 -0.00380436 0.0012616 0.527254 -1.27807 116.779 
0.247963 1.90773 93163 1 1.85573 0.810577 220 0 1399 -0.0145663 -0.00380436 0.0012616 0.527254 -1.27807 116.779 
0.191795 1.96225 93283 1 1.85573 0.810577 221 0 1402 -0.0133037 0.00355803 0.0202521 0.600145 -1.45731 116.721 
0.191795 1.96225 93283 1 1.85573 0.810577 222 0 1402 -0.0133037 0.00355803 0.0202521 0.600145 -1.45731 116.721 
0.135526 1.53482 93403 1 1.85573 0.810577 223 0 1405 -0.0108829 -0.00450207 -0.00823068 0.521581 -1.19257 116.296 
0.135526 1.53482 93403 1 1.84531 0.811538 224 0 1405 -0.0108829 -0.00450207 -0.00823068 0.521581 -1.19257 116.296 
0.2302 1.3533 93524 1 1.63021 0.910577 225 0 1408 -0.0121287 0.00685449 -0.0300513 0.602718 -0.998387 115.764 
0.326311 1.20197 93643 1 1.32865 0.979808 226 0 1411 -0.0115167 0.00712533 -0.0409178 0.577236 -0.884854 115.568 
0.326311 1.20197 93643 1 1.27969 0.974038 227 0 1411 -0.0115167 0.00712533 -0.0409178 0.577236 -0.884854 115.568 
0.344699 1.17998 93764 1 1.2625 0.939423 228 1 1414 -0.0099673 0.00487585 -0.0424866 0.557104 -0.858293 115.53 
0.344699 1.17998 93764 1 1.14844 0.890385 229 1 1414 -0.0099673 0.00487585 -0.0424866 0.557104 -0.858293 115.53 
0.227472 1.33321 93884 1 1.10677 0.891346 230 0 1417 -0.00933878 -0.0053605 -0.0633658 0.470371 -0.68156 115.546 
0.227472 1.33321 93884 1 1.11146 0.9 231 0 1417 -0.00933878 -0.0053605 -0.0633658 0.470371 -0.68156 115.546 
0.319281 1.46472 94004 1 1.12188 0.922115 232 0 1420 -0.00738421 0.00249031 -0.0453876 0.570593 -0.852201 116.258 
0.319281 1.46472 94004 1 1.13854 0.95 233 0 1420 -0.00738421 0.00249031 -0.0453876 0.570593 -0.852201 116.258 
0.206015 1.44764 94125 1 1.14271 0.957692 234 0 1423 -0.00591764 -0.0201265 -0.0498905 0.408956 -0.804689 116.232 
0.206015 1.44764 94125 1 1.14427 0.961538 235 0 1423 -0.00591764 -0.0201265 -0.0498905 0.408956 -0.804689 116.232 
0.0255866 1.39664 94245 1 1.14427 0.9625 236 0 1426 -0.00730735 0.00272355 -0.0708356 0.642953 -0.623589 115.413 
-0.0779188 1.35239 94405 1 1.14427 0.961538 237 0 1430 -0.00773758 0.00870091 -0.0574807 0.727099 -0.753445 115.748 
-0.0779188 1.35239 94405 1 1.14427 0.961538 238 0 1430 -0.00773758 0.00870091 -0.0574807 0.727099 -0.753445 115.748 
-0.100855 1.59837 94525 1 1.14427 0.960577 239 0 1433 -0.00943656 0.00847029 -0.0298079 0.731318 -0.999437 116.344 
-0.100855 1.59837 94525 1 1.14427 0.959615 240 0 1433 -0.00943656 0.00847029 -0.0298079 0.731318 -0.999437 116.344 
-0.25479 1.74696 94647 1 1.14427 0.955769 241 0 1436 -0.00770099 -0.0112807 0.00145436 0.555611 -1.29685 117.077 
-0.25479 1.74696 94647 1 1.14427 0.955769 242 0 1436 -0.00770099 -0.0112807 0.00145436 0.555611 -1.29685 117.077 
-0.28116 1.40344 94765 1 1.14427 0.955769 243 0 1439 -0.00478903 -0.0237381 -0.0359273 0.435621 -1.01964 116.092 
-0.28116 1.40344 94765 1 1.14688 0.955769 244 0 1439 -0.00478903 -0.0237381 -0.0359273 0.435621 -1.01964 116.092 
0.0741864 1.56383 94886 1 1.20573 0.9625 245 0 1442 -0.00418231 -0.0179614 -0.00138393 0.498782 -1.30883 116.792 
0.0741864 1.56383 94886 1 1.23646 0.967308 246 0 1442 -0.00418231 -0.0179614 -0.00138393 0.498782 -1.30883 116.792 
0.150901 1.54647 95007 1 1.24063 0.969231 247 0 1445 -0.00397822 -0.0121091 -0.00521482 0.582258 -1.26587 116.74 
0.150901 1.54647 95007 1 1.25 0.970192 248 0 1445 -0.00397822 -0.0121091 -0.00521482 0.582258 -1.26587 116.74 
0.200104 1.37161 95126 1 1.25833 0.970192 249 0 1448 -0.00067337 -0.0131361 -0.0208966 0.574994 -1.14137 116.51 
0.370787 1.50589 95287 1 1.25833 0.970192 250 0 1452 -0.00288202 0.00236122 0.00156081 0.74347 -1.30195 116.957 
0.370787 1.50589 95287 1 1.26458 0.971154 251 0 1452 -0.00288202 0.00236122 0.00156081 0.74347 -1.30195 116.957 
0.249717 1.54567 95408 1 1.26771 0.972115 252 0 1455 -0.00276731 -0.0124358 -0.00352296 0.616633 -1.27085 116.784 
0.249717 1.54567 95408 1 1.26771 0.972115 253 0 1455 -0.00276731 -0.0124358 -0.00352296 0.616633 -1.27085 116.784 
0.229402 1.46887 95527 1 1.26927 0.972115 254 0 1458 -0.000929893 -0.0101246 -0.00657563 0.633339 -1.23277 116.839 
0.229402 1.46887 95527 1 1.27292 0.973077 255 0 1458 -0.000929893 -0.0101246 -0.00657563 0.633339 -1.23277 116.839 
0.210098 1.27117 95647 1 1.27344 0.973077 256 0 1461 0.00376542 -0.0127015 -0.0238066 0.602029 -1.04994 116.553 
0.210098 1.27117 95647 1 1.275 0.973077 257 0 1461 0.00376542 -0.0127015 -0.0238066 0.602029 -1.04994 116.553 
0.267826 1.06556 95768 1 1.28229 0.975962 258 1 1464 0.00425192 -0.00447945 -0.0392165 0.666135 -0.866811 116.261 
0.267826 1.06556 95768 1 1.29062 0.976923 259 1 1464 0.00425192 -0.00447945 -0.0392165 0.666135 -0.866811 116.261 
0.2672 1.21914 95887 1 1.29062 0.976923 260 0 1467 0.00235613 -0.00235302 -0.0284916 0.683811 -0.944994 116.128 
0.2672 1.21914 95887 1 1.29062 0.976923 261 0 1467 0.00235613 -0.00235302 -0.0284916 0.683811 -0.944994 116.128 
0.255868 1.32373 96008 1 1.29062 0.976923 262 0 1470 0.000846094 -0.0138347 -0.0247044 0.567413 -0.963914 115.982 
0.389421 1.23765 96129 1 1.29062 0.976923 263 0 1473 0.00229923 -0.00279306 -0.0286844 0.645125 -0.946742 116.024 
0.389421 1.23765 96129 1 1.2526 0.948077 264 0 1473 0.00229923 -0.00279306 -0.0286844 0.645125 -0.946742 116.024 
0.328008 1.16852 96289 1 1.18281 0.884615 265 1 1477 0.0032144 -0.0124571 -0.0364071 0.540274 -0.887296 116.153 
0.328008 1.16852 96289 1 1.16354 0.850962 266 1 1477 0.0032144 -0.0124571 -0.0364071 0.540274 -0.887296 116.153 
0.360302 1.19324 96409 1 1.15729 0.833654 267 1 1480 0.00362569 -0.00503721 -0.0320489 0.585336 -0.915879 116.266 
0.360302 1.19324 96409 1 1.15781 0.828846 268 1 1480 0.00362569 -0.00503721 -0.0320489 0.585336 -0.915879 116.266 
0.771314 1.04328 96489 1 1.15833 0.825962 269 1 1482 0.00350307 0.000563448 -0.0562338 0.609104 -0.699223 115.647 
0.771314 1.04328 96489 1 1.15833 0.816346 270 1 1482 0.00350307 0.000563448 -0.0562338 0.609104 -0.699223 115.647 
0.816483 1.39266 96650 1 1.15781 0.809615 271 0 1486 0.000658867 0.00294751 -0.0134307 0.633642 -1.03266 116.383 
0.787382 1.34861 96770 1 1.15781 0.809615 272 0 1489 0.00326998 -0.00706414 -0.0285626 0.553449 -0.890006 115.883 
0.787382 1.34861 96770 1 1.15781 0.809615 273 0 1489 0.00326998 -0.00706414 -0.0285626 0.553449 -0.890006 115.883 
0.798537 1.14972 96890 1 1.15781 0.809615 274 1 1492 0.00563804 0.00131325 -0.0333725 0.621101 -0.812184 116.232 
0.798537 1.14972 96890 1 1.15781 0.809615 275 1 1492 0.00563804 0.00131325 -0.0333725 0.621101 -0.812184 116.232 
0.76421 1.38105 97010 1 1.15781 0.809615 276 0 1495 0.00582804 0.00478373 -0.0394444 0.685893 -0.716251 116.1 
0.76421 1.38105 97010 1 1.15833 0.814423 277 0 1495 0.00582804 0.00478373 -0.0394444 0.685893 -0.716251 116.1 
0.766818 1.39376 97131 1 1.16042 0.817308 278 0 1498 0.00724301 0.00275088 -0.0426046 0.661906 -0.665397 115.954 
0.766818 1.39376 97131 1 1.16042 0.817308 279 0 1498 0.00724301 0.00275088 -0.0426046 0.661906 -0.665397 115.954 
0.866127 1.9883 97291 1 1.16042 0.817308 280 0 1502 0.00323185 0.0017775 -0.00805987 0.645947 -0.913559 117.017 
0.866127 1.9883 97291 1 1.16042 0.817308 281 0 1502 0.00323185 0.0017775 -0.00805987 0.645947 -0.913559 117.017 
0.80549 2.04089 97410 1 1.16042 0.817308 282 0 1505 0.00170589 -0.00753773 -0.00567213 0.551354 -0.927123 117.049 
0.80549 2.04089 97410 1 1.16042 0.817308 283 0 1505 0.00170589 -0.00753773 -0.00567213 0.551354 -0.927123 117.049 
0.817076 1.93825 97531 1 1.16198 0.817308 284 0 1508 0.000609582 -0.00398388 -0.0200234 0.565606 -0.814981 116.818 
0.817076 1.93825 97531 1 1.17656 0.815385 285 0 1508 0.000609582 -0.00398388 -0.0200234 0.565606 -0.814981 116.818 
6.1302 18.537 97772 1 1.17656 0.814423 286 0 1514 0.000885514 -0.0216212 -0.0930007 0.452929 -0.295559 115.499 
6.1302 18.537 97772 1 1.17656 0.814423 287 0 1514 0.000885514 -0.0216212 -0.0930007 0.452929 -0.295559 115.499 
-1.72077 5.28438 97811 1 1.17656 0.814423 288 0 1515 0.00347145 -0.0258028 -0.109619 0.420462 -0.165774 115.207 
0.422218 2.58694 97892 1 1.17656 0.814423 289 0 1517 0.00731273 -0.0305317 -0.111909 0.393023 -0.199288 114.924 
0.422218 2.58694 97892 1 1.17656 0.814423 290 0 1517 0.00731273 -0.0305317 -0.111909 0.393023 -0.199288 114.924 
0.880372 2.13655 98012 1 1.17656 0.814423 291 0 1520 0.0055345 0.016993 -0.0777132 0.859086 -0.502967 115.956 
0.880372 2.13655 98012 1 1.17656 0.814423 292 0 1520 0.0055345 0.016993 -0.0777132 0.859086 -0.502967 115.956 
0.847598 2.13699 98172 1 1.17656 0.814423 293 0 1524 0.0071801 -0.0146295 -0.0532432 0.630074 -0.726899 116.79 
0.847598 2.13699 98172 1 1.17656 0.814423 294 0 1524 0.0071801 -0.0146295 -0.0532432 0.630074 -0.726899 116.79 
0.953969 1.98158 98292 1 1.17656 0.814423 295 0 1527 0.00617184 0.00283502 -0.0573569 0.789733 -0.685275 116.608 
0.953969 1.98158 98292 1 1.17656 0.814423 296 0 1527 0.00617184 0.00283502 -0.0573569 0.789733 -0.685275 116.608 
0.873806 1.81754 98413 1 1.17656 0.814423 297 0 1530 0.00514224 -0.00661944 -0.0636872 0.697925 -0.615142 116.246 
0.873806 1.81754 98413 1 1.17656 0.814423 298 0 1530 0.00514224 -0.00661944 -0.0636872 0.697925 -0.615142 116.246 
0.897605 1.78985 98533 1 1.17656 0.814423 299 0 1533 0.00468116 -0.00448313 -0.0581676 0.702858 -0.665227 116.561 
0.897605 1.78985 98533 1 1.17656 0.814423 300 0 1533 0.00468116 -0.00448313 -0.0581676 0.702858 -0.665227 116.561 
0.990786 1.96564 98653 1 1.17656 0.814423 301 0 1536 0.00561017 0.00157463 -0.043579 0.739039 -0.835612 116.894 
0.950089 2.10443 98774 1 1.17656 0.814423 302 0 1539 0.00261175 0.00327528 -0.0200463 0.711898 -1.08292 117.674 
0.950089 2.10443 98774 1 1.17656 0.814423 303 0 1539 0.00261175 0.00327528 -0.0200463 0.711898 -1.08292 117.674 
0.938757 1.92059 98893 1 1.17656 0.814423 304 0 1542 0.00410445 0.00100497 -0.0379612 0.644606 -0.925847 117.382 
0.938757 1.92059 98893 1 1.17656 0.814423 305 0 1542 0.00410445 0.00100497 -0.0379612 0.644606 -0.925847 117.382 
0.911479 2.06053 99014 1 1.17656 0.814423 306 0 1545 0.00300816 -0.00267295 -0.0347017 0.595398 -0.954568 117.177 
0.911479 2.06053 99014 1 1.17656 0.814423 307 0 1545 0.00300816 -0.00267295 -0.0347017 0.595398 -0.954568 117.177 
0.492826 2.1355 99134 1 1.17656 0.814423 308 0 1548 0.00144645 -0.0113028 -0.0308806 0.478873 -0.980057 117.562 
0.492826 2.1355 99134 1 1.17656 0.814423 309 0 1548 0.00144645 -0.0113028 -0.0308806 0.478873 -0.980057 117.562 
0.626181 2.17438 99254 1 1.17656 0.814423 310 0 1551 -0.000579906 0.00302725 -0.0288153 0.562311 -0.984657 117.517 
0.250346 1.93616 99375 1 1.17656 0.814423 311 0 1554 -0.000886073 -0.00130477 -0.0552058 0.492697 -0.745123 117.252 
0.250346 1.93616 99375 1 1.17656 0.814423 312 0 1554 -0.000886073 -0.00130477 -0.0552058 0.492697 -0.745123 117.252 
0.288479 2.14492 99495 1 1.17656 0.814423 313 0 1557 -7.1648e-005 -0.00154507 -0.0401302 0.450897 -0.874892 117.506 
0.288479 2.14492 99495 1 1.17656 0.814423 314 0 1557 -7.1648e-005 -0.00154507 -0.0401302 0.450897 -0.874892 117.506 
0.161887 1.90572 99615 1 1.17656 0.814423 315 0 1560 -8.73896e-005 -0.00930188 -0.0560971 0.355311 -0.699633 116.683 
0.161887 1.90572 99615 1 1.17656 0.814423 316 0 1560 -8.73896e-005 -0.00930188 -0.0560971 0.355311 -0.699633 116.683 
0.210723 1.92239 99735 1 1.17656 0.814423 317 0 1563 -0.00103245 -0.00911131 -0.0558938 0.355668 -0.666655 116.624 
0.210723 1.92239 99735 1 1.17656 0.814423 318 0 1563 -0.00103245 -0.00911131 -0.0558938 0.355668 -0.666655 116.624 
0.754504 2.00598 99856 1 1.17656 0.814423 319 0 1566 0.00156465 -0.00926599 -0.0703266 0.34458 -0.538233 115.954 
0.758512 2.00265 99975 1 1.17656 0.814423 320 0 1569 0.00228627 -0.00990484 -0.0701827 0.341277 -0.516287 115.944 
0.758512 2.00265 99975 1 1.17656 0.814423 321 0 1569 0.00228627 -0.00990484 -0.0701827 0.341277 -0.516287 115.944 
1.53553 1.60806 100096 1 1.17656 0.814423 322 0 1572 -0.0003691 0.00539128 -0.0225007 0.491116 -0.92211 116.598 
1.53553 1.60806 100096 1 1.17656 0.814423 323 0 1572 -0.0003691 0.00539128 -0.0225007 0.491116 -0.92211 116.598 
1.54898 1.34452 100216 1 1.17656 0.814423 324 0 1575 0.000644277 -0.00644432 -0.00839246 0.403129 -1.02391 116.855 
1.54898 1.34452 100216 1 1.17656 0.814423 325 0 1575 0.000644277 -0.00644432 -0.00839246 0.403129 -1.02391 116.855 
1.62661 1.26668 100336 1 1.17656 0.814423 326 0 1578 0.00166156 -6.78645e-005 -0.00886999 0.439107 -1.00981 116.835 
1.62661 1.26668 100336 1 1.17656 0.814423 327 0 1578 0.00166156 -6.78645e-005 -0.00886999 0.439107 -1.00981 116.835 
1.66465 1.35085 100497 1 1.17656 0.814423 328 0 1582 -0.0016602 0.0113394 -0.0141081 0.5253 -0.97793 116.455 
1.66465 1.35085 100497 1 1.17656 0.814423 329 0 1582 -0.0016602 0.0113394 -0.0141081 0.5253 -0.97793 116.455 
1.64938 1.40276 100617 1 1.17656 0.814423 330 0 1585 -0.00340302 0.00671536 -0.00265243 0.501703 -1.08088 116.697 
1.54704 1.25972 100697 1 1.17656 0.814423 331 0 1587 -0.00170554 0.000726194 -0.0163963 0.435965 -0.983117 116.662 
1.54704 1.25972 100697 1 1.17656 0.814423 332 0 1587 -0.00170554 0.000726194 -0.0163963 0.435965 -0.983117 116.662 
1.56646 1.40563 100817 1 1.17656 0.814423 333 0 1590 -0.00378753 -0.000209396 -0.00994601 0.460323 -1.05982 116.616 
1.56646 1.40563 100817 1 1.17656 0.814423 334 0 1590 -0.00378753 -0.000209396 -0.00994601 0.460323 -1.05982 116.616 
1.59794 1.53276 100938 1 1.17656 0.814423 335 0 1593 -0.00217479 0.00408916 -0.00761126 0.512352 -1.06432 116.888 
1.59794 1.53276 100938 1 1.17656 0.814423 336 0 1593 -0.00217479 0.00408916 -0.00761126 0.512352 -1.06432 116.888 
1.61563 1.46269 101097 1 1.17656 0.814423 337 0 1597 -0.00289031 0.00680648 -0.010996 0.535078 -1.04386 116.774 
1.64292 1.40056 101218 1 1.17656 0.814423 338 0 1600 -0.0022075 0.00339879 -0.00813259 0.499638 -1.06533 116.757 
1.64292 1.40056 101218 1 1.17656 0.814423 339 0 1600 -0.0022075 0.00339879 -0.00813259 0.499638 -1.06533 116.757 
1.60869 1.41462 101339 1 1.17656 0.814423 340 0 1603 -0.00453337 0.00521076 -0.0152657 0.490986 -1.03636 116.343 
1.60869 1.41462 101339 1 1.17656 0.814423 341 0 1603 -0.00453337 0.00521076 -0.0152657 0.490986 -1.03636 116.343 
1.64084 1.21877 101458 1 1.17656 0.814423 342 0 1606 -0.00269551 0.00889753 -0.0420583 0.497569 -0.849638 116.153 
1.64084 1.21877 101458 1 1.17656 0.814423 343 0 1606 -0.00269551 0.00889753 -0.0420583 0.497569 -0.849638 116.153 
1.51641 1.58866 101579 1 1.17656 0.814423 344 0 1609 -0.00604029 0.00504152 -0.0200123 0.481153 -1.07437 116.651 
1.36115 1.63389 101659 1 1.17656 0.814423 345 0 1611 -0.00278989 0.0182231 -0.0226757 0.643682 -1.03824 117.19 
1.36115 1.63389 101659 1 1.17656 0.814423 346 0 1611 -0.00278989 0.0182231 -0.0226757 0.643682 -1.03824 117.19 
1.45492 1.92831 101779 1 1.17656 0.814423 347 0 1614 0.00588557 0.0205236 -0.0169522 0.740129 -1.0862 117.451 
1.45492 1.92831 101779 1 1.17656 0.814423 348 0 1614 0.00588557 0.0205236 -0.0169522 0.740129 -1.0862 117.451 
1.55278 1.77627 101899 1 1.17656 0.814423 349 0 1617 0.00995028 0.0384607 -0.0447436 0.858321 -1.07294 116.89 
1.55278 1.77627 101899 1 1.17656 0.814423 350 0 1617 0.00995028 0.0384607 -0.0447436 0.858321 -1.07294 116.89 
1.63 1.77198 102060 1 1.17656 0.814423 351 0 1621 0.000616331 0.0512717 -0.053171 0.885437 -1.09206 117.144 
1.63 1.77198 102060 1 1.17656 0.814423 352 0 1621 0.000616331 0.0512717 -0.053171 0.885437 -1.09206 117.144 
1.56021 1.88867 102180 1 1.17656 0.814423 353 0 1624 -0.00793488 0.0500676 -0.039143 0.918826 -1.25478 117.105 
1.56021 1.88867 102180 1 1.17656 0.814423 354 0 1624 -0.00793488 0.0500676 -0.039143 0.918826 -1.25478 117.105 
1.61081 1.6825 102300 1 1.17656 0.814423 355 0 1627 -0.0121242 0.0590036 -0.0743534 1.02384 -0.906378 115.337 
1.61081 1.6825 102300 1 1.17656 0.814423 356 0 1627 -0.0121242 0.0590036 -0.0743534 1.02384 -0.906378 115.337 
1.7454 1.83123 102461 1 1.17656 0.814423 357 0 1631 -0.0107611 0.0613353 -0.0667506 1.11109 -0.836861 114.644 
1.7454 1.83123 102461 1 1.17656 0.814423 358 0 1631 -0.0107611 0.0613353 -0.0667506 1.11109 -0.836861 114.644 
1.36242 1.95787 102581 1 1.17656 0.814423 359 0 1634 -0.00881438 0.0518364 -0.0258695 1.03957 -1.04339 115.597 
1.36242 1.95787 102581 1 1.17656 0.814423 360 0 1634 -0.00881438 0.0518364 -0.0258695 1.03957 -1.04339 115.597 
1.2711 2.18119 102701 1 1.17656 0.814423 361 0 1637 -0.0137693 0.0418526 0.00507632 0.91798 -1.18442 116.239 
1.2711 2.18119 102701 1 1.17656 0.814423 362 0 1637 -0.0137693 0.0418526 0.00507632 0.91798 -1.18442 116.239 
1.29264 1.83076 102822 1 1.17656 0.814423 363 0 1640 -0.0109446 0.0449342 -0.032341 0.965373 -0.782876 115.098 
1.29264 1.83076 102822 1 1.17656 0.814423 364 0 1640 -0.0109446 0.0449342 -0.032341 0.965373 -0.782876 115.098 
0.900927 1.99473 102942 1 1.17656 0.814423 365 0 1643 -0.011141 0.0187553 -0.0465719 0.772898 -0.660825 115.615 
0.900927 1.99473 102942 1 1.17656 0.814423 366 0 1643 -0.011141 0.0187553 -0.0465719 0.772898 -0.660825 115.615 
0.869761 2.17298 103062 1 1.17656 0.814423 367 0 1646 -0.0111823 0.0228872 -0.047161 0.810912 -0.677475 115.577 
0.869761 2.17298 103062 1 1.17656 0.814423 368 0 1646 -0.0111823 0.0228872 -0.047161 0.810912 -0.677475 115.577 
-0.0185314 1.60969 103222 1 1.17656 0.814423 369 0 1650 -0.00760513 0.0258261 -0.0704249 0.928763 -0.461308 115.968 
-0.0185314 1.60969 103222 1 1.17656 0.814423 370 0 1650 -0.00760513 0.0258261 -0.0704249 0.928763 -0.461308 115.968 
-0.0341927 1.67973 103342 1 1.17656 0.814423 371 0 1653 -0.004786 0.0464312 -0.0703484 1.14814 -0.462708 115.998 
-0.0341927 1.67973 103342 1 1.17656 0.814423 372 0 1653 -0.004786 0.0464312 -0.0703484 1.14814 -0.462708 115.998 
-0.238914 1.88675 103462 1 1.17656 0.814423 373 0 1656 -5.36698e-005 0.0129887 -0.0566088 0.930478 -0.505135 116.122 
-0.0658373 1.83282 103623 1 1.17656 0.814423 374 0 1660 0.00319796 0.0292986 -0.0618982 1.14607 -0.385899 115.831 
-0.0658373 1.83282 103623 1 1.17656 0.814423 375 0 1660 0.00319796 0.0292986 -0.0618982 1.14607 -0.385899 115.831 
-0.184933 2.50435 103742 1 1.17656 0.814423 376 0 1663 0.00125189 0.0318483 -0.0533046 1.12399 -0.486814 115.244 
-5.16578 14.4106 103863 1 1.17656 0.814423 377 0 1666 0.00237085 0.024502 -0.0582272 1.04637 -0.390527 115.462 
-5.16578 14.4106 103863 1 1.17656 0.814423 378 0 1666 0.00237085 0.024502 -0.0582272 1.04637 -0.390527 115.462 
-5.16578 14.4106 103904 1 1.17656 0.814423 379 0 1667 0.00237085 0.024502 -0.0582272 1.04637 -0.390527 115.462 
-5.16578 14.4106 103904 1 1.17656 0.814423 380 0 1667 0.00237085 0.024502 -0.0582272 1.04637 -0.390527 115.462 
-0.291766 1.89512 104024 1 1.17656 0.814423 381 0 1670 0.00314044 0.00684404 -0.0619733 0.841623 -0.313059 115.591 
-0.291766 1.89512 104024 1 1.17656 0.814423 382 0 1670 0.00314044 0.00684404 -0.0619733 0.841623 -0.313059 115.591 
-0.0700153 1.54825 104183 1 1.17656 0.814423 383 0 1674 0.00110927 0.0305316 -0.0416678 0.998192 -0.53929 115.624 
-0.0700153 1.54825 104183 1 1.17656 0.814423 384 0 1674 0.00110927 0.0305316 -0.0416678 0.998192 -0.53929 115.624 
-0.0911455 1.78581 104304 1 1.17656 0.814423 385 0 1677 -1.91479e-005 0.0167417 -0.0107876 0.854284 -0.859619 116.705 
-0.113618 1.58777 104425 1 1.17656 0.814423 386 0 1680 0.00236916 0.00320891 -0.0390677 0.71273 -0.648589 116.388 
-0.113618 1.58777 104425 1 1.17656 0.814423 387 0 1680 0.00236916 0.00320891 -0.0390677 0.71273 -0.648589 116.388 
-0.167909 1.353 104544 1 1.17656 0.814423 388 0 1683 0.00278192 -0.00379424 -0.0701705 0.605396 -0.412143 115.813 
-0.167909 1.353 104544 1 1.17656 0.814423 389 0 1683 0.00278192 -0.00379424 -0.0701705 0.605396 -0.412143 115.813 
-0.147365 1.46967 104665 1 1.17656 0.814423 390 0 1686 -0.000881717 0.000385748 -0.0626816 0.581068 -0.482596 116 
-0.147365 1.46967 104665 1 1.17656 0.814423 391 0 1686 -0.000881717 0.000385748 -0.0626816 0.581068 -0.482596 116 
-0.142978 1.46401 104785 1 1.17656 0.814423 392 0 1689 -0.00254977 0.00495056 -0.016707 0.569744 -0.919514 116.548 
-0.142978 1.46401 104785 1 1.17656 0.814423 393 0 1689 -0.00254977 0.00495056 -0.016707 0.569744 -0.919514 116.548 
-0.121308 1.05024 104905 1 1.17656 0.814423 394 1 1692 -0.000253961 0.0119128 -0.0532447 0.572826 -0.603612 115.854 
-0.121308 1.05024 104905 1 1.17656 0.814423 395 1 1692 -0.000253961 0.0119128 -0.0532447 0.572826 -0.603612 115.854 
-0.198871 1.26663 105065 1 1.17656 0.814423 396 0 1696 -0.0030706 -0.00228498 -0.0303584 0.391694 -0.792701 116.444 
-0.232716 1.22601 105186 1 1.17656 0.814423 397 0 1699 -0.00268775 0.013755 -0.0303206 0.484161 -0.782444 116.415 
-0.232716 1.22601 105186 1 1.17656 0.814423 398 0 1699 -0.00268775 0.013755 -0.0303206 0.484161 -0.782444 116.415 
-0.285007 1.10109 105306 1 1.17656 0.814423 399 0 1702 -0.00280335 0.0100668 -0.0431758 0.418497 -0.643406 116.096 
-0.285007 1.10109 105306 1 1.17656 0.814423 400 0 1702 -0.00280335 0.0100668 -0.0431758 0.418497 -0.643406 116.096 
0.270528 1.23066 105426 1 1.17656 0.814423 401 0 1705 -0.00347036 0.00547204 -0.0330025 0.339235 -0.721357 115.912 
0.270528 1.23066 105426 1 1.17656 0.814423 402 0 1705 -0.00347036 0.00547204 -0.0330025 0.339235 -0.721357 115.912 
0.710332 1.2726 105547 1 1.17656 0.814423 403 0 1708 0.00130802 0.00869798 -0.0308927 0.372331 -0.751421 116.138 
0.710332 1.2726 105547 1 1.17656 0.814423 404 0 1708 0.00130802 0.00869798 -0.0308927 0.372331 -0.751421 116.138 
0.861608 1.32025 105666 1 1.17656 0.814423 405 0 1711 -0.000356535 0.0138123 -0.0117299 0.467317 -0.938316 116.953 
0.921413 1.74619 105787 1 1.17656 0.814423 406 0 1714 -0.0038865 0.0170056 0.0250997 0.533234 -1.32723 117.494 
0.921413 1.74619 105787 1 1.17656 0.814423 407 0 1714 -0.0038865 0.0170056 0.0250997 0.533234 -1.32723 117.494 
0.87012 1.73921 105907 1 1.17656 0.814423 408 0 1717 -0.00262388 0.00928218 0.0122016 0.517411 -1.24085 117.491 
0.87012 1.73921 105907 1 1.17656 0.814423 409 0 1717 -0.00262388 0.00928218 0.0122016 0.517411 -1.24085 117.491 
0.826431 1.78413 106027 1 1.17656 0.814423 410 0 1720 -0.00154237 0.00859023 0.0132906 0.541455 -1.25265 117.713 
0.826431 1.78413 106027 1 1.17656 0.814423 411 0 1720 -0.00154237 0.00859023 0.0132906 0.541455 -1.25265 117.713 
0.877868 2.22742 106147 1 1.17656 0.814423 412 0 1723 -0.00144777 0.00914848 0.0142007 0.569199 -1.259 117.906 
0.877868 2.22742 106147 1 1.17656 0.814423 413 0 1723 -0.00144777 0.00914848 0.0142007 0.569199 -1.259 117.906 
0.939424 2.99459 106268 1 1.17656 0.814423 414 0 1726 -0.00144777 0.00914848 0.0142007 0.569199 -1.259 117.906 
0.939424 2.99459 106268 1 1.17656 0.814423 415 0 1726 -0.00144777 0.00914848 0.0142007 0.569199 -1.259 117.906 
0.897829 2.22368 106388 1 1.17656 0.814423 416 0 1729 0.00229035 0.0086574 -0.0626464 0.534663 -0.581191 116.808 
0.897829 2.22368 106388 1 1.17656 0.814423 417 0 1729 0.00229035 0.0086574 -0.0626464 0.534663 -0.581191 116.808 
0.948529 2.02622 106548 1 1.17656 0.814423 418 0 1733 0.000202298 0.017589 -0.0735355 0.590642 -0.523358 116.661 
0.847451 2.17995 106669 1 1.17656 0.814423 419 0 1736 0.00376309 0.00232154 -0.0683952 0.426074 -0.590656 116.628 
0.847451 2.17995 106669 1 1.17656 0.814423 420 0 1736 0.00376309 0.00232154 -0.0683952 0.426074 -0.590656 116.628 
0.851278 2.21148 106789 1 1.17656 0.814423 421 0 1739 0.0029856 -0.000422475 -0.0634612 0.388423 -0.613417 116.646 
0.851278 2.21148 106789 1 1.17656 0.814423 422 0 1739 0.0029856 -0.000422475 -0.0634612 0.388423 -0.613417 116.646 
0.958516 1.6786 106909 1 1.17656 0.814423 423 0 1742 0.00162041 0.0194025 -0.109326 0.533272 -0.165169 115.938 
0.958516 1.6786 106909 1 1.17656 0.814423 424 0 1742 0.00162041 0.0194025 -0.109326 0.533272 -0.165169 115.938 
0.844374 1.90552 107029 1 1.17656 0.814423 425 0 1745 0.00306296 0.0079242 -0.102711 0.375516 -0.224349 115.759 
0.844374 1.90552 107029 1 1.17656 0.814423 426 0 1745 0.00306296 0.0079242 -0.102711 0.375516 -0.224349 115.759 
0.873574 2.21454 107149 1 1.17656 0.814423 427 0 1748 0.00173654 0.0102882 -0.0823708 0.367859 -0.37596 116.194 
0.873574 2.21454 107149 1 1.17656 0.814423 428 0 1748 0.00173654 0.0102882 -0.0823708 0.367859 -0.37596 116.194 
0.977454 2.46309 107269 1 1.17656 0.814423 429 0 1751 -0.000158904 0.0017152 -0.0748252 0.286602 -0.427401 116.499 
0.977454 2.46309 107269 1 1.17656 0.814423 430 0 1751 -0.000158904 0.0017152 -0.0748252 0.286602 -0.427401 116.499 
1.00153 2.42119 107390 1 1.17656 0.814423 431 0 1754 -0.000136857 0.00171215 -0.0749408 0.28659 -0.428403 116.499 
1.05551 2.49455 107510 1 1.17656 0.814423 432 0 1757 0.000254176 0.00255265 -0.0695532 0.28745 -0.453342 116.652 
1.05551 2.49455 107510 1 1.17656 0.814423 433 0 1757 0.000254176 0.00255265 -0.0695532 0.28745 -0.453342 116.652 
1.12276 2.5364 107630 1 1.17656 0.814423 434 0 1760 0.00122571 0.00141518 -0.0579685 0.270611 -0.541814 116.818 
1.12276 2.5364 107630 1 1.17656 0.814423 435 0 1760 0.00122571 0.00141518 -0.0579685 0.270611 -0.541814 116.818 
1.12566 2.58718 107751 1 1.17656 0.814423 436 0 1763 0.000454798 0.00222707 -0.0557279 0.250207 -0.561813 116.851 
1.12566 2.58718 107751 1 1.17656 0.814423 437 0 1763 0.000454798 0.00222707 -0.0557279 0.250207 -0.561813 116.851 
0.933995 2.24408 107870 1 1.17656 0.814423 438 0 1766 -3.96036e-005 0.0210351 -0.0423838 0.378673 -0.689774 116.942 
0.933995 2.24408 107870 1 1.17656 0.814423 439 0 1766 -3.96036e-005 0.0210351 -0.0423838 0.378673 -0.689774 116.942 
0.948519 2.14855 107991 1 1.17656 0.814423 440 0 1769 -0.00574332 0.0229181 -0.0116262 0.399147 -0.945972 117.881 
0.815066 1.92522 108111 1 1.17656 0.814423 441 0 1772 -0.00110399 0.0255331 -0.0355115 0.395026 -0.814651 117.573 
0.815066 1.92522 108111 1 1.17656 0.814423 442 0 1772 -0.00110399 0.0255331 -0.0355115 0.395026 -0.814651 117.573 
0.851344 1.78997 108231 1 1.17656 0.814423 443 0 1775 -0.00069481 0.0216045 -0.0497368 0.393302 -0.734465 117.116 
0.851344 1.78997 108231 1 1.17656 0.814423 444 0 1775 -0.00069481 0.0216045 -0.0497368 0.393302 -0.734465 117.116 
0.755845 2.08309 108351 1 1.17656 0.814423 445 0 1778 -0.0059514 0.00925879 -0.00160674 0.323006 -1.13877 117.902 
0.830517 1.67476 108472 1 1.17656 0.814423 446 0 1781 -0.00525815 0.0173019 -0.0386168 0.429394 -0.824677 117.346 
0.830517 1.67476 108472 1 1.17656 0.814423 447 0 1781 -0.00525815 0.0173019 -0.0386168 0.429394 -0.824677 117.346 
0.998322 1.83442 108592 1 1.17656 0.814423 448 0 1784 -0.0019356 0.0213656 -0.0226009 0.508606 -0.992067 118.022 
0.998322 1.83442 108592 1 1.17656 0.814423 449 0 1784 -0.0019356 0.0213656 -0.0226009 0.508606 -0.992067 118.022 
0.982657 1.56255 108712 1 1.17656 0.814423 450 0 1787 0.00203302 0.0246302 -0.0443145 0.552032 -0.812062 117.674 
0.982657 1.56255 108712 1 1.17656 0.814423 451 0 1787 0.00203302 0.0246302 -0.0443145 0.552032 -0.812062 117.674 
0.938563 1.55602 108833 1 1.17656 0.814423 452 0 1790 0.00142089 0.025124 -0.0454404 0.557471 -0.818584 117.768 
0.938563 1.55602 108833 1 1.17656 0.814423 453 0 1790 0.00142089 0.025124 -0.0454404 0.557471 -0.818584 117.768 
0.920907 1.88899 108952 1 1.17656 0.814423 454 0 1793 -0.00180073 0.0233018 -0.00691243 0.550762 -1.18689 118.353 
0.920907 1.88899 108952 1 1.17656 0.814423 455 0 1793 -0.00180073 0.0233018 -0.00691243 0.550762 -1.18689 118.353 
0.86792 2.05445 109073 1 1.17656 0.814423 456 0 1796 -0.000810981 0.0214741 -0.0188469 0.538673 -1.08841 118.327 
0.800906 1.85266 109193 1 1.17656 0.814423 457 0 1799 0.000869566 0.0169361 -0.0373563 0.468991 -0.902856 118.182 
0.800906 1.85266 109193 1 1.17656 0.814423 458 0 1799 0.000869566 0.0169361 -0.0373563 0.468991 -0.902856 118.182 
0.926138 2.09531 109353 1 1.17656 0.814423 459 0 1803 -0.00169462 0.0173162 -0.0338267 0.46369 -0.905344 117.794 
0.926138 2.09531 109353 1 1.17656 0.814423 460 0 1803 -0.00169462 0.0173162 -0.0338267 0.46369 -0.905344 117.794 
0.944037 2.00759 109433 1 1.17656 0.814423 461 0 1805 -0.00242339 0.0233057 -0.0475804 0.491532 -0.765045 117.051 
0.944037 2.00759 109433 1 1.17656 0.814423 462 0 1805 -0.00242339 0.0233057 -0.0475804 0.491532 -0.765045 117.051 
0.267854 1.43854 109594 1 1.17656 0.814423 463 0 1809 -0.00336433 0.00592839 -0.0682067 0.321264 -0.595766 115.984 
0.267854 1.43854 109594 1 1.17656 0.814423 464 0 1809 -0.00336433 0.00592839 -0.0682067 0.321264 -0.595766 115.984 
0.251952 1.522 109714 1 1.17656 0.814423 465 0 1812 -0.00228944 0.00684526 -0.0562138 0.322929 -0.713498 116.616 
0.251952 1.522 109714 1 1.17656 0.814423 466 0 1812 -0.00228944 0.00684526 -0.0562138 0.322929 -0.713498 116.616 
-0.0163097 1.53977 109834 1 1.17656 0.814423 467 0 1815 -0.00453018 -0.00162655 -0.0630414 0.249673 -0.664882 116.313 
0.0400879 1.64587 109955 1 1.17656 0.814423 468 0 1818 -0.00186988 0.0129862 -0.0611638 0.354504 -0.673152 115.858 
0.0400879 1.64587 109955 1 1.17656 0.814423 469 0 1818 -0.00186988 0.0129862 -0.0611638 0.354504 -0.673152 115.858 
0.00701349 1.623 110074 1 1.17656 0.814423 470 0 1821 -0.00490198 0.00927866 -0.0737536 0.319453 -0.55929 115.077 
0.00701349 1.623 110074 1 1.17656 0.814423 471 0 1821 -0.00490198 0.00927866 -0.0737536 0.319453 -0.55929 115.077 
0.133422 2.09494 110195 1 1.17656 0.814423 472 0 1824 -0.00920408 0.00561783 -0.0173241 0.318783 -1.00571 115.504 
0.133422 2.09494 110195 1 1.17656 0.814423 473 0 1824 -0.00920408 0.00561783 -0.0173241 0.318783 -1.00571 115.504 
0.5684 1.64096 110315 1 1.17656 0.814423 474 0 1827 -0.000359941 -0.00677756 -0.012478 0.241001 -1.07666 114.761 
0.5684 1.64096 110315 1 1.17656 0.814423 475 0 1827 -0.000359941 -0.00677756 -0.012478 0.241001 -1.07666 114.761 
0.88175 1.05182 110436 1 1.17656 0.814423 476 1 1830 0.0123634 0.00582111 -0.0556704 0.373678 -0.781761 114.248 
0.88175 1.05182 110436 1 1.17656 0.814423 477 1 1830 0.0123634 0.00582111 -0.0556704 0.373678 -0.781761 114.248 
0.690337 0.799964 110758 1 1.17656 0.814423 478 1 1838 0.00091267 -0.0198576 -0.0726033 0.25071 -0.748507 117.236 
0.711777 0.906499 110797 1 1.17656 0.814423 479 1 1839 0.00118584 -0.0156159 -0.0628663 0.285269 -0.836431 117.704 
0.744785 0.974227 110876 1 1.18021 0.818269 480 1 1841 0.00102744 -0.0124848 -0.0599248 0.308162 -0.849342 118.146 
0.786932 1.00524 110956 1 1.18021 0.818269 481 1 1843 -0.000812007 -0.00864671 -0.0596541 0.335968 -0.810843 117.949 
0.78379 1.06876 111037 1 1.18021 0.818269 482 1 1845 -0.000592889 -0.00550022 -0.0467822 0.360953 -0.847528 117.956 
0.756775 1.12501 111077 1 1.17865 0.819231 483 1 1846 -0.00107856 -0.0111116 -0.0377306 0.308375 -0.903133 118.296 
0.757604 1.06376 111157 1 1.04219 0.735577 484 1 1848 0.000508795 -0.0155751 -0.0457633 0.286481 -0.772288 117.898 
0.731269 1.01396 111238 1 0.809375 0.621154 485 1 1850 0.0017314 -0.0183256 -0.0481023 0.246592 -0.725306 117.807 
0.71415 0.976849 111277 1 0.716146 0.585577 486 1 1851 0.00181281 -0.020913 -0.0515387 0.220202 -0.701292 117.743 
0.764841 0.969118 111357 1 0.717187 0.584615 487 1 1853 0.00137534 -0.0118051 -0.0533946 0.28178 -0.687136 117.681 
0.742292 0.969039 111397 1 0.720833 0.583654 488 1 1854 -0.0002823 -0.0150247 -0.0518694 0.253676 -0.696034 117.643 
0.737043 0.987309 111477 1 0.732812 0.580769 489 1 1856 -0.000216972 -0.0161784 -0.0511146 0.231928 -0.686423 117.639 
0.775983 1.06137 111558 1 0.741667 0.580769 490 1 1858 0.000624629 -0.014063 -0.0420587 0.252247 -0.7514 117.71 
0.784521 1.1208 111598 1 0.741667 0.580769 491 1 1859 0.000457108 -0.0148018 -0.0421795 0.231912 -0.752182 117.828 
1.00875 1.38393 111677 1 0.741667 0.580769 492 0 1861 -0.00103719 -0.0230849 -0.0433491 0.142054 -0.727957 117.799 
0.974266 1.43913 111759 1 0.741667 0.580769 493 0 1863 -0.00169511 -0.0247023 -0.0334326 0.087012 -0.797757 118.005 
0.971594 1.43502 111838 1 0.741667 0.580769 494 0 1865 -0.00344175 -0.0240023 -0.0317677 0.0558501 -0.783871 118.023 
0.977983 1.45332 111919 1 0.741667 0.580769 495 0 1867 -0.00217559 -0.0240301 -0.0358236 0.0016999 -0.76017 117.972 
1.02053 1.52331 111959 1 0.741667 0.580769 496 0 1868 -0.00210287 -0.0188546 -0.0319712 0.0385984 -0.790766 117.933 
0.997057 1.53798 112038 1 0.741667 0.580769 497 0 1870 -0.00189282 -0.0192548 -0.0313033 0.0021448 -0.790668 117.922 
0.997057 1.53798 112038 1 0.741667 0.580769 498 0 1870 -0.00189282 -0.0192548 -0.0313033 0.0021448 -0.790668 117.922 
0.672234 1.67071 112078 1 0.741667 0.580769 499 0 1871 -0.00288876 -0.00606311 -0.0283243 0.110886 -0.814098 117.912 
0.528865 1.44238 112239 1 0.741667 0.580769 500 0 1875 -0.00136534 -0.00958805 -0.0534815 0.0349271 -0.559515 117.336 
0.489074 1.34293 112320 1 0.74375 0.581731 501 0 1877 -0.00109155 -0.0161519 -0.0559111 -0.0280521 -0.50532 117.122 
0.480976 0.887212 112360 1 0.745313 0.584615 502 1 1878 -0.00102797 -0.0184808 -0.0495974 -0.0579871 -0.554357 117.148 
0.480976 0.887212 112360 1 0.746354 0.581731 503 1 1878 -0.00102797 -0.0184808 -0.0495974 -0.0579871 -0.554357 117.148 
0.418017 0.847502 112520 1 0.698958 0.525962 504 1 1882 -0.00221984 -0.0239275 -0.0457592 -0.131 -0.577828 117.024 
0.712849 0.767818 112600 1 0.458333 0.359615 505 1 1884 -0.00107285 -0.019224 -0.0571962 -0.131789 -0.500863 117.095 
0.747428 0.659968 112640 1 0.208854 0.299038 506 1 1885 -0.00153748 -0.0145278 -0.068355 -0.102711 -0.418226 116.804 
0.79123 0.694924 112720 1 0.222396 0.314423 507 1 1887 -0.00136059 -0.00846259 -0.068351 -0.0633549 -0.478797 116.903 
0.740145 0.808226 112760 1 0.222396 0.314423 508 1 1888 -0.00364135 -0.0159127 -0.0564598 -0.142037 -0.606346 117.32 
0.32366 1.25263 112840 1 0.222396 0.314423 509 0 1890 -0.00400313 -0.0043311 -0.0479715 -0.037796 -0.721107 117.814 
0.273087 1.09299 112920 1 0.211979 0.325 510 1 1892 -0.00383945 -0.00831766 -0.0614831 -0.0765817 -0.595243 117.571 
0.285121 1.07783 112962 1 0.209896 0.380769 511 1 1893 -0.00374173 -0.00705151 -0.0629152 -0.0513277 -0.586962 117.516 
0.0994945 0.966592 113041 1 0.20625 0.385577 512 1 1895 -0.00133938 -0.0108089 -0.0666854 -0.084934 -0.595707 117.655 
-0.0930371 0.742407 113121 1 0.205729 0.390385 513 1 1897 -0.00218814 -0.0194596 -0.0790868 -0.125176 -0.515314 117.411 
-0.0597313 0.888385 113161 1 0.205729 0.390385 514 1 1898 -0.00260854 -0.0144993 -0.0635318 -0.0631471 -0.669187 117.732 
