ImageFile:
-0.4533 0.81487 65284 1 0.18125 0.231731 1 0 628 0.00802981 -0.0344283 -0.0825516 -0.313232 6.68724 159.005 
0.123668 0.820597 65605 1 0.18125 0.231731 2 1 636 0.00866727 -0.0354262 -0.0853987 -0.303233 6.75845 159.291 
0.158495 0.800817 65645 1 0.18125 0.231731 3 1 637 0.00983314 -0.0354616 -0.0855344 -0.302812 6.75851 159.178 
0.133508 0.843925 65725 1 0.180729 0.231731 4 1 639 0.00869663 -0.0374573 -0.0827738 -0.320819 6.74971 159.084 
0.122867 0.876767 65806 1 0.176042 0.264423 5 1 641 0.00825455 -0.0401185 -0.0811841 -0.34656 6.75329 159.191 
0.0539601 1.11042 65886 1 0.165625 0.602885 6 1 643 0.00744051 -0.0379635 -0.0702753 -0.344894 6.69171 159.203 
0.0263175 1.11213 65966 1 0.141667 0.850962 7 1 645 0.00706344 -0.0398883 -0.0658656 -0.368211 6.67881 159.243 
-0.00376662 1.0855 66047 1 0.139063 0.889423 8 1 647 0.00543248 -0.0396124 -0.0672173 -0.378538 6.69872 159.056 
0.0327243 1.07054 66126 1 0.133854 0.900962 9 1 649 0.00573016 -0.0345164 -0.073027 -0.343678 6.74468 158.775 
0.0385538 1.06339 66206 1 0.114063 0.959615 10 1 651 0.00717211 -0.0387402 -0.0756888 -0.350972 6.76809 158.534 
0.0434051 1.04016 66247 1 0.0979167 0.989423 11 1 652 0.00624375 -0.040007 -0.0729098 -0.368439 6.76635 158.925 
0.0589625 0.997601 66326 1 0.096875 0.988462 12 1 654 0.00616832 -0.0372607 -0.0732681 -0.348131 6.76227 158.907 
0.0187122 1.04816 66406 1 0.09375 0.983654 13 1 656 0.00633995 -0.0385522 -0.0702101 -0.364763 6.74364 158.938 
0.0844107 1.1758 66449 1 0.0869792 0.976923 14 1 657 0.0066934 -0.0379907 -0.0734646 -0.348395 6.75663 158.784 
0.150023 2.06035 66528 1 0.0828125 0.976923 15 0 659 0.00690432 -0.0373547 -0.0805288 -0.341793 6.80055 158.308 
0.498308 3.10486 66567 1 0.0817708 0.976923 16 0 660 0.00764819 -0.0391678 -0.0802032 -0.358708 6.80308 158.388 
0.183462 1.1762 66647 1 0.0817708 0.976923 17 1 662 0.00873589 -0.0380091 -0.0727291 -0.316293 6.77893 158.978 
0.159187 0.986707 66767 1 0.08125 0.976923 18 1 665 0.00839638 -0.0329873 -0.0744644 -0.286136 6.79847 159.073 
0.133784 1.05029 66807 1 0.0802083 0.975962 19 1 666 0.00653397 -0.029833 -0.0718878 -0.25103 6.76561 158.93 
0.188413 0.925231 66888 1 0.0760417 0.975962 20 1 668 0.00902051 -0.0304155 -0.0750082 -0.247199 6.79724 158.935 
0.187812 0.9383 66970 1 0.075 0.975962 21 1 670 0.00906156 -0.0294705 -0.0736583 -0.252854 6.76831 158.853 
0.126187 0.915373 67050 1 0.0729167 0.975 22 1 672 0.00813577 -0.0276742 -0.0739793 -0.254437 6.78137 158.921 
0.144133 0.914582 67128 1 0.0729167 0.975 23 1 674 0.0084804 -0.0289381 -0.073028 -0.265789 6.76379 158.871 
0.0857696 0.982166 67208 1 0.0729167 0.975 24 1 676 0.00801097 -0.0335163 -0.0714141 -0.318837 6.75072 158.786 
0.0985919 0.991757 67289 1 0.0729167 0.975 25 1 678 0.00779112 -0.0333691 -0.0714282 -0.322004 6.74235 158.835 
0.0681105 0.985952 67329 1 0.0729167 0.975 26 1 679 0.00736791 -0.0326314 -0.0719362 -0.322496 6.74871 158.912 
0.126322 1.00782 67409 1 0.0729167 0.975 27 1 681 0.00729286 -0.0295959 -0.0680227 -0.309018 6.70722 158.804 
0.0558326 1.02064 67489 1 0.0729167 0.975 28 1 683 0.00662776 -0.0292469 -0.0701886 -0.302026 6.72901 158.919 
0.0512187 1.09112 67529 1 0.0729167 0.975 29 1 684 0.00685803 -0.0317638 -0.0671675 -0.304965 6.69629 159.027 
0.0889185 1.09928 67609 1 0.0729167 0.975 30 1 686 0.00986586 -0.0319261 -0.0689619 -0.261007 6.68884 159.194 
0.180274 1.11392 67689 1 0.0729167 0.975 31 1 688 0.0099802 -0.0289219 -0.0681031 -0.206962 6.67179 159.139 
0.166889 1.03312 67729 1 0.0729167 0.975 32 1 689 0.0105005 -0.0332085 -0.0732644 -0.233227 6.70827 159.12 
0.170831 0.95488 67810 1 0.0729167 0.975 33 1 691 0.0100478 -0.0304021 -0.0768203 -0.224397 6.73309 159.073 
0.214447 0.942971 67889 1 0.0729167 0.975 34 1 693 0.0105785 -0.0323841 -0.0760669 -0.267762 6.73864 159.284 
0.817289 2.28424 67970 1 0.0729167 0.975 35 0 695 0.00962995 -0.0329185 -0.0799777 -0.285699 6.76309 159.204 
0.46512 2.57924 68050 1 0.0729167 0.975 36 0 697 0.0125215 -0.0309734 -0.10095 -0.296196 6.89612 158.449 
0.274464 1.12775 68130 1 0.0729167 0.975 37 1 699 0.00816854 -0.0288335 -0.07447 -0.341673 6.74084 159.422 
0.284384 0.984075 68173 1 0.0729167 0.975 38 1 700 0.00719732 -0.0302249 -0.0738183 -0.348314 6.72904 159.4 
0.293359 0.879636 68250 1 0.0729167 0.975 39 1 702 0.00674027 -0.0289941 -0.0772138 -0.344746 6.73604 159.188 
0.143878 0.974239 68330 1 0.0729167 0.975 40 1 704 0.00629421 -0.032588 -0.0671711 -0.383974 6.67661 159.334 
0.117813 1.07017 68410 1 0.0729167 0.975 41 1 706 0.00619806 -0.034251 -0.0689203 -0.384995 6.68424 159.141 
0.0394853 1.00968 68491 1 0.0729167 0.975 42 1 708 0.00550044 -0.0320377 -0.0678634 -0.343102 6.70669 159.102 
0.0860691 0.888214 68571 1 0.0729167 0.975 43 1 710 0.00695843 -0.0334882 -0.0714317 -0.326925 6.75619 159.106 
0.0860691 0.888214 68571 1 0.0729167 0.975 44 1 710 0.00695843 -0.0334882 -0.0714317 -0.326925 6.75619 159.106 
0.00572659 0.90655 68611 1 0.0729167 0.975 45 1 711 0.00653835 -0.0406609 -0.0734704 -0.379495 6.77376 159.077 
0.105762 0.860276 68771 1 0.0729167 0.975 46 1 715 0.0075428 -0.0351492 -0.0729538 -0.313855 6.77429 159.135 
0.0987065 0.916854 68851 1 0.0729167 0.975 47 1 717 0.00677898 -0.0373351 -0.0707412 -0.323545 6.74912 159.162 
0.137806 0.822621 68932 1 0.0729167 0.975 48 1 719 0.00616105 -0.0342353 -0.0734509 -0.325253 6.78423 159.208 
0.122776 0.84815 69011 1 0.0729167 0.975 49 1 721 0.00583639 -0.035499 -0.0740742 -0.34933 6.78504 159.039 
0.0908859 0.862951 69051 1 0.0729167 0.975 50 1 722 0.00611468 -0.0375884 -0.0747254 -0.37538 6.79206 159.025 
0.156948 0.806315 69132 1 0.0729167 0.975 51 1 724 0.00635662 -0.0318666 -0.0765581 -0.32995 6.82639 159.065 
0.091251 0.772304 69213 1 0.0729167 0.975 52 1 726 0.00718597 -0.0322033 -0.077722 -0.339581 6.84764 158.99 
0.121127 0.784895 69293 1 0.0729167 0.975 53 1 728 0.00516035 -0.0350647 -0.0776756 -0.354454 6.84613 159.035 
0.143035 1.3343 69372 1 0.0729167 0.975 54 0 730 0.00826355 -0.0348411 -0.0772899 -0.342962 6.85699 159.222 
0.194522 2.48528 69452 1 0.0729167 0.975 55 0 732 0.00801963 -0.0340357 -0.0926582 -0.311268 6.93043 158.343 
-1.1094 2.97555 69493 1 0.0729167 0.975 56 0 733 0.00928505 -0.0357265 -0.0890376 -0.326242 6.89792 158.342 
0.229944 0.893221 69613 1 0.0729167 0.975 57 1 736 0.00945642 -0.0281896 -0.0782906 -0.253375 6.86085 159.144 
0.199799 0.83232 69653 1 0.0729167 0.975 58 1 737 0.00692531 -0.0311424 -0.0802773 -0.284864 6.87011 158.921 
0.149161 0.909174 69733 1 0.0729167 0.975 59 1 739 0.00703857 -0.0322782 -0.0793017 -0.314146 6.85147 158.645 
0.136134 0.87693 69813 1 0.0729167 0.975 60 1 741 0.00730023 -0.0328927 -0.081407 -0.326641 6.87817 158.644 
0.0992653 0.889165 69894 1 0.0729167 0.975 61 1 743 0.00738341 -0.0315953 -0.080298 -0.318153 6.8702 158.686 
0.158653 0.872519 69934 1 0.0729167 0.975 62 1 744 0.00722759 -0.0286521 -0.0804683 -0.295396 6.86534 158.56 
0.183621 0.861253 70014 1 0.0729167 0.975 63 1 746 0.00762928 -0.027566 -0.0791106 -0.302764 6.86066 158.558 
0.156397 0.905487 70093 1 0.0729167 0.975 64 1 748 0.00797804 -0.0290401 -0.0805559 -0.30235 6.85618 158.421 
0.213372 0.890908 70174 1 0.0729167 0.975 65 1 750 0.00776682 -0.0267236 -0.078606 -0.278944 6.82878 158.467 
0.214912 0.862783 70254 1 0.0729167 0.975 66 1 752 0.00811716 -0.0258387 -0.0777038 -0.289592 6.80739 158.499 
0.108052 0.907886 70335 1 0.0729167 0.975 67 1 754 0.00755544 -0.0238994 -0.0767153 -0.279267 6.78771 158.512 
0.101828 0.930436 70375 1 0.0729167 0.975 68 1 755 0.0077213 -0.0245312 -0.0784053 -0.285804 6.78921 158.312 
0.0632713 0.94659 70454 1 0.0729167 0.975 69 1 757 0.00675171 -0.0251242 -0.0713675 -0.231697 6.77238 158.787 
0.145625 1.08493 70535 1 0.0729167 0.975 70 1 759 0.0058058 -0.030354 -0.0668108 -0.195769 6.69552 158.549 
0.200911 1.09924 70615 1 0.0729167 0.975 71 1 761 0.00487179 -0.031249 -0.0657925 -0.152451 6.66611 158.439 
0.266292 1.03647 70695 1 0.0729167 0.975 72 1 763 0.00335992 -0.0210115 -0.0716834 -0.0905483 6.68828 158.128 
0.439568 0.914872 70778 1 0.0729167 0.975 73 1 765 -0.00469063 -0.00717414 -0.082181 -0.0485329 6.71375 157.787 
0.466182 0.971718 70855 1 0.0729167 0.975 74 1 767 -0.00982831 -0.00880672 -0.0779155 -0.189287 6.65362 158.316 
0.365995 1.02605 70935 1 0.0729167 0.975 75 1 769 -0.0107782 -0.00300927 -0.0772904 -0.239721 6.6387 158.801 
0.416349 1.05279 70975 1 0.0729167 0.975 76 1 770 -0.0113559 -0.00147979 -0.0739242 -0.293252 6.59751 159.052 
0.274935 1.12646 71056 1 0.0729167 0.975 77 1 772 -0.0114813 -0.0129946 -0.0765799 -0.452866 6.63333 159.059 
0.193688 1.32349 71136 1 0.0729167 0.975 78 0 774 -0.00715805 -0.0177797 -0.0655879 -0.504143 6.56067 159.177 
0.121089 1.44265 71176 1 0.0723958 0.975 79 0 775 -0.00600849 -0.0205915 -0.0604417 -0.518861 6.53844 159.224 
-0.00190939 1.64034 71255 1 0.0520833 0.971154 80 0 777 -0.0057423 -0.0265388 -0.0534816 -0.537109 6.4875 159.064 
-0.00477185 1.59981 71336 1 -0.220312 0.836538 81 0 779 -0.00373076 -0.0244657 -0.0589913 -0.482588 6.55697 159.139 
0.148963 2.07296 71416 1 -0.557292 0.595192 82 0 781 -0.00239211 -0.0205865 -0.0543043 -0.383368 6.52615 159.362 
0.59201 1.47917 71497 1 -0.608333 0.553846 83 0 783 0.00207133 -0.0196705 -0.0667184 -0.366125 6.64567 159.539 
0.59201 1.47917 71497 1 -0.608333 0.553846 84 0 783 0.00207133 -0.0196705 -0.0667184 -0.366125 6.64567 159.539 
0.59201 1.47917 71497 1 -0.608333 0.553846 85 0 783 0.00207133 -0.0196705 -0.0667184 -0.366125 6.64567 159.539 
0.236047 1.4733 71696 1 -0.608333 0.553846 86 0 788 0.00381777 -0.0246016 -0.0567117 -0.353306 6.56865 159.223 
0.230006 1.47196 71737 1 -0.665104 0.513462 87 0 789 0.00537227 -0.0257457 -0.0555838 -0.368405 6.57106 159.332 
0.200154 1.29369 71817 1 -0.827604 0.399038 88 0 791 0.000912079 -0.0221691 -0.0518087 -0.335644 6.61316 160.064 
0.200154 1.29369 71817 1 -0.9375 0.294231 89 0 791 0.000912079 -0.0221691 -0.0518087 -0.335644 6.61316 160.064 
0.21699 1.1793 71977 1 -0.958854 0.252885 90 1 795 0.00162233 -0.0233633 -0.0561743 -0.304689 6.68612 160.045 
0.205674 1.16543 72057 1 -0.930208 0.264423 91 1 797 0.000988074 -0.0246659 -0.0604174 -0.282455 6.7146 159.816 
0.211791 1.04458 72137 1 -0.823438 0.369231 92 1 799 0.00362185 -0.0255633 -0.0630104 -0.266404 6.75162 159.969 
0.211791 1.04458 72137 1 -0.765104 0.432692 93 1 799 0.00362185 -0.0255633 -0.0630104 -0.266404 6.75162 159.969 
0.211791 1.04458 72137 1 -0.740104 0.435577 94 1 799 0.00362185 -0.0255633 -0.0630104 -0.266404 6.75162 159.969 
0.240509 1.06211 72339 1 -0.736458 0.435577 95 1 804 0.00502263 -0.0229998 -0.0586944 -0.211754 6.74564 159.957 
0.228888 1.06451 72378 1 -0.734375 0.433654 96 1 805 0.00511528 -0.0249134 -0.0579683 -0.217315 6.74229 159.85 
0.210736 0.977977 72499 1 -0.734375 0.433654 97 1 808 0.00474045 -0.0263478 -0.0600449 -0.239475 6.7822 159.776 
0.254565 0.910587 72538 1 -0.734375 0.429808 98 1 809 0.00379293 -0.028014 -0.0624767 -0.260414 6.80927 159.796 
0.363999 0.877376 72619 1 -0.720833 0.394231 99 1 811 0.0064521 -0.021283 -0.0569528 -0.218594 6.7897 159.978 
0.269669 0.843043 72699 1 -0.696875 0.354808 100 1 813 0.00472821 -0.0284665 -0.060732 -0.279354 6.8337 159.98 
0.327709 0.913689 72738 1 -0.684375 0.340385 101 1 814 0.00573627 -0.023441 -0.0543192 -0.23271 6.77043 159.968 
0.333801 0.872118 72819 1 -0.684896 0.340385 102 1 816 0.00503985 -0.0260245 -0.0609918 -0.276362 6.82945 159.868 
0.250803 0.898387 72899 1 -0.690625 0.350962 103 1 818 0.00493628 -0.0257242 -0.0585421 -0.268839 6.80472 159.789 
-0.169162 0.763241 72939 1 -0.698958 0.365385 104 1 819 0.00662407 -0.0233908 -0.056177 -0.240075 6.78632 159.81 
-0.163196 0.697713 73020 1 -0.700521 0.367308 105 1 821 0.00576455 -0.0223347 -0.05429 -0.236992 6.78526 159.748 
-0.177864 0.724855 73100 1 -0.700521 0.367308 106 1 823 0.00604227 -0.0224229 -0.052445 -0.227831 6.77404 159.619 
-0.138182 0.689737 73179 1 -0.700521 0.367308 107 1 825 0.00577258 -0.0216666 -0.0533141 -0.205254 6.78727 159.725 
-0.0878033 0.616415 73260 1 -0.700521 0.367308 108 1 827 0.0063497 -0.0191497 -0.0547308 -0.184837 6.79418 159.655 
-0.12799 0.677631 73300 1 -0.701562 0.375 109 1 828 0.00624649 -0.0203245 -0.052966 -0.199798 6.78626 159.597 
-0.118634 0.70763 73380 1 -0.702083 0.376923 110 1 830 0.00731039 -0.0235282 -0.0526469 -0.213763 6.77319 159.606 
-0.112303 0.646032 73461 1 -0.702083 0.376923 111 1 832 0.00706487 -0.0189744 -0.0533832 -0.193118 6.79181 159.626 
-0.0965803 0.667753 73500 1 -0.702083 0.376923 112 1 833 0.00790549 -0.0190577 -0.0553324 -0.190095 6.79735 159.578 
-0.0741798 0.612177 73580 1 -0.702083 0.376923 113 1 835 0.00685469 -0.019428 -0.0589733 -0.190077 6.8176 159.492 
-0.121675 0.665208 73660 1 -0.697396 0.377885 114 1 837 0.00724783 -0.0194096 -0.0550842 -0.20506 6.79128 159.519 
-0.14535 0.667319 73741 1 -0.680208 0.376923 115 1 839 0.00694579 -0.0223416 -0.0545899 -0.230214 6.78592 159.54 
-0.130548 0.69712 73781 1 -0.669792 0.376923 116 1 840 0.00683414 -0.0218387 -0.050458 -0.23416 6.75845 159.571 
-0.106309 0.576651 73860 1 -0.667708 0.376923 117 1 842 0.00795285 -0.0251401 -0.06036 -0.249431 6.81107 159.477 
-0.119605 0.630602 73941 1 -0.667188 0.376923 118 1 844 0.00705099 -0.016336 -0.0580556 -0.201498 6.8108 159.519 
-0.0984326 0.629528 73981 1 -0.667188 0.376923 119 1 845 0.00732071 -0.0181557 -0.0578704 -0.208157 6.80263 159.562 
-0.145829 0.64812 74061 1 -0.667188 0.376923 120 1 847 0.00694988 -0.0244631 -0.0596489 -0.249824 6.79489 159.424 
-0.11972 0.621658 74142 1 -0.667188 0.376923 121 1 849 0.00781061 -0.0241375 -0.0607829 -0.258248 6.80645 159.571 
-0.112691 0.50106 74222 1 -0.667188 0.376923 122 1 851 0.00664303 -0.0211713 -0.0626828 -0.239497 6.80628 159.607 
-0.162003 0.506726 74301 1 -0.667188 0.376923 123 1 853 0.00565369 -0.0218526 -0.064851 -0.259134 6.80833 159.374 
-0.20391 0.634109 74422 1 -0.667188 0.376923 124 0 856 0.00535213 -0.0223392 -0.0574395 -0.269103 6.74622 159.675 
-0.211368 0.578654 74462 1 -0.666667 0.376923 125 0 857 0.00591648 -0.0249449 -0.0642695 -0.292891 6.78018 159.245 
-0.228103 0.612005 74542 1 -0.627083 0.375 126 0 859 0.0041625 -0.0250959 -0.0632465 -0.301405 6.76838 159.417 
-0.255332 0.649168 74622 1 -0.589583 0.375 127 0 861 0.00491207 -0.0228576 -0.058727 -0.304166 6.74739 159.517 
-0.265861 0.655787 74662 1 -0.558333 0.375 128 0 862 0.00570499 -0.0246835 -0.0612667 -0.315702 6.76226 159.289 
-0.240409 0.653514 74742 1 -0.547396 0.375 129 0 864 0.0051542 -0.0289252 -0.0621562 -0.324381 6.77529 159.422 
-0.216823 0.61024 74823 1 -0.531771 0.375 130 0 866 0.00524683 -0.0266972 -0.0643213 -0.300612 6.77305 159.336 
-0.216823 0.61024 74823 1 -0.515104 0.373077 131 0 866 0.00524683 -0.0266972 -0.0643213 -0.300612 6.77305 159.336 
0.17138 0.250435 74943 1 -0.505729 0.371154 132 1 869 0.00619965 -0.0317905 -0.054924 -0.320272 6.67847 159.211 
0.123296 0.134283 75023 1 -0.496354 0.366346 133 1 871 0.00581677 -0.0338159 -0.0601784 -0.341889 6.73417 159.166 
0.123296 0.134283 75103 1 -0.489063 0.366346 134 1 873 0.00581677 -0.0338159 -0.0601784 -0.341889 6.73417 159.166 
0.120665 0.133053 75143 1 -0.4875 0.367308 135 1 874 0.00611805 -0.0337741 -0.0601449 -0.342216 6.73461 159.157 
0.120665 0.133053 75143 1 -0.4875 0.367308 136 1 874 0.00611805 -0.0337741 -0.0601449 -0.342216 6.73461 159.157 
0.0955466 0.0880399 75304 1 -0.488021 0.365385 137 1 878 0.00572684 -0.028369 -0.059128 -0.318453 6.76121 159.198 
0.122211 0.107756 75383 1 -0.488021 0.363462 138 1 880 0.00567675 -0.0286835 -0.0565295 -0.308065 6.7511 159.317 
0.115407 0.109605 75424 1 -0.488542 0.3625 139 1 881 0.00680512 -0.030899 -0.0553695 -0.328744 6.74736 159.335 
0.176554 0.0924449 75504 1 -0.488542 0.3625 140 1 883 0.00717156 -0.0279363 -0.0577348 -0.30479 6.76515 159.325 
0.134539 0.164195 75584 1 -0.488542 0.3625 141 1 885 0.0066381 -0.0294153 -0.0535142 -0.320888 6.74122 159.337 
0.128334 0.147336 75664 1 -0.488542 0.3625 142 1 887 0.00604419 -0.0277501 -0.0547015 -0.299496 6.75096 159.215 
0.097848 0.204756 75744 1 -0.488542 0.3625 143 1 889 0.00613712 -0.0300254 -0.0539535 -0.320544 6.76349 159.291 
0.12848 0.146568 75784 1 -0.488542 0.3625 144 1 890 0.00667165 -0.031466 -0.0549575 -0.32905 6.76853 159.313 
0.123491 0.224777 75864 1 -0.488542 0.3625 145 1 892 0.00641948 -0.0295145 -0.0525347 -0.313262 6.75003 159.296 
0.135547 0.224084 75945 1 -0.488542 0.3625 146 1 894 0.00583718 -0.0284932 -0.0519655 -0.304708 6.74722 159.275 
0.0774574 0.23674 76025 1 -0.488542 0.3625 147 1 896 0.00574488 -0.0311622 -0.0524281 -0.328517 6.75408 159.17 
0.141981 0.21031 76105 1 -0.488542 0.3625 148 1 898 0.00604287 -0.0301512 -0.0537946 -0.301261 6.76398 159.34 
0.112701 0.166039 76185 1 -0.488542 0.3625 149 1 900 0.00617675 -0.0294585 -0.0543118 -0.313749 6.7711 159.303 
0.106037 0.200247 76266 1 -0.488542 0.3625 150 1 902 0.00613532 -0.0294099 -0.0544927 -0.307712 6.77045 159.251 
0.152949 0.196369 76305 1 -0.488542 0.3625 151 1 903 0.00623596 -0.0284546 -0.0551057 -0.29392 6.7671 159.203 
0.101356 0.200753 76386 1 -0.488542 0.3625 152 1 905 0.00536132 -0.0273662 -0.0546187 -0.298601 6.77568 159.143 
0.102099 0.236792 76426 1 -0.488542 0.3625 153 1 906 0.00561399 -0.0296086 -0.0518609 -0.309071 6.74605 159.138 
0.100218 0.191708 76505 1 -0.488542 0.3625 154 1 908 0.00674452 -0.0278794 -0.0553945 -0.303475 6.77599 159.144 
0.18242 0.0984321 76586 1 -0.488542 0.3625 155 1 910 0.00660906 -0.0276802 -0.0593558 -0.292655 6.80049 159.275 
0.229003 0.0534741 76666 1 -0.488542 0.3625 156 1 912 0.00695219 -0.0212082 -0.0594902 -0.259947 6.79341 159.258 
0.16144 0.12785 76747 1 -0.488542 0.3625 157 1 914 0.00642432 -0.0246995 -0.0594692 -0.293289 6.79067 159.243 
0.222549 0.0676938 76827 1 -0.488542 0.3625 158 1 916 0.00919442 -0.023924 -0.0648166 -0.283695 6.79448 159.059 
0.223061 0.0221657 76907 1 -0.488542 0.3625 159 1 918 0.00703999 -0.0200652 -0.0618204 -0.273836 6.77463 159.23 
0.536994 0.21694 76947 1 -0.488542 0.3625 160 1 919 0.00617425 -0.0267968 -0.0644635 -0.329165 6.78276 159.087 
0.637321 0.381231 77027 1 -0.488542 0.3625 161 1 921 0.00551198 -0.0223337 -0.0594669 -0.299585 6.74982 159.397 
0.596333 0.413047 77108 1 -0.488542 0.3625 162 1 923 0.00586683 -0.0253239 -0.0624874 -0.324231 6.76034 159.201 
0.609946 0.420093 77187 1 -0.488542 0.3625 163 1 925 0.00610717 -0.0262125 -0.0614268 -0.340268 6.75324 159.294 
0.603588 0.466676 77227 1 -0.488542 0.3625 164 1 926 0.00590537 -0.0264417 -0.0587451 -0.346905 6.73002 159.277 
0.627521 0.500879 77307 1 -0.488542 0.3625 165 1 928 0.0072604 -0.0266353 -0.0595117 -0.345502 6.72577 159.297 
0.677876 0.447057 77387 1 -0.488542 0.3625 166 1 930 0.0084792 -0.0255458 -0.0611389 -0.353461 6.73344 159.067 
0.651146 0.338575 77468 1 -0.488542 0.3625 167 1 932 0.00471678 -0.0290762 -0.0611399 -0.385574 6.73553 159.357 
0.638404 0.254754 77551 1 -0.488542 0.3625 168 1 934 0.00383238 -0.0251502 -0.0627533 -0.395311 6.76551 159.456 
0.58257 0.236513 77628 1 -0.488542 0.3625 169 1 936 0.00360911 -0.0265829 -0.0672133 -0.416849 6.7863 159.337 
0.462628 0.256143 77748 1 -0.488542 0.3625 170 1 939 0.0030942 -0.0343351 -0.0673785 -0.469794 6.78853 159.304 
0.500524 0.276173 77829 1 -0.488542 0.3625 171 1 941 0.00426679 -0.0343567 -0.0653116 -0.452148 6.7902 159.252 
0.496814 0.314912 77869 1 -0.488542 0.3625 172 1 942 0.00488338 -0.0345005 -0.0666395 -0.445532 6.80248 159.253 
0.506076 0.349197 77949 1 -0.488542 0.3625 173 1 944 0.00393932 -0.0349924 -0.0699997 -0.42384 6.81017 159.251 
0.461591 0.430532 78029 1 -0.488542 0.3625 174 1 946 0.00530252 -0.036828 -0.0633127 -0.450982 6.78456 159.306 
0.479399 0.431085 78111 1 -0.488542 0.3625 175 1 948 0.00624848 -0.031547 -0.0662871 -0.385193 6.80168 159.069 
0.569084 0.404076 78189 1 -0.488542 0.3625 176 1 950 0.00747069 -0.0287117 -0.0652453 -0.353814 6.79815 159.234 
0.551968 0.2931 78229 1 -0.488542 0.3625 177 1 951 0.00609116 -0.0306416 -0.0719295 -0.368982 6.84128 159.133 
0.534108 0.348398 78270 1 -0.488542 0.3625 178 1 952 0.00571925 -0.0295521 -0.069885 -0.360302 6.82512 159.111 
0.583776 0.350101 78310 1 -0.488542 0.3625 179 1 953 0.00649918 -0.028991 -0.0681392 -0.358248 6.80673 159.142 
0.508651 0.377468 78469 1 -0.488542 0.3625 180 1 957 0.00668276 -0.0336312 -0.0661899 -0.406113 6.79993 159.153 
0.479153 0.450055 78550 1 -0.488542 0.3625 181 1 959 0.00722827 -0.0300903 -0.0631925 -0.379284 6.7913 159.167 
0.521682 0.393579 78590 1 -0.488542 0.3625 182 1 960 0.00744152 -0.0314809 -0.0676134 -0.383898 6.82233 159.172 
0.567065 0.343985 78670 1 -0.488542 0.3625 183 1 962 0.00692155 -0.0281199 -0.066077 -0.351458 6.82335 159.272 
0.551603 0.386416 78750 1 -0.488542 0.3625 184 1 964 0.00846052 -0.0280568 -0.068292 -0.354529 6.82483 158.842 
0.531552 0.418212 78790 1 -0.488542 0.3625 185 1 965 0.00754738 -0.0312041 -0.0651393 -0.359978 6.80407 159.039 
0.52395 0.419567 78870 1 -0.488542 0.3625 186 1 967 0.00892742 -0.031039 -0.0661587 -0.358655 6.8144 158.935 
0.176516 0.513361 78951 1 -0.488542 0.3625 187 1 969 0.00807296 -0.0255697 -0.0659688 -0.311968 6.82268 159.063 
0.133134 0.456657 79031 1 -0.488542 0.3625 188 1 971 0.00764385 -0.0257549 -0.0650479 -0.320017 6.83767 159.097 
0.102292 0.464126 79111 1 -0.488542 0.3625 189 1 973 0.00817068 -0.0309855 -0.0663237 -0.355665 6.8458 159.016 
0.0937512 0.488454 79151 1 -0.488542 0.3625 190 1 974 0.00813897 -0.0312971 -0.0634776 -0.35709 6.831 159.083 
0.130299 0.497774 79231 1 -0.488542 0.3625 191 1 976 0.007857 -0.0289524 -0.0627801 -0.338332 6.83563 159.092 
0.156005 0.458496 79312 1 -0.488542 0.3625 192 1 978 0.00847626 -0.0258525 -0.063926 -0.314898 6.84124 159.126 
0.206403 0.45994 79392 1 -0.488542 0.3625 193 1 980 0.00841071 -0.0234732 -0.0635285 -0.305489 6.83643 159.198 
-0.0509091 3.03587 79472 1 -0.488542 0.3625 194 0 982 0.00946734 -0.0214651 -0.0667649 -0.285478 6.85671 159.181 
-1.28167 3.436 79511 1 -0.488542 0.3625 195 0 983 0.0099241 -0.0233435 -0.0741766 -0.294273 6.89063 158.68 
-0.194562 1.43285 79551 1 -0.488542 0.3625 196 0 984 0.0101533 -0.0233691 -0.0745224 -0.294412 6.88903 158.73 
0.216975 0.522593 79632 1 -0.488542 0.3625 197 1 986 0.00804046 -0.0243816 -0.0689211 -0.318139 6.86854 159.254 
0.252205 0.418333 79712 1 -0.488542 0.3625 198 1 988 0.00784178 -0.0232695 -0.0712277 -0.32093 6.88369 159.207 
0.233341 0.436957 79793 1 -0.488542 0.3625 199 1 990 0.00860653 -0.0263348 -0.0675291 -0.346457 6.84122 159.095 
0.203224 0.467149 79833 1 -0.488542 0.3625 200 1 991 0.00813879 -0.0261949 -0.0673226 -0.345931 6.8404 159.176 
0.202108 0.450766 79912 1 -0.488542 0.3625 201 1 993 0.00866002 -0.0262001 -0.0678248 -0.342255 6.83691 159.204 
0.243525 0.386157 79992 1 -0.488542 0.3625 202 1 995 0.00858269 -0.0239779 -0.068146 -0.324522 6.84207 159.355 
0.264284 0.411059 80073 1 -0.488542 0.3625 203 1 997 0.00820294 -0.0231996 -0.067639 -0.320452 6.82482 159.18 
0.237272 0.423185 80115 1 -0.488542 0.3625 204 1 998 0.00860445 -0.0256624 -0.0665349 -0.346752 6.82059 159.208 
0.229376 0.424553 80193 1 -0.488542 0.3625 205 1 1000 0.00842073 -0.027217 -0.0683541 -0.347729 6.81821 159.111 
0.233381 0.436228 80273 1 -0.488542 0.3625 206 1 1002 0.00876385 -0.0272555 -0.0686024 -0.347453 6.8166 159.124 
0.166651 0.387621 80353 1 -0.488542 0.3625 207 1 1004 0.0075371 -0.0299625 -0.0714396 -0.387693 6.83766 159.071 
0.124948 0.454135 80436 1 -0.488542 0.3625 208 1 1006 0.00818113 -0.0330203 -0.0710333 -0.409406 6.83436 158.99 
0.0761262 0.387743 80514 1 -0.488542 0.3625 209 1 1008 0.00832123 -0.0337511 -0.0725462 -0.398094 6.84562 158.958 
0.0808593 0.436714 80594 1 -0.488542 0.3625 210 1 1010 0.00911289 -0.0307464 -0.070339 -0.357576 6.83874 159.035 
0.0764522 0.410104 80633 1 -0.488542 0.3625 211 1 1011 0.00942192 -0.0331498 -0.0703286 -0.371597 6.83703 158.986 
0.117297 0.449139 80754 1 -0.488542 0.3625 212 1 1014 0.00850799 -0.032601 -0.0691182 -0.355371 6.82397 158.975 
0.0894083 0.33086 80794 1 -0.488542 0.3625 213 1 1015 0.00880534 -0.0332811 -0.073521 -0.364205 6.87356 159.125 
0.0963463 0.292294 80874 1 -0.488542 0.3625 214 1 1017 0.00909885 -0.0326632 -0.0884376 -0.365099 6.96482 158.464 
0.0698516 0.244786 80914 1 -0.488542 0.3625 215 1 1018 0.007688 -0.0310278 -0.0908979 -0.348112 6.99376 158.545 
0.0741382 0.254043 80994 1 -0.488542 0.3625 216 1 1020 0.00780003 -0.0311105 -0.0910553 -0.347386 6.99262 158.551 
0.0742898 0.255022 81074 1 -0.488542 0.3625 217 1 1022 0.00781235 -0.0311109 -0.0910716 -0.347379 6.9925 158.552 
0.0742898 0.255022 81115 1 -0.488542 0.3625 218 1 1023 0.00781235 -0.0311109 -0.0910716 -0.347379 6.9925 158.552 
0.111158 0.227745 81195 1 -0.488542 0.3625 219 1 1025 0.00900673 -0.0310893 -0.0906355 -0.347344 6.99641 158.494 
0.0845652 0.247414 81278 1 -0.488542 0.3625 220 1 1027 0.00923829 -0.0327239 -0.0868951 -0.360151 6.98275 158.562 
0.0517055 0.329105 81355 1 -0.488542 0.3625 221 1 1029 0.00784028 -0.0309902 -0.0830588 -0.351547 6.95745 158.254 
0.0355581 1.41643 81395 1 -0.488542 0.3625 222 0 1030 0.00816791 -0.0348487 -0.0893829 -0.370471 7.00685 158.428 
0.306092 1.74587 81476 1 -0.488542 0.3625 223 0 1032 0.00884782 -0.0292713 -0.107591 -0.301564 7.14117 157.756 
-1.11964 1.61144 81555 1 -0.488542 0.3625 224 0 1034 0.0073572 -0.0260204 -0.10559 -0.294282 7.13585 157.722 
-0.408625 0.44267 81636 1 -0.488542 0.3625 225 0 1036 0.0069845 -0.0278796 -0.0828584 -0.301114 6.98476 158.382 
-0.366709 0.357814 81716 1 -0.488542 0.3625 226 0 1038 0.00685711 -0.0267616 -0.0805792 -0.300461 6.96959 158.395 
-0.366709 0.357814 81716 1 -0.488542 0.3625 227 0 1038 0.00685711 -0.0267616 -0.0805792 -0.300461 6.96959 158.395 
-0.366709 0.357814 81716 1 -0.490104 0.365385 228 0 1038 0.00685711 -0.0267616 -0.0805792 -0.300461 6.96959 158.395 
-0.370058 0.345252 81916 1 -0.490104 0.365385 229 0 1043 0.00674382 -0.0270255 -0.0787591 -0.307462 6.95745 158.239 
-0.414696 0.269692 81997 1 -0.482292 0.371154 230 0 1045 0.00640633 -0.0247856 -0.0828154 -0.300998 7.01552 158.065 
-0.439209 0.372384 82037 1 -0.479687 0.376923 231 0 1046 0.00667823 -0.0263316 -0.0779034 -0.301548 6.97375 158.235 
-0.439209 0.372384 82037 1 -0.478646 0.382692 232 0 1046 0.00667823 -0.0263316 -0.0779034 -0.301548 6.97375 158.235 
-0.409783 0.339949 82197 1 -0.478646 0.382692 233 0 1050 0.0060063 -0.02268 -0.0776958 -0.270127 6.9714 158.182 
-0.572007 0.379779 82278 1 -0.478646 0.382692 234 0 1052 0.00690739 -0.0229746 -0.0784403 -0.274985 6.96239 158.09 
-0.563879 0.387347 82357 1 -0.480208 0.375962 235 0 1054 0.00690243 -0.0242971 -0.0781218 -0.281798 6.96624 158.203 
-0.563879 0.387347 82357 1 -0.481771 0.375 236 0 1054 0.00690243 -0.0242971 -0.0781218 -0.281798 6.96624 158.203 
-0.561249 0.35322 82477 1 -0.482292 0.373077 237 0 1057 0.00590032 -0.0250925 -0.0783215 -0.309165 6.96137 158.079 
-0.48948 0.332289 82557 1 -0.482292 0.373077 238 0 1059 0.00687284 -0.0253236 -0.0770488 -0.310448 6.92748 158.177 
-0.534374 0.219561 82637 1 -0.482812 0.372115 239 0 1061 0.00641735 -0.0260609 -0.0764296 -0.333284 6.93743 158.066 
-0.533049 0.231788 82678 1 -0.482812 0.371154 240 0 1062 0.00581318 -0.0250466 -0.0747435 -0.322318 6.9269 158.249 
-0.533049 0.231788 82678 1 -0.483854 0.364423 241 0 1062 0.00581318 -0.0250466 -0.0747435 -0.322318 6.9269 158.249 
-0.375049 0.183744 82838 1 -0.485417 0.3625 242 0 1066 0.00601593 -0.0261413 -0.076146 -0.334496 6.92596 158.231 
-0.358121 0.226946 82918 1 -0.485417 0.360577 243 0 1068 0.00597135 -0.0278434 -0.0748862 -0.362325 6.90766 158.137 
-0.358121 0.226946 82958 1 -0.485417 0.360577 244 0 1069 0.00597135 -0.0278434 -0.0748862 -0.362325 6.90766 158.137 
-0.328245 0.258068 82998 1 -0.485417 0.360577 245 0 1070 0.00640669 -0.0295776 -0.07407 -0.375438 6.90247 158.229 
-0.328245 0.258068 82998 1 -0.485417 0.360577 246 0 1070 0.00640669 -0.0295776 -0.07407 -0.375438 6.90247 158.229 
-0.32416 0.185132 83199 1 -0.485417 0.360577 247 0 1075 0.00635248 -0.0322177 -0.0798059 -0.397566 6.94017 158.388 
-0.335866 0.218026 83278 1 -0.485417 0.360577 248 0 1077 0.00575722 -0.0331704 -0.0807804 -0.409103 6.94147 158.279 
-0.352362 0.266165 83319 1 -0.485417 0.360577 249 0 1078 0.00638426 -0.0360044 -0.079239 -0.433006 6.92571 158.132 
-0.352362 0.266165 83319 1 -0.485417 0.360577 250 0 1078 0.00638426 -0.0360044 -0.079239 -0.433006 6.92571 158.132 
-0.273026 0.444709 83479 1 -0.485417 0.360577 251 0 1082 0.00603714 -0.0362748 -0.0792861 -0.430408 6.92733 158.032 
-0.149435 0.612268 83560 1 -0.485417 0.360577 252 1 1084 0.00633022 -0.0331098 -0.0797322 -0.376082 6.94641 158.262 
-0.182271 0.557887 83639 1 -0.485417 0.360577 253 1 1086 0.00604938 -0.0309685 -0.0788884 -0.348451 6.95583 158.253 
-0.182271 0.557887 83639 1 -0.485417 0.360577 254 1 1086 0.00604938 -0.0309685 -0.0788884 -0.348451 6.95583 158.253 
-0.32073 0.332089 83800 1 -0.485417 0.360577 255 0 1090 0.00537845 -0.0287352 -0.0775566 -0.332271 6.95093 158.269 
-0.373725 0.324934 83880 1 -0.485417 0.360577 256 0 1092 0.00441868 -0.0282638 -0.0782793 -0.335034 6.94264 158.114 
-0.367101 0.333003 83920 1 -0.485417 0.360577 257 0 1093 0.00463122 -0.0283196 -0.0783506 -0.334611 6.94216 158.109 
-0.412008 0.344407 84000 1 -0.485417 0.360577 258 0 1095 0.00358813 -0.0301614 -0.0777973 -0.347167 6.94442 158.079 
-0.429534 0.29003 84080 1 -0.485417 0.360577 259 0 1097 0.00455722 -0.0306257 -0.0812585 -0.343339 6.98956 158.057 
-0.417611 0.292814 84120 1 -0.485417 0.360577 260 0 1098 0.00492379 -0.0307288 -0.0811751 -0.342025 6.98975 158.029 
-0.409635 0.258007 84161 1 -0.485417 0.360577 261 0 1099 0.00537462 -0.0318661 -0.0830525 -0.341022 7.00419 158.069 
-0.278677 0.330942 84201 1 -0.485417 0.360577 262 0 1100 0.00419277 -0.0327902 -0.0810041 -0.340012 6.98654 158.055 
-0.317131 0.303639 84360 1 -0.485417 0.360577 263 0 1104 0.00477007 -0.038021 -0.0828649 -0.346637 7.01285 157.867 
-0.333892 0.27236 84400 1 -0.485417 0.360577 264 0 1105 0.0059001 -0.0405799 -0.0827929 -0.360057 7.0189 157.894 
-0.337472 0.276579 84481 1 -0.485417 0.360577 265 0 1107 0.0050069 -0.0406454 -0.0838741 -0.351231 7.02901 157.939 
-0.337472 0.276579 84481 1 -0.485417 0.360577 266 0 1107 0.0050069 -0.0406454 -0.0838741 -0.351231 7.02901 157.939 
-0.316718 0.236654 84642 1 -0.485417 0.360577 267 0 1111 0.00575569 -0.0380502 -0.085518 -0.312661 7.04876 157.872 
-0.30896 0.182519 84721 1 -0.485417 0.360577 268 0 1113 0.00716513 -0.0413916 -0.0828641 -0.334367 7.04254 158.001 
-0.216035 0.135633 84761 1 -0.485417 0.360577 269 0 1114 0.0074912 -0.0388334 -0.0839954 -0.315641 7.0542 157.91 
-0.217998 0.128234 84801 1 -0.485417 0.360577 270 0 1115 0.00683148 -0.0379881 -0.0836134 -0.309822 7.05496 157.979 
-0.217998 0.128234 84801 1 -0.485417 0.360577 271 0 1115 0.00683148 -0.0379881 -0.0836134 -0.309822 7.05496 157.979 
-0.173777 0.166562 85004 1 -0.485417 0.360577 272 1 1120 0.00506481 -0.0387228 -0.0827356 -0.325361 7.04083 157.912 
-0.16587 0.178359 85083 1 -0.485417 0.360577 273 1 1122 0.00562759 -0.0385118 -0.0829073 -0.324748 7.03617 157.816 
-0.147125 0.215301 85122 1 -0.485417 0.360577 274 1 1123 0.00529284 -0.0373825 -0.0832074 -0.32017 7.03049 157.801 
-0.168468 0.245945 85202 1 -0.485417 0.360577 275 1 1125 0.00635943 -0.0359521 -0.0797167 -0.31396 7.00256 157.829 
-0.15874 0.234239 85283 1 -0.485417 0.360577 276 1 1127 0.00542036 -0.0364373 -0.080575 -0.307128 7.00952 157.775 
-0.17608 0.174298 85365 1 -0.485417 0.360577 277 1 1129 0.00659567 -0.0353981 -0.0838056 -0.297104 7.04055 157.734 
-0.521831 0.236786 85443 1 -0.485417 0.360577 278 0 1131 0.00723339 -0.0284928 -0.0827703 -0.226282 7.03353 157.692 
-0.485778 0.208444 85522 1 -0.485417 0.360577 279 0 1133 0.00714744 -0.0270957 -0.0833339 -0.212364 7.04008 157.685 
-0.465035 0.24991 85643 1 -0.485417 0.360577 280 0 1136 0.00479464 -0.0196551 -0.0860009 -0.159355 7.03045 157.353 
-0.508329 0.221549 85683 1 -0.485417 0.360577 281 0 1137 0.00526761 -0.0223156 -0.0851667 -0.1902 7.03409 157.52 
-0.414751 0.217151 85764 1 -0.485417 0.360577 282 0 1139 0.00513542 -0.0243733 -0.0860419 -0.218637 7.02574 157.506 
-0.247529 0.181413 85804 1 -0.485417 0.360577 283 0 1140 0.0036717 -0.0240325 -0.0838698 -0.232175 7.00107 157.549 
-0.247529 0.181413 85804 1 -0.485417 0.360577 284 0 1140 0.0036717 -0.0240325 -0.0838698 -0.232175 7.00107 157.549 
-0.252658 0.1907 85964 1 -0.485417 0.360577 285 0 1144 0.0034257 -0.0246259 -0.0825569 -0.26602 6.97758 157.679 
-0.28729 0.181557 86044 1 -0.485417 0.360577 286 0 1146 0.00416079 -0.0245389 -0.0821004 -0.279413 6.96671 157.511 
-0.31379 0.185348 86124 1 -0.485417 0.360577 287 0 1148 0.00429885 -0.0230912 -0.0807288 -0.272797 6.9447 157.533 
-0.31379 0.185348 86124 1 -0.485417 0.360577 288 0 1148 0.00429885 -0.0230912 -0.0807288 -0.272797 6.9447 157.533 
-0.166888 0.296703 86284 1 -0.485417 0.360577 289 1 1152 0.00391232 -0.0235906 -0.0777476 -0.2848 6.91102 157.655 
-0.121327 0.295384 86364 1 -0.485417 0.360577 290 1 1154 0.00460132 -0.0267107 -0.0800865 -0.282693 6.92779 157.688 
-0.138673 0.259407 86445 1 -0.485417 0.360577 291 1 1156 0.00460937 -0.0297781 -0.0814215 -0.319475 6.92753 157.815 
-0.138673 0.259407 86445 1 -0.485417 0.360577 292 1 1156 0.00460937 -0.0297781 -0.0814215 -0.319475 6.92753 157.815 
0.0360374 0.248292 86605 1 -0.485417 0.360577 293 1 1160 0.00522204 -0.0282026 -0.0839731 -0.320465 6.94172 157.86 
-0.0049772 0.226824 86685 1 -0.485417 0.360577 294 1 1162 0.00401641 -0.0328726 -0.0834756 -0.358842 6.94715 157.947 
0.0299975 0.190501 86725 1 -0.485417 0.360577 295 1 1163 0.00625388 -0.0337392 -0.0843214 -0.359199 6.96353 158.045 
0.0210449 0.230824 86765 1 -0.485417 0.360577 296 1 1164 0.0052569 -0.031764 -0.0834362 -0.335928 6.94095 157.873 
0.0210449 0.230824 86765 1 -0.485417 0.360577 297 1 1164 0.0052569 -0.031764 -0.0834362 -0.335928 6.94095 157.873 
0.00863566 0.273039 86926 1 -0.485417 0.360577 298 1 1168 0.00643608 -0.0342697 -0.0836105 -0.338804 6.95372 158.014 
-0.0360372 0.412245 87005 1 -0.485417 0.360577 299 1 1170 0.0049878 -0.0361757 -0.0832463 -0.335359 6.93919 157.813 
0.0627024 0.617339 87086 1 -0.485417 0.360577 300 1 1172 0.00590535 -0.0403703 -0.0849355 -0.360279 6.95384 157.873 
0.0822048 0.556672 87126 1 -0.485417 0.360577 301 1 1173 0.00657667 -0.0380755 -0.089552 -0.34654 7.00095 158.042 
0.078913 0.588771 87206 1 -0.485417 0.360577 302 1 1175 0.00544069 -0.0368309 -0.0882146 -0.346177 6.98885 157.899 
0.123108 0.5957 87287 1 -0.485417 0.360577 303 1 1177 0.0064573 -0.0357832 -0.0872412 -0.321532 6.97957 157.916 
0.113323 0.629587 87327 1 -0.485417 0.360577 304 1 1178 0.00594521 -0.0338715 -0.0835641 -0.306828 6.96268 157.867 
-0.0735752 0.695951 87406 1 -0.485417 0.360577 305 1 1180 0.004094 -0.034761 -0.0820901 -0.317728 6.95311 157.629 
-0.0610204 0.634106 87487 1 -0.485417 0.360577 306 1 1182 0.00464934 -0.0346869 -0.0839268 -0.303776 7.00199 157.738 
-0.0167747 0.39308 87567 1 -0.485417 0.360577 307 1 1184 0.003206 -0.0369124 -0.0815685 -0.328414 6.99031 157.736 
-0.0323769 0.399463 87607 1 -0.485417 0.360577 308 1 1185 0.00483837 -0.0385113 -0.0831844 -0.343519 7.00015 157.644 
-0.0373083 0.345225 87687 1 -0.485417 0.360577 309 1 1187 0.00590903 -0.0406488 -0.0852989 -0.344754 7.03435 157.778 
-0.0264145 0.331831 87768 1 -0.485417 0.360577 310 1 1189 0.00391919 -0.0385285 -0.0861477 -0.332055 7.03731 157.676 
0.0204416 0.319097 87807 1 -0.485417 0.360577 311 1 1190 0.00508398 -0.0367481 -0.0860607 -0.321489 7.04103 157.701 
-0.00675255 0.309343 87887 1 -0.485417 0.360577 312 1 1192 0.00462716 -0.0349851 -0.0875549 -0.309274 7.05059 157.617 
-0.353834 0.405689 87968 1 -0.485417 0.360577 313 0 1194 0.00649026 -0.0309436 -0.087803 -0.257677 7.07919 157.727 
-0.5785 0.455462 88048 1 -0.485417 0.360577 314 0 1196 0.00725418 -0.0295971 -0.0881891 -0.246747 7.09705 157.832 
-0.59723 0.46001 88127 1 -0.485417 0.360577 315 0 1198 0.00677544 -0.033323 -0.0881841 -0.282603 7.11263 157.836 
-0.523681 0.393341 88208 1 -0.485417 0.360577 316 0 1200 0.00707735 -0.0274443 -0.0884001 -0.236701 7.11603 157.802 
-0.659731 0.0559859 88288 1 -0.485417 0.360577 317 0 1202 0.00669719 -0.0314225 -0.0893567 -0.275201 7.1036 157.548 
-0.606336 0.140314 88329 1 -0.485417 0.360577 318 0 1203 0.00600555 -0.0277073 -0.0863622 -0.2361 7.06946 157.549 
-0.645595 0.13348 88369 1 -0.485417 0.360577 319 0 1204 0.00566998 -0.0290184 -0.0871867 -0.253907 7.06929 157.514 
-0.645595 0.13348 88369 1 -0.485417 0.360577 320 0 1204 0.00566998 -0.0290184 -0.0871867 -0.253907 7.06929 157.514 
-0.688182 0.124182 88570 1 -0.485417 0.360577 321 0 1209 0.00704963 -0.0267237 -0.0862979 -0.234063 7.06756 157.594 
-0.670572 0.0589483 88649 1 -0.485417 0.359615 322 0 1211 0.00810372 -0.0252165 -0.0854491 -0.210129 7.07844 157.682 
-0.63289 0.0944242 88689 1 -0.465104 0.356731 323 0 1212 0.00569075 -0.0181675 -0.0890275 -0.147998 7.08885 157.242 
-0.63289 0.0944242 88689 1 -0.441146 0.352885 324 0 1212 0.00569075 -0.0181675 -0.0890275 -0.147998 7.08885 157.242 
-0.0910294 -0.0745646 88849 1 -0.438021 0.352885 325 1 1216 0.00604159 -0.0232879 -0.0843861 -0.214514 7.05394 157.546 
-0.0822421 0.00672361 88929 1 -0.4375 0.352885 326 1 1218 0.00528442 -0.0275436 -0.0863101 -0.288005 7.04488 157.399 
-0.0663734 -0.0201027 89009 1 -0.435937 0.355769 327 1 1220 0.00520735 -0.0259653 -0.086028 -0.297947 7.01997 157.393 
-0.0663734 -0.0201027 89009 1 -0.435937 0.355769 328 1 1220 0.00520735 -0.0259653 -0.086028 -0.297947 7.01997 157.393 
-0.0663734 -0.0201027 89009 1 -0.435937 0.355769 329 1 1220 0.00520735 -0.0259653 -0.086028 -0.297947 7.01997 157.393 
-0.804335 -0.103484 89210 1 -0.435937 0.355769 330 0 1225 0.00260315 -0.0307148 -0.0835348 -0.385539 6.9634 157.436 
-0.870285 -0.00853479 89290 1 -0.435937 0.355769 331 0 1227 0.00224295 -0.0295455 -0.0809751 -0.381606 6.92368 157.347 
-0.660513 -0.031477 89330 1 -0.435937 0.355769 332 0 1228 0.00225318 -0.029438 -0.0817921 -0.385529 6.93572 157.445 
-0.111702 0.170821 89410 1 -0.435937 0.355769 333 1 1230 0.00335287 -0.0343703 -0.0801121 -0.421041 6.91271 157.528 
-0.114698 0.130338 89450 1 -0.435937 0.355769 334 1 1231 0.0034201 -0.0336021 -0.0827567 -0.411692 6.92852 157.454 
-0.0343615 0.0933155 89531 1 -0.436979 0.357692 335 1 1233 0.00367926 -0.0333366 -0.0853508 -0.41501 6.96508 157.739 
-0.0269558 0.134623 89610 1 -0.436979 0.357692 336 1 1235 0.00491332 -0.0349108 -0.085231 -0.424606 6.96124 157.814 
-0.0191639 0.152006 89691 1 -0.436979 0.357692 337 1 1237 0.00412756 -0.0388609 -0.0861759 -0.46326 6.94815 157.559 
-0.0417571 0.176885 89771 1 -0.436979 0.357692 338 1 1239 0.00350304 -0.0393491 -0.083428 -0.490716 6.92545 157.523 
-0.10315 0.247896 89814 1 -0.436979 0.357692 339 1 1240 0.00233412 -0.040422 -0.0819276 -0.509291 6.92232 157.583 
-0.0903771 0.267539 89892 1 -0.436979 0.357692 340 1 1242 0.00422464 -0.0391568 -0.0829663 -0.485839 6.92803 157.595 
-0.0971834 0.270814 89971 1 -0.436979 0.357692 341 1 1244 0.00255554 -0.0427354 -0.0831063 -0.495758 6.95039 157.558 
-0.0139444 0.209964 90051 1 -0.436979 0.357692 342 1 1246 0.0038591 -0.0373262 -0.0827385 -0.435417 6.9714 157.774 
0.000439663 0.182047 90091 1 -0.436979 0.357692 343 1 1247 0.00441841 -0.0371304 -0.0833732 -0.418588 6.97563 157.679 
-0.0416751 0.118836 90174 1 -0.436979 0.357692 344 1 1249 0.00230498 -0.0381574 -0.0848609 -0.443385 6.99788 157.542 
-0.078243 0.165171 90254 1 -0.436979 0.357692 345 1 1251 0.00179562 -0.0402161 -0.0847832 -0.464817 6.9937 157.454 
-0.0152488 0.133168 90292 1 -0.436979 0.357692 346 1 1252 0.00367616 -0.0405771 -0.0860455 -0.457237 7.02592 157.599 
0.0266006 0.221866 90372 1 -0.436979 0.357692 347 1 1254 0.00427682 -0.0372908 -0.0862402 -0.429806 7.02389 157.647 
-0.0268005 0.329383 90452 1 -0.436979 0.357692 348 1 1256 0.00275274 -0.038903 -0.0853095 -0.460019 6.99948 157.543 
-0.011025 0.275274 90533 1 -0.436979 0.357692 349 1 1258 0.00284521 -0.0377053 -0.0868745 -0.441665 7.03246 157.541 
-0.0410742 0.241935 90615 1 -0.436979 0.357692 350 1 1260 0.00338374 -0.038862 -0.0861072 -0.43893 7.03504 157.548 
0.00642604 0.161863 90693 1 -0.436979 0.357692 351 1 1262 0.00465408 -0.0358816 -0.0859594 -0.403335 7.07004 157.738 
0.0253746 0.171807 90733 1 -0.436979 0.357692 352 1 1263 0.0057348 -0.0347632 -0.0876145 -0.378519 7.06712 157.569 
0.0231649 0.144884 90813 1 -0.436979 0.357692 353 1 1265 0.0047156 -0.037476 -0.0880318 -0.395883 7.0838 157.643 
0.135084 0.0887278 90893 1 -0.436979 0.357692 354 1 1267 0.00527951 -0.0322225 -0.0895505 -0.340576 7.11568 157.714 
0.115703 0.115895 90974 1 -0.436979 0.357692 355 1 1269 0.00573554 -0.0364015 -0.0891409 -0.364941 7.11289 157.677 
0.116896 0.125784 91054 1 -0.436979 0.357692 356 1 1271 0.00565761 -0.0370166 -0.0885432 -0.372706 7.11282 157.808 
0.11867 0.126344 91094 1 -0.436979 0.357692 357 1 1272 0.00548374 -0.0371047 -0.0892827 -0.377793 7.10829 157.655 
0.131037 0.11981 91173 1 -0.436979 0.357692 358 1 1274 0.00723647 -0.0356783 -0.0890148 -0.367639 7.13259 157.785 
0.160432 0.0810812 91254 1 -0.436979 0.357692 359 1 1276 0.00682301 -0.0340487 -0.0899572 -0.352303 7.14219 157.758 
0.152262 0.151193 91294 1 -0.436979 0.357692 360 1 1277 0.00638141 -0.0325382 -0.0871572 -0.341647 7.12513 157.759 
0.193064 0.0410903 91374 1 -0.436979 0.357692 361 1 1279 0.00712876 -0.0316015 -0.0912928 -0.329275 7.16921 157.709 
0.103001 0.111017 91455 1 -0.436979 0.357692 362 1 1281 0.00821572 -0.0316383 -0.0918825 -0.323111 7.17768 157.744 
0.10115 0.148709 91534 1 -0.436979 0.357692 363 1 1283 0.00589273 -0.0286364 -0.0925879 -0.293915 7.16005 157.582 
0.112356 0.185719 91614 1 -0.436979 0.357692 364 1 1285 0.00713313 -0.0282481 -0.091176 -0.290651 7.16314 157.666 
0.0914056 0.205714 91655 1 -0.436979 0.357692 365 1 1286 0.00590999 -0.0283078 -0.0920062 -0.287461 7.15571 157.462 
0.213567 0.144641 91735 1 -0.436979 0.357692 366 1 1288 0.00602181 -0.0274552 -0.0920047 -0.291697 7.15483 157.605 
0.235265 0.148135 91815 1 -0.436979 0.357692 367 1 1290 0.00677947 -0.0259145 -0.0875493 -0.299353 7.1379 157.899 
0.229163 0.251529 91895 1 -0.436979 0.357692 368 1 1292 0.00488787 -0.0248525 -0.0851239 -0.301003 7.0951 157.577 
0.161877 0.26822 91935 1 -0.436979 0.357692 369 1 1293 0.00399419 -0.0241836 -0.0847585 -0.304948 7.10282 157.683 
0.201751 0.280971 92015 1 -0.436979 0.357692 370 1 1295 0.00441046 -0.0209949 -0.0838352 -0.274578 7.09046 157.605 
0.203252 0.288464 92096 1 -0.436979 0.357692 371 1 1297 0.00408872 -0.0225719 -0.0826787 -0.290632 7.08043 157.689 
0.196736 0.315945 92136 1 -0.436979 0.357692 372 1 1298 0.00343172 -0.0240491 -0.0817491 -0.304606 7.07092 157.833 
0.196736 0.315945 92136 1 -0.436979 0.357692 373 1 1298 0.00343172 -0.0240491 -0.0817491 -0.304606 7.07092 157.833 
0.202709 0.418268 92295 1 -0.436979 0.357692 374 1 1302 0.00132031 -0.0250023 -0.0803548 -0.334909 7.02244 157.836 
0.1787 0.496012 92377 1 -0.436979 0.357692 375 1 1304 0.00195205 -0.029763 -0.0781693 -0.398581 6.98126 157.912 
0.109788 0.540152 92459 1 -0.436979 0.357692 376 1 1306 0.00170711 -0.0332131 -0.0784507 -0.460308 6.96512 157.825 
0.0784022 0.587852 92537 1 -0.436979 0.357692 377 1 1308 0.000278435 -0.0344798 -0.0783182 -0.477012 6.94715 157.692 
0.0704854 0.533179 92577 1 -0.436979 0.357692 378 1 1309 0.000495883 -0.0352416 -0.0818306 -0.490714 6.98211 157.788 
0.183283 0.472527 92656 1 -0.436979 0.357692 379 1 1311 0.000152832 -0.036943 -0.0833012 -0.523268 7.01406 157.812 
0.187748 0.546765 92736 1 -0.436979 0.357692 380 1 1313 0.000170256 -0.033013 -0.083466 -0.4907 7.03355 157.734 
0.0478317 0.75468 92817 1 -0.436979 0.357692 381 1 1315 -0.000894145 -0.0353457 -0.0828393 -0.503916 7.04249 157.968 
0.0727939 0.731415 92860 1 -0.436979 0.357692 382 1 1316 -0.000141139 -0.0324937 -0.0823012 -0.487494 7.04868 158.038 
0.0562223 0.723816 92937 1 -0.436979 0.357692 383 1 1318 0.000744711 -0.0345413 -0.0822594 -0.501826 7.05179 157.974 
0.0585743 0.695967 93017 1 -0.438021 0.358654 384 1 1320 0.000312077 -0.0395634 -0.0839439 -0.524186 7.07119 157.983 
0.106593 0.701484 93097 1 -0.438021 0.358654 385 1 1322 0.000539394 -0.0381658 -0.0841322 -0.519465 7.06142 157.834 
0.065368 0.682144 93137 1 -0.438021 0.358654 386 1 1323 0.000701028 -0.0371893 -0.0838153 -0.516559 7.0725 157.978 
0.0614854 0.649198 93218 1 -0.438021 0.358654 387 1 1325 0.00176381 -0.0385894 -0.0834777 -0.50755 7.08249 157.889 
0.0777835 0.611034 93298 1 -0.438021 0.358654 388 1 1327 0.0011588 -0.0385172 -0.0824383 -0.485805 7.09052 157.951 
0.0831265 0.596597 93377 1 -0.438021 0.358654 389 1 1329 0.00133968 -0.0396263 -0.0832766 -0.510866 7.10557 157.817 
0.0942914 0.644278 93458 1 -0.438021 0.358654 390 1 1331 0.000924564 -0.0402588 -0.084469 -0.52607 7.10308 157.873 
0.119763 0.659395 93498 1 -0.438021 0.358654 391 1 1332 0.000450594 -0.03992 -0.0832795 -0.529231 7.09146 157.948 
0.0656908 0.611223 93578 1 -0.438021 0.358654 392 1 1334 0.000426022 -0.0378272 -0.0847872 -0.52621 7.11178 158.099 
0.144941 0.559716 93661 1 -0.438021 0.358654 393 1 1336 0.000745065 -0.0441269 -0.0835297 -0.549361 7.08436 158.059 
0.315631 0.275515 93738 1 -0.438021 0.358654 394 1 1338 0.000417833 -0.0450184 -0.0857913 -0.55873 7.06779 157.725 
0.289087 0.278238 93778 1 -0.438021 0.358654 395 1 1339 0.000452151 -0.0488328 -0.0832845 -0.593563 7.04184 157.753 
0.231838 0.326766 93859 1 -0.438021 0.358654 396 1 1341 0.000505207 -0.0461073 -0.0828567 -0.561081 7.03355 157.709 
0.251405 0.357171 93939 1 -0.438021 0.358654 397 1 1343 0.000936458 -0.0450697 -0.0812342 -0.543402 7.01077 157.672 
0.433638 0.207843 94022 1 -0.438021 0.358654 398 1 1345 0.00102928 -0.0462836 -0.0808677 -0.553161 7.01619 157.822 
0.436989 0.181954 94099 1 -0.438021 0.358654 399 1 1347 0.00232157 -0.0460201 -0.0799941 -0.552515 7.0153 157.758 
0.525505 0.113238 94179 1 -0.438021 0.358654 400 1 1349 0.000246237 -0.0448355 -0.0797871 -0.539555 7.00251 157.706 
0.501614 0.0992536 94220 1 -0.438021 0.359615 401 1 1350 0.000430777 -0.0488497 -0.0811858 -0.582406 7.00697 157.637 
0.547935 0.124818 94300 1 -0.438021 0.3625 402 1 1352 0.00170424 -0.0434647 -0.0808123 -0.532351 6.9928 157.584 
0.623276 0.116265 94380 1 -0.438021 0.3625 403 1 1354 0.00325613 -0.042068 -0.0832388 -0.524775 7.00935 157.535 
0.65094 0.17422 94460 1 -0.438021 0.3625 404 1 1356 0.000859428 -0.0442064 -0.0861389 -0.553288 6.99961 157.113 
0.618572 -0.00800336 94500 1 -0.438021 0.3625 405 1 1357 0.00370234 -0.0441154 -0.0887755 -0.558873 7.02742 157.074 
0.57643 -0.0902802 94580 1 -0.438021 0.3625 406 1 1359 0.00157037 -0.0418316 -0.0841992 -0.560273 7.01988 157.252 
0.646356 -0.238397 94661 1 -0.438021 0.3625 407 0 1361 0.0025246 -0.0328974 -0.0810624 -0.477404 7.02912 157.484 
0.622687 -0.150238 94741 1 -0.438021 0.3625 408 1 1363 0.0027355 -0.0387175 -0.0796267 -0.506471 7.00629 157.367 
0.585724 -0.211365 94821 1 -0.433333 0.358654 409 0 1365 0.00170365 -0.0351679 -0.0780675 -0.455874 6.96857 157.344 
0.438012 -0.239149 94900 1 -0.417708 0.366346 410 0 1367 0.00071246 -0.0404013 -0.0814026 -0.513036 6.96547 157.077 
0.497037 -0.158279 94981 1 -0.418229 0.372115 411 1 1369 0.00128107 -0.0359747 -0.07898 -0.481715 6.89745 157.19 
0.414009 -0.21207 95021 1 -0.41875 0.372115 412 0 1370 0.00147683 -0.0370117 -0.0809593 -0.504711 6.9014 157.242 
0.462332 -0.30586 95101 1 -0.41875 0.372115 413 0 1372 0.00334405 -0.0315794 -0.0914366 -0.485929 6.93539 157.38 
0.513928 -0.268158 95182 1 -0.41875 0.372115 414 0 1374 0.00319401 -0.0241646 -0.0958184 -0.471238 6.94567 157.319 
0.432205 -0.189998 95261 1 -0.41875 0.372115 415 1 1376 0.000833399 -0.0245517 -0.0958757 -0.519923 6.91484 157.317 
0.432205 -0.189998 95261 1 -0.41875 0.372115 416 1 1376 0.000833399 -0.0245517 -0.0958757 -0.519923 6.91484 157.317 
0.0570303 -0.0840839 95304 1 -0.41875 0.372115 417 1 1377 -8.9946e-005 -0.0205999 -0.0941609 -0.508067 6.89418 157.349 
-0.294822 0.146604 95462 1 -0.41875 0.372115 418 0 1381 3.90662e-005 -0.0259443 -0.0926394 -0.590596 6.81367 157.249 
-0.469462 0.288761 95542 1 -0.41875 0.372115 419 0 1383 -0.0013875 -0.0233448 -0.0940643 -0.56752 6.83127 157.357 
-0.425334 0.0660284 95622 1 -0.41875 0.372115 420 0 1385 0.00133176 -0.021765 -0.0959474 -0.508676 6.9005 157.624 
-0.474762 3.41265e-005 95702 1 -0.41875 0.372115 421 0 1387 0.0020505 -0.0213514 -0.0954959 -0.475084 6.94533 157.584 
-0.514169 0.0193825 95782 1 -0.41875 0.372115 422 0 1389 0.00226072 -0.0231165 -0.0972538 -0.449653 6.96032 157.573 
-0.527612 0.0959361 95823 1 -0.419792 0.372115 423 0 1390 0.00272132 -0.0281119 -0.0953962 -0.469531 6.94411 157.599 
-0.497416 0.0309303 95863 1 -0.419792 0.372115 424 0 1391 0.00418195 -0.0335672 -0.0958846 -0.486533 6.94374 157.651 
-0.497416 0.0309303 95863 1 -0.419792 0.372115 425 0 1391 0.00418195 -0.0335672 -0.0958846 -0.486533 6.94374 157.651 
-0.36903 0.123267 96065 1 -0.420312 0.372115 426 0 1396 0.00369177 -0.0294567 -0.094718 -0.344951 6.8591 157.674 
-0.368426 0.2142 96143 1 -0.420312 0.372115 427 0 1398 0.000805649 -0.0302287 -0.0896074 -0.359142 6.78612 157.613 
-0.37165 0.163873 96183 1 -0.420312 0.372115 428 0 1399 0.00149722 -0.0344043 -0.0911498 -0.404986 6.79734 157.651 
-0.37165 0.163873 96183 1 -0.420312 0.372115 429 0 1399 0.00149722 -0.0344043 -0.0911498 -0.404986 6.79734 157.651 
-0.355405 0.040414 96343 1 -0.420312 0.372115 430 0 1403 1.37653e-005 -0.0276105 -0.0895594 -0.292628 6.79939 157.676 
-0.382468 0.0402754 96423 1 -0.420312 0.372115 431 0 1405 0.00138398 -0.0381028 -0.0872694 -0.305369 6.75964 157.763 
-0.477447 0.0929158 96463 1 -0.420312 0.372115 432 0 1406 0.00246804 -0.046182 -0.0884343 -0.351866 6.74281 157.547 
-0.491568 0.166974 96504 1 -0.420312 0.372115 433 0 1407 0.00352893 -0.0477652 -0.0881497 -0.344356 6.7216 157.353 
-0.491568 0.166974 96504 1 -0.420312 0.372115 434 0 1407 0.00352893 -0.0477652 -0.0881497 -0.344356 6.7216 157.353 
-0.250245 0.187357 96705 1 -0.420312 0.372115 435 0 1412 0.00466724 -0.0394747 -0.0883977 -0.190481 6.68987 157.195 
-0.243344 0.157484 96784 1 -0.420312 0.372115 436 0 1414 0.00547949 -0.04331 -0.0887029 -0.190946 6.69335 157.308 
-0.210453 0.179317 96824 1 -0.420312 0.372115 437 0 1415 0.00639926 -0.0434112 -0.0873365 -0.184289 6.67215 157.297 
-0.210453 0.179317 96824 1 -0.421875 0.372115 438 0 1415 0.00639926 -0.0434112 -0.0873365 -0.184289 6.67215 157.297 
-0.100304 -0.131174 96985 1 -0.422917 0.372115 439 1 1419 0.00822545 -0.0396946 -0.0971174 -0.196912 6.73434 157.325 
-0.155107 -0.105829 97065 1 -0.423438 0.372115 440 1 1421 0.00765982 -0.0409106 -0.0967352 -0.251543 6.69253 157.313 
-0.16863 0.028272 97145 1 -0.423438 0.372115 441 1 1423 0.00688316 -0.0434533 -0.0964943 -0.343115 6.64916 157.245 
-0.170258 0.0930191 97185 1 -0.423438 0.372115 442 1 1424 0.0041972 -0.0400208 -0.0969286 -0.348444 6.63796 157.213 
-0.19582 0.16454 97265 1 -0.423438 0.372115 443 1 1426 0.00170195 -0.0342845 -0.0937891 -0.352135 6.59523 157.249 
-0.261337 0.261534 97346 1 -0.423438 0.372115 444 0 1428 0.000435251 -0.0351747 -0.0920724 -0.368066 6.56171 157.231 
-0.267586 0.239842 97426 1 -0.423438 0.372115 445 0 1430 0.00143527 -0.0391652 -0.0906663 -0.349997 6.54501 157.424 
-0.298081 0.138737 97465 1 -0.423438 0.372115 446 0 1431 0.00316854 -0.0439366 -0.089822 -0.360809 6.53499 157.521 
-0.204907 0.504179 97546 1 -0.423438 0.372115 447 0 1433 0.00689296 -0.0455879 -0.0923829 -0.326817 6.53699 157.584 
-0.1807 0.552344 97626 1 -0.423438 0.372115 448 1 1435 0.0086992 -0.0449281 -0.0956483 -0.270507 6.54646 157.598 
-0.213738 0.558062 97706 1 -0.423438 0.372115 449 0 1437 0.00763994 -0.0447132 -0.0916211 -0.239737 6.53456 157.893 
-0.128088 0.372634 97787 1 -0.423438 0.372115 450 1 1439 0.0088074 -0.0415358 -0.10934 -0.169251 6.65267 157.815 
-0.190383 0.333206 97866 1 -0.423438 0.372115 451 1 1441 0.00985395 -0.0479657 -0.106874 -0.16217 6.60444 157.713 
-0.285152 0.276338 97946 1 -0.423438 0.372115 452 0 1443 0.0116569 -0.0527468 -0.103386 -0.144723 6.59279 157.696 
-0.293304 0.307168 97987 1 -0.423438 0.372115 453 0 1444 0.0127093 -0.0514334 -0.101751 -0.107492 6.58131 157.741 
-0.154941 0.575832 98067 1 -0.423438 0.372115 454 1 1446 0.0126227 -0.0484215 -0.0912337 0.0206021 6.51749 157.81 
-0.147001 0.56409 98148 1 -0.423438 0.372115 455 1 1448 0.0128607 -0.051142 -0.0910056 0.0615613 6.5229 157.762 
0.0809361 0.516843 98227 1 -0.423438 0.372115 456 1 1450 0.0149182 -0.0535634 -0.090135 0.118653 6.51289 157.53 
0.339578 0.483946 98267 1 -0.423438 0.372115 457 1 1451 0.0154 -0.0547406 -0.0866103 0.133303 6.49403 157.392 
0.310614 0.432699 98347 1 -0.423438 0.372115 458 1 1453 0.0156045 -0.0541056 -0.0911699 0.181766 6.5339 157.332 
0.230994 0.471843 98428 1 -0.423438 0.372115 459 1 1455 0.0175036 -0.0654887 -0.0886408 0.151834 6.49517 157.16 
0.252678 0.424286 98508 1 -0.423438 0.372115 460 1 1457 0.0195649 -0.0627554 -0.0926422 0.232912 6.5452 157.098 
0.316132 0.446104 98587 1 -0.423438 0.372115 461 1 1459 0.0184263 -0.0564446 -0.0900934 0.346172 6.53604 157.165 
0.425031 0.478918 98668 1 -0.423438 0.372115 462 1 1461 0.0195766 -0.0711712 -0.0913553 0.324296 6.51591 157.243 
0.477979 0.457232 98708 1 -0.423438 0.372115 463 1 1462 0.0199795 -0.0619657 -0.0933622 0.502769 6.52996 157.398 
0.527801 0.446726 98788 1 -0.423438 0.372115 464 1 1464 0.0258118 -0.0627971 -0.0990735 0.713353 6.55422 157.576 
0.610761 0.520558 98869 1 -0.423438 0.372115 465 1 1466 0.031114 -0.0625344 -0.0974103 0.983667 6.53386 157.799 
0.570509 0.551538 98909 1 -0.423438 0.372115 466 1 1467 0.0337624 -0.0710404 -0.0960712 1.08464 6.53723 158.057 
0.623378 0.535037 98988 1 -0.423438 0.372115 467 1 1469 0.0403389 -0.0690684 -0.0953107 1.38437 6.52518 158.028 
0.52548 0.594957 99028 1 -0.423438 0.372115 468 1 1470 0.042353 -0.0813417 -0.0924858 1.4504 6.50959 158.189 
0.57547 0.573508 99109 1 -0.423438 0.372115 469 1 1472 0.0481158 -0.0768599 -0.0948002 1.79502 6.51336 158.032 
0.0469119 0.681775 99189 1 -0.423438 0.372115 470 1 1474 0.0549886 -0.0812087 -0.094787 2.04544 6.52072 157.92 
0.0322095 0.690507 99269 1 -0.423438 0.372115 471 1 1476 0.0604792 -0.0966819 -0.0942981 2.14647 6.53978 157.874 
0.0251191 0.816324 99349 1 -0.423438 0.372115 472 1 1478 0.0663044 -0.103955 -0.089916 2.19085 6.5346 157.563 
0.0259881 0.751122 99389 1 -0.423438 0.372115 473 1 1479 0.0660889 -0.103902 -0.0922818 2.20368 6.57991 157.648 
0.184966 0.533114 99469 1 -0.423438 0.372115 474 1 1481 0.0668191 -0.0992202 -0.0938503 2.18693 6.63246 157.885 
0.279419 0.513985 99550 1 -0.423438 0.372115 475 1 1483 0.0650074 -0.10552 -0.0864035 1.98759 6.57596 158.119 
0.371163 0.504501 99590 1 -0.423438 0.372115 476 1 1484 0.0610239 -0.0909844 -0.0817413 2.00053 6.55135 158.329 
0.344054 0.400744 99670 1 -0.423438 0.372115 477 1 1486 0.0547396 -0.0853485 -0.0788854 1.82921 6.54648 158.457 
0.307397 0.193677 99750 1 -0.423438 0.372115 478 1 1488 0.0493657 -0.0837286 -0.0759704 1.64966 6.4987 158.364 
0.378607 0.20385 99830 1 -0.423438 0.372115 479 1 1490 0.0445386 -0.0719447 -0.080287 1.59356 6.50332 158.234 
0.255314 0.255727 99870 1 -0.423438 0.372115 480 1 1491 0.0430378 -0.0773908 -0.0789342 1.48253 6.48651 158.321 
0.183496 0.271536 99950 1 -0.423438 0.372115 481 1 1493 0.0408594 -0.0779249 -0.0825898 1.39578 6.50554 158.546 
0.183496 0.271536 99950 1 -0.423438 0.372115 482 1 1493 0.0408594 -0.0779249 -0.0825898 1.39578 6.50554 158.546 
-0.227589 -0.0149061 100110 1 -0.423438 0.372115 483 0 1497 0.0368506 -0.0684881 -0.0877599 1.43252 6.51991 158.549 
-0.188048 0.00596517 100150 1 -0.423438 0.372115 484 1 1498 0.0363254 -0.0679067 -0.0885936 1.40081 6.50801 158.466 
-0.367653 -0.0380955 100231 1 -0.415625 0.372115 485 0 1500 0.0343381 -0.0848154 -0.0937364 1.16684 6.52173 158.394 
-0.416443 -0.0941174 100271 1 -0.401042 0.370192 486 0 1501 0.0328034 -0.0832169 -0.0949641 1.11698 6.50385 158.166 
-0.338895 -0.159682 100351 1 -0.4 0.369231 487 0 1503 0.0312208 -0.0823807 -0.101904 0.918924 6.50881 157.407 
-0.292173 -0.161014 100432 1 -0.398438 0.369231 488 0 1505 0.0230463 -0.0856953 -0.117424 0.677085 6.51808 155.83 
-0.382021 -0.504331 100511 1 -0.398438 0.369231 489 0 1507 0.0160915 -0.0953324 -0.142053 0.365361 6.62576 153.73 
-11.6268 5.67448 100592 1 -0.398958 0.368269 490 0 1509 0.0127388 -0.101433 -0.13125 0.210771 6.48745 153.725 
-11.6268 5.67448 100592 1 -0.402083 0.366346 491 0 1509 0.0127388 -0.101433 -0.13125 0.210771 6.48745 153.725 
-0.222487 0.33296 100712 1 -0.404687 0.3625 492 0 1512 -0.00685212 -0.138979 -0.141333 -0.544895 6.42215 156.202 
-3.30941 0.250278 100793 1 -0.405729 0.361538 493 0 1514 -0.00360023 -0.166106 -0.11424 -0.9727 5.70148 155.893 
-0.214877 0.434954 100831 1 -0.405729 0.361538 494 0 1515 -0.000444515 -0.206346 -0.144373 -1.61744 5.49284 154.898 
-0.103781 0.515905 100912 1 -0.405729 0.361538 495 0 1517 -0.0127031 -0.218316 -0.1602 -2.07365 5.28163 155.947 
-0.103781 0.515905 100912 1 -0.405729 0.361538 496 0 1517 -0.0127031 -0.218316 -0.1602 -2.07365 5.28163 155.947 
-0.103781 0.515905 100912 1 -0.405729 0.361538 497 0 1517 -0.0127031 -0.218316 -0.1602 -2.07365 5.28163 155.947 
0.0233745 0.962029 101073 1 -0.405729 0.361538 498 1 1521 -0.0851021 -0.177741 -0.0911506 -3.1753 5.69417 159.058 
-0.181654 1.15489 101153 1 -0.405729 0.361538 499 1 1523 -0.104994 -0.160896 -0.0743151 -3.63947 5.84566 159.449 
0.250583 0.877385 101232 1 -0.405729 0.361538 500 1 1525 -0.0978066 -0.134966 -0.102186 -3.44385 5.85494 160.093 
0.250583 0.877385 101232 1 -0.405729 0.361538 501 1 1525 -0.0978066 -0.134966 -0.102186 -3.44385 5.85494 160.093 
0.225842 0.922187 101272 1 -0.40625 0.361538 502 1 1526 -0.095697 -0.130868 -0.1061 -3.38221 5.77957 159.965 
-0.106734 1.22844 101434 1 -0.409896 0.360577 503 0 1530 -0.0798591 -0.169262 -0.0488887 -2.96868 5.81132 159.88 
-0.209419 1.34102 101474 1 -0.410417 0.360577 504 0 1531 -0.0784328 -0.160525 -0.0361445 -2.70881 5.84683 159.345 
-0.205412 1.38275 101554 1 -0.410417 0.360577 505 0 1533 -0.0699404 -0.18356 -0.0259364 -2.4538 5.90623 159.248 
-0.265171 1.55765 101633 1 -0.410417 0.360577 506 0 1535 -0.0597808 -0.194944 -0.0301185 -2.19047 5.88489 158.556 
-0.111142 1.51153 101713 1 -0.410417 0.360577 507 0 1537 -0.0526582 -0.202944 -0.00519829 -1.88717 5.89033 158.287 
0.0660481 1.49898 101794 1 -0.361979 0.367308 508 0 1539 -0.046799 -0.206383 0.0166885 -1.46528 6.09028 158.451 
0.0991107 1.51782 101834 1 -0.161458 0.409615 509 0 1540 -0.0430771 -0.213374 0.0326303 -1.32629 6.05506 158.28 
0.0671353 1.42258 101954 1 0.126562 0.427885 510 0 1543 -0.0335384 -0.240505 0.0400301 -1.06891 6.1227 157.896 
0.0390034 1.36764 102034 1 0.285938 0.332692 511 0 1545 -0.0311315 -0.257045 0.0343211 -0.953623 6.31759 157.523 
0.123215 1.46743 102115 1 0.316667 0.170192 512 0 1547 -0.0275684 -0.26632 0.0624949 -0.835916 6.18604 157.489 
0.203007 1.19216 102154 1 0.332813 0.0105769 513 1 1548 -0.0247348 -0.272425 0.0571368 -0.803607 6.25897 157.441 
0.203007 1.19216 102154 1 0.340625 0 514 1 1548 -0.0247348 -0.272425 0.0571368 -0.803607 6.25897 157.441 
0.238911 1.05426 102316 1 0.390625 0.00576923 515 1 1552 -0.0210751 -0.295956 0.0520736 -0.809687 6.44284 157.536 
0.32553 0.63728 102395 1 0.4125 0.0173077 516 1 1554 -0.0173054 -0.30167 0.055475 -0.83321 6.45538 157.84 
0.398593 0.735758 102475 1 0.422396 0.0317308 517 1 1556 -0.0188216 -0.295225 0.0607373 -0.797298 6.41592 157.091 
0.463544 0.608964 102555 1 0.430208 0.0394231 518 1 1558 -0.0202824 -0.29648 0.0456279 -0.826219 6.6414 157.153 
0.531701 0.329614 102636 1 0.45 0.0490385 519 1 1560 -0.0138008 -0.285245 0.0530428 -0.809041 6.67014 156.91 
0.56656 0.251607 102715 1 0.48125 0.05 520 1 1562 -0.0119914 -0.286308 0.0427912 -0.845959 6.76074 157.112 
0.586531 0.320774 102755 1 0.486458 0.0519231 521 1 1563 -0.00425343 -0.2836 0.0335261 -0.909045 6.82919 156.849 
0.471586 0.111403 102836 1 0.488542 0.0528846 522 1 1565 -0.00111795 -0.283054 0.0234829 -1.07469 6.91167 156.264 
0.421056 0.398274 102916 1 0.494271 0.0557692 523 1 1567 -0.00491494 -0.290783 0.0216057 -1.19887 6.89127 155.546 
0.374144 0.441008 102956 1 0.494271 0.0557692 524 1 1568 -0.00378604 -0.290561 0.0291971 -1.18663 6.79739 155.429 
0.415886 0.396088 103037 1 0.494271 0.0557692 525 1 1570 0.000588265 -0.26472 0.016305 -1.03055 6.85893 155.985 
0.465491 0.222492 103116 1 0.492708 0.0557692 526 1 1572 2.50468e-005 -0.253132 -0.00946084 -1.0197 6.98803 155.706 
0.447897 0.0311774 103236 1 0.395313 0.0557692 527 1 1575 -0.00245117 -0.234243 -0.0202763 -0.948021 6.88791 156.288 
0.373295 -0.259443 103317 1 0.194271 0.0461538 528 0 1577 -0.00121318 -0.206487 -0.0314637 -0.838742 6.93979 156.502 
0.366954 -0.100401 103357 1 0.11875 0.0298077 529 1 1578 0.000165913 -0.203155 -0.0180998 -0.84943 6.80457 156.826 
0.457527 0.117307 103437 1 0.117708 0.0240385 530 1 1580 0.00307193 -0.197967 -0.0309777 -0.878733 6.76649 156.747 
0.273642 -0.191613 103517 1 0.106771 0.0125 531 1 1582 0.00143848 -0.189686 -0.039986 -0.922654 6.79786 156.79 
-0.234641 -0.0212129 103597 1 0.107813 0.0105769 532 0 1584 0.00248191 -0.190846 -0.0285111 -1.00561 6.61147 157.135 
-0.192329 -0.0994119 103678 1 0.117188 0.0134615 533 1 1586 0.00291764 -0.18035 -0.0558867 -1.02383 6.66401 156.411 
-0.380986 0.0433131 103758 1 0.121354 0.0134615 534 0 1588 -0.00202 -0.189478 -0.0509794 -1.12606 6.53557 156.256 
-0.470232 0.331816 103798 1 0.121354 0.0134615 535 0 1589 -0.00846334 -0.207558 -0.042634 -1.24665 6.4153 156.263 
-0.34332 -0.216529 103877 1 0.121354 0.0134615 536 0 1591 -0.00942215 -0.210439 -0.0619649 -1.36544 6.5377 156.581 
-0.0383576 -0.287925 103958 1 0.121354 0.0134615 537 0 1593 -0.0138364 -0.206343 -0.05895 -1.5529 6.41666 157.175 
-0.149628 -0.157788 104078 1 0.120833 0.0134615 538 1 1596 -0.0381585 -0.222451 -0.085826 -2.00197 6.4943 156.543 
-0.197284 0.0646013 104159 1 0.147396 0.15 539 1 1598 -0.0490976 -0.221279 -0.0776489 -2.15857 6.40443 156.358 
-0.0857289 0.518661 104238 1 0.226563 0.3625 540 0 1600 -0.0595865 -0.213345 -0.0644378 -2.24616 6.32738 156.138 
-0.198021 0.730794 104319 1 0.232292 0.375962 541 1 1602 -0.0620797 -0.214696 -0.0635891 -2.32206 6.31579 155.655 
-0.247484 0.959007 104399 1 0.209896 0.343269 542 0 1604 -0.0650078 -0.207551 -0.0663654 -2.22665 6.34003 155.39 
-0.283823 0.832162 104480 1 0.175 0.296154 543 0 1606 -0.0627103 -0.206599 -0.0675254 -2.09699 6.37157 155.069 
-0.340187 0.697826 104519 1 0.164583 0.281731 544 0 1607 -0.0616615 -0.20825 -0.0735685 -2.05633 6.47372 155.045 
-0.321401 0.555602 104599 1 0.1625 0.277885 545 0 1609 -0.0599797 -0.202914 -0.0834815 -1.90873 6.57571 154.62 
-0.340883 0.551405 104639 1 0.1625 0.277885 546 0 1610 -0.0583564 -0.202277 -0.0712259 -1.84026 6.50203 154.551 
