ImageFile:
0.243767 0.28714 113460 1 0.669531 0.479412 1 1 1872 -0.0519934 0.0768614 -0.00513487 3.7186 3.43822 53.4163 
0.343033 0.316532 113616 1 0.694531 0.483824 2 1 1877 -0.052445 0.0752171 -0.00594698 3.69659 3.45137 53.4238 
0.467787 0.348823 113664 1 0.694531 0.483824 3 1 1878 -0.0527462 0.0772837 -0.00561051 3.71796 3.44919 53.4378 
0.467787 0.348823 113664 1 0.694531 0.483824 4 1 1878 -0.0527462 0.0772837 -0.00561051 3.71796 3.44919 53.4378 
0.467787 0.348823 113664 1 0.694531 0.483824 5 1 1878 -0.0527462 0.0772837 -0.00561051 3.71796 3.44919 53.4378 
0.467787 0.348823 113664 1 0.694531 0.483824 6 1 1878 -0.0527462 0.0772837 -0.00561051 3.71796 3.44919 53.4378 
0.463847 0.358195 113697 1 0.694531 0.483824 7 1 1879 -0.0529031 0.0768392 -0.00535959 3.71391 3.44443 53.4467 
0.469697 0.37938 113990 1 0.694531 0.488235 8 1 1888 -0.0522858 0.0767329 -0.00540061 3.71327 3.4416 53.446 
0.473673 0.378835 114103 1 0.732031 0.710294 9 1 1891 -0.0521281 0.077468 -0.00589086 3.72516 3.44784 53.4586 
0.317999 0.357128 114194 1 0.738281 0.773529 10 1 1894 -0.0520778 0.0762136 -0.00564004 3.70543 3.44851 53.4511 
0.309099 0.351975 114257 1 0.738281 0.775 11 1 1896 -0.051661 0.0737719 -0.0059632 3.6839 3.43572 53.4515 
0.308134 0.376637 114321 1 0.738281 0.775 12 1 1898 -0.0502709 0.0730302 -0.00629692 3.6742 3.46035 53.4475 
0.467837 0.451629 114354 1 0.739062 0.775 13 1 1899 -0.0511351 0.0732824 -0.0063673 3.68644 3.45473 53.4766 
0.794651 0.735187 114432 1 0.739062 0.792647 14 1 1901 -0.0490531 0.0775088 -0.00595307 3.72764 3.43027 53.4086 
0.799654 0.774787 114533 1 0.732812 0.807353 15 1 1904 -0.0488907 0.0775386 -0.00734888 3.73163 3.4419 53.4428 
0.753478 0.835889 114594 1 0.732812 0.807353 16 1 1906 -0.047891 0.074304 -0.00684066 3.68942 3.44032 53.401 
0.765109 0.834768 114689 1 0.732812 0.807353 17 1 1909 -0.0484162 0.0764524 -0.00693171 3.71711 3.42942 53.4085 
0.752218 0.873386 114768 1 0.732812 0.807353 18 1 1911 -0.0468832 0.0745411 -0.00704641 3.69554 3.44186 53.4173 
0.751616 0.872554 114833 1 0.732812 0.807353 19 1 1913 -0.0477558 0.0740672 -0.00598546 3.69326 3.41562 53.4053 
0.720841 0.908508 114897 1 0.732812 0.807353 20 1 1915 -0.0469949 0.0745118 -0.00522653 3.69395 3.41821 53.3944 
0.526443 1.06282 114929 1 0.732812 0.807353 21 1 1916 -0.0475208 0.0753261 0.0013714 3.699 3.32758 53.3677 
0.384505 1.33589 114961 1 0.727344 0.836765 22 0 1917 -0.0455641 0.0724884 0.00627306 3.66006 3.2523 53.3185 
0.389621 0.831616 115059 1 0.7 0.951471 23 1 1920 -0.044987 0.0743086 0.00558129 3.68361 3.27139 53.3613 
0.382492 0.605692 115170 1 0.678125 1.02941 24 1 1923 -0.0464321 0.073329 -0.000225528 3.67568 3.3598 53.3734 
0.393499 0.48175 115265 1 0.682813 1.04559 25 1 1926 -0.0478384 0.0748279 -0.00272009 3.69776 3.38692 53.395 
0.39419 0.437133 115361 1 0.703125 1.03088 26 1 1929 -0.0493135 0.0750053 -0.00378027 3.70481 3.3995 53.4438 
0.395122 0.457631 115394 1 0.729688 1.00441 27 1 1930 -0.0482066 0.0749037 -0.00333584 3.69767 3.39602 53.4015 
0.389979 0.42717 115509 1 0.735938 1 28 1 1933 -0.0497305 0.0742554 -0.00340427 3.69822 3.39891 53.4658 
0.39504 0.408794 115634 1 0.747656 0.992647 29 1 1937 -0.0500903 0.0754184 -0.00454832 3.71245 3.41478 53.4685 
0.394682 0.427633 115669 1 0.759375 0.986765 30 1 1938 -0.0493559 0.075121 -0.00354354 3.70525 3.40286 53.4414 
0.392664 0.424032 115730 1 0.765625 0.983824 31 1 1940 -0.0490427 0.0739994 -0.00386793 3.69013 3.41539 53.4527 
0.393043 0.419118 115809 1 0.769531 0.983824 32 1 1942 -0.0491135 0.0740343 -0.00431569 3.69002 3.41092 53.425 
0.455214 0.455754 115843 1 0.775781 0.983824 33 1 1943 -0.0490126 0.0746418 -0.00394063 3.69599 3.41483 53.4246 
0.789041 0.824785 115937 1 0.782813 0.989706 34 1 1946 -0.0482635 0.0752801 -0.00566965 3.70481 3.42425 53.4152 
0.785802 0.864126 116000 1 0.783594 0.989706 35 1 1948 -0.0474066 0.0739789 -0.00635147 3.68781 3.43233 53.3992 
0.789502 0.882441 116065 1 0.786719 0.992647 36 1 1950 -0.0471206 0.0735528 -0.00566644 3.68119 3.41308 53.3795 
0.787623 0.905527 116131 1 0.786719 0.992647 37 1 1952 -0.0472684 0.0731111 -0.00543804 3.67725 3.41995 53.3974 
0.785106 0.904111 116215 1 0.786719 0.992647 38 1 1954 -0.0474257 0.0735216 -0.00569432 3.6805 3.41433 53.3811 
0.771748 0.908244 116306 1 0.792969 0.992647 39 1 1957 -0.0477187 0.0733899 -0.00613442 3.68226 3.4229 53.4167 
0.773633 0.933586 116369 1 0.795312 0.988235 40 1 1959 -0.0467434 0.0731424 -0.0062966 3.67809 3.42148 53.3889 
0.779559 0.936591 116433 1 0.795312 0.988235 41 1 1961 -0.0470267 0.0743818 -0.00543435 3.69395 3.41286 53.4146 
0.779043 0.94317 116467 1 0.795312 0.988235 42 1 1962 -0.0468476 0.074264 -0.0053155 3.69144 3.40818 53.4216 
0.777466 0.946881 116547 1 0.795312 0.988235 43 1 1964 -0.0465437 0.0739785 -0.00541974 3.68497 3.41429 53.4087 
0.769966 0.942223 116610 1 0.795312 0.988235 44 1 1966 -0.047069 0.0729665 -0.00468661 3.67384 3.40547 53.4192 
0.773526 0.944409 116674 1 0.795312 0.988235 45 1 1968 -0.0465243 0.0729417 -0.00552069 3.67497 3.41872 53.4211 
0.773958 0.938184 116769 1 0.795312 0.988235 46 1 1971 -0.0466316 0.0733312 -0.00661491 3.67731 3.42771 53.424 
0.775009 0.937514 116833 1 0.795312 0.988235 47 1 1973 -0.0464542 0.0730352 -0.00563364 3.67704 3.42143 53.4316 
0.782333 0.940985 116915 1 0.795312 0.988235 48 1 1975 -0.0470435 0.0752697 -0.00515775 3.69726 3.41406 53.422 
0.782333 0.940985 116915 1 0.795312 0.988235 49 1 1975 -0.0470435 0.0752697 -0.00515775 3.69726 3.41406 53.422 
0.782333 0.940985 116915 1 0.795312 0.988235 50 1 1975 -0.0470435 0.0752697 -0.00515775 3.69726 3.41406 53.422 
0.782333 0.940985 116915 1 0.795312 0.988235 51 1 1975 -0.0470435 0.0752697 -0.00515775 3.69726 3.41406 53.422 
0.782333 0.940985 116915 1 0.796094 0.988235 52 1 1975 -0.0470435 0.0752697 -0.00515775 3.69726 3.41406 53.422 
0.782333 0.940985 116915 1 0.805469 0.986765 53 1 1975 -0.0470435 0.0752697 -0.00515775 3.69726 3.41406 53.422 
0.793858 0.924046 117315 1 0.808594 0.986765 54 1 1987 -0.0471521 0.0755262 -0.00608465 3.70235 3.423 53.4376 
0.794531 0.930222 117412 1 0.814063 0.986765 55 1 1990 -0.047592 0.075775 -0.00423297 3.70423 3.40414 53.4336 
0.795042 0.924952 117441 1 0.820313 0.986765 56 1 1991 -0.0480775 0.0759741 -0.00477785 3.70299 3.40659 53.3796 
0.794293 0.914069 117538 1 0.822656 0.983824 57 1 1994 -0.0482653 0.0745266 -0.00471357 3.68899 3.41084 53.3988 
0.79351 0.919143 117617 1 0.822656 0.983824 58 1 1996 -0.0472057 0.0746624 -0.00521358 3.68953 3.41651 53.387 
0.79064 0.920589 117681 1 0.822656 0.983824 59 1 1998 -0.0477965 0.0750227 -0.00503035 3.69575 3.41453 53.4062 
0.788 0.9241 117714 1 0.822656 0.983824 60 1 1999 -0.04783 0.0747436 -0.00542559 3.69031 3.41416 53.393 
0.577795 1.24469 117809 1 0.822656 0.983824 61 0 2002 -0.0472896 0.0747738 0.00355351 3.6816 3.30127 53.3426 
0.27245 1.36046 117873 1 0.822656 0.983824 62 0 2004 -0.0445167 0.0719442 0.00750278 3.64179 3.24109 53.2738 
0.322391 1.11342 117953 1 0.822656 0.983824 63 1 2006 -0.0445825 0.0729954 0.00738816 3.65791 3.245 53.3106 
0.342969 0.866758 118017 1 0.822656 0.983824 64 1 2008 -0.0454453 0.0747794 0.00394184 3.68025 3.29066 53.3413 
0.337266 0.694261 118082 1 0.822656 0.983824 65 1 2010 -0.0466288 0.0749319 0.0006989 3.68755 3.33872 53.3935 
0.34701 0.608088 118177 1 0.822656 0.983824 66 1 2013 -0.0472342 0.0760144 -0.000956735 3.70623 3.36325 53.4101 
0.346451 0.58204 118210 1 0.822656 0.983824 67 1 2014 -0.0481423 0.0760459 -0.000993084 3.7085 3.36822 53.4173 
0.344316 0.555353 118275 1 0.822656 0.983824 68 1 2016 -0.0485122 0.0754922 -0.00186472 3.6999 3.37945 53.4186 
0.337422 0.523501 118354 1 0.822656 0.983824 69 1 2018 -0.0488923 0.0736691 -0.00274256 3.68013 3.39596 53.4395 
0.34136 0.49269 118419 1 0.822656 0.983824 70 1 2020 -0.04993 0.0744241 -0.0038967 3.69163 3.41004 53.4451 
0.350388 0.487701 118513 1 0.822656 0.983824 71 1 2023 -0.0495335 0.07528 -0.0037994 3.70191 3.41035 53.4396 
0.347788 0.476266 118577 1 0.822656 0.983824 72 1 2025 -0.049404 0.0741191 -0.00533467 3.69057 3.42529 53.4346 
0.356926 0.474331 118642 1 0.822656 0.983824 73 1 2027 -0.0499801 0.0763668 -0.00485381 3.71395 3.4217 53.4425 
0.350589 0.46183 118721 1 0.822656 0.983824 74 1 2029 -0.0499582 0.0748735 -0.004884 3.69857 3.42309 53.441 
0.354437 0.466658 118785 1 0.822656 0.983824 75 1 2031 -0.0497155 0.0748831 -0.00499067 3.69886 3.4248 53.4446 
0.353643 0.463416 118819 1 0.822656 0.983824 76 1 2032 -0.0500243 0.0750072 -0.00462561 3.7011 3.4195 53.4518 
0.354462 0.453703 118883 1 0.822656 0.983824 77 1 2034 -0.0498517 0.0749329 -0.00570028 3.70128 3.43267 53.4548 
0.356282 0.456057 118977 1 0.822656 0.983824 78 1 2037 -0.0504243 0.0755937 -0.00445072 3.71269 3.41952 53.4699 
0.355558 0.451957 119057 1 0.822656 0.983824 79 1 2039 -0.0499275 0.0749685 -0.00526424 3.70337 3.42564 53.4642 
0.350983 0.446823 119121 1 0.822656 0.983824 80 1 2041 -0.0502897 0.0739221 -0.00479307 3.69235 3.42239 53.4648 
0.353928 0.451387 119185 1 0.822656 0.983824 81 1 2043 -0.0505171 0.0751208 -0.00407978 3.7024 3.41842 53.4707 
0.360865 0.44494 119249 1 0.822656 0.983824 82 1 2045 -0.0496269 0.0748093 -0.00572438 3.70092 3.43206 53.4463 
0.359185 0.445024 119313 1 0.822656 0.983824 83 1 2047 -0.0501812 0.0751533 -0.00512432 3.70374 3.42668 53.4565 
0.365951 0.421346 119392 1 0.822656 0.983824 84 1 2049 -0.0503942 0.075429 -0.0060136 3.71005 3.44015 53.4573 
0.361724 0.429559 119457 1 0.822656 0.983824 85 1 2051 -0.0499619 0.0748565 -0.00601393 3.70138 3.43891 53.4589 
0.356761 0.428491 119521 1 0.822656 0.983824 86 1 2053 -0.0500941 0.0734988 -0.00586572 3.68446 3.43807 53.4577 
0.392718 0.420981 119585 1 0.822656 0.983824 87 1 2055 -0.0498328 0.0752052 -0.00587731 3.70439 3.43752 53.4644 
0.397179 0.419955 119653 1 0.822656 0.983824 88 1 2057 -0.0498162 0.0750946 -0.00644189 3.70361 3.44518 53.4644 
0.398618 0.427361 119719 1 0.822656 0.983824 89 1 2059 -0.0500126 0.0753985 -0.00573974 3.70604 3.43466 53.461 
0.399476 0.429269 119794 1 0.822656 0.983824 90 1 2061 -0.0504224 0.0755519 -0.00526573 3.70928 3.43277 53.4765 
0.394398 0.42614 119857 1 0.822656 0.983824 91 1 2063 -0.0505225 0.0751547 -0.00565969 3.70718 3.43694 53.4955 
0.398598 0.431509 119922 1 0.822656 0.983824 92 1 2065 -0.050124 0.0753335 -0.00548154 3.71008 3.43628 53.5072 
0.397892 0.432677 119985 1 0.822656 0.983824 93 1 2067 -0.0503108 0.0757132 -0.00525018 3.71387 3.43127 53.4968 
0.417224 0.421398 120051 1 0.824219 0.980882 94 1 2069 -0.0504414 0.0747793 -0.00489015 3.70576 3.43025 53.4999 
0.461804 0.411469 120099 1 0.847656 0.919118 95 1 2070 -0.0505328 0.075169 -0.00481301 3.70707 3.42651 53.4986 
0.457831 0.393643 120164 1 0.953906 0.683824 96 1 2072 -0.0505647 0.0742786 -0.0053796 3.69793 3.43943 53.5154 
0.180735 0.264448 120226 1 0.999219 0.425 97 1 2074 -0.0518303 0.0736073 -0.00604234 3.69145 3.44733 53.5187 
0.180735 0.264448 120226 1 0.999219 0.398529 98 1 2074 -0.0518303 0.0736073 -0.00604234 3.69145 3.44733 53.5187 
0.180735 0.264448 120226 1 0.999219 0.420588 99 1 2074 -0.0518303 0.0736073 -0.00604234 3.69145 3.44733 53.5187 
0.180735 0.264448 120226 1 0.999219 0.469118 100 1 2074 -0.0518303 0.0736073 -0.00604234 3.69145 3.44733 53.5187 
0.180735 0.264448 120226 1 0.999219 0.488235 101 1 2074 -0.0518303 0.0736073 -0.00604234 3.69145 3.44733 53.5187 
0.0822777 0.174725 120625 1 0.999219 0.489706 102 1 2086 -0.0530332 0.0741614 -0.00453491 3.70074 3.4422 53.5582 
0.0827104 0.181526 120691 1 0.999219 0.489706 103 1 2088 -0.0519953 0.074845 -0.00558142 3.70597 3.45328 53.5418 
0.0778031 0.161043 120755 1 0.999219 0.489706 104 1 2090 -0.0519337 0.0735416 -0.00620541 3.6956 3.45829 53.547 
0.0636092 0.153337 120833 1 0.999219 0.489706 105 1 2092 -0.0523802 0.0745591 -0.00530383 3.70779 3.45143 53.5512 
0.0654858 0.154113 120896 1 0.999219 0.489706 106 1 2094 -0.0525606 0.0749894 -0.00504587 3.71291 3.44801 53.5554 
0.0634794 0.156265 120962 1 0.999219 0.489706 107 1 2096 -0.0525245 0.0753583 -0.00498298 3.71074 3.45014 53.5571 
0.0685459 0.14676 121025 1 0.999219 0.489706 108 1 2098 -0.0527692 0.0759309 -0.00542129 3.7196 3.44929 53.544 
0.0661378 0.162558 121091 1 0.999219 0.489706 109 1 2100 -0.052047 0.075588 -0.0050381 3.71571 3.45478 53.557 
0.0695921 0.141368 121169 1 0.999219 0.489706 110 1 2102 -0.0525351 0.0762445 -0.00521126 3.72516 3.44228 53.5316 
0.0755713 0.14811 121266 1 0.999219 0.489706 111 1 2105 -0.0526073 0.0770653 -0.0049053 3.73342 3.44071 53.5523 
0.0690726 0.142522 121298 1 0.999219 0.489706 112 1 2106 -0.052641 0.0764361 -0.00481548 3.72488 3.4398 53.5389 
0.0674992 0.146122 121393 1 0.999219 0.489706 113 1 2109 -0.0521819 0.0758131 -0.00496488 3.72035 3.44566 53.5523 
0.0737993 0.155217 121457 1 0.999219 0.489706 114 1 2111 -0.0520343 0.0767516 -0.00530488 3.72708 3.44763 53.5271 
0.0716777 0.162151 121537 1 0.999219 0.489706 115 1 2113 -0.0519566 0.0764917 -0.00402942 3.72773 3.43237 53.5572 
0.0683873 0.161509 121601 1 0.999219 0.489706 116 1 2115 -0.0518217 0.076263 -0.00354699 3.7233 3.42645 53.5602 
0.0749728 0.176758 121664 1 0.999219 0.489706 117 1 2117 -0.0513119 0.0762803 -0.00393512 3.72155 3.43291 53.5195 
0.0758709 0.152892 121761 1 0.999219 0.489706 118 1 2120 -0.0526453 0.0774452 -0.00316358 3.7377 3.4217 53.5506 
0.0786448 0.164171 121794 1 0.999219 0.489706 119 1 2121 -0.0515069 0.0768154 -0.00384004 3.72894 3.42962 53.5236 
0.0749111 0.166978 121864 1 0.999219 0.489706 120 1 2123 -0.0518047 0.0764292 -0.00429902 3.72544 3.43754 53.5474 
0.151687 0.162127 121971 1 0.999219 0.489706 121 1 2126 -0.0520113 0.0761092 -0.00371833 3.72176 3.42671 53.5372 
0.537214 0.153406 122004 1 0.999219 0.489706 122 1 2127 -0.0508187 0.0784475 -0.00415197 3.74859 3.43616 53.5498 
0.988967 0.369159 122130 1 0.999219 0.489706 123 1 2131 -0.0489603 0.0830731 -0.00261329 3.79698 3.40886 53.5241 
0.961903 0.249489 122196 1 0.999219 0.489706 124 1 2133 -0.0499922 0.083534 -0.00435553 3.80308 3.42804 53.5602 
0.93612 0.207438 122307 1 0.999219 0.489706 125 1 2136 -0.0491442 0.080642 -0.00479707 3.77085 3.43775 53.5427 
0.942212 0.1729 122372 1 0.999219 0.489706 126 1 2138 -0.0496729 0.081379 -0.0050124 3.78124 3.43571 53.5554 
0.949751 0.175104 122435 1 0.999219 0.489706 127 1 2140 -0.0497634 0.0807245 -0.00472438 3.77069 3.43907 53.5411 
0.95625 0.16071 122529 1 0.999219 0.489706 128 1 2143 -0.050106 0.0811167 -0.00453424 3.77487 3.4348 53.5265 
0.952122 0.166119 122563 1 0.999219 0.489706 129 1 2144 -0.0496879 0.0804741 -0.00456107 3.76505 3.43929 53.5242 
0.955181 0.151751 122674 1 0.999219 0.489706 130 1 2147 -0.0497336 0.0807701 -0.00475687 3.77058 3.43647 53.5268 
0.948238 0.139781 122738 1 0.999219 0.489706 131 1 2149 -0.0501214 0.0805265 -0.00528785 3.76603 3.45108 53.5556 
0.944949 0.143686 122802 1 0.999219 0.489706 132 1 2151 -0.0503222 0.0805362 -0.00485372 3.7673 3.43859 53.5259 
0.946967 0.145217 122864 1 0.999219 0.489706 133 1 2153 -0.0493337 0.0800386 -0.00549904 3.75925 3.45139 53.5304 
0.951078 0.138868 122945 1 0.999219 0.489706 134 1 2155 -0.0501348 0.0811804 -0.00514707 3.77444 3.44404 53.5402 
0.94673 0.141619 123009 1 0.999219 0.489706 135 1 2157 -0.0501131 0.0808976 -0.00481549 3.77041 3.44575 53.5502 
0.951169 0.152418 123073 1 0.999219 0.489706 136 1 2159 -0.050141 0.0811838 -0.00409931 3.77145 3.43412 53.5419 
0.949236 0.140993 123137 1 0.999219 0.489706 137 1 2161 -0.0503642 0.0809884 -0.00449598 3.77122 3.4424 53.5606 
0.955234 0.14165 123201 1 0.999219 0.489706 138 1 2163 -0.0503644 0.0821164 -0.00491273 3.78506 3.44507 53.5596 
0.94923 0.139101 123265 1 0.999219 0.489706 139 1 2165 -0.0500881 0.0803373 -0.00533437 3.7635 3.45244 53.5728 
0.958241 0.138552 123345 1 0.999219 0.489706 140 1 2167 -0.0500152 0.0811728 -0.00543318 3.77125 3.45132 53.5586 
0.956965 0.141636 123409 1 0.999219 0.489706 141 1 2169 -0.0503212 0.0804064 -0.00464363 3.76098 3.44697 53.5612 
0.955432 0.134869 123473 1 0.999219 0.489706 142 1 2171 -0.0507427 0.0804008 -0.00512501 3.7624 3.45009 53.5536 
0.956171 0.13108 123537 1 0.999219 0.489706 143 1 2173 -0.0504683 0.0800024 -0.00527828 3.75881 3.45481 53.553 
0.956171 0.13108 123537 1 0.999219 0.489706 144 1 2173 -0.0504683 0.0800024 -0.00527828 3.75881 3.45481 53.553 
0.956171 0.13108 123537 1 0.999219 0.489706 145 1 2173 -0.0504683 0.0800024 -0.00527828 3.75881 3.45481 53.553 
0.956171 0.13108 123537 1 0.999219 0.489706 146 1 2173 -0.0504683 0.0800024 -0.00527828 3.75881 3.45481 53.553 
0.956171 0.13108 123537 1 0.999219 0.489706 147 1 2173 -0.0504683 0.0800024 -0.00527828 3.75881 3.45481 53.553 
0.959705 0.135292 123568 1 0.999219 0.489706 148 1 2174 -0.0505092 0.0812737 -0.00527036 3.77251 3.45338 53.5573 
0.96224 0.122218 123968 1 0.999219 0.489706 149 1 2186 -0.0502749 0.0812843 -0.00503453 3.77372 3.45302 53.5778 
0.969018 0.213388 124018 1 0.999219 0.489706 150 1 2187 -0.050629 0.0818986 -0.00470075 3.7808 3.4465 53.5626 
0.955303 0.887125 124081 1 0.999219 0.489706 151 1 2189 -0.0484914 0.0789121 -0.00329742 3.74496 3.41629 53.525 
0.949839 0.895802 124177 1 0.999219 0.489706 152 1 2192 -0.0477128 0.077289 -0.00379948 3.72421 3.41314 53.5008 
0.956131 0.913312 124242 1 0.999219 0.489706 153 1 2194 -0.0474033 0.0771248 -0.00436771 3.72147 3.4189 53.4969 
0.959854 0.929472 124305 1 0.999219 0.489706 154 1 2196 -0.0467521 0.0773403 -0.00591325 3.72099 3.43319 53.4948 
0.958109 0.926298 124337 1 0.999219 0.489706 155 1 2197 -0.0471057 0.0768374 -0.0056061 3.71815 3.43144 53.5018 
0.961719 0.938902 124417 1 0.999219 0.489706 156 1 2199 -0.0468979 0.0766723 -0.00572401 3.71502 3.42929 53.4944 
0.971978 0.932286 124482 1 0.999219 0.489706 157 1 2201 -0.0467357 0.0781437 -0.00547007 3.73153 3.42887 53.4883 
0.966886 0.936325 124546 1 0.999219 0.489706 158 1 2203 -0.0466773 0.0781119 -0.00543882 3.73162 3.427 53.4836 
0.958234 0.942771 124610 1 0.999219 0.489706 159 1 2205 -0.0467574 0.0768717 -0.00522923 3.71532 3.42222 53.4779 
0.962467 0.940266 124675 1 0.999219 0.489706 160 1 2207 -0.0465508 0.0783634 -0.00560537 3.73289 3.42596 53.478 
0.956096 0.938246 124752 1 0.999219 0.489706 161 1 2209 -0.047047 0.0780002 -0.00528546 3.7273 3.42485 53.4846 
0.960375 0.940419 124816 1 0.999219 0.489706 162 1 2211 -0.047039 0.0784025 -0.00529076 3.73233 3.42364 53.4927 
0.960442 0.943103 124881 1 0.999219 0.489706 163 1 2213 -0.0467386 0.0783031 -0.00566551 3.72871 3.42479 53.4792 
0.968646 0.948006 124946 1 0.999219 0.489706 164 1 2215 -0.0471592 0.0794454 -0.00468752 3.74374 3.41716 53.4959 
0.959986 0.9539 125010 1 0.999219 0.489706 165 1 2217 -0.0466857 0.0780042 -0.00437062 3.72815 3.4125 53.4903 
0.957959 0.956275 125090 1 0.999219 0.489706 166 1 2219 -0.046582 0.0777004 -0.00539911 3.7223 3.42054 53.4919 
0.953875 0.953037 125154 1 0.999219 0.489706 167 1 2221 -0.0470064 0.0770673 -0.00487852 3.7183 3.41677 53.4883 
0.956357 0.951065 125217 1 0.999219 0.489706 168 1 2223 -0.0469763 0.0773921 -0.00485273 3.7201 3.4187 53.4856 
0.957431 0.942063 125280 1 0.999219 0.489706 169 1 2225 -0.0458666 0.0759127 -0.0060616 3.70646 3.4312 53.4804 
0.96298 0.954579 125345 1 0.999219 0.489706 170 1 2227 -0.0467295 0.0766716 -0.00531753 3.70805 3.42187 53.4736 
0.967896 0.959148 125411 1 0.999219 0.489706 171 1 2229 -0.0467699 0.0773649 -0.0047214 3.71389 3.41654 53.4776 
0.968891 0.961701 125489 1 0.999219 0.489706 172 1 2231 -0.0465158 0.0771161 -0.00541021 3.71439 3.42317 53.4701 
0.973425 0.962417 125554 1 0.999219 0.489706 173 1 2233 -0.045997 0.076721 -0.00537629 3.72025 3.42201 53.4771 
0.961209 0.961458 125649 1 0.999219 0.489706 174 1 2236 -0.0465309 0.0774428 -0.00541722 3.72259 3.42149 53.4713 
0.959336 0.951536 125681 1 0.999219 0.489706 175 1 2237 -0.0465672 0.0772418 -0.00555907 3.71634 3.42606 53.4831 
0.956433 0.953124 125747 1 0.999219 0.489706 176 1 2239 -0.046546 0.0761048 -0.00575725 3.70306 3.42495 53.4721 
0.955864 0.957674 125825 1 0.999219 0.489706 177 1 2241 -0.0466958 0.0755137 -0.00469277 3.69992 3.41444 53.474 
0.955895 0.941996 125889 1 0.999219 0.489706 178 1 2243 -0.0467601 0.076557 -0.00551979 3.71789 3.42529 53.4911 
0.742197 0.917291 125955 1 0.999219 0.489706 179 1 2245 -0.04706 0.0780717 -0.00360599 3.73001 3.40257 53.4774 
0.298308 0.855965 125984 1 0.999219 0.489706 180 1 2246 -0.0484532 0.0758867 -0.00241955 3.70503 3.39006 53.4942 
0.120939 0.894178 126080 1 0.999219 0.489706 181 1 2249 -0.0480642 0.0757116 -0.00322248 3.70286 3.39926 53.4771 
0.101512 0.912668 126161 1 0.999219 0.489706 182 1 2251 -0.0475237 0.0773491 -0.00213949 3.71835 3.38785 53.4733 
0.0658668 0.907613 126225 1 0.999219 0.489706 183 1 2253 -0.0478292 0.074628 -0.00262206 3.69003 3.39721 53.4883 
0.0661408 0.898344 126289 1 0.999219 0.489706 184 1 2255 -0.0485031 0.0753889 -0.00223994 3.69551 3.39374 53.4895 
0.0684393 0.904777 126353 1 0.999219 0.489706 185 1 2257 -0.047859 0.0743898 -0.00224293 3.68561 3.39472 53.4749 
0.0599383 0.895 126449 1 0.999219 0.489706 186 1 2260 -0.048274 0.0752124 -0.00257526 3.6928 3.4021 53.4927 
0.0584604 0.89182 126481 1 0.999219 0.489706 187 1 2261 -0.048439 0.0755312 -0.00324362 3.69691 3.40997 53.4983 
0.0598637 0.889221 126561 1 0.999219 0.489706 188 1 2263 -0.0483562 0.074949 -0.00315043 3.69523 3.40816 53.4983 
0.0619798 0.902742 126625 1 0.999219 0.489706 189 1 2265 -0.0482402 0.0748693 -0.00291502 3.69216 3.40636 53.4913 
0.051505 0.901737 126689 1 0.999219 0.489706 190 1 2267 -0.0488234 0.0739044 -0.00268283 3.68107 3.40178 53.4894 
0.0567387 0.892075 126752 1 0.999219 0.489706 191 1 2269 -0.0488829 0.0749758 -0.00315194 3.69105 3.41167 53.4965 
0.0586924 0.893532 126818 1 0.999219 0.489706 192 1 2271 -0.0489749 0.0745774 -0.0033012 3.68906 3.40921 53.4983 
0.0566835 0.898178 126848 1 0.999219 0.489706 193 1 2272 -0.0493259 0.0751842 -0.00235356 3.69638 3.40144 53.5002 
0.0566835 0.898178 126848 1 0.999219 0.489706 194 1 2272 -0.0493259 0.0751842 -0.00235356 3.69638 3.40144 53.5002 
0.0566835 0.898178 126848 1 0.999219 0.489706 195 1 2272 -0.0493259 0.0751842 -0.00235356 3.69638 3.40144 53.5002 
0.0566835 0.898178 126848 1 0.999219 0.489706 196 1 2272 -0.0493259 0.0751842 -0.00235356 3.69638 3.40144 53.5002 
0.0566835 0.898178 126848 1 0.999219 0.489706 197 1 2272 -0.0493259 0.0751842 -0.00235356 3.69638 3.40144 53.5002 
0.059399 0.886665 127233 1 0.999219 0.489706 198 1 2283 -0.0495259 0.0751352 -0.00406967 3.69699 3.42112 53.5149 
0.0664482 0.909295 127297 1 0.999219 0.489706 199 1 2285 -0.0484616 0.0748705 -0.00341413 3.69462 3.4149 53.495 
0.0596484 0.899146 127361 1 0.999219 0.489706 200 1 2287 -0.0493277 0.0736976 -0.00388548 3.68499 3.41786 53.504 
0.054157 0.895737 127425 1 0.999219 0.489706 201 1 2289 -0.0490827 0.0724556 -0.00495796 3.6701 3.43136 53.5061 
0.062055 0.905731 127489 1 0.999219 0.489706 202 1 2291 -0.0486261 0.0730931 -0.00462605 3.67806 3.42341 53.4985 
0.0581975 0.909789 127552 1 0.999219 0.489706 203 1 2293 -0.0484636 0.0723467 -0.00436105 3.66875 3.42225 53.5011 
0.0589196 0.893814 127633 1 0.999219 0.489706 204 1 2295 -0.0493631 0.0729712 -0.00485576 3.67807 3.42704 53.5072 
0.0664243 0.900925 127698 1 0.999219 0.489706 205 1 2297 -0.0483955 0.0735052 -0.00488857 3.68321 3.42701 53.5049 
0.0672664 0.913786 127763 1 0.999219 0.489706 206 1 2299 -0.0478039 0.0731825 -0.00510582 3.67984 3.42486 53.4999 
0.0686585 0.913515 127857 1 0.999219 0.489706 207 1 2302 -0.0481763 0.0730621 -0.00564882 3.6774 3.4308 53.4906 
0.0629775 0.912332 127920 1 0.999219 0.489706 208 1 2304 -0.0488816 0.0717034 -0.00448634 3.66059 3.4217 53.492 
0.258534 0.731149 127969 1 0.999219 0.489706 209 1 2305 -0.0488914 0.0729112 -0.00335235 3.67499 3.41014 53.4907 
0.468651 0.5971 128033 1 0.999219 0.489706 210 1 2307 -0.0491044 0.0762265 -0.00316286 3.71303 3.40908 53.5011 
0.472501 0.604747 128129 1 0.999219 0.489706 211 1 2310 -0.048598 0.0761598 -0.00274889 3.71091 3.40515 53.5085 
0.47906 0.59437 128193 1 0.999219 0.489706 212 1 2312 -0.0490583 0.0763524 -0.00299714 3.71219 3.40842 53.5158 
0.4988 0.582805 128257 1 0.999219 0.489706 213 1 2314 -0.0485766 0.0769779 -0.00337644 3.71906 3.41231 53.5048 
0.498882 0.58642 128337 1 0.999219 0.489706 214 1 2316 -0.0487493 0.076063 -0.00294347 3.71049 3.40406 53.4998 
0.499257 0.565134 128402 1 0.999219 0.489706 215 1 2318 -0.0492996 0.0767976 -0.00318438 3.71794 3.41252 53.519 
0.502242 0.559226 128465 1 0.999219 0.489706 216 1 2320 -0.0493321 0.0768523 -0.00416703 3.71848 3.42059 53.5149 
0.501326 0.566841 128529 1 0.999219 0.489706 217 1 2322 -0.0492506 0.0767307 -0.00379826 3.71645 3.41483 53.5047 
0.496916 0.561875 128593 1 0.999219 0.489706 218 1 2324 -0.0494424 0.0757906 -0.00355482 3.70785 3.41296 53.5099 
0.499501 0.561358 128672 1 0.999219 0.489706 219 1 2326 -0.0500313 0.076606 -0.00364507 3.71475 3.41438 53.5165 
0.499348 0.56949 128737 1 0.999219 0.489706 220 1 2328 -0.0495839 0.0759645 -0.00370555 3.70579 3.41272 53.5043 
0.500804 0.568693 128801 1 0.999219 0.489706 221 1 2330 -0.0493619 0.0767141 -0.00365062 3.70978 3.41387 53.4893 
0.500872 0.562679 128865 1 0.999219 0.489706 222 1 2332 -0.0498923 0.0764972 -0.00349015 3.71147 3.41383 53.5078 
0.504399 0.562634 128929 1 0.999219 0.489706 223 1 2334 -0.0498157 0.077037 -0.00380929 3.71482 3.41595 53.4883 
0.502547 0.571699 128993 1 0.999219 0.489706 224 1 2336 -0.0494555 0.076883 -0.00323683 3.71161 3.40762 53.4844 
0.506503 0.55967 129072 1 0.999219 0.489706 225 1 2338 -0.0497975 0.0774306 -0.0040153 3.71788 3.41803 53.4829 
0.501843 0.562556 129138 1 0.999219 0.489706 226 1 2340 -0.0494793 0.0769418 -0.00388472 3.71036 3.41675 53.4916 
0.499871 0.571457 129201 1 0.999219 0.489706 227 1 2342 -0.0496017 0.0764363 -0.00359636 3.70554 3.41131 53.4844 
0.492318 0.565648 129265 1 0.999219 0.489706 228 1 2344 -0.0498772 0.0762883 -0.00356528 3.70371 3.41395 53.4947 
0.487998 0.557765 129331 1 0.999219 0.489706 229 1 2346 -0.0499991 0.0759616 -0.00412964 3.69996 3.41845 53.4983 
0.491831 0.560005 129408 1 0.999219 0.489706 230 1 2348 -0.0497537 0.0769341 -0.00400967 3.71215 3.41827 53.5042 
0.490454 0.555595 129472 1 0.999219 0.489706 231 1 2350 -0.0496096 0.0758469 -0.00445325 3.70351 3.42294 53.4976 
0.493767 0.555193 129536 1 0.999219 0.489706 232 1 2352 -0.0500058 0.0778436 -0.00442276 3.72293 3.42431 53.5196 
0.490009 0.556172 129601 1 0.999219 0.489706 233 1 2354 -0.0501745 0.0767749 -0.00405967 3.71178 3.42089 53.5109 
0.488608 0.553392 129665 1 0.999219 0.489706 234 1 2356 -0.0494782 0.0756598 -0.00498168 3.6984 3.43087 53.4998 
0.487932 0.558934 129746 1 0.999219 0.489706 235 1 2358 -0.0497574 0.0750614 -0.00382419 3.69525 3.42024 53.5097 
0.495353 0.549611 129808 1 0.999219 0.489706 236 1 2360 -0.0494286 0.0762364 -0.00456159 3.70549 3.42967 53.5049 
0.493012 0.534246 129873 1 0.999219 0.489706 237 1 2362 -0.0490092 0.0759185 -0.00616669 3.70274 3.4488 53.4989 
0.491075 0.529078 129969 1 0.999219 0.489706 238 1 2365 -0.0494594 0.0754291 -0.00670504 3.69588 3.45433 53.4848 
0.487763 0.520363 130033 1 0.999219 0.489706 239 1 2367 -0.0499578 0.0755091 -0.00673736 3.69735 3.4567 53.4923 
0.395489 0.454416 130113 1 0.999219 0.489706 240 1 2369 -0.0505142 0.0758292 -0.00582097 3.70177 3.45274 53.5133 
0.396236 0.450778 130145 1 0.999219 0.489706 241 1 2370 -0.050501 0.0749093 -0.0066157 3.69232 3.45941 53.508 
0.396236 0.450778 130145 1 0.999219 0.489706 242 1 2370 -0.050501 0.0749093 -0.0066157 3.69232 3.45941 53.508 
0.396236 0.450778 130145 1 0.999219 0.489706 243 1 2370 -0.050501 0.0749093 -0.0066157 3.69232 3.45941 53.508 
0.396236 0.450778 130145 1 0.999219 0.489706 244 1 2370 -0.050501 0.0749093 -0.0066157 3.69232 3.45941 53.508 
0.397236 0.448248 130176 1 0.999219 0.489706 245 1 2371 -0.050888 0.0755484 -0.00659703 3.69769 3.45894 53.5052 
0.23413 0.144163 130515 1 0.999219 0.489706 246 1 2381 -0.0526291 0.0758881 -0.00671691 3.69954 3.4725 53.5054 
0.24768 0.138983 130577 1 0.999219 0.489706 247 1 2383 -0.052681 0.0767278 -0.00709787 3.71235 3.47782 53.4922 
0.476797 0.0912032 130673 1 0.999219 0.489706 248 1 2386 -0.0524076 0.0788625 -0.00704426 3.73772 3.48261 53.5298 
0.477376 0.0967422 130737 1 0.999219 0.489706 249 1 2388 -0.0519866 0.0785057 -0.00733312 3.73483 3.48312 53.5278 
0.500866 0.102315 130817 1 0.999219 0.489706 250 1 2390 -0.052394 0.079689 -0.00731647 3.74424 3.48304 53.5241 
0.51232 0.0981791 130881 1 0.999219 0.489706 251 1 2392 -0.0526235 0.0788404 -0.0073276 3.73868 3.48516 53.5432 
0.518643 0.112174 130945 1 0.999219 0.489706 252 1 2394 -0.0519506 0.0796626 -0.0079467 3.75072 3.48649 53.5301 
0.520266 0.113836 131009 1 0.999219 0.489706 253 1 2396 -0.0518899 0.0802921 -0.00701325 3.7545 3.47508 53.5431 
0.522534 0.113397 131042 1 0.999219 0.489706 254 1 2397 -0.051918 0.0805058 -0.00733197 3.75574 3.47872 53.5334 
0.518308 0.11416 131139 1 0.999219 0.489706 255 1 2400 -0.0516608 0.079368 -0.00727075 3.74588 3.47775 53.539 
0.520142 0.118832 131217 1 0.999219 0.489706 256 1 2402 -0.0512782 0.0795506 -0.00810036 3.74845 3.48419 53.5367 
0.523099 0.11175 131281 1 0.999219 0.489706 257 1 2404 -0.0518185 0.0801874 -0.00724907 3.75458 3.47772 53.5509 
0.527022 0.111189 131346 1 0.999219 0.489706 258 1 2406 -0.0520765 0.0804112 -0.00781962 3.75631 3.48542 53.5387 
0.363537 0.324863 131410 1 0.999219 0.489706 259 1 2408 -0.0515923 0.078991 -0.00714865 3.73796 3.4708 53.5163 
0.356805 0.329825 131473 1 0.999219 0.489706 260 1 2410 -0.0512919 0.0781563 -0.00750294 3.72541 3.47181 53.4984 
0.36297 0.325112 131553 1 0.999219 0.489706 261 1 2412 -0.0510543 0.0784226 -0.00751849 3.7306 3.47291 53.4895 
0.361611 0.334785 131617 1 0.999219 0.489706 262 1 2414 -0.0511469 0.0785611 -0.0082697 3.73469 3.47521 53.4716 
0.355857 0.339602 131681 1 0.999219 0.489706 263 1 2416 -0.050495 0.0782951 -0.00853294 3.73176 3.4781 53.4749 
0.34854 0.348558 131746 1 0.999219 0.489706 264 1 2418 -0.0511421 0.0787964 -0.00869721 3.74074 3.47847 53.4618 
0.346756 0.359942 131810 1 0.999219 0.489706 265 1 2420 -0.0507138 0.0784167 -0.00822107 3.73405 3.47296 53.4507 
0.34789 0.363863 131889 1 0.999219 0.489706 266 1 2422 -0.0506568 0.0782671 -0.00773555 3.73037 3.46522 53.4302 
0.345023 0.356686 131954 1 0.999219 0.489706 267 1 2424 -0.0510221 0.077731 -0.00785873 3.7259 3.47165 53.4589 
0.350834 0.360736 132017 1 0.999219 0.489706 268 1 2426 -0.0509993 0.078834 -0.00829361 3.73795 3.47118 53.444 
0.347508 0.369039 132081 1 0.999219 0.489706 269 1 2428 -0.0507173 0.0781453 -0.00846464 3.73141 3.47397 53.4492 
0.349856 0.3719 132177 1 0.999219 0.489706 270 1 2431 -0.050497 0.0788539 -0.00835536 3.7374 3.47262 53.4513 
0.34396 0.369088 132256 1 0.999219 0.489706 271 1 2433 -0.0507659 0.0780259 -0.00776243 3.72664 3.46718 53.4525 
0.350069 0.374647 132320 1 0.999219 0.489706 272 1 2435 -0.0505157 0.0779868 -0.00738388 3.72906 3.46492 53.4494 
0.343278 0.493925 132384 1 0.999219 0.489706 273 1 2437 -0.0502487 0.0789453 -0.00656418 3.73633 3.45179 53.4453 
0.317445 0.743484 132418 1 0.999219 0.489706 274 1 2438 -0.0492098 0.0767796 -0.00470399 3.70676 3.4213 53.4141 
0.344747 0.585342 132513 1 0.999219 0.489706 275 1 2441 -0.0482493 0.0768003 -0.00382463 3.70622 3.4071 53.3964 
0.345819 0.51116 132593 1 0.999219 0.489706 276 1 2443 -0.0494212 0.0774942 -0.00568774 3.71677 3.43491 53.4144 
0.340732 0.475143 132656 1 0.999219 0.489706 277 1 2445 -0.049046 0.0758614 -0.00624128 3.70254 3.44494 53.4397 
0.342704 0.448266 132721 1 0.999219 0.489706 278 1 2447 -0.0492458 0.0759511 -0.00691455 3.7038 3.45562 53.4437 
0.346649 0.438194 132788 1 0.999219 0.489706 279 1 2449 -0.0504346 0.0768256 -0.00642882 3.71032 3.45281 53.4596 
0.328173 0.436135 132850 1 0.999219 0.489706 280 1 2451 -0.0507998 0.0765331 -0.00695995 3.70682 3.45864 53.4692 
0.223542 0.468432 132913 1 0.999219 0.489706 281 1 2453 -0.0503259 0.0761925 -0.00663431 3.70626 3.45963 53.4776 
0.227691 0.461205 132995 1 0.999219 0.489706 282 1 2455 -0.0511888 0.076912 -0.00633953 3.72149 3.45539 53.4846 
0.234432 0.466108 133057 1 0.999219 0.489706 283 1 2457 -0.0505128 0.0774847 -0.00653754 3.72427 3.4561 53.4736 
0.22919 0.464221 133122 1 0.999219 0.489706 284 1 2459 -0.0505086 0.0761252 -0.00710574 3.7121 3.46661 53.5007 
0.231482 0.450258 133186 1 0.999219 0.489706 285 1 2461 -0.0507759 0.0771589 -0.00730644 3.7248 3.46609 53.4824 
0.193113 0.474226 133281 1 0.999219 0.489706 286 1 2464 -0.0510006 0.0769176 -0.00699878 3.72175 3.46611 53.5044 
0.196443 0.467172 133361 1 0.999219 0.489706 287 1 2466 -0.0507828 0.0768938 -0.00758662 3.72186 3.47435 53.5133 
0.196142 0.49218 133425 1 0.999219 0.489706 288 1 2468 -0.0499835 0.0756338 -0.00776352 3.70284 3.47914 53.4655 
0.196142 0.49218 133425 1 0.999219 0.489706 289 1 2468 -0.0499835 0.0756338 -0.00776352 3.70284 3.47914 53.4655 
0.196142 0.49218 133425 1 0.999219 0.489706 290 1 2468 -0.0499835 0.0756338 -0.00776352 3.70284 3.47914 53.4655 
0.196142 0.49218 133425 1 0.999219 0.489706 291 1 2468 -0.0499835 0.0756338 -0.00776352 3.70284 3.47914 53.4655 
0.196142 0.49218 133425 1 0.999219 0.489706 292 1 2468 -0.0499835 0.0756338 -0.00776352 3.70284 3.47914 53.4655 
0.191189 0.489876 133457 1 0.999219 0.489706 293 1 2469 -0.0507056 0.0754839 -0.00678598 3.70365 3.47947 53.5162 
0.184252 0.45534 133794 1 0.999219 0.489706 294 1 2479 -0.0518584 0.0740793 -0.00702047 3.69363 3.4654 53.4952 
0.217508 0.460555 133921 1 0.999219 0.489706 295 1 2483 -0.0516351 0.0778958 -0.00540208 3.73068 3.44892 53.4964 
0.217657 0.486172 133985 1 0.999219 0.489706 296 1 2485 -0.050101 0.0771969 -0.00569764 3.72476 3.46072 53.4899 
0.219595 0.448032 134065 1 0.999219 0.489706 297 1 2487 -0.0511399 0.0779389 -0.00708172 3.73929 3.46579 53.5097 
0.291181 0.504854 134129 1 0.999219 0.489706 298 1 2489 -0.0507047 0.0776311 -0.00660595 3.73128 3.47019 53.4889 
0.32552 0.507953 134192 1 0.999219 0.489706 299 1 2491 -0.0511347 0.0768818 -0.00738585 3.72006 3.47033 53.4914 
0.328259 0.514875 134256 1 0.999219 0.489706 300 1 2493 -0.050577 0.0773634 -0.00755457 3.72767 3.4809 53.5126 
0.333635 0.506175 134320 1 0.999219 0.489706 301 1 2495 -0.0505583 0.0772962 -0.00848927 3.72816 3.48034 53.4841 
0.332835 0.529229 134354 1 0.999219 0.489706 302 1 2496 -0.0499179 0.0772194 -0.00754901 3.72592 3.47468 53.4698 
0.333781 0.502358 134433 1 0.999219 0.489706 303 1 2498 -0.0504829 0.0765192 -0.00824326 3.72666 3.4833 53.5033 
0.333811 0.514464 134497 1 0.999219 0.489706 304 1 2500 -0.050423 0.0765616 -0.00805347 3.71732 3.47613 53.4742 
0.28727 0.535575 134562 1 0.999219 0.489706 305 1 2502 -0.0503543 0.0752852 -0.00800067 3.70559 3.4797 53.491 
0.282863 0.544748 134658 1 0.999219 0.489706 306 1 2505 -0.0498625 0.0739192 -0.00852397 3.69645 3.48169 53.4499 
0.28453 0.51379 134737 1 0.999219 0.489706 307 1 2507 -0.0515723 0.0749016 -0.00783812 3.71207 3.47339 53.5055 
0.296359 0.533343 134770 1 0.999219 0.489706 308 1 2508 -0.0510272 0.0751626 -0.00805477 3.70928 3.47025 53.4746 
0.341394 0.640382 134864 1 0.999219 0.489706 309 1 2511 -0.0513078 0.075135 -0.00818316 3.70084 3.47347 53.488 
0.337854 0.632367 134899 1 0.999219 0.489706 310 1 2512 -0.0513957 0.0737833 -0.00814001 3.68879 3.46979 53.4856 
0.345061 0.657956 134993 1 0.999219 0.489706 311 1 2515 -0.0499787 0.0752087 -0.00880147 3.70837 3.48001 53.4868 
0.447487 0.702852 135057 1 0.999219 0.489706 312 1 2517 -0.0497988 0.0755211 -0.00813065 3.71267 3.46762 53.4518 
0.444957 0.697881 135136 1 0.999219 0.489706 313 1 2519 -0.0498009 0.0748536 -0.00825859 3.70591 3.47505 53.476 
0.449885 0.700184 135200 1 0.999219 0.489706 314 1 2521 -0.0495614 0.0743497 -0.00925662 3.69272 3.4817 53.4564 
0.447391 0.703672 135266 1 0.999219 0.489706 315 1 2523 -0.0498966 0.0741283 -0.00939443 3.69244 3.48918 53.4731 
0.446574 0.705563 135330 1 0.999219 0.489706 316 1 2525 -0.0495437 0.0737676 -0.00926597 3.68945 3.48064 53.4531 
0.454844 0.714875 135393 1 0.999219 0.489706 317 1 2527 -0.0491373 0.0746856 -0.00810609 3.70406 3.47652 53.4569 
0.497536 0.711437 135473 1 0.999219 0.489706 318 1 2529 -0.0497566 0.0742946 -0.00899768 3.6987 3.47897 53.4569 
0.499333 0.730503 135536 1 0.999219 0.489706 319 1 2531 -0.0488937 0.0732174 -0.00913528 3.68379 3.48696 53.4612 
0.495263 0.733967 135633 1 0.999219 0.489706 320 1 2534 -0.0491735 0.0726322 -0.0085042 3.67861 3.47819 53.4471 
0.505135 0.730645 135697 1 0.999219 0.489706 321 1 2536 -0.0497669 0.07393 -0.00851828 3.69788 3.47661 53.475 
0.509201 0.735735 135762 1 0.999219 0.489706 322 1 2538 -0.0492207 0.0737589 -0.00876153 3.69208 3.48018 53.4535 
0.513477 0.738253 135841 1 0.999219 0.489706 323 1 2540 -0.0498975 0.0738316 -0.00803127 3.69451 3.47317 53.4813 
0.507504 0.732244 135906 1 0.999219 0.489706 324 1 2542 -0.0496325 0.0730951 -0.00940072 3.68401 3.48738 53.4647 
0.522566 0.734927 135970 1 0.999219 0.489706 325 1 2544 -0.0497438 0.0754867 -0.00872077 3.71289 3.48149 53.4881 
0.498153 0.736151 136033 1 0.999219 0.489706 326 1 2546 -0.0497027 0.0753234 -0.008517 3.7102 3.48068 53.4794 
0.502896 0.739998 136129 1 0.999219 0.489706 327 1 2549 -0.0495638 0.0755174 -0.00720882 3.71522 3.46599 53.4824 
0.502076 0.744275 136177 1 0.999219 0.489706 328 1 2550 -0.0492554 0.0763008 -0.00700548 3.72031 3.46629 53.477 
0.511259 0.725096 136240 1 0.999219 0.489706 329 1 2552 -0.0494509 0.0764336 -0.00768608 3.72134 3.47638 53.4902 
0.521889 0.66679 136336 1 0.999219 0.489706 330 1 2555 -0.0494618 0.0776639 -0.00644229 3.73358 3.46769 53.4924 
0.519056 0.659486 136401 1 0.999219 0.489706 331 1 2557 -0.0496118 0.0764424 -0.00633913 3.72407 3.46708 53.5048 
0.506566 0.568209 136465 1 0.999219 0.489706 332 1 2559 -0.0496747 0.0773058 -0.00578714 3.73021 3.4628 53.4906 
0.506253 0.548667 136545 1 0.999219 0.489706 333 1 2561 -0.0504929 0.0774748 -0.00601497 3.73243 3.46679 53.5127 
0.506859 0.547085 136609 1 0.999219 0.489706 334 1 2563 -0.0502649 0.0773649 -0.00631935 3.73194 3.47222 53.5103 
0.504829 0.550064 136673 1 0.999219 0.489706 335 1 2565 -0.050363 0.0773446 -0.00561888 3.73286 3.4644 53.5184 
0.503861 0.545885 136706 1 0.999219 0.489706 336 1 2566 -0.0505734 0.0767542 -0.00532932 3.72677 3.46173 53.509 
0.503861 0.545885 136706 1 0.999219 0.489706 337 1 2566 -0.0505734 0.0767542 -0.00532932 3.72677 3.46173 53.509 
0.503861 0.545885 136706 1 0.999219 0.489706 338 1 2566 -0.0505734 0.0767542 -0.00532932 3.72677 3.46173 53.509 
0.503861 0.545885 136706 1 0.999219 0.489706 339 1 2566 -0.0505734 0.0767542 -0.00532932 3.72677 3.46173 53.509 
0.503861 0.545885 136706 1 0.999219 0.489706 340 1 2566 -0.0505734 0.0767542 -0.00532932 3.72677 3.46173 53.509 
0.504252 0.566576 137041 1 0.999219 0.489706 341 1 2576 -0.0500635 0.0768562 -0.00408015 3.73047 3.44622 53.512 
0.509857 0.534118 137106 1 0.999219 0.489706 342 1 2578 -0.0504579 0.0777851 -0.00451678 3.73855 3.45439 53.5284 
0.506607 0.514505 137170 1 0.999219 0.489706 343 1 2580 -0.0505293 0.0774947 -0.00563806 3.73555 3.46782 53.529 
0.507169 0.504871 137249 1 0.999219 0.489706 344 1 2582 -0.0504751 0.0763909 -0.00594872 3.7259 3.46793 53.5202 
0.511787 0.492417 137314 1 0.999219 0.489706 345 1 2584 -0.0505856 0.0771992 -0.0060463 3.73564 3.47249 53.5263 
0.510766 0.443042 137377 1 0.999219 0.489706 346 1 2586 -0.0500635 0.0773964 -0.00761397 3.74094 3.50296 53.6219 
0.503695 0.334617 137442 1 0.999219 0.489706 347 1 2588 -0.0510133 0.0765019 -0.0113116 3.73517 3.56282 53.7369 
0.509527 0.309352 137506 1 0.999219 0.489706 348 1 2590 -0.0507726 0.0774899 -0.0108675 3.74785 3.5601 53.7497 
0.507765 0.343289 137585 1 0.999219 0.489706 349 1 2592 -0.0514775 0.0783787 -0.00935804 3.75489 3.53104 53.6762 
0.521384 0.351474 137649 1 0.999219 0.489706 350 1 2594 -0.0504993 0.0796164 -0.00972943 3.76628 3.52808 53.6625 
0.503601 0.319045 137713 1 0.999219 0.489706 351 1 2596 -0.0495447 0.0792236 -0.0113282 3.76209 3.55465 53.7189 
0.508594 0.32657 137778 1 0.999219 0.489706 352 1 2598 -0.0498871 0.0798956 -0.0108738 3.77106 3.54459 53.6962 
0.511208 0.367733 137873 1 0.999219 0.489706 353 1 2601 -0.0493044 0.0789464 -0.010687 3.76132 3.54192 53.6921 
0.510973 0.405923 137953 1 0.999219 0.489706 354 1 2603 -0.0497121 0.0788207 -0.0111953 3.75603 3.54494 53.6754 
0.514445 0.406691 138017 1 0.999219 0.489706 355 1 2605 -0.0493045 0.078695 -0.0113958 3.75349 3.54634 53.6761 
0.517654 0.414432 138081 1 0.999219 0.489706 356 1 2607 -0.0498328 0.0793854 -0.0106806 3.75852 3.5366 53.661 
0.516093 0.407176 138145 1 0.999219 0.489706 357 1 2609 -0.0497972 0.0784981 -0.0107946 3.74643 3.54202 53.661 
0.517905 0.41369 138209 1 0.999219 0.489706 358 1 2611 -0.0495351 0.0782811 -0.0109673 3.74279 3.53994 53.6585 
0.511273 0.408586 138272 1 0.999219 0.489706 359 1 2613 -0.0506649 0.0786999 -0.0107366 3.74127 3.54034 53.6642 
0.51749 0.395311 138352 1 0.999219 0.489706 360 1 2615 -0.0505168 0.0790203 -0.0109785 3.74741 3.54348 53.6755 
0.51597 0.407778 138417 1 0.999219 0.489706 361 1 2617 -0.0506189 0.0782035 -0.0104666 3.73719 3.53835 53.6675 
0.521281 0.403211 138481 1 0.999219 0.489706 362 1 2619 -0.0499912 0.0794036 -0.011215 3.75011 3.54171 53.6652 
0.520863 0.407328 138545 1 0.999219 0.489706 363 1 2621 -0.0496458 0.0794707 -0.0114671 3.75399 3.54777 53.6771 
0.514235 0.411307 138609 1 0.999219 0.489706 364 1 2623 -0.0498859 0.079091 -0.0112631 3.75015 3.54061 53.6737 
0.517226 0.429011 138720 1 0.999219 0.489706 365 1 2626 -0.0500226 0.0791676 -0.0101668 3.75188 3.52845 53.681 
0.520689 0.430772 138785 1 0.999219 0.489706 366 1 2628 -0.0495613 0.0790906 -0.0112505 3.74975 3.53506 53.637 
0.513037 0.42317 138849 1 0.999219 0.489706 367 1 2630 -0.0497087 0.0782532 -0.0112292 3.73979 3.53976 53.6647 
0.517614 0.420279 138913 1 0.999219 0.489706 368 1 2632 -0.0497924 0.078834 -0.0114581 3.74816 3.53938 53.6498 
0.517724 0.427617 138977 1 0.999219 0.489706 369 1 2634 -0.0492791 0.0783214 -0.0117359 3.7407 3.54332 53.6479 
0.518419 0.420889 139056 1 0.999219 0.489706 370 1 2636 -0.0493864 0.0790931 -0.0110564 3.75103 3.53504 53.6564 
0.512682 0.41011 139121 1 0.999219 0.489706 371 1 2638 -0.0497551 0.0785674 -0.0112287 3.74345 3.54249 53.6616 
0.514282 0.415217 139185 1 0.999219 0.489706 372 1 2640 -0.0491418 0.0789416 -0.0115033 3.75052 3.54212 53.6641 
0.523247 0.422779 139249 1 0.999219 0.489706 373 1 2642 -0.0479474 0.0799789 -0.0113538 3.76677 3.53915 53.6563 
0.520589 0.457275 139313 1 0.999219 0.489706 374 1 2644 -0.0477383 0.079609 -0.0102932 3.75783 3.5151 53.6016 
0.518271 0.483431 139393 1 0.999219 0.489706 375 1 2646 -0.0466154 0.0778502 -0.00970156 3.73478 3.50232 53.5742 
0.518447 0.494288 139456 1 0.999219 0.489706 376 1 2648 -0.0472678 0.078263 -0.0103614 3.73386 3.50184 53.5578 
0.519545 0.482182 139521 1 0.999219 0.489706 377 1 2650 -0.0469298 0.0797123 -0.0104539 3.75423 3.51145 53.5947 
0.516007 0.49304 139585 1 0.999219 0.489706 378 1 2652 -0.0470307 0.0790423 -0.0096389 3.75079 3.49847 53.5783 
0.518574 0.491046 139649 1 0.999219 0.489706 379 1 2654 -0.0473797 0.0793304 -0.0105529 3.75407 3.50926 53.5803 
0.509015 0.492501 139729 1 0.999219 0.489706 380 1 2656 -0.0474069 0.0779363 -0.0100861 3.73481 3.50354 53.572 
0.529861 0.500093 139793 1 0.999219 0.489706 381 1 2658 -0.0479045 0.0780114 -0.0102346 3.72944 3.50859 53.5855 
0.534125 0.498504 139856 1 0.999219 0.489706 382 1 2660 -0.0478615 0.0777643 -0.00999422 3.73521 3.50701 53.5793 
0.532449 0.501274 139921 1 0.999219 0.489706 383 1 2662 -0.0466994 0.0778567 -0.0103728 3.73901 3.51037 53.5798 
0.535524 0.498474 139985 1 0.999219 0.489706 384 1 2664 -0.0466391 0.0786762 -0.00951165 3.75291 3.50442 53.568 
0.535524 0.498474 139985 1 0.999219 0.489706 385 1 2664 -0.0466391 0.0786762 -0.00951165 3.75291 3.50442 53.568 
0.535524 0.498474 139985 1 0.999219 0.489706 386 1 2664 -0.0466391 0.0786762 -0.00951165 3.75291 3.50442 53.568 
0.535524 0.498474 139985 1 0.999219 0.489706 387 1 2664 -0.0466391 0.0786762 -0.00951165 3.75291 3.50442 53.568 
0.535524 0.498474 139985 1 0.999219 0.489706 388 1 2664 -0.0466391 0.0786762 -0.00951165 3.75291 3.50442 53.568 
0.534872 0.506124 140017 1 0.999219 0.489706 389 1 2665 -0.0463748 0.078195 -0.00964911 3.74749 3.503 53.5601 
0.531761 0.497036 140417 1 0.999219 0.489706 390 1 2677 -0.0481789 0.0771931 -0.00898867 3.73085 3.50816 53.5977 
0.512424 0.45648 140498 1 0.999219 0.489706 391 1 2679 -0.0490081 0.0773335 -0.0101441 3.73055 3.5284 53.6487 
0.505656 0.447733 140560 1 0.999219 0.489706 392 1 2681 -0.0497519 0.076847 -0.00976948 3.72925 3.53241 53.68 
0.503923 0.436835 140624 1 0.999219 0.489706 393 1 2683 -0.0503599 0.0774678 -0.0102274 3.73992 3.53668 53.6946 
0.502591 0.440694 140689 1 0.999219 0.489706 394 1 2685 -0.0501879 0.0771376 -0.00978898 3.73854 3.53737 53.6922 
0.499765 0.435534 140753 1 0.999219 0.489706 395 1 2687 -0.0511737 0.0773486 -0.00963756 3.73621 3.53439 53.6862 
0.502874 0.46295 140801 1 0.999219 0.489706 396 1 2688 -0.0504569 0.0771301 -0.00953244 3.73002 3.53102 53.6672 
0.473357 0.854111 140865 1 0.999219 0.489706 397 1 2690 -0.050193 0.0740959 -0.00382197 3.69138 3.4591 53.6438 
0.492951 0.722059 140929 1 0.999219 0.489706 398 1 2692 -0.0491893 0.0754664 -0.00535927 3.70076 3.46838 53.6137 
0.50202 0.571672 141025 1 0.999219 0.489706 399 1 2695 -0.0494917 0.0765673 -0.00750776 3.72343 3.50266 53.6592 
0.590875 0.531014 141089 1 0.999219 0.489706 400 1 2697 -0.0501685 0.0751765 -0.00802886 3.70717 3.5142 53.6663 
0.599365 0.484865 141169 1 0.999219 0.489706 401 1 2699 -0.050168 0.0756251 -0.00908311 3.71811 3.53312 53.71 
0.601229 0.460726 141233 1 0.999219 0.489706 402 1 2701 -0.0511736 0.076588 -0.00892166 3.73243 3.54051 53.7384 
0.596051 0.441855 141297 1 0.999219 0.489706 403 1 2703 -0.0518786 0.0756271 -0.0100267 3.72284 3.55412 53.7522 
0.606851 0.461852 141361 1 0.999219 0.489706 404 1 2705 -0.0507636 0.0760609 -0.00850011 3.72591 3.53628 53.7343 
0.595639 0.435458 141424 1 0.999219 0.489706 405 1 2707 -0.0508983 0.0741678 -0.009429 3.70869 3.54981 53.7623 
0.600443 0.444346 141489 1 0.999219 0.489706 406 1 2709 -0.0511338 0.0747412 -0.0101588 3.71812 3.55298 53.7508 
0.615729 0.48233 141569 1 0.999219 0.489706 407 1 2711 -0.0506284 0.0746733 -0.00966544 3.71477 3.5441 53.7296 
0.673509 0.738999 141602 1 0.999219 0.489706 408 1 2712 -0.0497797 0.0743743 -0.00762235 3.70559 3.51585 53.715 
0.695376 1.23586 141697 1 0.999219 0.489706 409 0 2715 -0.0477515 0.0752871 -0.00122075 3.69039 3.39195 53.4986 
0.683129 1.04233 141761 1 0.999219 0.489706 410 1 2717 -0.0465094 0.0736335 -0.00492288 3.67141 3.43407 53.4996 
0.689682 0.936729 141826 1 0.999219 0.489706 411 1 2719 -0.0473577 0.0743834 -0.00584831 3.68841 3.45472 53.5516 
0.699454 0.85556 141904 1 0.999219 0.489706 412 1 2721 -0.0479794 0.074695 -0.00825017 3.69054 3.49331 53.5868 
0.786455 0.805916 141969 1 0.999219 0.489706 413 1 2723 -0.0485253 0.0748458 -0.00909354 3.69583 3.51626 53.6604 
0.794437 0.792101 142033 1 0.999219 0.489706 414 1 2725 -0.0478412 0.0748291 -0.0091674 3.69939 3.51854 53.6535 
0.819612 0.594109 142097 1 0.999219 0.489706 415 1 2727 -0.0490956 0.0773794 -0.00932393 3.72782 3.52593 53.6795 
0.828852 0.526946 142161 1 0.999219 0.489706 416 1 2729 -0.0498985 0.0772133 -0.00984496 3.72518 3.53729 53.6992 
0.829031 0.518984 142193 1 0.999219 0.489706 417 1 2730 -0.0502208 0.0769415 -0.00999386 3.72215 3.53916 53.7068 
0.832959 0.477096 142273 1 0.999219 0.489706 418 1 2732 -0.0505443 0.0786806 -0.0112163 3.74432 3.55755 53.7283 
0.827038 0.472196 142338 1 0.999219 0.489706 419 1 2734 -0.050094 0.077044 -0.0104182 3.72715 3.54976 53.7255 
0.824637 0.448282 142402 1 0.999219 0.489706 420 1 2736 -0.0509719 0.076918 -0.0113332 3.72516 3.55868 53.7133 
0.794897 0.317024 142466 1 0.999219 0.489706 421 1 2738 -0.0513264 0.0775066 -0.0121768 3.7317 3.57566 53.7332 
0.796544 0.301168 142561 1 0.999219 0.489706 422 1 2741 -0.0517214 0.077253 -0.0129575 3.73177 3.58494 53.7387 
0.790626 0.295731 142640 1 0.999219 0.489706 423 1 2743 -0.0514534 0.076685 -0.0126516 3.72667 3.58411 53.733 
0.793105 0.28815 142704 1 0.999219 0.489706 424 1 2745 -0.051624 0.0775925 -0.0130695 3.73682 3.58928 53.7497 
0.780636 0.271109 142738 1 0.999219 0.489706 425 1 2746 -0.0516598 0.0773448 -0.0132288 3.73681 3.59492 53.7632 
0.568352 0.218913 142834 1 0.999219 0.489706 426 1 2749 -0.0530107 0.0768941 -0.013025 3.73055 3.59189 53.7578 
0.57364 0.230118 142897 1 0.999219 0.489706 427 1 2751 -0.0524448 0.0771638 -0.0132219 3.73264 3.59186 53.749 
0.476951 0.253162 142976 1 0.999219 0.489706 428 1 2753 -0.0527055 0.0778875 -0.0124037 3.73938 3.58258 53.75 
0.478369 0.268602 143041 1 0.999219 0.489706 429 1 2755 -0.0525589 0.0778634 -0.0121925 3.73918 3.57762 53.7266 
0.480107 0.263644 143105 1 0.999219 0.489706 430 1 2757 -0.0528364 0.0778249 -0.0124708 3.7402 3.58082 53.752 
0.474266 0.268275 143170 1 0.999219 0.489706 431 1 2759 -0.0528199 0.0773383 -0.0123288 3.7284 3.57786 53.744 
0.486559 0.262811 143234 1 0.999219 0.489706 432 1 2761 -0.0535407 0.0785346 -0.0128439 3.74345 3.58414 53.7358 
0.495247 0.268886 143264 1 0.999219 0.489706 433 1 2762 -0.0532195 0.0783401 -0.0136952 3.73922 3.59201 53.7276 
0.495247 0.268886 143264 1 0.999219 0.489706 434 1 2762 -0.0532195 0.0783401 -0.0136952 3.73922 3.59201 53.7276 
0.495247 0.268886 143264 1 0.999219 0.489706 435 1 2762 -0.0532195 0.0783401 -0.0136952 3.73922 3.59201 53.7276 
0.495247 0.268886 143264 1 0.999219 0.489706 436 1 2762 -0.0532195 0.0783401 -0.0136952 3.73922 3.59201 53.7276 
0.493693 0.263077 143312 1 0.999219 0.489706 437 1 2763 -0.0529227 0.0774106 -0.0136221 3.73125 3.59462 53.7332 
0.365787 0.257932 143635 1 0.999219 0.489706 438 1 2773 -0.0530764 0.0752141 -0.0128873 3.70867 3.59214 53.7551 
0.374232 0.25312 143744 1 0.999219 0.489706 439 1 2776 -0.0530715 0.0768951 -0.0129546 3.73104 3.59586 53.7547 
0.375264 0.241104 143809 1 0.999219 0.489706 440 1 2778 -0.053151 0.0771392 -0.0123765 3.73498 3.59259 53.7772 
0.369195 0.249631 143841 1 0.999219 0.489706 441 1 2779 -0.0530526 0.0757062 -0.0121224 3.71829 3.58995 53.7674 
0.364663 0.231534 143937 1 0.999219 0.489706 442 1 2782 -0.0534514 0.0768686 -0.0125667 3.73334 3.59343 53.7706 
0.360252 0.236213 144017 1 0.999219 0.489706 443 1 2784 -0.0532065 0.0754027 -0.0118904 3.71999 3.59202 53.7899 
0.359253 0.224164 144081 1 0.999219 0.489706 444 1 2786 -0.0540769 0.0766462 -0.0125632 3.73622 3.59695 53.7999 
0.363869 0.245322 144145 1 0.999219 0.489706 445 1 2788 -0.0529253 0.0765691 -0.0111508 3.73535 3.58368 53.788 
0.359919 0.224317 144209 1 0.999219 0.489706 446 1 2790 -0.0533102 0.0767821 -0.0122878 3.73783 3.5998 53.8135 
0.31529 0.223061 144272 1 0.999219 0.489706 447 1 2792 -0.0533992 0.0768192 -0.0117033 3.74073 3.59551 53.8077 
0.313137 0.232683 144337 1 0.999219 0.489706 448 1 2794 -0.0534769 0.0759637 -0.0118319 3.73401 3.59404 53.8012 
0.306303 0.222978 144417 1 0.999219 0.489706 449 1 2796 -0.0526579 0.0763944 -0.0125634 3.74245 3.60301 53.7939 
0.300653 0.222014 144481 1 0.999219 0.489706 450 1 2798 -0.0534916 0.0777061 -0.0118229 3.76239 3.59662 53.802 
0.303055 0.232712 144545 1 0.999219 0.489706 451 1 2800 -0.0535085 0.0783409 -0.0111435 3.76723 3.59011 53.7955 
0.299682 0.227794 144609 1 0.999219 0.489706 452 1 2802 -0.0527566 0.0769456 -0.0117616 3.75137 3.59685 53.8044 
0.275266 0.230129 144672 1 0.999219 0.489706 453 1 2804 -0.0538299 0.0764111 -0.0120955 3.74473 3.60294 53.8129 
0.237924 0.369451 144705 1 0.999219 0.489706 454 1 2805 -0.0530097 0.07496 -0.0117351 3.72751 3.59691 53.8304 
0.221654 0.599545 144817 1 0.999219 0.489706 455 1 2808 -0.051643 0.0731867 -0.0090463 3.70536 3.54635 53.7543 
0.234046 0.45103 144881 1 0.999219 0.489706 456 1 2810 -0.0509448 0.0744641 -0.0104007 3.723 3.56416 53.7675 
0.238154 0.371934 144945 1 0.999219 0.489706 457 1 2812 -0.0527342 0.075591 -0.0112128 3.73205 3.57606 53.7858 
0.254921 0.355786 145008 1 0.999219 0.489706 458 1 2814 -0.0522553 0.075779 -0.0108577 3.73068 3.57401 53.7732 
0.261771 0.348353 145088 1 0.999219 0.489706 459 1 2816 -0.0528388 0.0770631 -0.0111628 3.74349 3.57531 53.7752 
0.25781 0.325995 145152 1 0.999219 0.489706 460 1 2818 -0.0528095 0.0756794 -0.0123905 3.73112 3.59214 53.7885 
0.261297 0.361586 145219 1 0.999219 0.489706 461 1 2820 -0.0521376 0.0772439 -0.0110829 3.74723 3.56979 53.7464 
0.255646 0.367214 145281 1 0.999219 0.489706 462 1 2822 -0.0520305 0.0759153 -0.0109079 3.73205 3.56424 53.7231 
0.261007 0.377195 145345 1 0.999219 0.489706 463 1 2824 -0.0516915 0.0758532 -0.0109066 3.72577 3.55887 53.699 
0.263682 0.373062 145408 1 0.999219 0.489706 464 1 2826 -0.0517628 0.0762329 -0.0104665 3.73071 3.55355 53.6993 
0.412889 0.367659 145489 1 0.999219 0.489706 465 1 2828 -0.0514037 0.0750414 -0.00997807 3.72099 3.54898 53.6963 
0.472739 0.386005 145553 1 0.999219 0.489706 466 1 2830 -0.0515087 0.076006 -0.00909881 3.7304 3.53571 53.6741 
0.474428 0.37853 145617 1 0.999219 0.489706 467 1 2832 -0.0517837 0.0754393 -0.0103093 3.7245 3.55416 53.6951 
0.47264 0.381578 145651 1 0.999219 0.489706 468 1 2833 -0.0510596 0.0747995 -0.01127 3.72008 3.55683 53.6854 
0.483496 0.392034 145715 1 0.999219 0.489706 469 1 2835 -0.0500619 0.0758642 -0.0109157 3.74009 3.55305 53.6876 
0.474535 0.340018 145778 1 0.999219 0.489706 470 1 2837 -0.0503884 0.0739184 -0.0106533 3.71624 3.55085 53.696 
0.470863 0.276052 145858 1 0.999219 0.489706 471 1 2839 -0.0505884 0.0735147 -0.0103673 3.71771 3.55485 53.6923 
0.470852 0.262266 145922 1 0.999219 0.489706 472 1 2841 -0.0512745 0.0736309 -0.00906414 3.72164 3.54704 53.7082 
0.478334 0.259369 146017 1 0.999219 0.489706 473 1 2844 -0.0513365 0.074513 -0.00878639 3.73037 3.54753 53.7105 
0.473389 0.240518 146081 1 0.999219 0.489706 474 1 2846 -0.0515058 0.073789 -0.0100856 3.71992 3.56241 53.7051 
0.477636 0.246086 146160 1 0.999219 0.489706 475 1 2848 -0.0498783 0.0732859 -0.00951967 3.72154 3.55957 53.7046 
0.459644 0.240416 146224 1 0.999219 0.489706 476 1 2850 -0.0494516 0.0724933 -0.00947423 3.71978 3.55358 53.6897 
0.468621 0.216868 146289 1 0.999219 0.489706 477 1 2852 -0.0490927 0.0741446 -0.0101466 3.74581 3.56969 53.7229 
0.465198 0.169173 146353 1 0.999219 0.489706 478 1 2854 -0.050132 0.0739323 -0.00962166 3.74239 3.56411 53.7235 
0.476988 0.070199 146417 1 0.999219 0.489706 479 1 2856 -0.0510855 0.0728085 -0.0101756 3.7264 3.57472 53.7399 
0.479587 0.0558106 146481 1 0.999219 0.489706 480 1 2858 -0.0517147 0.0738206 -0.0101866 3.73463 3.57724 53.7569 
0.487697 0.0560723 146560 1 0.999219 0.489706 481 1 2860 -0.0513404 0.0745913 -0.0104286 3.74592 3.58233 53.7588 
0.487697 0.0560723 146560 1 0.999219 0.489706 482 1 2860 -0.0513404 0.0745913 -0.0104286 3.74592 3.58233 53.7588 
0.487697 0.0560723 146560 1 0.999219 0.489706 483 1 2860 -0.0513404 0.0745913 -0.0104286 3.74592 3.58233 53.7588 
0.487697 0.0560723 146560 1 0.999219 0.489706 484 1 2860 -0.0513404 0.0745913 -0.0104286 3.74592 3.58233 53.7588 
0.487697 0.0560723 146560 1 0.999219 0.489706 485 1 2860 -0.0513404 0.0745913 -0.0104286 3.74592 3.58233 53.7588 
0.426049 0.13476 146896 1 0.999219 0.489706 486 1 2870 -0.0510636 0.0732048 -0.0106166 3.71887 3.58255 53.7723 
0.473971 -0.0233045 146960 1 0.999219 0.489706 487 1 2872 -0.0531895 0.0736428 -0.0118532 3.73015 3.60935 53.8103 
0.481251 -0.0326772 147025 1 0.999219 0.489706 488 1 2874 -0.0527138 0.0740804 -0.0117199 3.73915 3.61362 53.8312 
0.487418 -0.0375529 147090 1 0.999219 0.489706 489 1 2876 -0.0534116 0.0758432 -0.0119131 3.75495 3.61588 53.8224 
0.479313 -0.0472858 147155 1 0.999219 0.489706 490 1 2878 -0.0538169 0.0738903 -0.0121277 3.73324 3.62102 53.839 
0.482368 -0.0375055 147233 1 0.999219 0.489706 491 1 2880 -0.0537422 0.0747806 -0.0116106 3.73959 3.61328 53.8106 
0.412714 0.0573023 147298 1 0.999219 0.489706 492 1 2882 -0.054323 0.0750223 -0.0112099 3.74181 3.60782 53.8134 
0.344573 0.211317 147393 1 0.999219 0.489706 493 1 2885 -0.052321 0.0763651 -0.0103933 3.753 3.5927 53.7726 
0.337991 0.204055 147457 1 0.999219 0.489706 494 1 2887 -0.0530019 0.0770267 -0.0103425 3.76118 3.58744 53.7774 
0.336125 0.23443 147521 1 0.999219 0.489706 495 1 2889 -0.0530313 0.0776472 -0.00791985 3.76363 3.56259 53.7601 
0.342438 0.223699 147554 1 0.999219 0.489706 496 1 2890 -0.0533073 0.0787752 -0.00882281 3.77745 3.57003 53.7783 
0.288934 0.285113 147665 1 0.999219 0.489706 497 1 2893 -0.0531909 0.0794057 -0.00823463 3.77341 3.5637 53.7504 
0.291271 0.270222 147729 1 0.999219 0.489706 498 1 2895 -0.0543875 0.0791198 -0.00899161 3.77512 3.56686 53.7626 
0.294191 0.294998 147793 1 0.999219 0.489706 499 1 2897 -0.0522514 0.0794739 -0.00726327 3.77816 3.55522 53.757 
0.294685 0.290757 147857 1 0.999219 0.489706 500 1 2899 -0.0525903 0.0797039 -0.00761106 3.7819 3.5507 53.7501 
0.290492 0.29169 147937 1 0.999219 0.489706 501 1 2901 -0.0522815 0.0785428 -0.00842592 3.76714 3.56486 53.7603 
0.293016 0.282162 148000 1 0.999219 0.489706 502 1 2903 -0.0530847 0.0792491 -0.00888365 3.77247 3.56519 53.7638 
0.291321 0.306992 148064 1 0.999219 0.489706 503 1 2905 -0.0521712 0.0799151 -0.00815033 3.78161 3.55538 53.7421 
0.278042 0.293535 148128 1 0.999219 0.489706 504 1 2907 -0.0515187 0.0790747 -0.00958148 3.77929 3.56946 53.7502 
0.275643 0.305667 148193 1 0.999219 0.489706 505 1 2909 -0.0515487 0.0783712 -0.00959143 3.77415 3.56748 53.7298 
0.273997 0.308902 148257 1 0.999219 0.489706 506 1 2911 -0.0512336 0.0775889 -0.00961758 3.76581 3.56672 53.7472 
0.280074 0.321338 148338 1 0.999219 0.489706 507 1 2913 -0.0506354 0.0791073 -0.00883635 3.78036 3.55776 53.7325 
0.397883 0.354913 148402 1 0.999219 0.489706 508 1 2915 -0.0512957 0.0784125 -0.00883276 3.7736 3.55587 53.7381 
0.402185 0.353932 148464 1 0.999219 0.489706 509 1 2917 -0.050504 0.0784798 -0.00982988 3.77483 3.56998 53.7351 
0.407226 0.356997 148561 1 0.999219 0.489706 510 1 2920 -0.0504871 0.0777196 -0.0108212 3.76747 3.57664 53.7284 
0.415656 0.370223 148625 1 0.999219 0.489706 511 1 2922 -0.0507248 0.0773695 -0.0102025 3.75509 3.5728 53.728 
0.510285 0.384973 148673 1 0.999219 0.489706 512 1 2923 -0.0518071 0.0782808 -0.00915978 3.7573 3.56377 53.7378 
0.506219 0.39498 148736 1 0.999219 0.489706 513 1 2925 -0.0527013 0.0783471 -0.00943506 3.7448 3.56677 53.7299 
0.509152 0.392872 148800 1 0.999219 0.489706 514 1 2927 -0.0528698 0.0788256 -0.00998546 3.74697 3.57553 53.7397 
0.50909 0.387572 148866 1 0.999219 0.489706 515 1 2929 -0.0530692 0.0791661 -0.00825586 3.75506 3.5583 53.7481 
0.511791 0.40819 148930 1 0.999219 0.489706 516 1 2931 -0.0529134 0.0791811 -0.00780519 3.75727 3.55099 53.7321 
0.507452 0.401981 149009 1 0.999219 0.489706 517 1 2933 -0.0520783 0.0796697 -0.00855221 3.76228 3.5543 53.7219 
0.498336 0.411467 149073 1 0.999219 0.489706 518 1 2935 -0.0529722 0.0789552 -0.00782326 3.75601 3.54744 53.7166 
0.502158 0.402313 149137 1 0.999219 0.489706 519 1 2937 -0.0522568 0.0792916 -0.00865845 3.7588 3.55415 53.7196 
0.501388 0.410359 149202 1 0.999219 0.489706 520 1 2939 -0.0518492 0.0783163 -0.00923758 3.75083 3.55973 53.7172 
0.500295 0.407951 149266 1 0.999219 0.489706 521 1 2941 -0.0522474 0.078313 -0.00766087 3.75058 3.54356 53.7102 
0.499858 0.407349 149330 1 0.999219 0.489706 522 1 2943 -0.0523689 0.0782368 -0.00814691 3.7494 3.55042 53.7073 
0.500978 0.402703 149441 1 0.999219 0.489706 523 1 2946 -0.0517026 0.0773939 -0.00826269 3.74098 3.55001 53.7031 
0.496176 0.404204 149473 1 0.999219 0.489706 524 1 2947 -0.0514422 0.0766954 -0.00909169 3.73427 3.5586 53.7019 
0.492263 0.394509 149569 1 0.999219 0.489706 525 1 2950 -0.0514832 0.0756993 -0.00867112 3.73102 3.55765 53.7168 
0.499406 0.399031 149634 1 0.999219 0.489706 526 1 2952 -0.0514456 0.0776966 -0.00744428 3.74935 3.5442 53.701 
0.501377 0.402356 149665 1 0.999219 0.489706 527 1 2953 -0.0511868 0.0775259 -0.00824771 3.74754 3.55124 53.7007 
0.503951 0.399326 149745 1 0.999219 0.489706 528 1 2955 -0.0512311 0.0777371 -0.0074228 3.7488 3.54389 53.703 
0.500152 0.397108 149809 1 0.999219 0.489706 529 1 2957 -0.051864 0.0775765 -0.00785463 3.74842 3.5469 53.6993 
0.498762 0.401174 149843 1 0.999219 0.489706 530 1 2958 -0.0512943 0.077297 -0.00795102 3.74651 3.54533 53.6933 
0.498762 0.401174 149843 1 0.999219 0.489706 531 1 2958 -0.0512943 0.077297 -0.00795102 3.74651 3.54533 53.6933 
0.498762 0.401174 149843 1 0.999219 0.489706 532 1 2958 -0.0512943 0.077297 -0.00795102 3.74651 3.54533 53.6933 
0.498762 0.401174 149843 1 0.999219 0.489706 533 1 2958 -0.0512943 0.077297 -0.00795102 3.74651 3.54533 53.6933 
0.515304 0.42311 150177 1 0.999219 0.489706 534 1 2968 -0.0506807 0.0771284 -0.00771957 3.74763 3.5429 53.7109 
0.508388 0.423932 150241 1 0.999219 0.489706 535 1 2970 -0.0506251 0.0772636 -0.00883304 3.74603 3.5535 53.6999 
0.498039 0.414375 150305 1 0.999219 0.489706 536 1 2972 -0.0512463 0.0765695 -0.00811962 3.7404 3.55111 53.71 
0.493229 0.41122 150369 1 0.999219 0.489706 537 1 2974 -0.051809 0.0756821 -0.00775078 3.73104 3.55292 53.7403 
0.502416 0.396351 150449 1 0.999219 0.489706 538 1 2976 -0.0517624 0.0771938 -0.00826754 3.74945 3.56229 53.7608 
0.496963 0.367877 150513 1 0.999219 0.489706 539 1 2978 -0.0525048 0.0762595 -0.00960082 3.73856 3.5826 53.7821 
0.508498 0.370926 150578 1 0.999219 0.489706 540 1 2980 -0.0525194 0.0788542 -0.00916215 3.76657 3.57817 53.7813 
0.499471 0.392966 150641 1 0.999219 0.489706 541 1 2982 -0.0531792 0.0775111 -0.00852354 3.7516 3.56649 53.7629 
0.502228 0.382396 150705 1 0.999219 0.489706 542 1 2984 -0.0526952 0.076415 -0.00851665 3.74176 3.57189 53.7901 
0.505103 0.365918 150771 1 0.999219 0.489706 543 1 2986 -0.0529915 0.0772932 -0.00878124 3.7499 3.57723 53.8009 
0.49852 0.378737 150849 1 0.999219 0.489706 544 1 2988 -0.0535582 0.0769617 -0.00841573 3.74482 3.57002 53.7956 
0.505585 0.382449 150913 1 0.999219 0.489706 545 1 2990 -0.0521807 0.0779508 -0.00840251 3.75745 3.57112 53.7995 
0.504591 0.372258 150977 1 0.999219 0.489706 546 1 2992 -0.052961 0.0776724 -0.00818468 3.75864 3.56971 53.8107 
0.502126 0.377542 151041 1 0.999219 0.489706 547 1 2994 -0.053429 0.0774315 -0.00832646 3.75104 3.57199 53.797 
0.50895 0.382153 151107 1 0.999219 0.489706 548 1 2996 -0.0532631 0.0781532 -0.00864458 3.75681 3.57134 53.7836 
0.506751 0.37436 151152 1 0.999219 0.489706 549 1 2997 -0.0535542 0.0777693 -0.0084765 3.75346 3.57029 53.79 
0.496687 0.392267 151216 1 0.999219 0.489706 550 1 2999 -0.0528359 0.0750264 -0.00863357 3.7225 3.56885 53.7729 
0.512075 0.363102 151313 1 0.999219 0.489706 551 1 3002 -0.0504283 0.077629 -0.00965863 3.7523 3.58672 53.8193 
0.488341 0.393478 151377 1 0.999219 0.489706 552 1 3004 -0.051637 0.0748196 -0.00957375 3.71454 3.57151 53.7506 
0.493466 0.41995 151441 1 0.999219 0.489706 553 1 3006 -0.0508612 0.0748297 -0.00893014 3.71524 3.55812 53.7332 
0.496805 0.418578 151520 1 0.999219 0.489706 554 1 3008 -0.0505881 0.0748458 -0.00865781 3.71675 3.55718 53.7416 
0.496575 0.428502 151584 1 0.999219 0.489706 555 1 3010 -0.0512061 0.0759601 -0.00806996 3.72515 3.54746 53.7302 
0.495897 0.418255 151649 1 0.999219 0.489706 556 1 3012 -0.051937 0.0759362 -0.00881334 3.72444 3.55581 53.7282 
0.49802 0.423523 151713 1 0.999219 0.489706 557 1 3014 -0.0511529 0.0764308 -0.00787371 3.73134 3.54912 53.7387 
0.501174 0.431257 151777 1 0.999219 0.489706 558 1 3016 -0.0513318 0.0767552 -0.00889364 3.73465 3.55415 53.714 
0.492053 0.416392 151841 1 0.999219 0.489706 559 1 3018 -0.0518869 0.0752925 -0.0086927 3.7133 3.55647 53.7285 
0.499701 0.411426 151920 1 0.999219 0.489706 560 1 3020 -0.0518991 0.0763484 -0.00915135 3.72405 3.56384 53.7394 
0.497659 0.41673 151984 1 0.999219 0.489706 561 1 3022 -0.0517358 0.075676 -0.00944929 3.72256 3.56427 53.7275 
0.497072 0.41955 152049 1 0.999219 0.489706 562 1 3024 -0.0508853 0.0753756 -0.00964388 3.71844 3.56406 53.7189 
0.492684 0.414798 152113 1 0.999219 0.489706 563 1 3026 -0.0518544 0.0749811 -0.00836804 3.7167 3.55306 53.7293 
0.501642 0.374125 152177 1 0.999219 0.489706 564 1 3028 -0.0511844 0.0763532 -0.00801319 3.7264 3.54992 53.7214 
0.49736 0.386299 152257 1 0.999219 0.489706 565 1 3030 -0.0515847 0.0760234 -0.00784345 3.72118 3.54486 53.7226 
0.496719 0.371725 152289 1 0.999219 0.489706 566 1 3031 -0.0512135 0.0752828 -0.00837297 3.71517 3.55198 53.7298 
0.505946 0.373896 152354 1 0.999219 0.489706 567 1 3033 -0.0512057 0.0767659 -0.0086881 3.73309 3.5553 53.7273 
0.506408 0.368027 152449 1 0.999219 0.489706 568 1 3036 -0.051282 0.0757837 -0.00948169 3.72582 3.56352 53.7189 
0.498478 0.365513 152513 1 0.999219 0.489706 569 1 3038 -0.0518251 0.075634 -0.00917971 3.72281 3.56057 53.7344 
0.497707 0.362255 152593 1 0.999219 0.489706 570 1 3040 -0.0516597 0.0757771 -0.00953118 3.72322 3.56415 53.7344 
0.618365 0.358398 152656 1 0.999219 0.489706 571 1 3042 -0.0520784 0.0763463 -0.00902955 3.73023 3.56238 53.7398 
0.622667 0.365376 152720 1 0.999219 0.489706 572 1 3044 -0.0514622 0.0756016 -0.00858392 3.72285 3.55592 53.7241 
0.616137 0.354538 152785 1 0.999219 0.489706 573 1 3046 -0.0511949 0.074694 -0.00981034 3.71004 3.5721 53.7365 
0.704629 0.247857 152849 1 0.999219 0.489706 574 1 3048 -0.0515813 0.0757881 -0.00997415 3.7233 3.57556 53.7458 
0.713766 0.247841 152914 1 0.999219 0.489706 575 1 3050 -0.0523098 0.0755852 -0.010063 3.71697 3.57627 53.736 
0.716535 0.251548 152993 1 0.999219 0.489706 576 1 3052 -0.0521317 0.0761674 -0.00862844 3.72729 3.56117 53.7404 
0.723679 0.244004 153090 1 0.999219 0.489706 577 1 3055 -0.0520622 0.077333 -0.00944098 3.73977 3.57307 53.7564 
0.71819 0.249576 153122 1 0.999219 0.489706 578 1 3056 -0.0521744 0.0759206 -0.00898514 3.72345 3.56712 53.7479 
0.71819 0.249576 153122 1 0.999219 0.489706 579 1 3056 -0.0521744 0.0759206 -0.00898514 3.72345 3.56712 53.7479 
0.71819 0.249576 153122 1 0.999219 0.489706 580 1 3056 -0.0521744 0.0759206 -0.00898514 3.72345 3.56712 53.7479 
0.71819 0.249576 153122 1 0.999219 0.489706 581 1 3056 -0.0521744 0.0759206 -0.00898514 3.72345 3.56712 53.7479 
0.71819 0.249576 153122 1 0.999219 0.489706 582 1 3056 -0.0521744 0.0759206 -0.00898514 3.72345 3.56712 53.7479 
0.72358 0.26191 153488 1 0.999219 0.489706 583 1 3067 -0.0522061 0.0758895 -0.00903305 3.72078 3.56489 53.7518 
0.710766 0.253853 153554 1 0.999219 0.489706 584 1 3069 -0.0527776 0.0756778 -0.00943015 3.72007 3.57161 53.7642 
0.50169 0.276158 153616 1 0.999219 0.489706 585 1 3071 -0.0530353 0.0763668 -0.00938427 3.72372 3.5734 53.7649 
0.51354 0.273994 153697 1 0.999219 0.489706 586 1 3073 -0.053147 0.0779255 -0.00886597 3.74213 3.56966 53.7701 
0.504454 0.26976 153761 1 0.999219 0.489706 587 1 3075 -0.053614 0.0762382 -0.00861852 3.72041 3.56802 53.767 
0.505291 0.275549 153826 1 0.999219 0.489706 588 1 3077 -0.0532887 0.0764275 -0.00856758 3.72661 3.56827 53.7767 
0.507896 0.396774 153857 1 0.999219 0.489706 589 1 3078 -0.0528863 0.0768285 -0.00726785 3.72909 3.55069 53.7687 
0.505399 0.590768 153954 1 0.999219 0.489706 590 1 3081 -0.0510205 0.0761405 -0.00230076 3.70846 3.46803 53.6813 
0.50922 0.371289 154033 1 0.999219 0.489706 591 1 3083 -0.0521338 0.0783085 -0.00634234 3.74298 3.53309 53.759 
0.504801 0.315899 154097 1 0.999219 0.489706 592 1 3085 -0.0531572 0.0771649 -0.00661702 3.73165 3.54087 53.7616 
0.503762 0.293103 154161 1 0.999219 0.489706 593 1 3087 -0.0533875 0.076496 -0.00673943 3.72705 3.5474 53.7824 
0.505099 0.26222 154227 1 0.999219 0.489706 594 1 3089 -0.0539362 0.0772943 -0.00708706 3.73989 3.55997 53.824 
1.04924 1.49685 154321 1 0.999219 0.489706 595 0 3092 -0.0530837 0.0770841 -0.00666369 3.73991 3.55428 53.8273 
0.991907 1.31778 154369 1 0.999219 0.489706 596 0 3093 -0.0483294 0.0709116 -0.0124716 3.67412 3.6341 53.9623 
0.472825 0.756577 154433 1 0.999219 0.489706 597 1 3095 -0.0525567 0.0753387 -0.0032949 3.70495 3.49776 53.7597 
0.477329 0.562561 154497 1 0.999219 0.489706 598 1 3097 -0.0525487 0.0764278 -0.00503137 3.72293 3.51671 53.7665 
0.491998 0.479849 154563 1 0.999219 0.489706 599 1 3099 -0.0524773 0.0782994 -0.00585214 3.74756 3.53328 53.7815 
0.488365 0.42875 154626 1 0.999219 0.489706 600 1 3101 -0.0529188 0.0775197 -0.00674234 3.7368 3.54428 53.7895 
0.488171 0.41182 154690 1 0.999219 0.489706 601 1 3103 -0.0539122 0.0781966 -0.00665956 3.74161 3.54678 53.7855 
0.488892 0.425422 154801 1 0.999219 0.489706 602 1 3106 -0.0534286 0.0767243 -0.00576459 3.72959 3.53217 53.7589 
0.481664 0.42535 154865 1 0.999219 0.489706 603 1 3108 -0.0532599 0.0754828 -0.00630544 3.71817 3.53641 53.7601 
0.48065 0.441485 154929 1 0.999219 0.489706 604 1 3110 -0.0529248 0.074269 -0.00673027 3.7008 3.53403 53.7268 
0.487388 0.429329 154993 1 0.999219 0.489706 605 1 3112 -0.052776 0.0764439 -0.00656322 3.71408 3.53349 53.7439 
0.484959 0.427814 155058 1 0.999219 0.489706 606 1 3114 -0.0529412 0.0761228 -0.0068191 3.71706 3.53599 53.7383 
0.49117 0.436498 155137 1 0.999219 0.489706 607 1 3116 -0.0522387 0.0775916 -0.00575377 3.74164 3.52196 53.7201 
0.486202 0.405576 155201 1 0.999219 0.489706 608 1 3118 -0.0518656 0.0758544 -0.00753314 3.72512 3.55073 53.7545 
0.484506 0.388797 155266 1 0.999219 0.489706 609 1 3120 -0.053042 0.0756322 -0.00865386 3.72022 3.5608 53.7478 
0.495292 0.388723 155330 1 0.999219 0.489706 610 1 3122 -0.052537 0.0758882 -0.00876059 3.71984 3.56372 53.7556 
0.479264 0.396009 155393 1 0.999219 0.489706 611 1 3124 -0.0538236 0.0745305 -0.00883371 3.70356 3.5606 53.7448 
0.481115 0.38668 155481 1 0.999219 0.489706 612 1 3126 -0.0534967 0.0744838 -0.00777678 3.70704 3.55547 53.7581 
0.494134 0.373468 155570 1 0.999219 0.489706 613 1 3129 -0.0528138 0.076097 -0.00871439 3.73079 3.56645 53.7688 
0.495318 0.370421 155634 1 0.999219 0.489706 614 1 3131 -0.0535065 0.076906 -0.00835622 3.73713 3.56453 53.7733 
0.495227 0.373041 155730 1 0.999219 0.489706 615 1 3134 -0.0536725 0.0767889 -0.00796504 3.73575 3.55959 53.772 
0.491303 0.38378 155810 1 0.999219 0.489706 616 1 3136 -0.0531315 0.0759604 -0.00833815 3.72755 3.55922 53.7597 
0.512121 0.384188 155874 1 0.999219 0.489706 617 1 3138 -0.0527972 0.0766546 -0.00887521 3.7336 3.56614 53.7613 
0.511681 0.390962 155969 1 0.999219 0.489706 618 1 3141 -0.0532687 0.0766267 -0.00722583 3.72882 3.54817 53.7448 
0.503865 0.392505 156030 1 0.999219 0.489706 619 1 3142 -0.05425 0.0750991 -0.00778884 3.71492 3.55632 53.7517 
0.49387 0.364159 156099 1 0.999219 0.489706 620 1 3145 -0.0538703 0.0758997 -0.00913714 3.72584 3.57016 53.7514 
0.417309 0.363249 156178 1 0.999219 0.489706 621 1 3147 -0.0537885 0.0755001 -0.00952353 3.71675 3.57206 53.7388 
0.424128 0.366116 156209 1 0.999219 0.489706 622 1 3148 -0.0534949 0.0762213 -0.00767703 3.72713 3.55491 53.7383 
0.424805 0.366211 156272 1 0.999219 0.489706 623 1 3150 -0.0533338 0.0767555 -0.00770253 3.72918 3.55322 53.7274 
0.342646 0.294366 156371 1 0.999219 0.489706 624 1 3153 -0.0533359 0.077315 -0.00764808 3.74008 3.55815 53.7579 
0.341845 0.297144 156402 1 0.999219 0.489706 625 1 3154 -0.0544697 0.0778152 -0.00747992 3.74637 3.55357 53.7508 
0.341845 0.297144 156402 1 0.999219 0.489706 626 1 3154 -0.0544697 0.0778152 -0.00747992 3.74637 3.55357 53.7508 
0.341845 0.297144 156402 1 0.999219 0.489706 627 1 3154 -0.0544697 0.0778152 -0.00747992 3.74637 3.55357 53.7508 
0.341845 0.297144 156402 1 0.999219 0.489706 628 1 3154 -0.0544697 0.0778152 -0.00747992 3.74637 3.55357 53.7508 
0.341845 0.297144 156402 1 0.999219 0.489706 629 1 3154 -0.0544697 0.0778152 -0.00747992 3.74637 3.55357 53.7508 
0.340347 0.297039 156770 1 0.999219 0.489706 630 1 3165 -0.0539707 0.0763843 -0.00734285 3.72788 3.5544 53.7451 
0.34201 0.303694 156834 1 0.999219 0.489706 631 1 3167 -0.0542136 0.0767503 -0.00676793 3.73502 3.55107 53.7856 
0.296455 0.275589 156915 1 0.999219 0.489706 632 1 3169 -0.0543395 0.07718 -0.00769122 3.73462 3.56232 53.7768 
0.291159 0.271841 156977 1 0.999219 0.489706 633 1 3171 -0.0558045 0.075152 -0.00716585 3.71291 3.56241 53.8009 
0.294182 0.285535 157042 1 0.999219 0.489706 634 1 3173 -0.0552337 0.0760442 -0.00697837 3.72267 3.55514 53.7605 
0.292654 0.285796 157105 1 0.999219 0.489706 635 1 3175 -0.0554357 0.0756791 -0.00675656 3.72591 3.55572 53.798 
0.28992 0.279194 157170 1 0.999219 0.489706 636 1 3177 -0.0558102 0.0765503 -0.00710819 3.73304 3.55778 53.7821 
0.355977 0.265429 157249 1 0.999219 0.489706 637 1 3179 -0.0555527 0.0762953 -0.00641508 3.73102 3.55321 53.805 
0.361272 0.26431 157313 1 0.999219 0.489706 638 1 3181 -0.0550588 0.0767056 -0.00684328 3.73286 3.5562 53.7986 
0.358085 0.253952 157376 1 0.999219 0.489706 639 1 3183 -0.0557866 0.0767992 -0.00726832 3.73649 3.56666 53.8192 
0.360463 0.250039 157442 1 0.999219 0.489706 640 1 3185 -0.055334 0.0765163 -0.00733268 3.74108 3.56558 53.8214 
0.356778 0.246978 157537 1 0.999219 0.489706 641 1 3188 -0.0553761 0.0746645 -0.00771278 3.72296 3.56991 53.8431 
0.361132 0.27977 157617 1 0.999219 0.489706 642 1 3190 -0.0547969 0.0756297 -0.00582737 3.72633 3.5493 53.8092 
0.358117 0.25754 157681 1 0.999219 0.489706 643 1 3192 -0.0552757 0.075242 -0.00645288 3.72389 3.55804 53.8269 
0.360033 0.262063 157745 1 0.999219 0.489706 644 1 3194 -0.0553856 0.0770921 -0.00694359 3.74579 3.56351 53.8258 
0.354683 0.261285 157808 1 0.999219 0.489706 645 1 3196 -0.0550065 0.0770678 -0.00766881 3.7454 3.56594 53.8226 
0.34914 0.251125 157841 1 0.999219 0.489706 646 1 3197 -0.0551259 0.0762053 -0.00723895 3.73426 3.56307 53.8202 
0.349382 0.261325 157906 1 0.999219 0.489706 647 1 3199 -0.0551136 0.0750543 -0.00689582 3.72152 3.56224 53.8283 
0.356123 0.257186 157986 1 0.999219 0.489706 648 1 3201 -0.0547341 0.0766325 -0.00774016 3.73481 3.56641 53.8157 
0.348534 0.256577 158050 1 0.999219 0.489706 649 1 3203 -0.0547214 0.0758043 -0.00730532 3.73136 3.56209 53.8202 
0.352324 0.267143 158115 1 0.999219 0.489706 650 1 3205 -0.0546089 0.0761462 -0.00722809 3.73412 3.55948 53.8071 
0.3541 0.256947 158209 1 0.999219 0.489706 651 1 3208 -0.0547768 0.0765746 -0.00740059 3.73441 3.56189 53.8202 
0.363107 0.274055 158272 1 0.999219 0.489706 652 1 3210 -0.0546593 0.0770987 -0.00707228 3.74283 3.55507 53.8047 
0.357206 0.266946 158352 1 0.999219 0.489706 653 1 3212 -0.0544451 0.077079 -0.00747627 3.74192 3.55848 53.8051 
0.356208 0.278425 158449 1 0.999219 0.489706 654 1 3215 -0.0543741 0.0770075 -0.00681154 3.74108 3.55094 53.8073 
0.357109 0.265054 158513 1 0.999219 0.489706 655 1 3217 -0.0547181 0.0768414 -0.0068648 3.73554 3.55331 53.8042 
0.357488 0.265322 158577 1 0.999219 0.489706 656 1 3219 -0.0548534 0.0758244 -0.00789136 3.72484 3.56523 53.8064 
0.3571 0.272415 158656 1 0.999219 0.489706 657 1 3221 -0.0546022 0.0758004 -0.00701788 3.72488 3.55083 53.7853 
0.3559 0.261252 158721 1 0.999219 0.489706 658 1 3223 -0.0553321 0.0764021 -0.00856584 3.72846 3.56961 53.7861 
0.357637 0.260173 158785 1 0.999219 0.489706 659 1 3225 -0.0546954 0.076372 -0.00822575 3.73034 3.5618 53.7756 
0.357368 0.27026 158849 1 0.999219 0.489706 660 1 3227 -0.0541094 0.0750539 -0.008542 3.71386 3.56543 53.7674 
0.360135 0.270719 158913 1 0.999219 0.489706 661 1 3229 -0.0544521 0.0766877 -0.00782119 3.73342 3.55233 53.7551 
0.355063 0.277061 158977 1 0.999219 0.489706 662 1 3231 -0.0544241 0.0747863 -0.00803254 3.713 3.55847 53.7565 
0.357762 0.279209 159057 1 0.999219 0.489706 663 1 3233 -0.054616 0.0765528 -0.00770555 3.72745 3.54693 53.7386 
0.36223 0.294724 159121 1 0.999219 0.489706 664 1 3235 -0.0538998 0.0764459 -0.00698582 3.72756 3.54331 53.7419 
0.358454 0.286469 159154 1 0.999219 0.489706 665 1 3236 -0.054058 0.0763953 -0.00721105 3.72882 3.54415 53.7564 
0.298988 0.786824 159218 1 0.999219 0.489706 666 1 3238 -0.0524215 0.0713297 -0.00480226 3.66468 3.50654 53.7187 
0.373346 0.495147 159313 1 0.999219 0.489706 667 1 3241 -0.051803 0.0754413 -0.00267851 3.70302 3.46888 53.6713 
0.372993 0.388536 159393 1 0.999219 0.489706 668 1 3243 -0.0530419 0.0760456 -0.00437069 3.71215 3.4982 53.6913 
0.377986 0.332279 159456 1 0.999219 0.489706 669 1 3245 -0.0536093 0.0761018 -0.0048416 3.72093 3.50854 53.7091 
0.375635 0.332257 159521 1 0.999219 0.489706 670 1 3247 -0.0538356 0.0763954 -0.00534014 3.72105 3.51914 53.7186 
0.380118 0.292472 159585 1 0.999219 0.489706 671 1 3249 -0.0539522 0.0760679 -0.00670442 3.72489 3.53603 53.7397 
0.378942 0.276165 159650 1 0.999219 0.489706 672 1 3251 -0.0534854 0.0755948 -0.00746055 3.71961 3.55185 53.7492 
0.364929 0.347982 159729 1 0.999219 0.489706 673 1 3253 -0.0532673 0.0747646 -0.00659069 3.71485 3.53896 53.7464 
0.364929 0.347982 159729 1 0.999219 0.489706 674 1 3253 -0.0532673 0.0747646 -0.00659069 3.71485 3.53896 53.7464 
0.364929 0.347982 159729 1 0.999219 0.489706 675 1 3253 -0.0532673 0.0747646 -0.00659069 3.71485 3.53896 53.7464 
0.364929 0.347982 159729 1 0.999219 0.489706 676 1 3253 -0.0532673 0.0747646 -0.00659069 3.71485 3.53896 53.7464 
0.364929 0.347982 159729 1 0.999219 0.489706 677 1 3253 -0.0532673 0.0747646 -0.00659069 3.71485 3.53896 53.7464 
0.364929 0.347982 159729 1 0.999219 0.489706 678 1 3253 -0.0532673 0.0747646 -0.00659069 3.71485 3.53896 53.7464 
0.395261 0.360657 160129 1 0.999219 0.489706 679 1 3265 -0.0540893 0.0768394 -0.00307257 3.72269 3.48973 53.7238 
0.402091 0.300579 160224 1 0.999219 0.489706 680 1 3268 -0.0545557 0.077856 -0.00609991 3.74182 3.53349 53.7545 
0.397546 0.283564 160289 1 0.999219 0.489706 681 1 3270 -0.0544711 0.0760948 -0.00634807 3.72801 3.54015 53.7698 
0.40114 0.28362 160353 1 0.999219 0.489706 682 1 3272 -0.0542948 0.0769863 -0.00666088 3.73974 3.54235 53.7731 
0.399798 0.281997 160385 1 0.999219 0.489706 683 1 3273 -0.0548536 0.0768143 -0.00626165 3.7391 3.53828 53.779 
0.398683 0.28188 160466 1 0.999219 0.489706 684 1 3275 -0.054333 0.0759142 -0.00656896 3.72555 3.5443 53.7725 
0.394951 0.269389 160530 1 0.999219 0.489706 685 1 3277 -0.0551712 0.0755785 -0.00655621 3.72269 3.54496 53.7734 
0.405705 0.264404 160595 1 0.999219 0.489706 686 1 3279 -0.054996 0.0776936 -0.0069917 3.74916 3.55255 53.7946 
0.401972 0.265583 160659 1 0.999219 0.489706 687 1 3281 -0.0539818 0.0762275 -0.0074739 3.73576 3.55396 53.7691 
0.39896 0.251737 160753 1 0.999219 0.489706 688 1 3284 -0.0547839 0.0767814 -0.0078432 3.74117 3.55804 53.79 
0.396718 0.266461 160832 1 0.999219 0.489706 689 1 3286 -0.0543234 0.0763157 -0.00742332 3.72893 3.5555 53.7718 
0.405942 0.249965 160896 1 0.999219 0.489706 690 1 3288 -0.0548442 0.0769627 -0.00750282 3.74371 3.55698 53.7952 
0.394571 0.27469 160961 1 0.999219 0.489706 691 1 3290 -0.0549015 0.0757348 -0.00674516 3.72559 3.54105 53.7593 
0.398059 0.269578 161026 1 0.999219 0.489706 692 1 3292 -0.0550397 0.0764535 -0.00695064 3.73579 3.53849 53.7608 
0.390949 0.262908 161090 1 0.999219 0.489706 693 1 3294 -0.0551767 0.0763304 -0.0072672 3.73435 3.55285 53.7835 
0.403937 0.266275 161168 1 0.999219 0.489706 694 1 3296 -0.0543602 0.0787736 -0.00697691 3.76084 3.53875 53.7517 
0.395758 0.236896 161265 1 0.999219 0.489706 695 1 3299 -0.0556708 0.0781368 -0.00779379 3.75744 3.55037 53.8124 
0.408017 0.276105 161329 1 0.999219 0.489706 696 1 3301 -0.0530988 0.0778129 -0.00731347 3.74636 3.54925 53.7402 
0.39955 0.245907 161393 1 0.999219 0.489706 697 1 3303 -0.0553083 0.0778755 -0.00842542 3.75269 3.55925 53.795 
0.399233 0.283471 161457 1 0.999219 0.489706 698 1 3305 -0.0521011 0.0764216 -0.00777766 3.73092 3.56326 53.7309 
0.391139 0.229634 161537 1 0.999219 0.489706 699 1 3307 -0.055422 0.0798068 -0.00795392 3.77387 3.5502 53.7998 
0.393174 0.280465 161601 1 0.999219 0.489706 700 1 3309 -0.0522299 0.0780992 -0.00871845 3.74438 3.56962 53.7281 
0.387769 0.226887 161664 1 0.999219 0.489706 701 1 3311 -0.0560392 0.0796334 -0.00825023 3.76947 3.55467 53.7923 
0.392101 0.258635 161761 1 0.999219 0.489706 702 1 3314 -0.0535954 0.0785285 -0.00766289 3.75795 3.56352 53.7805 
0.390223 0.232745 161795 1 0.999219 0.489706 703 1 3315 -0.055587 0.0791593 -0.00775441 3.76765 3.54339 53.7751 
0.390566 0.268881 161873 1 0.999219 0.489706 704 1 3317 -0.0526143 0.0775586 -0.00816092 3.73895 3.5665 53.7321 
0.396862 0.218671 161938 1 0.999219 0.489706 705 1 3319 -0.0554788 0.0805455 -0.0077366 3.78062 3.54665 53.7866 
0.393409 0.280053 162002 1 0.999219 0.489706 706 1 3321 -0.05225 0.076797 -0.00717141 3.73332 3.5524 53.7263 
0.390199 0.23229 162066 1 0.999219 0.489706 707 1 3323 -0.0549759 0.0788262 -0.00674201 3.76464 3.53555 53.7727 
0.378904 0.336428 162163 1 0.999219 0.489706 708 1 3326 -0.0539453 0.0774704 -0.00663463 3.74203 3.54909 53.7707 
0.858566 1.41077 162240 1 0.999219 0.489706 709 0 3328 -0.0500687 0.0713925 -0.0141973 3.68985 3.63999 53.9527 
0.331732 0.747666 162273 1 0.999219 0.489706 710 0 3329 -0.0481291 0.068862 -0.0147489 3.6493 3.64762 53.88 
0.345629 0.478151 162339 1 0.999219 0.489706 711 1 3331 -0.0542895 0.0746203 -0.0060306 3.70998 3.53806 53.7949 
0.372546 0.358901 162403 1 0.999219 0.489706 712 1 3333 -0.0535964 0.0776263 -0.00566462 3.73864 3.51463 53.6889 
0.379672 0.265984 162497 1 0.999219 0.489706 713 1 3336 -0.0548156 0.0779889 -0.00795661 3.75441 3.54635 53.7651 
0.379209 0.305029 162576 1 0.999219 0.489706 714 1 3338 -0.0525351 0.0765919 -0.00713291 3.72664 3.55345 53.7347 
0.372534 0.241521 162640 1 0.999219 0.489706 715 1 3340 -0.0555494 0.0760666 -0.00713707 3.73114 3.54032 53.7853 
0.385622 0.288572 162704 1 0.999219 0.489706 716 1 3342 -0.0521466 0.0776438 -0.00794496 3.73948 3.56727 53.7252 
0.383577 0.192475 162769 1 0.999219 0.489706 717 1 3344 -0.0557549 0.0779852 -0.00829737 3.76565 3.55753 53.8461 
0.378318 0.285099 162834 1 0.999219 0.489706 718 1 3346 -0.052218 0.0762499 -0.00743542 3.72567 3.56556 53.7377 
0.376487 0.193837 162898 1 0.999219 0.489706 719 1 3348 -0.0569784 0.0774565 -0.00735143 3.75729 3.54729 53.8357 
0.376533 0.238752 162947 1 0.999219 0.489706 720 1 3349 -0.0549278 0.0762103 -0.00644548 3.73458 3.52965 53.7384 
0.397053 0.253614 163073 1 0.999219 0.489706 721 1 3353 -0.055227 0.0775271 -0.00496856 3.75153 3.51781 53.7522 
0.397053 0.253614 163073 1 0.999219 0.489706 722 1 3353 -0.055227 0.0775271 -0.00496856 3.75153 3.51781 53.7522 
0.397053 0.253614 163073 1 0.999219 0.489706 723 1 3353 -0.055227 0.0775271 -0.00496856 3.75153 3.51781 53.7522 
0.397053 0.253614 163073 1 0.999219 0.489706 724 1 3353 -0.055227 0.0775271 -0.00496856 3.75153 3.51781 53.7522 
0.397053 0.253614 163073 1 0.999219 0.489706 725 1 3353 -0.055227 0.0775271 -0.00496856 3.75153 3.51781 53.7522 
0.405908 0.266131 163409 1 0.999219 0.489706 726 1 3363 -0.0542611 0.0780083 -0.00583578 3.74806 3.54643 53.7694 
0.402471 0.249432 163472 1 0.999219 0.489706 727 1 3365 -0.0550867 0.0772046 -0.00562967 3.74629 3.53955 53.7906 
0.401261 0.266864 163538 1 0.999219 0.489706 728 1 3367 -0.0542571 0.0767319 -0.00591883 3.74213 3.53938 53.7591 
0.399441 0.259354 163602 1 0.999219 0.489706 729 1 3369 -0.0546771 0.0767665 -0.00610161 3.73705 3.54045 53.7731 
0.402875 0.256489 163681 1 0.999219 0.489706 730 1 3371 -0.0548378 0.0773914 -0.00602068 3.73642 3.53849 53.7616 
0.405945 0.273425 163745 1 0.999219 0.489706 731 1 3373 -0.0550993 0.0781016 -0.00535463 3.74743 3.52464 53.75 
0.40009 0.283097 163808 1 0.999219 0.489706 732 1 3375 -0.0544901 0.0770314 -0.00592262 3.7426 3.52872 53.743 
0.380612 0.257825 163873 1 0.999219 0.489706 733 1 3377 -0.0540342 0.0789154 -0.00577368 3.76045 3.5246 53.7127 
0.376451 0.262961 163938 1 0.999219 0.489706 734 1 3379 -0.0552579 0.0787371 -0.00527952 3.75621 3.52131 53.7217 
0.387226 0.259113 164018 1 0.999219 0.489706 735 1 3381 -0.0542451 0.0780001 -0.00552466 3.74702 3.51359 53.6753 
0.385088 0.26522 164081 1 0.999219 0.489706 736 1 3383 -0.053686 0.0778225 -0.00646034 3.74329 3.53192 53.7021 
0.380755 0.258479 164145 1 0.999219 0.489706 737 1 3385 -0.0543357 0.0777054 -0.00621904 3.73698 3.51794 53.6523 
0.386496 0.242497 164241 1 0.999219 0.489706 738 1 3388 -0.0539904 0.0788033 -0.00591486 3.75149 3.5199 53.6949 
0.386833 0.258409 164304 1 0.999219 0.489706 739 1 3390 -0.0536069 0.0781139 -0.00622577 3.74332 3.52789 53.6923 
0.387118 0.275069 164385 1 0.999219 0.489706 740 1 3392 -0.0531264 0.0774746 -0.00614363 3.73581 3.52441 53.672 
0.383817 0.248473 164449 1 0.999219 0.489706 741 1 3394 -0.0541794 0.0778873 -0.00629093 3.74258 3.52693 53.7052 
0.39183 0.257988 164515 1 0.999219 0.489706 742 1 3396 -0.0536289 0.0791798 -0.0056924 3.75323 3.51714 53.6887 
0.392066 0.275799 164579 1 0.999219 0.489706 743 1 3398 -0.0532669 0.079283 -0.00625764 3.75495 3.52557 53.6822 
0.381907 0.260155 164673 1 0.999219 0.489706 744 1 3401 -0.0535049 0.0775035 -0.00668835 3.73871 3.53186 53.6914 
0.384084 0.266349 164752 1 0.999219 0.489706 745 1 3403 -0.0536151 0.0777295 -0.00614692 3.74048 3.522 53.687 
0.390068 0.262969 164786 1 0.999219 0.489706 746 1 3404 -0.0533893 0.0788317 -0.00673153 3.74941 3.52695 53.6687 
0.38932 0.274693 164883 1 0.999219 0.489706 747 1 3407 -0.0529244 0.0780504 -0.00539972 3.73859 3.51228 53.6467 
0.385515 0.263452 164947 1 0.999219 0.489706 748 1 3409 -0.0527669 0.0774367 -0.00687059 3.73425 3.52372 53.6446 
0.388583 0.265475 165042 1 0.999219 0.489706 749 1 3412 -0.0534896 0.0778003 -0.00639267 3.74128 3.51768 53.6586 
0.38245 0.270254 165123 1 0.999219 0.489706 750 1 3414 -0.0530032 0.0763926 -0.00609814 3.72084 3.51813 53.6559 
0.386035 0.281284 165154 1 0.999219 0.489706 751 1 3415 -0.0528463 0.0770841 -0.00653537 3.72522 3.52322 53.6286 
0.413953 0.331977 165251 1 0.999219 0.489706 752 1 3418 -0.0536971 0.0785798 -0.00664402 3.75097 3.5155 53.6769 
0.399296 0.777758 165281 1 0.999219 0.489706 753 1 3419 -0.0511097 0.0767043 -0.00165413 3.71594 3.45356 53.5935 
0.400481 0.469205 165379 1 0.999219 0.489706 754 1 3422 -0.0513243 0.0775469 -0.00356153 3.72449 3.46357 53.6317 
0.409078 0.406292 165457 1 0.999219 0.489706 755 1 3424 -0.0499671 0.0766091 -0.00518521 3.71025 3.50157 53.5794 
0.407833 0.322325 165521 1 0.999219 0.489706 756 1 3426 -0.0533526 0.0784769 -0.00560808 3.74821 3.49967 53.6987 
0.411383 0.313539 165553 1 0.999219 0.489706 757 1 3427 -0.05262 0.078738 -0.00586633 3.74814 3.48927 53.6305 
0.409836 0.295817 165649 1 0.999219 0.489706 758 1 3430 -0.0536544 0.0778782 -0.00579159 3.74417 3.51123 53.7228 
0.405614 0.335331 165715 1 0.999219 0.489706 759 1 3432 -0.0510807 0.0762353 -0.00535571 3.7099 3.50901 53.6039 
0.407537 0.281783 165792 1 0.999219 0.489706 760 1 3434 -0.0536229 0.0771488 -0.00599541 3.73856 3.52959 53.7401 
0.413347 0.301119 165858 1 0.999219 0.489706 761 1 3436 -0.0522502 0.0779801 -0.00643825 3.73859 3.51619 53.6189 
0.410661 0.281649 165922 1 0.999219 0.489706 762 1 3438 -0.0527118 0.0773588 -0.00671683 3.73699 3.54113 53.7191 
0.406976 0.304485 166017 1 0.999219 0.489706 763 1 3441 -0.0515763 0.0759096 -0.00730407 3.71208 3.54581 53.6368 
0.414616 0.248022 166083 1 0.999219 0.489706 764 1 3443 -0.0545857 0.0785671 -0.00659704 3.75594 3.51787 53.7045 
0.409115 0.308525 166160 1 0.999219 0.489706 765 1 3445 -0.0516507 0.0766403 -0.00610481 3.72036 3.52554 53.6197 
0.410674 0.247177 166226 1 0.999219 0.489706 766 1 3447 -0.0546567 0.0780287 -0.00710388 3.74552 3.52978 53.703 
0.408375 0.306388 166290 1 0.999219 0.489706 767 1 3449 -0.0523912 0.078016 -0.00550871 3.73463 3.51175 53.6281 
0.392249 0.322873 166321 1 0.999219 0.489706 768 1 3450 -0.0524097 0.0773343 -0.00573368 3.72969 3.52998 53.6637 
0.392249 0.322873 166321 1 0.999219 0.489706 769 1 3450 -0.0524097 0.0773343 -0.00573368 3.72969 3.52998 53.6637 
0.392249 0.322873 166321 1 0.999219 0.489706 770 1 3450 -0.0524097 0.0773343 -0.00573368 3.72969 3.52998 53.6637 
0.392249 0.322873 166321 1 0.999219 0.489706 771 1 3450 -0.0524097 0.0773343 -0.00573368 3.72969 3.52998 53.6637 
0.392249 0.322873 166321 1 0.999219 0.489706 772 1 3450 -0.0524097 0.0773343 -0.00573368 3.72969 3.52998 53.6637 
0.366378 0.333171 166721 1 0.999219 0.489706 773 1 3462 -0.0521596 0.0759518 -0.00504944 3.7131 3.50705 53.6177 
0.371471 0.280754 166785 1 0.999219 0.489706 774 1 3464 -0.0536415 0.076796 -0.00614666 3.73066 3.51201 53.6565 
0.37053 0.306693 166865 1 0.999219 0.489706 775 1 3466 -0.0518314 0.0762793 -0.00591798 3.71667 3.51339 53.6215 
0.374036 0.28058 166929 1 0.999219 0.489706 776 1 3468 -0.0539193 0.0781138 -0.0050702 3.7429 3.50394 53.6593 
0.366283 0.296622 166992 1 0.999219 0.489706 777 1 3470 -0.0526822 0.0760293 -0.00549203 3.71853 3.50562 53.6038 
0.371079 0.277455 167057 1 0.999219 0.489706 778 1 3472 -0.0531019 0.0769021 -0.0063152 3.73193 3.51926 53.654 
0.369893 0.280341 167122 1 0.999219 0.489706 779 1 3474 -0.0526642 0.0763842 -0.00634349 3.71985 3.51213 53.6211 
0.372035 0.272204 167185 1 0.999219 0.489706 780 1 3476 -0.0533 0.0770226 -0.0063518 3.72905 3.52231 53.6632 
0.378813 0.274312 167265 1 0.999219 0.489706 781 1 3478 -0.0526511 0.0777077 -0.00649457 3.73842 3.51285 53.6209 
0.37944 0.284658 167331 1 0.999219 0.489706 782 1 3480 -0.052247 0.0774 -0.00645245 3.73905 3.51912 53.6455 
0.374134 0.269921 167392 1 0.999219 0.489706 783 1 3482 -0.0528451 0.0769852 -0.00653198 3.72809 3.51201 53.6227 
0.373035 0.293114 167458 1 0.999219 0.489706 784 1 3484 -0.0527788 0.0761364 -0.00619838 3.71675 3.51617 53.6372 
0.377062 0.282829 167521 1 0.999219 0.489706 785 1 3486 -0.053407 0.0775404 -0.00666262 3.72953 3.51084 53.6037 
0.374729 0.280033 167601 1 0.999219 0.489706 786 1 3488 -0.0526171 0.0771532 -0.00720275 3.72998 3.5296 53.6417 
0.377884 0.273958 167665 1 0.999219 0.489706 787 1 3490 -0.0535675 0.0781026 -0.00603259 3.74113 3.5086 53.6286 
0.383093 0.287685 167728 1 0.999219 0.489706 788 1 3492 -0.0519332 0.0781465 -0.00613428 3.73822 3.51845 53.6342 
0.375092 0.272929 167794 1 0.999219 0.489706 789 1 3494 -0.0537418 0.0784405 -0.00618857 3.73965 3.51108 53.6304 
0.37889 0.289186 167857 1 0.999219 0.489706 790 1 3496 -0.0529466 0.0781823 -0.00590814 3.73891 3.51585 53.6338 
0.38523 0.282726 167938 1 0.999219 0.489706 791 1 3498 -0.0531993 0.0787903 -0.00571181 3.75065 3.509 53.6388 
0.381522 0.418628 168001 1 0.999219 0.489706 792 1 3500 -0.0520725 0.0776806 -0.00421115 3.73454 3.49527 53.6354 
0.371438 0.805573 168033 1 0.999219 0.489706 793 1 3501 -0.0512779 0.0760917 -0.000425129 3.71219 3.44025 53.6066 
0.383629 0.486442 168128 1 0.999219 0.489706 794 1 3504 -0.0512471 0.0769345 -0.00234834 3.71935 3.4613 53.5986 
0.395467 0.404486 168193 1 0.999219 0.489706 795 1 3506 -0.0520016 0.0773847 -0.00334323 3.73285 3.4736 53.6204 
0.392299 0.367624 168258 1 0.999219 0.489706 796 1 3508 -0.052353 0.0774411 -0.00489736 3.73444 3.50258 53.6481 
0.394577 0.33691 168337 1 0.999219 0.489706 797 1 3510 -0.0535567 0.0782918 -0.00439162 3.7458 3.49731 53.6665 
0.398847 0.323458 168433 1 0.999219 0.489706 798 1 3513 -0.0531492 0.0781155 -0.0048586 3.74382 3.51443 53.7048 
0.399734 0.315159 168497 1 0.999219 0.489706 799 1 3515 -0.0538314 0.0781779 -0.00605011 3.74368 3.52227 53.6792 
0.394643 0.313244 168561 1 0.999219 0.489706 800 1 3517 -0.0535239 0.0772212 -0.00638524 3.73603 3.52871 53.6875 
0.396134 0.300039 168624 1 0.999219 0.489706 801 1 3519 -0.0536823 0.0775109 -0.00618058 3.73895 3.52763 53.6858 
0.391839 0.313046 168705 1 0.999219 0.489706 802 1 3521 -0.0536524 0.0761902 -0.00520805 3.72554 3.51872 53.6884 
0.395792 0.296451 168769 1 0.999219 0.489706 803 1 3523 -0.0538156 0.0769653 -0.0063739 3.73119 3.53192 53.7082 
0.399654 0.285123 168833 1 0.999219 0.489706 804 1 3525 -0.0543925 0.0778711 -0.00701838 3.74273 3.54068 53.7124 
0.397958 0.298445 168897 1 0.999219 0.489706 805 1 3527 -0.054092 0.0775676 -0.0058774 3.74043 3.52617 53.6936 
0.400141 0.294138 168960 1 0.999219 0.489706 806 1 3529 -0.0537652 0.0779411 -0.00570911 3.74675 3.52828 53.7133 
0.395453 0.290778 169040 1 0.999219 0.489706 807 1 3531 -0.0538832 0.0765254 -0.00543558 3.73164 3.52511 53.7255 
0.395617 0.266301 169105 1 0.999219 0.489706 808 1 3533 -0.0543121 0.0767804 -0.00727364 3.7354 3.55294 53.7539 
0.394642 0.275972 169169 1 0.999219 0.489706 809 1 3535 -0.054845 0.07724 -0.0063251 3.73849 3.53463 53.7298 
0.397609 0.269328 169233 1 0.999219 0.489706 810 1 3537 -0.0540017 0.0773894 -0.00689898 3.7433 3.5479 53.7472 
0.416826 0.364998 169297 1 0.999219 0.489706 811 1 3539 -0.0539355 0.0773899 -0.00553257 3.74002 3.52621 53.7264 
0.420369 0.663028 169331 1 0.999219 0.489706 812 1 3540 -0.0524138 0.0757432 -0.00242934 3.7148 3.48253 53.6913 
0.433654 0.474939 169440 1 0.999219 0.489706 813 1 3543 -0.0524266 0.0774832 -0.00331457 3.72877 3.48009 53.6653 
0.438925 0.421079 169473 1 0.999219 0.489706 814 1 3544 -0.0520719 0.0774364 -0.0036935 3.73126 3.49077 53.6715 
0.442442 0.362573 169537 1 0.999219 0.489706 815 1 3546 -0.053329 0.0785087 -0.00541232 3.7484 3.51017 53.6793 
0.443357 0.339163 169633 1 0.999219 0.489706 816 1 3549 -0.0532218 0.0780049 -0.00522856 3.73988 3.514 53.6859 
0.443357 0.339163 169633 1 0.999219 0.489706 817 1 3549 -0.0532218 0.0780049 -0.00522856 3.73988 3.514 53.6859 
0.443357 0.339163 169633 1 0.999219 0.489706 818 1 3549 -0.0532218 0.0780049 -0.00522856 3.73988 3.514 53.6859 
0.443357 0.339163 169633 1 0.999219 0.489706 819 1 3549 -0.0532218 0.0780049 -0.00522856 3.73988 3.514 53.6859 
0.443357 0.339163 169633 1 0.999219 0.489706 820 1 3549 -0.0532218 0.0780049 -0.00522856 3.73988 3.514 53.6859 
0.445219 0.311018 169667 1 0.999219 0.489706 821 1 3550 -0.0536194 0.0782703 -0.00601027 3.74554 3.52225 53.6997 
0.391793 0.305381 170002 1 0.999219 0.489706 822 1 3560 -0.0531506 0.0778297 -0.00714586 3.74598 3.53316 53.6862 
0.388448 0.299251 170080 1 0.999219 0.489706 823 1 3562 -0.0542279 0.0775234 -0.00592549 3.7402 3.52339 53.6951 
0.38838 0.286433 170144 1 0.999219 0.489706 824 1 3564 -0.0538119 0.0768937 -0.00745425 3.7334 3.54214 53.6972 
0.392242 0.291145 170209 1 0.999219 0.489706 825 1 3566 -0.0538604 0.0778283 -0.00716857 3.74364 3.53582 53.6824 
0.394452 0.289609 170274 1 0.999219 0.489706 826 1 3568 -0.0542032 0.0787158 -0.00747539 3.75031 3.53856 53.6704 
0.394494 0.284071 170337 1 0.999219 0.489706 827 1 3570 -0.0541829 0.0780615 -0.00706529 3.7506 3.53832 53.6906 
0.501767 0.368687 170403 1 0.999219 0.489706 828 1 3572 -0.0540648 0.0786012 -0.00776608 3.75251 3.53731 53.669 
0.4989 0.372914 170482 1 0.999219 0.489706 829 1 3574 -0.053386 0.0778457 -0.00770019 3.74262 3.53975 53.6802 
0.494255 0.374411 170544 1 0.999219 0.489706 830 1 3576 -0.0531592 0.0764328 -0.00596325 3.72925 3.52291 53.6845 
0.497672 0.383404 170609 1 0.999219 0.489706 831 1 3578 -0.0521056 0.0770642 -0.006333 3.74004 3.52707 53.6831 
0.502561 0.419956 170641 1 0.999219 0.489706 832 1 3579 -0.0519743 0.078117 -0.00576068 3.75473 3.51756 53.6834 
0.503821 0.803999 170769 1 0.999219 0.489706 833 1 3583 -0.049488 0.0766332 -0.00103397 3.71707 3.4329 53.5763 
0.50422 0.650526 170848 1 0.999219 0.489706 834 1 3585 -0.0498232 0.0761978 -0.00266581 3.71399 3.45624 53.5995 
0.50711 0.572489 170912 1 0.999219 0.489706 835 1 3587 -0.0510305 0.077157 -0.0039369 3.72726 3.48194 53.6255 
0.503894 0.53101 170977 1 0.999219 0.489706 836 1 3589 -0.0512538 0.0761105 -0.00471593 3.71864 3.49127 53.6324 
0.500562 0.513646 171041 1 0.999219 0.489706 837 1 3591 -0.0514846 0.0757986 -0.00476452 3.71174 3.49541 53.6397 
0.508481 0.476926 171105 1 0.999219 0.489706 838 1 3593 -0.0522623 0.0771947 -0.00578873 3.7333 3.51 53.6475 
0.506655 0.483323 171185 1 0.999219 0.489706 839 1 3595 -0.0518841 0.0776347 -0.00534526 3.73589 3.50466 53.638 
0.510592 0.480849 171248 1 0.999219 0.489706 840 1 3597 -0.0519616 0.0778854 -0.00563496 3.73732 3.5065 53.6404 
0.514252 0.459913 171313 1 0.999219 0.489706 841 1 3599 -0.0522184 0.0786925 -0.00576985 3.7475 3.51404 53.6641 
0.495099 0.425419 171377 1 0.999219 0.489706 842 1 3601 -0.052557 0.0768961 -0.00621729 3.72925 3.51653 53.6539 
0.498807 0.414268 171441 1 0.999219 0.489706 843 1 3603 -0.052682 0.0773864 -0.00622115 3.73446 3.51983 53.6707 
0.485366 0.399007 171521 1 0.999219 0.489706 844 1 3605 -0.0533654 0.077788 -0.00623753 3.73528 3.51935 53.6648 
0.375309 0.301274 171584 1 0.999219 0.489706 845 1 3607 -0.0543677 0.0777667 -0.00609467 3.73706 3.52228 53.6944 
0.373159 0.299122 171650 1 0.999219 0.489706 846 1 3609 -0.0537122 0.0761438 -0.00611751 3.72082 3.52629 53.7129 
0.379978 0.310219 171715 1 0.999219 0.489706 847 1 3611 -0.0541009 0.0777081 -0.00546 3.73979 3.51604 53.6943 
0.379474 0.287937 171778 1 0.999219 0.489706 848 1 3613 -0.0540192 0.0779551 -0.00582602 3.74246 3.52618 53.7107 
0.378964 0.28575 171857 1 0.999219 0.489706 849 1 3615 -0.054197 0.0779759 -0.00636786 3.74129 3.53335 53.7142 
0.379568 0.290662 171921 1 0.999219 0.489706 850 1 3617 -0.0537578 0.0772867 -0.00617817 3.73637 3.53041 53.7103 
0.376386 0.289091 172016 1 0.999219 0.489706 851 1 3620 -0.0538692 0.0764218 -0.00672297 3.72451 3.53574 53.7082 
0.377338 0.279111 172080 1 0.999219 0.489706 852 1 3622 -0.0546597 0.0774934 -0.00576402 3.73567 3.52701 53.7091 
0.374441 0.275966 172145 1 0.999219 0.489706 853 1 3624 -0.0547826 0.0761705 -0.00576275 3.72564 3.53197 53.727 
0.37752 0.282404 172225 1 0.999219 0.489706 854 1 3626 -0.0546096 0.0775348 -0.00632342 3.74081 3.53169 53.7149 
0.381194 0.28225 172290 1 0.999219 0.489706 855 1 3628 -0.0545926 0.0775629 -0.00608644 3.74108 3.53074 53.717 
0.377762 0.27653 172352 1 0.999219 0.489706 856 1 3630 -0.0553297 0.0771075 -0.00536011 3.73306 3.52544 53.74 
0.379032 0.287511 172417 1 0.999219 0.489706 857 1 3632 -0.0551885 0.0776979 -0.00478733 3.73903 3.51745 53.7243 
0.374727 0.287525 172481 1 0.999219 0.489706 858 1 3634 -0.054535 0.0767922 -0.00568182 3.73104 3.52222 53.7216 
0.371022 0.288981 172545 1 0.999219 0.489706 859 1 3636 -0.0544928 0.0766915 -0.00570259 3.72928 3.52172 53.7137 
0.373397 0.310804 172625 1 0.999219 0.489706 860 1 3638 -0.0548283 0.076851 -0.00460163 3.73034 3.50828 53.703 
0.355273 0.504636 172658 1 0.999219 0.489706 861 1 3639 -0.0539301 0.0754245 -0.00336291 3.70954 3.49039 53.6934 
0.374773 0.976889 172752 1 0.999219 0.489706 862 1 3642 -0.051531 0.0746693 0.00286539 3.68665 3.39083 53.584 
0.389944 0.705155 172817 1 0.999219 0.489706 863 1 3644 -0.0506651 0.074659 0.000541217 3.68922 3.4173 53.5952 
0.391448 0.572956 172881 1 0.999219 0.489706 864 1 3646 -0.0513361 0.0754637 -0.00199045 3.70566 3.45177 53.6113 
0.391875 0.513487 172930 1 0.999219 0.489706 865 1 3647 -0.0516766 0.0752605 -0.00282759 3.70503 3.46564 53.6323 
0.391875 0.513487 172930 1 0.999219 0.489706 866 1 3647 -0.0516766 0.0752605 -0.00282759 3.70503 3.46564 53.6323 
0.391875 0.513487 172930 1 0.999219 0.489706 867 1 3647 -0.0516766 0.0752605 -0.00282759 3.70503 3.46564 53.6323 
0.391875 0.513487 172930 1 0.999219 0.489706 868 1 3647 -0.0516766 0.0752605 -0.00282759 3.70503 3.46564 53.6323 
0.398568 0.50168 172961 1 0.999219 0.489706 869 1 3648 -0.0521518 0.07711 -0.00296477 3.72332 3.46753 53.6224 
0.391861 0.499613 173297 1 0.999219 0.489706 870 1 3658 -0.0526093 0.0781389 -0.00437512 3.74143 3.48717 53.6271 
0.385454 0.503971 173361 1 0.999219 0.489706 871 1 3660 -0.0524985 0.0771913 -0.00520099 3.73187 3.49484 53.6281 
0.387127 0.497096 173425 1 0.999219 0.489706 872 1 3662 -0.0527385 0.0780343 -0.00537054 3.73948 3.4962 53.6266 
0.387127 0.497096 173425 1 0.999219 0.489706 873 1 3662 -0.0527385 0.0780343 -0.00537054 3.73948 3.4962 53.6266 
0.387127 0.497096 173425 1 0.999219 0.489706 874 1 3662 -0.0527385 0.0780343 -0.00537054 3.73948 3.4962 53.6266 
0.387127 0.497096 173425 1 0.999219 0.489706 875 1 3662 -0.0527385 0.0780343 -0.00537054 3.73948 3.4962 53.6266 
0.387127 0.497096 173425 1 0.999219 0.489706 876 1 3662 -0.0527385 0.0780343 -0.00537054 3.73948 3.4962 53.6266 
0.387127 0.497096 173425 1 0.999219 0.489706 877 1 3662 -0.0527385 0.0780343 -0.00537054 3.73948 3.4962 53.6266 
0.387127 0.497096 173425 1 0.999219 0.489706 878 1 3662 -0.0527385 0.0780343 -0.00537054 3.73948 3.4962 53.6266 
