ImageFile:
-0.0303779 -0.805279 69857 1 0.140625 0.255769 1 0 752 -0.00627181 0.0101613 -0.01021 -5.65564 2.6702 173.821 
0.789188 -0.058669 70057 1 0.152083 0.255769 2 1 757 -0.00334477 0.00845334 -0.00766416 -5.65478 2.674 173.958 
-0.00628133 -1.0071 70298 1 0.232292 0.254808 3 0 763 -0.00293634 0.010311 -0.00936428 -5.61082 2.68863 174.101 
0.0282702 -1.17996 70378 1 0.320313 0.246154 4 0 765 -0.00237771 0.0152182 -0.00972995 -5.54993 2.68629 174.003 
0.236007 -1.36339 70459 1 0.320313 0.246154 5 0 767 0.00152544 0.0140602 -0.0123858 -5.5556 2.71445 174.301 
0.450633 -1.47302 70539 1 0.320313 0.246154 6 0 769 0.00136899 0.0164396 -0.0152286 -5.51996 2.75681 174.29 
1.41691 -1.95233 70578 1 0.320313 0.246154 7 0 770 0.00139121 0.0132963 -0.0142414 -5.55312 2.74965 174.18 
1.47198 -2.0985 70618 1 0.320313 0.246154 8 0 771 0.00103988 0.0122845 -0.0136613 -5.58098 2.74491 174.28 
1.47198 -2.0985 70618 1 0.342708 0.236538 9 0 771 0.00103988 0.0122845 -0.0136613 -5.58098 2.74491 174.28 
1.42153 -2.08191 70819 1 0.473438 0.181731 10 0 776 -8.29109e-005 0.0106954 -0.0129089 -5.61335 2.73108 174.157 
1.39592 -2.09593 70900 1 0.723958 0.152885 11 0 778 -0.000193121 0.00904185 -0.0149201 -5.63773 2.73133 174.164 
1.36281 -2.06725 70939 1 0.889583 0.150962 12 0 779 -3.89572e-005 0.00860995 -0.0151818 -5.63427 2.73068 174.065 
0.922414 -1.44421 71059 1 0.915625 0.150962 13 0 782 -0.00260735 0.0126864 -0.0108474 -5.58617 2.67077 173.52 
1.05959 -1.78291 71140 1 0.920833 0.1375 14 0 784 0.000524836 0.0174203 -0.018556 -5.53638 2.70438 172.786 
1.35699 -1.85851 71220 1 0.940625 0.102885 15 0 786 0.00442511 0.032306 -0.0144833 -5.39576 2.54838 170.946 
2.25286 -2.48307 71260 1 0.932292 0.119231 16 0 787 0.00596912 0.042394 -0.0363819 -5.32347 2.70585 170.084 
2.25286 -2.48307 71260 1 0.909375 0.164423 17 0 787 0.00596912 0.042394 -0.0363819 -5.32347 2.70585 170.084 
2.45204 -2.65338 71460 1 0.906771 0.172115 18 0 792 -0.00676318 0.040247 -0.0389778 -5.32301 2.71011 170.899 
2.23454 -2.33527 71540 1 0.90625 0.173077 19 0 794 -0.00545586 0.010544 -0.0382259 -5.52729 2.6334 171.152 
2.26511 -2.36936 71580 1 0.905729 0.168269 20 0 795 -0.00182501 0.00911133 -0.0335386 -5.58091 2.58497 171.288 
2.26511 -2.36936 71580 1 0.904687 0.153846 21 0 795 -0.00182501 0.00911133 -0.0335386 -5.58091 2.58497 171.288 
1.86129 -1.95233 71740 1 0.904687 0.151923 22 0 799 -0.00772681 0.0329868 -0.0245442 -5.61998 2.56529 172.42 
1.02343 0.597377 71822 1 0.904167 0.151923 23 0 801 -0.00693372 0.0327611 -0.0258789 -5.48927 2.57994 172.246 
1.02343 0.597377 71822 1 0.752083 0.3 24 0 801 -0.00693372 0.0327611 -0.0258789 -5.48927 2.57994 172.246 
1.98789 -1.33167 72060 1 0.244792 0.691346 25 0 807 -0.00331041 0.0202849 -0.0129811 -5.5875 2.53948 173.099 
1.39538 -1.50506 72144 1 0.192708 0.722115 26 0 809 -0.00516836 0.0151993 -0.0154981 -5.59106 2.62279 172.946 
0.801076 -1.53064 72223 1 0.192708 0.722115 27 0 811 5.85621e-005 0.0202198 -0.0175793 -5.55685 2.74631 172.471 
0.801076 -1.53064 72223 1 0.192708 0.722115 28 0 811 5.85621e-005 0.0202198 -0.0175793 -5.55685 2.74631 172.471 
0.801076 -1.53064 72223 1 0.192708 0.722115 29 0 811 5.85621e-005 0.0202198 -0.0175793 -5.55685 2.74631 172.471 
0.852732 -1.66818 72382 1 0.180208 0.739423 30 0 815 -0.00338325 0.0314988 -0.0349782 -5.40602 2.90388 171.651 
0.666407 -0.303739 72422 1 0.135417 0.821154 31 0 816 -0.00108453 0.0343346 -0.0366536 -5.33693 2.89543 171.777 
0.867778 1.52812 72462 1 0.0927083 0.930769 32 0 817 -0.00108453 0.0343346 -0.0366536 -5.33693 2.89543 171.777 
0.867778 1.52812 72462 1 0.0854167 0.945192 33 0 817 -0.00108453 0.0343346 -0.0366536 -5.33693 2.89543 171.777 
0.974341 2.5656 72502 1 0.0770833 0.955769 34 0 818 0.0069707 0.0439718 -0.0299711 -5.22472 2.83121 171.193 
0.904397 0.0332086 72743 1 0.071875 0.964423 35 0 824 0.00543079 0.0328847 -0.0171965 -5.27932 2.77079 171.302 
0.97851 -0.384038 72865 1 0.0708333 0.964423 36 0 827 0.0041359 0.023282 -0.00126614 -5.42376 2.59121 172.817 
0.97851 -0.384038 72865 1 0.0708333 0.964423 37 0 827 0.0041359 0.023282 -0.00126614 -5.42376 2.59121 172.817 
0.74443 -0.386463 72904 1 0.0640625 0.975962 38 0 828 0.00318204 0.0152793 0.00865853 -5.504 2.49871 173.269 
-0.198467 -1.01435 73103 1 0.0557292 0.978846 39 0 833 0.00491364 0.00869072 0.00798134 -5.6294 2.53673 174.204 
-0.135263 -0.861708 73143 1 0.0546875 0.978846 40 0 834 0.00682661 0.0113386 0.0167783 -5.61156 2.48582 174.343 
-0.135263 -0.861708 73143 1 0.0546875 0.978846 41 0 834 0.00682661 0.0113386 0.0167783 -5.61156 2.48582 174.343 
-0.135263 -0.861708 73143 1 0.0546875 0.978846 42 0 834 0.00682661 0.0113386 0.0167783 -5.61156 2.48582 174.343 
-0.18482 0.0172662 73183 1 0.0546875 0.978846 43 1 835 0.00704828 0.00870949 0.0242236 -5.61562 2.44069 174.147 
-0.388468 0.633766 73424 1 0.0546875 0.978846 44 0 841 0.00860213 0.0143727 0.0317394 -5.58368 2.41998 174.66 
-0.622242 0.62628 73504 1 0.0546875 0.978846 45 0 843 0.009804 0.00170429 0.0422965 -5.67862 2.34078 174.56 
-0.622242 0.62628 73504 1 0.0546875 0.978846 46 0 843 0.009804 0.00170429 0.0422965 -5.67862 2.34078 174.56 
-0.622242 0.62628 73504 1 0.0546875 0.978846 47 0 843 0.009804 0.00170429 0.0422965 -5.67862 2.34078 174.56 
-0.20851 0.145949 73744 1 0.0546875 0.978846 48 0 849 0.00784495 0.00754523 0.0174295 -5.62466 2.66404 174.467 
-0.238564 0.283855 73784 1 0.0546875 0.978846 49 0 850 0.00850542 0.0068163 0.0218434 -5.61833 2.60351 174.293 
-0.177065 0.00696417 73825 1 0.0546875 0.978846 50 1 851 0.00761314 0.00798158 0.0126971 -5.58134 2.67528 174.132 
-0.177065 0.00696417 73825 1 0.0546875 0.978846 51 1 851 0.00761314 0.00798158 0.0126971 -5.58134 2.67528 174.132 
-0.265261 0.625155 73865 1 0.0546875 0.978846 52 0 852 0.00939946 0.0051982 0.0178378 -5.57117 2.63406 173.981 
-0.979042 4.026 73987 1 0.0546875 0.978846 53 0 855 0.00939946 0.0051982 0.0178378 -5.57117 2.63406 173.981 
-0.226383 1.02366 74065 1 0.0546875 0.978846 54 0 857 0.00839218 0.00318056 0.0419704 -5.55422 2.5712 174.21 
-0.226383 1.02366 74065 1 0.0541667 0.978846 55 0 857 0.00839218 0.00318056 0.0419704 -5.55422 2.5712 174.21 
-1.24209 0.820563 74105 1 0.0541667 0.978846 56 0 858 0.00737598 0.00596043 0.0540886 -5.51374 2.45326 174.199 
-0.189249 -0.787002 74385 1 0.0380208 0.978846 57 0 865 0.0143023 0.00191111 0.0516804 -5.5719 2.49852 174.308 
-0.271845 -0.880455 74466 1 -0.180208 0.978846 58 0 867 0.0141426 0.00266083 0.0501041 -5.59624 2.52103 174.451 
-0.271845 -0.880455 74466 1 -0.56875 0.974038 59 0 867 0.0141426 0.00266083 0.0501041 -5.59624 2.52103 174.451 
-0.271845 -0.880455 74466 1 -0.608333 0.948077 60 0 867 0.0141426 0.00266083 0.0501041 -5.59624 2.52103 174.451 
-0.179909 -1.11582 74666 1 -0.608333 0.948077 61 0 872 0.0112078 0.005258 0.0360621 -5.56263 2.61195 174.111 
-0.0769653 -1.18171 74753 1 -0.608333 0.948077 62 0 874 0.0103138 0.0141006 0.0217759 -5.45302 2.7138 173.446 
0.0297528 -1.3529 74786 1 -0.608333 0.948077 63 0 875 0.0106792 0.0172239 0.0155726 -5.40347 2.76936 173.159 
0.0297528 -1.3529 74786 1 -0.614062 0.946154 64 0 875 0.0106792 0.0172239 0.0155726 -5.40347 2.76936 173.159 
0.107362 -1.50869 74947 1 -0.635417 0.894231 65 0 879 0.00707177 0.0234755 0.0174918 -5.32944 2.8255 173.514 
0.377184 -1.5386 75027 1 -0.707292 0.782692 66 0 881 0.00700399 0.0230698 0.0190848 -5.34781 2.76405 173.457 
0.223846 -1.53472 75106 1 -0.741146 0.736538 67 0 883 0.00688396 0.0178884 0.00824747 -5.39482 2.80536 173.176 
0.223846 -1.53472 75106 1 -0.741146 0.729808 68 0 883 0.00688396 0.0178884 0.00824747 -5.39482 2.80536 173.176 
0.223846 -1.53472 75106 1 -0.741146 0.721154 69 0 883 0.00688396 0.0178884 0.00824747 -5.39482 2.80536 173.176 
-0.184086 -1.26434 75307 1 -0.738542 0.707692 70 0 888 0.0103273 0.0135884 0.00238651 -5.5383 2.84518 174.656 
-0.76072 0.468613 75349 1 -0.733333 0.7 71 0 889 0.00791326 0.0171916 0.0116415 -5.48468 2.77669 174.554 
-0.471147 2.29933 75388 1 -0.731771 0.697115 72 0 890 0.00625306 0.0250201 0.0286099 -5.3905 2.63105 174.793 
-0.471147 2.29933 75388 1 -0.731771 0.697115 73 0 890 0.00625306 0.0250201 0.0286099 -5.3905 2.63105 174.793 
-0.471147 2.29933 75388 1 -0.731771 0.697115 74 0 890 0.00625306 0.0250201 0.0286099 -5.3905 2.63105 174.793 
0.15617 -0.795552 75708 1 -0.731771 0.697115 75 0 898 -0.000237816 0.045503 0.0314104 -5.14259 2.60078 174.508 
0.116512 -0.829712 75789 1 -0.731771 0.697115 76 0 900 0.000619001 0.0380998 0.026136 -5.1832 2.63108 174.565 
0.116512 -0.829712 75789 1 -0.731771 0.697115 77 0 900 0.000619001 0.0380998 0.026136 -5.1832 2.63108 174.565 
0.0357662 -0.770596 75948 1 -0.731771 0.697115 78 0 904 -0.00144913 0.0286159 0.0346902 -5.24934 2.56416 174.359 
-0.0451407 -0.741855 76029 1 -0.731771 0.697115 79 0 906 -0.000406999 0.024585 0.0328584 -5.28633 2.56395 174.23 
-0.0851189 -0.75044 76109 1 -0.731771 0.697115 80 0 908 0.00265372 0.019198 0.0398285 -5.31183 2.52491 174.16 
-0.0851189 -0.75044 76109 1 -0.731771 0.697115 81 0 908 0.00265372 0.019198 0.0398285 -5.31183 2.52491 174.16 
-0.121415 -0.696433 76150 1 -0.731771 0.697115 82 0 909 0.00385859 0.020241 0.0483059 -5.30268 2.4703 174.307 
1.16633 -0.335354 76350 1 -0.731771 0.697115 83 0 914 0.00326302 0.0209399 0.044084 -5.30261 2.49836 174.027 
1.28735 -0.156811 76430 1 -0.731771 0.697115 84 0 916 0.00442313 0.0187113 0.0478856 -5.30196 2.48016 174.178 
1.28735 -0.156811 76430 1 -0.731771 0.697115 85 0 916 0.00442313 0.0187113 0.0478856 -5.30196 2.48016 174.178 
1.28735 -0.156811 76430 1 -0.731771 0.697115 86 0 916 0.00442313 0.0187113 0.0478856 -5.30196 2.48016 174.178 
1.34891 0.0193059 76629 1 -0.731771 0.697115 87 0 921 0.00505103 0.0136636 0.0487872 -5.32733 2.45862 174.082 
1.26594 -0.0805162 76710 1 -0.731771 0.697115 88 0 923 0.00509381 0.00718582 0.0397359 -5.39293 2.52693 173.909 
1.25742 -0.0720469 76751 1 -0.731771 0.697115 89 0 924 0.00540577 0.0109884 0.0419006 -5.36534 2.51078 173.862 
1.25742 -0.0720469 76751 1 -0.731771 0.697115 90 0 924 0.00540577 0.0109884 0.0419006 -5.36534 2.51078 173.862 
1.30752 -0.0783518 76790 1 -0.731771 0.697115 91 0 925 0.00632951 0.0128972 0.0424405 -5.34787 2.51783 173.834 
1.25851 0.047244 76952 1 -0.731771 0.697115 92 0 929 0.00657311 0.00675692 0.051903 -5.40333 2.45727 173.755 
1.25005 -0.0767284 77030 1 -0.731771 0.697115 93 0 931 0.00624827 0.00402508 0.039737 -5.44538 2.55033 174.074 
1.22696 -0.117643 77072 1 -0.731771 0.697115 94 0 932 0.00325793 0.0076446 0.0332742 -5.3944 2.58671 173.696 
1.22696 -0.117643 77072 1 -0.731771 0.697115 95 0 932 0.00325793 0.0076446 0.0332742 -5.3944 2.58671 173.696 
1.20341 -0.165667 77111 1 -0.731771 0.697115 96 0 933 0.00426076 0.00797171 0.029386 -5.38882 2.60698 173.719 
1.20341 -0.165667 77111 1 -0.731771 0.697115 97 0 933 0.00426076 0.00797171 0.029386 -5.38882 2.60698 173.719 
1.11208 -0.505618 77192 1 -0.731771 0.697115 98 0 935 0.0169623 0.0015579 0.0188478 -5.48822 2.72907 174.367 
1.11208 -0.505618 77192 1 -0.731771 0.697115 99 0 935 0.0169623 0.0015579 0.0188478 -5.48822 2.72907 174.367 
1.12372 -0.509083 77351 1 -0.731771 0.697115 100 0 939 0.0168023 -0.000875845 0.0211079 -5.54221 2.74601 174.592 
1.12372 -0.509083 77351 1 -0.731771 0.697115 101 0 939 0.0168023 -0.000875845 0.0211079 -5.54221 2.74601 174.592 
1.16139 -0.501737 77473 1 -0.731771 0.697115 102 0 942 0.0140312 -0.000154459 0.0256959 -5.5317 2.72202 174.635 
1.16139 -0.501737 77473 1 -0.731771 0.697115 103 0 942 0.0140312 -0.000154459 0.0256959 -5.5317 2.72202 174.635 
1.16139 -0.501737 77473 1 -0.731771 0.697115 104 0 942 0.0140312 -0.000154459 0.0256959 -5.5317 2.72202 174.635 
1.19286 -0.437094 77632 1 -0.731771 0.697115 105 0 946 0.014887 0.00642 0.0244574 -5.47018 2.69877 174.508 
1.08338 -0.630551 77792 1 -0.731771 0.697115 106 0 950 0.0158882 0.00428923 0.00954295 -5.50862 2.82541 174.397 
1.08338 -0.630551 77792 1 -0.731771 0.697115 107 0 950 0.0158882 0.00428923 0.00954295 -5.50862 2.82541 174.397 
1.08338 -0.630551 77792 1 -0.731771 0.697115 108 0 950 0.0158882 0.00428923 0.00954295 -5.50862 2.82541 174.397 
1.14386 -0.595187 77953 1 -0.731771 0.697115 109 0 954 0.0107017 0.00971976 0.0120081 -5.51721 2.8158 174.598 
1.14386 -0.595187 77953 1 -0.731771 0.697115 110 0 954 0.0107017 0.00971976 0.0120081 -5.51721 2.8158 174.598 
1.06825 -0.571603 78073 1 -0.731771 0.697115 111 0 957 0.0114488 0.00808113 0.0099814 -5.54312 2.80761 174.453 
1.06825 -0.571603 78073 1 -0.731771 0.697115 112 0 957 0.0114488 0.00808113 0.0099814 -5.54312 2.80761 174.453 
0.756439 -0.391068 78233 1 -0.731771 0.697115 113 0 961 0.0102368 0.00983406 0.0211411 -5.51713 2.73967 174.306 
0.321105 -0.0594693 78355 1 -0.731771 0.697115 114 1 964 0.0045943 0.0208904 0.0469262 -5.40444 2.52451 174.57 
0.321105 -0.0594693 78355 1 -0.731771 0.697115 115 1 964 0.0045943 0.0208904 0.0469262 -5.40444 2.52451 174.57 
0.321105 -0.0594693 78355 1 -0.731771 0.697115 116 1 964 0.0045943 0.0208904 0.0469262 -5.40444 2.52451 174.57 
0.245857 -0.0745221 78514 1 -0.731771 0.697115 117 1 968 0.00841832 0.012935 0.0444263 -5.42767 2.5121 174.83 
0.245857 -0.0745221 78514 1 -0.731771 0.697115 118 1 968 0.00841832 0.012935 0.0444263 -5.42767 2.5121 174.83 
0.236652 -0.294496 78676 1 -0.731771 0.697115 119 0 972 0.0143029 0.0186018 0.0291384 -5.3765 2.64109 174.772 
0.325501 -0.175069 78833 1 -0.731771 0.697115 120 1 976 0.00909211 0.0108772 0.0387612 -5.41824 2.58875 174.697 
0.325501 -0.175069 78833 1 -0.731771 0.697115 121 1 976 0.00909211 0.0108772 0.0387612 -5.41824 2.58875 174.697 
0.276441 -0.159366 78954 1 -0.731771 0.697115 122 1 979 0.00487333 0.0105513 0.0372762 -5.39864 2.54436 174.161 
0.276441 -0.159366 78954 1 -0.731771 0.697115 123 1 979 0.00487333 0.0105513 0.0372762 -5.39864 2.54436 174.161 
0.170063 -0.116098 79236 1 -0.731771 0.697115 124 1 986 0.00936304 0.00584237 0.0309636 -5.45513 2.58649 174.218 
0.152709 -0.15127 79316 1 -0.731771 0.697115 125 1 988 0.00927527 0.00627154 0.0309403 -5.45887 2.58652 174.164 
0.139921 -0.197176 79395 1 -0.731771 0.697115 126 1 990 0.00881995 0.00678432 0.0307473 -5.46338 2.58503 174.132 
0.131294 -0.214288 79436 1 -0.731771 0.697115 127 0 991 0.00861326 0.00689018 0.0307702 -5.46428 2.5853 174.114 
-0.01169 -0.568344 79516 1 -0.731771 0.697115 128 0 993 0.00695296 0.0122859 0.0146858 -5.40479 2.71978 173.839 
0.030284 -0.613391 79595 1 -0.731771 0.697115 129 0 995 0.00911386 0.0124694 0.0129468 -5.37182 2.72896 173.728 
0.00424581 -0.576994 79675 1 -0.731771 0.697115 130 0 997 0.0112865 0.00770968 0.0170138 -5.40428 2.71318 174.084 
0.042156 -0.500883 79716 1 -0.731771 0.697115 131 0 998 0.0115143 0.00685173 0.0199804 -5.395 2.68612 173.802 
0.191461 -0.475154 79796 1 -0.731771 0.697115 132 0 1000 0.0129457 0.00618741 0.0210935 -5.3575 2.69162 173.737 
0.287554 -0.472856 79837 1 -0.731771 0.697115 133 0 1001 0.0138969 0.00582837 0.018454 -5.31548 2.71994 173.775 
0.287554 -0.472856 79837 1 -0.731771 0.697115 134 0 1001 0.0138969 0.00582837 0.018454 -5.31548 2.71994 173.775 
-0.0548339 -0.525161 79996 1 -0.731771 0.697115 135 0 1005 0.0195805 -0.00188024 0.0103879 -5.23863 2.71785 173.609 
0.0848534 -0.540833 80078 1 -0.731771 0.697115 136 0 1007 0.0228839 -0.00605953 0.0144637 -5.20294 2.70025 173.488 
0.381831 -0.33311 80158 1 -0.731771 0.697115 137 0 1009 0.0270603 0.00269824 0.0241677 -5.04587 2.64592 173.746 
0.381831 -0.33311 80158 1 -0.731771 0.697115 138 0 1009 0.0270603 0.00269824 0.0241677 -5.04587 2.64592 173.746 
0.562391 -0.359639 80197 1 -0.731771 0.697115 139 0 1010 0.0292659 -0.000264873 0.0284157 -5.02814 2.6142 173.842 
1.13186 -0.957799 80317 1 -0.731771 0.697115 140 0 1013 0.0323871 -0.0127436 0.0304324 -5.08792 2.62858 174.087 
0.478566 1.88229 80357 1 -0.731771 0.697115 141 0 1014 0.0323871 -0.0127436 0.0304324 -5.08792 2.62858 174.087 
0.140047 3.0077 80397 1 -0.731771 0.697115 142 0 1015 0.0332477 -0.0138393 0.0310016 -5.05327 2.58218 173.744 
0.140047 3.0077 80397 1 -0.731771 0.697115 143 0 1015 0.0332477 -0.0138393 0.0310016 -5.05327 2.58218 173.744 
1.37352 -1.13414 80638 1 -0.731771 0.697115 144 0 1021 0.0337072 -0.0123822 0.0391305 -5.12466 2.59904 174.28 
1.55904 -1.26541 80717 1 -0.731771 0.697115 145 0 1023 0.0291803 0.0050932 0.0348771 -5.03322 2.66435 174.239 
1.73316 -1.40553 80798 1 -0.731771 0.697115 146 0 1025 0.0262418 0.00156148 0.0325382 -5.09699 2.67385 174.305 
1.73316 -1.40553 80798 1 -0.731771 0.697115 147 0 1025 0.0262418 0.00156148 0.0325382 -5.09699 2.67385 174.305 
1.80896 -1.51689 81000 1 -0.731771 0.697115 148 0 1030 0.0278459 0.00230605 0.0360252 -5.08373 2.66343 174.26 
1.78588 -1.49697 81039 1 -0.731771 0.697115 149 0 1031 0.027934 0.00133131 0.0369061 -5.10459 2.65558 174.338 
1.76615 -1.48428 81121 1 -0.731771 0.697115 150 0 1033 0.0266233 -0.00134575 0.0379109 -5.15255 2.65526 174.429 
1.76615 -1.48428 81121 1 -0.731771 0.697115 151 0 1033 0.0266233 -0.00134575 0.0379109 -5.15255 2.65526 174.429 
1.73237 -1.40763 81159 1 -0.731771 0.697115 152 0 1034 0.0255859 -0.00247575 0.038492 -5.16822 2.63622 174.402 
1.37748 -1.03226 81359 1 -0.731771 0.697115 153 0 1039 0.0238112 -0.00505949 0.0398594 -5.19501 2.53397 173.977 
1.26295 -1.06174 81440 1 -0.731771 0.697115 154 0 1041 0.0217078 -0.00969184 0.0431373 -5.24879 2.51957 173.908 
1.26295 -1.06174 81440 1 -0.731771 0.697115 155 0 1041 0.0217078 -0.00969184 0.0431373 -5.24879 2.51957 173.908 
1.21494 -1.14699 81479 1 -0.731771 0.697115 156 0 1042 0.0219192 -0.0088224 0.0393029 -5.2669 2.56643 173.952 
1.32828 -1.02273 81640 1 -0.731771 0.697115 157 0 1046 0.0151569 0.00622372 0.0466337 -5.30963 2.51436 174.332 
1.34923 -1.07863 81720 1 -0.731771 0.697115 158 0 1048 0.0122186 0.0105532 0.0462379 -5.32208 2.52263 174.119 
1.34981 -1.10126 81760 1 -0.731771 0.697115 159 0 1049 0.0118863 0.00889515 0.0442304 -5.34149 2.54122 174.157 
1.34981 -1.10126 81760 1 -0.731771 0.697115 160 0 1049 0.0118863 0.00889515 0.0442304 -5.34149 2.54122 174.157 
1.27311 -1.03694 81920 1 -0.731771 0.697115 161 0 1053 0.011441 0.00684273 0.0400306 -5.38177 2.54809 173.932 
1.228 -1.16584 82001 1 -0.731771 0.697115 162 0 1055 0.00946194 0.00804381 0.0427658 -5.41334 2.55889 174.095 
1.15112 -1.1199 82042 1 -0.731771 0.697115 163 0 1056 0.00757007 0.00826328 0.0468592 -5.45469 2.52388 174.223 
1.17883 -1.05094 82081 1 -0.731771 0.697115 164 0 1057 0.0060077 0.00969033 0.0440467 -5.46063 2.53349 174.043 
1.17883 -1.05094 82081 1 -0.731771 0.697115 165 0 1057 0.0060077 0.00969033 0.0440467 -5.46063 2.53349 174.043 
0.632825 -0.910581 82280 1 -0.731771 0.697115 166 0 1062 0.0045943 0.0112268 0.0260576 -5.4255 2.65803 173.874 
0.679542 -0.944598 82361 1 -0.731771 0.697115 167 0 1064 0.00854544 0.0135527 0.0225709 -5.39366 2.66244 174.186 
0.688707 -0.978151 82401 1 -0.731771 0.697115 168 0 1065 0.00791797 0.012571 0.0184355 -5.36949 2.69352 173.767 
0.688707 -0.978151 82401 1 -0.731771 0.697115 169 0 1065 0.00791797 0.012571 0.0184355 -5.36949 2.69352 173.767 
0.617674 -0.992364 82442 1 -0.731771 0.697115 170 0 1066 0.0108657 0.0094887 0.0202377 -5.39341 2.70599 174.217 
0.617674 -0.992364 82442 1 -0.731771 0.697115 171 0 1066 0.0108657 0.0094887 0.0202377 -5.39341 2.70599 174.217 
0.519263 -1.04154 82561 1 -0.731771 0.697115 172 0 1069 0.0136286 -0.00260151 0.0355504 -5.48228 2.6355 174.391 
0.519263 -1.04154 82561 1 -0.731771 0.697115 173 0 1069 0.0136286 -0.00260151 0.0355504 -5.48228 2.6355 174.391 
0.519263 -1.04154 82561 1 -0.731771 0.697115 174 0 1069 0.0136286 -0.00260151 0.0355504 -5.48228 2.6355 174.391 
0.642509 -1.00159 82722 1 -0.731771 0.697115 175 0 1073 0.014641 -0.00197617 0.031797 -5.40025 2.70206 174.436 
0.642509 -1.00159 82722 1 -0.731771 0.697115 176 0 1073 0.014641 -0.00197617 0.031797 -5.40025 2.70206 174.436 
0.611292 -1.01293 82882 1 -0.731771 0.697115 177 0 1077 0.0186301 0.000898311 0.0282097 -5.35085 2.68536 174.42 
0.611292 -1.01293 82882 1 -0.731771 0.697115 178 0 1077 0.0186301 0.000898311 0.0282097 -5.35085 2.68536 174.42 
0.780104 -0.889461 83042 1 -0.731771 0.697115 179 0 1081 0.0193436 -0.00491629 0.039864 -5.38615 2.66458 174.274 
0.780104 -0.889461 83042 1 -0.731771 0.697115 180 0 1081 0.0193436 -0.00491629 0.039864 -5.38615 2.66458 174.274 
0.790866 -1.01025 83163 1 -0.731771 0.697115 181 0 1084 0.0175293 0.00163696 0.0293831 -5.35148 2.76362 174.36 
0.790866 -1.01025 83163 1 -0.731771 0.697115 182 0 1084 0.0175293 0.00163696 0.0293831 -5.35148 2.76362 174.36 
0.640585 -0.762995 83323 1 -0.731771 0.697115 183 0 1088 0.0209914 -0.0174686 0.0367329 -5.45652 2.64312 174.3 
0.640585 -0.762995 83323 1 -0.731771 0.697115 184 0 1088 0.0209914 -0.0174686 0.0367329 -5.45652 2.64312 174.3 
0.640585 -0.762995 83323 1 -0.731771 0.697115 185 0 1088 0.0209914 -0.0174686 0.0367329 -5.45652 2.64312 174.3 
0.777225 -0.810066 83483 1 -0.731771 0.697115 186 0 1092 0.0184702 -0.00594292 0.0387524 -5.33308 2.66823 174.187 
0.777225 -0.810066 83483 1 -0.731771 0.697115 187 0 1092 0.0184702 -0.00594292 0.0387524 -5.33308 2.66823 174.187 
0.755754 -0.898604 83644 1 -0.731771 0.697115 188 0 1096 0.0182652 -0.00717109 0.0343751 -5.38047 2.70913 174.327 
0.755754 -0.898604 83644 1 -0.731771 0.697115 189 0 1096 0.0182652 -0.00717109 0.0343751 -5.38047 2.70913 174.327 
0.566941 -0.71453 83803 1 -0.731771 0.697115 190 0 1100 0.0185384 -0.00922664 0.0411913 -5.35117 2.54969 174.078 
0.566941 -0.71453 83803 1 -0.731771 0.697115 191 0 1100 0.0185384 -0.00922664 0.0411913 -5.35117 2.54969 174.078 
0.79851 -0.82843 83924 1 -0.731771 0.697115 192 0 1103 0.0185711 0.00111859 0.0346625 -5.26042 2.70268 174.182 
0.79851 -0.82843 83924 1 -0.731771 0.697115 193 0 1103 0.0185711 0.00111859 0.0346625 -5.26042 2.70268 174.182 
0.870772 -0.845966 84084 1 -0.731771 0.697115 194 0 1107 0.014738 0.00363547 0.0292425 -5.23316 2.7444 173.819 
0.870772 -0.845966 84084 1 -0.731771 0.697115 195 0 1107 0.014738 0.00363547 0.0292425 -5.23316 2.7444 173.819 
0.770003 -1.02673 84245 1 -0.731771 0.697115 196 0 1111 0.0182285 -0.0119148 0.0187302 -5.33697 2.81965 174.214 
0.770003 -1.02673 84245 1 -0.731771 0.697115 197 0 1111 0.0182285 -0.0119148 0.0187302 -5.33697 2.81965 174.214 
0.753487 -1.03878 84405 1 -0.731771 0.697115 198 0 1115 0.0146145 -0.00776104 0.0157319 -5.26802 2.87602 173.657 
0.753487 -1.03878 84405 1 -0.731771 0.697115 199 0 1115 0.0146145 -0.00776104 0.0157319 -5.26802 2.87602 173.657 
0.75956 -0.408685 84565 1 -0.731771 0.697115 200 0 1119 0.0186316 -0.00657666 0.00926299 -5.31296 2.93354 174.066 
0.971204 -0.534096 84685 1 -0.731771 0.697115 201 0 1122 0.0160762 0.0005147 0.01374 -5.22291 2.84738 174.112 
0.971204 -0.534096 84685 1 -0.731771 0.697115 202 0 1122 0.0160762 0.0005147 0.01374 -5.22291 2.84738 174.112 
0.789969 -0.810883 84846 1 -0.731771 0.697115 203 0 1126 0.0169459 -0.00654939 0.0190018 -5.31639 2.83687 174.055 
0.789969 -0.810883 84846 1 -0.731771 0.697115 204 0 1126 0.0169459 -0.00654939 0.0190018 -5.31639 2.83687 174.055 
0.155296 -0.815003 84965 1 -0.731771 0.697115 205 0 1129 0.0146491 -0.0169667 0.0271629 -5.4475 2.76227 174.394 
0.155296 -0.815003 84965 1 -0.731771 0.697115 206 0 1129 0.0146491 -0.0169667 0.0271629 -5.4475 2.76227 174.394 
-0.018421 -0.786441 85126 1 -0.731771 0.697115 207 0 1133 0.0194713 -0.0235832 0.0262843 -5.52271 2.73628 174.186 
-0.018421 -0.786441 85126 1 -0.731771 0.697115 208 0 1133 0.0194713 -0.0235832 0.0262843 -5.52271 2.73628 174.186 
-0.27457 -1.10065 85246 1 -0.731771 0.697115 209 0 1136 0.0187008 -0.0259979 0.0206599 -5.53085 2.75763 173.809 
-0.27457 -1.10065 85246 1 -0.731771 0.697115 210 0 1136 0.0187008 -0.0259979 0.0206599 -5.53085 2.75763 173.809 
-0.117578 -1.13759 85407 1 -0.731771 0.697115 211 0 1140 0.0183743 -0.0283832 0.0245828 -5.58131 2.75024 174.216 
-0.117578 -1.13759 85407 1 -0.731771 0.697115 212 0 1140 0.0183743 -0.0283832 0.0245828 -5.58131 2.75024 174.216 
-0.164881 -1.01696 85527 1 -0.731771 0.697115 213 0 1143 0.0151693 -0.0121899 0.0184615 -5.46327 2.76232 174.078 
-0.164881 -1.01696 85527 1 -0.731771 0.697115 214 0 1143 0.0151693 -0.0121899 0.0184615 -5.46327 2.76232 174.078 
-0.233064 -1.03016 85687 1 -0.731771 0.697115 215 0 1147 0.0166028 -0.0242537 0.0165795 -5.56425 2.75802 174.073 
-0.233064 -1.03016 85687 1 -0.731771 0.697115 216 0 1147 0.0166028 -0.0242537 0.0165795 -5.56425 2.75802 174.073 
-0.1053 -0.947074 85807 1 -0.731771 0.697115 217 0 1150 0.0161117 -0.0109113 0.026025 -5.46897 2.6958 174.184 
0.570847 -1.08015 85968 1 -0.731771 0.697115 218 0 1154 0.00956326 -0.01152 0.016204 -5.45835 2.7585 173.78 
0.570847 -1.08015 85968 1 -0.731771 0.697115 219 0 1154 0.00956326 -0.01152 0.016204 -5.45835 2.7585 173.78 
0.5739 -0.986314 86089 1 -0.731771 0.697115 220 0 1157 0.0101446 -0.0106 0.0199464 -5.43407 2.67552 174.03 
0.5739 -0.986314 86089 1 -0.731771 0.697115 221 0 1157 0.0101446 -0.0106 0.0199464 -5.43407 2.67552 174.03 
0.685642 -1.06758 86249 1 -0.731771 0.697115 222 0 1161 0.0118196 -0.00616237 0.0122596 -5.34235 2.76928 173.604 
0.685642 -1.06758 86249 1 -0.731771 0.697115 223 0 1161 0.0118196 -0.00616237 0.0122596 -5.34235 2.76928 173.604 
0.736085 -1.09424 86368 1 -0.731771 0.697115 224 0 1164 0.0126218 -0.00595877 0.0151484 -5.32254 2.75688 174.113 
0.736085 -1.09424 86368 1 -0.731771 0.697115 225 0 1164 0.0126218 -0.00595877 0.0151484 -5.32254 2.75688 174.113 
0.736085 -1.09424 86368 1 -0.731771 0.697115 226 0 1164 0.0126218 -0.00595877 0.0151484 -5.32254 2.75688 174.113 
0.736085 -1.09424 86368 1 -0.731771 0.697115 227 0 1164 0.0126218 -0.00595877 0.0151484 -5.32254 2.75688 174.113 
0.523709 1.83112 86529 1 -0.731771 0.697115 228 0 1168 0.0126218 -0.00595877 0.0151484 -5.32254 2.75688 174.113 
0.523709 1.83112 86529 1 -0.731771 0.697115 229 0 1168 0.0126218 -0.00595877 0.0151484 -5.32254 2.75688 174.113 
0.815482 -0.638329 86809 1 -0.731771 0.697115 230 0 1175 0.0178563 -0.0133088 0.0142654 -5.35294 2.81982 174.054 
0.815482 -0.638329 86809 1 -0.731771 0.697115 231 0 1175 0.0178563 -0.0133088 0.0142654 -5.35294 2.81982 174.054 
0.974705 -0.803622 86970 1 -0.731771 0.697115 232 0 1179 0.0130532 0.00372719 0.00526471 -5.14841 2.89262 173.536 
0.974705 -0.803622 86970 1 -0.731771 0.697115 233 0 1179 0.0130532 0.00372719 0.00526471 -5.14841 2.89262 173.536 
0.83954 -0.772309 87090 1 -0.731771 0.697115 234 0 1182 0.0201453 -0.00265525 0.0113241 -5.20765 2.83734 174.108 
0.83954 -0.772309 87090 1 -0.731771 0.697115 235 0 1182 0.0201453 -0.00265525 0.0113241 -5.20765 2.83734 174.108 
0.877177 -0.986778 87250 1 -0.731771 0.697115 236 0 1186 0.0150058 -0.000303675 0.0148596 -5.17246 2.80501 173.778 
0.843434 -0.992338 87371 1 -0.731771 0.697115 237 0 1189 0.0152223 -0.00599451 0.0139398 -5.23653 2.84262 173.61 
0.843434 -0.992338 87371 1 -0.731771 0.697115 238 0 1189 0.0152223 -0.00599451 0.0139398 -5.23653 2.84262 173.61 
0.685518 -1.18021 87493 1 -0.731771 0.697115 239 0 1192 0.01584 -0.0144498 0.0081364 -5.30798 2.86637 173.444 
0.685518 -1.18021 87493 1 -0.731771 0.697115 240 0 1192 0.01584 -0.0144498 0.0081364 -5.30798 2.86637 173.444 
0.968275 -1.04516 87651 1 -0.731771 0.697115 241 0 1196 0.0186496 -0.0100275 0.0129981 -5.25808 2.84227 173.779 
0.968275 -1.04516 87651 1 -0.731771 0.697115 242 0 1196 0.0186496 -0.0100275 0.0129981 -5.25808 2.84227 173.779 
0.928089 -1.06127 87771 1 -0.731771 0.697115 243 0 1199 0.0134108 -0.00976269 0.0130519 -5.28621 2.87307 173.439 
0.928089 -1.06127 87771 1 -0.731771 0.697115 244 0 1199 0.0134108 -0.00976269 0.0130519 -5.28621 2.87307 173.439 
0.859292 -0.971645 87892 1 -0.731771 0.697115 245 0 1202 0.0161548 -0.0066514 0.0147733 -5.28025 2.81248 173.875 
0.859292 -0.971645 87892 1 -0.731771 0.697115 246 0 1202 0.0161548 -0.0066514 0.0147733 -5.28025 2.81248 173.875 
0.788121 -0.964745 88051 1 -0.731771 0.697115 247 0 1206 0.0172662 -0.00517537 0.0141239 -5.27292 2.81635 174.021 
0.788121 -0.964745 88051 1 -0.731771 0.697115 248 0 1206 0.0172662 -0.00517537 0.0141239 -5.27292 2.81635 174.021 
0.783336 -0.957004 88176 1 -0.731771 0.697115 249 0 1209 0.0140471 -0.00670007 0.0146516 -5.34964 2.85758 173.897 
0.774075 -0.9579 88293 1 -0.731771 0.697115 250 0 1212 0.011081 -0.0025314 0.00927331 -5.33181 2.90484 173.641 
0.774075 -0.9579 88293 1 -0.731771 0.697115 251 0 1212 0.011081 -0.0025314 0.00927331 -5.33181 2.90484 173.641 
0.746952 -0.930436 88453 1 -0.731771 0.697115 252 0 1216 0.0163727 -0.00941389 0.0181577 -5.3794 2.79221 173.753 
0.746952 -0.930436 88453 1 -0.731771 0.697115 253 0 1216 0.0163727 -0.00941389 0.0181577 -5.3794 2.79221 173.753 
0.951958 -0.772039 88573 1 -0.731771 0.697115 254 0 1219 0.0151654 0.00485017 0.0224921 -5.25079 2.7981 174.205 
0.951958 -0.772039 88573 1 -0.731771 0.697115 255 0 1219 0.0151654 0.00485017 0.0224921 -5.25079 2.7981 174.205 
0.812167 -0.842807 88692 1 -0.731771 0.697115 256 0 1222 0.0124557 -0.00166315 0.0164412 -5.32567 2.78945 173.977 
0.812167 -0.842807 88692 1 -0.731771 0.697115 257 0 1222 0.0124557 -0.00166315 0.0164412 -5.32567 2.78945 173.977 
0.694735 -1.07186 88854 1 -0.731771 0.697115 258 0 1226 0.0142381 -0.00374632 0.0052418 -5.34274 2.87576 173.8 
0.694735 -1.07186 88854 1 -0.731771 0.697115 259 0 1226 0.0142381 -0.00374632 0.0052418 -5.34274 2.87576 173.8 
0.853743 -1.20136 88974 1 -0.731771 0.697115 260 0 1229 0.0175204 0.00162335 0.00315225 -5.33998 2.93952 174.366 
0.853743 -1.20136 88974 1 -0.731771 0.697115 261 0 1229 0.0175204 0.00162335 0.00315225 -5.33998 2.93952 174.366 
0.789286 -0.993793 89135 1 -0.731771 0.697115 262 0 1233 0.0115957 -0.00710822 0.0093495 -5.42214 2.78331 173.785 
0.960913 -0.931329 89254 1 -0.731771 0.697115 263 0 1236 0.0128695 0.0075066 0.0172875 -5.29438 2.73915 174.118 
0.960913 -0.931329 89254 1 -0.731771 0.697115 264 0 1236 0.0128695 0.0075066 0.0172875 -5.29438 2.73915 174.118 
0.960913 -0.931329 89254 1 -0.731771 0.697115 265 0 1236 0.0128695 0.0075066 0.0172875 -5.29438 2.73915 174.118 
0.960913 -0.931329 89254 1 -0.731771 0.697115 266 0 1236 0.0128695 0.0075066 0.0172875 -5.29438 2.73915 174.118 
0.209952 3.01324 89414 1 -0.731771 0.697115 267 0 1240 0.0128695 0.0075066 0.0172875 -5.29438 2.73915 174.118 
0.209952 3.01324 89414 1 -0.731771 0.697115 268 0 1240 0.0128695 0.0075066 0.0172875 -5.29438 2.73915 174.118 
0.866904 -0.690463 89695 1 -0.731771 0.697115 269 0 1247 0.0166718 -0.0114666 0.00575344 -5.3384 2.90692 173.499 
0.866904 -0.690463 89695 1 -0.731771 0.697115 270 0 1247 0.0166718 -0.0114666 0.00575344 -5.3384 2.90692 173.499 
0.792652 -0.718001 89855 1 -0.731771 0.697115 271 0 1251 0.0193051 -0.0109029 0.00897474 -5.31291 2.83686 173.78 
0.792652 -0.718001 89855 1 -0.731771 0.697115 272 0 1251 0.0193051 -0.0109029 0.00897474 -5.31291 2.83686 173.78 
0.817746 -0.900931 89975 1 -0.731771 0.697115 273 0 1254 0.0225878 -0.0124217 0.00796747 -5.27427 2.90168 173.908 
0.817746 -0.900931 89975 1 -0.731771 0.697115 274 0 1254 0.0225878 -0.0124217 0.00796747 -5.27427 2.90168 173.908 
0.758086 -0.884125 90135 1 -0.731771 0.697115 275 0 1258 0.0223054 -0.0103328 0.00858714 -5.24149 2.86308 173.919 
0.845972 -0.785193 90259 1 -0.731771 0.697115 276 0 1261 0.0238949 -0.00155212 0.0152911 -5.1089 2.80408 174.067 
0.845972 -0.785193 90259 1 -0.731771 0.697115 277 0 1261 0.0238949 -0.00155212 0.0152911 -5.1089 2.80408 174.067 
0.780825 -0.858072 90416 1 -0.731771 0.697115 278 0 1265 0.024394 -0.00947434 0.00981281 -5.16533 2.86788 173.9 
0.780825 -0.858072 90416 1 -0.731771 0.697115 279 0 1265 0.024394 -0.00947434 0.00981281 -5.16533 2.86788 173.9 
0.800915 -0.910883 90536 1 -0.731771 0.697115 280 0 1268 0.0246446 -0.0166854 0.00806718 -5.20949 2.88578 173.849 
0.800915 -0.910883 90536 1 -0.731771 0.697115 281 0 1268 0.0246446 -0.0166854 0.00806718 -5.20949 2.88578 173.849 
0.97207 -0.877228 90656 1 -0.731771 0.697115 282 0 1271 0.0187741 -0.0153331 0.0101228 -5.16048 2.90921 173.724 
0.97207 -0.877228 90656 1 -0.731771 0.697115 283 0 1271 0.0187741 -0.0153331 0.0101228 -5.16048 2.90921 173.724 
0.808552 -0.904547 90817 1 -0.731771 0.697115 284 0 1275 0.0210688 -0.0175457 0.00318897 -5.20376 2.90887 173.577 
0.808552 -0.904547 90817 1 -0.731771 0.697115 285 0 1275 0.0210688 -0.0175457 0.00318897 -5.20376 2.90887 173.577 
0.847186 -0.836395 90937 1 -0.731771 0.697115 286 0 1278 0.0214707 -0.025703 0.00934872 -5.25174 2.88405 173.962 
0.847186 -0.836395 90937 1 -0.731771 0.697115 287 0 1278 0.0214707 -0.025703 0.00934872 -5.25174 2.88405 173.962 
0.808252 -0.830486 91057 1 -0.731771 0.697115 288 0 1281 0.0208425 -0.0257799 0.00919863 -5.25076 2.88009 173.968 
0.757612 -1.11561 91218 1 -0.731771 0.697115 289 0 1285 0.0214966 -0.0260175 0.00858813 -5.23643 2.86152 173.921 
0.757612 -1.11561 91218 1 -0.731771 0.697115 290 0 1285 0.0214966 -0.0260175 0.00858813 -5.23643 2.86152 173.921 
0.803917 -1.05352 91338 1 -0.731771 0.697115 291 0 1288 0.0201054 -0.0232617 0.0106387 -5.20249 2.88588 173.717 
0.803917 -1.05352 91338 1 -0.731771 0.697115 292 0 1288 0.0201054 -0.0232617 0.0106387 -5.20249 2.88588 173.717 
0.958959 -1.16616 91458 1 -0.731771 0.697115 293 0 1291 0.0188833 -0.0196103 0.0114027 -5.20368 2.88358 173.732 
0.958959 -1.16616 91458 1 -0.731771 0.697115 294 0 1291 0.0188833 -0.0196103 0.0114027 -5.20368 2.88358 173.732 
0.62578 -1.09856 91620 1 -0.731771 0.697115 295 0 1295 0.0185835 -0.0214506 0.0111301 -5.23513 2.80822 173.425 
0.62578 -1.09856 91620 1 -0.731771 0.697115 296 0 1295 0.0185835 -0.0214506 0.0111301 -5.23513 2.80822 173.425 
0.287241 -0.860263 91738 1 -0.731771 0.697115 297 0 1298 0.0221823 -0.0255228 0.0137261 -5.27187 2.83409 173.776 
0.287241 -0.860263 91738 1 -0.731771 0.697115 298 0 1298 0.0221823 -0.0255228 0.0137261 -5.27187 2.83409 173.776 
0.287241 -0.860263 91738 1 -0.731771 0.697115 299 0 1298 0.0221823 -0.0255228 0.0137261 -5.27187 2.83409 173.776 
-0.217476 0.794072 91859 1 -0.731771 0.697115 300 0 1301 0.0221823 -0.0255228 0.0137261 -5.27187 2.83409 173.776 
-0.217476 0.794072 91859 1 -0.731771 0.697115 301 0 1301 0.0221823 -0.0255228 0.0137261 -5.27187 2.83409 173.776 
-0.217476 0.794072 91859 1 -0.731771 0.697115 302 0 1301 0.0221823 -0.0255228 0.0137261 -5.27187 2.83409 173.776 
0.173701 -0.670683 92179 1 -0.731771 0.697115 303 0 1309 0.0185641 -0.0180301 0.00864159 -5.23818 2.84735 173.901 
0.173701 -0.670683 92179 1 -0.731771 0.697115 304 0 1309 0.0185641 -0.0180301 0.00864159 -5.23818 2.84735 173.901 
0.200583 -0.823026 92340 1 -0.731771 0.697115 305 0 1313 0.0214365 -0.0187388 0.00348461 -5.29765 2.91357 174.112 
0.200583 -0.823026 92340 1 -0.731771 0.697115 306 0 1313 0.0214365 -0.0187388 0.00348461 -5.29765 2.91357 174.112 
0.0713296 -0.679004 92460 1 -0.731771 0.697115 307 0 1316 0.0175916 -0.022817 0.0106222 -5.31158 2.80841 173.594 
0.0713296 -0.679004 92460 1 -0.731771 0.697115 308 0 1316 0.0175916 -0.022817 0.0106222 -5.31158 2.80841 173.594 
0.0794744 -1.03043 92620 1 -0.731771 0.697115 309 0 1320 0.0230178 -0.0196261 0.0120038 -5.29559 2.79183 174.229 
0.107873 -0.991162 92741 1 -0.731771 0.697115 310 0 1323 0.0188217 -0.0227598 0.0142697 -5.28959 2.74798 173.506 
0.107873 -0.991162 92741 1 -0.731771 0.697115 311 0 1323 0.0188217 -0.0227598 0.0142697 -5.28959 2.74798 173.506 
0.0359625 -1.01382 92901 1 -0.731771 0.697115 312 0 1327 0.018461 -0.0210879 0.0173401 -5.28853 2.73404 173.909 
0.0359625 -1.01382 92901 1 -0.731771 0.697115 313 0 1327 0.018461 -0.0210879 0.0173401 -5.28853 2.73404 173.909 
-0.321882 -1.02984 93021 1 -0.731771 0.697115 314 0 1330 0.0202754 -0.0268673 0.0153647 -5.31715 2.74626 174.057 
-0.321882 -1.02984 93021 1 -0.731771 0.697115 315 0 1330 0.0202754 -0.0268673 0.0153647 -5.31715 2.74626 174.057 
-0.321882 -1.02984 93021 1 -0.731771 0.697115 316 0 1330 0.0202754 -0.0268673 0.0153647 -5.31715 2.74626 174.057 
-0.321882 -1.02984 93021 1 -0.731771 0.697115 317 0 1330 0.0202754 -0.0268673 0.0153647 -5.31715 2.74626 174.057 
-0.452337 2.91148 93143 1 -0.731771 0.697115 318 0 1333 0.0202754 -0.0268673 0.0153647 -5.31715 2.74626 174.057 
-0.110841 -0.748253 93382 1 -0.731771 0.697115 319 0 1339 0.0245542 -0.0320736 0.00797825 -5.30218 2.87662 173.974 
-0.110841 -0.748253 93382 1 -0.731771 0.697115 320 0 1339 0.0245542 -0.0320736 0.00797825 -5.30218 2.87662 173.974 
-0.0894298 -0.783726 93502 1 -0.731771 0.697115 321 0 1342 0.0247025 -0.0291838 0.0086908 -5.27006 2.84283 174.179 
-0.0894298 -0.783726 93502 1 -0.731771 0.697115 322 0 1342 0.0247025 -0.0291838 0.0086908 -5.27006 2.84283 174.179 
0.0687742 -0.967677 93622 1 -0.731771 0.697115 323 0 1345 0.0255959 -0.0324677 0.0101357 -5.28268 2.86753 174.022 
0.0687742 -0.967677 93622 1 -0.731771 0.697115 324 0 1345 0.0255959 -0.0324677 0.0101357 -5.28268 2.86753 174.022 
0.175815 -0.872002 93783 1 -0.731771 0.697115 325 0 1349 0.0251582 -0.0207059 0.0189291 -5.12446 2.76368 174.253 
0.227703 -0.861667 93902 1 -0.731771 0.697115 326 0 1352 0.0262757 -0.0166902 0.0185807 -5.04934 2.75796 173.801 
0.227703 -0.861667 93902 1 -0.731771 0.697115 327 0 1352 0.0262757 -0.0166902 0.0185807 -5.04934 2.75796 173.801 
0.118014 -1.03876 94023 1 -0.731771 0.697115 328 0 1355 0.0264994 -0.0324366 0.0100487 -5.24445 2.88685 173.825 
0.118014 -1.03876 94023 1 -0.731771 0.697115 329 0 1355 0.0264994 -0.0324366 0.0100487 -5.24445 2.88685 173.825 
0.234453 -1.04808 94143 1 -0.731771 0.697115 330 0 1358 0.0257031 -0.0218733 0.0114914 -5.15127 2.88027 174 
0.909602 -0.699846 94263 1 -0.731771 0.697115 331 0 1361 0.0256047 -0.0193611 0.00901437 -5.08114 2.88764 174.051 
0.909602 -0.699846 94263 1 -0.731771 0.697115 332 0 1361 0.0256047 -0.0193611 0.00901437 -5.08114 2.88764 174.051 
0.924767 -0.583901 94344 1 -0.731771 0.697115 333 0 1363 0.0295249 -0.0234281 0.0107913 -5.06804 2.84724 174.043 
0.924767 -0.583901 94344 1 -0.731771 0.697115 334 0 1363 0.0295249 -0.0234281 0.0107913 -5.06804 2.84724 174.043 
0.891026 -0.688174 94464 1 -0.731771 0.697115 335 0 1366 0.0291349 -0.0247105 0.00793412 -5.10635 2.90325 174.109 
0.891026 -0.688174 94464 1 -0.731771 0.697115 336 0 1366 0.0291349 -0.0247105 0.00793412 -5.10635 2.90325 174.109 
0.917552 -0.55618 94585 1 -0.731771 0.697115 337 0 1369 0.02776 -0.0157389 0.00692332 -5.04818 2.93444 174.099 
1.01934 -0.38432 94704 1 -0.731771 0.697115 338 0 1372 0.0259678 -0.0143397 0.0125427 -4.9974 2.86849 174.047 
1.01934 -0.38432 94704 1 -0.731771 0.697115 339 0 1372 0.0259678 -0.0143397 0.0125427 -4.9974 2.86849 174.047 
1.20731 -0.516163 94865 1 -0.731771 0.697115 340 0 1376 0.027931 -0.0120432 0.00854249 -4.96797 2.87424 173.942 
1.20731 -0.516163 94865 1 -0.731771 0.697115 341 0 1376 0.027931 -0.0120432 0.00854249 -4.96797 2.87424 173.942 
1.27657 -0.440119 94986 1 -0.731771 0.697115 342 0 1379 0.0289258 -0.0144178 0.0110313 -4.98829 2.90351 174.103 
1.27657 -0.440119 94986 1 -0.731771 0.697115 343 0 1379 0.0289258 -0.0144178 0.0110313 -4.98829 2.90351 174.103 
1.27657 -0.440119 94986 1 -0.731771 0.697115 344 0 1379 0.0289258 -0.0144178 0.0110313 -4.98829 2.90351 174.103 
1.27657 -0.440119 94986 1 -0.731771 0.697115 345 0 1379 0.0289258 -0.0144178 0.0110313 -4.98829 2.90351 174.103 
0.849119 2.09892 95105 1 -0.731771 0.697115 346 0 1382 0.0289258 -0.0144178 0.0110313 -4.98829 2.90351 174.103 
0.700344 -0.190284 95346 1 -0.731771 0.697115 347 1 1388 0.0239018 -0.0180264 0.00864489 -5.16606 2.91293 174.143 
0.700344 -0.190284 95346 1 -0.731771 0.697115 348 1 1388 0.0239018 -0.0180264 0.00864489 -5.16606 2.91293 174.143 
0.72023 -0.355257 95465 1 -0.731771 0.697115 349 0 1391 0.0223697 -0.0221664 0.00470536 -5.23717 2.95596 174.203 
0.72023 -0.355257 95465 1 -0.731771 0.697115 350 0 1391 0.0223697 -0.0221664 0.00470536 -5.23717 2.95596 174.203 
0.808658 -0.258901 95586 1 -0.731771 0.697115 351 0 1394 0.0223299 -0.026689 0.0100909 -5.27789 2.88396 174.235 
1.00978 -0.142552 95707 1 -0.731771 0.697115 352 1 1397 0.0226221 -0.0209411 0.011987 -5.21022 2.84215 174.377 
1.00978 -0.142552 95707 1 -0.731771 0.697115 353 1 1397 0.0226221 -0.0209411 0.011987 -5.21022 2.84215 174.377 
0.978177 -0.368285 95826 1 -0.731771 0.697115 354 0 1400 0.0237455 -0.020811 -0.000332073 -5.21608 2.9631 174.175 
0.978177 -0.368285 95826 1 -0.731771 0.697115 355 0 1400 0.0237455 -0.020811 -0.000332073 -5.21608 2.9631 174.175 
1.01135 -0.388168 95947 1 -0.731771 0.697115 356 0 1403 0.0221343 -0.0191838 0.00599309 -5.20997 2.88471 174.268 
0.994598 -0.443444 96067 1 -0.731771 0.697115 357 0 1406 0.0221216 -0.0213563 0.00590896 -5.22719 2.89088 174.159 
0.994598 -0.443444 96067 1 -0.731771 0.697115 358 0 1406 0.0221216 -0.0213563 0.00590896 -5.22719 2.89088 174.159 
0.933794 -0.444517 96187 1 -0.731771 0.697115 359 0 1409 0.0216851 -0.0227068 0.00375106 -5.24543 2.89285 174.015 
1.03718 -0.507952 96307 1 -0.731771 0.697115 360 0 1412 0.0223966 -0.0189639 0.00234669 -5.18516 2.90394 174.148 
1.03718 -0.507952 96307 1 -0.731771 0.697115 361 0 1412 0.0223966 -0.0189639 0.00234669 -5.18516 2.90394 174.148 
1.03718 -0.507952 96307 1 -0.731771 0.697115 362 0 1412 0.0223966 -0.0189639 0.00234669 -5.18516 2.90394 174.148 
0.735365 2.01039 96470 1 -0.731771 0.697115 363 0 1416 0.0223966 -0.0189639 0.00234669 -5.18516 2.90394 174.148 
0.735365 2.01039 96470 1 -0.731771 0.697115 364 0 1416 0.0223966 -0.0189639 0.00234669 -5.18516 2.90394 174.148 
0.636547 -0.83215 96749 1 -0.731771 0.697115 365 0 1423 0.0190306 -0.0186916 0.000623064 -5.25456 2.82597 174.151 
0.636547 -0.83215 96749 1 -0.731771 0.697115 366 0 1423 0.0190306 -0.0186916 0.000623064 -5.25456 2.82597 174.151 
0.686755 -0.810941 96869 1 -0.731771 0.697115 367 0 1426 0.0180697 -0.0212223 0.008964 -5.25197 2.80043 173.929 
0.686755 -0.810941 96869 1 -0.731771 0.697115 368 0 1426 0.0180697 -0.0212223 0.008964 -5.25197 2.80043 173.929 
0.829633 -0.802602 97029 1 -0.731771 0.697115 369 0 1430 0.0206022 -0.031097 0.00967087 -5.28447 2.85176 174.043 
0.829633 -0.802602 97029 1 -0.731771 0.697115 370 0 1430 0.0206022 -0.031097 0.00967087 -5.28447 2.85176 174.043 
0.899141 -0.986196 97149 1 -0.731771 0.697115 371 0 1433 0.0244959 -0.0252597 0.0030922 -5.17211 2.91852 174.019 
0.899141 -0.986196 97149 1 -0.731771 0.697115 372 0 1433 0.0244959 -0.0252597 0.0030922 -5.17211 2.91852 174.019 
0.914904 -0.786721 97309 1 -0.731771 0.697115 373 0 1437 0.0254541 -0.0264898 0.0067839 -5.15494 2.85824 173.883 
1.10624 -0.945829 97429 1 -0.731771 0.697115 374 0 1440 0.0282642 -0.0189601 0.00782002 -5.1061 2.89729 174.61 
1.10624 -0.945829 97429 1 -0.731771 0.697115 375 0 1440 0.0282642 -0.0189601 0.00782002 -5.1061 2.89729 174.61 
0.959124 -0.922808 97550 1 -0.731771 0.697115 376 0 1443 0.026012 -0.0228876 0.00254364 -5.10918 2.96286 173.953 
0.959124 -0.922808 97550 1 -0.731771 0.697115 377 0 1443 0.026012 -0.0228876 0.00254364 -5.10918 2.96286 173.953 
1.07695 -1.01036 97670 1 -0.731771 0.697115 378 0 1446 0.027033 -0.0171433 0.0039543 -5.00748 2.96292 173.97 
1.07695 -1.01036 97670 1 -0.731771 0.697115 379 0 1446 0.027033 -0.0171433 0.0039543 -5.00748 2.96292 173.97 
1.12408 -0.939149 97790 1 -0.731771 0.697115 380 0 1449 0.0260247 -0.016251 0.00448008 -4.95334 2.92819 173.54 
1.12703 -1.02267 97911 1 -0.731771 0.697115 381 0 1452 0.0264313 -0.0219012 0.00340073 -5.03416 2.96973 173.669 
1.12703 -1.02267 97911 1 -0.731771 0.697115 382 0 1452 0.0264313 -0.0219012 0.00340073 -5.03416 2.96973 173.669 
1.12437 -0.953822 98030 1 -0.731771 0.697115 383 0 1455 0.024706 -0.022229 0.00429523 -5.05147 2.95278 173.711 
1.35486 -0.619319 98151 1 -0.731771 0.697115 384 0 1458 0.0272889 -0.0058917 0.00608837 -4.91483 2.90975 174.098 
1.35486 -0.619319 98151 1 -0.731771 0.697115 385 0 1458 0.0272889 -0.0058917 0.00608837 -4.91483 2.90975 174.098 
1.12604 -0.487358 98311 1 -0.731771 0.697115 386 0 1462 0.0278416 -0.022445 0.00286199 -5.09772 2.94115 174.055 
1.12604 -0.487358 98311 1 -0.731771 0.697115 387 0 1462 0.0278416 -0.022445 0.00286199 -5.09772 2.94115 174.055 
1.12604 -0.487358 98311 1 -0.731771 0.697115 388 0 1462 0.0278416 -0.022445 0.00286199 -5.09772 2.94115 174.055 
1.12604 -0.487358 98311 1 -0.731771 0.697115 389 0 1462 0.0278416 -0.022445 0.00286199 -5.09772 2.94115 174.055 
0.739916 2.70052 98431 1 -0.731771 0.697115 390 0 1465 0.0278416 -0.022445 0.00286199 -5.09772 2.94115 174.055 
0.888635 -0.163894 98673 1 -0.731771 0.697115 391 1 1471 0.017655 -0.025378 0.00236315 -5.16343 2.98555 173.44 
0.936153 -0.340156 98792 1 -0.731771 0.697115 392 0 1474 0.0246187 -0.0452802 -0.00353872 -4.93981 3.03681 172.718 
0.936153 -0.340156 98792 1 -0.731771 0.697115 393 0 1474 0.0246187 -0.0452802 -0.00353872 -4.93981 3.03681 172.718 
0.936153 -0.340156 98792 1 -0.731771 0.697115 394 0 1474 0.0246187 -0.0452802 -0.00353872 -4.93981 3.03681 172.718 
1.01648 0.103085 99073 1 -0.731771 0.697115 395 1 1481 0.0366528 -0.036801 0.0554762 -4.76545 3.21246 174.049 
1.95802 0.140299 99193 1 -0.731771 0.697115 396 0 1484 0.0320646 0.0107722 0.0943825 -4.3455 2.90644 172.479 
1.9584 0.204259 99233 1 -0.731771 0.697115 397 0 1485 0.0339606 0.0137574 0.0971602 -4.38646 2.8699 172.99 
2.07101 0.653414 99273 1 -0.731771 0.697115 398 0 1486 0.0265584 0.0261149 0.104806 -4.27812 2.74829 173.292 
1.40949 2.49161 99313 1 -0.731771 0.697115 399 0 1487 0.0265584 0.0261149 0.104806 -4.27812 2.74829 173.292 
2.15698 2.72879 99434 1 -0.731771 0.697115 400 0 1490 -0.00834412 0.0671766 0.0742712 -3.83953 2.82581 175.23 
1.3762 0.860372 99474 1 -0.731771 0.697115 401 0 1491 -0.00767849 0.0658688 0.0665696 -3.87766 2.9006 176.416 
1.3762 0.860372 99474 1 -0.731771 0.697115 402 0 1491 -0.00767849 0.0658688 0.0665696 -3.87766 2.9006 176.416 
2.29406 0.0809481 99674 1 -0.731771 0.697115 403 0 1496 0.00325174 -0.0768541 0.0640762 -5.11316 2.90511 176.191 
3.37377 -0.509028 99754 1 -0.731771 0.697115 404 0 1498 0.0114974 0.00249242 0.0512578 -4.4137 2.98989 173.643 
3.43679 -0.553318 99836 1 -0.731771 0.697115 405 0 1500 0.017809 0.0457623 0.0824502 -4.19208 2.81297 174.246 
3.43679 -0.553318 99836 1 -0.731771 0.697115 406 0 1500 0.017809 0.0457623 0.0824502 -4.19208 2.81297 174.246 
3.51695 -0.428404 99875 1 -0.731771 0.697115 407 0 1501 0.0162043 0.0718783 0.0952559 -4.03258 2.71295 174.422 
1.50043 -1.16724 100035 1 -0.731771 0.697115 408 0 1505 0.012992 -0.0172638 0.0325847 -4.82542 3.15923 173.611 
1.40589 -1.01892 100075 1 -0.731771 0.697115 409 0 1506 0.0132329 -0.0104393 0.019001 -4.89233 3.16254 173.832 
1.01223 -1.33401 100115 1 -0.731771 0.697115 410 0 1507 0.0152788 -0.017703 -0.00418913 -4.97877 3.24016 172.322 
1.01223 -1.33401 100115 1 -0.731771 0.697115 411 0 1507 0.0152788 -0.017703 -0.00418913 -4.97877 3.24016 172.322 
1.02006 -0.906827 100315 1 -0.731771 0.697115 412 0 1512 0.0118995 -0.00484872 -0.0241909 -5.01794 3.1413 171.997 
0.926357 -0.834439 100355 1 -0.731771 0.697115 413 0 1513 0.0123756 -0.0094866 -0.0245951 -5.07588 3.12332 172.498 
0.563142 0.108389 100435 1 -0.731771 0.697115 414 1 1515 0.0151967 -0.0215264 -0.00579811 -5.17592 2.92361 173.604 
0.563142 0.108389 100435 1 -0.731771 0.697115 415 1 1515 0.0151967 -0.0215264 -0.00579811 -5.17592 2.92361 173.604 
0.563142 0.108389 100435 1 -0.731771 0.697115 416 1 1515 0.0151967 -0.0215264 -0.00579811 -5.17592 2.92361 173.604 
0.0143836 0.483207 100636 1 -0.731771 0.697115 417 1 1520 0.016114 -0.0236757 -0.0192916 -5.13065 3.0221 173.995 
0.641206 0.149952 100716 1 -0.731771 0.697115 418 1 1522 0.0145485 -0.00754333 -0.0173096 -4.92416 2.96572 173.813 
0.683021 0.0881976 100798 1 -0.731771 0.697115 419 1 1524 0.0137492 -0.00131508 0.0013061 -4.87575 2.86508 174.364 
0.709644 -0.103191 100876 1 -0.731771 0.697115 420 1 1526 0.010661 0.00511896 0.0140866 -4.7934 2.88414 174.847 
1.02326 -0.349431 100957 1 -0.731771 0.697115 421 0 1528 0.00804422 0.0179697 0.0171038 -4.67708 2.94955 175.058 
1.07666 -0.182404 100997 1 -0.731771 0.697115 422 1 1529 0.00719089 0.0122526 0.0264765 -4.77315 2.8994 175.149 
1.00036 0.0405655 101076 1 -0.731771 0.697115 423 1 1531 0.00756228 -0.00577793 0.0353423 -5.01924 2.86553 175.402 
0.995785 -0.0603336 101157 1 -0.731771 0.697115 424 1 1533 0.00765859 -0.00793002 0.0293614 -5.00978 2.89458 175.558 
0.774717 -0.492357 101237 1 -0.731771 0.697115 425 0 1535 0.0101629 0.00308703 0.00843435 -4.87242 2.98591 175.022 
0.883542 -0.460919 101277 1 -0.731771 0.697115 426 0 1536 0.012297 0.00598609 0.00805974 -4.83924 2.96455 174.846 
0.897401 -0.526205 101357 1 -0.731771 0.697115 427 0 1538 0.0125717 0.00874618 0.00807233 -4.7836 2.98781 174.491 
0.988212 -0.496546 101437 1 -0.731771 0.697115 428 0 1540 0.0131545 0.00736246 0.0149862 -4.74739 2.99239 174.878 
1.06015 -0.639201 101517 1 -0.731771 0.697115 429 0 1542 0.0117333 -0.00623432 0.0158066 -4.82124 2.95684 175.104 
1.17609 -0.660718 101557 1 -0.731771 0.697115 430 0 1543 0.0117629 -0.00945305 0.0143197 -4.83124 2.95162 175.156 
1.17609 -0.660718 101557 1 -0.731771 0.697115 431 0 1543 0.0117629 -0.00945305 0.0143197 -4.83124 2.95162 175.156 
1.34404 -0.775996 101718 1 -0.731771 0.697115 432 0 1547 0.0127953 -0.0196936 0.0131121 -4.88096 2.95883 175.011 
1.35904 -0.816545 101797 1 -0.731771 0.697115 433 0 1549 0.0132242 -0.0199961 0.0146753 -4.91668 2.9533 175.195 
0.724653 -0.593189 101878 1 -0.731771 0.697115 434 0 1551 0.0124824 -0.00713818 0.0149418 -4.87534 2.95126 175.061 
0.724653 -0.593189 101878 1 -0.731771 0.697115 435 0 1551 0.0124824 -0.00713818 0.0149418 -4.87534 2.95126 175.061 
0.878109 -0.596364 101998 1 -0.731771 0.697115 436 0 1554 0.0045147 -0.010188 0.0207796 -4.9534 2.92281 175.296 
0.804174 -0.420657 102079 1 -0.731771 0.697115 437 0 1556 -5.16425e-005 -0.0240394 0.0312618 -5.18691 2.86185 175.475 
0.772934 -0.488644 102158 1 -0.731771 0.697115 438 0 1558 -0.00289287 -0.0153323 0.0338224 -5.22583 2.84141 175.762 
0.873738 -0.535856 102198 1 -0.731771 0.697115 439 0 1559 -0.00372413 -0.00290738 0.0302255 -5.14832 2.86291 175.809 
0.873738 -0.535856 102198 1 -0.731771 0.697115 440 0 1559 -0.00372413 -0.00290738 0.0302255 -5.14832 2.86291 175.809 
0.901275 -0.451928 102238 1 -0.731771 0.697115 441 0 1560 -0.00403855 -3.46571e-005 0.0300349 -5.14638 2.84915 175.794 
0.00434221 4.00278 102399 1 -0.731771 0.697115 442 0 1564 0.0021358 -0.0109334 0.0270954 -5.16791 2.84544 174.626 
0.00434221 4.00278 102399 1 -0.731771 0.697115 443 0 1564 0.0021358 -0.0109334 0.0270954 -5.16791 2.84544 174.626 
0.00434221 4.00278 102399 1 -0.731771 0.697115 444 0 1564 0.0021358 -0.0109334 0.0270954 -5.16791 2.84544 174.626 
0.722285 -0.392193 102680 1 -0.731771 0.697115 445 0 1571 -0.00209406 -0.0152186 0.0243882 -5.18042 2.90322 175.707 
0.721884 -0.423097 102720 1 -0.731771 0.697115 446 0 1572 -0.00108712 -0.0178116 0.0249686 -5.18993 2.90159 175.601 
0.738536 -0.365144 102800 1 -0.731771 0.697115 447 0 1574 -0.00050924 -0.0194081 0.0282968 -5.20978 2.87644 175.673 
0.765 -0.439185 102882 1 -0.731771 0.697115 448 0 1576 -0.00226497 -0.0124115 0.0261269 -5.19298 2.87973 175.684 
0.908134 -0.344132 102960 1 -0.731771 0.697115 449 0 1578 -0.00540129 -0.00606884 0.0225074 -5.215 2.86739 175.747 
0.85275 -0.306784 103040 1 -0.731771 0.697115 450 0 1580 -0.00568552 -0.0145974 0.0229364 -5.38153 2.87242 175.672 
0.85275 -0.306784 103040 1 -0.731771 0.697115 451 0 1580 -0.00568552 -0.0145974 0.0229364 -5.38153 2.87242 175.672 
0.816739 -0.330484 103080 1 -0.731771 0.697115 452 0 1581 -0.00639845 -0.0156618 0.024052 -5.43029 2.87003 175.714 
1.03054 -0.246004 103241 1 -0.731771 0.697115 453 0 1585 -0.0106634 0.00226962 0.0201821 -5.33506 2.91769 175.619 
1.02323 -0.201317 103320 1 -0.731771 0.697115 454 0 1587 -0.0106651 0.00194612 0.0216336 -5.34171 2.88621 175.732 
1.04143 -0.235158 103361 1 -0.731771 0.697115 455 0 1588 -0.00975351 -8.05997e-005 0.0218266 -5.35248 2.88055 175.77 
1.04143 -0.235158 103361 1 -0.731771 0.697115 456 0 1588 -0.00975351 -8.05997e-005 0.0218266 -5.35248 2.88055 175.77 
1.00052 -0.448756 103521 1 -0.731771 0.697115 457 0 1592 -0.00703985 -0.00611782 0.0212116 -5.3491 2.9034 175.703 
0.944319 -0.371029 103602 1 -0.731771 0.697115 458 0 1594 -0.00528264 -0.0151565 0.0239663 -5.40037 2.88688 175.676 
0.935882 -0.3407 103642 1 -0.731771 0.697115 459 0 1595 -0.00550821 -0.0172929 0.025782 -5.41476 2.86433 175.669 
0.924081 -0.348989 103681 1 -0.731771 0.697115 460 0 1596 -0.00505143 -0.0160321 0.0239404 -5.40438 2.87761 175.604 
0.924081 -0.348989 103681 1 -0.731771 0.697115 461 0 1596 -0.00505143 -0.0160321 0.0239404 -5.40438 2.87761 175.604 
0.759237 -0.25537 103842 1 -0.731771 0.697115 462 0 1600 -0.00271725 -0.01556 0.0276039 -5.37681 2.87 175.689 
0.820587 -0.146113 103922 1 -0.731771 0.697115 463 1 1602 -0.00272483 -0.017137 0.0272448 -5.38355 2.8647 175.692 
0.832624 -0.193554 104002 1 -0.731771 0.697115 464 1 1604 -0.00222254 -0.0139981 0.0238504 -5.35744 2.88965 175.564 
0.832624 -0.193554 104002 1 -0.731771 0.697115 465 1 1604 -0.00222254 -0.0139981 0.0238504 -5.35744 2.88965 175.564 
0.854098 -0.203511 104162 1 -0.731771 0.697115 466 0 1608 -0.000408907 -0.00962134 0.0190111 -5.28658 2.90796 175.597 
0.807786 -0.224666 104202 1 -0.731771 0.697115 467 0 1609 -0.000363859 -0.00856223 0.0166457 -5.26699 2.92464 175.525 
0.836551 0.129576 104283 1 -0.731771 0.697115 468 1 1611 0.0003549 -0.00878195 0.0197908 -5.24387 2.90845 175.427 
0.836551 0.129576 104283 1 -0.731771 0.697115 469 1 1611 0.0003549 -0.00878195 0.0197908 -5.24387 2.90845 175.427 
0.162717 2.93709 104364 1 -0.731771 0.697115 470 0 1613 0.000209698 -0.00677618 0.0260306 -5.20215 2.86662 175.279 
0.533904 0.862853 104442 1 -0.731771 0.697115 471 1 1615 0.000879051 -0.0104619 0.0202088 -5.22943 2.90719 175.124 
1.03699 -0.00736791 104604 1 -0.731771 0.697115 472 1 1619 0.00216197 -0.00631224 0.0214318 -5.18179 2.92346 175.469 
1.02986 -0.160826 104684 1 -0.731771 0.697115 473 1 1621 0.0019047 -0.00342037 0.0228571 -5.16501 2.91032 175.562 
0.933868 -0.225225 104766 1 -0.731771 0.697115 474 0 1623 0.00115723 -0.00495051 0.02144 -5.17086 2.9291 175.482 
0.917154 -0.205152 104843 1 -0.731771 0.697115 475 0 1625 0.00212594 -0.0110356 0.019789 -5.20235 2.95482 175.443 
0.900376 -0.183202 104884 1 -0.731771 0.697115 476 0 1626 0.00244517 -0.0116972 0.0216165 -5.20543 2.93972 175.421 
0.78776 -0.271422 104966 1 -0.731771 0.697115 477 0 1628 0.0026375 -0.0117721 0.0220003 -5.21023 2.92577 175.562 
0.727722 -0.391032 105044 1 -0.731771 0.697115 478 0 1630 0.00304081 -0.0122343 0.0204111 -5.20611 2.93719 175.4 
0.754322 -0.364582 105084 1 -0.731771 0.697115 479 0 1631 0.00178159 -0.0108254 0.0225963 -5.2037 2.92445 175.488 
0.754322 -0.364582 105084 1 -0.731771 0.697115 480 0 1631 0.00178159 -0.0108254 0.0225963 -5.2037 2.92445 175.488 
0.72724 -0.226963 105284 1 -0.731771 0.697115 481 0 1636 -0.00209627 -0.0151511 0.0245054 -5.34719 2.92957 175.405 
0.747359 -0.230289 105365 1 -0.731771 0.697115 482 0 1638 -0.00254492 -0.015482 0.0248221 -5.34657 2.93264 175.435 
0.785139 -0.218977 105405 1 -0.731771 0.697115 483 0 1639 -0.00161298 -0.0142593 0.0247235 -5.33151 2.93483 175.421 
0.785139 -0.218977 105405 1 -0.731771 0.697115 484 0 1639 -0.00161298 -0.0142593 0.0247235 -5.33151 2.93483 175.421 
0.837275 -0.214259 105565 1 -0.731771 0.697115 485 0 1643 -8.85657e-005 -0.0141077 0.0218925 -5.28854 2.93985 175.324 
0.843586 -0.211854 105645 1 -0.731771 0.697115 486 0 1645 0.000159102 -0.0104183 0.0213173 -5.21185 2.94499 175.352 
0.826892 -0.318486 105685 1 -0.731771 0.697115 487 0 1646 -0.000203812 -0.0128346 0.0206954 -5.23253 2.95349 175.421 
0.798418 -0.434062 105806 1 -0.731771 0.697115 488 0 1649 0.000256398 -0.00950115 0.0161664 -5.20617 2.9606 175.381 
0.817229 -0.499696 105846 1 -0.731771 0.697115 489 0 1650 0.000545383 -0.0121002 0.0151747 -5.22996 2.96678 175.41 
0.835135 -0.471311 105925 1 -0.731771 0.697115 490 0 1652 0.00044647 -0.0114011 0.0189333 -5.22558 2.94049 175.342 
0.850569 -0.435418 105966 1 -0.731771 0.697115 491 0 1653 -0.000409207 -0.0116445 0.018352 -5.23746 2.94758 175.335 
0.850569 -0.435418 105966 1 -0.731771 0.697115 492 0 1653 -0.000409207 -0.0116445 0.018352 -5.23746 2.94758 175.335 
0.600393 -0.518189 106126 1 -0.731771 0.697115 493 0 1657 0.000197983 -0.0129307 0.0157483 -5.26486 2.94606 175.474 
0.642043 -0.589692 106207 1 -0.731771 0.697115 494 0 1659 0.000141394 -0.00818845 0.0127256 -5.19403 2.9625 175.381 
0.672505 -0.597483 106247 1 -0.731771 0.697115 495 0 1660 0.000525492 -0.00667905 0.0122782 -5.17565 2.9624 175.39 
0.642462 -0.592771 106287 1 -0.731771 0.697115 496 0 1661 0.000298358 -0.0105733 0.0134446 -5.21551 2.94997 175.445 
0.642462 -0.592771 106287 1 -0.731771 0.697115 497 0 1661 0.000298358 -0.0105733 0.0134446 -5.21551 2.94997 175.445 
0.645314 2.75509 106406 1 -0.731771 0.697115 498 0 1664 0.00104162 -0.0153712 0.0103357 -5.25536 2.97934 175.241 
0.980393 0.0688198 106570 1 -0.731771 0.697115 499 1 1668 -0.000294253 -0.016656 0.0120311 -5.28966 2.96909 175.089 
0.955923 0.0617058 106607 1 -0.731771 0.697115 500 1 1669 -5.20583e-005 -0.0161741 0.0118914 -5.29414 2.96798 175.043 
0.955923 0.0617058 106607 1 -0.731771 0.697115 501 1 1669 -5.20583e-005 -0.0161741 0.0118914 -5.29414 2.96798 175.043 
0.8728 -0.316656 106808 1 -0.731771 0.697115 502 0 1674 -0.000756716 -0.0128064 0.0181141 -5.26296 2.96687 174.978 
0.887377 -0.310434 106848 1 -0.731771 0.697115 503 0 1675 -0.000824669 -0.013349 0.0209205 -5.26366 2.95186 175.075 
0.886377 -0.278165 106930 1 -0.731771 0.697115 504 0 1677 0.000348786 -0.0124484 0.0237238 -5.22993 2.93079 175.171 
0.834221 -0.28502 107008 1 -0.731771 0.697115 505 0 1679 0.00202669 -0.0160308 0.0246276 -5.23575 2.92896 175.205 
0.786673 -0.259415 107088 1 -0.731771 0.697115 506 0 1681 0.00215485 -0.0152525 0.0241489 -5.20664 2.92602 175.145 
0.862399 -0.241715 107128 1 -0.731771 0.697115 507 0 1682 0.00276088 -0.0160159 0.0252057 -5.20558 2.91961 175.123 
0.807126 -0.239028 107168 1 -0.731771 0.697115 508 0 1683 0.003664 -0.023996 0.0272167 -5.27436 2.91505 175.316 
0.807126 -0.239028 107168 1 -0.731771 0.697115 509 0 1683 0.003664 -0.023996 0.0272167 -5.27436 2.91505 175.316 
0.23753 -0.940223 107329 1 -0.731771 0.697115 510 0 1687 0.00440924 -0.0243943 0.027002 -5.26398 2.91244 175.378 
0.293968 -0.955499 107409 1 -0.731771 0.697115 511 0 1689 0.00435938 -0.0228987 0.0257486 -5.25068 2.8963 175.235 
0.24666 -1.03812 107488 1 -0.731771 0.697115 512 0 1691 0.00402604 -0.0228869 0.0255819 -5.24259 2.91068 175.111 
0.24666 -1.03812 107488 1 -0.731771 0.697115 513 0 1691 0.00402604 -0.0228869 0.0255819 -5.24259 2.91068 175.111 
0.0865044 -1.14123 107529 1 -0.731771 0.697115 514 0 1692 0.00605799 -0.0198283 0.0260914 -5.22542 2.91427 175.409 
0.0893691 -1.15574 107689 1 -0.731771 0.697115 515 0 1696 0.0061155 -0.0198241 0.0261383 -5.22545 2.91467 175.402 
0.0203525 -1.30884 107770 1 -0.731771 0.697115 516 0 1698 0.0063596 -0.0226076 0.0265506 -5.23531 2.92137 175.424 
0.0403633 -1.3138 107809 1 -0.731771 0.697115 517 0 1699 0.00691093 -0.0239231 0.0274371 -5.23977 2.91199 175.458 
0.0403633 -1.3138 107809 1 -0.731771 0.697115 518 0 1699 0.00691093 -0.0239231 0.0274371 -5.23977 2.91199 175.458 
0.0565588 -1.30502 107849 1 -0.731771 0.697115 519 0 1700 0.00701356 -0.0236521 0.0268812 -5.22982 2.90191 175.409 
-0.347277 1.24392 107970 1 -0.731771 0.697115 520 0 1703 0.00701356 -0.0236521 0.0268812 -5.22982 2.90191 175.409 
-0.0718441 1.94337 108010 1 -0.731771 0.697115 521 0 1704 0.0083957 -0.0262744 0.0270798 -5.18061 2.87667 174.702 
0.2215 0.0728841 108090 1 -0.731771 0.697115 522 1 1706 0.0107371 -0.0237164 0.0291663 -5.16636 2.85907 175.212 
0.0123924 -1.24586 108250 1 -0.731771 0.697115 523 0 1710 0.00965497 -0.0239404 0.0245981 -5.17822 2.9328 175.31 
0.00995265 -1.16017 108331 1 -0.731771 0.697115 524 0 1712 0.00907267 -0.0250083 0.0323889 -5.21818 2.88918 175.416 
-0.00687191 -1.1519 108370 1 -0.731771 0.697115 525 0 1713 0.00818044 -0.0230009 0.032827 -5.21573 2.87976 175.324 
0.0161953 -1.21177 108451 1 -0.731771 0.697115 526 0 1715 0.00790365 -0.0230746 0.0311994 -5.21512 2.89682 175.324 
0.0128666 -1.2424 108531 1 -0.731771 0.697115 527 0 1717 0.00836531 -0.0239916 0.027452 -5.21757 2.92808 175.309 
0.0251882 -1.21613 108611 1 -0.731771 0.697115 528 0 1719 0.00863505 -0.0252675 0.0294558 -5.22406 2.90351 175.299 
0.0283808 -1.21036 108651 1 -0.731771 0.697115 529 0 1720 0.00863778 -0.0252706 0.0296678 -5.22406 2.90545 175.271 
0.0283808 -1.21036 108651 1 -0.731771 0.697115 530 0 1720 0.00863778 -0.0252706 0.0296678 -5.22406 2.90545 175.271 
0.839126 -0.853345 108812 1 -0.731771 0.697115 531 0 1724 0.00704853 -0.0277751 0.0300564 -5.22407 2.91222 175.063 
1.11399 -1.06642 108892 1 -0.731771 0.697115 532 0 1726 0.00656276 -0.0314839 0.025882 -5.25441 2.9222 175.069 
1.23447 -1.11159 108971 1 -0.731771 0.697115 533 0 1728 0.00697022 -0.0302282 0.0238444 -5.22569 2.92782 174.96 
1.23447 -1.11159 108971 1 -0.731771 0.697115 534 0 1728 0.00697022 -0.0302282 0.0238444 -5.22569 2.92782 174.96 
1.23438 -1.11032 109012 1 -0.731771 0.697115 535 0 1729 0.00713759 -0.0302161 0.0238095 -5.22581 2.92756 174.968 
1.14357 -1.10733 109176 1 -0.731771 0.697115 536 0 1733 0.00595565 -0.0344248 0.0275928 -5.30846 2.9131 175.109 
1.19487 -1.08158 109252 1 -0.731771 0.697115 537 0 1735 0.00405436 -0.0340062 0.0265906 -5.32155 2.91645 175.068 
1.21427 -1.04877 109293 1 -0.731771 0.697115 538 0 1736 0.0043863 -0.0327399 0.0259128 -5.3174 2.91321 175.023 
1.21427 -1.04877 109293 1 -0.731771 0.697115 539 0 1736 0.0043863 -0.0327399 0.0259128 -5.3174 2.91321 175.023 
1.64224 -1.33665 109493 1 -0.731771 0.697115 540 0 1741 0.00370656 -0.0268934 0.0173461 -5.28434 2.96332 174.973 
1.7895 -2.04388 109574 1 -0.731771 0.697115 541 0 1743 0.00561711 -0.0305877 0.0143394 -5.31336 3.00534 175.079 
1.80712 -2.08446 109613 1 -0.731771 0.697115 542 0 1744 0.00568251 -0.0286907 0.0157437 -5.30427 3.00939 175.209 
1.97999 -2.17374 109693 1 -0.731771 0.697115 543 0 1746 0.00497469 -0.0272565 0.0197222 -5.31852 2.96626 175.354 
2.00302 -2.16607 109773 1 -0.731771 0.697115 544 0 1748 0.0037901 -0.0240563 0.0170054 -5.30429 2.97376 175.193 
2.0676 -2.30619 109853 1 -0.731771 0.697115 545 0 1750 0.00240213 -0.0214056 0.0125991 -5.29435 3.01104 175.232 
2.05065 -2.28795 109894 1 -0.731771 0.697115 546 0 1751 0.00242097 -0.0192087 0.0122533 -5.28263 3.01283 175.261 
2.10098 -2.27921 109934 1 -0.731771 0.697115 547 0 1752 0.00252775 -0.0181051 0.00999629 -5.27502 3.02783 175.191 
2.10098 -2.27921 109934 1 -0.731771 0.697115 548 0 1752 0.00252775 -0.0181051 0.00999629 -5.27502 3.02783 175.191 
1.25813 -1.59719 110134 1 -0.731771 0.697115 549 0 1757 0.00258446 -0.0179439 0.00929119 -5.27159 3.03871 175.126 
1.47252 -2.10853 110215 1 -0.731771 0.697115 550 0 1759 0.00333349 -0.0159495 0.0140207 -5.25114 3.031 175.358 
1.44961 -2.10788 110254 1 -0.731771 0.697115 551 0 1760 0.00327102 -0.0153447 0.0153223 -5.2372 3.03403 175.274 
1.44961 -2.10788 110254 1 -0.731771 0.697115 552 0 1760 0.00327102 -0.0153447 0.0153223 -5.2372 3.03403 175.274 
0.837523 -1.86851 110415 1 -0.731771 0.697115 553 0 1764 0.00304224 -0.013814 0.0195504 -5.22912 3.03315 175.474 
0.800139 -1.82387 110494 1 -0.731771 0.697115 554 0 1766 0.00420171 -0.0141472 0.0221243 -5.22759 3.00121 175.442 
0.788051 -1.81795 110534 1 -0.731771 0.697115 555 0 1767 0.00451238 -0.0143222 0.0225832 -5.22574 3.00425 175.429 
0.704401 -1.77951 110575 1 -0.731771 0.697115 556 0 1768 0.00491132 -0.0161617 0.0246268 -5.23624 2.99832 175.445 
0.704401 -1.77951 110575 1 -0.731771 0.697115 557 0 1768 0.00491132 -0.0161617 0.0246268 -5.23624 2.99832 175.445 
0.696111 -1.74998 110735 1 -0.731771 0.697115 558 0 1772 0.00481898 -0.0171167 0.0245129 -5.21603 3.01377 175.541 
0.4498 -1.01807 110775 1 -0.731771 0.697115 559 0 1773 0.00530326 -0.0236559 0.0310505 -5.22664 2.94172 175.323 
1.00405 1.73086 110855 1 -0.731771 0.697115 560 0 1775 0.00815817 -0.0268076 0.0312674 -5.20124 2.8987 174.991 
1.00405 1.73086 110855 1 -0.731771 0.697115 561 0 1775 0.00815817 -0.0268076 0.0312674 -5.20124 2.8987 174.991 
1.00405 1.73086 110855 1 -0.731771 0.697115 562 0 1775 0.00815817 -0.0268076 0.0312674 -5.20124 2.8987 174.991 
1.04335 -0.365046 111136 1 -0.731771 0.697115 563 0 1782 0.012414 -0.0185074 0.0241644 -5.03344 3.02528 175.305 
1.15747 -0.329132 111176 1 -0.731771 0.697115 564 0 1783 0.0125719 -0.0197261 0.0256227 -5.05894 3.00782 175.486 
1.12022 -0.255599 111216 1 -0.731771 0.697115 565 0 1784 0.0128659 -0.0192521 0.025231 -5.06323 3.00406 175.44 
1.12022 -0.255599 111216 1 -0.731771 0.697115 566 0 1784 0.0128659 -0.0192521 0.025231 -5.06323 3.00406 175.44 
1.14055 -0.25821 111376 1 -0.731771 0.697115 567 0 1788 0.0120148 -0.0145561 0.0280377 -5.01858 2.98517 175.505 
1.10371 -0.291603 111457 1 -0.731771 0.697115 568 0 1790 0.0128215 -0.0192949 0.0264603 -5.07333 3.00099 175.474 
1.27903 -0.381344 111537 1 -0.731771 0.697115 569 0 1792 0.0119208 -0.0188239 0.0263733 -5.07718 3.00092 175.474 
1.20901 -0.375884 111616 1 -0.731771 0.697115 570 0 1794 0.0109833 -0.0201841 0.0267631 -5.09503 3.00218 175.596 
1.29128 -0.393869 111656 1 -0.731771 0.697115 571 0 1795 0.0112342 -0.0159 0.0272246 -5.05429 2.99806 175.571 
1.26032 -0.319368 111737 1 -0.731771 0.697115 572 0 1797 0.0115562 -0.0149976 0.0280546 -5.03778 2.97788 175.494 
1.26032 -0.319368 111737 1 -0.731771 0.697115 573 0 1797 0.0115562 -0.0149976 0.0280546 -5.03778 2.97788 175.494 
1.14852 -0.323973 111898 1 -0.731771 0.697115 574 0 1801 0.011034 -0.016507 0.0282452 -5.05998 2.97973 175.56 
1.09152 -0.308187 111977 1 -0.731771 0.697115 575 0 1803 0.0102859 -0.0161871 0.0272898 -5.06618 2.975 175.404 
1.05047 -0.265614 112057 1 -0.731771 0.697115 576 0 1805 0.0104831 -0.0240473 0.0300314 -5.14908 2.94744 175.529 
1.05619 -0.225945 112097 1 -0.731771 0.697115 577 0 1806 0.0101633 -0.0245122 0.0315133 -5.15139 2.92787 175.524 
1.05619 -0.225945 112097 1 -0.731771 0.697115 578 0 1806 0.0101633 -0.0245122 0.0315133 -5.15139 2.92787 175.524 
0.97111 -0.318561 112258 1 -0.731771 0.697115 579 0 1810 0.00857643 -0.0241193 0.031383 -5.15609 2.90731 175.385 
0.971224 -0.350096 112338 1 -0.731771 0.697115 580 0 1812 0.00937307 -0.0263673 0.0292817 -5.18034 2.91744 175.382 
0.833063 -0.491851 112418 1 -0.731771 0.697115 581 0 1814 0.00993535 -0.0251976 0.0250447 -5.14748 2.93501 175.155 
0.85603 -0.541959 112458 1 -0.731771 0.697115 582 0 1815 0.0102065 -0.0255421 0.0254264 -5.14506 2.93929 175.293 
0.231707 -0.816641 112538 1 -0.731771 0.697115 583 0 1817 0.0112577 -0.0233693 0.0277422 -5.1278 2.92901 175.428 
0.140524 -1.01508 112619 1 -0.731771 0.697115 584 0 1819 0.00992672 -0.0246973 0.0250592 -5.15202 2.93171 175.603 
0.140524 -1.01508 112619 1 -0.731771 0.697115 585 0 1819 0.00992672 -0.0246973 0.0250592 -5.15202 2.93171 175.603 
0.2397 -0.992671 112779 1 -0.731771 0.697115 586 0 1823 0.00970985 -0.0219661 0.0174107 -5.09419 2.98679 175.425 
0.245302 -0.992491 112819 1 -0.731771 0.697115 587 0 1824 0.0102544 -0.0223236 0.0174539 -5.09295 2.98066 175.433 
0.236166 -0.182663 112859 1 -0.731771 0.697115 588 1 1825 0.0116742 -0.0186729 0.0175069 -5.03968 2.96024 175.198 
0.236166 -0.182663 112859 1 -0.731771 0.697115 589 1 1825 0.0116742 -0.0186729 0.0175069 -5.03968 2.96024 175.198 
0.236166 -0.182663 112859 1 -0.731771 0.697115 590 1 1825 0.0116742 -0.0186729 0.0175069 -5.03968 2.96024 175.198 
0.290139 -1.34973 113139 1 -0.731771 0.697115 591 0 1832 0.00776988 -0.0260801 0.0159341 -5.18668 2.94665 175.344 
0.244819 -1.38327 113179 1 -0.731771 0.697115 592 0 1833 0.00730467 -0.0292264 0.0111811 -5.22854 2.96735 175.296 
0.021717 -1.01578 113260 1 -0.731771 0.697115 593 0 1835 0.00615223 -0.0369971 0.00814961 -5.31388 2.96482 175.274 
0.021717 -1.01578 113260 1 -0.731771 0.697115 594 0 1835 0.00615223 -0.0369971 0.00814961 -5.31388 2.96482 175.274 
0.0669972 -1.01616 113380 1 -0.731771 0.697115 595 0 1838 0.00855777 -0.0352722 0.00645541 -5.29421 2.96277 175.285 
0.107662 -1.00708 113460 1 -0.731771 0.697115 596 0 1840 0.00872642 -0.0310779 0.00934041 -5.24041 2.95219 175.144 
0.0564799 -1.19114 113540 1 -0.731771 0.697115 597 0 1842 0.00881686 -0.0311845 0.00658667 -5.2265 3.03183 175.1 
0.0989079 -1.16206 113580 1 -0.731771 0.697115 598 0 1843 0.0086644 -0.0283451 0.00772745 -5.19567 3.03989 175.128 
0.0989079 -1.16206 113580 1 -0.731771 0.697115 599 0 1843 0.0086644 -0.0283451 0.00772745 -5.19567 3.03989 175.128 
0.110587 -1.1817 113781 1 -0.731771 0.697115 600 0 1848 0.00953432 -0.0252631 0.00800768 -5.13175 3.04025 175.084 
0.0956323 -1.21803 113821 1 -0.731771 0.697115 601 0 1849 0.0108822 -0.0263698 0.00895429 -5.1292 3.04049 175.07 
0.105574 -1.18168 113901 1 -0.731771 0.697115 602 0 1851 0.0109857 -0.0254668 0.0113104 -5.11317 3.0173 175.029 
0.105574 -1.18168 113901 1 -0.731771 0.697115 603 0 1851 0.0109857 -0.0254668 0.0113104 -5.11317 3.0173 175.029 
0.105574 -1.18168 113901 1 -0.731771 0.697115 604 0 1851 0.0109857 -0.0254668 0.0113104 -5.11317 3.0173 175.029 
0.107625 -1.11777 114102 1 -0.731771 0.697115 605 0 1856 0.00962426 -0.0215085 0.0182498 -5.08647 2.9678 175.203 
0.153495 -1.13798 114182 1 -0.731771 0.697115 606 0 1858 0.0108538 -0.0227916 0.0125042 -5.09266 3.00253 175.207 
0.165639 -1.15797 114221 1 -0.731771 0.697115 607 0 1859 0.0113421 -0.0232152 0.0106138 -5.08616 3.01347 175.185 
0.165639 -1.15797 114221 1 -0.731771 0.697115 608 0 1859 0.0113421 -0.0232152 0.0106138 -5.08616 3.01347 175.185 
0.155183 -1.16656 114382 1 -0.731771 0.697115 609 0 1863 0.0115981 -0.023353 0.0105374 -5.08493 3.01284 175.195 
0.0881597 -0.280186 114462 1 -0.731771 0.697115 610 0 1865 0.013771 -0.0265441 0.0159025 -5.07708 2.99001 174.931 
0.0834224 1.52914 114502 1 -0.731771 0.697115 611 0 1866 0.013771 -0.0265441 0.0159025 -5.07708 2.99001 174.931 
0.0834224 1.52914 114502 1 -0.731771 0.697115 612 0 1866 0.013771 -0.0265441 0.0159025 -5.07708 2.99001 174.931 
0.0834224 1.52914 114502 1 -0.731771 0.697115 613 0 1866 0.013771 -0.0265441 0.0159025 -5.07708 2.99001 174.931 
0.044239 -1.1535 114743 1 -0.731771 0.697115 614 0 1872 0.0123384 -0.0237234 0.0104919 -5.08149 3.0254 175.052 
0.102687 -1.18082 114783 1 -0.731771 0.697115 615 0 1873 0.0127745 -0.0242518 0.0103963 -5.08762 3.026 174.975 
-0.110922 -1.19043 114863 1 -0.731771 0.697115 616 0 1875 0.013217 -0.0231425 0.00970025 -5.07611 3.01494 174.936 
-0.0893157 -1.23378 114903 1 -0.731771 0.697115 617 0 1876 0.0133486 -0.023793 0.0101402 -5.08158 3.01976 174.986 
0.0523121 -1.578 115023 1 -0.731771 0.697115 618 0 1879 0.012654 -0.0248052 0.0161643 -5.10433 2.9943 175.203 
0.0647785 -1.64598 115063 1 -0.731771 0.697115 619 0 1880 0.0126257 -0.0230985 0.0154963 -5.09703 2.9946 175.188 
0.00307683 -1.61913 115143 1 -0.731771 0.697115 620 0 1882 0.0118795 -0.022594 0.0127488 -5.07636 3.00457 174.983 
-0.0325718 -1.61648 115184 1 -0.731771 0.697115 621 0 1883 0.0123563 -0.0241126 0.0104812 -5.08456 3.02012 175.038 
-0.0325718 -1.61648 115184 1 -0.731771 0.697115 622 0 1883 0.0123563 -0.0241126 0.0104812 -5.08456 3.02012 175.038 
0.3086 -1.92736 115383 1 -0.731771 0.697115 623 0 1888 0.0148693 -0.0263184 0.00697672 -5.07368 3.05984 174.854 
0.276563 -1.86464 115424 1 -0.731771 0.697115 624 0 1889 0.0144892 -0.027824 0.0101989 -5.09761 3.0433 174.982 
0.316445 -1.86107 115504 1 -0.731771 0.697115 625 0 1891 0.0134302 -0.0260816 0.0146093 -5.09765 2.98455 175.005 
0.316445 -1.86107 115504 1 -0.731771 0.697115 626 0 1891 0.0134302 -0.0260816 0.0146093 -5.09765 2.98455 175.005 
0.235091 -1.42093 115625 1 -0.731771 0.697115 627 0 1894 0.0116667 -0.0245729 0.00867409 -5.08995 3.04752 174.904 
0.248285 -1.87537 115705 1 -0.731771 0.697115 628 0 1896 0.0117806 -0.0265877 0.0127706 -5.11681 3.02086 174.992 
0.249875 -1.78247 115784 1 -0.731771 0.697115 629 0 1898 0.0123526 -0.0241693 0.0126152 -5.09367 3.01753 175.024 
0.300803 -1.83226 115825 1 -0.731771 0.697115 630 0 1899 0.0131295 -0.0251524 0.0124544 -5.09432 3.02191 174.966 
0.300803 -1.83226 115825 1 -0.731771 0.697115 631 0 1899 0.0131295 -0.0251524 0.0124544 -5.09432 3.02191 174.966 
0.314348 -1.69182 115985 1 -0.731771 0.697115 632 0 1903 0.0119399 -0.0253724 0.0223046 -5.12292 2.96699 175.328 
0.312453 -1.72125 116066 1 -0.731771 0.697115 633 0 1905 0.0106459 -0.0232796 0.0206761 -5.11154 2.96084 175.14 
0.340243 -1.82152 116146 1 -0.731771 0.697115 634 0 1907 0.0111068 -0.0246417 0.0163943 -5.12704 2.98818 175.096 
0.340243 -1.82152 116146 1 -0.731771 0.697115 635 0 1907 0.0111068 -0.0246417 0.0163943 -5.12704 2.98818 175.096 
0.3255 -1.83946 116185 1 -0.731771 0.697115 636 0 1908 0.0118172 -0.0229091 0.0135566 -5.11287 3.01643 175.16 
0.514877 -0.974569 116265 1 -0.731771 0.697115 637 0 1910 0.0113997 -0.0243605 0.0175643 -5.10483 2.98529 174.97 
0.514877 -0.974569 116265 1 -0.731771 0.697115 638 0 1910 0.0113997 -0.0243605 0.0175643 -5.10483 2.98529 174.97 
0.510427 -0.923421 116346 1 -0.731771 0.697115 639 0 1912 0.0117875 -0.0276699 0.0233092 -5.15869 2.93067 175.248 
0.509126 -0.934613 116466 1 -0.731771 0.697115 640 0 1915 0.0112456 -0.0253887 0.0189169 -5.12777 2.95007 174.952 
0.509126 -0.934613 116466 1 -0.731771 0.697115 641 0 1915 0.0112456 -0.0253887 0.0189169 -5.12777 2.95007 174.952 
0.494671 -0.878999 116546 1 -0.731771 0.697115 642 0 1917 0.0112943 -0.0315954 0.0230236 -5.18513 2.92665 175.18 
0.486266 -0.874698 116666 1 -0.731771 0.697115 643 0 1920 0.0101381 -0.0301759 0.0238958 -5.2052 2.91907 175.346 
0.486266 -0.874698 116666 1 -0.731771 0.697115 644 0 1920 0.0101381 -0.0301759 0.0238958 -5.2052 2.91907 175.346 
0.474299 -0.85161 116787 1 -0.731771 0.697115 645 0 1923 0.00940704 -0.0340679 0.0178182 -5.25159 2.95141 175.232 
0.474299 -0.85161 116787 1 -0.731771 0.697115 646 0 1923 0.00940704 -0.0340679 0.0178182 -5.25159 2.95141 175.232 
0.481043 -0.730171 116907 1 -0.731771 0.697115 647 0 1926 0.00797973 -0.0313509 0.02113 -5.23735 2.91308 175.158 
0.88623 -0.300771 117027 1 -0.731771 0.697115 648 0 1929 0.00961529 -0.0282353 0.0211994 -5.17944 2.94507 175.375 
0.88623 -0.300771 117027 1 -0.731771 0.697115 649 0 1929 0.00961529 -0.0282353 0.0211994 -5.17944 2.94507 175.375 
1.14492 -1.70287 117147 1 -0.731771 0.697115 650 0 1932 0.00961529 -0.0282353 0.0211994 -5.17944 2.94507 175.375 
1.14492 -1.70287 117147 1 -0.731771 0.697115 651 0 1932 0.00961529 -0.0282353 0.0211994 -5.17944 2.94507 175.375 
0.949836 -0.696661 117267 1 -0.731771 0.697115 652 0 1935 0.00866602 -0.0199586 0.0065534 -5.11469 3.02308 175.178 
0.949836 -0.696661 117267 1 -0.731771 0.697115 653 0 1935 0.00866602 -0.0199586 0.0065534 -5.11469 3.02308 175.178 
0.709809 0.19488 117388 1 -0.731771 0.697115 654 1 1938 0.00698608 -0.0338606 0.00933899 -5.28532 2.98276 174.815 
0.791737 -1.21155 117628 1 -0.731771 0.697115 655 0 1944 0.00676808 -0.0352047 0.00546838 -5.31169 3.0377 174.977 
0.849044 -1.29933 117708 1 -0.731771 0.697115 656 0 1946 0.00761439 -0.0327184 0.00159347 -5.24968 3.08273 174.947 
0.884756 -1.31573 117748 1 -0.731771 0.697115 657 0 1947 0.00876228 -0.0285848 0.00329355 -5.19547 3.07968 175.041 
0.900883 -1.29145 117829 1 -0.731771 0.697115 658 0 1949 0.0115799 -0.027942 0.0052921 -5.14106 3.06251 174.945 
0.893092 -1.31166 117909 1 -0.731771 0.697115 659 0 1951 0.0129001 -0.0268599 0.00591796 -5.11136 3.06407 175.02 
0.893092 -1.31166 117949 1 -0.731771 0.697115 660 0 1952 0.0129001 -0.0268599 0.00591796 -5.11136 3.06407 175.02 
0.916196 -1.29915 118029 1 -0.731771 0.697115 661 0 1954 0.0127982 -0.0264172 0.00597752 -5.08811 3.0529 174.924 
1.11542 -1.1675 118109 1 -0.731771 0.697115 662 0 1956 0.0131699 -0.0283437 0.00361178 -5.09453 3.03026 174.903 
1.09303 -1.08413 118189 1 -0.731771 0.697115 663 0 1958 0.0142269 -0.0295382 0.00517453 -5.09654 2.96916 174.988 
1.05971 -1.09143 118230 1 -0.731771 0.697115 664 0 1959 0.0144917 -0.0319437 0.00271116 -5.10676 2.97698 175.05 
0.945929 -1.28931 118270 1 -0.731771 0.697115 665 0 1960 0.0158092 -0.0357012 -0.000524579 -5.12829 2.98427 175.022 
1.22702 -1.49303 118310 1 -0.731771 0.697115 666 0 1961 0.0165847 -0.0342779 -0.00161767 -5.11029 2.97584 175.111 
1.00407 -1.65234 118470 1 -0.731771 0.697115 667 0 1965 0.0134677 -0.0405844 -0.0102106 -5.13634 2.89357 174.637 
1.18232 -1.60191 118552 1 -0.731771 0.697115 668 0 1967 0.0127347 -0.0493863 -0.018787 -5.19709 2.83999 174.509 
1.1777 -1.78434 118590 1 -0.731771 0.697115 669 0 1968 0.0141846 -0.0478761 -0.0234486 -5.20463 2.8336 174.568 
1.1777 -1.78434 118590 1 -0.731771 0.697115 670 0 1968 0.0141846 -0.0478761 -0.0234486 -5.20463 2.8336 174.568 
1.10818 -1.66446 118790 1 -0.731771 0.697115 671 0 1973 0.0159119 -0.0464541 -0.0393173 -5.21633 2.72559 174.487 
1.06587 -1.66288 118830 1 -0.731771 0.697115 672 0 1974 0.0161142 -0.0495941 -0.0486773 -5.22859 2.75658 174.284 
0.746275 -1.58976 118911 1 -0.731771 0.697115 673 0 1976 0.0197653 -0.0535071 -0.0497796 -5.175 2.70784 174.18 
0.746275 -1.58976 118911 1 -0.731771 0.697115 674 0 1976 0.0197653 -0.0535071 -0.0497796 -5.175 2.70784 174.18 
0.842466 -1.62992 119071 1 -0.731771 0.697115 675 0 1980 0.0249871 -0.0511265 -0.0499127 -4.99404 2.69486 174.103 
0.843978 -1.60824 119151 1 -0.731771 0.697115 676 0 1982 0.0302208 -0.06707 -0.0488899 -5.04984 2.68688 174.142 
0.923385 -1.6528 119191 1 -0.731771 0.697115 677 0 1983 0.0320628 -0.0618275 -0.0488731 -4.96947 2.68241 174.233 
0.981465 -1.67285 119231 1 -0.731771 0.697115 678 0 1984 0.0330514 -0.0570526 -0.0501225 -4.88974 2.69814 174.095 
0.981465 -1.67285 119231 1 -0.731771 0.697115 679 0 1984 0.0330514 -0.0570526 -0.0501225 -4.88974 2.69814 174.095 
0.618722 -1.41644 119392 1 -0.731771 0.697115 680 0 1988 0.0354725 -0.0633235 -0.0440198 -4.90289 2.67534 174.236 
0.664119 -1.4114 119471 1 -0.731771 0.697115 681 0 1990 0.0354787 -0.063846 -0.0403098 -4.93342 2.64527 174.29 
0.309343 -1.24191 119553 1 -0.731771 0.697115 682 0 1992 0.033893 -0.0600855 -0.0388213 -4.93783 2.64 174.397 
0.309343 -1.24191 119553 1 -0.731771 0.697115 683 0 1992 0.033893 -0.0600855 -0.0388213 -4.93783 2.64 174.397 
0.348501 -1.3202 119712 1 -0.731771 0.697115 684 0 1996 0.0302074 -0.0605822 -0.0354627 -5.00341 2.60132 174.414 
-0.140731 -0.275349 119793 1 -0.731771 0.697115 685 0 1998 0.0306648 -0.0608237 -0.0429982 -4.99778 2.67083 174.166 
0.0969805 0.741996 119833 1 -0.731771 0.697115 686 0 1999 0.0306749 -0.0609425 -0.0428298 -4.99578 2.6675 174.063 
-0.17521 -0.402721 119872 1 -0.731771 0.697115 687 0 2000 0.0303549 -0.0626762 -0.0467285 -5.0279 2.6947 174.222 
-0.134351 -1.28743 119993 1 -0.731771 0.697115 688 0 2003 0.0287701 -0.0621004 -0.0446189 -5.06835 2.69697 174.318 
0.0916063 -1.47303 120073 1 -0.731771 0.697115 689 0 2005 0.0267742 -0.0629498 -0.0419758 -5.09862 2.71754 174.324 
0.0888901 -1.46562 120113 1 -0.731771 0.697115 690 0 2006 0.0261885 -0.0614553 -0.0419018 -5.10208 2.72686 174.402 
0.143053 -1.41048 120194 1 -0.731771 0.697115 691 0 2008 0.0251763 -0.06133 -0.0431673 -5.12979 2.716 174.269 
0.143053 -1.41048 120194 1 -0.731771 0.697115 692 0 2008 0.0251763 -0.06133 -0.0431673 -5.12979 2.716 174.269 
0.116446 -1.47968 120313 1 -0.731771 0.697115 693 0 2011 0.024084 -0.0563645 -0.0461226 -5.1072 2.73629 174.204 
0.14969 -1.51238 120394 1 -0.731771 0.697115 694 0 2013 0.0248294 -0.0523266 -0.0469551 -5.07573 2.76174 174.139 
0.121911 -1.63054 120474 1 -0.731771 0.697115 695 0 2015 0.024832 -0.0510666 -0.04573 -5.0671 2.76373 174.245 
0.137959 -1.62713 120514 1 -0.731771 0.697115 696 0 2016 0.0248569 -0.0527862 -0.0450311 -5.07561 2.76718 174.177 
0.121295 -1.60515 120554 1 -0.731771 0.697115 697 0 2017 0.0255892 -0.0514774 -0.0445368 -5.05905 2.78324 174.219 
-0.070282 -0.359886 120594 1 -0.731771 0.697115 698 0 2018 0.0266856 -0.0510181 -0.0434102 -5.03456 2.78749 174.135 
0.508965 3.02557 120674 1 -0.731771 0.697115 699 0 2020 0.0264987 -0.0556256 -0.0402906 -5.04469 2.74519 173.854 
1.40015 -1.32666 120834 1 -0.731771 0.697115 700 0 2024 0.0273295 -0.0607163 -0.0456182 -5.06739 2.82832 174.132 
1.40702 -1.72494 120874 1 -0.731771 0.697115 701 0 2025 0.0274182 -0.0609314 -0.0440002 -5.06388 2.81057 174.142 
1.55031 -1.86381 120955 1 -0.731771 0.697115 702 0 2027 0.0284016 -0.0607254 -0.0433536 -5.0603 2.79215 174.151 
1.93755 -2.03558 121034 1 -0.731771 0.697115 703 0 2029 0.0282869 -0.0599956 -0.0425431 -5.05319 2.79266 174.186 
1.99877 -2.16554 121117 1 -0.731771 0.697115 704 0 2031 0.0274219 -0.0624373 -0.0420743 -5.08206 2.81067 174.208 
2.00906 -2.20082 121155 1 -0.731771 0.697115 705 0 2032 0.0272276 -0.060822 -0.0419882 -5.07135 2.81255 174.2 
2.00906 -2.20082 121155 1 -0.731771 0.697115 706 0 2032 0.0272276 -0.060822 -0.0419882 -5.07135 2.81255 174.2 
2.01844 -2.24035 121195 1 -0.731771 0.697115 707 0 2033 0.0272543 -0.0590728 -0.0410818 -5.05737 2.80578 174.143 
1.90811 -2.17052 121275 1 -0.731771 0.697115 708 0 2035 0.0273619 -0.0617919 -0.0416057 -5.06508 2.79435 174.116 
1.90811 -2.17052 121275 1 -0.731771 0.697115 709 0 2035 0.0273619 -0.0617919 -0.0416057 -5.06508 2.79435 174.116 
1.88913 -2.22652 121395 1 -0.731771 0.697115 710 0 2038 0.0301167 -0.0637936 -0.0411233 -5.06468 2.81287 174.172 
1.88913 -2.22652 121395 1 -0.731771 0.697115 711 0 2038 0.0301167 -0.0637936 -0.0411233 -5.06468 2.81287 174.172 
1.94613 -1.9281 121515 1 -0.731771 0.697115 712 0 2041 0.0286534 -0.0593903 -0.0351272 -5.00386 2.77222 174.08 
1.94613 -1.9281 121515 1 -0.731771 0.697115 713 0 2041 0.0286534 -0.0593903 -0.0351272 -5.00386 2.77222 174.08 
1.85843 -1.89529 121636 1 -0.731771 0.697115 714 0 2044 0.0290075 -0.05895 -0.0377569 -4.98461 2.81008 174.09 
1.88418 -2.04549 121756 1 -0.731771 0.697115 715 0 2047 0.03123 -0.0588573 -0.0389362 -4.99163 2.79776 174.018 
1.58311 -1.71646 121876 1 -0.731771 0.697115 716 0 2050 0.0317981 -0.0573014 -0.0379133 -4.98113 2.82131 174.069 
1.58311 -1.71646 121876 1 -0.731771 0.697115 717 0 2050 0.0317981 -0.0573014 -0.0379133 -4.98113 2.82131 174.069 
1.6298 -1.6396 121957 1 -0.731771 0.697115 718 0 2052 0.0308397 -0.0574634 -0.0370147 -4.9969 2.84453 173.993 
1.54033 -1.46811 122077 1 -0.731771 0.697115 719 0 2055 0.0288757 -0.0557587 -0.03265 -4.99692 2.81519 174.095 
1.54033 -1.46811 122077 1 -0.731771 0.697115 720 0 2055 0.0288757 -0.0557587 -0.03265 -4.99692 2.81519 174.095 
1.4654 -1.39019 122156 1 -0.731771 0.697115 721 0 2057 0.0289579 -0.0587556 -0.0299079 -5.01774 2.77939 173.998 
1.4654 -1.39019 122156 1 -0.731771 0.697115 722 0 2057 0.0289579 -0.0587556 -0.0299079 -5.01774 2.77939 173.998 
1.57843 -1.14839 122277 1 -0.731771 0.697115 723 0 2060 0.0313923 -0.04764 -0.0322606 -4.91565 2.80457 173.768 
1.51797 -1.18805 122397 1 -0.731771 0.697115 724 0 2063 0.0286245 -0.056794 -0.0321612 -5.01163 2.81594 174.179 
1.51797 -1.18805 122397 1 -0.731771 0.697115 725 0 2063 0.0286245 -0.056794 -0.0321612 -5.01163 2.81594 174.179 
1.57309 -1.17662 122597 1 -0.731771 0.697115 726 0 2068 0.0292983 -0.0571075 -0.0370068 -5.02754 2.82312 174.089 
1.52122 -1.18889 122638 1 -0.731771 0.697115 727 0 2069 0.0291229 -0.057052 -0.0384817 -5.02591 2.83556 174.027 
1.54654 -1.22509 122718 1 -0.731771 0.697115 728 0 2071 0.0294625 -0.0591569 -0.03686 -5.04444 2.82484 174.087 
1.54089 -1.20498 122758 1 -0.731771 0.697115 729 0 2072 0.0282639 -0.058117 -0.0380125 -5.03823 2.83635 174.037 
1.6562 -1.09044 122880 1 -0.731771 0.697115 730 0 2075 0.0264901 -0.0592434 -0.0376203 -5.07499 2.81415 174.073 
1.6746 -1.10746 122959 1 -0.731771 0.697115 731 0 2077 0.0261718 -0.0601687 -0.0368527 -5.07981 2.8118 174.055 
1.69911 -1.03454 122998 1 -0.731771 0.697115 732 0 2078 0.0267278 -0.0597494 -0.035794 -5.06843 2.79933 174.065 
1.69519 -1.06355 123079 1 -0.731771 0.697115 733 0 2080 0.0280704 -0.0599499 -0.0339538 -5.06834 2.77494 174.176 
1.70829 -1.02317 123119 1 -0.731771 0.697115 734 0 2081 0.0283776 -0.0587021 -0.0339066 -5.05365 2.775 174.146 
1.71906 -0.59277 123159 1 -0.731771 0.697115 735 0 2082 0.028773 -0.0522658 -0.026283 -5.01694 2.70971 173.932 
1.71906 -0.59277 123159 1 -0.731771 0.697115 736 0 2082 0.028773 -0.0522658 -0.026283 -5.01694 2.70971 173.932 
1.58267 -0.413931 123278 1 -0.731771 0.697115 737 0 2085 0.0240406 -0.0449414 -0.0217394 -4.98361 2.6688 174.001 
1.58267 -0.413931 123278 1 -0.731771 0.697115 738 0 2085 0.0240406 -0.0449414 -0.0217394 -4.98361 2.6688 174.001 
0.551327 -0.737642 123399 1 -0.731771 0.697115 739 0 2088 0.0239634 -0.0453937 -0.0316058 -5.00537 2.75785 173.962 
0.301487 -0.700149 123520 1 -0.731771 0.697115 740 0 2091 0.0224107 -0.0469873 -0.0377888 -5.05329 2.78593 173.656 
0.301487 -0.700149 123520 1 -0.731771 0.697115 741 0 2091 0.0224107 -0.0469873 -0.0377888 -5.05329 2.78593 173.656 
0.454212 -0.790387 123639 1 -0.731771 0.697115 742 0 2094 0.0214257 -0.0453088 -0.0329745 -5.05232 2.77566 173.683 
0.454212 -0.790387 123639 1 -0.731771 0.697115 743 0 2094 0.0214257 -0.0453088 -0.0329745 -5.05232 2.77566 173.683 
0.512601 -0.9474 123880 1 -0.731771 0.697115 744 0 2100 0.0235693 -0.046511 -0.0336493 -5.03994 2.81533 174.083 
0.512601 -0.9474 123880 1 -0.731771 0.697115 745 0 2100 0.0235693 -0.046511 -0.0336493 -5.03994 2.81533 174.083 
0.43233 -0.895866 123921 1 -0.731771 0.697115 746 0 2101 0.0240082 -0.0496244 -0.0302782 -5.02777 2.77757 173.606 
0.43233 -0.895866 123921 1 -0.731771 0.697115 747 0 2101 0.0240082 -0.0496244 -0.0302782 -5.02777 2.77757 173.606 
0.442349 -1.04838 124081 1 -0.731771 0.697115 748 0 2105 0.0259915 -0.0471874 -0.028723 -4.98938 2.76241 173.674 
0.442349 -1.04838 124081 1 -0.731771 0.697115 749 0 2105 0.0259915 -0.0471874 -0.028723 -4.98938 2.76241 173.674 
0.403081 -1.27322 124201 1 -0.731771 0.697115 750 0 2108 0.0251535 -0.0497375 -0.0304303 -5.02399 2.83644 174.255 
0.550796 -0.927369 124321 1 -0.731771 0.697115 751 0 2111 0.0262127 -0.0482337 -0.0203836 -4.9766 2.70395 173.943 
0.550796 -0.927369 124321 1 -0.731771 0.697115 752 0 2111 0.0262127 -0.0482337 -0.0203836 -4.9766 2.70395 173.943 
0.550796 -0.927369 124321 1 -0.731771 0.697115 753 0 2111 0.0262127 -0.0482337 -0.0203836 -4.9766 2.70395 173.943 
0.550796 -0.927369 124321 1 -0.731771 0.697115 754 0 2111 0.0262127 -0.0482337 -0.0203836 -4.9766 2.70395 173.943 
0.885981 0.946016 124441 1 -0.731771 0.697115 755 0 2114 0.0262127 -0.0482337 -0.0203836 -4.9766 2.70395 173.943 
0.593077 -1.17499 124682 1 -0.731771 0.697115 756 0 2120 0.0232299 -0.0493129 -0.0364706 -5.07448 2.78269 174.221 
0.593077 -1.17499 124682 1 -0.731771 0.697115 757 0 2120 0.0232299 -0.0493129 -0.0364706 -5.07448 2.78269 174.221 
0.691992 -1.27776 124801 1 -0.731771 0.697115 758 0 2123 0.0219736 -0.0478066 -0.0370358 -5.07466 2.78909 174.164 
0.729598 -1.56291 125003 1 -0.731771 0.697115 759 0 2128 0.019514 -0.0459498 -0.034415 -5.10328 2.79174 174.153 
0.729598 -1.56291 125003 1 -0.731771 0.697115 760 0 2128 0.019514 -0.0459498 -0.034415 -5.10328 2.79174 174.153 
0.463338 -1.45406 125043 1 -0.731771 0.697115 761 0 2129 0.0188172 -0.050822 -0.0337851 -5.15936 2.78818 174.044 
0.463338 -1.45406 125043 1 -0.731771 0.697115 762 0 2129 0.0188172 -0.050822 -0.0337851 -5.15936 2.78818 174.044 
0.196868 -1.45947 125162 1 -0.731771 0.697115 763 0 2132 0.0153417 -0.0535083 -0.0469318 -5.12448 2.81334 172.518 
0.144344 -1.45782 125323 1 -0.731771 0.697115 764 0 2136 0.00786594 -0.0730733 -0.0619873 -5.07731 2.73986 170.058 
0.146395 -1.70189 125404 1 -0.731771 0.697115 765 0 2138 0.0139305 -0.0719992 -0.0750726 -5.03505 2.88019 169.493 
0.0450628 -1.40687 125444 1 -0.731771 0.697115 766 0 2139 0.0133728 -0.0792509 -0.0476962 -5.10976 2.73133 170.318 
0.171608 -2.11593 125564 1 -0.731771 0.697115 767 0 2142 0.0208291 -0.0598974 -0.0772026 -5.0845 3.23471 170.102 
0.396298 -1.76123 125644 1 -0.731771 0.697115 768 0 2144 0.0222404 -0.0584468 -0.0334425 -5.10766 3.05249 171.441 
1.04442 -1.5684 125683 1 -0.731771 0.697115 769 0 2145 0.0209107 -0.0637453 -0.0183929 -5.18127 3.04493 172.317 
0.818339 -1.07942 125725 1 -0.731771 0.697115 770 0 2146 0.0183661 -0.0780931 -0.000811937 -5.3817 2.98379 173.204 
0.818339 -1.07942 125725 1 -0.731771 0.697115 771 0 2146 0.0183661 -0.0780931 -0.000811937 -5.3817 2.98379 173.204 
1.00763 -1.39288 125844 1 -0.731771 0.697115 772 0 2149 0.00556435 -0.0677638 0.01212 -5.54173 3.01993 173.55 
1.00763 -1.39288 125844 1 -0.731771 0.697115 773 0 2149 0.00556435 -0.0677638 0.01212 -5.54173 3.01993 173.55 
0.679195 -1.48365 126084 1 -0.731771 0.697115 774 0 2155 -0.00127044 -0.0617065 0.00167401 -5.51855 3.14223 173.572 
0.124817 -1.51077 126125 1 -0.731771 0.697115 775 0 2156 0.00145914 -0.0667614 -0.00117337 -5.51643 3.17606 173.693 
0.0367915 -1.38568 126206 1 -0.731771 0.697115 776 0 2158 0.00372743 -0.0685875 -0.00305243 -5.42819 3.12097 173.577 
0.239225 -1.5665 126244 1 -0.731771 0.697115 777 0 2159 0.00795458 -0.0593104 -0.00446475 -5.28118 3.13989 173.552 
0.239225 -1.5665 126244 1 -0.731771 0.697115 778 0 2159 0.00795458 -0.0593104 -0.00446475 -5.28118 3.13989 173.552 
0.0589126 -1.65463 126365 1 -0.731771 0.697115 779 0 2162 0.0100965 -0.0712736 -0.000480691 -5.29327 3.16699 173.601 
0.375231 -1.09786 126567 1 -0.731771 0.697115 780 0 2167 0.0127183 -0.0597656 0.0261881 -5.09842 3.09645 173.846 
0.375231 -1.09786 126567 1 -0.731771 0.697115 781 0 2167 0.0127183 -0.0597656 0.0261881 -5.09842 3.09645 173.846 
0.395125 -0.837526 126607 1 -0.731771 0.697115 782 0 2168 0.0126653 -0.0673528 0.0347081 -5.16584 3.03802 173.954 
0.520307 -1.0726 126725 1 -0.731771 0.697115 783 0 2171 0.0154483 -0.0618347 0.0326426 -5.13275 3.02835 173.746 
0.520307 -1.0726 126725 1 -0.730208 0.695192 784 0 2171 0.0154483 -0.0618347 0.0326426 -5.13275 3.02835 173.746 
0.315179 -0.977906 126807 1 -0.684375 0.657692 785 0 2173 0.0146836 -0.0728763 0.0367564 -5.25609 3.05962 173.712 
0.315179 -0.977906 126807 1 -0.451042 0.648077 786 0 2173 0.0146836 -0.0728763 0.0367564 -5.25609 3.05962 173.712 
0.4292 -1.30794 127046 1 -0.214062 0.6625 787 0 2179 0.00839228 -0.0730098 0.0343142 -5.2531 3.11115 174.311 
0.4292 -1.30794 127046 1 -0.0942708 0.643269 788 0 2179 0.00839228 -0.0730098 0.0343142 -5.2531 3.11115 174.311 
0.422749 -1.36526 127086 1 0.00989583 0.633654 789 0 2180 0.0104079 -0.0663299 0.0339364 -5.15967 3.11207 174.035 
0.422749 -1.36526 127086 1 0.0619792 0.618269 790 0 2180 0.0104079 -0.0663299 0.0339364 -5.15967 3.11207 174.035 
1.23486 -1.54987 127206 1 0.165625 0.617308 791 0 2183 0.0152487 -0.0654243 0.0339151 -5.08503 3.08303 173.908 
1.09934 -1.85538 127327 1 0.324479 0.617308 792 0 2186 0.0178195 -0.0776653 0.0366258 -5.15784 3.17173 174.032 
1.12355 -1.78073 127407 1 0.368229 0.616346 793 0 2188 0.0172386 -0.0933649 0.0322919 -5.29236 3.23386 174.332 
1.12355 -1.78073 127407 1 0.368229 0.616346 794 0 2188 0.0172386 -0.0933649 0.0322919 -5.29236 3.23386 174.332 
0.293525 -1.10172 127527 1 0.368229 0.616346 795 0 2191 0.015896 -0.0847369 0.0406636 -5.24414 3.03304 174.348 
0.293525 -1.10172 127527 1 0.368229 0.616346 796 0 2191 0.015896 -0.0847369 0.0406636 -5.24414 3.03304 174.348 
0.27658 -1.06295 127647 1 0.368229 0.616346 797 0 2194 0.016348 -0.082428 0.0442969 -5.2369 3.01112 174.372 
0.27658 -1.06295 127647 1 0.368229 0.616346 798 0 2194 0.016348 -0.082428 0.0442969 -5.2369 3.01112 174.372 
0.312628 -1.27043 127767 1 0.368229 0.616346 799 0 2197 0.0165417 -0.0722294 0.0370995 -5.20927 3.14581 174.395 
0.537842 -1.45395 127888 1 0.368229 0.616346 800 0 2200 0.0169264 -0.0674894 0.0362128 -5.17803 3.10291 174.156 
0.537842 -1.45395 127888 1 0.332292 0.630769 801 0 2200 0.0169264 -0.0674894 0.0362128 -5.17803 3.10291 174.156 
0.53178 -1.60653 128050 1 0.325521 0.630769 802 0 2204 0.0156056 -0.0690052 0.0399887 -5.20272 3.17599 174.325 
0.53178 -1.60653 128050 1 0.325521 0.630769 803 0 2204 0.0156056 -0.0690052 0.0399887 -5.20272 3.17599 174.325 
0.468961 -1.59295 128168 1 0.327083 0.625 804 0 2207 0.0148634 -0.0650797 0.0363462 -5.16278 3.18276 174.374 
0.804446 -1.54441 128288 1 0.286979 0.591346 805 0 2210 0.0169664 -0.0641333 0.0331943 -5.13257 3.13048 174.17 
0.804446 -1.54441 128288 1 0.196875 0.493269 806 0 2210 0.0169664 -0.0641333 0.0331943 -5.13257 3.13048 174.17 
0.711977 -1.35228 128409 1 0.14375 0.403846 807 0 2213 0.0189321 -0.0653565 0.0434937 -5.14723 3.07867 174.47 
1.30848 -1.28101 128529 1 0.13125 0.35 808 0 2216 0.0174103 -0.0670328 0.0455581 -5.17011 3.06777 174.56 
1.52272 -1.39659 128649 1 0.141667 0.327885 809 0 2219 0.0177724 -0.0636329 0.0462046 -5.10825 2.98465 174.38 
1.52272 -1.39659 128770 1 0.142708 0.326923 810 0 2222 0.0177724 -0.0636329 0.0462046 -5.10825 2.98465 174.38 
1.52272 -1.39659 128810 1 0.14375 0.328846 811 0 2223 0.0177724 -0.0636329 0.0462046 -5.10825 2.98465 174.38 
