ImageFile:
0.603688 1.04741 68291 1 0.342187 0.274038 1 1 734 0.0819745 0.0413138 0.110197 -0.522621 -4.96307 143.349 
0.657813 1.03256 68371 1 0.547917 0.303846 2 1 736 0.0810395 0.0283824 0.112176 -0.65556 -4.9913 143.561 
0.652614 0.864844 68411 1 0.547917 0.303846 3 1 737 0.0810804 0.0269827 0.111697 -0.669918 -4.99899 143.575 
0.675909 0.774718 68492 1 0.547917 0.303846 4 1 739 0.0814695 0.0269847 0.108904 -0.669179 -4.97224 143.547 
0.664354 0.743228 68573 1 0.548958 0.302885 5 1 741 0.080081 0.0267635 0.107412 -0.6788 -4.95456 143.523 
0.600446 0.727466 68613 1 0.628125 0.275962 6 1 742 0.0816085 0.0261327 0.106039 -0.700417 -4.93401 143.544 
0.358206 0.762573 68692 1 0.693229 0.227885 7 1 744 0.0788148 0.0288117 0.104621 -0.680309 -4.9113 143.459 
0.344122 0.758421 68732 1 0.715625 0.193269 8 1 745 0.0787922 0.0290833 0.104711 -0.683554 -4.91045 143.447 
0.304763 0.739065 68812 1 0.739583 0.152885 9 1 747 0.077533 0.0305797 0.105013 -0.691571 -4.90641 143.415 
0.315474 0.843414 68853 1 0.798438 0.0951923 10 1 748 0.0783037 0.0354978 0.105092 -0.644131 -4.89706 143.413 
0.315474 0.843414 68853 1 0.867708 0.0596154 11 1 748 0.0783037 0.0354978 0.105092 -0.644131 -4.89706 143.413 
0.315474 0.843414 68853 1 0.889583 0.0759615 12 1 748 0.0783037 0.0354978 0.105092 -0.644131 -4.89706 143.413 
0.963292 0.513114 69092 1 0.898958 0.0932692 13 1 754 0.0773343 0.0115542 0.117083 -0.828833 -5.04867 143.83 
0.964965 0.470455 69173 1 0.898958 0.101923 14 1 756 0.0768121 0.0119261 0.11689 -0.832079 -5.0504 143.818 
0.965148 0.470636 69213 1 0.892188 0.116346 15 1 757 0.0767966 0.0119211 0.116888 -0.832012 -5.05042 143.817 
1.25574 0.326894 69293 1 0.8875 0.123077 16 0 759 0.0752622 0.0145054 0.11592 -0.796662 -5.04654 143.926 
1.31665 0.253964 69374 1 0.8875 0.124038 17 0 761 0.0751541 0.0132895 0.114205 -0.799629 -5.01657 143.953 
1.33427 0.318499 69453 1 0.8875 0.124038 18 0 763 0.0751384 0.0136666 0.116781 -0.789652 -5.0299 143.823 
1.35658 0.295108 69533 1 0.8875 0.124038 19 0 765 0.0758786 0.0135214 0.114966 -0.768146 -4.99708 143.668 
1.36124 0.227677 69614 1 0.8875 0.124038 20 0 767 0.0759454 0.0111504 0.1118 -0.766085 -4.92068 142.813 
1.34673 0.173672 69654 1 0.8875 0.124038 21 0 768 0.0736187 0.0204151 0.108189 -0.656972 -4.83576 142.066 
1.34673 0.173672 69654 1 0.773438 0.388462 22 0 768 0.0736187 0.0204151 0.108189 -0.656972 -4.83576 142.066 
1.40652 -0.274554 69854 1 0.538542 0.749038 23 0 773 0.0782525 0.0184391 0.0892515 -0.691144 -4.55898 140.46 
1.17104 -0.36963 69934 1 0.477604 0.759615 24 0 775 0.0788506 0.0191284 0.0868171 -0.691831 -4.57038 140.992 
0.767281 -0.364985 69975 1 0.477604 0.755769 25 0 776 0.0779792 0.0244478 0.0866977 -0.653043 -4.56388 141.081 
0.767281 -0.364985 69975 1 0.477604 0.755769 26 0 776 0.0779792 0.0244478 0.0866977 -0.653043 -4.56388 141.081 
0.78231 -0.109349 70135 1 0.477604 0.755769 27 1 780 0.077387 0.0320123 0.0897622 -0.578322 -4.59346 141.423 
0.847447 0.322437 70216 1 0.477604 0.755769 28 1 782 0.081943 0.0352473 0.0898602 -0.530157 -4.59815 141.703 
0.873277 0.19515 70255 1 0.466146 0.753846 29 1 783 0.0815809 0.0366399 0.0853534 -0.508358 -4.54556 141.62 
0.88825 0.179306 70295 1 0.349479 0.715385 30 1 784 0.0811699 0.033179 0.0844159 -0.537813 -4.53425 141.576 
0.88825 0.179306 70295 1 0.246875 0.639423 31 1 784 0.0811699 0.033179 0.0844159 -0.537813 -4.53425 141.576 
-0.21896 1.99687 70496 1 0.240104 0.624038 32 0 789 0.0835062 0.0208336 0.0840054 -0.656094 -4.54926 141.842 
0.289336 1.0704 70536 1 0.229167 0.660577 33 1 790 0.0829215 0.0148774 0.082863 -0.730826 -4.54438 141.858 
0.554308 0.520814 70616 1 0.196875 0.779808 34 1 792 0.0829659 0.0153322 0.0878595 -0.750211 -4.60997 141.883 
0.674647 0.337039 70696 1 0.175 0.870192 35 1 794 0.0816409 0.016424 0.0877588 -0.753788 -4.61139 141.854 
0.716049 0.305469 70776 1 0.165104 0.918269 36 1 796 0.0810882 0.0214882 0.0894503 -0.713354 -4.62358 141.914 
0.712492 0.482994 70856 1 0.156771 0.932692 37 1 798 0.075411 0.029468 0.0898322 -0.579256 -4.67101 143.526 
0.695834 0.527 70897 1 0.139583 0.932692 38 1 799 0.0764048 0.022846 0.092924 -0.651127 -4.71676 143.538 
0.706364 0.504169 70977 1 0.128646 0.934615 39 1 801 0.0778982 0.0218958 0.0903556 -0.647526 -4.69863 143.591 
0.718015 0.517005 71056 1 0.123438 0.938462 40 1 803 0.0771434 0.0225012 0.0914254 -0.64084 -4.70983 143.51 
0.717388 0.521901 71096 1 0.11875 0.946154 41 1 804 0.0773004 0.0225304 0.0913934 -0.641178 -4.71014 143.509 
0.724662 0.543367 71178 1 0.105208 0.954808 42 1 806 0.0782489 0.0224422 0.0912457 -0.640561 -4.71172 143.482 
-0.0110484 0.442611 71257 1 0.0890625 0.964423 43 1 808 0.0774747 0.0214885 0.0914062 -0.649798 -4.72378 143.471 
-0.0676155 0.246261 71297 1 0.0869792 0.967308 44 1 809 0.0763969 0.0203838 0.0932733 -0.668721 -4.74587 143.472 
-0.109276 0.256093 71378 1 0.0848958 0.967308 45 1 811 0.0749377 0.0191326 0.0967763 -0.700432 -4.78664 143.498 
-0.102361 0.266569 71457 1 0.0807292 0.966346 46 1 813 0.0744954 0.0206487 0.0940526 -0.676625 -4.76302 143.584 
-0.0819068 0.269297 71498 1 0.0765625 0.966346 47 1 814 0.0751995 0.022164 0.0974355 -0.633442 -4.80004 143.492 
-0.0819068 0.269297 71578 1 0.0760417 0.967308 48 1 816 0.0751995 0.022164 0.0974355 -0.633442 -4.80004 143.492 
-0.157505 0.253437 71658 1 0.0739583 0.970192 49 1 818 0.075057 0.0186769 0.0972926 -0.682975 -4.80098 143.537 
-0.15689 0.26783 71698 1 0.0734375 0.970192 50 1 819 0.0746482 0.0176175 0.096941 -0.694752 -4.80191 143.548 
-0.123507 0.272144 71779 1 0.0734375 0.970192 51 1 821 0.0758245 0.02114 0.0987729 -0.636603 -4.82079 143.519 
-0.0965098 0.22453 71858 1 0.0734375 0.970192 52 1 823 0.075485 0.0242937 0.0960554 -0.592904 -4.79495 143.525 
-0.0979274 0.223984 71898 1 0.0729167 0.970192 53 1 824 0.0756178 0.0243248 0.0960746 -0.593214 -4.79479 143.526 
-0.11275 0.198785 71978 1 0.0729167 0.970192 54 1 826 0.0757345 0.0237414 0.0972371 -0.60459 -4.79735 143.511 
-0.0886601 0.26866 72059 1 0.0729167 0.970192 55 1 828 0.0760335 0.0293801 0.0995456 -0.538228 -4.81068 143.481 
-0.0734983 0.206469 72140 1 0.0729167 0.970192 56 1 830 0.0778634 0.0306057 0.0971944 -0.52008 -4.78072 143.578 
-0.0345974 0.203609 72178 1 0.0729167 0.970192 57 1 831 0.0796163 0.0312427 0.0997957 -0.505454 -4.81228 143.514 
-0.0726685 0.226534 72259 1 0.0729167 0.970192 58 1 833 0.0768351 0.0304642 0.100998 -0.521866 -4.82129 143.396 
-0.200172 0.177842 72340 1 0.0729167 0.970192 59 0 835 0.0755411 0.0233535 0.0995865 -0.633533 -4.7917 143.223 
-0.261382 0.209927 72420 1 0.0729167 0.970192 60 0 837 0.0734972 0.0150588 0.0979062 -0.754208 -4.76506 143.289 
-0.237911 0.1652 72460 1 0.0729167 0.970192 61 0 838 0.0736413 0.0147743 0.0963981 -0.755441 -4.74007 143.333 
-0.244512 0.227359 72539 1 0.0729167 0.970192 62 0 840 0.0736969 0.0119466 0.099489 -0.775085 -4.78984 143.227 
-0.243039 0.225549 72579 1 0.0729167 0.970192 63 0 841 0.0736833 0.0119074 0.0995326 -0.774718 -4.78934 143.246 
-0.162011 0.249168 72660 1 0.0729167 0.970192 64 1 843 0.074417 0.0137772 0.100369 -0.714127 -4.81573 143.315 
-0.161454 0.238398 72740 1 0.0729167 0.970192 65 1 845 0.0752298 0.0217631 0.100139 -0.599163 -4.80711 143.353 
-0.148609 0.290978 72780 1 0.078125 0.970192 66 1 846 0.0755995 0.0240272 0.100251 -0.563054 -4.81472 143.333 
-0.0664882 0.24565 72860 1 0.136979 0.974038 67 1 848 0.0765344 0.0272489 0.101445 -0.500146 -4.83002 143.344 
-0.0772357 0.258174 72940 1 0.317708 0.974038 68 1 850 0.0768944 0.0269229 0.100507 -0.492022 -4.81231 143.426 
-0.0510386 0.292153 73020 1 0.575 0.975962 69 1 852 0.0779574 0.0275214 0.102032 -0.476663 -4.82738 143.287 
-0.0997324 0.217278 73101 1 0.613021 0.953846 70 1 854 0.0772026 0.025101 0.100588 -0.517453 -4.8046 143.345 
-0.0997324 0.217278 73141 1 0.613021 0.953846 71 1 855 0.0772026 0.025101 0.100588 -0.517453 -4.8046 143.345 
-0.102962 0.216451 73222 1 0.613021 0.953846 72 1 857 0.0769255 0.0251424 0.100591 -0.51789 -4.80452 143.348 
-0.0823292 0.280549 73301 1 0.592708 0.952885 73 1 859 0.0765654 0.0268808 0.10147 -0.495709 -4.8515 143.31 
-0.0707995 0.253007 73341 1 0.647917 0.9625 74 1 860 0.0771674 0.0277083 0.100601 -0.486282 -4.84468 143.328 
-0.399805 1.17897 73421 1 0.904687 1.00192 75 0 862 0.0780146 0.0312025 0.0972648 -0.464606 -4.78464 143.49 
-0.399805 1.17897 73421 1 0.999479 1.0375 76 0 862 0.0780146 0.0312025 0.0972648 -0.464606 -4.78464 143.49 
-0.399805 1.17897 73421 1 0.999479 1.0375 77 0 862 0.0780146 0.0312025 0.0972648 -0.464606 -4.78464 143.49 
-0.193609 0.561763 73622 1 0.996354 1.0375 78 1 867 0.0792308 0.0312298 0.0925082 -0.501249 -4.73349 143.629 
-0.272657 0.383544 73662 1 0.988021 1.0375 79 0 868 0.0781044 0.0263524 0.0946612 -0.568707 -4.76352 143.662 
-0.29455 0.314453 73742 1 0.982292 1.0375 80 0 870 0.0771813 0.0268799 0.0948527 -0.575041 -4.76154 143.68 
-0.29455 0.314453 73742 1 0.924479 1.02308 81 0 870 0.0771813 0.0268799 0.0948527 -0.575041 -4.76154 143.68 
-0.29455 0.314453 73742 1 0.856771 0.944231 82 0 870 0.0771813 0.0268799 0.0948527 -0.575041 -4.76154 143.68 
0.0977543 -0.0123325 73942 1 0.848958 0.832692 83 1 875 0.0763994 0.0285 0.0937075 -0.549953 -4.7243 143.77 
0.887855 -0.176639 74022 1 0.879167 0.789423 84 1 877 0.0745683 0.0302256 0.0957672 -0.531319 -4.73879 143.831 
0.944222 -0.151788 74105 1 0.882813 0.785577 85 1 879 0.0757435 0.0285832 0.0976329 -0.539771 -4.78574 143.993 
0.999205 -0.124125 74183 1 0.95 0.857692 86 1 881 0.0764306 0.0292778 0.10048 -0.508147 -4.83469 144.104 
1.03582 -0.124306 74223 1 1.14375 0.872115 87 1 882 0.0764495 0.0313664 0.100103 -0.481881 -4.83607 144.149 
0.952938 -0.135936 74303 1 1.34948 0.922115 88 1 884 0.0773369 0.027019 0.0970495 -0.524001 -4.80937 144.207 
-0.871749 1.34949 74383 1 1.4776 1.02404 89 0 886 0.0782055 0.0228904 0.0943484 -0.571607 -4.7769 144.263 
-0.465453 0.836731 74423 1 1.50573 1.0375 90 0 887 0.077937 0.0222206 0.0922002 -0.578786 -4.74926 144.273 
-0.230181 0.357135 74504 1 1.4599 0.946154 91 0 889 0.0774772 0.0241708 0.0934588 -0.557215 -4.76442 144.294 
-0.194282 0.401307 74584 1 1.42448 0.867308 92 1 891 0.077207 0.023503 0.0970276 -0.547394 -4.80664 144.223 
-0.194282 0.401307 74584 1 1.41615 0.817308 93 1 891 0.077207 0.023503 0.0970276 -0.547394 -4.80664 144.223 
-1.31068 2.56199 74624 1 1.38906 0.770192 94 0 892 0.077207 0.023503 0.0970276 -0.547394 -4.80664 144.223 
-0.119053 0.213344 74783 1 1.35417 0.747115 95 1 896 0.0768347 0.0207247 0.0945516 -0.598735 -4.789 144.32 
0.758112 0.219287 74824 1 1.32604 0.746154 96 1 897 0.077668 0.026106 0.0898404 -0.538602 -4.72804 144.182 
1.23337 0.366432 74905 1 1.32187 0.750962 97 0 899 0.0787539 0.0211805 0.0881003 -0.584188 -4.70729 144.221 
1.25033 0.181029 74984 1 1.31823 0.758654 98 0 901 0.0784503 0.0182768 0.0924656 -0.624267 -4.76072 144.243 
1.28909 0.207816 75065 1 1.31771 0.759615 99 0 903 0.078287 0.0189571 0.0934031 -0.612674 -4.76538 144.214 
1.40305 0.21515 75105 1 1.31771 0.759615 100 0 904 0.0778067 0.0165456 0.0948477 -0.636367 -4.78136 144.2 
1.42508 0.177117 75184 1 1.31771 0.759615 101 0 906 0.0775446 0.0178575 0.0938876 -0.637373 -4.76158 144.158 
1.44167 0.215554 75265 1 1.31771 0.759615 102 0 908 0.0780749 0.0182008 0.0952414 -0.627354 -4.78507 144.172 
1.44167 0.215554 75265 1 1.31771 0.759615 103 0 908 0.0780749 0.0182008 0.0952414 -0.627354 -4.78507 144.172 
1.44575 0.219671 75425 1 1.31771 0.759615 104 0 912 0.077624 0.0181274 0.0955732 -0.629201 -4.79403 144.062 
1.41571 0.189108 75506 1 1.31771 0.759615 105 0 914 0.0766146 0.0180113 0.092705 -0.644859 -4.74609 144.162 
1.38584 0.236454 75545 1 1.31771 0.759615 106 0 915 0.0751856 0.0165093 0.0927052 -0.666839 -4.74533 144.069 
1.43081 0.179518 75585 1 1.31771 0.759615 107 0 916 0.0774726 0.0194782 0.0918956 -0.618556 -4.73343 144.131 
1.43081 0.179518 75585 1 1.31771 0.759615 108 0 916 0.0774726 0.0194782 0.0918956 -0.618556 -4.73343 144.131 
1.45067 0.19266 75786 1 1.31771 0.759615 109 0 921 0.0784429 0.0144365 0.0929232 -0.6444 -4.74259 144.11 
1.44558 0.195816 75826 1 1.31771 0.759615 110 0 922 0.0781656 0.0134995 0.0944571 -0.650953 -4.74806 144.054 
1.42927 0.19468 75907 1 1.31771 0.759615 111 0 924 0.0778489 0.0124613 0.0945032 -0.664559 -4.75435 144.146 
1.41183 0.193206 75946 1 1.31771 0.759615 112 0 925 0.0792669 0.0117385 0.0944465 -0.67747 -4.76103 144.147 
1.42671 0.251592 76026 1 1.31771 0.759615 113 0 927 0.0774739 0.0159016 0.0933309 -0.669037 -4.76363 144 
1.33221 0.224647 76106 1 1.31771 0.759615 114 0 929 0.0763632 0.0113114 0.0939482 -0.754012 -4.76682 144.053 
1.33662 0.213292 76187 1 1.31771 0.759615 115 0 931 0.0755281 0.0123288 0.0937641 -0.761296 -4.75942 144.057 
1.37503 0.204526 76227 1 1.31771 0.759615 116 0 932 0.0761068 0.0127262 0.0953313 -0.741782 -4.77859 144.119 
1.37503 0.204526 76227 1 1.31771 0.759615 117 0 932 0.0761068 0.0127262 0.0953313 -0.741782 -4.77859 144.119 
1.45846 0.249461 76387 1 1.31771 0.759615 118 0 936 0.077975 0.0137913 0.0966167 -0.717792 -4.79964 144.141 
1.3827 0.255841 76467 1 1.31771 0.759615 119 0 938 0.0771287 0.0116682 0.0973307 -0.759969 -4.81161 144.13 
1.38337 0.303852 76547 1 1.31771 0.759615 120 0 940 0.0767918 0.0108802 0.0969847 -0.772199 -4.81986 144.202 
1.37929 0.241777 76588 1 1.31771 0.759615 121 0 941 0.0761903 0.0111205 0.0958089 -0.771347 -4.80288 144.159 
1.23045 0.298603 76682 1 1.31771 0.759615 122 0 943 0.0765828 0.0128449 0.0954737 -0.756628 -4.79803 144.21 
-0.524174 1.23633 76747 1 1.31771 0.759615 123 0 945 0.075585 0.0161707 0.0898416 -0.714122 -4.73038 144.208 
-0.371764 0.76622 76828 1 1.31771 0.759615 124 0 947 0.0765396 0.0226365 0.0904638 -0.622804 -4.73429 144.22 
-0.276558 0.607911 76868 1 1.31771 0.759615 125 0 948 0.076817 0.0228451 0.0885084 -0.617143 -4.7094 144.229 
-0.276558 0.607911 76868 1 1.31771 0.759615 126 0 948 0.076817 0.0228451 0.0885084 -0.617143 -4.7094 144.229 
-0.151911 0.567472 77029 1 1.31771 0.759615 127 1 952 0.0771055 0.0258919 0.088258 -0.566662 -4.7053 144.191 
-0.155825 0.588489 77108 1 1.31771 0.759615 128 1 954 0.0768808 0.0268398 0.0898998 -0.565521 -4.72476 144.15 
-0.184761 0.585797 77148 1 1.31771 0.759615 129 1 955 0.0777434 0.0233354 0.0904129 -0.61478 -4.73514 144.132 
-0.286685 0.606506 77228 1 1.31771 0.759615 130 0 957 0.0760546 0.0162485 0.088715 -0.732445 -4.72586 144.14 
-0.257911 0.605515 77269 1 1.31771 0.759615 131 0 958 0.0751801 0.0138749 0.0906099 -0.765534 -4.73848 144.141 
-0.308062 0.569832 77349 1 1.31771 0.759615 132 0 960 0.0748046 0.0109921 0.0900553 -0.823822 -4.71299 144.153 
-0.283585 0.526312 77428 1 1.31771 0.759615 133 0 962 0.0738003 0.010513 0.0876019 -0.840754 -4.66756 144.014 
-0.303206 0.527027 77469 1 1.31771 0.759615 134 0 963 0.0734549 0.00851187 0.0883952 -0.864482 -4.67796 144.072 
-0.294867 0.553341 77549 1 1.31771 0.759615 135 0 965 0.0735891 0.00880429 0.0872746 -0.845184 -4.66954 144.096 
-0.239607 0.539026 77589 1 1.31771 0.759615 136 0 966 0.0743956 0.0110357 0.0892474 -0.809064 -4.69537 144.237 
-0.239607 0.539026 77589 1 1.31771 0.759615 137 0 966 0.0743956 0.0110357 0.0892474 -0.809064 -4.69537 144.237 
-0.230665 0.519621 77749 1 1.31771 0.759615 138 0 970 0.0743128 0.010479 0.0871268 -0.810953 -4.67869 144.208 
-0.174565 0.57209 77829 1 1.31771 0.759615 139 1 972 0.074855 0.0129351 0.0904117 -0.778251 -4.72705 144.257 
-0.197101 0.627405 77869 1 1.31771 0.759615 140 1 973 0.0744907 0.0114947 0.0925584 -0.793607 -4.75982 144.227 
-0.188918 0.635929 77910 1 1.31771 0.759615 141 1 974 0.074682 0.0117124 0.0923269 -0.795996 -4.76208 144.238 
-0.188918 0.635929 77910 1 1.31771 0.759615 142 1 974 0.074682 0.0117124 0.0923269 -0.795996 -4.76208 144.238 
-0.220881 0.584863 78070 1 1.31771 0.759615 143 0 978 0.0738172 0.0128933 0.090232 -0.809216 -4.71268 144.283 
-0.254802 0.585597 78151 1 1.31771 0.759615 144 0 980 0.0723782 0.00744725 0.0904237 -0.86402 -4.72125 144.318 
-0.176174 0.590765 78230 1 1.31771 0.759615 145 1 982 0.0742052 0.0156953 0.0897765 -0.755256 -4.72289 144.252 
-0.173454 0.578809 78310 1 1.31771 0.759615 146 1 984 0.0747893 0.0175607 0.0891468 -0.716033 -4.71694 144.272 
-0.214528 0.571294 78391 1 1.31771 0.759615 147 0 986 0.074484 0.0145089 0.0891067 -0.757178 -4.71005 144.207 
-0.199119 0.537106 78431 1 1.31771 0.759615 148 1 987 0.0751027 0.0158676 0.0874109 -0.744677 -4.69134 144.229 
-0.158702 0.594351 78510 1 1.31771 0.759615 149 1 989 0.0754569 0.013611 0.0904733 -0.756365 -4.73374 144.204 
-0.190943 0.611882 78591 1 1.31771 0.759615 150 1 991 0.0756345 0.0123588 0.0899949 -0.791462 -4.73513 144.207 
-0.191821 0.608003 78631 1 1.31771 0.759615 151 1 992 0.0749482 0.0118621 0.0909909 -0.807575 -4.74671 144.213 
-0.214231 0.609192 78711 1 1.31771 0.759615 152 0 994 0.0744467 0.0131266 0.0900904 -0.820624 -4.72078 144.146 
0.537162 1.44828 78792 1 1.31771 0.759615 153 0 996 0.0754045 0.0100179 0.091271 -0.849231 -4.73024 144.296 
1.10801 1.27451 78832 1 1.31771 0.759615 154 0 997 0.0770775 0.0101997 0.0911183 -0.842813 -4.7294 144.221 
1.06619 0.923664 78911 1 1.31771 0.759615 155 1 999 0.0762808 0.00844079 0.0908385 -0.872997 -4.74113 144.416 
1.06982 0.926097 78951 1 1.31771 0.759615 156 1 1000 0.0764016 0.00836775 0.0907424 -0.872036 -4.74217 144.397 
1.07163 0.924844 79032 1 1.31771 0.759615 157 1 1002 0.076449 0.00827581 0.0906451 -0.870846 -4.74317 144.379 
1.07163 0.924844 79072 1 1.31771 0.759615 158 1 1003 0.076449 0.00827581 0.0906451 -0.870846 -4.74317 144.379 
1.07208 0.923609 79152 1 1.31771 0.759615 159 1 1005 0.0764606 0.00826506 0.0906391 -0.870721 -4.74323 144.379 
1.07937 0.921048 79233 1 1.31771 0.759615 160 1 1007 0.0766752 0.00810397 0.0905008 -0.868633 -4.74471 144.359 
1.13564 0.736352 79312 1 1.31771 0.759615 161 1 1009 0.0772111 0.00888955 0.0899069 -0.86046 -4.74998 144.441 
1.13702 0.735451 79352 1 1.31771 0.759615 162 1 1010 0.0771836 0.00892986 0.0899347 -0.860915 -4.74965 144.445 
1.15708 0.722135 79432 1 1.31771 0.759615 163 1 1012 0.0767036 0.0123461 0.0880493 -0.816622 -4.7091 144.366 
1.16955 0.716458 79513 1 1.31771 0.759615 164 1 1014 0.0761166 0.00937814 0.0883418 -0.820156 -4.70469 144.257 
1.16557 0.702979 79553 1 1.31771 0.759615 165 1 1015 0.0768094 0.00955235 0.0884599 -0.822476 -4.70342 144.278 
1.14361 0.665784 79634 1 1.31771 0.759615 166 1 1017 0.0760093 0.00857964 0.0870989 -0.847913 -4.68316 144.26 
1.14529 0.681508 79713 1 1.31771 0.759615 167 1 1019 0.0759438 0.0108846 0.08749 -0.824894 -4.68973 144.31 
1.15725 0.689385 79753 1 1.31771 0.759615 168 1 1020 0.0765243 0.0106783 0.0871849 -0.82221 -4.6925 144.332 
1.16973 0.674318 79833 1 1.35417 0.759615 169 1 1022 0.0769982 0.00960795 0.0872911 -0.845829 -4.69931 144.361 
1.16076 0.69592 79914 1 1.3651 0.759615 170 1 1024 0.0760222 0.0108746 0.0894071 -0.840473 -4.7271 144.348 
1.161 0.700512 79954 1 1.3651 0.759615 171 1 1025 0.0761166 0.0108411 0.0893552 -0.8401 -4.72766 144.337 
1.23384 0.673313 80034 1 1.36667 0.759615 172 0 1027 0.0775379 0.0124255 0.0865471 -0.792626 -4.70821 144.315 
1.23444 0.673128 80073 1 1.36771 0.758654 173 0 1028 0.077918 0.0108894 0.0859063 -0.789003 -4.7034 144.302 
1.24405 0.685409 80154 1 1.36823 0.758654 174 0 1030 0.0783519 0.0105919 0.0857742 -0.78501 -4.70467 144.298 
1.29126 0.631568 80235 1 1.36823 0.758654 175 0 1032 0.07845 0.0138257 0.083789 -0.741659 -4.68089 144.311 
1.31865 0.657231 80275 1 1.36823 0.758654 176 0 1033 0.078621 0.0163998 0.0841767 -0.694099 -4.68527 144.308 
1.40627 0.659283 80355 1 1.36823 0.758654 177 0 1035 0.0805525 0.0203901 0.0843869 -0.634039 -4.69162 144.361 
1.39931 0.701552 80394 1 1.36823 0.758654 178 0 1036 0.0812661 0.0218919 0.0848217 -0.607817 -4.70432 144.341 
1.43669 0.662741 80515 1 1.36823 0.758654 179 0 1039 0.0816289 0.0216923 0.0838148 -0.588869 -4.69013 144.327 
1.41285 0.661126 80597 1 1.36823 0.758654 180 0 1041 0.0814591 0.0219847 0.0823863 -0.571468 -4.67313 144.333 
1.37364 0.623265 80635 1 1.36823 0.758654 181 0 1042 0.0819851 0.0184784 0.0809363 -0.608542 -4.662 144.339 
0.666417 0.487269 80715 1 1.36823 0.758654 182 1 1044 0.0807096 0.0181969 0.0848824 -0.609797 -4.70977 144.396 
0.52326 0.427389 80754 1 1.36823 0.758654 183 1 1045 0.0804767 0.0157127 0.0879032 -0.637361 -4.74614 144.349 
0.556537 0.425107 80875 1 1.36823 0.758654 184 1 1048 0.0806768 0.0197668 0.0858905 -0.579355 -4.71976 144.276 
0.520268 0.399538 80915 1 1.36823 0.758654 185 1 1049 0.0802161 0.013835 0.0871996 -0.650244 -4.73249 144.319 
0.544832 0.373553 80996 1 1.36823 0.758654 186 1 1051 0.0802708 0.0160359 0.086063 -0.64481 -4.71085 144.363 
0.58749 0.369499 81037 1 1.36823 0.758654 187 1 1052 0.0804017 0.0161363 0.085464 -0.653861 -4.70115 144.288 
0.627701 0.391582 81077 1 1.36823 0.758654 188 1 1053 0.079716 0.022717 0.0853706 -0.597208 -4.69983 144.363 
0.627701 0.391582 81077 1 1.36823 0.758654 189 1 1053 0.079716 0.022717 0.0853706 -0.597208 -4.69983 144.363 
0.632231 0.296604 81236 1 1.36823 0.758654 190 1 1057 0.0792232 0.0171002 0.0842244 -0.674542 -4.66585 144.412 
0.38905 0.869787 81276 1 1.36823 0.758654 191 1 1058 0.0800382 0.0193926 0.083757 -0.647586 -4.66663 144.361 
-0.891906 3.68522 81356 1 1.36823 0.758654 192 0 1060 0.0819517 0.0199515 0.0823848 -0.621171 -4.66992 144.441 
-1.11821 3.48129 81396 1 1.36823 0.758654 193 0 1061 0.0810825 0.0191275 0.0805791 -0.633674 -4.65037 144.459 
0.256831 0.900161 81516 1 1.36823 0.758654 194 1 1064 0.0801069 0.0191363 0.0820296 -0.641913 -4.65506 144.563 
0.548425 0.456428 81597 1 1.36823 0.758654 195 1 1066 0.0817318 0.0213555 0.0853482 -0.583976 -4.70614 144.57 
0.556701 0.438174 81637 1 1.36823 0.758654 196 1 1067 0.0809239 0.0155893 0.0864283 -0.636351 -4.72705 144.528 
0.584589 0.430402 81717 1 1.36823 0.758654 197 1 1069 0.0811213 0.0145079 0.0864433 -0.68699 -4.72754 144.543 
0.590025 0.3479 81798 1 1.36823 0.758654 198 1 1071 0.0789054 0.0188384 0.0843238 -0.655547 -4.68409 144.509 
0.604773 0.304818 81838 1 1.36823 0.758654 199 1 1072 0.0784914 0.0191544 0.0826412 -0.646832 -4.66373 144.622 
0.657187 0.32391 81917 1 1.36823 0.758654 200 1 1074 0.0802498 0.0203769 0.084328 -0.625471 -4.67707 144.528 
0.667923 0.366508 81998 1 1.36823 0.758654 201 1 1076 0.0797934 0.0214942 0.0838865 -0.620508 -4.67754 144.527 
0.683607 0.311447 82038 1 1.36823 0.758654 202 1 1077 0.0792836 0.0233497 0.0819217 -0.60103 -4.65636 144.554 
0.735221 0.304516 82118 1 1.36823 0.758654 203 1 1079 0.0796558 0.0223609 0.0813388 -0.600859 -4.65099 144.466 
0.753432 0.316521 82158 1 1.36823 0.758654 204 1 1080 0.0797613 0.0219743 0.0812034 -0.596233 -4.65251 144.463 
0.753339 0.316504 82238 1 1.36823 0.758654 205 1 1082 0.0797697 0.0219724 0.0812011 -0.596211 -4.65254 144.463 
0.718309 0.32622 82318 1 1.36823 0.758654 206 1 1084 0.0810665 0.0194402 0.082499 -0.637744 -4.67051 144.513 
0.712511 0.330939 82398 1 1.36823 0.758654 207 1 1086 0.0801677 0.019991 0.0837622 -0.640562 -4.68778 144.468 
0.70698 0.359079 82479 1 1.36823 0.758654 208 1 1088 0.0788546 0.0191336 0.0828937 -0.669422 -4.67291 144.451 
0.694579 0.365271 82519 1 1.36823 0.758654 209 1 1089 0.07754 0.0133724 0.0829016 -0.745929 -4.67719 144.547 
0.651687 0.246167 82599 1 1.36823 0.758654 210 1 1091 0.0808971 0.00518349 0.0876579 -0.864861 -4.68833 143.146 
0.687269 0.295021 82679 1 1.36823 0.758654 211 1 1093 0.0828272 0.00789179 0.0867378 -0.801778 -4.68477 143.109 
0.690555 0.284149 82759 1 1.36823 0.758654 212 1 1095 0.0834251 0.00700192 0.0859203 -0.805488 -4.68748 143.136 
0.760634 0.290387 82839 1 1.36823 0.758654 213 1 1097 0.0828867 0.0142976 0.0872191 -0.710186 -4.70077 143.168 
0.628903 0.216552 82879 1 1.36823 0.758654 214 1 1098 0.0830801 0.0200757 0.0842489 -0.647162 -4.66244 143.237 
0.315654 0.178995 82960 1 1.36823 0.758654 215 1 1100 0.0829926 0.0153884 0.0874059 -0.690348 -4.69994 143.245 
0.328454 0.205082 83039 1 1.36823 0.758654 216 1 1102 0.0824651 0.0153725 0.0868597 -0.684732 -4.70591 143.309 
0.347017 0.25181 83079 1 1.36823 0.758654 217 1 1103 0.0827317 0.0164708 0.088218 -0.666645 -4.73064 143.345 
0.305254 0.211316 83160 1 1.36823 0.758654 218 1 1105 0.0824869 0.0163441 0.0882405 -0.664107 -4.73011 143.356 
0.261343 0.127386 83241 1 1.36823 0.758654 219 1 1107 0.08318 0.0183302 0.0871512 -0.620463 -4.69351 143.3 
0.271213 0.144548 83280 1 1.36823 0.758654 220 1 1108 0.083778 0.0181842 0.0868909 -0.618513 -4.69658 143.277 
0.304943 0.152609 83360 1 1.36823 0.758654 221 1 1110 0.0823816 0.0229422 0.0908173 -0.562927 -4.76158 143.238 
0.517167 0.0294224 83440 1 1.36823 0.758654 222 1 1112 0.0830733 0.0237236 0.0899958 -0.548878 -4.75111 143.203 
0.769018 -0.057678 83480 1 1.36823 0.758654 223 1 1113 0.0829759 0.0238409 0.0910705 -0.544361 -4.76221 143.247 
0.806723 -0.106258 83560 1 1.36823 0.758654 224 1 1115 0.0833601 0.0201027 0.0889857 -0.577402 -4.75186 143.194 
0.753666 -0.0857471 83601 1 1.36823 0.758654 225 1 1116 0.0818345 0.0135674 0.088631 -0.657336 -4.7569 143.173 
0.715324 -0.101771 83681 1 1.36823 0.758654 226 1 1118 0.0819627 0.0157747 0.0893355 -0.659778 -4.75937 143.223 
0.727205 -0.122017 83760 1 1.36823 0.758654 227 1 1120 0.0819551 0.0132551 0.088682 -0.720699 -4.73295 143.209 
0.721179 -0.124889 83801 1 1.36823 0.758654 228 1 1121 0.0806952 0.0161436 0.0875242 -0.689734 -4.70045 143.26 
0.674639 -0.126214 83881 1 1.36823 0.758654 229 1 1123 0.0812472 0.0107691 0.0892191 -0.721517 -4.6888 143.287 
0.657469 -0.13742 83961 1 1.36823 0.758654 230 1 1125 0.0831284 0.0118998 0.0896891 -0.726544 -4.67934 143.35 
0.679742 -0.138916 84001 1 1.36823 0.758654 231 1 1126 0.0819454 0.0142187 0.0894587 -0.705444 -4.67039 143.34 
0.719066 -0.138567 84082 1 1.36823 0.758654 232 1 1128 0.0836367 0.0184272 0.0897202 -0.652684 -4.69681 143.506 
0.772834 -0.163325 84161 1 1.36823 0.758654 233 1 1130 0.0845951 0.0159918 0.0904511 -0.665365 -4.74841 143.747 
0.806443 -0.209077 84201 1 1.36823 0.758654 234 0 1131 0.0858469 0.0146771 0.0919029 -0.666834 -4.77857 143.76 
0.806443 -0.209077 84201 1 1.36823 0.758654 235 0 1131 0.0858469 0.0146771 0.0919029 -0.666834 -4.77857 143.76 
0.67958 0.124168 84362 1 1.36823 0.758654 236 1 1135 0.0837829 0.0152338 0.0864779 -0.668884 -4.72014 143.99 
0.652188 0.277747 84402 1 1.36823 0.758654 237 1 1136 0.0844679 0.0164777 0.0800512 -0.643913 -4.62361 144.077 
0.543701 0.262443 84483 1 1.36823 0.758654 238 1 1138 0.0858392 0.00579061 0.0842266 -0.758097 -4.64229 144.128 
0.471192 0.290172 84563 1 1.36823 0.758654 239 1 1140 0.0828151 -0.00158299 0.0855495 -0.83714 -4.63293 143.85 
0.441991 0.279951 84643 1 1.36823 0.758654 240 1 1142 0.0822865 -0.0061494 0.0850744 -0.88441 -4.62056 143.913 
0.441625 0.278936 84683 1 1.36823 0.758654 241 1 1143 0.0824043 -0.00612994 0.0850791 -0.884691 -4.62055 143.917 
0.45712 0.28448 84763 1 1.36823 0.758654 242 1 1145 0.0836811 -0.00709751 0.0858916 -0.892598 -4.66246 144.106 
0.527375 0.227287 84803 1 1.36823 0.758654 243 1 1146 0.0842329 -0.00219537 0.0829558 -0.83522 -4.65225 144.124 
0.574027 0.191809 84883 1 1.36823 0.758654 244 1 1148 0.0838764 0.00260675 0.0840191 -0.784587 -4.67612 143.983 
0.587163 0.153952 84963 1 1.36823 0.758654 245 1 1150 0.0829164 0.00619699 0.0816006 -0.764958 -4.64269 144.018 
0.285803 0.105503 85003 1 1.36823 0.758654 246 1 1151 0.0816754 0.00958447 0.0836487 -0.732352 -4.66224 144.047 
0.284322 3.34838e-005 85086 1 1.36823 0.758654 247 1 1153 0.0812817 0.00994823 0.0852655 -0.725387 -4.66292 143.974 
0.222058 -0.0237889 85164 1 1.36823 0.758654 248 1 1155 0.0821415 0.00255081 0.0856622 -0.807438 -4.65965 143.953 
0.235855 0.0111638 85204 1 1.36823 0.758654 249 1 1156 0.0805143 0.0065497 0.0843038 -0.775888 -4.63286 143.813 
-0.518846 2.27518 85283 1 1.36823 0.758654 250 0 1158 0.0805367 0.00553778 0.0829256 -0.801684 -4.61446 143.913 
-0.16108 0.63375 85364 1 1.36823 0.758654 251 1 1160 0.0799999 0.00838004 0.0831187 -0.798935 -4.65271 144.221 
0.221286 0.150288 85444 1 1.36823 0.758654 252 1 1162 0.0803103 0.0140096 0.0832981 -0.715577 -4.66731 144.198 
0.31489 0.116785 85484 1 1.36823 0.758654 253 1 1163 0.0814751 0.0161746 0.0840654 -0.68225 -4.68107 144.21 
0.863778 0.0357598 85566 1 1.36823 0.758654 254 1 1165 0.0816451 0.014739 0.0847221 -0.703622 -4.69791 144.232 
0.979033 -0.133356 85644 1 1.36823 0.758654 255 1 1167 0.0810189 0.0117935 0.0809808 -0.727898 -4.67107 144.166 
0.954678 -0.0762894 85724 1 1.36823 0.758654 256 1 1169 0.0809577 0.0126315 0.0824879 -0.711723 -4.69349 144.107 
0.970353 -0.0654396 85764 1 1.36823 0.758654 257 1 1170 0.0807118 0.0107516 0.0847123 -0.719049 -4.72683 144.122 
1.14413 -0.13418 85845 1 1.36823 0.758654 258 1 1172 0.0824245 0.00825958 0.0822839 -0.729941 -4.69199 144.168 
1.1703 -0.136675 85885 1 1.36823 0.758654 259 1 1173 0.0831048 0.00693323 0.0850942 -0.734538 -4.71609 144.165 
1.10427 -0.140807 85965 1 1.36823 0.758654 260 1 1175 0.0821649 0.00786908 0.0847758 -0.727883 -4.71043 144.156 
0.993921 -0.128331 86045 1 1.36823 0.758654 261 1 1177 0.0824252 0.00695251 0.0838681 -0.745749 -4.71073 144.159 
0.764671 0.0149896 86126 1 1.36823 0.758654 262 1 1179 0.0808835 0.00719223 0.0877085 -0.74224 -4.7702 144.118 
0.187113 0.353218 86206 1 1.36823 0.758654 263 1 1181 0.0788787 0.00212407 0.0892571 -0.812904 -4.80419 144.112 
0.214741 0.367487 86286 1 1.36823 0.758654 264 1 1183 0.0775263 0.006399 0.0874465 -0.759471 -4.78226 143.96 
0.342595 0.368062 86367 1 1.36823 0.758654 265 1 1185 0.0789115 0.012172 0.0877235 -0.660226 -4.7714 144.106 
0.435325 0.493981 86446 1 1.36823 0.758654 266 1 1187 0.0810449 0.0146329 0.0890792 -0.596203 -4.76125 144.166 
0.495278 0.538387 86486 1 1.36823 0.758654 267 1 1188 0.0827274 0.0152754 0.088332 -0.583754 -4.74451 144.277 
0.576526 0.498492 86568 1 1.36823 0.758654 268 1 1190 0.0831041 0.0193103 0.0869472 -0.530713 -4.71759 144.342 
0.515819 0.49329 86647 1 1.36823 0.758654 269 1 1192 0.0819908 0.00912647 0.0859861 -0.646853 -4.72315 144.493 
0.571082 0.474335 86687 1 1.36823 0.758654 270 1 1193 0.0823649 0.0123879 0.0837096 -0.59818 -4.69922 144.402 
0.568403 0.472193 86807 1 1.36823 0.758654 271 1 1196 0.0831474 0.00637432 0.0816124 -0.63965 -4.70051 144.415 
0.53468 0.486002 86846 1 1.36823 0.758654 272 1 1197 0.0830784 0.00785907 0.0816182 -0.613646 -4.70847 144.484 
0.530034 0.470966 86927 1 1.36823 0.758654 273 1 1199 0.0822011 0.00814137 0.0818555 -0.587176 -4.70389 144.407 
0.567352 0.482808 87007 1 1.36823 0.758654 274 1 1201 0.0843983 0.0106024 0.0813271 -0.539031 -4.67556 144.421 
0.508666 0.485304 87047 1 1.36823 0.758654 275 1 1202 0.0834445 0.012295 0.0830607 -0.506968 -4.6817 144.426 
0.404833 0.449921 87128 1 1.36823 0.758654 276 1 1204 0.0850902 0.00268652 0.082845 -0.594209 -4.6503 144.365 
0.406961 0.515348 87207 1 1.36823 0.758654 277 1 1206 0.0840198 -0.000374765 0.088048 -0.635176 -4.67701 144.261 
0.374774 0.467183 87288 1 1.36823 0.758654 278 1 1208 0.0813215 -0.00452174 0.092354 -0.679687 -4.65625 144.091 
0.356221 0.41592 87328 1 1.36823 0.758654 279 1 1209 0.083411 -0.00414778 0.0940629 -0.681111 -4.65615 144.207 
0.356221 0.41592 87328 1 1.36823 0.758654 280 1 1209 0.083411 -0.00414778 0.0940629 -0.681111 -4.65615 144.207 
0.420297 0.406325 87368 1 1.36823 0.758654 281 1 1210 0.0834877 -0.00127306 0.0956981 -0.634751 -4.64915 144.136 
0.515926 0.345405 87569 1 1.36823 0.758654 282 1 1215 0.0831614 0.00354005 0.0942215 -0.545284 -4.59051 144.129 
0.547642 0.310187 87609 1 1.36823 0.758654 283 1 1216 0.084144 0.00305207 0.0949363 -0.531913 -4.59817 144.223 
0.488357 0.161772 87688 1 1.36823 0.758654 284 1 1218 0.084235 0.00341674 0.0948616 -0.504136 -4.61531 144.218 
0.661176 -0.219675 87769 1 1.36823 0.758654 285 0 1220 0.0832508 0.00708237 0.0963981 -0.477254 -4.65037 144.133 
0.617062 -0.193695 87809 1 1.36823 0.758654 286 1 1221 0.0823519 0.00451482 0.0980241 -0.50905 -4.67812 144.168 
0.657429 -0.187486 87891 1 1.36823 0.758654 287 1 1223 0.0832021 0.0090993 0.0990991 -0.459327 -4.69398 144.241 
0.566478 -0.193734 87969 1 1.36823 0.758654 288 1 1225 0.0825459 0.00586747 0.0973756 -0.509344 -4.68101 144.164 
0.585577 -0.226446 88009 1 1.36823 0.758654 289 0 1226 0.082618 0.00601906 0.0979251 -0.517428 -4.6862 144.203 
0.561109 -0.265301 88090 1 1.36823 0.758654 290 0 1228 0.0825413 0.00378457 0.0984018 -0.560072 -4.69823 144.363 
0.137194 -0.0357118 88170 1 1.36823 0.758654 291 1 1230 0.0826031 0.000759221 0.0978184 -0.615543 -4.69061 144.302 
0.169541 -0.0607052 88250 1 1.36823 0.758654 292 1 1232 0.08221 -0.00234796 0.0967828 -0.669312 -4.68262 144.316 
0.166889 -0.0712349 88289 1 1.36823 0.758654 293 1 1233 0.0822866 -0.00228014 0.0968746 -0.670177 -4.68164 144.335 
0.231973 -0.121186 88369 1 1.36823 0.758654 294 1 1235 0.0831906 0.00766403 0.0968187 -0.559385 -4.64554 144.426 
0.249839 -0.0239376 88450 1 1.36823 0.758654 295 1 1237 0.0847685 0.0110681 0.0995621 -0.507775 -4.66161 144.347 
0.236927 -0.07633 88490 1 1.36823 0.758654 296 1 1238 0.0835587 0.0110096 0.0986638 -0.518311 -4.65506 144.313 
0.213058 -0.10071 88575 1 1.36823 0.758654 297 1 1240 0.0838542 0.0163971 0.0961052 -0.512675 -4.62642 144.303 
0.198989 -0.1153 88651 1 1.36823 0.758654 298 1 1242 0.0818966 0.0142823 0.0943426 -0.562796 -4.59274 144.264 
0.328632 -0.158179 88730 1 1.36823 0.758654 299 1 1244 0.0800258 0.0200688 0.099506 -0.538287 -4.64064 144.247 
0.336634 -0.13788 88811 1 1.36823 0.758654 300 1 1246 0.0790993 0.0143288 0.0997442 -0.630092 -4.64648 144.248 
0.289845 -0.14371 88851 1 1.36823 0.758654 301 1 1247 0.0792349 0.0130829 0.0992963 -0.670901 -4.63461 144.433 
0.270275 -0.185928 88931 1 1.36823 0.758654 302 1 1249 0.0758282 0.00863285 0.0970532 -0.748282 -4.58987 144.403 
0.300192 -0.160857 88971 1 1.36823 0.758654 303 1 1250 0.0756134 0.0139536 0.0971505 -0.694143 -4.58166 144.243 
0.300318 -0.161268 89052 1 1.36823 0.758654 304 1 1252 0.0756301 0.013958 0.097152 -0.69419 -4.58165 144.244 
0.186741 -0.091928 89131 1 1.36823 0.758654 305 1 1254 0.0753354 0.015269 0.0969469 -0.684117 -4.57816 144.264 
0.192127 -0.0649736 89212 1 1.36823 0.758654 306 1 1256 0.0766433 0.0146175 0.0931142 -0.69552 -4.54441 144.302 
0.250927 -0.0299271 89292 1 1.36823 0.758654 307 1 1258 0.0780664 0.0197251 0.0977139 -0.626543 -4.63516 144.367 
0.336778 0.0251485 89332 1 1.36823 0.758654 308 1 1259 0.0775118 0.0220789 0.096914 -0.601331 -4.64152 144.367 
0.524341 0.180551 89411 1 1.36823 0.758654 309 1 1261 0.07984 0.0232966 0.0968516 -0.584722 -4.64958 144.57 
0.525976 0.178542 89451 1 1.36823 0.758654 310 1 1262 0.0797859 0.0232642 0.0968651 -0.58439 -4.6494 144.571 
0.571668 0.134294 89533 1 1.36823 0.758654 311 1 1264 0.079443 0.0228444 0.0969634 -0.57973 -4.64808 144.583 
0.683264 -0.00605801 89612 1 1.36823 0.758654 312 1 1266 0.0799482 0.0175625 0.0936209 -0.630528 -4.59906 144.5 
0.690325 -0.0276964 89693 1 1.36823 0.758654 313 1 1268 0.0804058 0.0146112 0.0932441 -0.673013 -4.58108 144.456 
0.695895 -0.0664536 89733 1 1.36823 0.758654 314 1 1269 0.0811765 0.0109023 0.0914248 -0.723174 -4.55872 144.527 
0.719588 -0.0577867 89812 1 1.36823 0.758654 315 1 1271 0.0810048 0.0167185 0.0915459 -0.669373 -4.57001 144.415 
0.759038 -0.0213483 89893 1 1.36823 0.758654 316 1 1273 0.0806799 0.0184345 0.0927562 -0.668588 -4.59972 144.42 
0.772591 -0.0600764 89974 1 1.36823 0.758654 317 1 1275 0.0797516 0.0216281 0.0914743 -0.639162 -4.59557 144.419 
0.723903 0.0677086 90054 1 1.36823 0.758654 318 1 1277 0.079673 0.0222236 0.0930032 -0.608931 -4.61615 144.443 
-0.397185 2.78008 90135 1 1.36823 0.758654 319 0 1279 0.0816924 0.0206828 0.0882087 -0.592385 -4.56181 144.444 
-0.339317 2.65 90173 1 1.36823 0.758654 320 0 1280 0.082974 0.0189382 0.0858287 -0.598849 -4.53831 144.463 
-0.114009 1.42089 90253 1 1.36823 0.758654 321 0 1282 0.0837803 0.0139306 0.087518 -0.642851 -4.55334 144.557 
0.741411 0.517731 90334 1 1.36823 0.758654 322 1 1284 0.0838065 0.0117353 0.0843855 -0.66044 -4.51855 144.589 
0.748655 0.368248 90374 1 1.36823 0.758654 323 1 1285 0.0836873 0.0115462 0.0855824 -0.662951 -4.53294 144.569 
0.780468 0.279694 90454 1 1.36823 0.758654 324 1 1287 0.0829033 0.0116649 0.0859104 -0.675765 -4.54708 144.538 
0.780468 0.279694 90454 1 1.36823 0.758654 325 1 1287 0.0829033 0.0116649 0.0859104 -0.675765 -4.54708 144.538 
0.739242 0.201888 90573 1 1.36823 0.758654 326 1 1290 0.0824549 0.0125213 0.0858541 -0.685922 -4.54801 144.494 
1.06454 0.00141085 90654 1 1.36823 0.758654 327 1 1292 0.0799716 0.0183354 0.0859927 -0.645579 -4.5426 144.393 
1.22666 -0.145597 90734 1 1.36823 0.758654 328 0 1294 0.0797078 0.0198349 0.0866882 -0.634871 -4.55387 144.249 
1.24425 -0.144326 90775 1 1.36823 0.758654 329 0 1295 0.0792005 0.0198978 0.0867045 -0.635822 -4.55408 144.228 
1.35993 -0.0738271 90855 1 1.36823 0.758654 330 0 1297 0.0794726 0.0223994 0.0930321 -0.593867 -4.60641 144.042 
1.31307 -0.0890232 90934 1 1.36823 0.758654 331 0 1299 0.0786371 0.0210834 0.0952216 -0.6037 -4.58522 143.54 
1.31533 -0.0930276 91016 1 1.36823 0.758654 332 0 1301 0.0787898 0.0210008 0.095304 -0.602922 -4.58435 143.544 
1.31915 -0.0949147 91055 1 1.36823 0.758654 333 0 1302 0.0789907 0.0205584 0.0958283 -0.599459 -4.57881 143.514 
1.32102 -0.0891524 91095 1 1.36823 0.758654 334 0 1303 0.0794318 0.020406 0.095879 -0.598054 -4.5783 143.499 
1.32102 -0.0891524 91095 1 1.36823 0.758654 335 0 1303 0.0794318 0.020406 0.095879 -0.598054 -4.5783 143.499 
1.29971 0.0618742 91295 1 1.36823 0.758654 336 0 1308 0.0810379 0.0116879 0.105098 -0.674436 -4.71753 143.731 
1.30832 0.0226146 91335 1 1.36823 0.758654 337 0 1309 0.082218 0.0116167 0.101247 -0.68537 -4.68129 143.708 
1.29638 0.0287398 91416 1 1.36823 0.758654 338 0 1311 0.0812066 0.0142606 0.102879 -0.662262 -4.70472 143.709 
1.29638 0.0287398 91416 1 1.36823 0.758654 339 0 1311 0.0812066 0.0142606 0.102879 -0.662262 -4.70472 143.709 
1.28839 0.0364033 91536 1 1.36823 0.758654 340 0 1314 0.0814009 0.0146165 0.10289 -0.666198 -4.70448 143.734 
1.25038 -0.0012219 91617 1 1.36823 0.758654 341 0 1316 0.0823774 0.015701 0.0983493 -0.677407 -4.65181 143.848 
1.25667 0.0253658 91655 1 1.36823 0.758654 342 0 1317 0.0829952 0.0166514 0.0979161 -0.687823 -4.64303 143.802 
1.25519 -0.00449641 91737 1 1.36823 0.758654 343 0 1319 0.0807993 0.0172972 0.0977737 -0.702869 -4.64247 143.91 
1.29059 -0.0169418 91776 1 1.36823 0.758654 344 0 1320 0.0812478 0.0178085 0.0988725 -0.7041 -4.65596 143.852 
1.42824 -0.278482 91856 1 1.36823 0.758654 345 0 1322 0.0806626 0.0185197 0.0979391 -0.703666 -4.64275 143.815 
1.43971 -0.247484 91937 1 1.36823 0.758654 346 0 1324 0.0801982 0.0207502 0.101421 -0.685272 -4.688 143.869 
1.4554 -0.442127 92017 1 1.36823 0.758654 347 0 1326 0.0782911 0.0182826 0.100438 -0.714448 -4.68253 143.798 
1.51171 -0.458368 92056 1 1.36823 0.758654 348 0 1327 0.0782403 0.0183735 0.099916 -0.716756 -4.68149 143.647 
1.59561 -0.472645 92137 1 1.36823 0.758654 349 0 1329 0.0783268 0.0158202 0.0999405 -0.734168 -4.68385 143.64 
1.61686 -0.518419 92217 1 1.36823 0.758654 350 0 1331 0.0793787 0.0153031 0.0989344 -0.743119 -4.66969 143.671 
1.61808 -0.49476 92257 1 1.36823 0.758654 351 0 1332 0.0785517 0.011588 0.101036 -0.789299 -4.69104 143.629 
1.60754 -0.552812 92338 1 1.36823 0.758654 352 0 1334 0.0795318 0.0128179 0.101829 -0.776356 -4.6887 143.666 
1.3346 -0.520293 92378 1 1.36823 0.758654 353 0 1335 0.0785698 0.0135588 0.100678 -0.759893 -4.67678 143.669 
0.243693 -0.514155 92457 1 1.36823 0.758654 354 0 1337 0.078198 0.0151066 0.10109 -0.733411 -4.67994 143.667 
0.231339 -0.538712 92537 1 1.36823 0.758654 355 0 1339 0.0768515 0.015238 0.10091 -0.724035 -4.66833 143.709 
0.00856996 -0.569647 92618 1 1.36823 0.758654 356 0 1341 0.0755692 0.0154947 0.0908429 -0.727538 -4.47634 143.864 
-0.0444343 -0.6765 92658 1 1.36823 0.758654 357 0 1342 0.0752094 0.0171519 0.0907776 -0.713942 -4.45286 144.096 
-0.0557668 -0.594795 92698 1 1.36823 0.758654 358 0 1343 0.0756882 0.01224 0.0920194 -0.780048 -4.51085 144.326 
-0.0557668 -0.594795 92698 1 1.36823 0.758654 359 0 1343 0.0756882 0.01224 0.0920194 -0.780048 -4.51085 144.326 
-0.105402 -0.565168 92858 1 1.36823 0.758654 360 0 1347 0.0724148 0.0103599 0.0805492 -0.86549 -4.606 144.44 
-0.0123266 -0.455079 92938 1 1.36823 0.758654 361 0 1349 0.0734062 0.0178759 0.0815004 -0.792096 -4.64681 144.545 
-1.00833 2.30561 93019 1 1.36823 0.758654 362 0 1351 0.0753573 0.00462089 0.0721448 -0.934092 -4.46357 144.468 
-1.00833 2.30561 93019 1 1.36823 0.758654 363 0 1351 0.0753573 0.00462089 0.0721448 -0.934092 -4.46357 144.468 
-1.00833 2.30561 93019 1 1.36823 0.758654 364 0 1351 0.0753573 0.00462089 0.0721448 -0.934092 -4.46357 144.468 
-0.0816791 0.192627 93219 1 1.36823 0.758654 365 1 1356 0.073215 0.00704117 0.0871537 -0.923633 -4.59495 144.506 
-0.043506 0.136558 93259 1 1.36823 0.758654 366 1 1357 0.0734243 0.00681487 0.0871518 -0.921542 -4.59758 144.502 
0.000610914 0.255714 93339 1 1.36823 0.758654 367 1 1359 0.0751796 0.0026228 0.106163 -0.939012 -4.82076 144.448 
0.000610914 0.255714 93339 1 1.36823 0.758654 368 1 1359 0.0751796 0.0026228 0.106163 -0.939012 -4.82076 144.448 
-0.0923836 0.420028 93460 1 1.36823 0.758654 369 1 1362 0.078971 0.00457605 0.115283 -0.834755 -4.90739 144.936 
-0.0520867 0.457787 93540 1 1.36823 0.758654 370 1 1364 0.0819301 0.00357041 0.119429 -0.758915 -4.93674 145.207 
0.039557 0.500686 93620 1 1.36823 0.758654 371 1 1366 0.0859662 0.00563332 0.122125 -0.653283 -4.96421 145.297 
-0.0605063 0.502179 93701 1 1.36823 0.758654 372 1 1368 0.0863567 -0.00681089 0.121492 -0.72662 -4.98615 145.392 
-0.109981 0.523237 93740 1 1.36823 0.758654 373 1 1369 0.0860298 -0.0127741 0.122273 -0.786011 -5.01186 145.476 
0.104024 0.393008 93820 1 1.36823 0.758654 374 1 1371 0.0855601 -0.013693 0.121534 -0.811255 -5.01979 145.394 
0.108155 0.341582 93901 1 1.36823 0.758654 375 1 1373 0.083472 -0.0132052 0.120865 -0.812849 -5.01821 145.333 
0.0996548 0.334896 93941 1 1.36823 0.758654 376 1 1374 0.0833132 -0.0129796 0.120916 -0.815308 -5.01769 145.346 
0.0871756 0.337777 94020 1 1.36823 0.758654 377 1 1376 0.0830583 -0.0125559 0.120887 -0.819811 -5.01798 145.345 
0.180132 0.232755 94101 1 1.36823 0.758654 378 1 1378 0.0807121 -0.00241568 0.117174 -0.758261 -4.98605 145.295 
0.206991 0.192794 94141 1 1.36823 0.758654 379 1 1379 0.0793944 0.0020822 0.113482 -0.747097 -4.92686 145.246 
0.254103 0.24859 94221 1 1.36823 0.758654 380 1 1381 0.0780841 0.00665219 0.117833 -0.737323 -4.93746 145.264 
0.219185 0.202068 94302 1 1.36823 0.758654 381 1 1383 0.0793171 0.00125184 0.11477 -0.8327 -4.87671 145.24 
0.272446 0.199639 94342 1 1.36823 0.758654 382 1 1384 0.0772206 0.00676542 0.113882 -0.757834 -4.87156 145.371 
0.29769 0.198751 94422 1 1.36823 0.758654 383 1 1386 0.0762672 0.00743413 0.111573 -0.74556 -4.84778 145.301 
0.303108 0.144076 94502 1 1.36823 0.758654 384 1 1388 0.0779052 0.00727986 0.112153 -0.738085 -4.8571 145.196 
0.30625 0.145127 94541 1 1.36823 0.758654 385 1 1389 0.0778693 0.0061432 0.111752 -0.73757 -4.85298 145.196 
0.384305 0.116986 94622 1 1.36823 0.758654 386 1 1391 0.0787919 0.0070512 0.108085 -0.670987 -4.78827 144.971 
0.749717 -0.0320333 94701 1 1.36823 0.758654 387 1 1393 0.0814312 0.00581329 0.109563 -0.648308 -4.80207 145.061 
0.768162 -0.0629915 94741 1 1.36823 0.758654 388 1 1394 0.0813823 0.0110407 0.107585 -0.568999 -4.78118 144.99 
0.840881 -0.0256968 94822 1 1.36823 0.758654 389 1 1396 0.0814375 0.0159828 0.109199 -0.50962 -4.8156 145.107 
0.719059 -0.0559471 94903 1 1.36823 0.758654 390 1 1398 0.0803951 0.0100115 0.109012 -0.615361 -4.82334 145.115 
0.708153 -0.0351322 94942 1 1.36823 0.758654 391 1 1399 0.0792468 0.0144271 0.110753 -0.580148 -4.85008 145.282 
0.708154 -0.0348889 95024 1 1.36823 0.758654 392 1 1401 0.079251 0.0144518 0.110756 -0.580442 -4.85005 145.281 
0.682774 -0.0904291 95063 1 1.36823 0.758654 393 1 1402 0.0778005 0.0149035 0.111355 -0.58542 -4.84337 145.329 
0.600089 -0.0843074 95144 1 1.36823 0.758654 394 1 1404 0.0770388 0.00583849 0.106698 -0.725116 -4.75583 145.273 
0.965691 0.104136 95223 1 1.36823 0.758654 395 1 1406 0.0767806 0.00813382 0.108272 -0.702953 -4.7566 145.087 
1.0912 0.20216 95305 1 1.36823 0.758654 396 1 1408 0.0777203 0.00896888 0.108434 -0.644932 -4.78474 145.153 
1.10503 0.0377879 95343 1 1.36823 0.758654 397 1 1409 0.0805354 0.00916353 0.101451 -0.62385 -4.71704 145.251 
1.10958 0.0168068 95423 1 1.36823 0.758654 398 1 1411 0.0827128 0.00772186 0.101142 -0.622179 -4.73936 145.36 
1.29433 0.145977 95503 1 1.36823 0.758654 399 0 1413 0.0830286 0.00695636 0.102605 -0.627848 -4.77183 145.388 
1.36108 0.152246 95543 1 1.36823 0.758654 400 0 1414 0.0826716 0.010454 0.1011 -0.593256 -4.75066 145.34 
1.30638 0.150443 95624 1 1.36823 0.758654 401 0 1416 0.0804969 0.00993559 0.0998411 -0.622038 -4.72064 145.31 
1.25778 0.333057 95704 1 1.36823 0.758654 402 0 1418 0.0797987 0.013171 0.101106 -0.625301 -4.7156 145.364 
-0.367694 3.08339 95786 1 1.36823 0.758654 403 0 1420 0.0813832 0.0144207 0.0968679 -0.596596 -4.6666 145.236 
-0.233258 2.31536 95824 1 1.36823 0.758654 404 0 1421 0.0821007 0.0170836 0.096448 -0.55698 -4.66934 145.35 
-0.233258 2.31536 95824 1 1.36823 0.758654 405 0 1421 0.0821007 0.0170836 0.096448 -0.55698 -4.66934 145.35 
0.934067 0.33824 95984 1 1.36823 0.758654 406 1 1425 0.0820726 0.0048509 0.0974892 -0.691619 -4.71794 145.177 
0.741101 0.157543 96065 1 1.36823 0.758654 407 1 1427 0.0809504 0.0177731 0.101025 -0.561772 -4.75195 145.071 
0.733429 0.139136 96105 1 1.36823 0.758654 408 1 1428 0.0807255 0.0179378 0.101151 -0.563686 -4.75064 145.091 
0.699058 0.0261701 96145 1 1.36823 0.758654 409 1 1429 0.0798602 0.0196549 0.0993019 -0.565246 -4.70612 145.111 
0.699058 0.0261701 96145 1 1.36823 0.758654 410 1 1429 0.0798602 0.0196549 0.0993019 -0.565246 -4.70612 145.111 
0.676886 0.0995394 96305 1 1.36823 0.758654 411 1 1433 0.0795033 0.0133025 0.0998773 -0.641651 -4.68916 145.009 
0.715621 0.118446 96385 1 1.36823 0.758654 412 1 1435 0.0802464 0.0133856 0.100384 -0.653908 -4.71938 145.081 
0.822991 0.0980714 96466 1 1.36823 0.758654 413 1 1437 0.0783222 0.0156823 0.100016 -0.647813 -4.74803 145.176 
0.790158 0.101434 96505 1 1.36823 0.758654 414 1 1438 0.0782691 0.00997741 0.0977541 -0.715831 -4.74065 145.131 
0.272846 0.0645002 96586 1 1.36823 0.758654 415 1 1440 0.0775565 0.0013703 0.0942476 -0.81398 -4.73131 145.057 
0.268994 0.0600067 96666 1 1.36823 0.758654 416 1 1442 0.0772457 0.00139811 0.0943112 -0.814408 -4.73051 145.075 
0.268074 0.0517356 96705 1 1.36823 0.758654 417 1 1443 0.0770385 0.00136576 0.0944681 -0.814239 -4.72877 145.102 
0.213205 0.0958453 96786 1 1.36823 0.758654 418 1 1445 0.0776074 0.00737818 0.0953222 -0.734073 -4.71166 145.061 
0.243297 0.0985168 96867 1 1.36823 0.758654 419 1 1447 0.0768747 0.0112542 0.0940875 -0.683542 -4.68039 144.989 
0.251293 0.079311 96906 1 1.36823 0.758654 420 1 1448 0.0772471 0.0111547 0.0942778 -0.681836 -4.67855 145.02 
0.290905 0.12148 96986 1 1.36823 0.758654 421 1 1450 0.0780945 0.0186431 0.0980584 -0.575229 -4.70797 145.003 
0.340358 0.103308 97067 1 1.36823 0.758654 422 1 1452 0.0790285 0.0209546 0.0978854 -0.535627 -4.70142 145.026 
0.339558 0.0999568 97106 1 1.36823 0.758654 423 1 1453 0.0791499 0.0209773 0.0978413 -0.535796 -4.70199 145.022 
0.35694 0.0659335 97187 1 1.36823 0.758654 424 1 1455 0.0797823 0.0216554 0.10043 -0.533128 -4.74563 145.101 
0.282935 0.0971575 97267 1 1.36823 0.758654 425 1 1457 0.0780728 0.0172029 0.0991133 -0.602553 -4.74505 145.017 
0.299532 0.0730538 97307 1 1.36823 0.758654 426 1 1458 0.0779942 0.0158309 0.0999973 -0.621155 -4.7526 145.018 
0.288395 0.17862 97386 1 1.36823 0.758654 427 1 1460 0.0790779 0.0149634 0.0989084 -0.630867 -4.73826 145.049 
0.287805 0.18136 97467 1 1.36823 0.758654 428 1 1462 0.0790293 0.0150623 0.0988772 -0.631948 -4.73866 145.056 
0.286641 0.178606 97507 1 1.36823 0.758654 429 1 1463 0.078827 0.0151641 0.0989266 -0.633077 -4.73811 145.058 
0.360136 0.2937 97587 1 1.36823 0.758654 430 1 1465 0.0784402 0.0156632 0.0960363 -0.634411 -4.69626 145.011 
0.689685 0.506496 97668 1 1.36823 0.758654 431 1 1467 0.0804072 0.0159229 0.0936723 -0.632509 -4.65834 144.992 
0.689704 0.506708 97708 1 1.36823 0.758654 432 1 1468 0.080414 0.0159234 0.0936706 -0.632509 -4.65836 144.992 
0.663458 0.499875 97789 1 1.36823 0.758654 433 1 1470 0.0794097 0.0124156 0.0916804 -0.680387 -4.65011 145.021 
0.63198 0.515343 97868 1 1.36823 0.758654 434 1 1472 0.0785573 0.0115314 0.0920156 -0.6993 -4.65811 144.975 
-0.298839 2.79915 97948 1 1.36823 0.758654 435 0 1474 0.079768 0.00977037 0.0930315 -0.719679 -4.66545 145.06 
-0.304434 3.02176 97990 1 1.36823 0.758654 436 0 1475 0.0798952 0.00891488 0.088335 -0.725838 -4.60396 145.038 
0.308869 2.00068 98029 1 1.36823 0.758654 437 0 1476 0.0826062 0.00980347 0.0903361 -0.711775 -4.61866 145.117 
1.04743 0.74133 98108 1 1.36823 0.758654 438 1 1478 0.0825208 0.0104003 0.0896715 -0.707832 -4.62568 145.046 
1.08868 0.565213 98188 1 1.36823 0.758654 439 1 1480 0.0798199 0.00552012 0.089799 -0.776697 -4.64528 144.95 
1.10118 0.617282 98269 1 1.36823 0.758654 440 1 1482 0.0779637 0.00698848 0.0883801 -0.772348 -4.6284 144.66 
1.13688 0.701714 98309 1 1.36823 0.758654 441 1 1483 0.0788405 0.00761569 0.0851064 -0.773926 -4.58953 144.629 
1.17273 0.756811 98389 1 1.36823 0.758654 442 1 1485 0.0788644 0.00608734 0.0832104 -0.792188 -4.55852 144.387 
1.20872 0.717146 98469 1 1.36823 0.758654 443 0 1487 0.0791598 0.00765173 0.0825773 -0.78899 -4.54869 144.277 
1.21144 0.739102 98509 1 1.36823 0.758654 444 0 1488 0.0789944 0.00721757 0.0818955 -0.807802 -4.53541 144.232 
1.20021 0.799693 98589 1 1.36823 0.758654 445 0 1490 0.0790936 0.00307256 0.0844328 -0.859483 -4.5514 144.36 
1.32392 0.768119 98670 1 1.36823 0.758654 446 0 1492 0.0800707 0.0131543 0.0825778 -0.714711 -4.53319 144.325 
1.29395 0.782726 98709 1 1.36823 0.758654 447 0 1493 0.0801748 0.0103613 0.0824991 -0.725598 -4.54303 144.326 
0.706953 0.490128 98790 1 1.36823 0.758654 448 1 1495 0.078737 0.00636587 0.0829693 -0.764744 -4.57205 144.285 
0.544241 -0.0990303 98870 1 1.36823 0.758654 449 1 1497 0.0763619 0.00238733 0.085046 -0.799304 -4.6114 144.259 
0.571751 -0.155702 98911 1 1.36823 0.758654 450 1 1498 0.0763017 0.0071693 0.0841134 -0.742987 -4.60287 144.344 
0.602658 -0.133829 98990 1 1.36823 0.758654 451 1 1500 0.0761913 0.00583315 0.0854787 -0.74222 -4.60599 144.291 
0.604482 -0.139319 99071 1 1.36823 0.758654 452 1 1502 0.0763231 0.00585159 0.085497 -0.742458 -4.60582 144.303 
0.610564 -0.199223 99110 1 1.36823 0.758654 453 1 1503 0.0762881 0.00547442 0.0867462 -0.751654 -4.62022 144.305 
0.59886 -0.184742 99191 1 1.36823 0.758654 454 1 1505 0.0762302 0.00573895 0.086749 -0.754679 -4.62017 144.315 
0.307143 -0.0142319 99270 1 1.36823 0.758654 455 1 1507 0.0759043 0.00736107 0.0855041 -0.748531 -4.60508 144.45 
0.307143 -0.0142319 99270 1 1.36823 0.758654 456 1 1507 0.0759043 0.00736107 0.0855041 -0.748531 -4.60508 144.45 
0.307143 -0.0142319 99270 1 1.36823 0.758654 457 1 1507 0.0759043 0.00736107 0.0855041 -0.748531 -4.60508 144.45 
0.304292 -0.05647 99471 1 1.36823 0.758654 458 1 1512 0.0757628 0.00726215 0.0860683 -0.747395 -4.59938 144.537 
0.298714 -0.0595127 99511 1 1.36823 0.758654 459 1 1513 0.0760099 0.00727259 0.0862228 -0.747598 -4.5978 144.555 
0.287028 0.0543183 99592 1 1.36823 0.758654 460 1 1515 0.0792186 0.0138984 0.0883984 -0.706479 -4.59025 144.423 
0.301992 -0.0433709 99631 1 1.36823 0.758654 461 1 1516 0.0790406 0.0168596 0.0881649 -0.704411 -4.57659 144.376 
0.272212 -0.0452519 99712 1 1.36823 0.758654 462 1 1518 0.0773495 0.0151617 0.0911322 -0.766285 -4.60431 144.409 
0.231025 -0.0885719 99792 1 1.36823 0.758654 463 1 1520 0.0763365 0.0164047 0.0898113 -0.772734 -4.5811 144.39 
0.231025 -0.0885719 99832 1 1.36823 0.758654 464 1 1521 0.0763365 0.0164047 0.0898113 -0.772734 -4.5811 144.39 
0.214034 -0.0858459 99912 1 1.36823 0.758654 465 1 1523 0.0753805 0.0167308 0.0898262 -0.775377 -4.58144 144.379 
0.171449 0.0568798 99992 1 1.36823 0.758654 466 1 1525 0.0734486 0.0216705 0.0927733 -0.723261 -4.60499 144.345 
0.229108 0.0727142 100072 1 1.36823 0.758654 467 1 1527 0.0716492 0.0289044 0.0960149 -0.646312 -4.61554 144.42 
0.186196 0.0209843 100112 1 1.36823 0.758654 468 1 1528 0.0717473 0.0219514 0.0973631 -0.721689 -4.62067 144.353 
0.309511 0.0273483 100192 1 1.36823 0.758654 469 1 1530 0.0669358 0.0215453 0.0949804 -0.65551 -4.58584 143.522 
0.379001 -0.0146738 100273 1 1.36823 0.758654 470 1 1532 0.0660903 0.0157681 0.0862867 -0.641859 -4.49982 143.395 
0.0388722 0.92714 100313 1 1.36823 0.758654 471 1 1533 0.0688774 0.0163927 0.0790276 -0.641171 -4.41605 143.392 
0.0184168 3.09134 100394 1 1.36823 0.758654 472 0 1535 0.0696199 0.0112217 0.0680622 -0.741038 -4.32215 142.571 
0.39433 1.19459 100473 1 1.36823 0.758654 473 0 1537 0.0506693 0.0537717 0.036256 -0.0620626 -3.9824 137.803 
0.729358 0.427131 100553 1 1.36823 0.758654 474 0 1539 0.0424122 0.0624608 0.0168824 0.11107 -3.80885 135.911 
0.959805 0.401419 100595 1 1.36823 0.758654 475 0 1540 0.0405345 0.0687006 0.019617 0.0825326 -3.89341 136.126 
0.875495 0.473372 100673 1 1.36823 0.758654 476 0 1542 0.0460757 0.0790652 0.00713252 -0.0708345 -3.76162 133.335 
1.25529 0.754588 100753 1 1.36823 0.758654 477 0 1544 0.0578942 0.104844 0.00827035 0.110725 -3.79831 129.959 
1.25529 0.754588 100753 1 1.36823 0.758654 478 0 1544 0.0578942 0.104844 0.00827035 0.110725 -3.79831 129.959 
1.25529 0.754588 100753 1 1.36823 0.758654 479 0 1544 0.0578942 0.104844 0.00827035 0.110725 -3.79831 129.959 
0.805792 0.945276 100954 1 1.36823 0.758654 480 0 1549 0.0718162 0.0481252 0.0404231 -0.20364 -4.20277 132.554 
0.828264 1.15684 100994 1 1.36823 0.758654 481 0 1550 0.0854093 0.0468986 0.0648466 -0.221816 -4.43642 133.604 
0.881692 1.36414 101074 1 1.36823 0.758654 482 0 1552 0.0942302 0.0568241 0.102492 -0.148138 -4.80056 136.898 
0.83154 1.31014 101114 1 1.36823 0.758654 483 0 1553 0.097173 0.0445714 0.101191 -0.317082 -4.76155 138.365 
0.558312 1.20645 101194 1 1.36823 0.758654 484 0 1555 0.0992162 0.0114577 0.119675 -0.688117 -4.97396 141.205 
0.460752 1.39382 101274 1 1.36198 0.753846 485 0 1557 0.0973561 -0.00139181 0.132655 -0.832261 -5.14514 143.059 
0.366438 1.67646 101356 1 1.34844 0.747115 486 0 1559 0.0928326 -0.00767643 0.136193 -0.924062 -5.20548 144.035 
0.343347 1.6532 101396 1 1.34844 0.747115 487 0 1560 0.0924646 -0.0146751 0.135445 -1.03334 -5.21424 144.169 
0.343347 1.6532 101396 1 1.34844 0.747115 488 0 1560 0.0924646 -0.0146751 0.135445 -1.03334 -5.21424 144.169 
0.286982 1.53569 101555 1 1.34792 0.745192 489 0 1564 0.0913853 -0.0240289 0.127964 -1.14613 -5.17398 144.355 
0.272443 1.44753 101635 1 1.36094 0.745192 490 0 1566 0.0906496 -0.0265554 0.120759 -1.15794 -5.03943 144.36 
0.198298 1.58506 101717 1 1.3651 0.750962 491 0 1568 0.0943154 -0.024681 0.12048 -1.11001 -5.02284 144.397 
0.198298 1.58506 101717 1 1.36563 0.750962 492 0 1568 0.0943154 -0.024681 0.12048 -1.11001 -5.02284 144.397 
0.0904042 2.80447 101875 1 1.36615 0.751923 493 0 1572 0.0954515 -0.0175124 0.12376 -0.963567 -5.08162 144.306 
-0.0103475 2.37016 101915 1 1.36667 0.753846 494 0 1573 0.0959533 -0.00869775 0.126106 -0.854921 -5.11627 144.356 
0.261142 1.87597 101996 1 1.36667 0.754808 495 0 1575 0.095163 0.00218054 0.128093 -0.718236 -5.11806 144.184 
0.336464 1.69839 102036 1 1.36667 0.754808 496 0 1576 0.0954671 0.00168727 0.128385 -0.708492 -5.13712 144.168 
0.336464 1.69839 102036 1 1.3349 0.752885 497 0 1576 0.0954671 0.00168727 0.128385 -0.708492 -5.13712 144.168 
0.596627 0.862669 102197 1 1.0099 0.741346 498 1 1580 0.101474 0.00171086 0.135433 -0.672499 -5.26998 144.154 
0.304655 1.08948 102276 1 0.792188 0.738462 499 1 1582 0.102877 0.00192964 0.144198 -0.6563 -5.36337 144.204 
0.217831 1.16157 102316 1 0.758333 0.739423 500 1 1583 0.101978 0.00677917 0.146228 -0.592026 -5.38865 144.472 
0.246223 1.13046 102356 1 0.758333 0.739423 501 1 1584 0.102033 0.0125595 0.146446 -0.501098 -5.4097 144.914 
0.246223 1.13046 102356 1 0.758333 0.739423 502 1 1584 0.102033 0.0125595 0.146446 -0.501098 -5.4097 144.914 
0.218604 1.02109 102517 1 0.763542 0.726923 503 1 1588 0.102268 0.00570453 0.13862 -0.391887 -5.46059 145.671 
0.210877 1.37537 102597 1 0.680208 0.649038 504 0 1590 0.108115 0.00774619 0.161918 -0.297578 -5.80574 145.886 
0.661309 1.31968 102677 1 0.593229 0.622115 505 0 1592 0.110737 0.0147029 0.179996 -0.203858 -5.98543 146.312 
0.680646 1.21111 102717 1 0.580729 0.621154 506 0 1593 0.10964 0.0187868 0.172516 -0.163472 -5.87913 146.534 
0.641048 0.962785 102797 1 0.580729 0.620192 507 1 1595 0.108157 0.0173357 0.15829 -0.188419 -5.68123 146.704 
0.681381 0.959928 102878 1 0.580208 0.618269 508 1 1597 0.108636 0.0178032 0.156511 -0.154988 -5.68484 146.928 
0.726002 1.05303 102958 1 0.591667 0.641346 509 1 1599 0.109139 0.021454 0.162551 -0.102215 -5.76082 146.946 
0.704872 1.37591 103038 1 0.595833 0.641346 510 0 1601 0.109483 0.0211297 0.161305 -0.100706 -5.74182 147.333 
0.570598 1.39419 103118 1 0.595833 0.641346 511 0 1603 0.108253 0.00174629 0.157202 -0.408958 -5.72002 147.43 
0.531919 1.56519 103198 1 0.595833 0.641346 512 0 1605 0.107021 0.00192935 0.163444 -0.49842 -5.80799 147.78 
0.328125 1.80525 103238 1 0.595833 0.641346 513 0 1606 0.103563 0.000468303 0.17417 -0.579942 -5.93286 147.893 
0.185679 2.09827 103319 1 0.595833 0.641346 514 0 1608 0.0952089 -0.0247374 0.19163 -0.966293 -6.09791 147.48 
0.0564426 2.00255 103399 1 0.597917 0.640385 515 0 1610 0.0976697 -0.0366158 0.190188 -1.19698 -6.07925 147.4 
0.0671784 1.8362 103438 1 0.596354 0.632692 516 0 1611 0.0973457 -0.0357921 0.179514 -1.2008 -5.93291 147.066 
0.223242 1.28396 103559 1 0.591146 0.621154 517 0 1614 0.0974735 -0.0206674 0.180447 -0.987298 -5.73628 143.789 
0.273152 1.25463 103639 1 0.547917 0.575 518 0 1616 0.0960626 -0.00371154 0.176051 -0.832077 -5.59578 142.774 
0.279368 1.15398 103680 1 0.421875 0.477885 519 1 1617 0.0930068 -0.000978698 0.172657 -0.886553 -5.53924 142.478 
0.313789 0.875578 103759 1 0.308333 0.477885 520 1 1619 0.0862656 -0.00231813 0.158853 -1.0511 -5.35789 142.548 
0.313789 0.875578 103759 1 0.236458 0.475 521 1 1619 0.0862656 -0.00231813 0.158853 -1.0511 -5.35789 142.548 
0.302984 0.831847 103799 1 0.232292 0.45 522 1 1620 0.0863035 -0.00701357 0.160038 -1.13217 -5.36661 142.651 
0.486289 0.693099 103960 1 0.225521 0.414423 523 1 1624 0.0823882 0.0150136 0.143773 -1.17093 -5.44274 146.02 
0.0191253 1.23197 104000 1 0.223438 0.368269 524 0 1625 0.0754874 0.00537039 0.142862 -1.37325 -5.52877 146.516 
-1.29389 3.20377 104080 1 0.204167 0.321154 525 0 1627 0.0709373 0.00302107 0.14183 -1.49376 -5.60825 147.433 
-0.302579 1.24659 104159 1 0.198437 0.317308 526 0 1629 0.0631447 0.000178534 0.119672 -1.636 -5.35463 146.468 
-0.0652974 0.954541 104240 1 0.197917 0.330769 527 1 1631 0.0635596 0.0107677 0.124487 -1.49864 -5.35905 146.404 
0.0239884 0.835276 104320 1 0.197396 0.333654 528 1 1633 0.0668541 0.00523711 0.12958 -1.52584 -5.4299 146.578 
-0.0106215 0.795224 104360 1 0.197396 0.333654 529 1 1634 0.0667469 0.00301803 0.12507 -1.54062 -5.39751 146.563 
-0.0803314 0.745781 104441 1 0.197396 0.333654 530 1 1636 0.0697068 -0.000173637 0.125534 -1.51759 -5.37665 146.58 
