ImageFile:
0.280609 -0.0962641 60253 1 0.333854 0.189423 1 1 579 -0.00980811 -0.0284306 0.0765469 0.269093 2.08201 136.87 
0.278223 -0.119462 60333 1 0.333854 0.189423 2 1 581 -0.00957535 -0.0277468 0.0751927 0.267936 2.1078 136.904 
0.276267 -0.0903556 60414 1 0.333854 0.189423 3 1 583 -0.0100024 -0.0311818 0.0787867 0.222702 2.02431 136.957 
0.268855 -0.0986197 60494 1 0.333854 0.189423 4 1 585 -0.00981304 -0.0316697 0.0789113 0.220687 2.02858 136.948 
0.279118 -0.0367548 60575 1 0.329167 0.199038 5 1 587 -0.00922988 -0.0330262 0.0770124 0.220032 2.04837 136.906 
0.283632 -0.0267223 60614 1 0.302604 0.335577 6 1 588 -0.00893557 -0.0321839 0.0765487 0.238575 2.05315 136.874 
0.283632 -0.0267223 60614 1 0.191146 0.703846 7 1 588 -0.00893557 -0.0321839 0.0765487 0.238575 2.05315 136.874 
0.336005 0.112003 60815 1 0.111979 0.877885 8 1 593 -0.00853856 -0.0270582 0.067674 0.307776 2.17623 136.823 
0.32978 0.207578 60895 1 0.102083 0.879808 9 1 595 -0.00904932 -0.0286478 0.0687032 0.289498 2.15227 136.938 
0.357243 0.17721 60975 1 0.101563 0.874038 10 1 597 -0.00839544 -0.0273775 0.0650869 0.304057 2.21251 136.858 
0.530958 1.51251 61055 1 0.104167 0.902885 11 0 599 -0.00791468 -0.0269495 0.0672894 0.317605 2.18803 136.942 
0.326101 0.998964 61136 1 0.107813 0.952885 12 1 601 -0.00853745 -0.0274775 0.0685445 0.321867 2.20338 137.002 
0.300632 0.474351 61216 1 0.105729 0.952885 13 1 603 -0.00729867 -0.024028 0.0655822 0.377558 2.24042 137.034 
0.258482 1.38335 61256 1 0.0963542 0.958654 14 0 604 -0.00801405 -0.0275532 0.0667189 0.328209 2.21178 136.947 
0.329395 4.63676 61335 1 0.0822917 0.966346 15 0 606 -0.00501178 -0.0269239 0.060821 0.325108 2.29985 137.469 
0.37101 0.916179 61415 1 0.0796875 0.968269 16 1 608 -0.00810417 -0.0227321 0.0631024 0.391277 2.25941 137.141 
0.278113 0.48006 61496 1 0.0796875 0.968269 17 1 610 -0.00867192 -0.0261401 0.0636317 0.349384 2.25208 137.011 
0.270476 0.418453 61576 1 0.0791667 0.968269 18 1 612 -0.00816553 -0.0267954 0.0667214 0.352239 2.20333 136.894 
0.260602 0.378217 61617 1 0.0776042 0.969231 19 1 613 -0.00809983 -0.0288701 0.065486 0.328871 2.22752 136.853 
0.274593 0.386186 61697 1 0.0765625 0.971154 20 1 615 -0.00803516 -0.0288298 0.0664643 0.33111 2.20779 136.899 
0.275809 0.370082 61776 1 0.0744792 0.973077 21 1 617 -0.00848194 -0.0282282 0.0656535 0.31934 2.21084 136.81 
0.280803 0.334359 61817 1 0.0734375 0.973077 22 1 618 -0.00851137 -0.0270936 0.0646076 0.323288 2.2355 136.843 
0.274807 0.365438 61897 1 0.0734375 0.973077 23 1 620 -0.00846333 -0.0281978 0.0649505 0.308715 2.22042 136.874 
0.297311 0.358587 61977 1 0.0734375 0.973077 24 1 622 -0.00817825 -0.0273447 0.0641056 0.334453 2.22368 136.91 
0.33029 0.343166 62058 1 0.0734375 0.973077 25 1 624 -0.00800605 -0.0292332 0.0638197 0.320508 2.22012 136.876 
0.341812 0.314243 62096 1 0.0734375 0.973077 26 1 625 -0.00807462 -0.0289142 0.0618892 0.333027 2.24512 136.829 
0.328022 0.284869 62177 1 0.0734375 0.973077 27 1 627 -0.00758963 -0.0298316 0.062091 0.324304 2.26042 136.896 
0.334503 0.326039 62257 1 0.0734375 0.973077 28 1 629 -0.00852058 -0.0289167 0.0633775 0.326488 2.22993 136.928 
0.29161 0.307238 62338 1 0.0734375 0.973077 29 1 631 -0.00842608 -0.0286599 0.0622184 0.320534 2.24207 136.909 
0.288722 0.304914 62378 1 0.0734375 0.973077 30 1 632 -0.00810737 -0.0278528 0.0621066 0.335375 2.24067 136.97 
0.300183 0.270572 62497 1 0.0734375 0.973077 31 1 635 -0.0084795 -0.0282166 0.0614323 0.341192 2.25265 136.824 
0.303846 0.294654 62538 1 0.0734375 0.973077 32 1 636 -0.00772905 -0.0271943 0.062792 0.353266 2.23587 136.84 
0.335198 0.291621 62618 1 0.0734375 0.973077 33 1 638 -0.00860775 -0.0282035 0.0632155 0.347824 2.24484 136.781 
0.321551 0.313978 62698 1 0.0734375 0.973077 34 1 640 -0.00731249 -0.0289351 0.063907 0.336586 2.24672 136.809 
0.324218 0.31968 62779 1 0.0734375 0.973077 35 1 642 -0.00754771 -0.0270423 0.0630583 0.343669 2.25871 136.802 
0.318872 0.318803 62819 1 0.0734375 0.973077 36 1 643 -0.0084463 -0.0267939 0.0648196 0.330541 2.2429 136.864 
0.314027 0.319166 62898 1 0.0734375 0.973077 37 1 645 -0.00886355 -0.0246506 0.0632014 0.338445 2.26947 136.943 
0.254432 0.342034 62979 1 0.0734375 0.973077 38 1 647 -0.00896325 -0.026442 0.0641963 0.320375 2.2521 136.957 
0.25979 0.381332 63019 1 0.0734375 0.973077 39 1 648 -0.00846552 -0.0281158 0.0663985 0.310325 2.22176 136.958 
0.258226 1.59311 63059 1 0.0734375 0.973077 40 0 649 -0.00766053 -0.0299664 0.0665918 0.292653 2.22152 136.886 
0.420476 1.46151 63179 1 0.0734375 0.973077 41 0 652 -0.00732361 -0.0285101 0.0638708 0.34692 2.28227 136.981 
0.304833 0.585044 63259 1 0.0734375 0.973077 42 1 654 -0.0072049 -0.0261495 0.0625466 0.380846 2.29958 137.041 
0.267977 0.47135 63299 1 0.0734375 0.973077 43 1 655 -0.00695039 -0.026973 0.0639915 0.36642 2.27735 136.995 
0.249559 0.391098 63379 1 0.0734375 0.973077 44 1 657 -0.00794004 -0.027392 0.0648598 0.356484 2.26823 136.99 
0.26616 0.380459 63460 1 0.0734375 0.957692 45 1 659 -0.00761798 -0.0274593 0.0653161 0.352137 2.25725 137.001 
0.298482 0.37399 63541 1 0.0723958 0.919231 46 1 661 -0.00817713 -0.0273604 0.0651914 0.357466 2.25011 137.061 
0.307156 0.353241 63619 1 0.0723958 0.911538 47 1 663 -0.00728085 -0.0281404 0.0644518 0.354016 2.2622 136.981 
0.299326 0.36371 63659 1 0.0723958 0.921154 48 1 664 -0.00755284 -0.0282772 0.0651675 0.355054 2.25169 136.974 
0.292122 0.379555 63740 1 0.0729167 0.941346 49 1 666 -0.00720416 -0.0282802 0.0646527 0.357601 2.24945 136.929 
0.292122 0.379555 63740 1 0.0723958 0.959615 50 1 666 -0.00720416 -0.0282802 0.0646527 0.357601 2.24945 136.929 
0.287205 0.369878 63780 1 0.0723958 0.975962 51 1 667 -0.00747791 -0.0287846 0.0634866 0.344902 2.26522 136.923 
0.299908 0.37335 63981 1 0.0723958 0.984615 52 1 672 -0.00809629 -0.0270829 0.0609399 0.340577 2.26651 136.971 
0.292774 0.350517 64061 1 0.0729167 0.984615 53 1 674 -0.00813538 -0.0276269 0.0606373 0.317899 2.26797 136.907 
0.268798 0.331813 64101 1 0.0729167 0.984615 54 1 675 -0.00822396 -0.0278201 0.0606634 0.309302 2.2734 136.939 
0.288374 0.334849 64181 1 0.0729167 0.983654 55 1 677 -0.00796597 -0.0280087 0.0618428 0.317462 2.2546 136.976 
0.30261 0.307834 64261 1 0.0729167 0.981731 56 1 679 -0.00784146 -0.0278204 0.0604772 0.33137 2.27601 136.875 
0.293853 0.284913 64301 1 0.0729167 0.981731 57 1 680 -0.00741286 -0.0292307 0.0606812 0.319062 2.28606 136.887 
0.309911 0.345513 64381 1 0.0729167 0.981731 58 1 682 -0.0077608 -0.0280853 0.0624078 0.35232 2.24904 136.893 
0.309164 0.342641 64461 1 0.0729167 0.981731 59 1 684 -0.00726826 -0.0281475 0.0619589 0.372777 2.25642 136.838 
0.315383 0.331512 64544 1 0.0729167 0.981731 60 1 686 -0.00728738 -0.0288705 0.0603793 0.370019 2.2807 136.846 
0.312892 0.336552 64622 1 0.0729167 0.981731 61 1 688 -0.00718983 -0.0284201 0.0617185 0.374918 2.26912 136.82 
0.226924 0.141814 64702 1 0.0729167 0.981731 62 1 690 -0.00850284 -0.0302948 0.0647892 0.332312 2.22533 136.916 
0.210363 0.0674291 64783 1 0.0729167 0.981731 63 1 692 -0.00814824 -0.0310523 0.06738 0.311233 2.18821 136.812 
0.209511 0.0427435 64822 1 0.0729167 0.981731 64 1 693 -0.00844998 -0.0300767 0.0685082 0.322153 2.17927 136.806 
0.195747 0.0736224 64903 1 0.0729167 0.981731 65 1 695 -0.00842515 -0.032434 0.0705319 0.293923 2.13982 136.825 
0.174422 0.0504502 64983 1 0.0729167 0.979808 66 1 697 -0.00783804 -0.0319374 0.0690987 0.297471 2.1609 136.847 
0.12449 0.0366881 65063 1 0.0223958 0.911538 67 1 699 -0.00865117 -0.0315883 0.0662279 0.300816 2.20695 136.835 
0.143343 0.035971 65102 1 -0.207813 0.639423 68 1 700 -0.0083626 -0.0271857 0.0672928 0.357685 2.19552 136.855 
0.129909 0.0532228 65182 1 -0.503125 0.389423 69 1 702 -0.00852892 -0.0294941 0.0678731 0.327863 2.18304 136.828 
0.116137 0.0500248 65263 1 -0.630208 0.277885 70 1 704 -0.00864936 -0.0293311 0.06705 0.337798 2.1962 136.786 
0.102565 0.0681368 65303 1 -0.630208 0.277885 71 1 705 -0.00817323 -0.029836 0.0683911 0.329443 2.17843 136.804 
0.109479 0.100338 65383 1 -0.630208 0.277885 72 1 707 -0.00861515 -0.0308316 0.0691547 0.319406 2.15982 136.84 
0.11873 0.0608063 65463 1 -0.630208 0.277885 73 1 709 -0.00802729 -0.029983 0.0676194 0.331734 2.18885 136.791 
0.104821 0.0540863 65503 1 -0.630208 0.277885 74 1 710 -0.0081441 -0.0309808 0.0667395 0.31612 2.20789 136.729 
0.124254 0.0702228 65583 1 -0.636979 0.267308 75 1 712 -0.00843481 -0.0310364 0.0694287 0.331263 2.18227 136.707 
0.152026 0.0585739 65664 1 -0.711979 0.225 76 1 714 -0.00760315 -0.0302853 0.0684396 0.342756 2.21324 136.741 
0.138854 0.0564364 65704 1 -0.86875 0.125 77 1 715 -0.00794147 -0.0301361 0.0690047 0.343882 2.21884 136.817 
0.128702 0.0728787 65825 1 -1 0.00769231 78 1 718 -0.00780634 -0.0319427 0.0698737 0.31245 2.2192 136.788 
0.144656 0.111942 65905 1 -1 0.00769231 79 1 720 -0.00869995 -0.030982 0.0730415 0.336136 2.16657 136.85 
0.161111 0.111026 65984 1 -0.999479 0.00769231 80 1 722 -0.00863981 -0.0315507 0.0749246 0.358915 2.14465 137.024 
0.175047 0.080377 66024 1 -0.991667 0.00769231 81 1 723 -0.00874955 -0.0313459 0.0716728 0.37453 2.19417 137.043 
0.195294 0.107026 66104 1 -0.96875 0.00769231 82 1 725 -0.00905551 -0.0315765 0.0728047 0.405472 2.17357 137.128 
0.190109 0.134967 66185 1 -0.936458 0.00769231 83 1 727 -0.008937 -0.0295172 0.0749833 0.442089 2.1387 137.106 
0.1695 0.134833 66265 1 -0.926042 0.00769231 84 1 729 -0.00947585 -0.0303534 0.0757298 0.429561 2.13049 137.139 
0.180419 0.116724 66306 1 -0.926562 0.00865385 85 1 730 -0.00937272 -0.0296839 0.0759668 0.439244 2.13783 137.152 
0.171315 0.16792 66385 1 -0.941667 0.00769231 86 1 732 -0.00932096 -0.030342 0.0774683 0.428052 2.10772 137.17 
0.167865 0.153777 66465 1 -0.970313 0.00769231 87 1 734 -0.00954913 -0.0301904 0.0765326 0.42563 2.10574 137.154 
0.169941 0.130353 66546 1 -0.977083 0.00769231 88 1 736 -0.00906385 -0.0298086 0.0754997 0.428642 2.12718 137.175 
0.173867 0.161838 66625 1 -0.977083 0.00769231 89 1 738 -0.00884004 -0.030516 0.0761399 0.43459 2.10839 137.135 
0.181565 0.115139 66707 1 -0.955729 0.00769231 90 1 740 -0.00847505 -0.0303018 0.0763985 0.433641 2.12478 137.106 
0.15679 0.127606 66786 1 -0.928646 0.00769231 91 1 742 -0.00902969 -0.0313597 0.0769373 0.41291 2.13102 137.132 
0.145872 0.156255 66867 1 -0.920312 0.00769231 92 1 744 -0.00875108 -0.0314108 0.0775101 0.394133 2.09968 137.057 
0.145872 0.156255 66867 1 -0.920312 0.00769231 93 1 744 -0.00875108 -0.0314108 0.0775101 0.394133 2.09968 137.057 
0.145872 0.156255 66867 1 -0.891146 0.00769231 94 1 744 -0.00875108 -0.0314108 0.0775101 0.394133 2.09968 137.057 
0.143939 0.192806 67068 1 -0.727083 0.00769231 95 1 749 -0.00983955 -0.0330667 0.077806 0.329511 2.04119 136.949 
0.164977 0.186208 67146 1 -0.461458 0.00769231 96 1 751 -0.00978754 -0.0327354 0.0774511 0.354864 2.03842 137.016 
0.715094 0.670223 67227 1 -0.310417 0.00769231 97 1 753 -0.00817579 -0.0322737 0.0740399 0.36637 2.09608 136.916 
0.95941 0.906315 67307 1 -0.284896 0.00769231 98 1 755 -0.00832074 -0.0314266 0.0674061 0.382702 2.19779 136.941 
0.949812 0.849116 67347 1 -0.284896 0.0105769 99 1 756 -0.0085843 -0.0286568 0.0649628 0.418655 2.23673 136.943 
0.965009 0.851985 67427 1 -0.284896 0.0115385 100 1 758 -0.00782324 -0.0276265 0.0648622 0.409106 2.23959 136.916 
1.0015 0.877751 67507 1 -0.277083 0.0115385 101 1 760 -0.00810321 -0.0271743 0.0644265 0.38984 2.23717 136.928 
0.985552 0.856132 67588 1 -0.275521 0.0115385 102 1 762 -0.0084006 -0.0272826 0.0629322 0.360928 2.25746 136.936 
0.970895 0.868044 67670 1 -0.275521 0.0115385 103 1 764 -0.00881362 -0.0300034 0.0644445 0.333593 2.23485 136.943 
1.00633 0.835276 67748 1 -0.295833 0.0971154 104 1 766 -0.00708958 -0.0290233 0.0631751 0.363395 2.26675 136.908 
1.01852 0.814924 67829 1 -0.445833 0.396154 105 1 768 -0.00725745 -0.0275308 0.0618112 0.39575 2.29692 136.957 
1.05447 0.818989 67908 1 -0.488542 0.451923 106 1 770 -0.00650967 -0.0258965 0.0607125 0.424755 2.32402 136.901 
1.05493 0.872024 67988 1 -0.560417 0.507692 107 1 772 -0.00695141 -0.0261613 0.0628975 0.420108 2.30129 136.929 
1.03041 0.897498 68068 1 -0.635938 0.579808 108 1 774 -0.00682302 -0.0294936 0.0638603 0.373501 2.29279 136.97 
1.02005 0.908892 68149 1 -0.75625 0.683654 109 1 776 -0.00656941 -0.0273163 0.0645071 0.404968 2.29562 137.029 
0.995943 0.94757 68229 1 -0.831771 0.743269 110 1 778 -0.00717662 -0.0272061 0.06551 0.394705 2.28007 137.021 
0.988904 0.925006 68268 1 -0.861458 0.771154 111 1 779 -0.00700684 -0.0260157 0.0654029 0.398699 2.28801 136.994 
0.946229 0.939412 68389 1 -0.865104 0.775 112 1 782 -0.00889006 -0.0266366 0.068424 0.376301 2.26451 137.007 
0.926204 0.945793 68429 1 -0.863542 0.773077 113 1 783 -0.00852675 -0.0285317 0.0689716 0.348796 2.25927 137.047 
0.940691 0.977366 68549 1 -0.863542 0.773077 114 1 786 -0.00889229 -0.027964 0.0705502 0.362179 2.24062 137.079 
0.921447 0.97159 68631 1 -0.864062 0.780769 115 1 788 -0.00945642 -0.0295743 0.0698655 0.327372 2.25359 137.183 
0.948615 1.02318 68710 1 -0.864062 0.780769 116 1 790 -0.00927736 -0.0283247 0.06843 0.342135 2.25196 137.095 
0.944865 0.977784 68790 1 -0.864062 0.780769 117 1 792 -0.00930527 -0.027487 0.0668854 0.354333 2.28069 137.13 
0.974951 0.993026 68870 1 -0.864062 0.780769 118 1 794 -0.00881865 -0.0275514 0.0657566 0.367733 2.27638 137.177 
0.992657 0.984751 68951 1 -0.864062 0.780769 119 1 796 -0.00817543 -0.0267132 0.0645444 0.37593 2.2787 137.187 
0.97906 0.980825 69029 1 -0.864062 0.780769 120 1 798 -0.00891847 -0.0283051 0.0648225 0.353565 2.277 137.165 
0.98222 0.983553 69110 1 -0.864062 0.780769 121 1 800 -0.00894498 -0.0276265 0.0642508 0.356774 2.2811 137.104 
0.939695 0.953744 69192 1 -0.865104 0.780769 122 1 802 -0.00864808 -0.0252697 0.06344 0.377143 2.28557 137.099 
0.214066 0.941612 69271 1 -0.866146 0.780769 123 1 804 -0.00875574 -0.022076 0.0626709 0.422172 2.3005 137.219 
0.200099 0.869074 69351 1 -0.866667 0.780769 124 1 806 -0.00806987 -0.0210486 0.0597997 0.436337 2.35459 137.229 
0.196086 0.837834 69431 1 -0.872917 0.780769 125 1 808 -0.00737133 -0.023384 0.0574262 0.418583 2.38481 137.121 
0.201536 0.813139 69511 1 -0.884375 0.779808 126 1 810 -0.00698567 -0.0253404 0.0574747 0.408672 2.39292 137.093 
0.213382 0.862684 69592 1 -0.885417 0.778846 127 1 812 -0.00665179 -0.0245168 0.0599635 0.43326 2.35165 137.185 
0.207593 0.871646 69672 1 -0.885417 0.777885 128 1 814 -0.00654894 -0.024346 0.0592219 0.427592 2.34984 137.104 
0.196867 0.817125 69753 1 -0.870313 0.777885 129 1 816 -0.0065334 -0.0243199 0.0561173 0.421096 2.40109 137.113 
0.170726 0.817443 69831 1 -0.861458 0.777885 130 1 818 -0.00650063 -0.0245935 0.0572775 0.408333 2.39246 137.114 
0.192607 0.802873 69913 1 -0.860417 0.777885 131 1 820 -0.00679131 -0.0253107 0.0574005 0.397755 2.40153 137.106 
0.171295 0.783804 69993 1 -0.860417 0.777885 132 1 822 -0.00701001 -0.0260137 0.0574321 0.394428 2.41032 137.058 
0.171295 0.783804 69993 1 -0.860417 0.777885 133 1 822 -0.00701001 -0.0260137 0.0574321 0.394428 2.41032 137.058 
0.212568 0.836181 70152 1 -0.860417 0.777885 134 1 826 -0.00620925 -0.0247565 0.0582613 0.439141 2.39199 137.309 
0.209899 0.827737 70233 1 -0.860417 0.777885 135 1 828 -0.00574878 -0.0249385 0.0580434 0.441673 2.3892 137.281 
0.19762 0.832188 70272 1 -0.860417 0.777885 136 1 829 -0.00609968 -0.0252741 0.0577409 0.438004 2.37816 137.162 
0.203327 0.813329 70353 1 -0.860417 0.777885 137 1 831 -0.00569137 -0.0255242 0.056968 0.423449 2.3867 137.09 
0.216449 0.780687 70433 1 -0.860417 0.777885 138 1 833 -0.00565632 -0.0251593 0.0556275 0.425076 2.41095 137.146 
0.205316 0.789452 70473 1 -0.860417 0.777885 139 1 834 -0.0058473 -0.0257495 0.0562794 0.41746 2.40224 137.079 
0.214951 0.781787 70553 1 -0.860417 0.777885 140 1 836 -0.00565898 -0.0256244 0.0565249 0.422273 2.40468 137.098 
0.206972 0.810768 70633 1 -0.860417 0.777885 141 1 838 -0.00646025 -0.0264794 0.0583538 0.408269 2.37624 137.108 
0.202364 0.798763 70673 1 -0.860417 0.777885 142 1 839 -0.00595951 -0.02686 0.056936 0.399274 2.39352 137.096 
0.193502 0.773866 70753 1 -0.860417 0.777885 143 1 841 -0.00617921 -0.0256818 0.0555238 0.414013 2.41892 137.081 
0.191349 0.777162 70834 1 -0.860417 0.777885 144 1 843 -0.0065142 -0.0258031 0.0554349 0.418194 2.42052 137.102 
0.189698 0.765982 70875 1 -0.860417 0.777885 145 1 844 -0.00612581 -0.0259635 0.0555731 0.422476 2.4231 137.18 
0.179803 0.800896 70954 1 -0.860417 0.777885 146 1 846 -0.00656223 -0.0253406 0.0560602 0.431574 2.40648 137.147 
0.155148 0.77599 71034 1 -0.860417 0.777885 147 1 848 -0.00632546 -0.0265417 0.0556655 0.404077 2.42127 137.114 
0.173194 0.77862 71074 1 -0.860417 0.777885 148 1 849 -0.00621402 -0.0250031 0.0560273 0.418329 2.4209 137.123 
0.399435 0.739936 71154 1 -0.860417 0.777885 149 1 851 -0.00756621 -0.0275232 0.059791 0.370213 2.36806 137.134 
1.05718 0.707552 71234 1 -0.860417 0.777885 150 1 853 -0.00933365 -0.033259 0.0736306 0.253873 2.16985 137.108 
0.92876 0.483066 71315 1 -0.860417 0.777885 151 1 855 -0.00982738 -0.034773 0.0803487 0.203076 2.06678 137.038 
0.877145 0.399323 71394 1 -0.860417 0.777885 152 1 857 -0.0109049 -0.0345029 0.0823911 0.181601 2.0335 137.001 
0.838154 0.373181 71434 1 -0.860417 0.777885 153 1 858 -0.0115187 -0.0363916 0.0814738 0.146171 2.04371 136.99 
0.845517 0.353953 71555 1 -0.860417 0.777885 154 1 861 -0.0109559 -0.0360922 0.07986 0.176666 2.04722 137.074 
0.854322 0.34455 71595 1 -0.860417 0.777885 155 1 862 -0.0103008 -0.0356123 0.0792599 0.202114 2.05063 137.045 
0.861816 0.280398 71675 1 -0.860417 0.777885 156 1 864 -0.00941338 -0.0355287 0.0765663 0.228824 2.08952 137.091 
0.859999 0.287441 71716 1 -0.860417 0.777885 157 1 865 -0.00871848 -0.0360142 0.0780485 0.227809 2.07036 137.166 
0.556702 3.86609 71796 1 -0.860417 0.777885 158 0 867 -0.00899565 -0.0341788 0.0813953 0.256012 2.0195 137.194 
0.61656 3.27992 71836 1 -0.860417 0.777885 159 0 868 -0.00915084 -0.0349601 0.0755326 0.220989 2.09052 137.361 
0.937585 0.499531 71956 1 -0.860417 0.777885 160 1 871 -0.00966218 -0.0326334 0.0750723 0.239992 2.10654 137.106 
0.914272 0.39105 71996 1 -0.860417 0.777885 161 1 872 -0.00933083 -0.0326864 0.0741987 0.240806 2.11895 137.15 
0.885662 0.368631 72076 1 -0.860417 0.777885 162 1 874 -0.00913405 -0.0337146 0.0755269 0.222827 2.08395 137.229 
0.8835 0.371443 72156 1 -0.860417 0.777885 163 1 876 -0.00900331 -0.0336456 0.0754893 0.22187 2.08344 137.24 
0.877457 0.334699 72236 1 -0.860417 0.777885 164 1 878 -0.00974131 -0.0347789 0.0766552 0.21731 2.05597 137.126 
0.865715 0.308054 72276 1 -0.860417 0.777885 165 1 879 -0.00920549 -0.0345435 0.0767005 0.21155 2.05933 137.137 
0.861242 0.299262 72357 1 -0.860417 0.777885 166 1 881 -0.00924873 -0.0354042 0.0773294 0.205953 2.05226 137.128 
0.86817 0.303075 72437 1 -0.860417 0.777885 167 1 883 -0.00919529 -0.0343823 0.0772737 0.220615 2.05017 137.072 
0.873574 0.324292 72519 1 -0.860417 0.777885 168 1 885 -0.00923642 -0.0341888 0.0770322 0.229769 2.03825 137.054 
0.873135 0.320609 72557 1 -0.860417 0.777885 169 1 886 -0.0095078 -0.0343852 0.0780118 0.228654 2.02452 137.06 
0.869491 0.286345 72637 1 -0.860417 0.777885 170 1 888 -0.00946498 -0.0354128 0.0767235 0.215364 2.05169 136.998 
0.865086 0.272289 72717 1 -0.860417 0.777885 171 1 890 -0.00966625 -0.0337683 0.0749251 0.240318 2.08535 136.987 
0.848661 0.277978 72798 1 -0.860417 0.777885 172 1 892 -0.00929637 -0.0356749 0.0760389 0.22456 2.07293 136.996 
0.842225 0.307252 72838 1 -0.860417 0.777885 173 1 893 -0.00978582 -0.0355489 0.0777972 0.22406 2.0395 137.014 
0.836443 0.29987 72917 1 -0.860417 0.777885 174 1 895 -0.00981305 -0.0350482 0.0780362 0.208479 2.03627 137.144 
0.825412 0.317387 72997 1 -0.860417 0.777885 175 1 897 -0.00998107 -0.0346338 0.0777646 0.20246 2.03249 137.177 
0.840946 0.270237 73079 1 -0.860417 0.777885 176 1 899 -0.00951459 -0.0356194 0.0765231 0.198727 2.06089 137.052 
0.851096 0.2731 73118 1 -0.860417 0.777885 177 1 900 -0.0097168 -0.0358314 0.0765241 0.202362 2.06114 137.04 
0.851096 0.2731 73118 1 -0.860417 0.777885 178 1 900 -0.0097168 -0.0358314 0.0765241 0.202362 2.06114 137.04 
0.471238 0.43904 73278 1 -0.860417 0.777885 179 1 904 -0.00912002 -0.0321642 0.0713604 0.272768 2.1396 137.041 
0.489732 0.394748 73358 1 -0.860417 0.777885 180 1 906 -0.00883039 -0.0305244 0.0673281 0.286644 2.20114 136.974 
0.50058 0.3964 73438 1 -0.860417 0.777885 181 1 908 -0.00928969 -0.0304752 0.0668103 0.281574 2.21743 137.017 
0.506944 0.414566 73519 1 -0.860417 0.777885 182 1 910 -0.00861626 -0.0299758 0.0668018 0.296036 2.21656 136.996 
0.524 0.386083 73600 1 -0.860417 0.777885 183 1 912 -0.00876111 -0.0299247 0.0654946 0.313821 2.24827 137.057 
0.510875 0.442511 73639 1 -0.860417 0.777885 184 1 913 -0.00868355 -0.0297829 0.0688073 0.318257 2.19567 136.999 
-0.088047 4.48951 73719 1 -0.860417 0.777885 185 0 915 -0.00641715 -0.0287153 0.0383022 0.321711 2.69697 137.082 
0.786911 4.16637 73759 1 -0.860417 0.777885 186 0 916 -0.00660518 -0.0268467 0.0376035 0.36168 2.72124 137.121 
0.560213 0.991641 73879 1 -0.860417 0.777885 187 1 919 -0.00840914 -0.0284091 0.0597944 0.336497 2.3966 137.099 
0.526502 0.717188 73960 1 -0.860417 0.777885 188 1 921 -0.00898226 -0.0297469 0.0661822 0.321049 2.29023 137.196 
0.486987 0.630904 74039 1 -0.860417 0.777885 189 1 923 -0.00784186 -0.031679 0.0661005 0.282604 2.25583 137.126 
0.487271 0.564524 74079 1 -0.860417 0.777885 190 1 924 -0.00835905 -0.0303786 0.0649058 0.290533 2.26789 137.105 
0.464519 0.574613 74160 1 -0.860417 0.777885 191 1 926 -0.00908287 -0.0295417 0.0653732 0.28981 2.24964 137.057 
0.482905 0.515329 74240 1 -0.860417 0.777885 192 1 928 -0.00914278 -0.0280183 0.0650309 0.295418 2.27176 137.091 
0.485934 0.536436 74321 1 -0.860417 0.777885 193 1 930 -0.00997737 -0.0279079 0.0654589 0.284502 2.25541 137.158 
0.479306 0.513606 74361 1 -0.860417 0.777885 194 1 931 -0.00949983 -0.0265627 0.0644457 0.294648 2.27078 137.15 
0.503829 0.511879 74440 1 -0.860417 0.777885 195 1 933 -0.00936758 -0.0250838 0.0636296 0.321541 2.28148 137.173 
0.491865 0.548662 74521 1 -0.860417 0.777885 196 1 935 -0.00971367 -0.0261447 0.0651337 0.319338 2.2394 137.209 
0.503711 0.516472 74561 1 -0.860417 0.777885 197 1 936 -0.00930134 -0.0260051 0.0641219 0.326008 2.25848 137.22 
0.512663 0.56733 74641 1 -0.860417 0.777885 198 1 938 -0.0100262 -0.0259312 0.0665736 0.327679 2.21403 137.237 
0.509937 0.562688 74721 1 -0.860417 0.777885 199 1 940 -0.00984446 -0.0260744 0.0665616 0.329495 2.2138 137.242 
0.480929 0.551491 74801 1 -0.860417 0.777885 200 1 942 -0.00878259 -0.0252858 0.0662977 0.318192 2.21886 137.354 
0.491198 0.522152 74841 1 -0.860417 0.777885 201 1 943 -0.0103798 -0.0252624 0.0661987 0.31814 2.21545 137.215 
0.489259 0.435308 74921 1 -0.860417 0.777885 202 1 945 -0.0102653 -0.0259078 0.064788 0.316388 2.25656 137.198 
0.487453 0.47504 75002 1 -0.860417 0.777885 203 1 947 -0.0107128 -0.0257165 0.067489 0.30467 2.21121 137.186 
0.444669 0.5063 75083 1 -0.860417 0.777885 204 1 949 -0.0114093 -0.0211313 0.0703798 0.328207 2.14592 136.824 
0.453772 0.503568 75162 1 -0.860417 0.777885 205 1 951 -0.0114483 -0.0212682 0.0703643 0.33019 2.14566 136.816 
0.457242 0.506685 75202 1 -0.860417 0.777885 206 1 952 -0.0115026 -0.0213548 0.0703244 0.331431 2.14512 136.817 
0.480996 0.506979 75282 1 -0.860417 0.777885 207 1 954 -0.0115201 -0.0219301 0.0700859 0.339873 2.14167 136.842 
0.491392 0.525969 75363 1 -0.860417 0.777885 208 1 956 -0.0115861 -0.0222024 0.069893 0.344011 2.13869 136.853 
0.405076 0.39499 75443 1 -0.860417 0.777885 209 1 958 -0.01091 -0.0181047 0.0714158 0.402504 2.11634 136.8 
0.42196 0.352254 75522 1 -0.860417 0.777885 210 1 960 -0.0109405 -0.0163704 0.0694917 0.398085 2.15297 136.741 
0.405551 0.356147 75562 1 -0.860417 0.777885 211 1 961 -0.0109588 -0.0156494 0.0698795 0.399282 2.15348 136.64 
0.397985 0.360812 75643 1 -0.860417 0.777885 212 1 963 -0.0106593 -0.0153286 0.0711272 0.392733 2.13575 136.613 
0.272999 0.142763 75723 1 -0.860417 0.777885 213 1 965 -0.0110742 -0.0150642 0.0719738 0.402431 2.13356 136.75 
0.249541 0.0817683 75804 1 -0.860417 0.777885 214 1 967 -0.0118337 -0.0179754 0.0758394 0.368994 2.07061 136.788 
0.253681 0.0826999 75844 1 -0.860417 0.777885 215 1 968 -0.0117325 -0.0181337 0.075803 0.37119 2.06988 136.788 
0.23021 0.0367633 75923 1 -0.860417 0.777885 216 1 970 -0.0113422 -0.0212898 0.076989 0.33388 2.07017 136.619 
0.179285 0.105553 76003 1 -0.860417 0.777885 217 1 972 -0.01089 -0.0207983 0.0762441 0.34572 2.09002 136.577 
0.155693 0.132324 76043 1 -0.860417 0.777885 218 1 973 -0.0109184 -0.020718 0.078105 0.349159 2.06565 136.536 
0.14202 0.10962 76124 1 -0.860417 0.777885 219 1 975 -0.0102348 -0.0205283 0.0758 0.36162 2.09665 136.549 
0.139469 0.101136 76205 1 -0.860417 0.777885 220 1 977 -0.0103765 -0.0197999 0.0749159 0.369237 2.11262 136.573 
0.131874 0.115978 76244 1 -0.860417 0.777885 221 1 978 -0.0105055 -0.0195239 0.0756663 0.368205 2.10213 136.595 
0.131874 0.115978 76244 1 -0.860417 0.777885 222 1 978 -0.0105055 -0.0195239 0.0756663 0.368205 2.10213 136.595 
0.126699 0.143202 76404 1 -0.860417 0.777885 223 1 982 -0.0106998 -0.0202059 0.0760421 0.337275 2.09543 136.51 
0.131843 0.0833873 76485 1 -0.860417 0.777885 224 1 984 -0.011654 -0.0204004 0.0795019 0.336394 2.04367 136.651 
0.146447 0.067077 76525 1 -0.860417 0.777885 225 1 985 -0.0115964 -0.0189117 0.0793209 0.356973 2.04925 136.733 
0.151814 0.0333162 76605 1 -0.860417 0.777885 226 1 987 -0.0115681 -0.020017 0.0790637 0.348506 2.06266 136.693 
0.443812 0.0774939 76685 1 -0.860417 0.777885 227 1 989 -0.0115686 -0.0243938 0.0815791 0.281833 2.02711 136.553 
0.51944 0.0549677 76725 1 -0.860417 0.777885 228 1 990 -0.0118235 -0.0239137 0.08187 0.287181 2.02983 136.662 
0.519132 0.0562501 76805 1 -0.860417 0.777885 229 1 992 -0.0118733 -0.0238991 0.0818511 0.286958 2.02956 136.668 
0.618661 0.157109 76885 1 -0.860417 0.777885 230 1 994 -0.011343 -0.0240865 0.0837669 0.26381 2.0048 136.536 
0.731496 0.285033 76966 1 -0.865104 0.767308 231 1 996 -0.0122495 -0.0253027 0.0834076 0.249668 2.00557 136.72 
0.712432 0.248777 77045 1 -0.865104 0.767308 232 1 998 -0.0112905 -0.0259506 0.082504 0.219448 2.0221 136.426 
0.722683 0.248729 77085 1 -0.861979 0.767308 233 1 999 -0.011392 -0.0258321 0.0834564 0.215964 2.021 136.437 
0.792492 0.340308 77167 1 -0.858854 0.768269 234 1 1001 -0.0111955 -0.0255406 0.0824936 0.220617 2.02635 136.375 
0.803992 0.359424 77246 1 -0.858854 0.775962 235 1 1003 -0.0108683 -0.0258844 0.0811986 0.208919 2.05014 136.41 
0.798096 0.364439 77286 1 -0.858333 0.776923 236 1 1004 -0.0114448 -0.0253534 0.0819363 0.209893 2.03863 136.447 
0.784304 0.362463 77366 1 -0.857812 0.767308 237 1 1006 -0.0112696 -0.0258278 0.0785455 0.199972 2.08083 136.417 
0.818106 0.376662 77447 1 -0.857812 0.767308 238 1 1008 -0.0107143 -0.0232522 0.0789684 0.231309 2.0853 136.481 
0.832589 0.430457 77486 1 -0.857812 0.767308 239 1 1009 -0.0110081 -0.0235039 0.0806433 0.236158 2.05009 136.463 
0.815969 0.432414 77566 1 -0.857812 0.767308 240 1 1011 -0.0102064 -0.0255665 0.0801215 0.207489 2.06359 136.418 
0.83002 0.447728 77647 1 -0.857812 0.767308 241 1 1013 -0.0112814 -0.0243447 0.0808394 0.230315 2.0509 136.484 
0.971955 0.394153 77727 1 -0.857812 0.767308 242 1 1015 -0.0109546 -0.0279092 0.0830766 0.165573 2.0006 136.405 
0.977174 0.380918 77806 1 -0.857812 0.767308 243 1 1017 -0.0121743 -0.027668 0.0865888 0.136465 1.95192 136.377 
0.968746 0.364547 77847 1 -0.857812 0.767308 244 1 1018 -0.0127057 -0.0278861 0.0866556 0.123521 1.95307 136.368 
0.966233 0.366732 77927 1 -0.855208 0.774038 245 1 1020 -0.0122059 -0.0298984 0.0877636 0.0887039 1.94106 136.349 
0.977835 0.350701 78008 1 -0.854688 0.775962 246 1 1022 -0.0120482 -0.0302459 0.0855866 0.0797353 1.9697 136.336 
0.986608 0.321191 78089 1 -0.854688 0.775962 247 1 1024 -0.0123858 -0.0307775 0.0885683 0.071611 1.92969 136.375 
0.965157 0.313325 78128 1 -0.854688 0.775962 248 1 1025 -0.0126244 -0.0335736 0.0894663 0.0306821 1.91188 136.352 
0.96605 0.280705 78207 1 -0.854688 0.775962 249 1 1027 -0.0127469 -0.0324995 0.0900205 0.0490871 1.9001 136.339 
0.864259 0.407419 78288 1 -0.853125 0.775962 250 1 1029 -0.0117815 -0.0291102 0.0867202 0.107913 1.95132 136.328 
0.757363 0.439739 78368 1 -0.852604 0.775962 251 1 1031 -0.0107313 -0.0237037 0.0813799 0.187928 2.03875 136.358 
0.758015 0.434676 78449 1 -0.852604 0.775962 252 1 1033 -0.0110675 -0.0225058 0.0785965 0.182888 2.07348 136.32 
0.729353 0.436105 78488 1 -0.852604 0.775962 253 1 1034 -0.0120698 -0.0210349 0.076588 0.190477 2.1047 136.381 
0.711127 0.528465 78568 1 -0.852604 0.775962 254 1 1036 -0.0129788 -0.0196457 0.0743047 0.218528 2.15437 136.402 
0.750972 0.592431 78648 1 -0.823958 0.751923 255 1 1038 -0.0117677 -0.0180204 0.0739317 0.272616 2.15817 136.453 
0.80944 0.612034 78729 1 -0.653125 0.661538 256 1 1040 -0.00983266 -0.0192815 0.0723934 0.282879 2.16203 136.395 
0.71938 0.520751 78769 1 -0.570313 0.626923 257 1 1041 -0.00998141 -0.0206091 0.0747955 0.270771 2.12926 136.442 
0.695355 0.462178 78850 1 -0.56875 0.626923 258 1 1043 -0.0105515 -0.0206982 0.0748551 0.27183 2.12982 136.528 
0.620992 1.85163 78929 1 -0.56875 0.626923 259 0 1045 -0.0120021 -0.0193077 0.0700144 0.295883 2.21378 136.704 
0.552454 0.667149 79009 1 -0.56875 0.626923 260 1 1047 -0.0111668 -0.0210055 0.0799417 0.246292 2.08214 136.532 
0.482444 0.35045 79091 1 -0.56875 0.626923 261 1 1049 -0.0120298 -0.0247221 0.0822956 0.20399 2.03913 136.635 
0.495955 0.173001 79170 1 -0.563542 0.626923 262 1 1051 -0.0104614 -0.0269929 0.0868403 0.184076 1.96445 136.449 
0.235672 0.0121511 79250 1 -0.542188 0.621154 263 1 1053 -0.0110215 -0.024026 0.0862039 0.247614 1.97398 136.53 
0.235672 0.0121511 79289 1 -0.524479 0.621154 264 1 1054 -0.0110215 -0.024026 0.0862039 0.247614 1.97398 136.53 
0.243366 -0.0725064 79370 1 -0.523958 0.621154 265 1 1056 -0.0108593 -0.0233381 0.0842384 0.254326 2.02144 136.493 
0.243366 -0.0725064 79370 1 -0.523958 0.621154 266 1 1056 -0.0108593 -0.0233381 0.0842384 0.254326 2.02144 136.493 
0.247889 -0.0905632 79410 1 -0.523958 0.621154 267 1 1057 -0.0111861 -0.0218384 0.0851963 0.275132 2.01589 136.586 
0.170248 -0.12124 79611 1 -0.523958 0.621154 268 1 1062 -0.0106065 -0.0200787 0.0816015 0.277969 2.04956 136.918 
0.17605 -0.0886713 79690 1 -0.523958 0.621154 269 1 1064 -0.0106467 -0.0200713 0.0850623 0.265466 2.01978 136.91 
0.114358 0.144155 79771 1 -0.523958 0.621154 270 1 1066 -0.0100606 -0.0181951 0.0841713 0.30945 2.03245 136.823 
0.0943189 0.138882 79851 1 -0.523958 0.621154 271 1 1068 -0.00935486 -0.0154785 0.0799161 0.357751 2.11589 136.791 
0.112352 0.118443 79931 1 -0.523958 0.621154 272 1 1070 -0.00945598 -0.0144334 0.0812995 0.394026 2.11993 136.863 
0.120984 0.141568 80012 1 -0.523958 0.621154 273 1 1072 -0.00962679 -0.0152202 0.0811045 0.37512 2.12294 136.858 
0.122321 0.19192 80051 1 -0.523958 0.621154 274 1 1073 -0.00936016 -0.0150222 0.0817967 0.372603 2.10842 136.86 
0.182908 0.25215 80131 1 -0.523958 0.621154 275 1 1075 -0.00972273 -0.0155328 0.0826098 0.346312 2.09079 136.874 
0.303505 0.240467 80211 1 -0.523958 0.621154 276 1 1077 -0.00960532 -0.0166685 0.0815297 0.314387 2.09266 136.828 
0.288271 0.224406 80292 1 -0.523958 0.621154 277 1 1079 -0.0103752 -0.0170416 0.0806106 0.301839 2.09759 136.801 
0.259152 0.222555 80332 1 -0.523958 0.621154 278 1 1080 -0.010399 -0.0173563 0.0814422 0.302469 2.08686 136.757 
0.370705 0.229115 80411 1 -0.523958 0.621154 279 1 1082 -0.00985165 -0.0172762 0.0802398 0.306184 2.10542 136.739 
0.454657 0.283501 80492 1 -0.523958 0.621154 280 1 1084 -0.0099136 -0.0173518 0.0814581 0.309732 2.07437 136.685 
0.448558 0.270408 80572 1 -0.523958 0.621154 281 1 1086 -0.0104936 -0.0163995 0.0805797 0.310212 2.09764 136.728 
0.4883 0.286199 80612 1 -0.523958 0.621154 282 1 1087 -0.0106283 -0.0167157 0.0808598 0.299035 2.08858 136.717 
0.682428 0.38116 80693 1 -0.523958 0.621154 283 1 1089 -0.0109216 -0.0198002 0.0819369 0.244278 2.04883 136.637 
0.670793 0.348541 80773 1 -0.523958 0.621154 284 1 1091 -0.0117406 -0.0214125 0.0809807 0.206962 2.06905 136.635 
0.705377 0.354747 80852 1 -0.523958 0.621154 285 1 1093 -0.0117756 -0.0223883 0.0813137 0.196017 2.06561 136.617 
0.716613 0.430117 80893 1 -0.523958 0.621154 286 1 1094 -0.0108237 -0.0219395 0.0807787 0.205596 2.07167 136.547 
0.726495 0.489149 80975 1 -0.523958 0.621154 287 1 1096 -0.0108634 -0.021587 0.0768988 0.177214 2.12304 136.604 
0.726995 0.453839 81053 1 -0.523958 0.621154 288 1 1098 -0.0123074 -0.0197487 0.0743099 0.174838 2.15777 136.594 
0.735511 0.357053 81135 1 -0.523958 0.621154 289 1 1100 -0.0138124 -0.0186639 0.0786299 0.184029 2.10733 136.781 
0.71505 0.37161 81213 1 -0.523958 0.621154 290 1 1102 -0.0133204 -0.0215561 0.0810234 0.184935 2.07279 136.607 
0.741307 0.374921 81293 1 -0.523958 0.621154 291 1 1104 -0.0122149 -0.020894 0.0811918 0.236347 2.068 136.564 
0.753781 0.373979 81334 1 -0.523958 0.621154 292 1 1105 -0.0124587 -0.0212514 0.0814138 0.252586 2.07211 136.58 
0.777613 0.369919 81454 1 -0.523958 0.621154 293 1 1108 -0.0113323 -0.0197945 0.0809559 0.263239 2.10126 136.456 
0.7767 0.360731 81534 1 -0.523958 0.621154 294 1 1110 -0.0126993 -0.0213258 0.0817693 0.213977 2.09359 136.448 
0.775163 0.379921 81574 1 -0.523958 0.623077 295 1 1111 -0.0123378 -0.0206141 0.0827994 0.216079 2.08157 136.446 
0.768266 0.405145 81654 1 -0.523958 0.623077 296 1 1113 -0.0119983 -0.0209318 0.0815212 0.206236 2.08852 136.47 
0.73079 0.688461 81694 1 -0.523958 0.623077 297 1 1114 -0.0109831 -0.0190628 0.0766754 0.240626 2.14953 136.422 
0.683179 0.728256 81775 1 -0.523958 0.623077 298 1 1116 -0.0103642 -0.0176225 0.0728388 0.285894 2.21395 136.359 
0.666338 0.678045 81855 1 -0.523958 0.623077 299 1 1118 -0.0103319 -0.0171919 0.0714096 0.304631 2.25203 136.445 
0.660317 0.701545 81935 1 -0.523958 0.623077 300 1 1120 -0.0105701 -0.0150572 0.0727996 0.350636 2.24252 136.477 
0.566317 2.69968 82015 1 -0.523958 0.623077 301 0 1122 -0.0095341 -0.01484 0.0731626 0.34647 2.24495 136.507 
0.799741 2.78095 82095 1 -0.523958 0.620192 302 0 1124 -0.0108312 -0.0104032 0.0619196 0.386677 2.42585 136.989 
0.697166 1.15053 82177 1 -0.523958 0.620192 303 1 1126 -0.0108929 -0.0107588 0.0702981 0.353542 2.29024 136.757 
0.701808 0.951233 82216 1 -0.523958 0.620192 304 1 1127 -0.0105058 -0.0130348 0.0709843 0.319657 2.27346 136.7 
0.5391 0.773305 82295 1 -0.523958 0.620192 305 1 1129 -0.0102279 -0.0152308 0.0724168 0.297472 2.21535 136.802 
0.6589 0.841565 82375 1 -0.523958 0.620192 306 1 1131 -0.00945213 -0.0150996 0.0655223 0.304599 2.29399 136.71 
0.669065 0.843683 82456 1 -0.523958 0.618269 307 1 1133 -0.0103817 -0.0136577 0.0670007 0.337075 2.28581 136.821 
0.673343 0.869335 82496 1 -0.523958 0.618269 308 1 1134 -0.0100158 -0.0137933 0.0669173 0.334421 2.28866 136.765 
0.673343 0.869335 82496 1 -0.523958 0.618269 309 1 1134 -0.0100158 -0.0137933 0.0669173 0.334421 2.28866 136.765 
0.613229 0.658953 82697 1 -0.523958 0.618269 310 1 1139 -0.0109813 -0.0127539 0.0708338 0.355908 2.26869 136.896 
0.591888 0.685111 82736 1 -0.523958 0.618269 311 1 1140 -0.0109648 -0.0138278 0.0725632 0.34744 2.23821 136.803 
0.628821 0.691846 82816 1 -0.523958 0.618269 312 1 1142 -0.00989733 -0.0142112 0.0737529 0.353166 2.21549 136.768 
0.614263 0.697414 82897 1 -0.523958 0.618269 313 1 1144 -0.0103221 -0.0148 0.0731362 0.341158 2.20751 136.787 
0.64147 0.676498 82977 1 -0.523958 0.618269 314 1 1146 -0.0105186 -0.0125054 0.0711951 0.35382 2.22 136.803 
0.643941 0.693585 83017 1 -0.523958 0.618269 315 1 1147 -0.010664 -0.0132796 0.0705152 0.330075 2.21669 136.853 
0.722642 1.02687 83097 1 -0.523958 0.618269 316 1 1149 -0.00944804 -0.0129635 0.0630052 0.336464 2.29512 136.792 
0.724011 1.00249 83178 1 -0.523958 0.618269 317 1 1151 -0.00987187 -0.0127024 0.0587569 0.356631 2.35783 136.82 
0.747188 1.01134 83261 1 -0.523958 0.618269 318 1 1153 -0.00912182 -0.0108787 0.0593769 0.39398 2.35575 136.769 
0.772471 1.01324 83298 1 -0.523958 0.618269 319 1 1154 -0.00909589 -0.0101868 0.0595874 0.401423 2.35934 136.732 
0.758433 1.0403 83380 1 -0.523958 0.618269 320 1 1156 -0.0101689 -0.00940839 0.0613352 0.401252 2.34732 136.854 
0.346195 0.664578 83458 1 -0.523958 0.618269 321 1 1158 -0.0107061 -0.00698017 0.0662174 0.421394 2.27275 136.855 
0.370985 0.646592 83539 1 -0.523958 0.618269 322 1 1160 -0.0104994 -0.00692933 0.0667706 0.410807 2.25294 136.708 
0.124541 0.734009 83618 1 -0.523958 0.618269 323 1 1162 -0.010052 -0.00552371 0.0637261 0.459254 2.30706 136.731 
0.0990245 0.686165 83699 1 -0.523958 0.618269 324 1 1164 -0.00869816 -0.00622991 0.0622677 0.475438 2.33142 136.75 
0.0783525 0.660869 83739 1 -0.523958 0.618269 325 1 1165 -0.00930037 -0.00665465 0.0624982 0.475827 2.33399 136.769 
0.0772449 0.65889 83821 1 -0.523958 0.618269 326 1 1167 -0.00885082 -0.0071518 0.062813 0.465818 2.33988 136.618 
0.101617 0.61711 83900 1 -0.523958 0.618269 327 1 1169 -0.00967972 -0.00655205 0.0638837 0.472284 2.35574 136.697 
0.157852 0.386896 83979 1 -0.523958 0.618269 328 1 1171 -0.0102626 -0.00673405 0.0679803 0.464469 2.30487 136.915 
0.144349 0.341363 84059 1 -0.523958 0.618269 329 1 1173 -0.0109189 -0.0113629 0.0748359 0.391516 2.19843 136.719 
0.141437 0.321045 84140 1 -0.523958 0.618269 330 1 1175 -0.0104023 -0.0114837 0.0762044 0.397718 2.17684 136.655 
0.135738 0.297188 84179 1 -0.523958 0.618269 331 1 1176 -0.0102628 -0.0130942 0.0755156 0.370726 2.18752 136.619 
0.0373934 0.101462 84259 1 -0.523958 0.618269 332 1 1178 -0.0117734 -0.0164912 0.0808406 0.321694 2.1424 136.651 
-0.0308344 0.0288984 84339 1 -0.523958 0.618269 333 1 1180 -0.0104405 -0.0189711 0.0809885 0.284923 2.16463 136.581 
-0.0337012 0.00161214 84420 1 -0.523958 0.618269 334 1 1182 -0.0111276 -0.0164997 0.0816262 0.335275 2.16113 136.673 
0.137252 -0.00966164 84500 1 -0.523958 0.618269 335 1 1184 -0.0106322 -0.0174455 0.0834709 0.33642 2.13445 136.673 
0.195706 -0.0386907 84580 1 -0.523958 0.618269 336 1 1186 -0.0110281 -0.0182185 0.0825037 0.334455 2.15126 136.718 
0.209854 -0.0372506 84620 1 -0.523958 0.618269 337 1 1187 -0.011223 -0.0186043 0.0824804 0.339844 2.15091 136.721 
0.234822 -0.0923604 84700 1 -0.523958 0.618269 338 1 1189 -0.00999741 -0.0188553 0.0819689 0.352539 2.17211 136.664 
0.187261 -0.144096 84780 1 -0.523958 0.618269 339 1 1191 -0.0102585 -0.0193754 0.0822197 0.359975 2.1838 136.708 
0.173496 -0.143555 84820 1 -0.523958 0.618269 340 1 1192 -0.00996919 -0.0194089 0.0822466 0.36291 2.18306 136.853 
-0.890049 5.11424 84901 1 -0.523958 0.618269 341 0 1194 -0.00838269 -0.0179016 0.0764483 0.376665 2.26171 136.77 
0.3592 0.758578 84980 1 -0.523958 0.618269 342 1 1196 -0.00943528 -0.013841 0.0712585 0.42396 2.37792 136.752 
0.294842 0.470417 85022 1 -0.523958 0.618269 343 1 1197 -0.00991218 -0.014395 0.0718515 0.413257 2.3765 136.78 
0.226711 0.339117 85101 1 -0.523958 0.618269 344 1 1199 -0.00995891 -0.0159687 0.0729574 0.394618 2.36725 136.717 
0.22038 0.216783 85221 1 -0.523958 0.618269 345 1 1202 -0.010431 -0.0177355 0.0779414 0.39006 2.29817 136.566 
0.217408 0.199687 85263 1 -0.523958 0.618269 346 1 1203 -0.0106897 -0.0173316 0.0790729 0.405952 2.27704 136.788 
0.25013 0.216555 85341 1 -0.523958 0.618269 347 1 1205 -0.00978656 -0.0191451 0.0787904 0.402615 2.25295 136.815 
0.258778 0.213379 85381 1 -0.523958 0.618269 348 1 1206 -0.00883588 -0.0203663 0.0775625 0.385572 2.26079 136.622 
0.270036 0.2039 85461 1 -0.523958 0.618269 349 1 1208 -0.00786434 -0.019466 0.0751592 0.388678 2.30366 136.543 
0.272448 0.216726 85542 1 -0.523958 0.618269 350 1 1210 -0.00787338 -0.0192393 0.0741376 0.385654 2.30774 136.538 
0.265472 0.221612 85624 1 -0.523958 0.618269 351 1 1212 -0.00774719 -0.0185162 0.0739079 0.37647 2.30555 136.523 
0.265472 0.221612 85624 1 -0.523958 0.618269 352 1 1212 -0.00774719 -0.0185162 0.0739079 0.37647 2.30555 136.523 
0.266221 0.221888 85662 1 -0.523958 0.618269 353 1 1213 -0.00774435 -0.0184768 0.073886 0.375945 2.30528 136.521 
0.265035 0.220126 85822 1 -0.523958 0.618269 354 1 1217 -0.00751775 -0.0163638 0.0715668 0.42049 2.32732 136.581 
0.273231 0.223968 85903 1 -0.523958 0.618269 355 1 1219 -0.00743992 -0.0166512 0.0712281 0.43658 2.32713 136.711 
0.270298 0.230491 85983 1 -0.523958 0.618269 356 1 1221 -0.00756051 -0.0166166 0.0711079 0.436115 2.32558 136.711 
0.325235 0.236636 86063 1 -0.523958 0.618269 357 1 1223 -0.00828813 -0.0177806 0.0697466 0.424917 2.33285 136.596 
0.326774 0.237245 86103 1 -0.523958 0.618269 358 1 1224 -0.00824448 -0.0177506 0.069735 0.424559 2.33268 136.602 
0.329523 0.274061 86185 1 -0.523958 0.618269 359 1 1226 -0.00855861 -0.0150831 0.0706973 0.458927 2.31268 136.823 
0.225155 0.25215 86263 1 -0.523958 0.618269 360 1 1228 -0.00849904 -0.0127255 0.0693596 0.498583 2.32082 136.869 
0.21631 0.268592 86343 1 -0.523958 0.618269 361 1 1230 -0.00782331 -0.0127052 0.0692367 0.498763 2.31886 136.956 
0.219063 0.289454 86424 1 -0.523958 0.618269 362 1 1232 -0.00791627 -0.0129426 0.068953 0.502216 2.31521 137.029 
0.176871 0.221468 86506 1 -0.523958 0.618269 363 1 1234 -0.00807954 -0.0161426 0.0676933 0.450636 2.32535 137.158 
0.101541 0.0319859 86584 1 -0.523958 0.618269 364 1 1236 -0.00974893 -0.0161344 0.0717607 0.440372 2.26041 137.102 
0.0992307 0.0159065 86624 1 -0.523958 0.618269 365 1 1237 -0.00967102 -0.0163004 0.0717926 0.441977 2.26034 137.051 
0.150023 0.0155445 86707 1 -0.523958 0.618269 366 1 1239 -0.00954688 -0.0172086 0.0746777 0.432194 2.21187 136.863 
0.245055 0.0371949 86784 1 -0.523958 0.618269 367 1 1241 -0.00917181 -0.0182108 0.0757532 0.414775 2.1639 136.965 
0.0595043 2.28314 86864 1 -0.523958 0.618269 368 0 1243 -0.00845537 -0.0164434 0.0703187 0.442376 2.22216 136.996 
0.419893 0.70029 86944 1 -0.523958 0.618269 369 1 1245 -0.0073806 -0.0148325 0.0609743 0.4487 2.3266 136.951 
0.305539 0.153376 87025 1 -0.523958 0.618269 370 1 1247 -0.00824119 -0.0184038 0.0659792 0.416322 2.25883 136.81 
0.31896 0.0485182 87106 1 -0.523958 0.618269 371 1 1249 -0.00776232 -0.0193447 0.0678223 0.413929 2.2393 136.887 
0.50756 0.0411215 87145 1 -0.523958 0.618269 372 1 1250 -0.00654405 -0.0222727 0.0705603 0.384457 2.21537 136.855 
0.517311 0.0292854 87224 1 -0.523958 0.618269 373 1 1252 -0.00669226 -0.0224275 0.0706398 0.386511 2.21639 136.833 
0.582397 -0.023901 87345 1 -0.523958 0.618269 374 1 1255 -0.00728683 -0.0253229 0.0750792 0.355907 2.15779 136.795 
0.584244 -0.0277166 87385 1 -0.523958 0.618269 375 1 1256 -0.00719826 -0.0253176 0.0751274 0.355799 2.15838 136.788 
0.622701 -0.0349274 87466 1 -0.523958 0.618269 376 1 1258 -0.00673256 -0.0262996 0.0763619 0.361503 2.14965 136.879 
0.641636 0.00174223 87547 1 -0.523958 0.618269 377 1 1260 -0.00625385 -0.0290402 0.0788958 0.33049 2.08132 136.574 
0.664164 -0.0589866 87627 1 -0.523958 0.618269 378 1 1262 -0.00680419 -0.029047 0.0786951 0.364893 2.09398 136.788 
0.647546 -0.0939321 87706 1 -0.523958 0.618269 379 1 1264 -0.00627095 -0.0286624 0.0804901 0.369222 2.09299 136.69 
0.653366 -0.0468832 87786 1 -0.523958 0.618269 380 1 1266 -0.00640087 -0.0284634 0.083087 0.372516 2.0493 136.671 
0.746089 0.150848 87866 1 -0.523958 0.618269 381 1 1268 -0.00569238 -0.0280587 0.0819633 0.360554 2.06111 136.595 
0.777519 0.119623 87949 1 -0.523958 0.618269 382 1 1270 -0.00708293 -0.0282608 0.0786126 0.326149 2.11442 136.567 
0.787333 0.132794 88026 1 -0.523958 0.618269 383 1 1272 -0.00770335 -0.0271451 0.0788067 0.321076 2.11276 136.56 
0.913241 0.169794 88106 1 -0.523958 0.618269 384 1 1274 -0.00894246 -0.0302242 0.0789823 0.289202 2.11403 136.371 
0.949881 0.180693 88187 1 -0.523958 0.618269 385 1 1276 -0.00793186 -0.0307547 0.0813351 0.317054 2.07947 136.428 
0.96196 0.210939 88267 1 -0.523958 0.618269 386 1 1278 -0.00805894 -0.0318921 0.0824886 0.318729 2.04989 136.445 
0.952704 0.16202 88347 1 -0.523958 0.618269 387 1 1280 -0.00743006 -0.0344047 0.080778 0.273153 2.06251 136.285 
0.895452 0.157915 88467 1 -0.523958 0.618269 388 1 1283 -0.00815557 -0.0324019 0.0809435 0.276181 2.05833 136.4 
0.870595 0.165282 88507 1 -0.523958 0.618269 389 1 1284 -0.00889135 -0.0325155 0.0807358 0.264102 2.05598 136.442 
0.953048 0.145639 88588 1 -0.523958 0.618269 390 1 1286 -0.00923923 -0.0328786 0.0798773 0.242035 2.07597 136.426 
0.97005 0.15974 88668 1 -0.523958 0.618269 391 1 1288 -0.00903822 -0.0334881 0.0817878 0.248726 2.03526 136.384 
0.970044 0.106008 88748 1 -0.523958 0.618269 392 1 1290 -0.00882556 -0.0343246 0.0822186 0.254207 2.04309 136.395 
0.970044 0.106008 88748 1 -0.523958 0.618269 393 1 1290 -0.00882556 -0.0343246 0.0822186 0.254207 2.04309 136.395 
0.956616 0.117644 88788 1 -0.523958 0.618269 394 1 1291 -0.00904917 -0.0348972 0.0837569 0.246177 2.02258 136.404 
0.915118 0.100584 88948 1 -0.523958 0.618269 395 1 1295 -0.00902564 -0.034007 0.0819059 0.243585 2.04609 136.372 
0.886708 0.104399 89029 1 -0.523958 0.618269 396 1 1297 -0.00920696 -0.0312285 0.0813815 0.258801 2.06471 136.354 
0.901 0.12462 89108 1 -0.523958 0.618269 397 1 1299 -0.0092275 -0.03167 0.0814344 0.244112 2.06615 136.392 
0.901364 0.129096 89188 1 -0.523958 0.618269 398 1 1301 -0.00889487 -0.0309816 0.0809522 0.239925 2.07467 136.408 
0.870037 0.270119 89269 1 -0.523958 0.618269 399 1 1303 -0.00858932 -0.0280788 0.076384 0.283147 2.12618 136.367 
0.857615 0.298392 89309 1 -0.523958 0.618269 400 1 1304 -0.00840724 -0.0266679 0.0767894 0.310019 2.11092 136.386 
0.847817 0.282894 89389 1 -0.523958 0.618269 401 1 1306 -0.00745761 -0.027487 0.0750295 0.324673 2.13626 136.35 
0.780142 0.295425 89469 1 -0.523958 0.618269 402 1 1308 -0.0069707 -0.0285649 0.0736694 0.334726 2.15042 136.428 
0.790848 0.305673 89549 1 -0.523958 0.618269 403 1 1310 -0.00727971 -0.0273947 0.0746505 0.347609 2.14407 136.42 
0.783957 0.31393 89629 1 -0.523958 0.618269 404 1 1312 -0.00779528 -0.0275611 0.0742207 0.339683 2.15947 136.419 
0.90701 0.2976 89710 1 -0.523958 0.618269 405 1 1314 -0.00738451 -0.0314392 0.0793874 0.29011 2.08831 136.47 
0.906881 0.287516 89750 1 -0.523958 0.618269 406 1 1315 -0.00704368 -0.03298 0.0819341 0.275659 2.05237 136.503 
0.907727 0.279825 89829 1 -0.523958 0.618269 407 1 1317 -0.00686593 -0.0355184 0.082277 0.2513 2.04527 136.552 
1.36912 2.59463 89911 1 -0.523958 0.618269 408 0 1319 -0.00731978 -0.0342632 0.0823534 0.27078 2.05114 136.591 
0.78671 1.98229 89950 1 -0.523958 0.618269 409 0 1320 -0.00870135 -0.029699 0.0724509 0.375872 2.20759 137.452 
0.764966 1.9107 90071 1 -0.523958 0.618269 410 0 1323 -0.00494355 -0.0195686 0.0677203 0.50715 2.30414 137.131 
0.67502 1.14586 90151 1 -0.523958 0.618269 411 1 1325 -0.00494988 -0.0185158 0.0669301 0.497819 2.29436 137.015 
0.640608 0.925674 90230 1 -0.523958 0.618269 412 1 1327 -0.0054006 -0.0184791 0.0675242 0.483902 2.30049 136.947 
0.617671 0.857315 90270 1 -0.523958 0.618269 413 1 1328 -0.00622358 -0.0200386 0.0674411 0.466903 2.30433 136.967 
0.577629 0.770567 90351 1 -0.523958 0.618269 414 1 1330 -0.00544319 -0.0192864 0.0664333 0.472546 2.31995 136.952 
0.520894 0.861162 90431 1 -0.523958 0.618269 415 1 1332 -0.00570571 -0.0158789 0.06468 0.523222 2.36785 137.085 
0.477202 0.801058 90511 1 -0.523958 0.618269 416 1 1334 -0.00564168 -0.0154194 0.0640589 0.520861 2.37495 137.055 
0.478458 0.737282 90591 1 -0.523958 0.618269 417 1 1336 -0.00557334 -0.0153929 0.060923 0.518163 2.41526 137.086 
0.452123 0.74057 90671 1 -0.523958 0.618269 418 1 1338 -0.0061273 -0.01523 0.0641871 0.525556 2.35644 137.109 
0.436814 0.748291 90752 1 -0.523958 0.618269 419 1 1340 -0.00458525 -0.0163232 0.0633438 0.508382 2.35895 136.991 
0.414116 0.735613 90832 1 -0.523958 0.618269 420 1 1342 -0.00515572 -0.0158186 0.0619492 0.499563 2.35747 136.939 
0.480143 0.814753 90872 1 -0.523958 0.618269 421 1 1343 -0.0047351 -0.0145866 0.0601486 0.511333 2.39185 136.89 
0.526129 0.888943 90952 1 -0.523958 0.618269 422 1 1345 -0.00576323 -0.013836 0.0586885 0.504376 2.42904 136.945 
0.697834 0.918871 91032 1 -0.523958 0.618269 423 1 1347 -0.00562758 -0.0168547 0.061115 0.449953 2.39106 136.918 
0.723766 0.869272 91112 1 -0.523958 0.618269 424 1 1349 -0.00589136 -0.0175661 0.061134 0.442436 2.39452 136.899 
0.733069 0.877855 91193 1 -0.523958 0.618269 425 1 1351 -0.00565336 -0.016711 0.0625731 0.469062 2.37068 136.903 
0.575287 0.929251 91276 1 -0.523958 0.618269 426 1 1353 -0.00479678 -0.0133895 0.059349 0.519668 2.42122 136.948 
0.57016 0.923178 91352 1 -0.523958 0.618269 427 1 1355 -0.00487972 -0.0139654 0.0608939 0.518912 2.39885 136.828 
0.534039 0.880358 91433 1 -0.523958 0.618269 428 1 1357 -0.00500111 -0.0149232 0.0607365 0.495371 2.4189 136.635 
0.526164 0.885827 91513 1 -0.523958 0.618269 429 1 1359 -0.00525398 -0.0151802 0.0623274 0.491571 2.41054 136.642 
0.509083 0.894262 91593 1 -0.523958 0.618269 430 1 1361 -0.00512097 -0.0153064 0.064032 0.501027 2.40355 136.673 
0.507454 0.939712 91674 1 -0.523958 0.618269 431 1 1363 -0.00455819 -0.0138313 0.0650858 0.541996 2.39301 136.797 
0.464677 0.937797 91753 1 -0.523958 0.618269 432 1 1365 -0.00385554 -0.0134813 0.0643654 0.548259 2.40999 136.857 
0.467508 0.949885 91793 1 -0.523958 0.618269 433 1 1366 -0.00343113 -0.0139198 0.0639989 0.541677 2.41856 136.86 
0.325286 1.0376 91874 1 -0.523958 0.618269 434 1 1368 -0.00306449 -0.0122431 0.0648924 0.567328 2.43166 136.938 
0.325286 1.0376 91874 1 -0.523958 0.618269 435 1 1368 -0.00306449 -0.0122431 0.0648924 0.567328 2.43166 136.938 
0.216397 0.989335 91914 1 -0.523958 0.618269 436 1 1369 -0.00240446 -0.0111852 0.0667759 0.585564 2.42949 136.981 
0.138027 0.953363 92074 1 -0.523958 0.618269 437 1 1373 -0.00346719 -0.0122821 0.0715465 0.542093 2.36636 137.033 
0.142101 0.924953 92154 1 -0.523958 0.618269 438 1 1375 -0.00329738 -0.0113124 0.0700654 0.5411 2.36593 136.937 
0.161156 0.860332 92235 1 -0.523958 0.618269 439 1 1377 -0.00346099 -0.0150172 0.0714157 0.499115 2.34982 136.966 
0.159286 0.431603 92315 1 -0.523958 0.618269 440 1 1379 -0.00390229 -0.0192468 0.0821551 0.455388 2.19526 136.974 
0.169276 0.323243 92395 1 -0.524479 0.618269 441 1 1381 -0.00358054 -0.0214698 0.0828109 0.447078 2.17383 136.924 
0.223062 0.342812 92475 1 -0.524479 0.618269 442 1 1383 -0.00374736 -0.0207124 0.083046 0.446638 2.16077 136.928 
0.238154 0.367093 92515 1 -0.524479 0.618269 443 1 1384 -0.00420854 -0.0207087 0.0843485 0.436628 2.1394 137.042 
0.245158 0.785677 92595 1 -0.524479 0.618269 444 1 1386 -0.00474693 -0.0199762 0.0831728 0.447548 2.14796 137.232 
-0.172934 2.75244 92635 1 -0.524479 0.618269 445 0 1387 -0.00474693 -0.0199762 0.0831728 0.447548 2.14796 137.232 
0.236068 0.432077 92756 1 -0.524479 0.618269 446 1 1390 -0.0063335 -0.0210884 0.0850642 0.392225 2.10667 137.248 
0.18758 0.254065 92796 1 -0.524479 0.618269 447 1 1391 -0.0061493 -0.0229219 0.0851076 0.36197 2.10145 137.141 
0.221172 0.124832 92875 1 -0.524479 0.618269 448 1 1393 -0.0059912 -0.0246368 0.0895976 0.341932 2.04519 137.007 
0.263973 0.0706214 92916 1 -0.524479 0.618269 449 1 1394 -0.00560332 -0.0245484 0.0895573 0.356433 2.05414 136.978 
0.307913 -0.00342777 92996 1 -0.524479 0.618269 450 1 1396 -0.00622762 -0.0268275 0.0920339 0.343161 2.02585 136.924 
0.589984 0.0108934 93076 1 -0.524479 0.618269 451 1 1398 -0.006731 -0.0294117 0.0932606 0.314479 2.01318 136.858 
0.589129 -0.0218093 93157 1 -0.524479 0.618269 452 1 1400 -0.00719937 -0.0313145 0.0922026 0.268414 2.03001 136.789 
0.624936 -0.0392431 93236 1 -0.524479 0.618269 453 1 1402 -0.00682276 -0.0308924 0.0916474 0.259081 2.03694 136.655 
0.626966 -0.0652464 93276 1 -0.524479 0.618269 454 1 1403 -0.00617534 -0.0299443 0.088809 0.269494 2.07281 136.619 
0.634753 -0.0178929 93356 1 -0.524479 0.618269 455 1 1405 -0.00548459 -0.0301833 0.0857539 0.25787 2.11293 136.389 
0.619719 -0.0576043 93437 1 -0.524479 0.618269 456 1 1407 -0.0045299 -0.0304212 0.0833017 0.245843 2.17523 135.854 
0.589112 0.745047 93477 1 -0.524479 0.618269 457 1 1408 -0.00499276 -0.0334471 0.0813113 0.202737 2.21855 135.862 
0.690085 1.98579 93557 1 -0.525 0.618269 458 0 1410 -0.00471413 -0.0323739 0.0688486 0.225922 2.37473 135.906 
0.561666 0.679258 93637 1 -0.525 0.618269 459 1 1412 -0.00172613 -0.0277022 0.0575758 0.280573 2.53108 135.96 
0.476968 0.0508607 93717 1 -0.525 0.618269 460 1 1414 -0.00136707 -0.0261877 0.0578434 0.301705 2.50591 135.765 
0.495149 -0.015056 93797 1 -0.525 0.618269 461 1 1416 -0.00279613 -0.0223743 0.070904 0.386374 2.30782 136.278 
0.486666 0.00670564 93878 1 -0.525 0.618269 462 1 1418 -0.00395313 -0.0268461 0.0783089 0.344464 2.1703 136.228 
0.495879 0.0179521 93918 1 -0.525 0.618269 463 1 1419 -0.00299991 -0.0274546 0.0806457 0.343288 2.12481 135.866 
0.595517 0.0822038 93997 1 -0.525 0.618269 464 1 1421 -0.00151319 -0.0242237 0.0770667 0.446156 2.16183 135.951 
0.655557 0.251378 94078 1 -0.525 0.618269 465 1 1423 -0.00137486 -0.018115 0.0672231 0.607718 2.31199 136.31 
0.626505 0.195467 94158 1 -0.525 0.618269 466 1 1425 0.000853801 -0.023773 0.0629942 0.55721 2.37005 136.357 
0.594652 0.14477 94238 1 -0.525 0.618269 467 1 1427 0.000793762 -0.0288984 0.0597514 0.474121 2.41708 136.287 
0.59543 0.122399 94319 1 -0.525 0.618269 468 1 1429 0.00098058 -0.028098 0.0619525 0.469242 2.40821 136.267 
0.582784 0.159473 94398 1 -0.525 0.618269 469 1 1431 -6.67478e-005 -0.0259043 0.0623782 0.481222 2.40434 136.274 
0.575278 0.262353 94479 1 -0.525 0.618269 470 1 1433 -0.00183007 -0.0244325 0.0662772 0.488094 2.33261 136.466 
0.649002 0.462036 94519 1 -0.525 0.618269 471 1 1434 -0.00224851 -0.0233852 0.0671485 0.497924 2.31444 136.457 
0.670626 0.538653 94599 1 -0.525 0.618269 472 1 1436 -0.00337938 -0.023435 0.068348 0.507336 2.29009 136.591 
0.644908 0.578247 94682 1 -0.525 0.618269 473 1 1438 -0.00319506 -0.0250737 0.071407 0.494779 2.24861 136.67 
0.612242 0.610058 94759 1 -0.525 0.618269 474 1 1440 -0.00301021 -0.0279271 0.0728211 0.458436 2.22707 136.559 
0.559347 0.607118 94839 1 -0.493229 0.628846 475 1 1442 -0.00260359 -0.0268348 0.0729409 0.480895 2.23419 136.61 
0.535528 0.602434 94919 1 -0.380729 0.670192 476 1 1444 -0.00360994 -0.0282451 0.0725742 0.460276 2.24966 136.653 
0.568125 0.609646 94960 1 -0.145833 0.766346 477 1 1445 -0.00434395 -0.0265634 0.0742511 0.489004 2.23053 136.708 
0.555016 0.602762 95001 1 0.0317708 0.772115 478 1 1446 -0.00352194 -0.027078 0.0727999 0.481225 2.25271 136.712 
0.664189 0.689961 95160 1 0.466146 0.608654 479 1 1450 -0.00350488 -0.0284981 0.0727901 0.477161 2.25874 136.773 
0.640664 0.683725 95240 1 0.660937 0.224038 480 1 1452 -0.00375065 -0.0288008 0.0715807 0.474709 2.28422 136.812 
0.629537 0.684109 95280 1 0.695313 0 481 1 1453 -0.00316655 -0.0287067 0.0707073 0.474524 2.30393 136.793 
0.586934 0.514274 95401 1 0.694792 0 482 1 1456 -0.0033319 -0.0269654 0.0733975 0.501817 2.28132 136.986 
0.578492 0.458907 95481 1 0.69375 0 483 1 1458 -0.00406877 -0.026935 0.0736286 0.500481 2.28201 137.022 
0.57391 0.451633 95561 1 0.693229 0 484 1 1460 -0.00481094 -0.0266951 0.0738594 0.496787 2.27577 137.16 
0.66318 0.783529 95601 1 0.690625 0 485 1 1461 -0.00403079 -0.0276517 0.0756737 0.479047 2.25496 137.112 
0.145453 5.91643 95641 1 0.669271 0.00288462 486 0 1462 -0.00403079 -0.0276517 0.0756737 0.479047 2.25496 137.112 
0.673995 1.15674 95762 1 0.638542 0.00673077 487 1 1465 -0.0032279 -0.0271348 0.0667905 0.498001 2.39542 137.096 
0.546911 0.664739 95841 1 0.613021 0.0105769 488 1 1467 -0.00392425 -0.0273577 0.0752311 0.502726 2.27413 137.073 
0.472692 0.50225 95922 1 0.590625 0.0278846 489 1 1469 -0.00453096 -0.0287684 0.0757922 0.454066 2.2494 136.996 
0.49261 0.492699 96002 1 0.530208 0.0394231 490 1 1471 -0.00617075 -0.0276773 0.0772494 0.463482 2.22858 137.259 
0.593853 0.430335 96125 1 0.353125 0.00865385 491 1 1474 -0.00512183 -0.0278482 0.0768352 0.432019 2.19645 136.658 
0.571891 0.333349 96242 1 0.238542 0 492 1 1477 -0.00428863 -0.0272464 0.0775239 0.414761 2.17113 136.481 
0.227077 -0.101965 96363 1 0.213542 0 493 0 1480 -0.0060739 -0.0252197 0.0865085 0.436668 2.0661 136.843 
0.160246 -0.214528 96444 1 0.203646 0.00961538 494 0 1482 -0.00763967 -0.026008 0.0894702 0.392706 2.01832 136.793 
0.0291818 -0.351633 96563 1 0.159375 0.0105769 495 0 1485 -0.00688987 -0.0296727 0.0904364 0.32029 1.99177 136.689 
-0.0388653 -0.310408 96643 1 0.136458 0.00384615 496 0 1487 -0.00581106 -0.0370742 0.0953273 0.223427 1.93567 136.869 
-0.189385 1.11719 96683 1 0.128125 0.00384615 497 1 1488 -0.0046369 -0.0368606 0.0934185 0.233995 1.96737 136.902 
0.649254 2.16325 96763 1 0.121875 0.00384615 498 0 1490 -0.00544373 -0.0336042 0.088675 0.294531 2.04141 137.15 
0.197681 0.571309 96844 1 0.113542 0.00769231 499 1 1492 -0.00298631 -0.0310221 0.0873866 0.326177 2.06963 136.998 
0.176201 0.448638 96924 1 0.109375 0.00961538 500 1 1494 -0.00414704 -0.0298536 0.084828 0.328358 2.10046 137.102 
0.262923 0.411158 97003 1 0.108854 0.0105769 501 1 1496 -0.00312965 -0.0308118 0.0829811 0.308001 2.13065 136.949 
0.298264 0.398006 97084 1 0.107813 0.0105769 502 1 1498 -0.00287754 -0.0328115 0.08366 0.296097 2.12252 136.805 
0.310538 0.34217 97164 1 0.107813 0.0105769 503 1 1500 -0.00232103 -0.0346788 0.0824504 0.304015 2.15254 136.754 
0.306087 0.299617 97285 1 0.125 0.0355769 504 1 1503 -0.00113376 -0.0350459 0.0794308 0.33243 2.1961 136.723 
0.333904 0.294431 97364 1 0.191146 0.169231 505 1 1505 -0.00119573 -0.0336077 0.079743 0.362122 2.18986 136.671 
0.353097 0.283791 97445 1 0.210938 0.205769 506 1 1507 -0.000645686 -0.0319307 0.0794147 0.390032 2.19845 136.656 
0.246143 0.126484 97525 1 0.222396 0.206731 507 1 1509 -0.0015858 -0.0316984 0.0815248 0.402059 2.1781 136.959 
0.204547 0.104815 97565 1 0.251563 0.220192 508 1 1510 -0.00334689 -0.0304479 0.0831908 0.420899 2.1437 137.105 
0.203886 0.108348 97644 1 0.271354 0.236538 509 1 1512 -0.00321929 -0.0303869 0.0831046 0.420019 2.14248 137.112 
0.207613 0.0917125 97725 1 0.277083 0.243269 510 1 1514 -0.00316345 -0.0304113 0.0832848 0.420321 2.14482 137.064 
0.112446 0.0433526 97805 1 0.277083 0.243269 511 1 1516 -0.00227553 -0.0323844 0.085352 0.396661 2.13057 136.856 
