ImageFile:
-0.659498 0.174915 91154 1 0.202604 0.138462 1 0 1195 0.074594 -0.0049704 0.117301 1.34307 -3.64948 100.028 
-0.613121 0.283667 91475 1 0.265625 0.140385 2 0 1203 0.0753618 -0.00547659 0.120635 1.33311 -3.67564 100.068 
-0.522148 0.436184 91557 1 0.448437 0.133654 3 0 1205 0.0761356 -0.00640091 0.120701 1.33251 -3.67604 100.053 
-0.476702 0.554969 91636 1 0.738542 0.128846 4 0 1207 0.0766184 -0.00486682 0.122258 1.35814 -3.68113 100.087 
-0.476702 0.554969 91636 1 0.789583 0.128846 5 0 1207 0.0766184 -0.00486682 0.122258 1.35814 -3.68113 100.087 
-0.476702 0.554969 91636 1 0.789583 0.1375 6 0 1207 0.0766184 -0.00486682 0.122258 1.35814 -3.68113 100.087 
0.349408 0.950214 91835 1 0.796354 0.178846 7 1 1212 0.0762511 -0.00182695 0.123559 1.37652 -3.70118 100.276 
0.350438 0.571611 91916 1 0.828125 0.167308 8 1 1214 0.0768468 -0.00104122 0.121534 1.37527 -3.67915 100.24 
0.341859 0.512494 91956 1 0.855729 0.1375 9 1 1215 0.0767671 -0.00254772 0.122861 1.35636 -3.68123 100.229 
0.341859 0.512494 91956 1 0.867708 0.121154 10 1 1215 0.0767671 -0.00254772 0.122861 1.35636 -3.68123 100.229 
0.360899 0.44892 92117 1 0.869792 0.120192 11 1 1219 0.0769898 -0.00375427 0.124042 1.33944 -3.67005 100.226 
-0.0767384 0.746326 92156 1 0.869792 0.120192 12 1 1220 0.0773569 -0.00205445 0.124576 1.36014 -3.67732 100.247 
-0.337211 0.850964 92237 1 0.86875 0.124038 13 0 1222 0.0770168 -0.00416211 0.126139 1.33187 -3.67979 100.269 
-0.53404 0.951218 92318 1 0.866146 0.134615 14 0 1224 0.0772711 5.80982e-005 0.126471 1.37316 -3.67254 100.319 
-0.565391 0.918163 92357 1 0.866146 0.134615 15 0 1225 0.0763507 -0.00178569 0.125378 1.35729 -3.66555 100.347 
-0.525901 0.868752 92437 1 0.866146 0.134615 16 0 1227 0.0774911 -0.00194463 0.124342 1.36621 -3.64912 100.297 
-0.578583 0.972316 92517 1 0.866146 0.134615 17 0 1229 0.0784504 -0.00206538 0.126525 1.38029 -3.67772 100.274 
-0.638741 1.23897 92557 1 0.85625 0.129808 18 0 1230 0.0779313 -0.00130063 0.122829 1.40139 -3.6381 100.291 
-0.638741 1.23897 92557 1 0.85625 0.129808 19 0 1230 0.0779313 -0.00130063 0.122829 1.40139 -3.6381 100.291 
0.234572 0.981158 92758 1 0.85625 0.129808 20 1 1235 0.0762201 -0.0008956 0.118362 1.42169 -3.57454 100.352 
0.281879 0.735757 92838 1 0.854688 0.129808 21 1 1237 0.0770322 0.000780363 0.112492 1.43008 -3.52375 100.352 
0.291143 0.711576 92878 1 0.826042 0.129808 22 1 1238 0.0763582 0.00209848 0.110876 1.43528 -3.50063 100.305 
0.291143 0.711576 92878 1 0.766667 0.177885 23 1 1238 0.0763582 0.00209848 0.110876 1.43528 -3.50063 100.305 
0.119752 0.717591 93038 1 0.626042 0.392308 24 1 1242 0.07634 -0.000211323 0.108358 1.39523 -3.4566 100.371 
0.105531 0.734791 93118 1 0.473958 0.578846 25 1 1244 0.0760271 -0.00107184 0.109281 1.39153 -3.47603 100.344 
0.108963 0.740039 93158 1 0.465104 0.567308 26 1 1245 0.0767595 -0.000259491 0.109536 1.39923 -3.4786 100.321 
0.0838831 0.778512 93279 1 0.465104 0.567308 27 1 1248 0.0761197 -0.00079604 0.110274 1.3952 -3.46792 100.314 
-0.443118 2.79097 93359 1 0.465104 0.567308 28 0 1250 0.0756558 -0.00701591 0.110949 1.33273 -3.47436 100.316 
-1.12785 7.13761 93399 1 0.465104 0.567308 29 0 1251 0.0762214 9.42901e-005 0.123168 1.40856 -3.59248 100.477 
-0.251601 2.55728 93480 1 0.45625 0.570192 30 0 1253 0.0761956 0.000772977 0.129402 1.43524 -3.66175 100.397 
-0.00252607 1.63578 93519 1 0.39375 0.609615 31 0 1254 0.077721 -0.00622301 0.129722 1.37174 -3.66989 100.386 
0.0849838 1.25359 93599 1 0.282292 0.723077 32 0 1256 0.0769238 -0.00489727 0.128278 1.37395 -3.66229 100.386 
0.0168595 1.15586 93679 1 0.219271 0.775 33 1 1258 0.0769713 -0.00536338 0.12832 1.35551 -3.6578 100.362 
-0.467971 1.36672 93721 1 0.192708 0.815385 34 0 1259 0.0767479 -0.00385842 0.127984 1.37292 -3.65123 100.377 
-0.707763 1.38901 93799 1 0.178646 0.850962 35 0 1261 0.077621 -0.00450446 0.130294 1.3722 -3.68728 100.364 
-0.857579 1.85035 93879 1 0.14375 0.896154 36 0 1263 0.0774782 -0.00201796 0.127156 1.39829 -3.64305 100.338 
-0.901439 2.41465 93960 1 0.108854 0.897115 37 0 1265 0.0759149 0.00209708 0.130093 1.43859 -3.67175 100.369 
-0.919556 2.42955 94000 1 0.0802083 0.891346 38 0 1266 0.0762414 0.00169939 0.13158 1.44196 -3.68925 100.381 
-0.925237 2.38203 94081 1 0.0703125 0.845192 39 0 1268 0.0761527 0.00251675 0.131292 1.45744 -3.70048 100.412 
-0.955325 2.41234 94120 1 0.0703125 0.799038 40 0 1269 0.0757124 0.00250411 0.132198 1.45802 -3.71447 100.402 
-0.955325 2.41234 94120 1 0.0708333 0.795192 41 0 1269 0.0757124 0.00250411 0.132198 1.45802 -3.71447 100.402 
-0.942491 2.34537 94281 1 0.0739583 0.789423 42 0 1273 0.0758712 0.00114173 0.131852 1.4416 -3.69646 100.406 
-0.954638 2.36321 94361 1 0.0901042 0.771154 43 0 1275 0.0763175 0.00137183 0.132276 1.44514 -3.69482 100.417 
-0.89026 2.79773 94401 1 0.0989583 0.764423 44 0 1276 0.0765206 0.00178702 0.133268 1.45252 -3.70602 100.404 
-2.51333 1.16661 94441 1 0.128125 0.7625 45 0 1277 0.0759245 0.00265981 0.131328 1.45606 -3.67842 100.461 
-2.51333 1.16661 94441 1 0.182812 0.771154 46 0 1277 0.0759245 0.00265981 0.131328 1.45606 -3.67842 100.461 
-1.17414 1.02159 94481 1 0.199479 0.789423 47 0 1278 0.0756634 0.00253437 0.129042 1.45112 -3.64993 100.524 
-0.939818 3.0029 94681 1 0.179688 0.816346 48 0 1283 0.0773531 -0.000738146 0.132041 1.40913 -3.70647 100.358 
-0.990591 2.96972 94721 1 0.109896 0.825962 49 0 1284 0.0772198 0.000397972 0.133453 1.43067 -3.71564 100.38 
-0.944814 2.80546 94761 1 0.000520833 0.8375 50 0 1285 0.0774655 0.000288616 0.131788 1.43481 -3.69136 100.446 
-0.944814 2.80546 94761 1 0 0.821154 51 0 1285 0.0774655 0.000288616 0.131788 1.43481 -3.69136 100.446 
-0.788802 2.61011 94962 1 0 0.821154 52 0 1290 0.0774965 0.00136219 0.134585 1.45152 -3.71162 100.49 
-0.787417 2.5953 95042 1 0 0.821154 53 0 1292 0.0773708 0.00269477 0.13527 1.46587 -3.71269 100.487 
-0.818238 2.5936 95082 1 0 0.821154 54 0 1293 0.0772667 0.00272925 0.135193 1.46583 -3.71358 100.494 
-0.818238 2.5936 95082 1 0.0078125 0.818269 55 0 1293 0.0772667 0.00272925 0.135193 1.46583 -3.71358 100.494 
-0.858304 2.58263 95122 1 0.00729167 0.811538 56 0 1294 0.0774464 0.00300919 0.136183 1.47407 -3.7325 100.473 
-0.932953 2.49801 95282 1 0.00625 0.800962 57 0 1298 0.0792939 -0.00180397 0.131272 1.44091 -3.69504 100.494 
-1.06748 2.54114 95363 1 0.000520833 0.758654 58 0 1300 0.0781301 0.000167228 0.134114 1.44532 -3.7194 100.41 
-1.01996 2.40763 95403 1 0 0.7125 59 0 1301 0.0782348 -0.000393437 0.135748 1.44565 -3.73313 100.395 
-1.01996 2.40763 95403 1 0 0.691346 60 0 1301 0.0782348 -0.000393437 0.135748 1.44565 -3.73313 100.395 
-1.10994 2.55369 95443 1 0.028125 0.668269 61 0 1302 0.0782965 0.000262477 0.136302 1.45729 -3.73794 100.406 
-1.06704 3.11442 95603 1 0.0838542 0.666346 62 0 1306 0.0774926 0.00145898 0.136405 1.46114 -3.72992 100.478 
1.28472 0.114153 95683 1 0.10625 0.686538 63 0 1308 0.0773742 0.00285953 0.133424 1.47618 -3.70139 100.465 
4.24034 4.04753 95723 1 0.111458 0.717308 64 0 1309 0.077391 0.0028725 0.133409 1.47606 -3.70155 100.467 
4.24034 4.04753 95723 1 0.103125 0.778846 65 0 1309 0.077391 0.0028725 0.133409 1.47606 -3.70155 100.467 
-1.10927 1.86214 95883 1 0.0713542 0.823077 66 0 1313 0.0771931 0.0035046 0.134332 1.4789 -3.71287 100.495 
-1.04943 2.06104 95964 1 0.0151042 0.856731 67 0 1315 0.0788794 -0.00102367 0.129894 1.43729 -3.66359 100.471 
-0.981885 2.3741 96044 1 0 0.886538 68 0 1317 0.076262 0.00263585 0.132814 1.46004 -3.68118 100.448 
-0.981885 2.3741 96044 1 0 0.941346 69 0 1317 0.076262 0.00263585 0.132814 1.46004 -3.68118 100.448 
-0.981885 2.3741 96044 1 0 0.988462 70 0 1317 0.076262 0.00263585 0.132814 1.46004 -3.68118 100.448 
-0.932658 2.34523 96245 1 0 1.01923 71 0 1322 0.0766379 0.00282209 0.135399 1.46354 -3.71998 100.472 
-1.02781 2.45512 96284 1 0 1.0375 72 0 1323 0.0765451 0.00252141 0.134936 1.45925 -3.71476 100.477 
-1.01029 2.42662 96364 1 0 1.0375 73 0 1325 0.0769327 0.00233944 0.134125 1.45556 -3.70517 100.502 
-1.01029 2.42662 96364 1 0 1.0375 74 0 1325 0.0769327 0.00233944 0.134125 1.45556 -3.70517 100.502 
-1.01029 2.42662 96364 1 0 1.0375 75 0 1325 0.0769327 0.00233944 0.134125 1.45556 -3.70517 100.502 
-1.00766 2.448 96564 1 0.00104167 1.0375 76 0 1330 0.0770252 0.00170777 0.134151 1.44462 -3.68223 100.481 
-0.996081 2.43499 96604 1 0.0046875 1.0375 77 0 1331 0.0767386 0.00199715 0.134336 1.44386 -3.68305 100.53 
-0.950854 2.49165 96646 1 0.0203125 1.0375 78 0 1332 0.0782503 -0.00149756 0.132676 1.41225 -3.66929 100.534 
-0.950854 2.49165 96646 1 0.0552083 1.0375 79 0 1332 0.0782503 -0.00149756 0.132676 1.41225 -3.66929 100.534 
-0.887772 2.65412 96685 1 0.0739583 1.03558 80 0 1333 0.0793353 -0.00184703 0.131579 1.40541 -3.66659 100.48 
-0.887772 2.65412 96685 1 0.0958333 1.01923 81 0 1333 0.0793353 -0.00184703 0.131579 1.40541 -3.66659 100.48 
-1.00032 2.46089 96846 1 0.111979 1.00385 82 0 1337 0.0767267 0.00206588 0.134177 1.44065 -3.69 100.468 
-1.00032 2.46089 96846 1 0.117708 0.990385 83 0 1337 0.0767267 0.00206588 0.134177 1.44065 -3.69 100.468 
-1.02315 2.46544 96966 1 0.125521 0.971154 84 0 1340 0.0767767 0.00316994 0.135624 1.4513 -3.71265 100.49 
-1.02315 2.46544 96966 1 0.127083 0.966346 85 0 1340 0.0767767 0.00316994 0.135624 1.4513 -3.71265 100.49 
-0.827456 2.2343 97125 1 0.127083 0.966346 86 0 1344 0.0762882 0.00325967 0.130576 1.4951 -3.64118 100.918 
-0.827456 2.2343 97125 1 0.127083 0.966346 87 0 1344 0.0762882 0.00325967 0.130576 1.4951 -3.64118 100.918 
-0.279339 1.57815 97246 1 0.110937 0.971154 88 0 1347 0.0739862 0.0192908 0.122741 1.76743 -3.55102 101.587 
-0.279339 1.57815 97246 1 0.0697917 0.976923 89 0 1347 0.0739862 0.0192908 0.122741 1.76743 -3.55102 101.587 
-0.63551 2.00085 97367 1 0.0427083 0.977885 90 0 1350 0.0752203 0.00192681 0.132873 1.48876 -3.68193 100.927 
-0.63551 2.00085 97367 1 0.0354167 0.978846 91 0 1350 0.0752203 0.00192681 0.132873 1.48876 -3.68193 100.927 
-0.63551 2.00085 97367 1 0.0322917 0.979808 92 0 1350 0.0752203 0.00192681 0.132873 1.48876 -3.68193 100.927 
-0.763322 2.19291 97526 1 0.0302083 0.981731 93 0 1354 0.0754126 -0.000781169 0.134471 1.451 -3.69013 100.848 
-0.763322 2.19291 97526 1 0.0302083 0.982692 94 0 1354 0.0754126 -0.000781169 0.134471 1.451 -3.69013 100.848 
-0.9361 2.39007 97687 1 0.0395833 0.982692 95 0 1358 0.0776733 -0.00142715 0.132113 1.43155 -3.64806 100.652 
-0.9361 2.39007 97687 1 0.0489583 0.981731 96 0 1358 0.0776733 -0.00142715 0.132113 1.43155 -3.64806 100.652 
-1.01076 2.41446 97807 1 0.0494792 0.981731 97 0 1361 0.0776029 0.00199475 0.136613 1.46336 -3.69428 100.53 
-1.01076 2.41446 97807 1 0.0505208 0.981731 98 0 1361 0.0776029 0.00199475 0.136613 1.46336 -3.69428 100.53 
-0.90661 2.20071 97967 1 0.0510417 0.981731 99 0 1365 0.0784513 -0.00105631 0.12807 1.47404 -3.61434 100.979 
-0.90661 2.20071 97967 1 0.0510417 0.981731 100 0 1365 0.0784513 -0.00105631 0.12807 1.47404 -3.61434 100.979 
-0.817723 2.03665 98088 1 0.0510417 0.981731 101 0 1368 0.0780621 0.0026623 0.127825 1.50742 -3.61775 100.923 
-0.817723 2.03665 98088 1 0.0510417 0.981731 102 0 1368 0.0780621 0.0026623 0.127825 1.50742 -3.61775 100.923 
-0.896552 2.20732 98248 1 0.0510417 0.981731 103 0 1372 0.0749591 -0.0022624 0.132527 1.44396 -3.63792 101.02 
-0.896552 2.20732 98248 1 0.0510417 0.981731 104 0 1372 0.0749591 -0.0022624 0.132527 1.44396 -3.63792 101.02 
-0.873986 5.34212 98368 1 0.0510417 0.981731 105 0 1375 0.0749591 -0.0022624 0.132527 1.44396 -3.63792 101.02 
-0.873986 5.34212 98368 1 0.0510417 0.981731 106 0 1375 0.0749591 -0.0022624 0.132527 1.44396 -3.63792 101.02 
-0.860536 4.91502 98489 1 0.0510417 0.981731 107 0 1378 0.0745789 0.00674245 0.135986 1.52386 -3.69714 100.801 
-0.860536 4.91502 98489 1 0.0510417 0.981731 108 0 1378 0.0745789 0.00674245 0.135986 1.52386 -3.69714 100.801 
-0.744659 2.63486 98649 1 0.0510417 0.981731 109 0 1382 0.0754856 0.00602 0.13746 1.51219 -3.71722 100.715 
-0.744659 2.63486 98649 1 0.0510417 0.981731 110 0 1382 0.0754856 0.00602 0.13746 1.51219 -3.71722 100.715 
-0.875892 2.60153 98769 1 0.0510417 0.981731 111 0 1385 0.0756023 0.00542737 0.137138 1.49702 -3.70087 100.65 
-0.875892 2.60153 98769 1 0.0510417 0.981731 112 0 1385 0.0756023 0.00542737 0.137138 1.49702 -3.70087 100.65 
-0.914628 2.60145 98929 1 0.0510417 0.981731 113 0 1389 0.0756491 0.00400676 0.137482 1.48119 -3.70374 100.577 
-0.914628 2.60145 98929 1 0.0510417 0.981731 114 0 1389 0.0756491 0.00400676 0.137482 1.48119 -3.70374 100.577 
-0.933528 2.56278 99049 1 0.09375 0.965385 115 0 1392 0.0774554 -0.00189268 0.133299 1.41619 -3.66375 100.695 
-0.933528 2.56278 99049 1 0.35 0.884615 116 0 1392 0.0774554 -0.00189268 0.133299 1.41619 -3.66375 100.695 
-0.933528 2.56278 99049 1 0.706771 0.779808 117 0 1392 0.0774554 -0.00189268 0.133299 1.41619 -3.66375 100.695 
-0.98554 2.71811 99210 1 0.922917 0.75 118 0 1396 0.0782656 -0.00325826 0.131363 1.38104 -3.65668 100.559 
-0.98554 2.71811 99210 1 0.929167 0.750962 119 0 1396 0.0782656 -0.00325826 0.131363 1.38104 -3.65668 100.559 
-0.774078 2.11079 99370 1 0.929167 0.750962 120 0 1400 0.0755241 -0.000413874 0.128811 1.46676 -3.5954 101.034 
-0.774078 2.11079 99370 1 0.929167 0.750962 121 0 1400 0.0755241 -0.000413874 0.128811 1.46676 -3.5954 101.034 
-0.777756 2.65482 99490 1 0.923438 0.752885 122 0 1403 0.0763947 0.00325439 0.13184 1.4872 -3.63055 100.818 
-0.777756 2.65482 99490 1 0.941667 0.714423 123 0 1403 0.0763947 0.00325439 0.13184 1.4872 -3.63055 100.818 
-0.909491 3.15038 99650 1 1.08073 0.576923 124 0 1407 0.07547 0.00693047 0.1355 1.5155 -3.67817 100.683 
-0.909491 3.15038 99650 1 1.17396 0.55 125 0 1407 0.07547 0.00693047 0.1355 1.5155 -3.67817 100.683 
-0.670554 0.432662 99771 1 1.2099 0.571154 126 0 1410 0.0723214 0.0144017 0.11999 1.69231 -3.49522 101.307 
-0.670554 0.432662 99771 1 1.22812 0.627885 127 0 1410 0.0723214 0.0144017 0.11999 1.69231 -3.49522 101.307 
-0.326564 0.462635 100091 1 1.25052 0.630769 128 0 1418 0.0717908 0.0227134 0.131395 1.82588 -3.61659 101.407 
-0.440579 0.474225 100171 1 1.29167 0.561538 129 0 1420 0.0733719 0.0182923 0.133565 1.7316 -3.644 101.172 
-0.50772 0.494952 100212 1 1.325 0.501923 130 0 1421 0.0746309 0.0141533 0.132386 1.6661 -3.6361 101.109 
-0.50772 0.494952 100212 1 1.33021 0.485577 131 0 1421 0.0746309 0.0141533 0.132386 1.6661 -3.6361 101.109 
-0.695502 0.666123 100372 1 1.33021 0.485577 132 0 1425 0.0779674 0.00294856 0.135721 1.49581 -3.68158 100.72 
-0.821633 0.767469 100452 1 1.33125 0.475 133 0 1427 0.0778133 0.000299591 0.136949 1.44353 -3.68845 100.627 
-0.854053 0.791847 100492 1 1.33281 0.467308 134 0 1428 0.0782221 -0.00134576 0.135392 1.42338 -3.67369 100.591 
-0.85247 0.768185 100532 1 1.33281 0.467308 135 0 1429 0.0786327 -0.00219627 0.135869 1.4124 -3.6789 100.608 
-0.85247 0.768185 100532 1 1.33281 0.467308 136 0 1429 0.0786327 -0.00219627 0.135869 1.4124 -3.6789 100.608 
-0.831295 0.823976 100711 1 1.33281 0.467308 137 0 1433 0.0790128 -0.0023698 0.136723 1.41981 -3.71066 100.561 
-0.814816 0.835232 100814 1 1.33281 0.467308 138 0 1436 0.0791258 -0.00229843 0.138377 1.43519 -3.72173 100.523 
-0.832657 0.821398 100854 1 1.33281 0.467308 139 0 1437 0.0793152 -0.00269318 0.138849 1.43205 -3.72049 100.526 
-0.832657 0.821398 100854 1 1.33281 0.467308 140 0 1437 0.0793152 -0.00269318 0.138849 1.43205 -3.72049 100.526 
-0.830058 0.858979 101013 1 1.33281 0.467308 141 0 1441 0.0796818 -0.00160914 0.138004 1.44372 -3.70918 100.537 
-0.840478 0.833495 101093 1 1.33281 0.467308 142 0 1443 0.0795321 -0.00250583 0.135886 1.4262 -3.68624 100.565 
-0.970288 1.013 101173 1 1.33281 0.467308 143 0 1445 0.0788148 -0.00391392 0.136394 1.40868 -3.6881 100.538 
-0.970288 1.013 101173 1 1.33281 0.467308 144 0 1445 0.0788148 -0.00391392 0.136394 1.40868 -3.6881 100.538 
-0.970288 1.013 101173 1 1.33281 0.467308 145 0 1445 0.0788148 -0.00391392 0.136394 1.40868 -3.6881 100.538 
1.14016 0.446847 101374 1 1.33281 0.467308 146 1 1450 0.0771859 -0.00161427 0.136862 1.39176 -3.69956 100.549 
1.13924 0.350895 101414 1 1.33281 0.467308 147 1 1451 0.0777025 -0.00163805 0.134521 1.38549 -3.68604 100.563 
1.18042 0.228975 101494 1 1.33281 0.467308 148 1 1453 0.0775274 -0.00128405 0.134151 1.38584 -3.6807 100.52 
1.18042 0.228975 101494 1 1.33281 0.467308 149 1 1453 0.0775274 -0.00128405 0.134151 1.38584 -3.6807 100.52 
1.17826 0.223984 101534 1 1.33281 0.467308 150 1 1454 0.0775741 -0.00198594 0.134759 1.37556 -3.68209 100.502 
1.20555 0.203839 101695 1 1.33281 0.467308 151 0 1458 0.0778058 -0.00297194 0.134018 1.37977 -3.67418 100.506 
1.20235 0.206702 101774 1 1.33281 0.467308 152 0 1460 0.0779283 -0.00203565 0.134214 1.38315 -3.68374 100.51 
1.20583 0.202831 101815 1 1.33281 0.467308 153 0 1461 0.0775187 -0.00280175 0.133033 1.37037 -3.66808 100.514 
1.20583 0.202831 101815 1 1.33281 0.467308 154 0 1461 0.0775187 -0.00280175 0.133033 1.37037 -3.66808 100.514 
1.22836 0.208148 101934 1 1.33281 0.467308 155 0 1464 0.0772733 -0.00181235 0.134036 1.37802 -3.66926 100.472 
1.18933 0.191031 102015 1 1.33281 0.467308 156 1 1466 0.0774085 -0.00529435 0.134776 1.34862 -3.67497 100.488 
1.18881 0.190279 102095 1 1.33281 0.467308 157 1 1468 0.0771111 -0.00428943 0.1348 1.35411 -3.67379 100.513 
1.20663 0.198787 102136 1 1.33281 0.467308 158 0 1469 0.0773337 -0.00377151 0.134053 1.36224 -3.67167 100.5 
1.20663 0.198787 102136 1 1.33281 0.467308 159 0 1469 0.0773337 -0.00377151 0.134053 1.36224 -3.67167 100.5 
1.20626 0.181005 102296 1 1.33281 0.467308 160 0 1473 0.0772584 -0.00380631 0.134043 1.36215 -3.67313 100.518 
1.21462 0.176931 102336 1 1.33281 0.467308 161 0 1474 0.077056 -0.00310867 0.134492 1.36876 -3.67887 100.528 
1.23554 0.195804 102416 1 1.33281 0.467308 162 0 1476 0.076881 -0.00156385 0.136319 1.38085 -3.69721 100.545 
1.23983 0.202894 102456 1 1.33281 0.467308 163 0 1477 0.0769725 -0.00204016 0.135917 1.37902 -3.69665 100.503 
1.23983 0.202894 102456 1 1.33281 0.467308 164 0 1477 0.0769725 -0.00204016 0.135917 1.37902 -3.69665 100.503 
1.23656 0.173024 102616 1 1.33281 0.467308 165 0 1481 0.0767398 -7.94734e-005 0.135083 1.3975 -3.67297 100.482 
1.21728 0.163287 102698 1 1.33281 0.467308 166 0 1483 0.0774506 -0.00136938 0.133262 1.38889 -3.64158 100.554 
1.21747 0.17326 102777 1 1.33281 0.467308 167 0 1485 0.0771223 -0.00224887 0.136328 1.38439 -3.68506 100.583 
1.21747 0.17326 102777 1 1.33281 0.467308 168 0 1485 0.0771223 -0.00224887 0.136328 1.38439 -3.68506 100.583 
1.21927 0.171744 102817 1 1.33281 0.467308 169 0 1486 0.0773877 -0.00146274 0.136132 1.39331 -3.6859 100.586 
1.2214 0.171155 102976 1 1.33281 0.467308 170 0 1490 0.0774231 -0.00255263 0.135305 1.36626 -3.66634 100.524 
1.17251 0.196266 103057 1 1.33281 0.467308 171 1 1492 0.0774538 -4.24448e-005 0.133431 1.3971 -3.64358 100.592 
0.434126 0.555622 103097 1 1.33281 0.467308 172 1 1493 0.0775142 -0.00496869 0.133471 1.34373 -3.64261 100.552 
0.434126 0.555622 103097 1 1.33281 0.467308 173 1 1493 0.0775142 -0.00496869 0.133471 1.34373 -3.64261 100.552 
0.434126 0.555622 103097 1 1.33281 0.467308 174 1 1493 0.0775142 -0.00496869 0.133471 1.34373 -3.64261 100.552 
-0.988189 1.46296 103298 1 1.33281 0.467308 175 0 1498 0.0785654 -0.00142455 0.133371 1.41726 -3.64686 100.53 
-1.03584 1.54371 103378 1 1.33281 0.467308 176 0 1500 0.0785472 -0.00331086 0.135221 1.40426 -3.6723 100.563 
-1.05393 1.55605 103418 1 1.33281 0.467308 177 0 1501 0.0782973 -0.00325258 0.134552 1.40604 -3.6651 100.594 
-1.0194 1.55223 103498 1 1.33281 0.467308 178 0 1503 0.0783494 -0.00231322 0.135664 1.42205 -3.68227 100.596 
-1.01175 1.51594 103579 1 1.33281 0.467308 179 0 1505 0.0783048 -0.00067152 0.134562 1.44633 -3.66817 100.626 
-1.03525 1.50927 103617 1 1.33281 0.467308 180 0 1506 0.0781437 -0.00141054 0.134398 1.43739 -3.66222 100.653 
-1.0883 1.51936 103658 1 1.33281 0.467308 181 0 1507 0.0778889 -0.00250676 0.134591 1.42279 -3.66145 100.659 
-1.0883 1.51936 103658 1 1.33281 0.467308 182 0 1507 0.0778889 -0.00250676 0.134591 1.42279 -3.66145 100.659 
-1.08311 1.56182 103859 1 1.33281 0.467308 183 0 1512 0.0784663 -0.00405718 0.136734 1.42732 -3.68699 100.656 
-1.06742 1.53067 103938 1 1.33281 0.467308 184 0 1514 0.0788105 -0.0015746 0.135387 1.44993 -3.67018 100.64 
-1.08806 1.54234 103979 1 1.33281 0.467308 185 0 1515 0.0791151 -0.00493173 0.134231 1.41858 -3.65638 100.639 
-1.08806 1.54234 103979 1 1.33281 0.467308 186 0 1515 0.0791151 -0.00493173 0.134231 1.41858 -3.65638 100.639 
-1.1119 1.52831 104019 1 1.33281 0.467308 187 0 1516 0.0793139 -0.00584103 0.133748 1.4076 -3.64943 100.697 
-1.14109 1.52852 104178 1 1.33281 0.467308 188 0 1520 0.0794382 -0.00512877 0.133382 1.41506 -3.63289 100.699 
-0.632944 0.668226 104260 1 1.33281 0.467308 189 0 1522 0.077965 0.000384999 0.135775 1.46551 -3.65151 100.645 
1.36679 0.110796 104299 1 1.33281 0.467308 190 0 1523 0.0774348 0.000846389 0.136498 1.47477 -3.66597 100.612 
1.36679 0.110796 104299 1 1.33281 0.467308 191 0 1523 0.0774348 0.000846389 0.136498 1.47477 -3.66597 100.612 
4.16456 1.74912 104341 1 1.33281 0.467308 192 0 1524 0.0770935 0.00131957 0.136215 1.4811 -3.66865 100.662 
-1.20694 1.71121 104540 1 1.33281 0.467308 193 0 1529 0.0774616 -0.00163726 0.139215 1.45038 -3.71546 100.586 
-1.28282 1.73352 104580 1 1.33281 0.467308 194 0 1530 0.0776129 -0.00266828 0.138872 1.44225 -3.70793 100.54 
-1.29202 1.78873 104620 1 1.33281 0.467308 195 0 1531 0.0774909 -0.0026729 0.139003 1.44235 -3.70669 100.556 
-1.29202 1.78873 104620 1 1.33281 0.467308 196 0 1531 0.0774909 -0.0026729 0.139003 1.44235 -3.70669 100.556 
-1.18822 1.61521 104661 1 1.33281 0.467308 197 0 1532 0.078673 -0.00403856 0.131222 1.43252 -3.61786 100.656 
-1.18513 1.60663 104861 1 1.33281 0.467308 198 0 1537 0.078915 -0.00756676 0.131163 1.3686 -3.62295 100.619 
-1.30855 1.70505 104941 1 1.33281 0.467308 199 0 1539 0.0768106 -0.000612434 0.138175 1.44091 -3.7024 100.569 
-1.1835 1.72019 104981 1 1.33281 0.467308 200 0 1540 0.0764216 -0.000260684 0.138648 1.44827 -3.70999 100.554 
-1.1835 1.72019 104981 1 1.33281 0.467308 201 0 1540 0.0764216 -0.000260684 0.138648 1.44827 -3.70999 100.554 
-1.17558 1.56628 105021 1 1.33281 0.467308 202 0 1541 0.0774945 -0.0026087 0.133334 1.42327 -3.64789 100.652 
0.872559 0.971562 105221 1 1.33281 0.467308 203 1 1546 0.0788645 -0.00409319 0.135087 1.37442 -3.63405 100.641 
0.930146 1.00496 105262 1 1.33281 0.467308 204 1 1547 0.0794726 -0.00306963 0.135142 1.38457 -3.64771 100.58 
0.950181 1.01089 105301 1 1.33281 0.467308 205 1 1548 0.079016 -0.00552023 0.134472 1.3554 -3.65607 100.509 
0.950181 1.01089 105301 1 1.33281 0.467308 206 1 1548 0.079016 -0.00552023 0.134472 1.3554 -3.65607 100.509 
1.00897 1.00126 105462 1 1.33281 0.467308 207 1 1552 0.0791185 -0.00530922 0.137822 1.35766 -3.69529 100.428 
1.03464 1.03767 105542 1 1.33281 0.467308 208 1 1554 0.0798136 -0.00500964 0.139467 1.37482 -3.72319 100.428 
1.02929 1.02501 105622 1 1.33281 0.467308 209 1 1556 0.0793742 -0.00655672 0.13797 1.3498 -3.70624 100.407 
0.998731 1.00637 105662 1 1.33281 0.467308 210 1 1557 0.0788792 -0.00848823 0.138365 1.32069 -3.70569 100.437 
0.994586 0.964431 105742 1 1.33281 0.467308 211 1 1559 0.0795792 -0.00616518 0.134649 1.33873 -3.64978 100.489 
1.00898 1.00051 105823 1 1.33281 0.467308 212 1 1561 0.0792979 -0.00608203 0.136121 1.34304 -3.67651 100.429 
1.019 1.0107 105862 1 1.33281 0.467308 213 1 1562 0.0795476 -0.00673953 0.136912 1.3392 -3.68886 100.383 
1.02534 1.0206 105943 1 1.33281 0.467308 214 1 1564 0.0790122 -0.00609675 0.13774 1.34912 -3.70444 100.415 
1.01633 1.01579 106022 1 1.33281 0.467308 215 1 1566 0.0791884 -0.00522379 0.136432 1.35981 -3.69166 100.443 
1.02454 1.00436 106063 1 1.33281 0.467308 216 1 1567 0.078978 -0.0056904 0.137497 1.35411 -3.69918 100.428 
1.03476 0.985593 106144 1 1.33281 0.467308 217 1 1569 0.0793551 -0.00522842 0.137227 1.3569 -3.6899 100.41 
1.00882 0.964896 106223 1 1.33281 0.467308 218 1 1571 0.0793048 -0.0042614 0.136509 1.35542 -3.67514 100.439 
1.04187 1.00613 106304 1 1.33281 0.467308 219 1 1573 0.0792229 -0.00537919 0.138401 1.34197 -3.70862 100.352 
1.02618 1.00083 106344 1 1.33281 0.467308 220 1 1574 0.0788385 -0.00385028 0.13754 1.3515 -3.69561 100.41 
1.00677 0.988188 106424 1 1.33281 0.467308 221 1 1576 0.0783908 -0.00452448 0.137255 1.34236 -3.68216 100.439 
1.03019 0.977603 106504 1 1.33281 0.467308 222 1 1578 0.0792453 -0.00447487 0.136801 1.34683 -3.67572 100.437 
1.03135 0.97471 106544 1 1.33281 0.467308 223 1 1579 0.0796648 -0.00583929 0.1371 1.33313 -3.6825 100.408 
1.01598 0.960953 106624 1 1.33281 0.467308 224 1 1581 0.0794036 -0.00381015 0.136088 1.34634 -3.6648 100.401 
1.02031 0.962912 106704 1 1.33281 0.467308 225 1 1583 0.0787684 -0.00107102 0.135289 1.36896 -3.64505 100.471 
1.01483 0.938697 106744 1 1.33281 0.467308 226 1 1584 0.0788575 -0.00226709 0.132449 1.35615 -3.61367 100.534 
1.04683 1.00405 106824 1 1.33281 0.467308 227 1 1586 0.0789478 -0.00543011 0.135716 1.32337 -3.66306 100.437 
1.03221 1.00229 106905 1 1.33281 0.467308 228 1 1588 0.0783913 -0.00489288 0.136845 1.32832 -3.68136 100.436 
1.00902 1.00796 106945 1 1.33281 0.467308 229 1 1589 0.0782832 -0.00683537 0.135267 1.30804 -3.66693 100.436 
1.00525 0.984155 107025 1 1.33281 0.467308 230 1 1591 0.0784221 -0.00434609 0.135816 1.33485 -3.6669 100.462 
0.581593 1.03745 107105 1 1.33281 0.467308 231 1 1593 0.078643 -0.00514819 0.134154 1.32903 -3.64039 100.452 
0.143523 1.01403 107145 1 1.33281 0.467308 232 1 1594 0.0778183 -0.00440226 0.133813 1.34054 -3.62958 100.539 
0.115473 0.896622 107225 1 1.33281 0.467308 233 1 1596 0.0793306 -0.0037655 0.133641 1.35118 -3.62331 100.528 
-0.680844 4.49282 107265 1 1.33281 0.467308 234 0 1597 0.0793306 -0.0037655 0.133641 1.35118 -3.62331 100.528 
0.475644 0.0834236 107345 1 1.33281 0.467308 235 0 1599 0.0774532 0.0036946 0.13585 1.43365 -3.64979 100.6 
0.130548 1.37807 107425 1 1.33281 0.467308 236 0 1601 0.0778941 -0.00234038 0.133738 1.38269 -3.63512 100.651 
0.145903 0.975919 107505 1 1.33281 0.467308 237 1 1603 0.0781102 -0.00492202 0.134759 1.34617 -3.65642 100.545 
0.127592 0.918791 107546 1 1.33281 0.467308 238 1 1604 0.0781866 -0.00287313 0.138063 1.36648 -3.69298 100.511 
0.126451 0.909059 107626 1 1.33281 0.467308 239 1 1606 0.0781866 -0.00281488 0.138185 1.36591 -3.69174 100.517 
0.125785 0.840471 107706 1 1.33281 0.467308 240 1 1608 0.078349 -0.00457827 0.135861 1.35063 -3.65697 100.578 
0.14323 0.835789 107746 1 1.33281 0.467308 241 1 1609 0.0786678 -0.00274931 0.135338 1.37399 -3.65013 100.569 
0.131337 0.830423 107826 1 1.33281 0.467308 242 1 1611 0.0791973 -0.00379625 0.136397 1.36753 -3.66768 100.591 
0.117615 0.827387 107907 1 1.33281 0.467308 243 1 1613 0.0786875 -0.00265546 0.136032 1.37666 -3.66385 100.625 
0.118939 0.827828 107947 1 1.33281 0.467308 244 1 1614 0.0788167 -0.00323371 0.135668 1.37029 -3.65883 100.604 
0.116916 0.815465 108028 1 1.33281 0.467308 245 1 1616 0.07953 -0.00392364 0.135976 1.37219 -3.65261 100.642 
0.128965 0.782359 108106 1 1.33281 0.467308 246 1 1618 0.0803392 -0.00416609 0.136065 1.37831 -3.64657 100.672 
0.148857 0.76544 108147 1 1.33281 0.467308 247 1 1619 0.07995 -0.00357765 0.134702 1.3856 -3.63272 100.657 
0.12307 0.775285 108227 1 1.33281 0.467308 248 1 1621 0.0795591 -0.00334794 0.135974 1.38684 -3.6381 100.7 
0.133641 0.763624 108267 1 1.33281 0.467308 249 1 1622 0.0800382 -0.00494038 0.134896 1.37553 -3.63222 100.684 
0.154895 0.795493 108347 1 1.33281 0.467308 250 1 1624 0.0801173 -0.003881 0.136893 1.40776 -3.65793 100.588 
0.152715 0.759944 108427 1 1.33281 0.467308 251 1 1626 0.0802172 -0.00437716 0.136604 1.40661 -3.64771 100.718 
0.152715 0.759944 108427 1 1.33281 0.467308 252 1 1626 0.0802172 -0.00437716 0.136604 1.40661 -3.64771 100.718 
0.152715 0.759944 108427 1 1.33281 0.467308 253 1 1626 0.0802172 -0.00437716 0.136604 1.40661 -3.64771 100.718 
-0.930971 0.418363 108628 1 1.33281 0.467308 254 0 1631 0.0781144 0.00127689 0.139282 1.47275 -3.68787 100.689 
-0.00204179 2.32263 108708 1 1.33281 0.467308 255 0 1633 0.0780374 0.00108877 0.138737 1.47645 -3.68166 100.732 
0.128634 1.27756 108748 1 1.33281 0.467308 256 0 1634 0.0781425 -0.00131992 0.137154 1.45488 -3.66553 100.645 
0.150453 0.901195 108830 1 1.33281 0.467308 257 1 1636 0.0785428 -0.00473873 0.138076 1.42538 -3.67864 100.588 
0.139053 0.834439 108908 1 1.33281 0.467308 258 1 1638 0.07936 -0.00961319 0.137933 1.38128 -3.68029 100.603 
0.139875 0.706945 108989 1 1.33281 0.467308 259 1 1640 0.0797115 -0.00526411 0.127562 1.41866 -3.55353 100.566 
0.14623 0.661467 109069 1 1.33281 0.467308 260 1 1642 0.0784559 -0.00228336 0.123325 1.44029 -3.50515 100.661 
0.144365 0.655714 109109 1 1.33281 0.467308 261 1 1643 0.0777664 -0.0025361 0.124514 1.43298 -3.51782 100.648 
0.0658411 0.531381 109189 1 1.33281 0.467308 262 1 1645 0.0778726 -0.000538324 0.122813 1.43886 -3.49401 100.617 
0.0707645 0.497189 109269 1 1.33281 0.467308 263 1 1647 0.0783094 -0.00273845 0.123801 1.41963 -3.51039 100.635 
0.0726561 0.50956 109309 1 1.33281 0.467308 264 1 1648 0.0774833 -0.00281848 0.123579 1.4222 -3.51308 100.639 
-0.135919 0.512607 109389 1 1.33281 0.467308 265 1 1650 0.0782747 -0.00237354 0.122732 1.43261 -3.50305 100.554 
-0.148253 0.55739 109470 1 1.33281 0.467308 266 1 1652 0.078102 -0.00410672 0.122024 1.42422 -3.48899 100.586 
-0.125875 0.579234 109510 1 1.33281 0.467308 267 1 1653 0.0775334 -0.00328475 0.124146 1.43994 -3.51898 100.606 
0.326614 0.159765 109590 1 1.33281 0.467308 268 1 1655 0.0774054 -0.00470978 0.123074 1.42741 -3.52633 100.484 
0.300508 0.0694774 109670 1 1.33281 0.467308 269 1 1657 0.0771627 -0.00887054 0.12144 1.36748 -3.50192 100.488 
0.290732 0.075831 109710 1 1.33281 0.467308 270 1 1658 0.0768482 -0.00954976 0.121432 1.36282 -3.50264 100.442 
0.261835 0.0485818 109789 1 1.33281 0.467308 271 1 1660 0.0767465 -0.0131654 0.119921 1.32876 -3.49245 100.425 
0.284111 0.0545488 109872 1 1.33281 0.467308 272 1 1662 0.0767382 -0.0110023 0.121963 1.35096 -3.52986 100.354 
0.294758 0.0324004 109910 1 1.33281 0.467308 273 1 1663 0.0768408 -0.0103509 0.123902 1.35724 -3.5543 100.379 
0.307067 0.0351585 109990 1 1.33281 0.467308 274 1 1665 0.0767015 -0.0111521 0.123769 1.33905 -3.55474 100.355 
0.216972 0.0561543 110071 1 1.33281 0.467308 275 1 1667 0.0768803 -0.0120579 0.124726 1.32691 -3.56547 100.333 
0.140943 0.0463669 110152 1 1.33281 0.467308 276 1 1669 0.0769132 -0.0124963 0.123953 1.32251 -3.55133 100.345 
0.139525 0.025881 110191 1 1.33281 0.467308 277 1 1670 0.0768541 -0.00935252 0.123746 1.35066 -3.54394 100.374 
-0.516632 0.259775 110271 1 1.33281 0.467308 278 0 1672 0.0771287 -0.0108685 0.121475 1.34768 -3.51632 100.366 
-0.482783 0.287644 110351 1 1.33281 0.467308 279 0 1674 0.0775507 -0.0108803 0.121822 1.36361 -3.51956 100.453 
-0.434793 0.295305 110391 1 1.33281 0.467308 280 0 1675 0.0771431 -0.00872173 0.122162 1.38565 -3.52415 100.506 
-0.407284 0.359135 110472 1 1.33281 0.467308 281 0 1677 0.0770913 -0.00827326 0.120471 1.38682 -3.50583 100.522 
-0.239926 0.239412 110551 1 1.33281 0.467308 282 0 1679 0.0767854 -0.0099654 0.12373 1.3575 -3.54832 100.478 
0.351807 -0.184681 110591 1 1.33281 0.467308 283 1 1680 0.0765734 -0.00883005 0.122496 1.36487 -3.53525 100.477 
0.609253 -0.202614 110671 1 1.33281 0.467308 284 0 1682 0.0762894 -0.0103236 0.122128 1.33611 -3.52626 100.429 
0.637894 -0.207159 110752 1 1.33281 0.467308 285 0 1684 0.077093 -0.00968636 0.123396 1.35414 -3.54057 100.429 
0.639209 -0.209666 110833 1 1.33281 0.467308 286 0 1686 0.07685 -0.0106792 0.122775 1.33786 -3.53761 100.425 
0.796251 0.334325 110872 1 1.33281 0.467308 287 1 1687 0.0771711 -0.0129285 0.121585 1.31197 -3.52663 100.431 
0.82089 0.466104 110952 1 1.33281 0.467308 288 1 1689 0.0770894 -0.00905516 0.118768 1.33468 -3.48747 100.502 
0.894946 0.333174 111032 1 1.33281 0.467308 289 1 1691 0.0773845 -0.00640429 0.12082 1.36444 -3.50769 100.541 
0.911493 0.240757 111114 1 1.33281 0.467308 290 1 1693 0.0776773 -0.0049715 0.122485 1.37265 -3.50734 100.534 
0.866312 0.235052 111192 1 1.33281 0.467308 291 1 1695 0.0778643 -0.0088926 0.12115 1.33853 -3.4896 100.509 
0.875499 0.215059 111233 1 1.33281 0.467308 292 1 1696 0.078289 -0.00677014 0.122482 1.35872 -3.49241 100.547 
0.895288 0.190797 111313 1 1.33281 0.467308 293 1 1698 0.0779921 -0.00429249 0.12312 1.38649 -3.49916 100.539 
1.01869 1.92646 111393 1 1.33281 0.467308 294 0 1700 0.0778086 -0.00973684 0.119789 1.33699 -3.46717 100.565 
0.394533 1.27746 111473 1 1.33281 0.467308 295 0 1702 0.0780256 0.00264346 0.123701 1.46203 -3.50389 100.737 
0.108656 1.9994 111513 1 1.33281 0.467308 296 0 1703 0.0777109 -0.00473127 0.123765 1.40274 -3.50733 100.643 
0.217632 1.36586 111553 1 1.33281 0.467308 297 0 1704 0.0777378 -0.00915119 0.121517 1.33506 -3.48479 100.572 
0.217632 1.36586 111553 1 1.33281 0.467308 298 0 1704 0.0777378 -0.00915119 0.121517 1.33506 -3.48479 100.572 
0.246787 1.00321 111714 1 1.33281 0.467308 299 1 1708 0.077701 -0.00450622 0.121062 1.38733 -3.48705 100.552 
0.179456 0.91107 111794 1 1.33281 0.467308 300 1 1710 0.0775537 -0.00499114 0.122425 1.38848 -3.50311 100.548 
0.245912 0.865004 111873 1 1.33281 0.467308 301 1 1712 0.073934 0.00263708 0.131428 1.48395 -3.63814 100.878 
0.259563 0.755211 111914 1 1.33281 0.467308 302 1 1713 0.0743043 -0.00706113 0.139362 1.40333 -3.78379 101.509 
0.137683 0.659844 111994 1 1.33281 0.467308 303 1 1715 0.0685663 -0.032051 0.141996 1.181 -3.93229 102.611 
0.186699 0.666056 112034 1 1.33281 0.467308 304 1 1716 0.0715902 -0.0211044 0.144379 1.32648 -3.99472 102.819 
0.311343 0.55116 112115 1 1.33281 0.467308 305 1 1718 0.0720935 -0.0109829 0.142347 1.48789 -4.00562 103.413 
0.399309 0.514986 112195 1 1.33281 0.467308 306 1 1720 0.0718861 0.00075921 0.147795 1.66165 -4.04076 103.939 
0.471073 0.5924 112235 1 1.33281 0.467308 307 1 1721 0.0742448 0.010845 0.156923 1.78612 -4.13317 104.038 
0.457361 0.637054 112314 1 1.33281 0.467308 308 1 1723 0.0744877 0.00665179 0.161877 1.74891 -4.19597 104.229 
0.46255 0.740248 112395 1 1.33281 0.467308 309 1 1725 0.0780665 0.00519392 0.171693 1.73691 -4.31209 104.129 
0.457752 0.836822 112475 1 1.33281 0.467308 310 1 1727 0.0793061 0.0158039 0.183832 1.84814 -4.42947 104.071 
0.0514998 0.959321 112515 1 1.33281 0.467308 311 1 1728 0.0759391 0.0119413 0.180671 1.80684 -4.40182 104.252 
-0.0281138 1.08193 112595 1 1.33281 0.467308 312 1 1730 0.0799511 0.00646248 0.197094 1.74319 -4.58711 104.014 
-0.0451847 1.37496 112675 1 1.33281 0.467308 313 0 1732 0.0851677 0.00515321 0.220061 1.72578 -4.83405 103.576 
-0.0834873 1.6637 112715 1 1.33281 0.467308 314 0 1733 0.0846415 -0.00502351 0.240484 1.63192 -5.05258 103.283 
-0.0989954 1.94634 112796 1 1.33281 0.467308 315 0 1735 0.0844966 -0.00128719 0.255006 1.66742 -5.22322 103.043 
-0.148095 2.08271 112875 1 1.33281 0.467308 316 0 1737 0.0837001 -0.00794532 0.262126 1.5996 -5.3054 103.005 
-0.173153 2.19008 112915 1 1.33281 0.467308 317 0 1738 0.0841487 -0.00871181 0.265206 1.60063 -5.3334 102.937 
-0.142434 2.38657 112996 1 1.33281 0.467308 318 0 1740 0.0906845 -0.00443746 0.274935 1.64903 -5.46071 102.754 
-0.258334 2.65719 113036 1 1.33281 0.467308 319 0 1741 0.0908584 -0.00310537 0.281067 1.65551 -5.5181 102.611 
-0.258334 2.65719 113036 1 1.33281 0.467308 320 0 1741 0.0908584 -0.00310537 0.281067 1.65551 -5.5181 102.611 
1.91605 1.17499 113196 1 1.33281 0.467308 321 0 1745 0.0891819 -0.00882406 0.302779 1.57604 -5.70515 102.152 
0.949768 0.256235 113277 1 1.33281 0.467308 322 0 1747 0.0894842 -0.0227995 0.304339 1.41807 -5.73123 102.134 
0.884357 0.347545 113357 1 1.33281 0.467308 323 0 1749 0.0918008 -0.0491553 0.31348 1.13387 -5.82877 101.829 
0.884357 0.347545 113357 1 1.33281 0.467308 324 0 1749 0.0918008 -0.0491553 0.31348 1.13387 -5.82877 101.829 
0.884357 0.347545 113357 1 1.33281 0.467308 325 0 1749 0.0918008 -0.0491553 0.31348 1.13387 -5.82877 101.829 
-0.642574 -0.703097 113516 1 1.33281 0.467308 326 0 1753 0.0881743 -0.0390008 0.31396 1.3013 -5.81231 102.388 
2.13113 2.21449 113597 1 1.33281 0.467308 327 0 1755 0.088678 -0.0283563 0.31056 1.41467 -5.79268 102.265 
0.861086 0.180996 113677 1 1.33281 0.467308 328 0 1757 0.0904385 -0.0427905 0.309262 1.24171 -5.79335 102.185 
0.861086 0.180996 113677 1 1.33281 0.467308 329 0 1757 0.0904385 -0.0427905 0.309262 1.24171 -5.79335 102.185 
0.861086 0.180996 113677 1 1.33281 0.467308 330 0 1757 0.0904385 -0.0427905 0.309262 1.24171 -5.79335 102.185 
-0.274724 -1.46583 113837 1 1.33281 0.467308 331 0 1761 0.0850464 -0.0419902 0.313099 1.25197 -5.8191 102.164 
-0.27 -1.37983 113917 1 1.33281 0.467308 332 0 1763 0.0850892 -0.0397005 0.315177 1.26701 -5.82879 102.137 
-0.261718 -1.40017 113957 1 1.33281 0.467308 333 0 1764 0.0839563 -0.0358458 0.316247 1.3182 -5.83093 102.2 
-0.261718 -1.40017 113957 1 1.33281 0.467308 334 0 1764 0.0839563 -0.0358458 0.316247 1.3182 -5.83093 102.2 
2.75179 2.88026 114118 1 1.33281 0.467308 335 0 1768 0.0874539 -0.0352024 0.310634 1.31373 -5.7871 102.134 
3.72702 6.73837 114199 1 1.33281 0.467308 336 0 1770 0.0853217 -0.0511755 0.307926 1.11761 -5.75189 101.771 
0.80195 0.232671 114239 1 1.33281 0.467308 337 1 1771 0.0799586 -0.0427748 0.296888 1.21154 -5.6296 102.186 
2.47058 3.32363 114318 1 1.33281 0.467308 338 0 1773 0.0864977 -0.0250693 0.300055 1.41534 -5.66083 102.268 
2.47058 3.32363 114318 1 1.33281 0.467308 339 0 1773 0.0864977 -0.0250693 0.300055 1.41534 -5.66083 102.268 
1.80159 1.47538 114478 1 1.33281 0.467308 340 0 1777 0.0899648 -0.0434922 0.304482 1.185 -5.73137 101.766 
1.58715 0.974485 114518 1 1.33281 0.467308 341 0 1778 0.0911252 -0.0478906 0.305526 1.14065 -5.7462 101.727 
-0.303987 -1.4291 114599 1 1.33281 0.467308 342 0 1780 0.0937782 -0.0608585 0.293852 0.978529 -5.61568 101.897 
0.904169 0.507446 114681 1 1.33281 0.467308 343 0 1782 0.0922359 -0.0639666 0.296244 0.934923 -5.64661 102.012 
0.904169 0.507446 114681 1 1.33281 0.467308 344 0 1782 0.0922359 -0.0639666 0.296244 0.934923 -5.64661 102.012 
1.47159 1.29718 114800 1 1.33281 0.467308 345 0 1785 0.0915074 -0.0666105 0.293589 0.906957 -5.62462 101.974 
1.69737 1.44458 114880 1 1.33281 0.467308 346 0 1787 0.0888182 -0.0622871 0.293587 0.95091 -5.6082 101.835 
1.66155 1.30472 114959 1 1.33281 0.467308 347 0 1789 0.0912869 -0.0491501 0.258719 1.08506 -5.19894 102.262 
1.54782 2.47078 114999 1 1.33281 0.467308 348 0 1790 0.0899323 -0.0429041 0.263406 1.15275 -5.25634 102.13 
1.54782 2.47078 114999 1 1.33281 0.467308 349 0 1790 0.0899323 -0.0429041 0.263406 1.15275 -5.25634 102.13 
2.60196 2.24087 115160 1 1.33281 0.467308 350 0 1794 0.0855753 0.0171934 0.269656 1.83486 -5.28164 101.428 
1.37866 0.532209 115240 1 1.33281 0.467308 351 0 1796 0.084474 0.0228053 0.262786 1.93201 -5.18863 101.685 
1.06474 0.159957 115280 1 1.33281 0.467308 352 0 1797 0.0841724 0.0232549 0.263025 1.94075 -5.18808 101.612 
1.94959 1.10412 115320 1 1.33281 0.467308 353 0 1798 0.084274 0.0234732 0.263445 1.94286 -5.18487 101.537 
1.94959 1.10412 115320 1 1.33281 0.467308 354 0 1798 0.084274 0.0234732 0.263445 1.94286 -5.18487 101.537 
1.40657 0.468891 115481 1 1.33281 0.467308 355 0 1802 0.0843421 0.0235135 0.263781 1.94365 -5.18155 101.516 
1.94104 1.03839 115561 1 1.33281 0.467308 356 0 1804 0.0843313 0.0235089 0.26379 1.9437 -5.18146 101.515 
2.0921 -0.145533 115602 1 1.33281 0.467308 357 0 1805 0.0811698 0.0281774 0.226765 1.99532 -4.73641 102.197 
-0.119856 2.01434 115641 1 1.33281 0.467308 358 0 1806 0.0854119 0.0301005 0.221945 2.0127 -4.67914 102.305 
-0.119856 2.01434 115641 1 1.33281 0.467308 359 0 1806 0.0854119 0.0301005 0.221945 2.0127 -4.67914 102.305 
0.0523325 1.49733 115801 1 1.33281 0.467308 360 0 1810 0.0816011 0.0276092 0.209707 1.97143 -4.551 102.156 
0.104944 1.30035 115882 1 1.33281 0.467308 361 0 1812 0.0801566 0.0318952 0.201347 2.03288 -4.45041 102.328 
0.324938 0.966399 115962 1 1.33281 0.467308 362 1 1814 0.079958 0.0368381 0.18302 2.07632 -4.22991 102.516 
0.324938 0.966399 115962 1 1.33281 0.467308 363 1 1814 0.079958 0.0368381 0.18302 2.07632 -4.22991 102.516 
0.328914 0.846732 116003 1 1.33281 0.467308 364 1 1815 0.0788336 0.0381156 0.173777 2.09159 -4.12601 102.573 
0.269394 0.757915 116163 1 1.33281 0.467308 365 1 1819 0.0784591 0.0326041 0.166134 2.04478 -4.04035 102.549 
0.0659505 0.709882 116242 1 1.33281 0.467308 366 1 1821 0.0762155 0.0234074 0.160117 1.94878 -3.971 102.625 
0.0362884 0.661628 116322 1 1.33281 0.467308 367 1 1823 0.0744496 0.0230206 0.15832 1.93692 -3.93415 102.492 
0.040708 0.66171 116363 1 1.33281 0.467308 368 1 1824 0.0744923 0.0273761 0.159266 1.97895 -3.93416 102.434 
0.0494459 0.756283 116442 1 1.33281 0.467308 369 1 1826 0.0761692 0.0269436 0.157569 1.97161 -3.90333 102.353 
0.065323 0.716609 116522 1 1.33281 0.467308 370 1 1828 0.074663 0.0274623 0.151548 1.97531 -3.83252 102.376 
0.0688685 0.719605 116563 1 1.33281 0.467308 371 1 1829 0.0752617 0.0290424 0.153343 1.9905 -3.84583 102.347 
0.108243 0.722661 116643 1 1.33281 0.467308 372 1 1831 0.076226 0.0299515 0.154399 2.01359 -3.8633 102.342 
0.119725 0.700583 116723 1 1.33281 0.467308 373 1 1833 0.0757449 0.0303214 0.153395 2.02426 -3.8467 102.347 
0.131312 0.68475 116763 1 1.33281 0.467308 374 1 1834 0.0740319 0.0324905 0.153551 2.05183 -3.8484 102.32 
0.130932 0.695476 116843 1 1.33281 0.467308 375 1 1836 0.0733849 0.0327745 0.156956 2.06173 -3.872 102.313 
0.147361 0.67265 116924 1 1.33281 0.467308 376 1 1838 0.0729187 0.0351839 0.15644 2.08731 -3.86585 102.291 
0.15951 0.65532 116963 1 1.33281 0.467308 377 1 1839 0.0717128 0.0364227 0.155043 2.10459 -3.84669 102.301 
0.191892 1.08026 117043 1 1.33281 0.467308 378 1 1841 0.0695241 0.0351695 0.154419 2.07597 -3.82816 102.302 
-0.240008 0.904852 117125 1 1.33281 0.467308 379 0 1843 0.0740882 0.0325266 0.154668 2.04079 -3.83574 102.377 
0.0888687 2.25098 117164 1 1.33281 0.467308 380 0 1844 0.074376 0.030339 0.154298 2.00558 -3.83911 102.273 
0.289736 1.10128 117244 1 1.33281 0.467308 381 1 1846 0.0737386 0.0277811 0.151469 1.97194 -3.82443 102.126 
0.247184 0.967962 117285 1 1.33281 0.467308 382 1 1847 0.0737982 0.0258996 0.149469 1.95068 -3.80023 102.112 
0.275353 0.918444 117364 1 1.33281 0.467308 383 1 1849 0.0736468 0.0223351 0.15152 1.91358 -3.81261 102.007 
0.278992 0.904389 117444 1 1.33281 0.467308 384 1 1851 0.073887 0.0250521 0.152679 1.9377 -3.81754 101.963 
0.282273 0.915511 117485 1 1.33281 0.467308 385 1 1852 0.0742428 0.0228018 0.153269 1.91582 -3.82628 101.96 
0.254836 0.894995 117564 1 1.33281 0.467308 386 1 1854 0.074863 0.0211697 0.152239 1.89068 -3.81653 101.988 
0.259916 0.921672 117644 1 1.33281 0.467308 387 1 1856 0.0751256 0.0227512 0.154026 1.90691 -3.83663 101.878 
-0.233466 1.93694 117725 1 1.33281 0.467308 388 0 1858 0.0757406 0.0199597 0.151696 1.88162 -3.8185 101.925 
-4.47124 -0.812309 117765 1 1.33281 0.467308 389 0 1859 0.0750921 0.0205837 0.14501 1.87273 -3.74853 102.017 
0.0429754 1.69849 117846 1 1.33281 0.467308 390 0 1861 0.0747843 0.0186855 0.148932 1.85231 -3.79302 101.849 
0.0688535 1.0835 117886 1 1.33281 0.467308 391 1 1862 0.0753313 0.0174576 0.149531 1.84586 -3.8009 101.838 
0.136471 0.55739 117965 1 1.33281 0.467308 392 1 1864 0.0759761 0.0157966 0.146997 1.83466 -3.77693 101.807 
0.149053 0.426709 118046 1 1.33281 0.467308 393 1 1866 0.0754121 0.017535 0.151756 1.84973 -3.81825 101.739 
0.132387 0.358769 118086 1 1.33281 0.467308 394 1 1867 0.0754348 0.0197488 0.151146 1.86764 -3.80982 101.702 
0.103207 0.336306 118166 1 1.33281 0.467308 395 1 1869 0.0746549 0.0189462 0.151016 1.85893 -3.81177 101.705 
0.0709019 0.363429 118246 1 1.33281 0.467308 396 1 1871 0.0750829 0.0160841 0.149828 1.8298 -3.80798 101.652 
0.0641494 0.360417 118286 1 1.33281 0.467308 397 1 1872 0.0751503 0.0131399 0.149145 1.79919 -3.80565 101.624 
0.0584301 0.353396 118366 1 1.33281 0.467308 398 1 1874 0.0757891 0.0137053 0.148931 1.80476 -3.80226 101.59 
0.0846992 0.373239 118447 1 1.33281 0.467308 399 1 1876 0.0758363 0.0097872 0.150319 1.75421 -3.81332 101.505 
0.0742363 0.377314 118487 1 1.33281 0.467308 400 1 1877 0.0763265 0.00913837 0.149954 1.74484 -3.80463 101.461 
0.0545872 0.36625 118567 1 1.33281 0.467308 401 1 1879 0.0769203 0.00624886 0.148625 1.70732 -3.79098 101.448 
0.0391396 0.399189 118647 1 1.33281 0.467308 402 1 1881 0.076138 0.00387164 0.148339 1.66806 -3.78778 101.42 
0.0377434 0.433532 118687 1 1.33281 0.467308 403 1 1882 0.0764741 0.00444883 0.149609 1.67466 -3.80539 101.37 
0.00437212 0.431921 118767 1 1.33281 0.467308 404 1 1884 0.0771537 0.000398961 0.149371 1.64216 -3.81245 101.329 
-0.0854596 0.340401 118847 1 1.33281 0.467308 405 1 1886 0.0773263 0.00216092 0.14734 1.65794 -3.79458 101.35 
-0.105919 0.363752 118887 1 1.33281 0.467308 406 1 1887 0.0766956 -2.5996e-005 0.14948 1.63399 -3.81683 101.327 
-0.111306 0.363113 118968 1 1.33281 0.467308 407 1 1889 0.0768559 -0.000378468 0.148523 1.62775 -3.80706 101.306 
-0.367703 0.538722 119047 1 1.33281 0.467308 408 0 1891 0.0769381 0.00193679 0.145768 1.65437 -3.78273 101.347 
-0.356388 0.489042 119087 1 1.33281 0.467308 409 0 1892 0.0766612 0.00198942 0.144791 1.64859 -3.7666 101.372 
-0.356388 0.489042 119087 1 1.33281 0.467308 410 0 1892 0.0766612 0.00198942 0.144791 1.64859 -3.7666 101.372 
-0.392231 0.558881 119248 1 1.33281 0.467308 411 0 1896 0.0766 0.00100319 0.147091 1.6358 -3.78597 101.322 
-0.435713 0.676715 119288 1 1.33281 0.467308 412 0 1897 0.0774707 0.00271758 0.146104 1.65671 -3.78317 101.353 
-0.443736 0.717156 119368 1 1.33281 0.467308 413 0 1899 0.0777122 -1.33586e-005 0.148039 1.63511 -3.80537 101.311 
-0.481459 0.760021 119409 1 1.33281 0.467308 414 0 1900 0.0782428 0.00056185 0.146294 1.6371 -3.78807 101.293 
-0.481459 0.760021 119409 1 1.33281 0.467308 415 0 1900 0.0782428 0.00056185 0.146294 1.6371 -3.78807 101.293 
-0.468447 0.672086 119568 1 1.33281 0.467308 416 0 1904 0.077497 -0.00101612 0.145834 1.62148 -3.77084 101.29 
-0.437386 0.639604 119649 1 1.33281 0.467308 417 0 1906 0.0775245 0.00244826 0.146501 1.64193 -3.77401 101.303 
-0.449606 0.605615 119689 1 1.33281 0.467308 418 0 1907 0.0769937 0.00290396 0.143891 1.64204 -3.74952 101.315 
-0.422146 0.598709 119729 1 1.33281 0.467308 419 0 1908 0.0762532 -0.000222399 0.145255 1.61162 -3.76743 101.248 
-0.422146 0.598709 119729 1 1.33281 0.467308 420 0 1908 0.0762532 -0.000222399 0.145255 1.61162 -3.76743 101.248 
-0.131741 0.341361 119889 1 1.33281 0.467308 421 1 1912 0.0766919 -0.00212925 0.14314 1.59442 -3.74889 101.234 
-0.106881 0.387498 119969 1 1.33281 0.467308 422 1 1914 0.0770664 -0.000175723 0.144165 1.61503 -3.76115 101.254 
-0.00323637 0.35921 120049 1 1.33281 0.467308 423 1 1916 0.0767611 0.00022861 0.141096 1.61762 -3.73518 101.263 
0.0171249 0.345128 120089 1 1.33281 0.467308 424 1 1917 0.0764234 -0.000449831 0.141799 1.60559 -3.73464 101.267 
0.0213908 0.359987 120170 1 1.33281 0.467308 425 1 1919 0.0762111 0.000710619 0.144164 1.60115 -3.75053 101.227 
0.0526649 0.369268 120250 1 1.33281 0.467308 426 1 1921 0.0763634 0.000206491 0.144887 1.59326 -3.75786 101.228 
0.315592 0.255328 120289 1 1.33281 0.467308 427 1 1922 0.0765866 -0.00122621 0.142421 1.58131 -3.73565 101.231 
0.345362 0.275052 120370 1 1.33281 0.467308 428 1 1924 0.0762874 -0.00126407 0.142008 1.58145 -3.73972 101.204 
0.350519 0.267526 120450 1 1.33281 0.467308 429 1 1926 0.0766157 -0.00239273 0.140554 1.56716 -3.72495 101.215 
1.05256 2.6836 120530 1 1.33281 0.467308 430 0 1928 0.0763454 -0.000676626 0.14003 1.58504 -3.72021 101.246 
-0.634006 0.968325 120571 1 1.33281 0.467308 431 0 1929 0.0752164 -0.000589481 0.137865 1.57856 -3.68328 101.325 
0.295293 1.06399 120650 1 1.33281 0.467308 432 1 1931 0.0765893 2.76723e-005 0.145131 1.59068 -3.75526 101.264 
0.37035 0.595355 120731 1 1.33281 0.467308 433 1 1933 0.0760931 0.00028531 0.144036 1.59106 -3.74209 101.243 
0.375578 0.585878 120770 1 1.33281 0.467308 434 1 1934 0.0761637 0.000299097 0.144004 1.59097 -3.74239 101.241 
0.36465 0.365354 120851 1 1.33281 0.467308 435 1 1936 0.0774239 -0.000237634 0.142683 1.59487 -3.73784 101.182 
0.357852 0.284632 120931 1 1.33281 0.467308 436 1 1938 0.0774399 0.000352861 0.139645 1.59525 -3.70775 101.255 
0.362867 0.270809 120971 1 1.33281 0.467308 437 1 1939 0.0768768 0.000374034 0.140003 1.59652 -3.71742 101.249 
0.371731 0.240473 121051 1 1.33281 0.467308 438 1 1941 0.0766846 -7.12033e-006 0.13909 1.59192 -3.7065 101.264 
0.367153 0.233153 121131 1 1.33281 0.467308 439 1 1943 0.0767897 0.00179192 0.137981 1.61118 -3.70185 101.253 
0.362806 0.239359 121171 1 1.33281 0.467308 440 1 1944 0.0767343 0.00111862 0.138527 1.60409 -3.70012 101.239 
0.348193 0.246657 121251 1 1.33281 0.467308 441 1 1946 0.0766559 0.00175805 0.142996 1.60798 -3.7371 101.201 
0.354516 0.253284 121332 1 1.33281 0.467308 442 1 1948 0.0769104 0.00297178 0.143537 1.61308 -3.73401 101.179 
0.337982 0.244709 121371 1 1.33281 0.467308 443 1 1949 0.0759423 -0.000422408 0.142121 1.57729 -3.72283 101.235 
0.362923 0.233704 121452 1 1.33281 0.467308 444 1 1951 0.0765145 -0.000444603 0.141879 1.57806 -3.72545 101.227 
0.35652 0.204516 121532 1 1.33281 0.467308 445 1 1953 0.0762968 0.000504433 0.139962 1.582 -3.69957 101.252 
0.355833 0.203402 121572 1 1.33281 0.467308 446 1 1954 0.0763372 0.000530727 0.139982 1.5817 -3.69937 101.253 
0.354753 0.185394 121652 1 1.33281 0.467308 447 1 1956 0.0766417 0.000665802 0.140311 1.58014 -3.69606 101.251 
0.369246 0.186712 121733 1 1.33281 0.467308 448 1 1958 0.0781335 0.000585815 0.140541 1.58165 -3.69374 101.266 
0.333015 0.322362 121773 1 1.33281 0.467308 449 1 1959 0.077831 -0.00049336 0.141967 1.57331 -3.70633 101.253 
0.325608 0.31642 121853 1 1.33281 0.467308 450 1 1961 0.0773959 -0.000761829 0.142139 1.56695 -3.68233 101.263 
0.352648 0.368494 121893 1 1.33281 0.467308 451 1 1962 0.0792412 0.0033657 0.146468 1.61639 -3.73072 101.234 
0.36651 0.355476 121972 1 1.33281 0.467308 452 1 1964 0.0792299 0.000595239 0.145372 1.60607 -3.72204 101.174 
0.601715 1.99928 122053 1 1.33281 0.467308 453 0 1966 0.0794062 -0.000707706 0.14917 1.58982 -3.75665 101.192 
-0.403046 0.835298 122134 1 1.33281 0.467308 454 0 1968 0.0769051 -0.0011613 0.145069 1.57598 -3.7046 101.291 
0.213866 1.68434 122174 1 1.33281 0.467308 455 0 1969 0.0792404 0.00119799 0.149586 1.60703 -3.75686 101.236 
0.332722 0.787893 122254 1 1.33281 0.467308 456 1 1971 0.078824 0.00186831 0.147968 1.61507 -3.74387 101.17 
0.345349 0.49008 122334 1 1.33281 0.467308 457 1 1973 0.0784805 0.00132647 0.147141 1.59758 -3.713 101.177 
0.321573 0.378011 122374 1 1.33281 0.467308 458 1 1974 0.0762923 0.000631305 0.142661 1.58297 -3.6626 101.169 
0.321495 0.377698 122454 1 1.33281 0.467308 459 1 1976 0.0762962 0.000633782 0.142666 1.58294 -3.66255 101.169 
0.358948 0.32058 122534 1 1.33281 0.467308 460 1 1978 0.0764051 0.000549186 0.142099 1.58369 -3.66855 101.181 
0.396119 0.21088 122574 1 1.33281 0.467308 461 1 1979 0.0775321 0.00158428 0.145449 1.59612 -3.70809 101.227 
0.373889 0.137805 122654 1 1.33281 0.467308 462 1 1981 0.0763048 -0.000258817 0.14216 1.57039 -3.67039 101.205 
0.382989 0.136063 122735 1 1.33281 0.467308 463 1 1983 0.0772047 0.000549007 0.143615 1.57719 -3.67514 101.18 
0.374416 0.14701 122774 1 1.33281 0.467308 464 1 1984 0.0771891 0.00268343 0.14609 1.59741 -3.69286 101.137 
0.314909 0.252358 122855 1 1.33281 0.467308 465 1 1986 0.0767404 0.000670735 0.142654 1.57287 -3.65719 101.196 
0.314909 0.252358 122855 1 1.33281 0.467308 466 1 1986 0.0767404 0.000670735 0.142654 1.57287 -3.65719 101.196 
0.308534 0.268907 122895 1 1.33281 0.467308 467 1 1987 0.0767768 0.002237 0.142675 1.58344 -3.65025 101.261 
0.268566 0.284743 123055 1 1.33281 0.467308 468 1 1991 0.0755515 -0.00151417 0.140804 1.55086 -3.64314 101.364 
0.266161 0.259727 123135 1 1.33281 0.467308 469 1 1993 0.0754669 -0.00113965 0.141101 1.55123 -3.64166 101.509 
0.301279 0.277313 123175 1 1.33281 0.467308 470 1 1994 0.076942 0.000396927 0.142161 1.56826 -3.65148 101.503 
0.479882 2.05987 123255 1 1.33281 0.467308 471 0 1996 0.0775227 0.00203233 0.145092 1.58506 -3.68471 101.493 
0.344556 2.84959 123295 1 1.33281 0.467308 472 0 1997 0.0778198 0.00107567 0.147356 1.57757 -3.71388 101.469 
0.311077 1.0861 123376 1 1.33281 0.467308 473 1 1999 0.076058 1.23263e-005 0.143197 1.5607 -3.67096 101.438 
0.29699 0.50525 123456 1 1.33281 0.467308 474 1 2001 0.0763684 0.000740927 0.144951 1.56866 -3.69093 101.32 
0.285711 0.428999 123536 1 1.33281 0.467308 475 1 2003 0.0765502 -0.000853983 0.144546 1.5544 -3.68672 101.287 
0.300488 0.425868 123576 1 1.33281 0.467308 476 1 2004 0.0768745 -0.000437899 0.144708 1.56261 -3.69066 101.27 
0.31048 0.377981 123656 1 1.33281 0.467308 477 1 2006 0.0762011 0.000543571 0.14256 1.56641 -3.66523 101.324 
0.268155 0.433794 123737 1 1.33281 0.467308 478 1 2008 0.0758787 0.000502678 0.141997 1.56214 -3.65749 101.356 
0.273086 0.426 123777 1 1.33281 0.467308 479 1 2009 0.0763521 -0.000179941 0.142927 1.55309 -3.66221 101.37 
0.293511 0.413911 123857 1 1.33281 0.467308 480 1 2011 0.0761999 0.00244217 0.140266 1.58251 -3.62873 101.383 
0.284544 0.395885 123937 1 1.33281 0.467308 481 1 2013 0.0762911 0.00371274 0.140658 1.59493 -3.62887 101.467 
0.295231 0.40046 123977 1 1.33281 0.467308 482 1 2014 0.0761778 0.00256977 0.140615 1.5853 -3.62728 101.445 
0.302386 0.381566 124057 1 1.33281 0.467308 483 1 2016 0.0759329 0.00419533 0.140141 1.60019 -3.62091 101.477 
0.303921 0.40091 124137 1 1.33281 0.467308 484 1 2018 0.0772203 0.000556159 0.141172 1.57373 -3.63421 101.419 
0.302748 0.394719 124177 1 1.33281 0.467308 485 1 2019 0.077783 0.00237755 0.140086 1.59104 -3.61968 101.458 
0.31145 0.38585 124258 1 1.33281 0.467308 486 1 2021 0.076979 0.00119931 0.139847 1.57767 -3.61918 101.514 
0.31145 0.38585 124298 1 1.33281 0.467308 487 1 2022 0.076979 0.00119931 0.139847 1.57767 -3.61918 101.514 
0.346411 0.33185 124378 1 1.33281 0.467308 488 1 2024 0.0761883 0.0012727 0.138476 1.57583 -3.61856 101.517 
0.351566 0.350468 124458 1 1.33281 0.467308 489 1 2026 0.0765972 0.000439362 0.138849 1.56914 -3.62419 101.433 
0.369525 0.354987 124497 1 1.33281 0.467308 490 1 2027 0.0771952 0.00360156 0.139733 1.59727 -3.62907 101.433 
0.361755 0.35957 124578 1 1.33281 0.467308 491 1 2029 0.0773358 0.00317469 0.141547 1.5945 -3.6456 101.419 
0.35748 0.359536 124657 1 1.33281 0.467308 492 1 2031 0.0773363 0.00499117 0.140253 1.61267 -3.6294 101.408 
0.348105 0.39301 124738 1 1.33281 0.467308 493 1 2033 0.0782403 0.00232438 0.141347 1.59235 -3.65515 101.394 
0.343405 0.386199 124778 1 1.33281 0.467308 494 1 2034 0.0776985 0.00240785 0.141449 1.59137 -3.65392 101.405 
0.341043 0.374083 124858 1 1.33281 0.467308 495 1 2036 0.0772996 0.00311307 0.140697 1.59586 -3.64191 101.384 
0.33792 0.381496 124939 1 1.33281 0.467308 496 1 2038 0.078006 0.00395419 0.143402 1.60776 -3.65956 101.343 
0.330606 0.352409 124978 1 1.33281 0.467308 497 1 2039 0.0773192 0.00237354 0.139252 1.59008 -3.6155 101.354 
0.366603 0.381125 125058 1 1.33281 0.467308 498 1 2041 0.0778949 0.00364989 0.143019 1.60705 -3.65507 101.308 
0.400641 0.337432 125139 1 1.33281 0.467308 499 1 2043 0.0780084 0.00389776 0.140168 1.60191 -3.6114 101.367 
0.336185 0.388351 125179 1 1.33281 0.467308 500 1 2044 0.0771755 0.00305401 0.138095 1.59102 -3.59207 101.414 
0.336763 0.409947 125259 1 1.33281 0.467308 501 1 2046 0.0767193 0.00114195 0.138233 1.57423 -3.60202 101.348 
0.340933 0.452539 125339 1 1.33281 0.467308 502 1 2048 0.0773493 0.00351016 0.140299 1.5895 -3.62382 101.341 
0.275565 0.73323 125379 1 1.33281 0.467308 503 1 2049 0.0766666 0.00291363 0.137732 1.57787 -3.59599 101.369 
0.305781 0.751057 125459 1 1.33281 0.467308 504 1 2051 0.076992 0.0037489 0.139361 1.58732 -3.60959 101.366 
0.301835 0.799601 125540 1 1.33281 0.467308 505 1 2053 0.0761272 0.00326022 0.139162 1.58296 -3.62475 101.353 
0.296981 0.776671 125579 1 1.33281 0.467308 506 1 2054 0.0762552 0.00215672 0.138027 1.56937 -3.60617 101.318 
0.286014 0.75463 125660 1 1.33281 0.467308 507 1 2056 0.0765739 0.00297748 0.137589 1.5741 -3.5939 101.334 
0.261596 0.832272 125740 1 1.33281 0.467308 508 1 2058 0.0766163 0.00151485 0.135502 1.56035 -3.56128 101.371 
0.271682 0.847361 125780 1 1.33281 0.467308 509 1 2059 0.077059 0.00149639 0.135507 1.56092 -3.56149 101.393 
0.313185 0.896353 125860 1 1.33281 0.467308 510 1 2061 0.0769345 0.0026312 0.137708 1.57561 -3.59301 101.382 
0.273031 1.01655 125941 1 1.33281 0.467308 511 1 2063 0.07681 0.0055333 0.137514 1.6023 -3.58084 101.427 
0.273031 1.01655 125941 1 1.33281 0.467308 512 1 2063 0.07681 0.0055333 0.137514 1.6023 -3.58084 101.427 
0.273031 1.01655 125941 1 1.33281 0.467308 513 1 2063 0.07681 0.0055333 0.137514 1.6023 -3.58084 101.427 
-1.15463 -0.0334849 126141 1 1.33281 0.467308 514 0 2068 0.0756663 0.0032772 0.132193 1.57418 -3.51522 101.491 
-0.993586 0.72006 126181 1 1.33281 0.467308 515 0 2069 0.0761067 0.00396304 0.132243 1.58204 -3.51827 101.49 
0.307634 1.44976 126261 1 1.33281 0.467308 516 0 2071 0.0765441 0.00444761 0.133946 1.59546 -3.53456 101.495 
0.274446 1.17742 126341 1 1.33281 0.467308 517 1 2073 0.077077 0.00264834 0.13704 1.58169 -3.57791 101.391 
0.249803 1.15658 126381 1 1.33281 0.467308 518 1 2074 0.0776896 0.000958525 0.138774 1.56719 -3.59478 101.364 
0.26364 1.12185 126462 1 1.33281 0.467308 519 1 2076 0.0774454 0.0018969 0.138321 1.57031 -3.58376 101.386 
0.28293 1.08366 126502 1 1.33281 0.467308 520 1 2077 0.0776832 0.0028795 0.137005 1.57814 -3.56406 101.416 
0.286195 1.05812 126582 1 1.33281 0.467308 521 1 2079 0.0768582 0.004558 0.136444 1.59613 -3.55169 101.444 
0.294975 1.06423 126662 1 1.33281 0.467308 522 1 2081 0.076945 0.00282925 0.138059 1.5809 -3.57739 101.376 
0.269099 1.05623 126702 1 1.33281 0.467308 523 1 2082 0.0772694 0.00184219 0.138392 1.57141 -3.57248 101.381 
0.251038 1.00413 126782 1 1.33281 0.467308 524 1 2084 0.0761159 0.0013983 0.135751 1.55873 -3.53584 101.421 
0.264338 1.23694 126862 1 1.33281 0.467308 525 0 2086 0.0770132 0.00313994 0.138527 1.58157 -3.56266 101.406 
0.28626 1.18222 126942 1 1.33281 0.467308 526 1 2088 0.0771746 0.0023449 0.135587 1.58014 -3.5472 101.46 
0.278228 1.18372 126983 1 1.33281 0.467308 527 1 2089 0.0769196 0.00347466 0.137188 1.5915 -3.56588 101.402 
0.218589 1.21049 127064 1 1.33281 0.467308 528 0 2091 0.0773941 0.00302825 0.137623 1.58464 -3.55737 101.444 
0.222975 1.21743 127143 1 1.33281 0.467308 529 0 2093 0.0779726 0.00101109 0.139084 1.57217 -3.5634 101.394 
-0.0349458 2.77298 127223 1 1.33281 0.467308 530 0 2095 0.077352 0.00166075 0.138093 1.57312 -3.54424 101.427 
-1.26576 -0.0950254 127263 1 1.33281 0.467308 531 0 2096 0.0778839 -0.00381455 0.138294 1.5097 -3.54464 101.42 
0.0861081 2.67397 127343 1 1.33281 0.467308 532 0 2098 0.0778473 0.000332045 0.139072 1.55288 -3.55237 101.428 
0.269527 1.72675 127383 1 1.33281 0.467308 533 0 2099 0.0790351 0.000952481 0.139707 1.56439 -3.55787 101.421 
0.225685 1.27175 127463 1 1.33281 0.467308 534 0 2101 0.07852 -0.00247952 0.1395 1.52872 -3.56572 101.411 
0.225685 1.27175 127463 1 1.33281 0.467308 535 0 2101 0.07852 -0.00247952 0.1395 1.52872 -3.56572 101.411 
0.217709 1.19017 127584 1 1.33281 0.467308 536 1 2104 0.0788201 -0.00137865 0.141943 1.55332 -3.58497 101.332 
0.248674 1.17445 127664 1 1.33281 0.467308 537 1 2106 0.0788409 -0.000236337 0.142134 1.57099 -3.5839 101.343 
0.245614 1.14788 127745 1 1.33281 0.467308 538 1 2108 0.0779522 0.000253542 0.141627 1.57607 -3.58448 101.385 
0.259759 1.10353 127784 1 1.33281 0.467308 539 1 2109 0.0782865 0.00013462 0.140318 1.5748 -3.57457 101.383 
0.259759 1.10353 127784 1 1.33281 0.467308 540 1 2109 0.0782865 0.00013462 0.140318 1.5748 -3.57457 101.383 
0.253027 1.12584 127944 1 1.33281 0.467308 541 1 2113 0.0776817 0.00116389 0.14533 1.57749 -3.59936 101.338 
0.245045 1.06547 128025 1 1.33281 0.467308 542 1 2115 0.0785418 0.0030159 0.147102 1.60553 -3.61152 101.342 
0.249721 1.00011 128105 1 1.33281 0.467308 543 1 2117 0.0775076 0.00348395 0.145501 1.61266 -3.60588 101.397 
0.249242 0.982921 128145 1 1.33281 0.467308 544 1 2118 0.077028 0.00434586 0.144779 1.61799 -3.59605 101.386 
0.256366 0.985427 128225 1 1.33281 0.467308 545 1 2120 0.0776063 0.00438067 0.147434 1.61838 -3.6217 101.376 
0.394858 2.28023 128305 1 1.33281 0.467308 546 0 2122 0.0780785 0.00389775 0.144222 1.61384 -3.58758 101.397 
-1.14811 -0.341896 128346 1 1.33281 0.467308 547 0 2123 0.0776237 -0.00128165 0.144177 1.5471 -3.57701 101.349 
0.219647 2.29198 128425 1 1.33281 0.467308 548 0 2125 0.0773479 -0.000213965 0.145241 1.54873 -3.59456 101.346 
0.216564 1.48129 128506 1 1.33281 0.467308 549 0 2127 0.0767323 0.000227674 0.144488 1.5412 -3.58378 101.344 
0.177468 1.38007 128546 1 1.33281 0.467308 550 0 2128 0.0769708 -0.000168626 0.14486 1.53567 -3.59324 101.354 
-0.14381 1.32347 128626 1 1.33281 0.467308 551 0 2130 0.0772366 0.000500383 0.145312 1.55782 -3.59507 101.338 
-0.1789 1.28856 128666 1 1.33281 0.467308 552 0 2131 0.0776019 4.89834e-005 0.146331 1.55286 -3.60097 101.314 
-0.1789 1.28856 128666 1 1.33281 0.467308 553 0 2131 0.0776019 4.89834e-005 0.146331 1.55286 -3.60097 101.314 
-0.224063 1.23769 128826 1 1.33281 0.467308 554 0 2135 0.0770504 -0.0020318 0.144231 1.52574 -3.5863 101.349 
-0.213709 1.19408 128906 1 1.33281 0.467308 555 0 2137 0.0772555 -0.00134734 0.141941 1.53895 -3.57507 101.327 
-0.221059 1.19043 128946 1 1.33281 0.467308 556 0 2138 0.0770397 0.000163379 0.141433 1.5544 -3.56613 101.323 
-0.21456 1.1736 128986 1 1.33281 0.467308 557 0 2139 0.0764346 -0.000223142 0.14131 1.54859 -3.56391 101.371 
-0.21456 1.1736 128986 1 1.33281 0.467308 558 0 2139 0.0764346 -0.000223142 0.14131 1.54859 -3.56391 101.371 
-0.342913 1.26115 129147 1 1.33281 0.467308 559 0 2143 0.0771705 -0.00207154 0.140847 1.53531 -3.57008 101.364 
-0.396017 1.01857 129227 1 1.33281 0.467308 560 0 2145 0.0771277 -0.00243374 0.139566 1.53301 -3.56243 101.337 
-0.446243 0.928472 129307 1 1.33281 0.467308 561 0 2147 0.0768505 -0.000853585 0.139987 1.54915 -3.56004 101.341 
-0.446243 0.928472 129307 1 1.33281 0.467308 562 0 2147 0.0768505 -0.000853585 0.139987 1.54915 -3.56004 101.341 
-0.446243 0.928472 129307 1 1.33281 0.467308 563 0 2147 0.0768505 -0.000853585 0.139987 1.54915 -3.56004 101.341 
-0.432374 0.821224 129507 1 1.33281 0.467308 564 0 2152 0.0771013 0.00209733 0.140631 1.58272 -3.55795 101.392 
-0.437043 0.802958 129548 1 1.33281 0.467308 565 0 2153 0.0764625 0.00140706 0.140519 1.57478 -3.55889 101.392 
-0.431763 0.80269 129627 1 1.33281 0.467308 566 0 2155 0.0761541 0.000656587 0.141939 1.56995 -3.57431 101.388 
-0.431763 0.80269 129627 1 1.33281 0.467308 567 0 2155 0.0761541 0.000656587 0.141939 1.56995 -3.57431 101.388 
-0.419798 0.776192 129667 1 1.33281 0.467308 568 0 2156 0.0763989 -0.000390307 0.140327 1.55717 -3.56454 101.39 
-0.121486 0.662209 129828 1 1.33281 0.467308 569 1 2160 0.0764523 0.000907408 0.139909 1.57652 -3.56472 101.382 
-0.02005 0.684998 129908 1 1.33281 0.467308 570 1 2162 0.0771242 0.00119978 0.141067 1.57738 -3.57376 101.385 
-0.0199619 0.705801 129948 1 1.33281 0.467308 571 1 2163 0.0767346 0.000775441 0.140854 1.57183 -3.57093 101.395 
-0.0199619 0.705801 129948 1 1.33281 0.467308 572 1 2163 0.0767346 0.000775441 0.140854 1.57183 -3.57093 101.395 
0.357543 1.92526 130108 1 1.33281 0.467308 573 0 2167 0.0771293 0.000463245 0.142899 1.5583 -3.57773 101.36 
0.617953 0.963506 130189 1 1.33281 0.467308 574 1 2169 0.077035 -0.000652219 0.141922 1.53244 -3.57102 101.353 
0.559848 0.755566 130229 1 1.33281 0.467308 575 1 2170 0.0772294 0.000266556 0.143786 1.54098 -3.58952 101.318 
0.583283 0.624123 130308 1 1.33281 0.467308 576 1 2172 0.07702 0.00321902 0.141757 1.57041 -3.57951 101.342 
0.59368 0.572084 130388 1 1.33281 0.467308 577 1 2174 0.076847 0.00425254 0.140417 1.58098 -3.56575 101.35 
0.595661 0.563957 130429 1 1.33281 0.467308 578 1 2175 0.0768167 0.00425496 0.140493 1.58084 -3.56496 101.358 
0.913921 0.348937 130509 1 1.33281 0.467308 579 1 2177 0.0772637 0.000920443 0.139998 1.54821 -3.562 101.332 
1.03364 0.224295 130589 1 1.33281 0.467308 580 1 2179 0.0773355 0.00101538 0.139164 1.54724 -3.54595 101.382 
1.09688 0.206778 130630 1 1.33281 0.467308 581 1 2180 0.0779258 0.0015918 0.139601 1.55718 -3.55273 101.345 
1.08967 0.195919 130709 1 1.33281 0.467308 582 1 2182 0.0771588 0.00171991 0.13974 1.55635 -3.55109 101.365 
1.05447 0.186675 130789 1 1.33281 0.467308 583 1 2184 0.0773886 0.00184135 0.140166 1.5524 -3.55025 101.356 
1.05697 0.204361 130829 1 1.33281 0.467308 584 1 2185 0.0767522 0.0036268 0.14053 1.57021 -3.55776 101.325 
0.674859 0.302905 130910 1 1.33281 0.467308 585 1 2187 0.0769494 0.00202089 0.143688 1.55519 -3.58586 101.32 
0.664056 0.289929 130990 1 1.33281 0.467308 586 1 2189 0.0768326 0.000873631 0.143606 1.5411 -3.58262 101.309 
0.664056 0.289929 131030 1 1.33281 0.467308 587 1 2190 0.0768326 0.000873631 0.143606 1.5411 -3.58262 101.309 
0.971279 0.187784 131110 1 1.33281 0.467308 588 1 2192 0.0767638 0.00302646 0.140591 1.55974 -3.57109 101.329 
1.02161 0.149106 131190 1 1.33281 0.467308 589 1 2194 0.0768369 0.0021171 0.137371 1.5439 -3.534 101.316 
1.06211 0.175528 131230 1 1.33281 0.467308 590 1 2195 0.0770489 0.00310396 0.14062 1.54936 -3.56153 101.276 
1.03325 0.186689 131310 1 1.33281 0.467308 591 1 2197 0.0757112 0.00546146 0.140396 1.56651 -3.55767 101.323 
1.03487 0.184572 131350 1 1.33281 0.467308 592 1 2198 0.0759944 0.00523282 0.139565 1.56497 -3.55127 101.344 
1.04436 0.214819 131431 1 1.33281 0.467308 593 1 2200 0.0758468 0.00401152 0.139978 1.55907 -3.57108 101.314 
1.02147 0.154383 131511 1 1.33281 0.467308 594 1 2202 0.0761191 0.00459324 0.136089 1.55969 -3.5278 101.341 
0.831624 0.546435 131591 1 1.33281 0.467308 595 1 2204 0.0763647 0.00257903 0.140786 1.54584 -3.56993 101.28 
0.765897 0.576848 131634 1 1.33281 0.467308 596 1 2205 0.0768303 0.00160656 0.138815 1.5336 -3.54793 101.311 
0.767299 0.593794 131711 1 1.33281 0.467308 597 1 2207 0.076543 0.00144171 0.139183 1.52471 -3.55101 101.269 
0.764986 0.600328 131791 1 1.33281 0.467308 598 1 2209 0.0752963 0.00374014 0.140508 1.54357 -3.56616 101.296 
0.916771 0.326141 131871 1 1.33281 0.467308 599 1 2211 0.0762219 0.00279131 0.139009 1.53658 -3.55148 101.311 
0.942968 0.281455 131912 1 1.33281 0.467308 600 1 2212 0.0767117 0.000100546 0.137797 1.51381 -3.55067 101.268 
0.948312 0.24728 131992 1 1.33281 0.467308 601 1 2214 0.076595 -0.000133856 0.137443 1.51487 -3.54588 101.242 
0.944549 0.248412 132032 1 1.33281 0.467308 602 1 2215 0.0759058 0.00257831 0.138085 1.53675 -3.55242 101.274 
0.947628 0.25524 132112 1 1.33281 0.467308 603 1 2217 0.075895 0.0028497 0.137631 1.54087 -3.55246 101.302 
0.954542 0.213059 132198 1 1.33281 0.467308 604 1 2219 0.0760432 0.000629581 0.135708 1.51729 -3.54223 101.283 
0.925887 0.197389 132273 1 1.33281 0.467308 605 1 2221 0.075912 0.000548526 0.134768 1.51562 -3.53486 101.248 
0.937457 0.212195 132353 1 1.33281 0.467308 606 1 2223 0.0761113 0.00176528 0.137982 1.53004 -3.56536 101.259 
0.948699 0.220101 132393 1 1.33281 0.467308 607 1 2224 0.0759624 0.00321892 0.138425 1.54681 -3.56884 101.23 
0.972085 0.201445 132473 1 1.33281 0.467308 608 1 2226 0.0765358 0.00167198 0.135142 1.52945 -3.53022 101.28 
0.97221 0.202576 132513 1 1.33281 0.467308 609 1 2227 0.076471 0.0016655 0.135119 1.5296 -3.53047 101.281 
0.985471 0.212295 132594 1 1.33281 0.467308 610 1 2229 0.0767016 0.00444257 0.136164 1.56007 -3.54361 101.316 
0.989832 0.201008 132673 1 1.33281 0.467308 611 1 2231 0.0766668 0.00436821 0.136337 1.56062 -3.54182 101.315 
0.979509 0.166848 132754 1 1.33281 0.467308 612 1 2233 0.0773817 0.0013829 0.137432 1.53413 -3.54444 101.33 
0.955913 0.213344 132794 1 1.33281 0.467308 613 1 2234 0.077436 0.00167119 0.139699 1.54414 -3.56444 101.313 
0.939394 0.200601 132874 1 1.33281 0.467308 614 1 2236 0.076714 0.00422838 0.13876 1.56572 -3.55246 101.356 
0.954317 0.198501 132954 1 1.33281 0.467308 615 1 2238 0.0776035 0.00186642 0.140308 1.53998 -3.55825 101.354 
0.960997 0.189414 132994 1 1.33281 0.467308 616 1 2239 0.0774602 0.00310356 0.139228 1.54823 -3.54783 101.38 
0.962533 0.214831 133034 1 1.33281 0.467308 617 1 2240 0.076637 0.0063923 0.141066 1.57796 -3.57135 101.34 
0.962533 0.214831 133034 1 1.33281 0.467308 618 1 2240 0.076637 0.0063923 0.141066 1.57796 -3.57135 101.34 
0.96467 0.190961 133195 1 1.33281 0.467308 619 1 2244 0.0771862 0.00327501 0.139327 1.56026 -3.56109 101.322 
0.975086 0.195972 133274 1 1.33281 0.467308 620 1 2246 0.0769639 0.00386504 0.139277 1.5719 -3.56341 101.344 
0.88708 1.01675 133355 1 1.33281 0.467308 621 1 2248 0.0773833 -0.000258926 0.135656 1.53018 -3.54081 101.311 
9.50284 12.2596 133394 1 1.33281 0.467308 622 0 2249 0.0773833 -0.000258926 0.135656 1.53018 -3.54081 101.311 
-0.242812 2.67345 133475 1 1.33281 0.467308 623 0 2251 0.0758012 0.00582183 0.134226 1.58125 -3.51753 101.386 
0.866413 0.832734 133555 1 1.33281 0.467308 624 1 2253 0.0766744 0.000566258 0.133202 1.52533 -3.51699 101.319 
0.931618 0.516676 133594 1 1.33281 0.467308 625 1 2254 0.0773989 0.00163947 0.134413 1.53599 -3.52966 101.324 
0.989496 0.33069 133675 1 1.33281 0.467308 626 1 2256 0.0764717 0.00285543 0.135102 1.55145 -3.54954 101.256 
1.05865 0.236514 133755 1 1.33281 0.467308 627 1 2258 0.0768615 0.000144363 0.134733 1.52549 -3.53579 101.261 
1.05997 0.221357 133795 1 1.33281 0.467308 628 1 2259 0.0768749 0.000804395 0.134368 1.53565 -3.53356 101.259 
1.07382 0.193382 133876 1 1.33281 0.467308 629 1 2261 0.0774706 0.000418585 0.136092 1.53425 -3.53743 101.24 
1.08256 0.175589 133956 1 1.33281 0.467308 630 1 2263 0.0766138 0.00271239 0.136757 1.55482 -3.53697 101.33 
1.07921 0.1772 134035 1 1.33281 0.467308 631 1 2265 0.0763612 0.00282152 0.136746 1.5543 -3.53707 101.324 
1.0784 0.175491 134076 1 1.33281 0.467308 632 1 2266 0.0763478 0.0028435 0.136764 1.55409 -3.53688 101.328 
1.10426 0.194021 134156 1 1.33281 0.467308 633 1 2268 0.076843 0.00387402 0.137573 1.57309 -3.55514 101.252 
1.07307 0.160437 134237 1 1.33281 0.467308 634 1 2270 0.0776538 0.000773732 0.134974 1.54474 -3.52254 101.269 
1.08143 0.149498 134277 1 1.33281 0.467308 635 1 2271 0.0773526 0.000108994 0.134574 1.53834 -3.52187 101.302 
1.07971 0.147738 134357 1 1.33281 0.467308 636 1 2273 0.077254 0.000197499 0.134574 1.53756 -3.52194 101.311 
1.08274 0.137636 134397 1 1.33281 0.467308 637 1 2274 0.0766568 0.00133465 0.135011 1.54337 -3.52246 101.336 
1.10771 0.129887 134477 1 1.33281 0.467308 638 1 2276 0.0761346 0.00362223 0.134785 1.56666 -3.52999 101.339 
1.07689 0.10721 134557 1 1.33281 0.467308 639 1 2278 0.076053 -6.6214e-005 0.136765 1.51943 -3.52995 101.276 
1.07461 0.155486 134637 1 1.33281 0.467308 640 1 2280 0.0767434 0.00162558 0.140053 1.53909 -3.56457 101.262 
1.0309 1.04877 134677 1 1.33281 0.467308 641 1 2281 0.0767162 -0.000665838 0.135168 1.51297 -3.51599 101.302 
-0.257823 2.69648 134757 1 1.33281 0.467308 642 0 2283 0.0758314 0.00226359 0.135913 1.5425 -3.54 101.317 
0.833398 1.14334 134838 1 1.33281 0.467308 643 1 2285 0.0759678 -0.00103436 0.135021 1.49958 -3.53071 101.262 
0.892963 0.772027 134878 1 1.33281 0.467308 644 1 2286 0.0764821 -0.00184821 0.13499 1.49152 -3.52546 101.28 
0.947082 0.40391 134958 1 1.33281 0.467308 645 1 2288 0.0769068 -0.00201029 0.134529 1.48995 -3.51865 101.273 
0.981322 0.353869 135038 1 1.33281 0.467308 646 1 2290 0.0766738 -0.00359545 0.138032 1.47171 -3.54428 101.23 
1.00467 0.324096 135078 1 1.33281 0.467308 647 1 2291 0.0774983 -0.00249414 0.139426 1.48053 -3.5539 101.22 
1.03158 0.281357 135157 1 1.33281 0.467308 648 1 2293 0.0770713 0.00306268 0.141111 1.53998 -3.55084 101.292 
1.03167 0.278677 135198 1 1.33281 0.467308 649 1 2294 0.0767673 0.003155 0.1424 1.54078 -3.55966 101.313 
0.870509 0.334308 135278 1 1.33281 0.467308 650 1 2296 0.0767394 0.00244809 0.138827 1.54469 -3.54465 101.311 
0.740877 0.333021 135358 1 1.33281 0.467308 651 1 2298 0.0776656 -0.00138791 0.138151 1.522 -3.55283 101.297 
0.769102 0.297891 135439 1 1.33281 0.467308 652 1 2300 0.077828 0.000639216 0.137555 1.54066 -3.55077 101.313 
0.765878 0.241761 135479 1 1.33281 0.467308 653 1 2301 0.0779028 -0.00103568 0.13536 1.52448 -3.52862 101.368 
0.762831 0.261129 135559 1 1.33281 0.467308 654 1 2303 0.0774697 0.000433701 0.136411 1.53934 -3.54505 101.348 
0.659635 0.277902 135641 1 1.33281 0.467308 655 1 2305 0.0776192 -0.0013938 0.13598 1.52286 -3.53472 101.316 
0.661562 0.268654 135720 1 1.33281 0.467308 656 1 2307 0.0769309 0.00135446 0.138547 1.54181 -3.54854 101.357 
0.561551 0.298593 135759 1 1.33281 0.467308 657 1 2308 0.0771501 0.000468949 0.140367 1.53722 -3.56364 101.305 
0.517701 0.287338 135840 1 1.33281 0.467308 658 1 2310 0.0776599 0.00182355 0.140558 1.55594 -3.56429 101.342 
0.521683 0.243498 135919 1 1.33281 0.467308 659 1 2312 0.0781156 -0.00226945 0.138111 1.52361 -3.54594 101.35 
0.524404 0.266987 135959 1 1.33281 0.467308 660 1 2313 0.0786182 -8.55572e-005 0.139544 1.55053 -3.55336 101.36 
0.710551 2.89268 136039 1 1.33281 0.467308 661 0 2315 0.0784489 -0.00122068 0.139843 1.54176 -3.55348 101.371 
0.64882 2.24646 136079 1 1.33281 0.467308 662 0 2316 0.0789751 -0.000336275 0.140838 1.5496 -3.56477 101.373 
0.350715 0.793391 136159 1 1.33281 0.467308 663 1 2318 0.0781667 -0.00090206 0.141896 1.52404 -3.57633 101.325 
0.350715 0.793391 136159 1 1.33281 0.467308 664 1 2318 0.0781667 -0.00090206 0.141896 1.52404 -3.57633 101.325 
0.420366 0.207548 136280 1 1.33281 0.467308 665 1 2321 0.0788264 0.00137542 0.142703 1.55235 -3.58017 101.331 
0.25115 0.173267 136360 1 1.33281 0.467308 666 1 2323 0.078961 0.00202726 0.140657 1.56709 -3.5601 101.337 
0.261263 0.194357 136440 1 1.33281 0.467308 667 1 2325 0.0783131 0.00222788 0.139158 1.57662 -3.55621 101.35 
0.261263 0.194357 136481 1 1.33281 0.467308 668 1 2326 0.0783131 0.00222788 0.139158 1.57662 -3.55621 101.35 
0.578266 0.0210734 136561 1 1.33281 0.467308 669 1 2328 0.0786712 0.00133205 0.137895 1.56222 -3.54404 101.413 
0.630209 -0.0123865 136601 1 1.33281 0.467308 670 1 2329 0.0781508 0.00152246 0.138067 1.56032 -3.54241 101.435 
0.583464 0.00174453 136720 1 1.33281 0.467308 671 1 2332 0.077997 0.000830449 0.137953 1.5473 -3.54819 101.364 
0.382893 0.056605 136761 1 1.33281 0.467308 672 1 2333 0.0780763 0.00112911 0.137394 1.54342 -3.5355 101.314 
0.394353 0.0518395 136841 1 1.33281 0.467308 673 1 2335 0.0777573 0.0024278 0.138439 1.55263 -3.54183 101.353 
0.298025 0.142912 136922 1 1.33281 0.467308 674 1 2337 0.0783774 0.00193843 0.139735 1.54869 -3.55271 101.353 
0.300651 0.161731 136962 1 1.33281 0.467308 675 1 2338 0.0775382 0.0037063 0.139728 1.56649 -3.55875 101.347 
0.309906 0.148019 137042 1 1.33281 0.467308 676 1 2340 0.0781441 0.00289222 0.137305 1.55909 -3.53937 101.352 
0.304518 0.133308 137081 1 1.33281 0.467308 677 1 2341 0.0777524 0.00299672 0.137528 1.55797 -3.53722 101.383 
0.509431 0.0623032 137161 1 1.33281 0.467308 678 1 2343 0.0776064 0.00324633 0.137654 1.55766 -3.53065 101.337 
0.503772 0.0410278 137242 1 1.33281 0.467308 679 1 2345 0.0773277 0.00440599 0.139459 1.56648 -3.54014 101.396 
0.507537 0.0511634 137282 1 1.33281 0.467308 680 1 2346 0.0775803 0.00424852 0.139407 1.56708 -3.54357 101.394 
0.506454 0.0502364 137362 1 1.33281 0.467308 681 1 2348 0.0776339 0.00432659 0.139425 1.56629 -3.54342 101.399 
0.888981 -0.0472922 137442 1 1.33281 0.467308 682 1 2350 0.0772848 0.00420643 0.141787 1.55695 -3.57658 101.333 
0.914318 -0.0995929 137522 1 1.33281 0.467308 683 1 2352 0.0780557 0.00249164 0.138455 1.54042 -3.5476 101.345 
0.950738 -0.0526943 137562 1 1.33281 0.467308 684 1 2353 0.0772635 0.00352191 0.139868 1.54799 -3.56518 101.369 
1.03497 -0.079637 137642 1 1.33281 0.467308 685 1 2355 0.0773595 0.00249212 0.137127 1.53176 -3.54213 101.403 
1.13255 -0.0932985 137723 1 1.33281 0.467308 686 1 2357 0.0768904 0.00281085 0.135764 1.52426 -3.53675 101.355 
1.15836 -0.0809787 137763 1 1.33281 0.467308 687 1 2358 0.0765308 0.00172778 0.134795 1.50957 -3.53308 101.351 
1.1733 -0.0722688 137843 1 1.33281 0.467308 688 1 2360 0.0766753 0.00266857 0.135791 1.51236 -3.54416 101.312 
1.14563 -0.0672398 137883 1 1.33281 0.467308 689 1 2361 0.0762798 0.00139005 0.13608 1.50131 -3.54711 101.304 
0.376695 0.0687554 137964 1 1.33281 0.467308 690 1 2363 0.0771848 -0.000300645 0.13806 1.49104 -3.56623 101.3 
0.40652 0.119419 138043 1 1.33281 0.467308 691 1 2365 0.0774435 0.00358802 0.138202 1.53349 -3.57407 101.318 
0.301716 2.48033 138123 1 1.33281 0.467308 692 0 2367 0.0775899 6.89671e-005 0.136357 1.50198 -3.55765 101.327 
0.126333 1.64655 138164 1 1.33281 0.467308 693 0 2368 0.0772178 0.000204812 0.135954 1.50972 -3.54762 101.363 
0.224662 0.624528 138244 1 1.33281 0.467308 694 1 2370 0.0775978 -9.69365e-005 0.135642 1.51323 -3.54228 101.354 
-0.0156825 0.536832 138284 1 1.33281 0.467308 695 1 2371 0.0779952 -0.0023542 0.137537 1.49501 -3.55892 101.337 
-0.359581 0.4503 138364 1 1.33281 0.467308 696 0 2373 0.0788645 0.000678767 0.13838 1.54204 -3.5649 101.335 
-0.358176 0.379763 138444 1 1.33281 0.467308 697 0 2375 0.0787441 0.00342801 0.1359 1.57246 -3.52595 101.434 
-0.370617 0.426186 138524 1 1.33281 0.467308 698 0 2377 0.0786005 0.000697984 0.13597 1.55273 -3.54259 101.363 
-0.442173 0.500569 138564 1 1.33281 0.467308 699 0 2378 0.0784493 0.000676335 0.136696 1.55623 -3.55244 101.366 
-0.447672 0.464065 138646 1 1.33281 0.467308 700 0 2380 0.0784651 4.47227e-005 0.136352 1.54806 -3.54738 101.399 
-0.449431 0.489836 138725 1 1.33281 0.467308 701 0 2382 0.0779346 -0.000259984 0.136416 1.54787 -3.54944 101.383 
-0.449431 0.489836 138725 1 1.33281 0.467308 702 0 2382 0.0779346 -0.000259984 0.136416 1.54787 -3.54944 101.383 
-0.439986 0.460971 138765 1 1.33281 0.467308 703 0 2383 0.078189 0.00033502 0.136724 1.55492 -3.55895 101.374 
-0.432782 0.44688 138925 1 1.33281 0.467308 704 0 2387 0.0780415 0.00219014 0.136935 1.57696 -3.56135 101.343 
-0.457937 0.542569 139006 1 1.33281 0.467308 705 0 2389 0.0779612 0.00182195 0.135813 1.578 -3.54636 101.37 
-0.454427 0.541285 139046 1 1.33281 0.467308 706 0 2390 0.0775288 0.000429063 0.134909 1.5602 -3.53771 101.379 
-0.454427 0.541285 139046 1 1.33281 0.467308 707 0 2390 0.0775288 0.000429063 0.134909 1.5602 -3.53771 101.379 
-0.435178 0.535363 139086 1 1.33281 0.467308 708 0 2391 0.0775258 0.00142667 0.133398 1.56623 -3.52825 101.395 
-0.500648 0.667749 139245 1 1.33281 0.467308 709 0 2395 0.0777008 0.00101712 0.134248 1.56269 -3.52927 101.372 
-0.530267 0.663981 139326 1 1.33281 0.467308 710 0 2397 0.0774432 0.00219685 0.135171 1.58167 -3.53434 101.389 
-0.510475 0.541103 139366 1 1.33281 0.467308 711 0 2398 0.0771007 -2.69599e-006 0.134777 1.55841 -3.5311 101.369 
-0.510475 0.541103 139366 1 1.33281 0.467308 712 0 2398 0.0771007 -2.69599e-006 0.134777 1.55841 -3.5311 101.369 
-0.54477 0.456674 139486 1 1.33281 0.467308 713 0 2401 0.0768429 0.000532231 0.135336 1.55703 -3.52334 101.364 
1.29811 2.37216 139606 1 1.33281 0.467308 714 0 2404 0.0769526 0.00166565 0.134759 1.56697 -3.52226 101.427 
-0.13385 1.59063 139646 1 1.33281 0.467308 715 0 2405 0.0775856 -0.00128804 0.136537 1.54076 -3.54067 101.371 
-0.162261 1.14305 139687 1 1.33281 0.467308 716 1 2406 0.0770172 0.00052192 0.134117 1.55891 -3.51347 101.416 
-0.162261 1.14305 139687 1 1.33281 0.467308 717 1 2406 0.0770172 0.00052192 0.134117 1.55891 -3.51347 101.416 
-0.160578 0.747238 139847 1 1.33281 0.467308 718 1 2410 0.0774579 -0.000816041 0.135669 1.54983 -3.53394 101.355 
-0.146648 0.534911 139927 1 1.33281 0.467308 719 1 2412 0.0770271 -0.000774586 0.135159 1.54412 -3.51677 101.414 
-0.148345 0.496357 139967 1 1.33281 0.467308 720 1 2413 0.0765601 0.00230962 0.137247 1.57045 -3.52707 101.393 
-0.0980464 0.354186 140047 1 1.33281 0.467308 721 1 2415 0.0770982 -0.000176068 0.139091 1.55174 -3.54298 101.403 
-0.111096 0.311723 140129 1 1.33281 0.467308 722 1 2417 0.0772548 -0.00114041 0.139258 1.53717 -3.5595 101.393 
-0.12582 0.247915 140208 1 1.33281 0.467308 723 1 2419 0.0770534 -0.000577399 0.135473 1.53395 -3.52507 101.412 
-0.122881 0.266234 140288 1 1.33281 0.467308 724 1 2421 0.0769804 -0.00130202 0.135992 1.52245 -3.53189 101.386 
-0.0212217 0.253712 140328 1 1.33281 0.467308 725 1 2422 0.0772668 -0.000122421 0.137399 1.53303 -3.54495 101.359 
0.0233576 0.253715 140408 1 1.33281 0.467308 726 1 2424 0.0777964 0.000342636 0.136809 1.53782 -3.5321 101.383 
0.0350141 0.250305 140488 1 1.33281 0.467308 727 1 2426 0.0777089 0.0018524 0.137237 1.55142 -3.535 101.404 
0.0296174 0.24037 140529 1 1.33281 0.467308 728 1 2427 0.0771043 0.0019415 0.137434 1.55032 -3.53312 101.41 
0.0543525 0.489859 140609 1 1.33281 0.467308 729 1 2429 0.0766093 0.00330646 0.138486 1.56582 -3.55145 101.392 
-0.526682 2.41145 140689 1 1.33281 0.467308 730 0 2431 0.0765522 0.00193795 0.135852 1.55185 -3.52122 101.449 
0.156755 1.92764 140729 1 1.33281 0.467308 731 0 2432 0.0767569 -0.00233508 0.136531 1.50851 -3.53355 101.416 
0.324506 0.626804 140809 1 1.33281 0.467308 732 1 2434 0.077124 -0.000882331 0.135569 1.52044 -3.53358 101.358 
0.316213 0.343935 140889 1 1.33281 0.467308 733 1 2436 0.0767738 -0.00146522 0.13495 1.5126 -3.53279 101.388 
0.307507 0.296685 140929 1 1.33281 0.467308 734 1 2437 0.0769239 -0.00191741 0.135856 1.50489 -3.53942 101.343 
0.275982 0.308754 141009 1 1.33281 0.467308 735 1 2439 0.0773563 -0.00293648 0.137639 1.482 -3.53687 101.353 
0.199097 0.428136 141049 1 1.33281 0.467308 736 1 2440 0.0769901 0.00287855 0.140354 1.53725 -3.55762 101.408 
0.199869 0.425049 141130 1 1.33281 0.467308 737 1 2442 0.0770203 0.00285484 0.140414 1.53747 -3.55703 101.407 
0.200035 0.424991 141210 1 1.33281 0.467308 738 1 2444 0.0770107 0.00284798 0.140415 1.53754 -3.55701 101.407 
0.257756 0.392662 141249 1 1.33281 0.467308 739 1 2445 0.0770881 0.002674 0.140354 1.53955 -3.55791 101.394 
0.318673 0.368483 141330 1 1.33281 0.467308 740 1 2447 0.0784476 0.00210948 0.141323 1.53499 -3.56131 101.403 
0.319552 0.3714 141410 1 1.33281 0.467308 741 1 2449 0.0781974 0.00210104 0.141267 1.53525 -3.56196 101.403 
0.254581 0.631242 141490 1 1.33281 0.467308 742 1 2451 0.0781455 0.00502833 0.144508 1.56741 -3.58893 101.409 
0.259169 0.632616 141530 1 1.33281 0.467308 743 1 2452 0.0780328 0.00213639 0.143352 1.53659 -3.57884 101.397 
0.264072 0.667739 141611 1 1.33281 0.467308 744 1 2454 0.0786053 -0.000241008 0.146508 1.51003 -3.60286 101.355 
0.245035 0.671942 141690 1 1.33281 0.467308 745 1 2456 0.0789853 -0.00137441 0.14472 1.49644 -3.58769 101.349 
0.224686 0.758076 141730 1 1.33281 0.467308 746 1 2457 0.078534 -0.00223584 0.146489 1.48944 -3.60296 101.289 
0.202938 0.780439 141811 1 1.33281 0.467308 747 1 2459 0.0782322 -0.000188477 0.147266 1.50402 -3.59346 101.319 
0.976433 4.73263 141890 1 1.33281 0.467308 748 0 2461 0.0774949 0.00443914 0.147198 1.5476 -3.58985 101.38 
-0.871854 0.107561 141930 1 1.33281 0.467308 749 0 2462 0.0753808 0.0050667 0.144105 1.54498 -3.54687 101.495 
0.189733 2.10808 142011 1 1.33281 0.467308 750 0 2464 0.0771733 0.00220183 0.146555 1.52753 -3.58536 101.392 
0.21876 1.48143 142091 1 1.33281 0.467308 751 0 2466 0.0774 0.00299481 0.14836 1.52952 -3.59275 101.32 
0.232708 1.40294 142131 1 1.33281 0.467308 752 0 2467 0.0772523 0.0018847 0.149035 1.5199 -3.59552 101.349 
0.20771 1.29457 142211 1 1.33281 0.467308 753 0 2469 0.0772944 0.000924122 0.145197 1.51799 -3.53735 101.386 
0.192809 1.31925 142252 1 1.33281 0.467308 754 0 2470 0.0770477 0.000961704 0.145056 1.51827 -3.53861 101.414 
0.192809 1.31925 142252 1 1.33281 0.467308 755 0 2470 0.0770477 0.000961704 0.145056 1.51827 -3.53861 101.414 
0.224353 1.35116 142411 1 1.33281 0.467308 756 0 2474 0.0777047 0.00308922 0.145838 1.54324 -3.56571 101.434 
0.207768 1.37998 142492 1 1.33281 0.467308 757 0 2476 0.0773706 0.00155556 0.147634 1.52057 -3.58911 101.376 
0.185169 1.3804 142532 1 1.33281 0.467308 758 0 2477 0.0777609 0.00215785 0.147661 1.52429 -3.59606 101.38 
0.172434 1.38218 142572 1 1.33281 0.467308 759 0 2478 0.0772674 0.00120999 0.147837 1.52126 -3.60125 101.377 
0.172434 1.38218 142572 1 1.33281 0.467308 760 0 2478 0.0772674 0.00120999 0.147837 1.52126 -3.60125 101.377 
0.189658 1.26885 142772 1 1.33281 0.467308 761 0 2483 0.0783069 6.97502e-006 0.144824 1.51652 -3.5868 101.401 
0.201349 1.2467 142812 1 1.33281 0.467308 762 0 2484 0.0784809 0.00108826 0.142718 1.52619 -3.56948 101.392 
0.201601 1.22645 142893 1 1.33281 0.467308 763 0 2486 0.0770357 0.00158746 0.143275 1.51946 -3.57586 101.406 
0.201601 1.22645 142893 1 1.33281 0.467308 764 0 2486 0.0770357 0.00158746 0.143275 1.51946 -3.57586 101.406 
0.201601 1.22645 142893 1 1.33281 0.467308 765 0 2486 0.0770357 0.00158746 0.143275 1.51946 -3.57586 101.406 
0.225276 1.19698 143093 1 1.33281 0.467308 766 1 2491 0.078262 0.00216466 0.140983 1.53257 -3.56331 101.466 
-0.168967 1.28542 143173 1 1.33281 0.467308 767 0 2493 0.0772502 0.00468849 0.140955 1.55468 -3.55192 101.48 
-0.186232 1.26108 143213 1 1.33281 0.467308 768 0 2494 0.0769686 0.00531376 0.143018 1.55856 -3.56945 101.464 
-0.186232 1.26108 143213 1 1.33281 0.467308 769 0 2494 0.0769686 0.00531376 0.143018 1.55856 -3.56945 101.464 
-0.186232 1.26108 143213 1 1.33281 0.467308 770 0 2494 0.0769686 0.00531376 0.143018 1.55856 -3.56945 101.464 
-0.185319 1.22331 143414 1 1.33281 0.467308 771 0 2499 0.0767893 0.00292261 0.141504 1.53694 -3.57416 101.473 
-1.31629 4.67681 143494 1 1.33281 0.467308 772 0 2501 0.0770386 0.000219101 0.140285 1.50842 -3.56198 101.483 
0.556789 1.37712 143534 1 1.33281 0.467308 773 0 2502 0.0756147 0.00349397 0.139664 1.53771 -3.55619 101.483 
-0.100194 1.29311 143614 1 1.33281 0.467308 774 0 2504 0.0770081 0.00178409 0.139053 1.53376 -3.55409 101.505 
-0.0685213 0.790938 143695 1 1.33281 0.467308 775 1 2506 0.0767593 0.00241257 0.141659 1.54155 -3.58134 101.449 
-0.0597407 0.594687 143774 1 1.33281 0.467308 776 1 2508 0.0770999 0.00310594 0.141708 1.54961 -3.57769 101.461 
-0.116191 0.590019 143814 1 1.33281 0.467308 777 1 2509 0.0765554 0.00457987 0.14119 1.56241 -3.57271 101.507 
-0.118984 0.568242 143895 1 1.33281 0.467308 778 1 2511 0.0772192 0.00263514 0.141972 1.5606 -3.58488 101.426 
-0.196024 0.602224 143974 1 1.33281 0.467308 779 1 2513 0.0766552 -0.00103492 0.143528 1.5295 -3.58933 101.447 
-0.202415 0.597749 144014 1 1.33281 0.467308 780 0 2514 0.0763338 -0.000268376 0.145005 1.5332 -3.59372 101.502 
-0.170437 0.635063 144095 1 1.33281 0.467308 781 1 2516 0.0790502 0.00329569 0.14795 1.57078 -3.6212 101.512 
-0.180305 0.62663 144134 1 1.33281 0.467308 782 1 2517 0.0800341 0.00105902 0.145869 1.55544 -3.60492 101.46 
-0.180338 0.621958 144215 1 1.33281 0.467308 783 1 2519 0.0789373 -0.00191304 0.144587 1.54274 -3.58448 101.421 
-0.148854 0.488124 144295 1 1.33281 0.467308 784 1 2521 0.077696 -0.0011862 0.145144 1.52945 -3.56753 101.46 
-0.0990206 0.345032 144335 1 1.33281 0.467308 785 1 2522 0.07553 0.00156011 0.145072 1.54011 -3.55039 101.5 
-0.113655 0.309259 144416 1 1.33281 0.467308 786 1 2524 0.0754848 0.00205124 0.145672 1.5344 -3.54398 101.521 
-0.0826877 0.312518 144496 1 1.33281 0.467308 787 1 2526 0.0770036 0.00167823 0.14612 1.52734 -3.55017 101.478 
-0.0949456 0.327259 144576 1 1.33281 0.467308 788 1 2528 0.0770361 -0.00192386 0.146177 1.49692 -3.55601 101.462 
-0.0801174 0.348469 144616 1 1.33281 0.467308 789 1 2529 0.0771197 -0.00300925 0.148523 1.49298 -3.58362 101.403 
-0.0879782 0.348131 144696 1 1.33281 0.467308 790 1 2531 0.0790257 -0.00371698 0.146481 1.50451 -3.55658 101.437 
-0.0520031 0.313802 144736 1 1.33281 0.467308 791 1 2532 0.0797644 -0.00577346 0.145357 1.49995 -3.53998 101.45 
0.0654432 0.276807 144857 1 1.33281 0.467308 792 1 2535 0.0779965 -0.00739546 0.148638 1.51022 -3.58487 101.48 
0.0665745 0.305041 144897 1 1.33281 0.467308 793 1 2536 0.0766303 -0.00648924 0.14864 1.52135 -3.59439 101.477 
0.0672164 0.287453 144977 1 1.33281 0.467308 794 1 2538 0.0776753 -0.00514002 0.148885 1.52981 -3.58471 101.539 
0.0554188 0.266936 145056 1 1.33281 0.467308 795 1 2540 0.077901 -0.00609056 0.146513 1.52361 -3.54232 101.615 
0.0494758 0.295625 145097 1 1.33281 0.467308 796 1 2541 0.0779879 -0.00575493 0.148735 1.53534 -3.56688 101.635 
-0.140383 0.511172 145177 1 1.33281 0.467308 797 1 2543 0.079282 -0.00754232 0.150273 1.53641 -3.60721 101.572 
-0.137704 0.521878 145257 1 1.33281 0.467308 798 1 2545 0.0793131 -0.00715741 0.149718 1.54881 -3.59365 101.564 
-0.13553 0.501197 145297 1 1.33281 0.467308 799 1 2546 0.0795122 -0.00673788 0.148909 1.56095 -3.57764 101.609 
-0.139308 0.420388 145387 1 1.33281 0.467308 800 1 2548 0.0795106 -0.00802919 0.14747 1.55914 -3.54554 101.774 
-0.127493 0.412596 145458 1 1.33281 0.467308 801 1 2550 0.0784965 -0.00739148 0.146065 1.56533 -3.53729 101.822 
-0.140229 0.396485 145537 1 1.33281 0.467308 802 1 2552 0.0784484 -0.00491831 0.145035 1.57662 -3.52147 101.854 
-0.159126 0.357712 145618 1 1.33281 0.467308 803 1 2554 0.0785279 -0.00432193 0.14492 1.57438 -3.51556 101.926 
-0.081482 0.283252 145658 1 1.33281 0.467308 804 1 2555 0.0792198 -0.00203768 0.143924 1.59207 -3.50023 101.921 
0.377607 0.0706311 145738 1 1.33281 0.467308 805 1 2557 0.0792232 -0.00273584 0.148024 1.572 -3.52315 101.899 
0.367726 0.0676077 145778 1 1.33281 0.467308 806 1 2558 0.0787355 -0.00244446 0.148011 1.56955 -3.52344 101.933 
0.416184 0.0370123 145858 1 1.33281 0.467308 807 1 2560 0.0756825 0.000401599 0.147316 1.57148 -3.51846 101.969 
0.526872 -0.0324148 145938 1 1.33281 0.467308 808 1 2562 0.0754882 0.00040092 0.134257 1.54883 -3.37595 101.677 
0.635102 -0.0254948 146019 1 1.33281 0.467308 809 1 2564 0.0723899 -0.0038655 0.124002 1.431 -3.32833 101.98 
0.574855 0.0557451 146059 1 1.33281 0.467308 810 1 2565 0.072297 -0.00987227 0.127095 1.34937 -3.4255 101.937 
0.57997 1.50007 146138 1 1.33281 0.467308 811 0 2567 0.0715694 -0.00162966 0.121391 1.396 -3.42164 101.733 
0.363688 2.27921 146219 1 1.33281 0.467308 812 0 2569 0.0766642 0.015978 0.126985 1.58536 -3.46598 101.331 
0.443047 1.47466 146259 1 1.33281 0.467308 813 0 2570 0.0783324 0.0010942 0.142189 1.45244 -3.66907 101.412 
0.550428 0.954289 146339 1 1.33281 0.467308 814 1 2572 0.0812661 0.0130229 0.15134 1.57187 -3.81688 101.204 
0.550428 0.954289 146339 1 1.33281 0.467308 815 1 2572 0.0812661 0.0130229 0.15134 1.57187 -3.81688 101.204 
0.550105 0.732394 146381 1 1.33281 0.467308 816 1 2573 0.0812247 0.0147034 0.146534 1.60247 -3.79512 101.434 
0.657559 0.547976 146540 1 1.33281 0.467308 817 1 2577 0.0727076 0.0211208 0.151061 1.67268 -3.91292 101.949 
1.12861 0.335349 146620 1 1.33281 0.467308 818 1 2579 0.0710501 0.0257346 0.144812 1.73453 -3.81667 102.271 
1.20055 0.258421 146660 1 1.33281 0.467308 819 0 2580 0.0713918 0.0277612 0.142576 1.75883 -3.78065 102.424 
1.29504 0.264104 146740 1 1.33281 0.467308 820 0 2582 0.0695102 0.0337333 0.143535 1.81372 -3.80863 102.49 
1.31998 0.238835 146820 1 1.33281 0.467308 821 0 2584 0.0671677 0.0357533 0.146257 1.83347 -3.85606 102.583 
1.31076 0.25713 146860 1 1.33281 0.467308 822 0 2585 0.0664394 0.0310688 0.144786 1.79685 -3.849 102.54 
1.16823 1.05734 146940 1 1.33281 0.467308 823 1 2587 0.0645569 0.020018 0.143857 1.71724 -3.86049 102.47 
-0.599682 0.944156 147021 1 1.33281 0.467308 824 0 2589 0.0675006 0.0125691 0.141938 1.67467 -3.90564 102.224 
0.568442 1.67371 147060 1 1.33281 0.467308 825 0 2590 0.0693316 0.0107613 0.126854 1.66617 -3.79158 102.267 
0.549003 0.776821 147141 1 1.33281 0.467308 826 1 2592 0.0707654 0.00272614 0.127483 1.61434 -3.86404 102.147 
0.507608 0.541057 147221 1 1.33281 0.467308 827 1 2594 0.0721176 -0.00447858 0.120854 1.56572 -3.82664 102.167 
0.4816 0.516212 147261 1 1.33281 0.467308 828 1 2595 0.0723271 -0.00836676 0.119367 1.54095 -3.81856 102.125 
0.39815 0.439678 147341 1 1.33281 0.467308 829 1 2597 0.0729955 -0.015823 0.118574 1.51071 -3.80273 102.062 
0.373801 0.39698 147422 1 1.33281 0.467308 830 1 2599 0.0734157 -0.0206238 0.118491 1.50079 -3.80127 102.197 
0.358122 0.459373 147462 1 1.33281 0.467308 831 1 2600 0.0736879 -0.0226473 0.11787 1.49501 -3.79829 102.276 
0.179588 3.64064 147541 1 1.33281 0.467308 832 0 2602 0.0732741 -0.0240778 0.115527 1.4985 -3.78285 102.424 
1.2228 2.67216 147581 1 1.33281 0.467308 833 0 2603 0.074829 -0.0269053 0.11367 1.48191 -3.77281 102.517 
0.24303 0.851711 147662 1 1.33281 0.467308 834 1 2605 0.0797679 -0.0260325 0.109817 1.59298 -3.74298 102.746 
0.243531 0.522972 147741 1 1.33281 0.467308 835 1 2607 0.0891741 -0.0377741 0.115417 1.59578 -3.82131 102.877 
0.273819 0.372638 147822 1 1.33281 0.467308 836 1 2609 0.0952974 -0.0435136 0.115118 1.66932 -3.83759 103.293 
0.274477 0.355098 147862 1 1.33281 0.467308 837 1 2610 0.0982741 -0.0480655 0.117011 1.69266 -3.87158 103.542 
0.337321 0.281661 147942 1 1.33385 0.456731 838 1 2612 0.103119 -0.0553834 0.117372 1.7526 -3.93368 103.995 
0.323699 0.73664 148022 1 1.31667 0.429808 839 1 2614 0.106292 -0.0609154 0.111333 1.82954 -3.95259 104.531 
0.871975 2.34781 148062 1 1.30052 0.399038 840 0 2615 0.10632 -0.0624132 0.115437 1.8803 -4.0421 104.815 
0.481793 0.878745 148142 1 1.24896 0.374038 841 1 2617 0.106089 -0.0607901 0.103831 2.0184 -4.01648 105.565 
0.527729 -0.00391889 148223 1 1.09063 0.297115 842 1 2619 0.107475 -0.0659072 0.0998562 2.02848 -4.07581 106.059 
0.594507 -0.184937 148303 1 0.911979 0.192308 843 1 2621 0.107461 -0.0652979 0.101704 2.05793 -4.17358 106.521 
0.651077 -0.150591 148383 1 0.877083 0.1875 844 1 2623 0.108603 -0.066623 0.102318 2.00428 -4.24385 106.838 
0.686839 -0.173335 148463 1 0.778646 0.280769 845 1 2625 0.109417 -0.0646302 0.0965007 1.96716 -4.24344 107.303 
0.730075 -0.178665 148503 1 0.60625 0.316346 846 1 2626 0.108535 -0.0648276 0.0989163 1.93642 -4.29718 107.534 
1.1402 -0.292632 148583 1 0.598437 0.317308 847 0 2628 0.105267 -0.0631448 0.10438 1.87534 -4.40421 107.803 
1.24977 -0.431925 148664 1 0.598437 0.317308 848 0 2630 0.105775 -0.0513552 0.0977095 1.8683 -4.37109 108.41 
1.26214 -0.44872 148704 1 0.598437 0.317308 849 0 2631 0.105909 -0.0426713 0.100003 1.87794 -4.3781 108.611 
0.735528 -0.178817 148783 1 0.598437 0.317308 850 1 2633 0.102713 -0.0268353 0.105609 1.84693 -4.31287 109.122 
0.741398 -0.190632 148865 1 0.598437 0.317308 851 1 2635 0.0973048 -0.0127121 0.110626 1.79943 -4.30991 109.765 
0.745166 -0.221142 148944 1 0.598437 0.317308 852 0 2637 0.0930892 0.00312429 0.1112 1.75033 -4.34323 110.331 
0.777266 -0.213352 149025 1 0.598437 0.317308 853 0 2639 0.0900779 0.0143143 0.111659 1.65346 -4.41098 110.713 
0.864875 -0.0970612 149105 1 0.598437 0.317308 854 1 2641 0.0915819 0.026369 0.117677 1.59538 -4.57249 111.433 
0.815686 0.0730182 149185 1 0.598437 0.317308 855 1 2643 0.0920258 0.0330548 0.116399 1.53007 -4.75631 112.181 
0.158645 1.84337 149264 1 0.594792 0.317308 856 0 2645 0.0899572 0.036316 0.112076 1.47401 -4.81623 112.69 
0.158645 1.84337 149264 1 0.540625 0.250962 857 0 2645 0.0899572 0.036316 0.112076 1.47401 -4.81623 112.69 
0.158645 1.84337 149264 1 0.479687 0.215385 858 0 2645 0.0899572 0.036316 0.112076 1.47401 -4.81623 112.69 
0.827753 0.0411775 149465 1 0.428646 0.214423 859 1 2650 0.0804147 0.0406073 0.0994283 0.794308 -5.49733 115.963 
0.812347 0.0212564 149545 1 0.385937 0.219231 860 1 2652 0.0709574 0.03646 0.0970204 0.484295 -5.81885 117.476 
0.460252 0.0391875 149626 1 0.375 0.180769 861 1 2654 0.0684663 0.0271862 0.0820274 0.127217 -6.02266 117.877 
0.351043 -0.283106 149706 1 0.370833 0.15 862 0 2656 0.0630915 0.0433311 0.0560309 -0.012252 -6.03737 118.921 
0.300251 -0.384857 149786 1 0.359375 0.140385 863 0 2658 0.0571877 0.0881286 0.0513434 -0.115178 -6.22031 119.229 
-1.36599 1.15658 149867 1 0.24375 0.142308 864 0 2660 0.0665082 0.323518 0.0844195 0.692526 -6.73108 119.963 
-1.04686 -0.415978 149906 1 0.195313 0.175962 865 0 2661 0.077731 0.485542 0.144841 0.977488 -7.25485 120.116 
-0.436362 -0.189067 149986 1 0.172396 0.219231 866 0 2663 0.122509 0.770586 0.211433 0.506296 -7.74672 122.585 
0.723709 -0.464977 150026 1 0.165104 0.227885 867 0 2664 0.100196 0.815599 0.207677 0.344562 -7.8489 124.846 
0.723709 -0.464977 150026 1 0.165104 0.227885 868 0 2664 0.100196 0.815599 0.207677 0.344562 -7.8489 124.846 
0.0737815 -0.832422 150066 1 0.165104 0.227885 869 0 2665 0.0453011 1.00496 0.211201 0.815453 -7.95376 126.731 
0.0737815 -0.832422 150066 1 0.166146 0.225962 870 0 2665 0.0453011 1.00496 0.211201 0.815453 -7.95376 126.731 
0.0737815 -0.832422 150187 1 0.166146 0.225962 871 0 2668 0.0453011 1.00496 0.211201 0.815453 -7.95376 126.731 
