ImageFile:
0.180054 0.661309 83614 1 0.201042 0.319231 1 1 1006 -0.0465022 -0.031693 -0.0190878 -1.35682 3.87002 155.277 
0.529082 0.60975 83980 1 0.191667 0.349038 2 1 1017 -0.044586 -0.0302983 -0.00964545 -1.28322 3.75175 155.374 
0.573168 0.752427 84047 1 0.185417 0.392308 3 1 1019 -0.0443024 -0.0329636 -0.00866365 -1.31437 3.71328 155.22 
0.496861 0.76519 84147 1 0.184896 0.486538 4 1 1022 -0.044912 -0.0385217 -0.0110262 -1.39034 3.75423 155.344 
0.496861 0.76519 84147 1 0.154688 0.721154 5 1 1022 -0.044912 -0.0385217 -0.0110262 -1.39034 3.75423 155.344 
0.496861 0.76519 84147 1 0.146875 0.776923 6 1 1022 -0.044912 -0.0385217 -0.0110262 -1.39034 3.75423 155.344 
0.0434308 1.59399 84348 1 0.148438 0.782692 7 0 1028 -0.0448233 -0.0386274 -0.00449726 -1.43642 3.67482 155.123 
-0.0247384 1.13864 84414 1 0.149479 0.790385 8 1 1030 -0.0459881 -0.0303033 -0.00878597 -1.33214 3.72901 155.186 
-0.0489647 1.19591 84481 1 0.145313 0.831731 9 1 1032 -0.0467064 -0.0372032 -0.00526223 -1.40811 3.68965 155.267 
0.556491 0.728338 84547 1 0.128646 0.9125 10 1 1034 -0.0451126 -0.0373341 -0.00816346 -1.41361 3.72622 155.178 
0.628715 0.650511 84648 1 0.119792 0.945192 11 1 1037 -0.0451142 -0.0320535 -0.00865411 -1.33462 3.72962 155.202 
0.639344 0.636368 84714 1 0.106771 0.960577 12 1 1039 -0.0454237 -0.0326253 -0.00928681 -1.34547 3.74281 155.207 
0.360752 1.2683 84817 1 0.0947917 0.960577 13 0 1042 -0.0464345 -0.0482055 -0.00429533 -1.55705 3.70392 155.001 
0.285305 1.24135 84882 1 0.0828125 0.959615 14 0 1044 -0.047328 -0.0379888 -0.0017776 -1.45646 3.67978 155.247 
0.378604 1.12096 84981 1 0.071875 0.964423 15 1 1047 -0.0468341 -0.0344866 -0.0027841 -1.40651 3.67569 155.323 
0.462086 0.915565 85048 1 0.0697917 0.967308 16 1 1049 -0.0467065 -0.0338579 -0.00532483 -1.39574 3.70943 155.188 
-0.217288 2.27154 85115 1 0.0682292 0.969231 17 0 1051 -0.0461497 -0.0337537 -0.00771158 -1.39734 3.75555 155.223 
-0.00739608 2.0616 85182 1 0.0682292 0.969231 18 0 1053 -0.0456262 -0.0267677 -0.00463452 -1.28104 3.71209 155.228 
0.345309 1.28618 85281 1 0.0682292 0.969231 19 0 1056 -0.045678 -0.0408667 -0.00888892 -1.45082 3.75722 155.166 
0.130654 1.35967 85349 1 0.0682292 0.968269 20 0 1058 -0.0453612 -0.0413697 -0.0117201 -1.48747 3.7942 154.94 
0.115535 1.42504 85415 1 0.0682292 0.968269 21 0 1060 -0.0477584 -0.0462431 -0.00987094 -1.56075 3.79185 155.143 
0.044245 1.46828 85448 1 0.0682292 0.968269 22 0 1061 -0.045765 -0.0482003 -0.0115182 -1.58509 3.81049 155.154 
-0.0224111 1.51318 85549 1 0.06875 0.968269 23 0 1064 -0.0483355 -0.0433968 -0.011292 -1.57015 3.81577 155.263 
0.170657 1.40789 85583 1 0.0697917 0.970192 24 0 1065 -0.0477957 -0.0339687 -0.00564338 -1.45144 3.74974 155.246 
0.305545 1.24769 85648 1 0.0713542 0.972115 25 0 1067 -0.0466926 -0.0405665 -0.00860563 -1.48548 3.77394 155.032 
0.242007 1.60031 85749 1 0.0713542 0.972115 26 0 1070 -0.0482691 -0.0490483 -0.00612349 -1.6151 3.7314 155.041 
0.255292 1.31639 85849 1 0.0713542 0.972115 27 0 1073 -0.0472409 -0.0381573 -0.0088754 -1.51454 3.76833 155.032 
0.288386 1.27755 85916 1 0.0713542 0.972115 28 0 1075 -0.0488022 -0.0374476 -0.0103893 -1.48453 3.79083 155.05 
0.290799 1.37732 85949 1 0.0713542 0.972115 29 0 1076 -0.0461622 -0.0408044 -0.0120097 -1.5231 3.81589 155.076 
0.333678 1.74573 85983 1 0.0713542 0.972115 30 0 1077 -0.0483027 -0.042563 -0.0110941 -1.55098 3.81406 155.252 
2.20797 8.07987 86082 1 0.0713542 0.972115 31 0 1080 -0.0479959 -0.0407692 -0.0125166 -1.53955 3.8244 155.406 
2.39199 6.1191 86149 1 0.0713542 0.972115 32 0 1082 -0.0465277 -0.0335563 -0.0112814 -1.44496 3.79356 155.399 
0.618528 3.68115 86216 1 0.0713542 0.972115 33 0 1084 -0.0467886 -0.0298031 -0.0108438 -1.38219 3.77065 155.493 
0.618528 3.68115 86216 1 0.0713542 0.972115 34 0 1084 -0.0467886 -0.0298031 -0.0108438 -1.38219 3.77065 155.493 
0.339902 1.28643 86350 1 0.0713542 0.972115 35 0 1088 -0.046675 -0.0368088 -0.00927798 -1.47889 3.72709 155.571 
0.332946 1.23076 86449 1 0.0713542 0.972115 36 0 1091 -0.0473234 -0.0365125 -0.00953528 -1.48127 3.72397 155.61 
0.271752 1.10779 86552 1 0.0713542 0.972115 37 1 1094 -0.0474646 -0.0371329 -0.00975095 -1.48102 3.73193 155.343 
0.406206 0.691618 86584 1 0.0713542 0.972115 38 1 1095 -0.0461677 -0.0316444 -0.00751804 -1.40028 3.71689 155.322 
0.564631 0.678232 86717 1 0.0713542 0.972115 39 1 1099 -0.0462392 -0.028115 -0.00845754 -1.33747 3.72346 155.249 
0.574236 0.44512 86783 1 0.0713542 0.972115 40 1 1101 -0.0474206 -0.0280737 -0.00790777 -1.33908 3.70765 155.231 
0.474464 0.669253 86850 1 0.0713542 0.972115 41 1 1103 -0.0477567 -0.0414554 -0.00704214 -1.52722 3.70818 155.196 
0.465579 0.662309 86883 1 0.0713542 0.972115 42 1 1104 -0.0482966 -0.0430803 -0.00647918 -1.56164 3.70477 154.996 
0.436489 0.532577 86917 1 0.0713542 0.972115 43 1 1105 -0.0488496 -0.042558 -0.00795597 -1.56791 3.73402 155.097 
0.444127 0.420841 87050 1 0.0713542 0.972115 44 1 1109 -0.0499396 -0.0365174 -0.00617095 -1.49915 3.71664 155.141 
0.566548 0.462348 87117 1 0.0713542 0.972115 45 1 1111 -0.0486768 -0.0304561 -0.00404979 -1.421 3.6762 155.16 
0.459966 0.588462 87183 1 0.0713542 0.972115 46 1 1113 -0.048429 -0.0385204 -0.00589004 -1.51494 3.70249 155.114 
0.437138 0.584321 87216 1 0.0713542 0.972115 47 1 1114 -0.0492153 -0.0389663 -0.00573551 -1.52102 3.70602 155.075 
0.309444 0.779934 87317 1 0.0713542 0.972115 48 1 1117 -0.0492877 -0.0447146 -0.00762911 -1.61869 3.74553 155.275 
0.179039 0.961935 87384 1 0.0713542 0.972115 49 1 1119 -0.0518264 -0.037999 -0.00585017 -1.56911 3.72821 155.207 
0.192235 1.17721 87451 1 0.0713542 0.972115 50 1 1121 -0.0515308 -0.0366495 -0.00359104 -1.56053 3.70983 155.063 
0.290698 1.15506 87517 1 0.0713542 0.972115 51 1 1123 -0.0526253 -0.0390265 -0.00340251 -1.57092 3.72034 155.183 
0.290262 1.12413 87550 1 0.0713542 0.972115 52 1 1124 -0.051901 -0.0388355 -0.00338442 -1.57344 3.72009 155.145 
1.27336 6.07194 87650 1 0.0713542 0.972115 53 0 1127 -0.0514935 -0.037525 -0.00409508 -1.56378 3.71918 155.306 
2.68958 8.51278 87718 1 0.0713542 0.972115 54 0 1129 -0.051568 -0.0402956 -0.00437917 -1.58904 3.72408 155.264 
2.61268 5.36824 87784 1 0.0713542 0.972115 55 0 1131 -0.0510613 -0.040623 -0.00629093 -1.58881 3.75592 155.081 
2.1395 3.67793 87818 1 0.0713542 0.972115 56 0 1132 -0.0505031 -0.0390985 -0.00793627 -1.56333 3.78762 155.3 
1.27534 3.55822 87851 1 0.0713542 0.972115 57 0 1133 -0.0504345 -0.0401543 -0.00608132 -1.57394 3.76363 155.16 
0.197277 1.82285 88017 1 0.0713542 0.972115 58 0 1138 -0.0515066 -0.0417777 -0.0020987 -1.60506 3.71667 155.317 
0.22241 1.68989 88085 1 0.0713542 0.972115 59 0 1140 -0.0518308 -0.0414758 -0.0022192 -1.60831 3.71552 155.19 
0.197572 1.51821 88151 1 0.0713542 0.972115 60 0 1142 -0.0507463 -0.0379739 -0.00111363 -1.55334 3.71369 155.296 
0.228699 1.52311 88251 1 0.0713542 0.972115 61 0 1145 -0.0495 -0.0375057 0.00189104 -1.51431 3.66978 155.42 
-0.431484 1.9557 88351 1 0.0713542 0.972115 62 0 1148 -0.0499928 -0.0432399 -0.00702216 -1.5893 3.79041 155.212 
-0.349187 1.71835 88418 1 0.0713542 0.972115 63 0 1150 -0.0491491 -0.0365766 -0.00564337 -1.49276 3.77909 155.319 
-0.29487 1.63418 88451 1 0.0713542 0.972115 64 0 1151 -0.0489909 -0.03501 -0.00628916 -1.45688 3.77472 155.346 
-0.270271 1.11402 88585 1 0.0713542 0.972115 65 0 1155 -0.0489538 -0.0374245 -0.00539015 -1.50176 3.7036 155.211 
0.0465555 0.821818 88651 1 0.0713542 0.972115 66 1 1157 -0.0487929 -0.0376844 -0.00533697 -1.49743 3.70419 155.245 
0.0646352 0.820335 88718 1 0.0713542 0.972115 67 1 1159 -0.0488142 -0.0376406 -0.00539314 -1.49795 3.70362 155.253 
0.0648278 0.820557 88753 1 0.0713542 0.972115 68 1 1160 -0.0488128 -0.0376403 -0.00539405 -1.49796 3.7036 155.253 
0.0648278 0.820557 88753 1 0.0713542 0.972115 69 1 1160 -0.0488128 -0.0376403 -0.00539405 -1.49796 3.7036 155.253 
0.0866565 0.813385 88919 1 0.0713542 0.972115 70 1 1165 -0.0486624 -0.0376996 -0.00529579 -1.4971 3.70487 155.242 
0.360798 0.889625 88986 1 0.0630208 0.971154 71 1 1167 -0.0491078 -0.0434766 -0.0064495 -1.56415 3.72925 155.199 
0.399428 0.980039 89051 1 -0.00729167 0.936538 72 1 1169 -0.0481295 -0.0412627 -0.0056012 -1.55175 3.71879 155.281 
0.393237 1.12005 89152 1 -0.330208 0.799038 73 1 1172 -0.049398 -0.0440186 0.000810612 -1.59866 3.64593 155.347 
0.292233 1.22711 89219 1 -0.704167 0.742308 74 0 1174 -0.0500982 -0.0408395 -0.0025336 -1.58405 3.68522 155.248 
0.276588 1.19191 89286 1 -0.933854 0.735577 75 1 1176 -0.0515708 -0.0393539 -0.00381765 -1.56531 3.70409 155.138 
0.229412 1.4287 89353 1 -0.938542 0.734615 76 0 1178 -0.0513577 -0.0474921 -0.00243204 -1.6818 3.69336 155.342 
0.15639 1.38118 89418 1 -0.938542 0.734615 77 0 1180 -0.0510285 -0.0424731 -0.00154009 -1.65567 3.68281 155.224 
0.2372 1.65052 89486 1 -0.938542 0.734615 78 0 1182 -0.0539424 -0.0416387 -0.000334352 -1.6582 3.65989 155.344 
2.05814 7.02611 89552 1 -0.940104 0.732692 79 0 1184 -0.052359 -0.0419136 0.000497499 -1.66404 3.64621 155.217 
2.55036 3.18946 89653 1 -0.985938 0.715385 80 0 1187 -0.0516345 -0.0429838 -0.00244219 -1.66791 3.71768 155.328 
2.55036 3.18946 89653 1 -0.965625 0.711538 81 0 1187 -0.0516345 -0.0429838 -0.00244219 -1.66791 3.71768 155.328 
0.283057 2.02643 89787 1 -0.816667 0.710577 82 0 1191 -0.0523429 -0.0379123 0.00490933 -1.59239 3.62971 155.309 
0.17016 1.6244 89920 1 -0.73125 0.709615 83 0 1195 -0.0528034 -0.0379388 -0.00124659 -1.59332 3.70163 155.212 
0.168904 1.74156 89986 1 -0.709375 0.682692 84 0 1197 -0.0520274 -0.0451681 0.00269315 -1.681 3.6567 155.333 
0.162591 1.69772 90020 1 -0.710417 0.672115 85 0 1198 -0.0521323 -0.0446327 0.00244953 -1.68706 3.65397 155.345 
0.12954 1.52382 90154 1 -0.709896 0.667308 86 0 1202 -0.0535507 -0.0427309 0.000653414 -1.66729 3.6846 155.261 
-0.0165936 1.82894 90220 1 -0.690625 0.642308 87 0 1204 -0.0532089 -0.0501652 0.000951638 -1.7526 3.69873 155.208 
-0.0405389 1.5357 90287 1 -0.6625 0.591346 88 0 1206 -0.05113 -0.0479073 -0.00109054 -1.72086 3.74137 155.422 
0.0591969 1.62094 90355 1 -0.633333 0.538462 89 0 1208 -0.0533118 -0.0426157 0.00398844 -1.6605 3.66156 155.32 
0.0591969 1.62094 90355 1 -0.611458 0.507692 90 0 1208 -0.0533118 -0.0426157 0.00398844 -1.6605 3.66156 155.32 
0.218813 1.51199 90487 1 -0.590625 0.490385 91 0 1212 -0.0513831 -0.0445506 0.00212754 -1.63876 3.66835 155.269 
0.241667 1.35943 90587 1 -0.570833 0.478846 92 0 1215 -0.0521169 -0.0418007 0.00156057 -1.61572 3.67897 155.331 
0.2007 1.40893 90654 1 -0.550521 0.477885 93 0 1217 -0.0504244 -0.0389042 0.000481507 -1.57709 3.67669 155.418 
0.338567 1.08801 90686 1 -0.530729 0.476923 94 1 1218 -0.0496342 -0.0368992 -0.000629459 -1.53555 3.67639 155.465 
0.321933 1.27343 90787 1 -0.525 0.476923 95 0 1221 -0.0500515 -0.0464432 -0.000798548 -1.65822 3.66516 155.273 
0.188905 1.34638 90854 1 -0.525 0.476923 96 0 1223 -0.04997 -0.0442854 -0.0028981 -1.64218 3.69536 155.351 
0.159636 1.3253 90921 1 -0.525 0.476923 97 0 1225 -0.0508328 -0.0459677 -0.00582636 -1.66122 3.7422 155.347 
0.180098 1.39401 90991 1 -0.525 0.476923 98 0 1227 -0.0515778 -0.0433082 -0.00320264 -1.64241 3.71753 155.457 
0.180098 1.39401 90991 1 -0.525 0.476923 99 0 1227 -0.0515778 -0.0433082 -0.00320264 -1.64241 3.71753 155.457 
-0.8522 2.04916 91154 1 -0.525 0.476923 100 0 1232 -0.05099 -0.05107 0.000980414 -1.71431 3.6918 155.281 
-0.870938 1.97579 91221 1 -0.525521 0.476923 101 0 1234 -0.051076 -0.0517158 0.00114638 -1.74004 3.68385 155.169 
-0.945197 2.01356 91288 1 -0.525521 0.476923 102 0 1236 -0.0514067 -0.0460427 0.00126046 -1.6866 3.68714 155.347 
-0.793529 2.00375 91321 1 -0.525521 0.476923 103 0 1237 -0.0519083 -0.0479058 0.00607518 -1.7118 3.61923 155.363 
-0.60516 1.75973 91454 1 -0.525521 0.476923 104 0 1241 -0.0521567 -0.0404053 0.00686459 -1.61984 3.60732 155.366 
-0.713225 2.08839 91521 1 -0.525521 0.476923 105 0 1243 -0.0525502 -0.0440996 0.0116191 -1.66978 3.54189 155.36 
-0.529166 1.86402 91554 1 -0.525521 0.476923 106 0 1244 -0.0535997 -0.0353666 0.0104975 -1.5509 3.5544 155.331 
-0.693258 1.8967 91621 1 -0.526563 0.485577 107 0 1246 -0.0517077 -0.0439419 0.00810497 -1.64656 3.57815 155.415 
-0.709962 1.9307 91655 1 -0.53125 0.488462 108 0 1247 -0.0517089 -0.0475733 0.0103118 -1.69849 3.56349 155.648 
-0.962888 2.02792 91787 1 -0.534375 0.4875 109 0 1251 -0.05177 -0.0496312 0.00625006 -1.74589 3.6309 155.578 
-0.858145 1.83986 91854 1 -0.534375 0.4875 110 0 1253 -0.0510367 -0.043428 0.00706341 -1.6597 3.61443 155.535 
-0.8535 1.92823 91921 1 -0.534375 0.4875 111 0 1255 -0.0525864 -0.0411807 0.00853644 -1.6358 3.59161 155.505 
-0.809987 1.7663 91955 1 -0.534375 0.4875 112 0 1256 -0.0513999 -0.0424663 0.00543013 -1.63687 3.62595 155.496 
-0.809987 1.7663 91955 1 -0.534375 0.4875 113 0 1256 -0.0513999 -0.0424663 0.00543013 -1.63687 3.62595 155.496 
-0.447535 1.72269 92122 1 -0.534375 0.4875 114 0 1261 -0.0496589 -0.0414381 0.0086906 -1.57112 3.58757 155.327 
-0.662114 1.73749 92155 1 -0.532813 0.484615 115 0 1262 -0.0500067 -0.0435217 0.00553842 -1.61379 3.61824 155.499 
-0.561218 1.59027 92221 1 -0.532292 0.484615 116 0 1264 -0.0512881 -0.0390156 0.00617943 -1.56584 3.60299 155.398 
-0.478465 1.53593 92288 1 -0.532292 0.484615 117 0 1266 -0.0505151 -0.038377 0.00245975 -1.55356 3.64153 155.144 
-0.565552 1.53366 92322 1 -0.532292 0.484615 118 0 1267 -0.0510791 -0.0393751 0.00180429 -1.57404 3.65681 155.153 
-0.732323 1.38653 92456 1 -0.535937 0.484615 119 0 1271 -0.0499972 -0.0473716 -0.00440802 -1.67289 3.78545 155.221 
-0.968934 1.6362 92523 1 -0.539583 0.482692 120 0 1273 -0.0513361 -0.0449844 -0.00466196 -1.6719 3.80103 155.341 
-0.51631 0.904786 92588 1 -0.544792 0.482692 121 0 1275 -0.0506505 -0.0272351 -0.00563611 -1.40829 3.80846 155.282 
-0.569606 1.02145 92622 1 -0.544792 0.482692 122 0 1276 -0.0500977 -0.0326991 -0.00626503 -1.45551 3.81688 155.534 
-0.546034 0.871544 92723 1 -0.543229 0.482692 123 0 1279 -0.0496116 -0.0288285 -0.00797106 -1.40528 3.81558 155.216 
-0.472955 0.8407 92789 1 -0.540104 0.480769 124 0 1281 -0.0488142 -0.0312613 -0.00890043 -1.42222 3.82985 155.488 
-0.546999 0.734452 92822 1 -0.536979 0.477885 125 0 1282 -0.048352 -0.0303724 -0.0117571 -1.4107 3.8445 155.298 
0.0156817 -0.297243 92922 1 -0.535417 0.475 126 0 1285 -0.0486095 -0.036454 -0.00763426 -1.47467 3.77651 155.259 
0.0156817 -0.297243 92922 1 -0.534896 0.474038 127 0 1285 -0.0486095 -0.036454 -0.00763426 -1.47467 3.77651 155.259 
-0.186843 -0.275619 93056 1 -0.534896 0.474038 128 0 1289 -0.0485236 -0.0411731 -0.00608607 -1.544 3.76699 155.273 
-0.154767 -0.335998 93123 1 -0.534896 0.474038 129 0 1291 -0.0484015 -0.036215 -0.00544296 -1.48611 3.75053 155.304 
-0.0661043 -0.366433 93191 1 -0.534896 0.474038 130 0 1293 -0.0477223 -0.0354376 -0.00658322 -1.47099 3.73372 155.191 
-0.0346441 -0.541485 93257 1 -0.533854 0.474038 131 0 1295 -0.0475333 -0.0343985 -0.00977088 -1.449 3.77406 155.217 
-0.0346441 -0.541485 93257 1 -0.533854 0.474038 132 0 1295 -0.0475333 -0.0343985 -0.00977088 -1.449 3.77406 155.217 
-0.156811 -0.483917 93392 1 -0.533854 0.474038 133 0 1299 -0.048152 -0.0426621 -0.0116694 -1.56241 3.80997 155.158 
-0.38068 -0.0859112 93456 1 -0.533854 0.474038 134 0 1301 -0.0485182 -0.0502768 -0.00839248 -1.69932 3.77497 155.137 
-0.640574 -0.211835 93523 1 -0.533854 0.474038 135 0 1303 -0.0507968 -0.0473647 -0.0138343 -1.71705 3.86773 155.231 
-0.428736 -0.282897 93591 1 -0.533854 0.474038 136 0 1305 -0.0515783 -0.0309798 -0.00357363 -1.5219 3.73954 155.309 
-0.429315 -0.0918243 93624 1 -0.533854 0.474038 137 0 1306 -0.0523366 -0.0368293 -0.000960188 -1.59196 3.70219 155.455 
-0.526613 0.00359488 93723 1 -0.533854 0.474038 138 0 1309 -0.0524108 -0.0429435 0.000344046 -1.69148 3.70754 155.409 
-0.64014 0.239954 93792 1 -0.533854 0.474038 139 0 1311 -0.0542175 -0.0480164 0.00317046 -1.77174 3.66932 155.534 
-0.451793 -0.00670534 93890 1 -0.533854 0.474038 140 0 1314 -0.0551968 -0.0364902 8.45659e-005 -1.64058 3.70329 155.274 
-0.451793 -0.00670534 93890 1 -0.533854 0.474038 141 0 1314 -0.0551968 -0.0364902 8.45659e-005 -1.64058 3.70329 155.274 
-0.350523 -0.0159705 94024 1 -0.533854 0.474038 142 0 1318 -0.0531208 -0.0338173 0.00225436 -1.58283 3.67662 155.497 
-0.426815 0.168677 94090 1 -0.533854 0.474038 143 0 1320 -0.0533842 -0.0413995 0.00168103 -1.67789 3.66704 155.165 
-0.552442 0.261119 94157 1 -0.533854 0.474038 144 0 1322 -0.0535495 -0.0475254 0.00236832 -1.75744 3.66599 155.306 
-0.660196 0.39952 94190 1 -0.533854 0.474038 145 0 1323 -0.054202 -0.0528824 0.00575605 -1.83628 3.6439 155.32 
-0.660196 0.39952 94190 1 -0.533854 0.474038 146 0 1323 -0.054202 -0.0528824 0.00575605 -1.83628 3.6439 155.32 
-0.666089 0.298118 94224 1 -0.533854 0.474038 147 0 1324 -0.0565649 -0.0445369 0.00302295 -1.7389 3.68822 155.414 
-0.527746 0.205989 94324 1 -0.533854 0.474038 148 0 1327 -0.0533077 -0.037666 0.00777262 -1.65335 3.63403 155.362 
-0.374192 0.0505136 94424 1 -0.533854 0.474038 149 0 1330 -0.0542607 -0.0312079 0.00903797 -1.57712 3.60424 155.49 
-0.344366 0.0369167 94492 1 -0.533854 0.474038 150 0 1332 -0.0535217 -0.0323557 0.00720288 -1.58836 3.62402 155.367 
-0.344366 0.0369167 94492 1 -0.533854 0.474038 151 0 1332 -0.0535217 -0.0323557 0.00720288 -1.58836 3.62402 155.367 
-0.344366 0.0369167 94492 1 -0.533854 0.474038 152 0 1332 -0.0535217 -0.0323557 0.00720288 -1.58836 3.62402 155.367 
0.350661 -0.547001 94558 1 -0.533854 0.474038 153 0 1334 -0.0502817 -0.030875 0.00588665 -1.43853 3.5925 155.285 
0.190999 -0.4769 94758 1 -0.533854 0.474038 154 0 1340 -0.0503921 -0.0320734 0.00316119 -1.45036 3.63025 155.114 
0.000999071 -0.45707 94824 1 -0.533854 0.474038 155 0 1342 -0.051239 -0.043168 -0.000902169 -1.58478 3.70955 155.217 
-0.217448 -0.336393 94893 1 -0.533854 0.474038 156 0 1344 -0.0504206 -0.0434368 -0.00512787 -1.62533 3.76208 155.133 
-0.174631 -0.336982 94958 1 -0.533854 0.474038 157 0 1346 -0.0521941 -0.0486009 -0.00548225 -1.728 3.77416 155.168 
0.131707 -0.820003 95025 1 -0.533854 0.474038 158 0 1348 -0.0535851 -0.0487607 -0.00827689 -1.75932 3.83146 155.19 
0.0909019 -0.77488 95091 1 -0.533854 0.474038 159 0 1350 -0.0539302 -0.0507367 -0.00870198 -1.81938 3.85129 155.291 
0.0909019 -0.77488 95091 1 -0.533854 0.474038 160 0 1350 -0.0539302 -0.0507367 -0.00870198 -1.81938 3.85129 155.291 
0.0909019 -0.77488 95091 1 -0.533854 0.474038 161 0 1350 -0.0539302 -0.0507367 -0.00870198 -1.81938 3.85129 155.291 
0.250972 -1.01639 95157 1 -0.533854 0.474038 162 0 1352 -0.0531154 -0.0439322 -0.009809 -1.73393 3.87875 155.222 
0.322853 -0.931596 95358 1 -0.533854 0.474038 163 0 1358 -0.0537602 -0.0260093 -0.00215623 -1.51094 3.7586 155.626 
0.640199 -0.955433 95425 1 -0.533854 0.474038 164 0 1360 -0.0523617 -0.0232332 0.002904 -1.43337 3.66406 155.567 
0.610506 -0.947859 95493 1 -0.533854 0.474038 165 0 1362 -0.051897 -0.0297389 -0.000241475 -1.49064 3.69313 155.536 
0.481125 -0.7414 95559 1 -0.533854 0.474038 166 0 1364 -0.0525865 -0.0300106 -0.00250877 -1.49002 3.69841 155.389 
0.554682 -0.780641 95625 1 -0.533854 0.474038 167 0 1366 -0.0514299 -0.0345067 -0.00451096 -1.53719 3.73738 155.364 
0.567541 -0.894149 95692 1 -0.533854 0.474038 168 0 1368 -0.0495566 -0.0390739 -0.0043378 -1.58376 3.74637 155.293 
0.567541 -0.894149 95692 1 -0.533854 0.474038 169 0 1368 -0.0495566 -0.0390739 -0.0043378 -1.58376 3.74637 155.293 
0.567541 -0.894149 95692 1 -0.533854 0.474038 170 0 1368 -0.0495566 -0.0390739 -0.0043378 -1.58376 3.74637 155.293 
0.555532 -0.821708 95793 1 -0.533854 0.474038 171 0 1371 -0.051724 -0.0402223 -0.00208195 -1.62382 3.72615 155.247 
0.566025 -0.728373 95961 1 -0.533854 0.474038 172 0 1376 -0.0536702 -0.0401431 -0.00198106 -1.6464 3.73446 155.309 
0.460722 -0.655317 96025 1 -0.533854 0.474038 173 0 1378 -0.0537381 -0.0417172 0.00178081 -1.69241 3.7033 155.328 
0.460722 -0.655317 96025 1 -0.533854 0.474038 174 0 1378 -0.0537381 -0.0417172 0.00178081 -1.69241 3.7033 155.328 
0.460722 -0.655317 96025 1 -0.533854 0.474038 175 0 1378 -0.0537381 -0.0417172 0.00178081 -1.69241 3.7033 155.328 
0.62533 -0.561922 96292 1 -0.533854 0.474038 176 0 1386 -0.054579 -0.046221 0.00430251 -1.75453 3.65208 155.224 
0.442784 -0.385586 96359 1 -0.533854 0.474038 177 0 1388 -0.0555201 -0.0513966 0.00383813 -1.85747 3.67384 155.327 
0.442784 -0.385586 96359 1 -0.533854 0.474038 178 0 1388 -0.0555201 -0.0513966 0.00383813 -1.85747 3.67384 155.327 
0.308703 -0.287846 96427 1 -0.533854 0.474038 179 0 1390 -0.0577441 -0.047387 0.00493997 -1.85125 3.66385 155.322 
0.378993 -0.483709 96493 1 -0.533854 0.474038 180 0 1392 -0.0574589 -0.0383834 0.0019239 -1.72886 3.71317 155.43 
0.574169 -0.676221 96560 1 -0.533854 0.474038 181 0 1394 -0.0559678 -0.0279337 0.0077384 -1.56936 3.64059 155.534 
0.698137 -0.860528 96627 1 -0.533854 0.474038 182 0 1396 -0.0544147 -0.0274488 0.00329372 -1.5221 3.68283 155.371 
0.658065 -0.74853 96692 1 -0.533854 0.474038 183 0 1398 -0.0550722 -0.034854 0.00384051 -1.61726 3.67136 155.325 
0.531205 -0.632526 96759 1 -0.533854 0.474038 184 0 1400 -0.0537953 -0.0424975 0.00310112 -1.71378 3.6846 155.201 
0.431017 -0.291559 96860 1 -0.533854 0.474038 185 0 1403 -0.0542485 -0.0494493 0.000647496 -1.825 3.73107 155.155 
-0.352483 1.34609 96927 1 -0.533854 0.474038 186 0 1405 -0.0536766 -0.0390585 0.00338889 -1.73029 3.73108 155.134 
-0.177486 0.96678 96993 1 -0.533854 0.474038 187 1 1407 -0.0544906 -0.0283544 0.00555971 -1.58668 3.70708 155.313 
-0.177486 0.96678 96993 1 -0.533854 0.474038 188 1 1407 -0.0544906 -0.0283544 0.00555971 -1.58668 3.70708 155.313 
-0.177486 0.96678 96993 1 -0.533854 0.474038 189 1 1407 -0.0544906 -0.0283544 0.00555971 -1.58668 3.70708 155.313 
0.693858 0.155985 97294 1 -0.533854 0.474038 190 1 1416 -0.0515332 -0.0281742 -0.00149227 -1.40489 3.72489 155.04 
0.669455 0.158017 97365 1 -0.533854 0.474038 191 1 1418 -0.051334 -0.0278401 -0.001552 -1.40885 3.72425 155.037 
0.583434 0.0942139 97426 1 -0.533854 0.474038 192 1 1420 -0.0517047 -0.030573 -0.000592351 -1.44554 3.73108 155.154 
0.214608 0.522315 97527 1 -0.533854 0.474038 193 1 1423 -0.0523306 -0.0396672 0.00107934 -1.61608 3.70907 155.099 
-0.0323124 1.32252 97594 1 -0.53125 0.473077 194 0 1425 -0.0544255 -0.0470928 -0.00221829 -1.77734 3.78079 155.159 
0.5702 2.49912 97627 1 -0.530729 0.472115 195 0 1426 -0.0544255 -0.0470928 -0.00221829 -1.77734 3.78079 155.159 
2.23666 6.34938 97695 1 -0.530729 0.472115 196 0 1428 -0.0545347 -0.0433872 -0.00246809 -1.72714 3.80226 155.367 
2.60281 5.37441 97762 1 -0.535937 0.477885 197 0 1430 -0.0536595 -0.0399129 -0.00442763 -1.68079 3.8395 155.57 
0.865767 4.80275 97827 1 -0.532813 0.477885 198 0 1432 -0.0545786 -0.0349087 -0.00341366 -1.61594 3.81851 155.548 
0.598757 2.50358 97894 1 -0.523438 0.477885 199 0 1434 -0.0528413 -0.0276086 -0.000505717 -1.51544 3.77237 155.549 
0.572425 1.97632 97927 1 -0.54375 0.464423 200 0 1435 -0.0532407 -0.0293391 -0.00146196 -1.52511 3.76048 155.44 
0.26461 1.32355 98095 1 -0.54375 0.464423 201 0 1440 -0.0531159 -0.0289489 0.00683997 -1.51652 3.62038 155.588 
0.290867 1.18434 98129 1 -0.54375 0.464423 202 1 1441 -0.0540078 -0.02882 0.00651238 -1.51891 3.61624 155.608 
0.258475 1.01889 98227 1 -0.54375 0.464423 203 1 1444 -0.0527064 -0.0331054 0.00685268 -1.55772 3.61935 155.51 
0.245773 0.990683 98262 1 -0.548438 0.468269 204 1 1445 -0.0537104 -0.0333296 0.00703068 -1.55644 3.62199 155.46 
0.245773 0.990683 98262 1 -0.5625 0.479808 205 1 1445 -0.0537104 -0.0333296 0.00703068 -1.55644 3.62199 155.46 
0.189987 0.895478 98294 1 -0.565104 0.482692 206 1 1446 -0.0534147 -0.034764 0.00535548 -1.56417 3.65496 155.393 
0.13135 0.794843 98461 1 -0.565104 0.482692 207 1 1451 -0.0535579 -0.0343235 0.00508265 -1.57136 3.6513 155.396 
0.122469 0.739992 98527 1 -0.565104 0.482692 208 1 1453 -0.053932 -0.0346198 0.00532959 -1.56932 3.65473 155.334 
0.111177 0.68532 98594 1 -0.565104 0.482692 209 1 1455 -0.0531378 -0.0344815 0.00547537 -1.57178 3.65744 155.203 
0.12146 0.583564 98695 1 -0.564063 0.484615 210 1 1458 -0.0533935 -0.0341258 0.00578998 -1.57716 3.66295 155.173 
-0.169207 0.446893 98762 1 -0.555208 0.500962 211 1 1460 -0.0549329 -0.0296888 -0.00932332 -1.53124 3.83942 154.14 
-0.214675 0.0515981 98829 1 -0.555208 0.500962 212 0 1462 -0.052867 -0.0246165 -0.0210757 -1.44636 3.97286 153.301 
-0.139182 -0.191555 98895 1 -0.555208 0.500962 213 0 1464 -0.0526876 -0.0258165 -0.0271688 -1.45884 4.04711 153.35 
-0.401613 0.145924 98961 1 -0.55625 0.500962 214 0 1466 -0.0526631 -0.0318314 -0.0301346 -1.54501 4.09442 153.259 
-0.365129 -0.124845 99029 1 -0.5625 0.484615 215 0 1468 -0.0540369 -0.0271493 -0.0303498 -1.50318 4.10802 153.498 
-0.457041 0.0390986 99095 1 -0.558854 0.480769 216 0 1470 -0.0545052 -0.0202727 -0.0284119 -1.42141 4.07528 153.448 
-0.249847 -0.00621623 99162 1 -0.557292 0.480769 217 0 1472 -0.0523983 -0.02268 -0.0284812 -1.42439 4.07301 153.237 
-0.858358 0.639 99229 1 -0.557813 0.475962 218 0 1474 -0.0511973 -0.0173965 -0.0326715 -1.32861 4.1298 153.186 
-0.929041 0.781416 99263 1 -0.557813 0.475962 219 0 1475 -0.0502985 -0.0179938 -0.0278025 -1.33229 4.06272 153.325 
-0.929041 0.781416 99263 1 -0.557813 0.475962 220 0 1475 -0.0502985 -0.0179938 -0.0278025 -1.33229 4.06272 153.325 
-1.24811 0.813122 99429 1 -0.557813 0.475962 221 0 1480 -0.0514 -0.0273247 -0.0314529 -1.47013 4.10872 153.153 
-1.11219 0.751023 99496 1 -0.564063 0.479808 222 0 1482 -0.0504466 -0.0246187 -0.0304509 -1.43156 4.10447 153.127 
-1.17825 1.01838 99530 1 -0.56875 0.475962 223 0 1483 -0.05213 -0.0230877 -0.0292224 -1.40646 4.09167 153.144 
-1.17825 1.01838 99530 1 -0.571354 0.474038 224 0 1483 -0.05213 -0.0230877 -0.0292224 -1.40646 4.09167 153.144 
-1.02555 -0.0386489 99563 1 -0.571354 0.473077 225 0 1484 -0.0506119 -0.0218871 -0.0287139 -1.39489 4.09523 153.235 
-0.553294 -0.938949 99762 1 -0.571354 0.473077 226 0 1490 -0.0526193 -0.020058 -0.0292381 -1.36416 4.09849 153.392 
-0.56972 -0.835824 99829 1 -0.571354 0.473077 227 0 1492 -0.0509418 -0.0259453 -0.0312164 -1.42718 4.11945 153.141 
-0.56972 -0.835824 99829 1 -0.572396 0.471154 228 0 1492 -0.0509418 -0.0259453 -0.0312164 -1.42718 4.11945 153.141 
-0.56972 -0.835824 99829 1 -0.577604 0.465385 229 0 1492 -0.0509418 -0.0259453 -0.0312164 -1.42718 4.11945 153.141 
-1.07153 0.323774 100096 1 -0.580208 0.465385 230 0 1500 -0.0494723 -0.0134268 -0.0317423 -1.21465 4.0938 153.128 
-1.14855 0.539606 100164 1 -0.565625 0.4875 231 0 1502 -0.0475923 -0.0273959 -0.0354012 -1.37558 4.12778 153.15 
-1.14855 0.539606 100164 1 -0.527083 0.489423 232 0 1502 -0.0475923 -0.0273959 -0.0354012 -1.37558 4.12778 153.15 
-1.14855 0.539606 100164 1 -0.4875 0.529808 233 0 1502 -0.0475923 -0.0273959 -0.0354012 -1.37558 4.12778 153.15 
-0.897512 0.472084 100197 1 -0.505729 0.699038 234 0 1503 -0.0476663 -0.0290499 -0.0342958 -1.41674 4.10985 153.221 
-0.645047 -0.566578 100397 1 -0.563542 0.840385 235 0 1509 -0.049314 -0.0246007 -0.0322577 -1.3957 4.06103 153.413 
-0.236147 -0.985643 100463 1 -0.595313 0.889423 236 0 1511 -0.0490448 -0.0233758 -0.0293043 -1.38286 4.02877 153.409 
-0.236147 -0.985643 100463 1 -0.59375 0.910577 237 0 1511 -0.0490448 -0.0233758 -0.0293043 -1.38286 4.02877 153.409 
-0.46916 -0.973122 100496 1 -0.573438 0.946154 238 0 1512 -0.0503899 -0.0293092 -0.0314621 -1.4549 4.04946 153.46 
0.0765152 -0.926258 100664 1 -0.570313 0.946154 239 0 1517 -0.0499568 -0.0314991 -0.0300498 -1.48393 4.03728 153.102 
-0.245145 -0.728511 100797 1 -0.569792 0.946154 240 0 1521 -0.0530576 -0.0314568 -0.0323727 -1.55078 4.12117 153.468 
-0.245145 -0.728511 100797 1 -0.569792 0.946154 241 0 1521 -0.0530576 -0.0314568 -0.0323727 -1.55078 4.12117 153.468 
0.501402 -1.97786 100931 1 -0.569792 0.958654 242 0 1525 -0.0538694 -0.0225485 -0.0340168 -1.42827 4.1337 153.317 
0.465984 -1.99557 100997 1 -0.570833 0.959615 243 0 1527 -0.0528364 -0.0222412 -0.033885 -1.4266 4.13569 153.313 
0.556337 -1.96728 101064 1 -0.570833 0.959615 244 0 1529 -0.0528277 -0.0267986 -0.0320118 -1.48361 4.10939 153.326 
0.501271 -1.78951 101098 1 -0.570313 0.959615 245 0 1530 -0.0534128 -0.0264286 -0.032809 -1.48874 4.1152 153.339 
0.360805 -1.75407 101131 1 -0.570313 0.959615 246 0 1531 -0.0550704 -0.0287089 -0.0314445 -1.52473 4.09281 153.348 
0.0731028 -2.16559 101264 1 -0.570313 0.959615 247 0 1535 -0.053831 -0.0278875 -0.0326232 -1.52869 4.09592 153.137 
0.549728 -2.12168 101331 1 -0.563542 0.960577 248 0 1537 -0.0529235 -0.0233645 -0.0282791 -1.46878 4.04642 153.2 
0.493907 -2.09611 101398 1 -0.550521 0.960577 249 0 1539 -0.0520488 -0.0271727 -0.0302019 -1.49745 4.08479 153.277 
0.493907 -2.09611 101398 1 -0.534896 0.961538 250 0 1539 -0.0520488 -0.0271727 -0.0302019 -1.49745 4.08479 153.277 
-0.193491 -1.03687 101597 1 -0.534375 0.961538 251 0 1545 -0.0531743 -0.021175 -0.0226855 -1.39467 3.98917 153.413 
-0.00770478 -1.22677 101631 1 -0.534375 0.961538 252 0 1546 -0.0512545 -0.0237479 -0.0280999 -1.4059 4.04686 153.268 
-0.384685 -0.670651 101698 1 -0.534375 0.961538 253 0 1548 -0.0502137 -0.0242876 -0.0281637 -1.40852 4.05399 153.306 
-0.498174 -0.496541 101731 1 -0.534375 0.961538 254 0 1549 -0.0518917 -0.0264082 -0.0301139 -1.43995 4.07905 153.227 
-0.465084 -0.302839 101832 1 -0.534375 0.961538 255 0 1552 -0.0516643 -0.024322 -0.0303323 -1.41306 4.07806 152.999 
-0.398391 -0.647866 101931 1 -0.534375 0.961538 256 0 1555 -0.0502948 -0.022891 -0.031552 -1.37163 4.11884 153.344 
-0.469793 -0.706205 101998 1 -0.534375 0.961538 257 0 1557 -0.0498977 -0.0239325 -0.0311957 -1.387 4.10547 153.348 
-0.543341 -0.7991 102034 1 -0.534375 0.961538 258 0 1558 -0.0525852 -0.0235186 -0.0316335 -1.38616 4.10467 153.212 
-0.543341 -0.7991 102034 1 -0.534375 0.961538 259 0 1558 -0.0525852 -0.0235186 -0.0316335 -1.38616 4.10467 153.212 
-0.404465 -0.761214 102065 1 -0.534375 0.961538 260 0 1559 -0.0503227 -0.0256222 -0.0315291 -1.41643 4.10514 153.221 
-0.404465 -0.761214 102065 1 -0.534375 0.961538 261 0 1559 -0.0503227 -0.0256222 -0.0315291 -1.41643 4.10514 153.221 
-0.404465 -0.761214 102065 1 -0.534375 0.961538 262 0 1559 -0.0503227 -0.0256222 -0.0315291 -1.41643 4.10514 153.221 
0.519882 0.231269 102198 1 -0.534375 0.961538 263 0 1563 -0.0421909 -0.0161164 -0.022194 -1.15089 3.88959 152.678 
0.519882 0.231269 102198 1 -0.534375 0.961538 264 0 1563 -0.0421909 -0.0161164 -0.022194 -1.15089 3.88959 152.678 
0.519882 0.231269 102198 1 -0.534375 0.961538 265 0 1563 -0.0421909 -0.0161164 -0.022194 -1.15089 3.88959 152.678 
0.725559 -0.914278 102667 1 -0.534375 0.961538 266 0 1577 -0.0449912 -0.0217727 -0.0305088 -1.29039 4.02839 153.029 
0.771413 -0.873637 102732 1 -0.534375 0.961538 267 0 1579 -0.0457311 -0.0209689 -0.0331345 -1.26178 4.07716 153.011 
0.613314 -0.854794 102799 1 -0.534375 0.961538 268 0 1581 -0.046738 -0.0192689 -0.0362361 -1.26601 4.09871 152.76 
0.712693 -1.35658 102900 1 -0.534375 0.961538 269 0 1584 -0.047479 -0.0186868 -0.0384881 -1.28391 4.12235 153.119 
0.56874 -1.43304 102933 1 -0.534375 0.961538 270 0 1585 -0.047178 -0.0179951 -0.038731 -1.29188 4.1188 153.126 
0.59692 -1.55098 103000 1 -0.534375 0.961538 271 0 1587 -0.048227 -0.019079 -0.0350361 -1.31374 4.06995 153.235 
0.59692 -1.55098 103000 1 -0.534375 0.961538 272 0 1587 -0.048227 -0.019079 -0.0350361 -1.31374 4.06995 153.235 
0.541277 -1.47106 103032 1 -0.534375 0.961538 273 0 1588 -0.0472223 -0.0231907 -0.0358441 -1.36817 4.0771 153.127 
0.858422 -1.67542 103201 1 -0.534375 0.961538 274 0 1593 -0.0496719 -0.0298546 -0.0309918 -1.44616 4.03725 153.048 
0.677888 -1.68001 103300 1 -0.534375 0.961538 275 0 1596 -0.0507931 -0.0345749 -0.0318221 -1.52388 4.06933 153.147 
0.677888 -1.68001 103300 1 -0.534375 0.961538 276 0 1596 -0.0507931 -0.0345749 -0.0318221 -1.52388 4.06933 153.147 
0.677888 -1.68001 103300 1 -0.534375 0.961538 277 0 1596 -0.0507931 -0.0345749 -0.0318221 -1.52388 4.06933 153.147 
0.969616 -1.14011 103533 1 -0.534375 0.961538 278 0 1603 -0.0530143 -0.024935 -0.0282439 -1.45408 4.06333 153.127 
0.954831 -1.25235 103600 1 -0.534375 0.961538 279 0 1605 -0.0519197 -0.0183083 -0.0297961 -1.36801 4.08698 153.344 
0.757796 -1.34158 103633 1 -0.534375 0.961538 280 0 1606 -0.0533545 -0.0232969 -0.0276292 -1.43534 4.05213 153.354 
0.831202 -1.49094 103667 1 -0.534375 0.961538 281 0 1607 -0.0530745 -0.0202348 -0.0250692 -1.41035 4.00612 153.464 
0.488191 -1.86056 103766 1 -0.534375 0.961538 282 0 1610 -0.0544117 -0.0204068 -0.0269696 -1.41139 4.02685 153.197 
0.189279 -2.33566 103867 1 -0.534375 0.961538 283 0 1613 -0.0529754 -0.0191558 -0.0291744 -1.38321 4.07667 153.275 
0.0945201 -2.16854 103933 1 -0.534375 0.961538 284 0 1615 -0.0537192 -0.0212258 -0.0291991 -1.41076 4.07505 153.311 
0.0191935 -2.21522 103967 1 -0.534375 0.961538 285 0 1616 -0.0530833 -0.0253484 -0.0281108 -1.46051 4.06596 153.338 
-0.161628 -1.75481 104101 1 -0.534375 0.961538 286 0 1620 -0.0536282 -0.0227899 -0.0279387 -1.42177 4.07331 153.185 
-0.289297 -2.06171 104167 1 -0.534375 0.961538 287 0 1622 -0.0538515 -0.0207291 -0.0256859 -1.40052 4.06609 153.506 
-0.493703 -0.802091 104267 1 -0.534375 0.961538 288 0 1625 -0.0531597 -0.0133251 -0.0313938 -1.26596 4.09563 153.433 
-0.635661 -0.769484 104300 1 -0.534375 0.961538 289 0 1626 -0.0511048 -0.0201783 -0.0356066 -1.3429 4.13455 153.018 
-0.635661 -0.769484 104300 1 -0.534375 0.961538 290 0 1626 -0.0511048 -0.0201783 -0.0356066 -1.3429 4.13455 153.018 
-1.16406 0.108807 104468 1 -0.534375 0.961538 291 0 1631 -0.0485078 -0.0159383 -0.028918 -1.2609 4.08633 153.295 
-0.552661 0.959447 104500 1 -0.534375 0.961538 292 0 1632 -0.0485077 -0.0157139 -0.0303455 -1.25478 4.09637 153.386 
-0.671832 1.0463 104567 1 -0.534375 0.961538 293 0 1634 -0.0484661 -0.0166594 -0.0299793 -1.26082 4.09122 153.323 
-1.14237 0.503612 104600 1 -0.534375 0.961538 294 0 1635 -0.047496 -0.0214781 -0.0313131 -1.31968 4.10871 153.173 
-1.14237 0.503612 104600 1 -0.534375 0.961538 295 0 1635 -0.047496 -0.0214781 -0.0313131 -1.31968 4.10871 153.173 
-0.629045 0.847952 104768 1 -0.534375 0.961538 296 0 1640 -0.0494533 -0.0269867 -0.0353827 -1.39867 4.17197 153.054 
-1.0245 -0.635659 104801 1 -0.534375 0.961538 297 0 1641 -0.0499107 -0.0292551 -0.0362486 -1.44668 4.18196 153.275 
-1.02405 -0.809269 104901 1 -0.534375 0.961538 298 0 1644 -0.0521124 -0.0262526 -0.0331829 -1.42833 4.16255 153.267 
-1.02405 -0.809269 104901 1 -0.534375 0.961538 299 0 1644 -0.0521124 -0.0262526 -0.0331829 -1.42833 4.16255 153.267 
-1.02405 -0.809269 104901 1 -0.534375 0.961538 300 0 1644 -0.0521124 -0.0262526 -0.0331829 -1.42833 4.16255 153.267 
-0.591236 -0.255334 105101 1 -0.534375 0.961538 301 0 1650 -0.052314 -0.0114351 -0.0308032 -1.2003 4.0951 153.438 
-0.286312 -0.533668 105235 1 -0.534375 0.961538 302 0 1654 -0.0480039 -0.0213496 -0.0303461 -1.31498 4.06538 153.25 
-0.103697 -0.58821 105267 1 -0.534375 0.961538 303 0 1655 -0.0483597 -0.0256059 -0.0324501 -1.37381 4.07942 153.194 
-0.103697 -0.58821 105267 1 -0.534375 0.961538 304 0 1655 -0.0483597 -0.0256059 -0.0324501 -1.37381 4.07942 153.194 
-0.243481 -0.305536 105435 1 -0.534375 0.961538 305 0 1660 -0.0520992 -0.0271726 -0.0308267 -1.47638 4.03815 153.504 
-0.378565 -0.250058 105502 1 -0.534375 0.961538 306 0 1662 -0.0519602 -0.0269954 -0.0306465 -1.47894 4.04473 153.329 
-0.517128 -0.359562 105569 1 -0.534375 0.961538 307 0 1664 -0.0512554 -0.0193233 -0.0324129 -1.35959 4.07633 153.354 
-0.544764 -0.344134 105602 1 -0.534375 0.961538 308 0 1665 -0.0520086 -0.0223309 -0.0295904 -1.40119 4.0553 153.561 
-0.544764 -0.344134 105602 1 -0.534375 0.961538 309 0 1665 -0.0520086 -0.0223309 -0.0295904 -1.40119 4.0553 153.561 
-0.351107 -0.519884 105637 1 -0.534375 0.961538 310 0 1666 -0.0524059 -0.0210585 -0.0316127 -1.37648 4.07982 153.415 
-0.351107 -0.519884 105637 1 -0.534375 0.961538 311 0 1666 -0.0524059 -0.0210585 -0.0316127 -1.37648 4.07982 153.415 
-0.351107 -0.519884 105637 1 -0.534375 0.961538 312 0 1666 -0.0524059 -0.0210585 -0.0316127 -1.37648 4.07982 153.415 
0.362496 -0.248168 105768 1 -0.534375 0.961538 313 0 1670 -0.0486565 -0.0130679 -0.0365383 -1.18621 4.09373 152.979 
0.351198 -1.0992 106036 1 -0.534375 0.961538 314 0 1678 -0.0463812 -0.0109446 -0.0367885 -1.16958 4.10409 152.92 
0.351198 -1.0992 106036 1 -0.534375 0.961538 315 0 1678 -0.0463812 -0.0109446 -0.0367885 -1.16958 4.10409 152.92 
0.126415 -0.946534 106103 1 -0.534375 0.961538 316 0 1680 -0.0476766 -0.0129856 -0.0329358 -1.20633 4.04726 152.886 
0.126415 -0.946534 106103 1 -0.534375 0.961538 317 0 1680 -0.0476766 -0.0129856 -0.0329358 -1.20633 4.04726 152.886 
0.126415 -0.946534 106103 1 -0.534375 0.961538 318 0 1680 -0.0476766 -0.0129856 -0.0329358 -1.20633 4.04726 152.886 
0.0526538 -1.3645 106169 1 -0.531771 0.961538 319 0 1682 -0.0484007 -0.0121762 -0.0348298 -1.20878 4.05511 152.924 
0.0526538 -1.3645 106169 1 -0.529687 0.960577 320 0 1682 -0.0484007 -0.0121762 -0.0348298 -1.20878 4.05511 152.924 
0.0526538 -1.3645 106169 1 -0.527083 0.959615 321 0 1682 -0.0484007 -0.0121762 -0.0348298 -1.20878 4.05511 152.924 
0.348384 -2.07903 106370 1 -0.526563 0.959615 322 0 1688 -0.0441054 -0.0119119 -0.0353458 -1.19456 4.08093 152.98 
0.348384 -2.07903 106370 1 -0.526042 0.959615 323 0 1688 -0.0441054 -0.0119119 -0.0353458 -1.19456 4.08093 152.98 
0.348384 -2.07903 106370 1 -0.526042 0.959615 324 0 1688 -0.0441054 -0.0119119 -0.0353458 -1.19456 4.08093 152.98 
1.16548 -3.00724 106603 1 -0.526042 0.958654 325 0 1695 -0.0474702 -0.015429 -0.0348559 -1.26326 4.06563 152.909 
0.558274 -2.27999 106837 1 -0.525 0.958654 326 0 1702 -0.0458284 -0.0238898 -0.0419526 -1.35946 4.18623 152.711 
0.558274 -2.27999 106837 1 -0.523958 0.958654 327 0 1702 -0.0458284 -0.0238898 -0.0419526 -1.35946 4.18623 152.711 
0.558274 -2.27999 106837 1 -0.522917 0.957692 328 0 1702 -0.0458284 -0.0238898 -0.0419526 -1.35946 4.18623 152.711 
1.003 -2.18699 106904 1 -0.522917 0.957692 329 0 1704 -0.0463637 -0.0249462 -0.0398047 -1.37352 4.18044 152.742 
1.003 -2.18699 106904 1 -0.522917 0.957692 330 0 1704 -0.0463637 -0.0249462 -0.0398047 -1.37352 4.18044 152.742 
1.003 -2.18699 106904 1 -0.522917 0.957692 331 0 1704 -0.0463637 -0.0249462 -0.0398047 -1.37352 4.18044 152.742 
0.122832 -1.6885 107103 1 -0.522917 0.957692 332 0 1710 -0.0487055 -0.0254235 -0.0382038 -1.39934 4.15365 152.791 
0.122832 -1.6885 107103 1 -0.522917 0.957692 333 0 1710 -0.0487055 -0.0254235 -0.0382038 -1.39934 4.15365 152.791 
0.122832 -1.6885 107103 1 -0.522917 0.957692 334 0 1710 -0.0487055 -0.0254235 -0.0382038 -1.39934 4.15365 152.791 
-0.0329501 -0.917056 107337 1 -0.522917 0.957692 335 0 1717 -0.0474268 -0.0300582 -0.0333759 -1.44222 4.12179 152.903 
-0.0329501 -0.917056 107337 1 -0.522917 0.957692 336 0 1717 -0.0474268 -0.0300582 -0.0333759 -1.44222 4.12179 152.903 
-0.671507 -0.000811032 107570 1 -0.522917 0.957692 337 0 1724 -0.0497657 -0.0243796 -0.0329693 -1.4066 4.09431 153.578 
-1.48081 0.861205 107671 1 -0.523438 0.957692 338 0 1727 -0.051523 -0.0304773 -0.0346071 -1.49498 4.11702 153.526 
-1.48081 0.861205 107671 1 -0.523438 0.957692 339 0 1727 -0.051523 -0.0304773 -0.0346071 -1.49498 4.11702 153.526 
-1.48081 0.861205 107671 1 -0.523958 0.957692 340 0 1727 -0.051523 -0.0304773 -0.0346071 -1.49498 4.11702 153.526 
-0.494799 0.232739 107738 1 -0.525 0.957692 341 0 1729 -0.0416279 -0.0316434 -0.044945 -1.33057 4.13892 152.79 
2.67505 5.13291 107971 1 -0.526042 0.957692 342 0 1736 -0.0416279 -0.0316434 -0.044945 -1.33057 4.13892 152.79 
2.67505 5.13291 107971 1 -0.526563 0.957692 343 0 1736 -0.0416279 -0.0316434 -0.044945 -1.33057 4.13892 152.79 
3.6477 23.072 108037 1 -0.526563 0.957692 344 0 1738 -0.0416777 -0.0236678 -0.0428023 -1.25333 4.12836 152.834 
3.6477 23.072 108037 1 -0.527604 0.956731 345 0 1738 -0.0416777 -0.0236678 -0.0428023 -1.25333 4.12836 152.834 
3.6477 23.072 108037 1 -0.528646 0.956731 346 0 1738 -0.0416777 -0.0236678 -0.0428023 -1.25333 4.12836 152.834 
-0.129745 -0.0993277 108405 1 -0.528646 0.956731 347 1 1749 -0.0424606 -0.0239107 -0.0424861 -1.24003 4.13848 152.673 
-0.335148 -0.202873 108505 1 -0.528646 0.956731 348 0 1752 -0.0444637 -0.0186087 -0.0417648 -1.21854 4.14585 152.667 
-0.261499 -0.438738 108573 1 -0.528646 0.956731 349 0 1754 -0.0439896 -0.00873708 -0.0396996 -1.09589 4.12718 152.801 
-0.0303709 -0.430376 108638 1 -0.528646 0.956731 350 0 1756 -0.0426992 -0.00367905 -0.036979 -0.984586 4.08255 152.786 
-0.142978 -0.20604 108705 1 -0.528646 0.956731 351 0 1758 -0.0426615 -0.01322 -0.036054 -1.08646 4.06668 152.895 
0.0470042 -0.374153 108773 1 -0.528646 0.955769 352 0 1760 -0.042244 -0.0173788 -0.0358413 -1.14874 4.04832 152.648 
0.594807 -0.817472 108805 1 -0.523958 0.954808 353 0 1761 -0.0426799 -0.0151156 -0.0363159 -1.12455 4.05085 152.57 
0.594807 -0.817472 108805 1 -0.522396 0.954808 354 0 1761 -0.0426799 -0.0151156 -0.0363159 -1.12455 4.05085 152.57 
0.770983 -1.07458 109008 1 -0.521354 0.954808 355 0 1767 -0.0420799 -0.0117797 -0.0376969 -1.07874 4.11014 152.764 
0.752754 -0.763037 109071 1 -0.521354 0.954808 356 0 1769 -0.0408113 -0.0197685 -0.0332788 -1.15533 4.04484 152.626 
0.800944 -0.637052 109105 1 -0.521354 0.954808 357 0 1770 -0.0416035 -0.0214297 -0.0306784 -1.19709 4.01197 152.741 
0.800944 -0.637052 109105 1 -0.521354 0.954808 358 0 1770 -0.0416035 -0.0214297 -0.0306784 -1.19709 4.01197 152.741 
0.770872 -0.876581 109272 1 -0.521354 0.954808 359 0 1775 -0.0418239 -0.0189406 -0.0337381 -1.16001 4.06141 152.822 
0.671715 -0.680959 109339 1 -0.521354 0.954808 360 0 1777 -0.0393277 -0.0230277 -0.0340841 -1.20844 4.06573 152.573 
0.809767 -0.195046 109405 1 -0.521354 0.954808 361 1 1779 -0.0414236 -0.0276073 -0.0336597 -1.2479 4.0517 152.684 
0.897213 -0.282909 109439 1 -0.521354 0.954808 362 0 1780 -0.0425465 -0.0231245 -0.0349787 -1.20892 4.06346 152.491 
0.897213 -0.282909 109439 1 -0.521354 0.954808 363 0 1780 -0.0425465 -0.0231245 -0.0349787 -1.20892 4.06346 152.491 
0.648729 0.218838 109639 1 -0.521354 0.954808 364 1 1786 -0.0436766 -0.0202533 -0.0359162 -1.191 4.10953 152.688 
0.798601 -0.0646762 109673 1 -0.520312 0.954808 365 1 1787 -0.0431991 -0.0195116 -0.0360944 -1.1802 4.10537 152.652 
0.760869 0.0636965 109739 1 -0.517188 0.954808 366 1 1789 -0.0432232 -0.018599 -0.0364141 -1.19079 4.10403 152.579 
0.711546 0.0610983 109840 1 -0.515625 0.954808 367 1 1792 -0.0430408 -0.0164379 -0.0361818 -1.16282 4.12393 152.622 
0.675803 -0.282893 109906 1 -0.514062 0.954808 368 0 1794 -0.0437616 -0.0143956 -0.0333523 -1.12927 4.09411 152.727 
0.572518 -0.122222 109973 1 -0.513021 0.954808 369 1 1796 -0.0420105 -0.0295161 -0.0323197 -1.3015 4.07758 152.809 
0.382739 -0.291187 110041 1 -0.510417 0.954808 370 0 1798 -0.0436121 -0.0265319 -0.0336154 -1.28053 4.08517 152.833 
0.33088 -0.566066 110140 1 -0.507292 0.954808 371 0 1801 -0.0434668 -0.0232711 -0.0349793 -1.24818 4.1004 153.037 
0.251151 -0.654364 110206 1 -0.505208 0.954808 372 0 1803 -0.0452085 -0.0199692 -0.0371236 -1.22592 4.11378 152.817 
0.33879 -0.237258 110274 1 -0.504167 0.953846 373 0 1805 -0.043528 -0.0200673 -0.0277455 -1.22515 3.97762 153.053 
0.372314 -0.123759 110340 1 -0.503646 0.953846 374 1 1807 -0.0459743 -0.016553 -0.0315667 -1.19028 4.0089 152.993 
0.493585 -0.44423 110407 1 -0.502604 0.953846 375 0 1809 -0.0460207 -0.0117631 -0.0304676 -1.11674 3.98961 152.985 
0.65404 -0.36993 110474 1 -0.502604 0.953846 376 0 1811 -0.0419081 -0.0134474 -0.0343062 -1.11165 4.04418 152.973 
0.77345 -0.384272 110573 1 -0.502604 0.953846 377 0 1814 -0.0421594 -0.0173774 -0.0353546 -1.14892 4.03446 153.006 
0.716731 0.00783356 110640 1 -0.502604 0.953846 378 1 1816 -0.0426755 -0.0167584 -0.0358305 -1.14422 4.0408 152.731 
0.809649 -0.293539 110707 1 -0.502604 0.953846 379 0 1818 -0.041477 -0.0200445 -0.0368604 -1.19233 4.06317 152.747 
0.834499 -0.127379 110740 1 -0.502604 0.953846 380 1 1819 -0.0441989 -0.0172686 -0.0378671 -1.16602 4.07147 152.633 
1.02101 -0.269328 110841 1 -0.502604 0.953846 381 0 1822 -0.044634 -0.0160427 -0.0376546 -1.15904 4.07337 152.663 
1.13698 -0.157189 110907 1 -0.502604 0.953846 382 1 1824 -0.0437858 -0.00987797 -0.0367185 -1.08921 4.07001 152.652 
1.4072 0.12214 110940 1 -0.502604 0.953846 383 0 1825 -0.0425394 -0.00518428 -0.0361535 -1.03346 4.06839 152.759 
3.28693 2.02208 111007 1 -0.502604 0.953846 384 0 1827 -0.0441873 -0.00633346 -0.0368796 -1.05244 4.07034 152.817 
2.02117 2.48041 111107 1 -0.502604 0.953846 385 0 1830 -0.0428436 -0.00692626 -0.0399263 -1.06218 4.11708 152.686 
1.50597 1.24666 111141 1 -0.502604 0.953846 386 0 1831 -0.043808 -0.00677037 -0.0395552 -1.05874 4.11719 152.743 
0.943884 0.0933349 111240 1 -0.502604 0.953846 387 1 1834 -0.0439705 -0.00771397 -0.0355508 -1.07274 4.05427 152.531 
0.834501 -0.189981 111307 1 -0.503125 0.953846 388 1 1836 -0.0439691 -0.00492443 -0.0376214 -1.01654 4.10182 152.777 
1.00195 -0.44585 111374 1 -0.504167 0.953846 389 0 1838 -0.0418689 -0.00842712 -0.0343593 -1.05023 4.05873 152.802 
0.792369 -0.0881915 111441 1 -0.505208 0.952885 390 1 1840 -0.0426917 -0.00784975 -0.0359312 -1.04892 4.06845 152.792 
0.784794 -0.102751 111508 1 -0.50625 0.952885 391 1 1842 -0.0424949 -0.00755514 -0.0360206 -1.05207 4.06738 152.798 
0.833029 -0.263698 111575 1 -0.507813 0.952885 392 0 1844 -0.043019 -0.00726249 -0.036156 -1.05035 4.06846 152.537 
0.725304 0.112983 111674 1 -0.509896 0.952885 393 1 1847 -0.0423385 -0.00427782 -0.0360234 -1.02703 4.08707 152.605 
0.417957 0.244107 111775 1 -0.510417 0.952885 394 1 1850 -0.0430151 -0.0148798 -0.0393253 -1.14412 4.13606 152.552 
0.416269 0.251905 111841 1 -0.510417 0.952885 395 1 1852 -0.0431077 -0.0147661 -0.0393756 -1.14515 4.13536 152.557 
0.555161 0.0601436 111908 1 -0.510417 0.952885 396 1 1854 -0.042599 -0.011052 -0.0383521 -1.10799 4.12761 152.671 
0.491295 0.140536 111975 1 -0.510417 0.952885 397 1 1856 -0.0420813 -0.0104309 -0.0349366 -1.09738 4.09647 152.713 
0.483036 0.141492 112041 1 -0.510417 0.952885 398 1 1858 -0.0428757 -0.0105193 -0.0349957 -1.09584 4.09587 152.728 
0.0293122 0.186508 112108 1 -0.510417 0.952885 399 1 1860 -0.0428663 -0.00656453 -0.0379323 -1.02392 4.1273 152.548 
-0.233251 0.182846 112175 1 -0.510417 0.952885 400 0 1862 -0.042798 -0.0194933 -0.0449407 -1.15045 4.24173 152.726 
-0.251565 0.394977 112242 1 -0.510417 0.952885 401 0 1864 -0.0403138 -0.0216974 -0.0374274 -1.19928 4.15301 152.598 
-0.485388 0.42803 112309 1 -0.510417 0.952885 402 0 1866 -0.0427372 -0.0230827 -0.041557 -1.24426 4.1973 152.821 
-0.500549 -0.0844449 112408 1 -0.510417 0.952885 403 0 1869 -0.0425207 -0.0194408 -0.0353413 -1.19029 4.09977 152.72 
-0.407965 -0.0300495 112442 1 -0.510417 0.952885 404 0 1870 -0.0417594 -0.0161538 -0.0340043 -1.14974 4.06705 152.632 
-0.338397 -0.0543164 112542 1 -0.510417 0.952885 405 0 1873 -0.0429878 -0.0151808 -0.0344584 -1.13979 4.06711 152.65 
-0.338397 -0.0543164 112542 1 -0.510417 0.952885 406 0 1873 -0.0429878 -0.0151808 -0.0344584 -1.13979 4.06711 152.65 
-0.38379 -0.211622 112575 1 -0.510417 0.952885 407 0 1874 -0.0411041 -0.0146725 -0.0359026 -1.12357 4.08261 152.803 
-0.410091 0.10421 112742 1 -0.510417 0.952885 408 0 1879 -0.0401596 -0.0205416 -0.0331215 -1.18467 4.01881 152.852 
0.0900554 2.73264 112809 1 -0.510417 0.952885 409 0 1881 -0.0405075 -0.0126233 -0.0374016 -1.09328 4.07192 152.782 
2.88428 2.11785 112842 1 -0.510417 0.952885 410 0 1882 -0.0391782 -0.011511 -0.0368162 -1.06477 4.06967 152.921 
3.33855 3.4478 112875 1 -0.510417 0.952885 411 0 1883 -0.0401422 -0.0126423 -0.0414622 -1.0725 4.11925 152.945 
1.37897 1.85981 112976 1 -0.510417 0.952885 412 0 1886 -0.04191 -0.0134687 -0.0399672 -1.08153 4.11543 152.851 
2.00376 -0.949446 113043 1 -0.510417 0.952885 413 0 1888 -0.0429733 -0.0176485 -0.0447157 -1.1379 4.1839 152.815 
1.01587 -2.0418 113109 1 -0.510417 0.952885 414 0 1890 -0.0408749 -0.0190992 -0.0468551 -1.16137 4.2152 152.664 
0.841267 -2.24254 113142 1 -0.510417 0.952885 415 0 1891 -0.0408673 -0.0189451 -0.0468916 -1.16305 4.21474 152.67 
0.841267 -2.24254 113142 1 -0.510417 0.951923 416 0 1891 -0.0408673 -0.0189451 -0.0468916 -1.16305 4.21474 152.67 
1.43587 -2.94308 113343 1 -0.510417 0.951923 417 0 1897 -0.0431607 -0.01746 -0.047436 -1.16821 4.20982 152.641 
1.31935 -3.5784 113410 1 -0.510417 0.951923 418 0 1899 -0.0446703 -0.010165 -0.0438177 -1.11918 4.17647 152.553 
1.58988 -3.61091 113476 1 -0.510417 0.951923 419 0 1901 -0.0444883 -0.00375171 -0.0340365 -1.03604 4.05121 152.857 
1.64035 -3.56989 113510 1 -0.510417 0.951923 420 0 1902 -0.0439668 -0.00349738 -0.0346936 -1.03041 4.06011 152.74 
1.31727 -2.67742 113609 1 -0.510417 0.951923 421 0 1905 -0.0438407 -0.00330756 -0.034651 -1.01989 4.06119 152.78 
1.11464 -2.53359 113676 1 -0.510417 0.951923 422 0 1907 -0.0438669 -0.00373739 -0.0382162 -1.01791 4.10727 152.719 
1.26056 -1.88742 113743 1 -0.510417 0.951923 423 0 1909 -0.0441744 -0.00333475 -0.038206 -1.00739 4.10615 152.649 
1.04751 -2.68879 113777 1 -0.510417 0.951923 424 0 1910 -0.0441744 -0.00333475 -0.038206 -1.00739 4.10615 152.649 
1.04751 -2.68879 113777 1 -0.510417 0.951923 425 0 1910 -0.0441744 -0.00333475 -0.038206 -1.00739 4.10615 152.649 
1.23972 -2.88601 113810 1 -0.510417 0.951923 426 0 1911 -0.0429108 -0.00324539 -0.0381096 -1.00173 4.11365 152.72 
1.3424 -3.19422 114010 1 -0.510417 0.951923 427 0 1917 -0.0429094 -0.00319371 -0.03817 -1.00228 4.1129 152.731 
1.34751 -3.26557 114077 1 -0.510417 0.951923 428 0 1919 -0.0436319 0.00242671 -0.0365384 -0.930133 4.0694 152.662 
1.86807 -3.75059 114111 1 -0.510417 0.951923 429 0 1920 -0.0436308 0.00130553 -0.0349793 -0.937223 4.05156 152.643 
1.94412 -4.36042 114144 1 -0.510417 0.951923 430 0 1921 -0.0435752 -0.00836235 -0.0375628 -1.05672 4.09103 152.67 
2.02172 -4.29014 114277 1 -0.510417 0.951923 431 0 1925 -0.0422486 -0.00529155 -0.0409693 -1.01737 4.15559 152.552 
2.02106 -4.64753 114343 1 -0.510417 0.951923 432 0 1927 -0.0428113 -0.00509165 -0.0407763 -1.01807 4.15844 152.578 
1.82482 -3.79906 114410 1 -0.510938 0.951923 433 0 1929 -0.0425923 -0.00685575 -0.0399186 -1.0418 4.15734 152.679 
1.60282 -4.0206 114444 1 -0.510938 0.951923 434 0 1930 -0.0425109 -0.00846045 -0.0407639 -1.05257 4.17317 152.66 
1.60282 -4.0206 114444 1 -0.511458 0.951923 435 0 1930 -0.0425109 -0.00846045 -0.0407639 -1.05257 4.17317 152.66 
1.65453 -4.03482 114477 1 -0.511458 0.951923 436 0 1931 -0.0437165 -0.0100728 -0.0404987 -1.07602 4.1715 152.736 
-0.309317 -1.21465 114677 1 -0.511458 0.951923 437 0 1937 -0.0435158 -0.0102212 -0.0398389 -1.0805 4.15661 152.707 
-0.0381064 -0.679831 114777 1 -0.511979 0.951923 438 0 1940 -0.0427561 -0.00812423 -0.0383744 -1.05479 4.1121 152.72 
-0.0381064 -0.679831 114777 1 -0.511979 0.951923 439 0 1940 -0.0427561 -0.00812423 -0.0383744 -1.05479 4.1121 152.72 
-0.0388759 -0.595006 114811 1 -0.511979 0.951923 440 0 1941 -0.0439785 -0.00935587 -0.0398258 -1.07965 4.11412 152.741 
0.0358499 -0.80828 114977 1 -0.511979 0.951923 441 0 1946 -0.0438185 -0.00596716 -0.0407013 -1.05234 4.11343 152.84 
-0.0313178 -0.862824 115078 1 -0.511979 0.951923 442 0 1949 -0.0427866 -0.0090131 -0.043816 -1.06016 4.16572 152.686 
0.0649829 -0.757876 115111 1 -0.511979 0.951923 443 0 1950 -0.0428934 -0.0141198 -0.0418761 -1.11515 4.14822 152.616 
0.0649829 -0.757876 115111 1 -0.511979 0.951923 444 0 1950 -0.0428934 -0.0141198 -0.0418761 -1.11515 4.14822 152.616 
1.16929 0.707686 115245 1 -0.5125 0.951923 445 1 1954 -0.0430212 -0.00804284 -0.0406897 -1.05278 4.13521 152.759 
3.12232 3.16233 115312 1 -0.514583 0.951923 446 0 1956 -0.0425214 -0.00800712 -0.0405657 -1.05146 4.13664 152.782 
2.20494 1.36702 115378 1 -0.516667 0.951923 447 0 1958 -0.0418415 -0.00780324 -0.040347 -1.05171 4.13527 152.659 
2.20494 1.36702 115378 1 -0.519271 0.951923 448 0 1958 -0.0418415 -0.00780324 -0.040347 -1.05171 4.13527 152.659 
1.3749 -1.32748 115511 1 -0.522396 0.951923 449 0 1962 -0.0424098 -0.00713745 -0.0407021 -1.05817 4.13109 152.739 
1.16645 -1.68992 115579 1 -0.524479 0.950962 450 0 1964 -0.0428732 -0.00685637 -0.0404905 -1.0506 4.13505 152.64 
0.944903 -1.69674 115679 1 -0.526563 0.950962 451 0 1967 -0.0436615 -0.00653346 -0.0406548 -1.05279 4.13334 152.706 
1.05104 -1.88252 115712 1 -0.527083 0.950962 452 0 1968 -0.0436615 -0.00653346 -0.0406548 -1.05279 4.13334 152.706 
0.785318 -1.96584 115745 1 -0.527083 0.950962 453 0 1969 -0.0430558 -0.00868728 -0.045302 -1.07512 4.20006 152.581 
0.587234 -2.73916 115878 1 -0.527083 0.950962 454 0 1973 -0.0435366 -0.000323058 -0.043846 -0.960278 4.19973 152.348 
0.483316 -2.1044 115979 1 -0.527083 0.950962 455 0 1976 -0.0420867 -0.0130902 -0.0339896 -1.12753 4.07914 152.746 
0.406118 -1.91035 116012 1 -0.529167 0.950962 456 0 1977 -0.0440896 -0.0125583 -0.0345436 -1.12318 4.078 152.547 
0.406118 -1.91035 116012 1 -0.531771 0.950962 457 0 1977 -0.0440896 -0.0125583 -0.0345436 -1.12318 4.078 152.547 
0.119459 -2.04429 116178 1 -0.533333 0.950962 458 0 1982 -0.0440896 -0.0125583 -0.0345436 -1.12318 4.078 152.547 
0.29137 -1.83576 116245 1 -0.536458 0.95 459 0 1984 -0.0439085 -0.0125783 -0.0344683 -1.12209 4.079 152.6 
0.0183678 -2.05126 116313 1 -0.536979 0.95 460 0 1986 -0.0430332 -0.0127852 -0.0376469 -1.11836 4.12564 152.733 
-0.0511903 -1.79551 116346 1 -0.536979 0.95 461 0 1987 -0.0446978 -0.0120281 -0.0375765 -1.11784 4.12857 152.64 
-0.0347313 -2.18465 116513 1 -0.539063 0.95 462 0 1992 -0.042967 -0.0100692 -0.0374709 -1.09025 4.14289 152.745 
0.124169 -1.73803 116612 1 -0.542188 0.95 463 0 1995 -0.0430899 -0.00368645 -0.0473642 -1.00549 4.2553 152.47 
-0.0699995 -2.31688 116646 1 -0.545312 0.95 464 0 1996 -0.0417761 -0.00679072 -0.0423733 -1.03697 4.19828 152.404 
-0.0699995 -2.31688 116646 1 -0.548958 0.949038 465 0 1996 -0.0417761 -0.00679072 -0.0423733 -1.03697 4.19828 152.404 
-0.0778417 -2.01392 116679 1 -0.551042 0.949038 466 0 1997 -0.04228 -0.0101865 -0.0418278 -1.08651 4.19891 152.704 
-0.336778 -1.60033 116913 1 -0.551562 0.949038 467 0 2004 -0.0429421 -0.00877083 -0.0406946 -1.08052 4.16236 152.968 
-0.488747 -1.62162 116947 1 -0.552083 0.949038 468 0 2005 -0.0431378 -0.00815194 -0.0412868 -1.07602 4.15746 152.878 
-0.183751 -1.72923 117080 1 -0.552083 0.949038 469 0 2009 -0.0416475 -0.0065904 -0.0407018 -1.05363 4.14497 152.952 
-0.282832 -1.61452 117147 1 -0.552083 0.949038 470 0 2011 -0.0419625 -0.0100214 -0.0452439 -1.09009 4.18563 152.79 
-0.143662 -0.906409 117213 1 -0.552083 0.949038 471 0 2013 -0.0433198 0.00096469 -0.040601 -0.950971 4.11648 152.895 
-0.115945 -0.799281 117280 1 -0.552083 0.949038 472 0 2015 -0.0414798 0.0038526 -0.0413268 -0.887847 4.12415 152.944 
-0.115945 -0.799281 117280 1 -0.551562 0.949038 473 0 2015 -0.0414798 0.0038526 -0.0413268 -0.887847 4.12415 152.944 
-0.32077 -0.423284 117447 1 -0.548438 0.949038 474 0 2020 -0.0415311 -0.012507 -0.0445719 -1.07323 4.16169 152.708 
-0.272259 -0.427739 117514 1 -0.545312 0.949038 475 0 2022 -0.0405701 -0.0124684 -0.043423 -1.08592 4.14561 152.663 
-0.155599 -0.730268 117580 1 -0.544271 0.949038 476 0 2024 -0.04117 -0.00814458 -0.0457903 -1.03524 4.18165 152.384 
-0.176717 -0.898882 117614 1 -0.541667 0.949038 477 0 2025 -0.0431817 -0.00806065 -0.046873 -1.04081 4.21921 152.642 
-0.176717 -0.898882 117614 1 -0.541667 0.949038 478 0 2025 -0.0431817 -0.00806065 -0.046873 -1.04081 4.21921 152.642 
4.41229 31.4564 117780 1 -0.541667 0.949038 479 0 2030 -0.0435478 -0.00475022 -0.0357397 -1.01777 4.10745 152.819 
3.8813 3.20175 117847 1 -0.541667 0.949038 480 0 2032 -0.0443767 -0.00402371 -0.036586 -1.02285 4.10099 152.959 
3.07055 4.41014 117881 1 -0.541667 0.949038 481 0 2033 -0.0443649 -0.00401837 -0.036586 -1.0229 4.101 152.958 
3.76674 2.43558 117914 1 -0.541667 0.949038 482 0 2034 -0.0443364 -0.0039742 -0.0366328 -1.02336 4.10045 152.964 
1.28865 1.30706 118015 1 -0.541667 0.949038 483 0 2037 -0.0441279 -0.00346102 -0.0368063 -1.02861 4.09945 153.008 
0.720658 -1.05421 118149 1 -0.541146 0.949038 484 0 2041 -0.0449726 0.00733025 -0.0394964 -0.890554 4.12742 152.803 
0.625263 -0.962115 118214 1 -0.541146 0.949038 485 0 2043 -0.04346 0.00132115 -0.0328193 -0.946056 4.06154 152.842 
0.520611 -1.21149 118248 1 -0.541146 0.949038 486 0 2044 -0.0427726 0.00312015 -0.0369412 -0.91269 4.11527 152.854 
0.520611 -1.21149 118248 1 -0.541146 0.949038 487 0 2044 -0.0427726 0.00312015 -0.0369412 -0.91269 4.11527 152.854 
0.526946 -1.45146 118281 1 -0.540625 0.949038 488 0 2045 -0.0421323 0.000987158 -0.0342126 -0.945861 4.08259 153.035 
0.539231 -1.5051 118447 1 -0.539063 0.949038 489 0 2050 -0.0429722 0.00094225 -0.0339009 -0.958496 4.06027 152.818 
0.806193 -1.67062 118514 1 -0.538542 0.949038 490 0 2052 -0.0433621 0.00135103 -0.0335838 -0.955542 4.06824 152.755 
0.797589 -1.55826 118548 1 -0.538542 0.949038 491 0 2053 -0.0425316 0.00148032 -0.0339472 -0.957377 4.07616 152.658 
0.797589 -1.55826 118548 1 -0.536979 0.949038 492 0 2053 -0.0425316 0.00148032 -0.0339472 -0.957377 4.07616 152.658 
0.750399 -1.73619 118715 1 -0.534896 0.949038 493 0 2058 -0.0435678 -0.00125218 -0.0313096 -0.988483 4.0481 152.854 
0.629992 -1.67325 118782 1 -0.53125 0.949038 494 0 2060 -0.0436025 -0.00119324 -0.031381 -0.989208 4.04728 152.863 
0.494166 -1.43965 118881 1 -0.530729 0.949038 495 0 2063 -0.0439308 -0.00867746 -0.032973 -1.09694 4.0824 152.799 
0.494166 -1.43965 118881 1 -0.530729 0.949038 496 0 2063 -0.0439308 -0.00867746 -0.032973 -1.09694 4.0824 152.799 
0.360081 -1.68775 118917 1 -0.530729 0.949038 497 0 2064 -0.0449815 -0.00849221 -0.0330007 -1.09767 4.08182 152.749 
0.0489934 -1.05934 119082 1 -0.530729 0.949038 498 0 2069 -0.0449035 -0.00839194 -0.0330711 -1.09875 4.08104 152.769 
0.0480354 -1.00911 119149 1 -0.530729 0.949038 499 0 2071 -0.0448999 -0.00840568 -0.0330633 -1.09759 4.08109 152.793 
0.0138352 -1.34185 119182 1 -0.527083 0.949038 500 0 2072 -0.0448215 -0.00838881 -0.0331162 -1.09775 4.08044 152.807 
0.0138352 -1.34185 119182 1 -0.526042 0.949038 501 0 2072 -0.0448215 -0.00838881 -0.0331162 -1.09775 4.08044 152.807 
0.316986 -0.00158594 119382 1 -0.523438 0.949038 502 1 2078 -0.046217 -0.0115056 -0.034524 -1.17165 4.0522 153.009 
2.00942 3.12562 119449 1 -0.523438 0.949038 503 0 2080 -0.0447712 -0.0116287 -0.0354538 -1.16821 4.07198 153.119 
3.76661 4.07402 119517 1 -0.523438 0.949038 504 0 2082 -0.044075 -0.0115921 -0.0354108 -1.16495 4.07638 153.137 
2.72981 3.72515 119549 1 -0.522396 0.949038 505 0 2083 -0.0448365 -0.0114891 -0.0358441 -1.16187 4.0727 153.086 
0.150467 1.02157 119682 1 -0.520312 0.949038 506 0 2087 -0.0443526 -0.00813718 -0.0361337 -1.11355 4.08125 153.156 
0.00366648 -0.379354 119816 1 -0.51875 0.949038 507 0 2091 -0.0442047 -0.00173887 -0.0336013 -1.0092 4.05239 152.936 
0.193151 -0.659904 119883 1 -0.517708 0.949038 508 0 2093 -0.0437524 -0.000597683 -0.0339551 -0.997864 4.04888 152.893 
0.193151 -0.659904 119883 1 -0.516667 0.949038 509 0 2093 -0.0437524 -0.000597683 -0.0339551 -0.997864 4.04888 152.893 
0.193151 -0.659904 119883 1 -0.515625 0.949038 510 0 2093 -0.0437524 -0.000597683 -0.0339551 -0.997864 4.04888 152.893 
-0.0945218 -0.572886 120082 1 -0.515104 0.949038 511 0 2099 -0.0409579 -0.0124329 -0.0330873 -1.06078 4.06002 153.015 
-0.664497 -0.0881978 120149 1 -0.514583 0.949038 512 0 2101 -0.0418794 -0.0271943 -0.0307192 -1.25475 4.04283 153.115 
-1.05177 0.205625 120216 1 -0.513542 0.95 513 0 2103 -0.0449653 -0.0332747 -0.0303726 -1.35708 4.0546 153.299 
-1.25621 0.54649 120318 1 -0.513542 0.95 514 0 2106 -0.0439556 -0.0312972 -0.0319834 -1.31234 4.0864 153.085 
-1.15678 0.593008 120350 1 -0.513021 0.95 515 0 2107 -0.0444866 -0.0265287 -0.0301781 -1.2538 4.06235 153.105 
-0.953746 0.501032 120449 1 -0.511979 0.95 516 0 2110 -0.0436738 -0.028471 -0.0291864 -1.2842 4.04583 153.142 
-0.936636 0.4011 120519 1 -0.510938 0.95 517 0 2112 -0.0438622 -0.0288472 -0.0284212 -1.28852 4.04986 152.993 
-1.0549 0.415946 120550 1 -0.509896 0.950962 518 0 2113 -0.0442277 -0.033192 -0.0303326 -1.35263 4.08055 153.132 
-1.0549 0.415946 120550 1 -0.508854 0.950962 519 0 2113 -0.0442277 -0.033192 -0.0303326 -1.35263 4.08055 153.132 
-1.02594 -0.4407 120717 1 -0.506771 0.950962 520 0 2118 -0.0445841 -0.0333222 -0.0305976 -1.35003 4.11526 153.096 
-1.34246 0.467186 120784 1 -0.504687 0.950962 521 0 2120 -0.0445748 -0.0316859 -0.0305046 -1.34136 4.12504 153.154 
-0.550954 2.10654 120817 1 -0.503646 0.950962 522 0 2121 -0.0454564 -0.0298824 -0.0281528 -1.33253 4.09893 153.343 
-0.550954 2.10654 120817 1 -0.503646 0.950962 523 0 2121 -0.0454564 -0.0298824 -0.0281528 -1.33253 4.09893 153.343 
1.42623 5.245 121017 1 -0.502604 0.951923 524 0 2127 -0.0452745 -0.0277779 -0.0286389 -1.33067 4.10113 153.397 
1.65202 3.38241 121084 1 -0.502083 0.951923 525 0 2129 -0.0458162 -0.0276788 -0.0297027 -1.33823 4.11673 153.295 
1.21193 2.22383 121118 1 -0.501563 0.951923 526 0 2130 -0.0463701 -0.0269775 -0.0311686 -1.34168 4.13043 153.155 
-0.671162 0.984238 121251 1 -0.5 0.951923 527 0 2134 -0.0482848 -0.0255506 -0.0359966 -1.32828 4.24186 153.404 
-0.694025 0.276512 121351 1 -0.497917 0.951923 528 0 2137 -0.0490574 -0.0173584 -0.0317805 -1.24848 4.18575 153.127 
-0.742015 0.0865852 121418 1 -0.495833 0.951923 529 0 2139 -0.0501873 -0.0195555 -0.0323308 -1.29634 4.18774 153.143 
-0.769534 0.103016 121484 1 -0.492708 0.951923 530 0 2141 -0.0498904 -0.0195975 -0.0248921 -1.32458 4.09338 153.209 
-0.769534 0.103016 121484 1 -0.492708 0.951923 531 0 2141 -0.0498904 -0.0195975 -0.0248921 -1.32458 4.09338 153.209 
-0.629069 -0.0618901 121518 1 -0.492708 0.951923 532 0 2142 -0.0495555 -0.0175238 -0.0256092 -1.29194 4.09117 153.096 
-0.476657 -0.641586 121684 1 -0.492708 0.951923 533 0 2147 -0.0513918 -0.0297238 -0.0312762 -1.48536 4.17231 153.102 
-0.268647 -0.874741 121751 1 -0.492708 0.951923 534 0 2149 -0.0522766 -0.0133993 -0.0293384 -1.25202 4.14881 153.38 
-0.568146 -1.66507 121785 1 -0.492708 0.951923 535 0 2150 -0.051543 -0.0176443 -0.029042 -1.29091 4.14294 153.469 
-0.568146 -1.66507 121785 1 -0.492708 0.951923 536 0 2150 -0.051543 -0.0176443 -0.029042 -1.29091 4.14294 153.469 
-0.523983 -1.47675 121951 1 -0.492708 0.951923 537 0 2155 -0.0527836 -0.0162729 -0.0257994 -1.32184 4.05228 153.589 
-0.364918 -1.52339 122018 1 -0.492708 0.951923 538 0 2157 -0.051388 -0.0222933 -0.0304729 -1.40219 4.09129 153.147 
-0.363748 -1.2585 122085 1 -0.492708 0.951923 539 0 2159 -0.0522159 -0.0220382 -0.0311761 -1.40136 4.09453 153.153 
-0.265553 -1.38631 122119 1 -0.492708 0.951923 540 0 2160 -0.0510068 -0.0252029 -0.0310796 -1.44121 4.08902 153.172 
-0.265553 -1.38631 122119 1 -0.492708 0.951923 541 0 2160 -0.0510068 -0.0252029 -0.0310796 -1.44121 4.08902 153.172 
-0.570941 -1.27667 122151 1 -0.492708 0.951923 542 0 2161 -0.051849 -0.0264416 -0.031883 -1.45414 4.10584 153.266 
-0.581697 -0.359584 122386 1 -0.492708 0.951923 543 0 2168 -0.0572506 -0.0332207 -0.0293146 -1.60859 4.11903 153.417 
-0.418857 -0.608076 122452 1 -0.492708 0.951923 544 0 2170 -0.0550098 -0.0221127 -0.0253039 -1.47274 4.06095 153.572 
-0.418857 -0.608076 122452 1 -0.492708 0.951923 545 0 2170 -0.0550098 -0.0221127 -0.0253039 -1.47274 4.06095 153.572 
-0.188089 -0.209865 122485 1 -0.492708 0.951923 546 0 2171 -0.057208 -0.0220241 -0.0270924 -1.47024 4.07186 153.413 
0.546128 1.67857 122619 1 -0.492708 0.951923 547 0 2175 -0.0442272 -0.0395591 0.0111109 -1.70745 3.50161 154.713 
0.77147 3.95702 122685 1 -0.492708 0.951923 548 0 2177 -0.0377418 -0.0646808 0.0480974 -2.02961 2.92022 154.244 
22.1088 98.5261 122718 1 -0.492708 0.951923 549 0 2178 -0.0353113 -0.0698714 0.0638188 -2.09991 2.67116 154.082 
22.1088 98.5261 122718 1 -0.492708 0.951923 550 0 2178 -0.0353113 -0.0698714 0.0638188 -2.09991 2.67116 154.082 
12.4596 49.4557 122886 1 -0.492708 0.951923 551 0 2183 -0.0349583 -0.097027 0.107192 -2.20143 2.18071 155.789 
10.7941 -10.0613 122952 1 -0.492708 0.951923 552 0 2185 -0.0367593 -0.108804 0.112363 -2.19335 2.12793 157.164 
3.69486 12.9956 123052 1 -0.492708 0.951923 553 0 2188 -0.0257196 -0.0938813 0.115747 -1.83185 2.007 157.657 
3.88001 11.6196 123085 1 -0.492708 0.951923 554 0 2189 -0.0226736 -0.0950372 0.106147 -1.79179 2.08837 158.318 
4.09015 15.772 123119 1 -0.492708 0.951923 555 0 2190 -0.0256941 -0.104136 0.103723 -1.87248 2.08236 158.618 
4.45202 9.15206 123253 1 -0.492708 0.951923 556 0 2194 -0.0123291 -0.0686648 -0.0126116 -1.15144 3.28781 157.68 
2.83335 4.06388 123320 1 -0.492708 0.951923 557 0 2196 -0.00600786 -0.0686363 -0.0283506 -1.15542 3.32852 157.863 
2.59479 0.349621 123386 1 -0.492708 0.951923 558 0 2198 -0.00506511 -0.06216 -0.0359466 -1.14138 3.27961 158.805 
3.1305 -0.550908 123419 1 -0.492708 0.951923 559 0 2199 -0.00585894 -0.0606749 -0.0393935 -1.17563 3.24788 159.316 
4.01289 -1.90724 123520 1 -0.5 0.951923 560 0 2202 -0.0192779 -0.0473231 -0.0346973 -1.36067 3.07713 159.409 
2.8688 -0.063271 123620 1 -0.548958 0.951923 561 0 2205 -0.0355324 -0.0885324 -0.0130302 -2.50664 2.68445 158.249 
3.08247 -0.123432 123654 1 -0.580208 0.949038 562 0 2206 -0.0425187 -0.0883467 -0.017825 -2.67469 2.69661 157.634 
3.45438 0.920331 123686 1 -0.582812 0.942308 563 0 2207 -0.0442938 -0.0977681 -0.0251028 -2.90061 2.72747 157.141 
2.93802 0.325524 123720 1 -0.575521 0.922115 564 0 2208 -0.0503015 -0.101651 -0.0339759 -3.08635 2.84446 157.102 
1.84077 0.104507 123853 1 -0.566146 0.899038 565 0 2212 -0.0596115 -0.121705 -0.0750493 -3.92155 3.41009 159.681 
2.05545 0.159584 123987 1 -0.570833 0.871154 566 0 2216 -0.0634223 -0.0824238 -0.0572634 -3.99206 3.2663 159.958 
2.10039 0.771181 124020 1 -0.570833 0.871154 567 0 2217 -0.0662558 -0.0780873 -0.0446112 -3.92563 3.05384 160.714 
1.58376 1.63154 124053 1 -0.570833 0.871154 568 0 2218 -0.0766126 -0.0917952 -0.0293893 -4.05219 2.80576 161.671 
2.17641 0.964001 124121 1 -0.570833 0.871154 569 0 2220 -0.072717 -0.114577 -0.0385092 -4.09871 2.86571 162.826 
2.16358 0.407612 124220 1 -0.570833 0.871154 570 0 2223 -0.0708048 -0.146817 -0.019858 -4.0514 2.7242 165.007 
2.2882 0.466286 124287 1 -0.56875 0.877885 571 0 2225 -0.0597421 -0.149018 -0.0195748 -3.94045 2.72562 166.142 
1.95651 0.793649 124355 1 -0.56875 0.877885 572 0 2227 -0.0500833 -0.136721 -0.0311111 -3.7542 2.75577 167.084 
1.78408 0.721295 124388 1 -0.56875 0.877885 573 0 2228 -0.0412231 -0.128105 -0.0346806 -3.60218 2.74548 167.506 
1.9846 -0.0482899 124488 1 -0.56875 0.877885 574 0 2231 -0.0321927 -0.0937963 -0.0414426 -2.96934 2.67645 168.454 
2.01111 0.162564 124553 1 -0.56875 0.877885 575 0 2233 -0.0281903 -0.0916529 -0.0449579 -2.87013 2.88173 169.601 
0.816891 1.05041 124656 1 -0.56875 0.877885 576 0 2236 -0.0230366 -0.0614345 -0.0261847 -2.3037 2.79405 170.842 
0.563561 1.34241 124687 1 -0.56875 0.877885 577 0 2237 -0.0272206 -0.0596276 -0.0202871 -2.21439 2.7142 171.123 
0.786107 1.78728 124788 1 -0.567187 0.877885 578 0 2240 -0.0326757 -0.0691983 -0.0134565 -2.17132 2.65973 170.301 
1.42705 2.475 124855 1 -0.514583 0.876923 579 0 2242 -0.0289131 -0.0751461 -0.0152364 -2.1477 2.80963 167.572 
0.809798 2.59817 124920 1 -0.307292 0.876923 580 0 2244 -0.0365942 -0.0870984 -0.0163715 -2.49766 3.11062 166.252 
0.323175 2.28663 124954 1 0.0708333 0.876923 581 0 2245 -0.0396925 -0.0611078 0.00565707 -2.38491 2.97097 165.548 
-0.0366992 3.16926 125021 1 0.404167 0.876923 582 0 2247 -0.0437088 -0.0700879 0.00813631 -2.49107 2.95619 165.464 
-1.0337 2.60854 125155 1 0.598437 0.782692 583 0 2251 -0.0577795 -0.106059 -0.00684121 -2.7063 2.87452 166.436 
-0.375077 3.4241 125222 1 0.766146 0.4375 584 0 2253 -0.0575125 -0.124578 0.0135786 -2.84744 2.49765 165.926 
1.86014 2.96314 125321 1 0.75 0.105769 585 0 2256 -0.0481617 -0.117543 0.0396379 -2.76633 2.40443 163.597 
1.95344 3.68825 125354 1 0.766667 0 586 0 2257 -0.0441248 -0.13291 0.0261792 -3.08305 2.64078 163.639 
2.10299 0.908449 125455 1 0.766667 0 587 0 2260 -0.0202434 -0.0815008 0.00987055 -2.81653 2.88216 163.057 
2.02321 -0.00757902 125556 1 0.754167 0 588 0 2263 -0.0235765 -0.100981 -0.00509136 -3.32267 3.21213 162.046 
2.08561 -0.293244 125655 1 0.7125 0.00384615 589 0 2266 -0.0269412 -0.0842785 0.019995 -3.1307 3.07173 160.989 
2.08561 -0.293244 125655 1 0.7125 0.00480769 590 0 2266 -0.0269412 -0.0842785 0.019995 -3.1307 3.07173 160.989 
2.36212 -0.919563 125788 1 0.688542 0.0163462 591 0 2270 -0.049081 -0.101819 0.0150955 -3.18186 3.20284 160.652 
2.6243 -0.970232 125823 1 0.625 0.0298077 592 0 2271 -0.0524972 -0.104303 0.0113604 -3.21729 3.23581 160.499 
0.0536863 1.54219 125956 1 0.578125 0.0346154 593 0 2275 -0.0616852 -0.0837098 0.00416453 -2.95975 3.35298 160.194 
0.174086 1.3963 125989 1 0.559896 0.0394231 594 0 2276 -0.0635663 -0.0731292 0.00647606 -2.7978 3.36451 160.243 
-0.193315 1.75312 126089 1 0.543229 0.0480769 595 0 2279 -0.0529885 -0.0620891 0.00197158 -2.67139 3.46347 160.715 
-0.230642 1.5268 126155 1 0.510938 0.0490385 596 0 2281 -0.0469361 -0.0740482 0.00645604 -2.71434 3.53057 161.334 
-0.131184 1.62875 126222 1 0.491146 0.0538462 597 0 2283 -0.0451472 -0.0757231 0.00358805 -2.65519 3.49714 161.642 
-0.144524 1.206 126289 1 0.483333 0.0576923 598 0 2285 -0.03743 -0.083557 -0.015985 -2.62099 3.64606 161.817 
-0.190866 1.55255 126323 1 0.483333 0.0576923 599 0 2286 -0.0338796 -0.0825752 -0.0154124 -2.57317 3.60467 161.909 
-0.263238 0.791321 126456 1 0.4875 0.0586538 600 0 2290 -0.0274352 -0.083675 -0.035812 -2.43285 3.80592 162.538 
-0.396762 0.958385 126523 1 0.488542 0.0586538 601 0 2292 -0.0268589 -0.0840988 -0.0340502 -2.39416 3.79917 163.077 
0.156401 0.428542 126589 1 0.488542 0.0586538 602 1 2294 -0.0268705 -0.0810908 -0.0334768 -2.26994 3.72831 162.919 
0.565743 -0.321016 126656 1 0.488542 0.0586538 603 0 2296 -0.029545 -0.090671 -0.0331925 -2.35292 3.67956 162.957 
0.565743 -0.321016 126656 1 0.488542 0.0586538 604 0 2296 -0.029545 -0.090671 -0.0331925 -2.35292 3.67956 162.957 
0.565004 0.0169222 126823 1 0.495833 0.0596154 605 1 2301 -0.0304167 -0.0901709 -0.036994 -2.485 3.47798 162.03 
0.37913 0.0673896 126889 1 0.497396 0.0596154 606 1 2303 -0.0352933 -0.101985 -0.0380747 -2.69337 3.52222 161.528 
0.126444 0.512485 126959 1 0.454688 0.0596154 607 1 2305 -0.0360961 -0.126862 -0.0320522 -3.09203 3.56975 160.548 
-0.0574836 0.106254 127057 1 0.339062 0.0586538 608 0 2308 -0.0368177 -0.127324 -0.0420264 -3.18172 3.8225 158.708 
-0.653767 0.531512 127124 1 0.208854 0.0317308 609 0 2310 -0.0392524 -0.131662 -0.0563189 -3.28674 4.07796 156.221 
-0.656958 0.35301 127189 1 0.154688 0 610 0 2312 -0.0390001 -0.139109 -0.0530204 -3.41214 4.08892 154.291 
-0.6305 -0.155577 127257 1 0.132292 0 611 0 2314 -0.035925 -0.131565 -0.0521183 -3.36431 4.08538 153.15 
-0.6305 -0.155577 127257 1 0.116667 0 612 0 2314 -0.035925 -0.131565 -0.0521183 -3.36431 4.08538 153.15 
-1.18268 1.81842 127391 1 0.115104 0.00865385 613 0 2318 -0.0379488 -0.132342 -0.0514405 -3.37698 4.07656 152.881 
-1.32572 1.04887 127491 1 0.115625 0.0144231 614 0 2321 -0.0322147 -0.134882 -0.0530356 -3.33694 4.12128 153.659 
-1.3128 0.992012 127556 1 0.116146 0.0163462 615 0 2323 -0.0328157 -0.137271 -0.0523547 -3.32027 4.1379 154.043 
-1.26965 0.946951 127590 1 0.117708 0.0173077 616 0 2324 -0.0344346 -0.138567 -0.0525212 -3.31431 4.15187 154.16 
-0.31309 2.16439 127724 1 0.119271 0.0173077 617 0 2328 -0.0418183 -0.148363 -0.000569164 -3.46716 3.49167 153.93 
-0.182518 2.56748 127757 1 0.120313 0.0163462 618 0 2329 -0.0427966 -0.147012 0.00393122 -3.43923 3.40566 153.724 
2.50736 -3.52957 127858 1 0.120313 0.0163462 619 0 2332 -0.0404318 -0.147575 0.000780518 -3.41621 3.43875 154.951 
2.50736 -3.52957 127858 1 0.127083 0.0961538 620 0 2332 -0.0404318 -0.147575 0.000780518 -3.41621 3.43875 154.951 
0.124475 5.08558 127992 1 0.155729 0.325962 621 0 2336 -0.0374179 -0.117874 -0.0156035 -3.01194 3.6512 154.654 
0.676779 2.06384 128091 1 0.15625 0.417308 622 0 2339 -0.0341595 -0.081932 -0.002305 -2.49465 3.43118 156.075 
0.596715 0.285832 128226 1 0.170833 0.426923 623 1 2343 -0.0299141 -0.0776763 -0.0358993 -2.34114 3.85424 159.572 
0.465707 0.379481 128258 1 0.196354 0.425 624 1 2344 -0.0307844 -0.0717392 -0.0331194 -2.27546 3.83328 159.54 
0.849533 0.198849 128358 1 0.202083 0.415385 625 1 2347 -0.0289207 -0.0597988 -0.0239134 -2.08028 3.71049 160.158 
0.815499 0.113922 128426 1 0.200521 0.401923 626 1 2349 -0.0274979 -0.0615975 -0.0240194 -2.08382 3.71379 160.043 
0.535037 0.358061 128524 1 0.197396 0.390385 627 1 2352 -0.0276869 -0.0696473 -0.0235923 -2.16716 3.73571 159.54 
0.535037 0.358061 128524 1 0.197396 0.390385 628 1 2352 -0.0276869 -0.0696473 -0.0235923 -2.16716 3.73571 159.54 
