ImageFile:
-0.888733 0.351278 68894 1 0.176042 0.2375 1 0 808 -0.0220803 0.127538 0.357785 3.25939 -0.321656 123.034 
-0.888733 0.351278 68894 1 0.196354 0.2375 2 0 808 -0.0220803 0.127538 0.357785 3.25939 -0.321656 123.034 
-0.786353 0.357729 68934 1 0.336979 0.250962 3 0 809 -0.0235301 0.13772 0.362684 3.3349 -0.408202 122.234 
-0.533475 0.0459664 69134 1 0.481771 0.296154 4 0 814 -0.0230696 0.160023 0.364217 3.45457 -0.344643 122.82 
-0.512866 -0.191561 69215 1 0.503646 0.325 5 0 816 -0.023609 0.184987 0.348761 3.58448 -0.177067 123.783 
-0.512866 -0.191561 69215 1 0.540625 0.286538 6 0 816 -0.023609 0.184987 0.348761 3.58448 -0.177067 123.783 
-0.323852 0.0605983 69255 1 0.575 0.195192 7 0 817 -0.0237929 0.203381 0.344411 3.67633 -0.155503 123.898 
-0.178593 0.217024 69415 1 0.6 0.115385 8 1 821 -0.0264103 0.242428 0.346549 3.78767 -0.198489 124.711 
0.375747 0.0740751 69495 1 0.6 0.107692 9 1 823 -0.0312386 0.246209 0.348878 3.76903 -0.245286 124.568 
0.394764 -0.0350954 69535 1 0.581771 0.106731 10 1 824 -0.0377774 0.24921 0.347385 3.77259 -0.224817 124.573 
0.451688 -0.296129 69657 1 0.552083 0.108654 11 0 827 -0.0424111 0.269871 0.333781 3.90013 -0.0973297 123.914 
0.388612 -0.416106 69695 1 0.489583 0.138462 12 0 828 -0.0452818 0.268846 0.33743 3.8775 -0.165743 123.335 
0.520196 -0.401609 69776 1 0.485938 0.139423 13 0 830 -0.0371402 0.275182 0.337361 3.99848 -0.139097 122.954 
0.527364 -0.515364 69856 1 0.5125 0.180769 14 0 832 -0.0411027 0.268287 0.336306 3.97444 -0.0775558 123.339 
0.527364 -0.515364 69856 1 0.6375 0.144231 15 0 832 -0.0411027 0.268287 0.336306 3.97444 -0.0775558 123.339 
0.527364 -0.515364 69856 1 0.763021 0.123077 16 0 832 -0.0411027 0.268287 0.336306 3.97444 -0.0775558 123.339 
0.37889 -0.288945 70056 1 0.775 0.134615 17 0 837 -0.0428939 0.258651 0.356145 3.8261 -0.2432 123.443 
0.294363 -0.271688 70136 1 0.790625 0.165385 18 0 839 -0.0434169 0.261697 0.357829 3.79296 -0.305288 124.028 
0.439148 -0.318047 70176 1 0.805729 0.160577 19 0 840 -0.0384469 0.265254 0.352123 3.79325 -0.275151 124.002 
0.439148 -0.318047 70176 1 0.814063 0.136538 20 0 840 -0.0384469 0.265254 0.352123 3.79325 -0.275151 124.002 
0.807393 -0.288546 70217 1 0.835417 0.127885 21 0 841 -0.0353541 0.274428 0.346486 3.80632 -0.25565 123.816 
0.904388 -0.277556 70417 1 0.854688 0.127885 22 0 846 -0.0257036 0.323144 0.341236 3.96875 -0.18164 123.844 
0.982141 -0.285619 70497 1 0.855208 0.127885 23 0 848 -0.0263408 0.318583 0.337023 3.99267 -0.117667 124.002 
0.982141 -0.285619 70497 1 0.861458 0.127885 24 0 848 -0.0263408 0.318583 0.337023 3.99267 -0.117667 124.002 
1.35865 -0.398018 70659 1 0.863021 0.129808 25 0 852 -0.019452 0.31783 0.331382 4.13724 0.0159959 124.151 
1.34354 -0.407153 70739 1 0.863021 0.129808 26 0 854 -0.0153793 0.311474 0.334611 4.18017 0.0177035 124.326 
1.34942 -0.402533 70818 1 0.860938 0.131731 27 0 856 -0.0160104 0.302967 0.336156 4.14746 0.0111124 124.215 
1.34942 -0.402533 70818 1 0.7875 0.251923 28 0 856 -0.0160104 0.302967 0.336156 4.14746 0.0111124 124.215 
1.39622 -0.396168 70857 1 0.601042 0.594231 29 0 857 -0.0125914 0.297614 0.338479 4.138 0.00655132 124.069 
0.897217 2.31279 71099 1 0.486458 0.818269 30 0 863 -0.0212165 0.282582 0.329247 4.23192 0.25404 124.517 
0.616325 2.03106 71138 1 0.485938 0.811538 31 0 864 -0.0183029 0.275349 0.337964 4.19064 0.198532 124.676 
0.810935 0.568807 71259 1 0.485938 0.811538 32 1 867 -0.0169955 0.261095 0.343464 4.17756 0.149616 124.182 
0.641943 0.749979 71339 1 0.498958 0.8 33 1 869 -0.016793 0.247323 0.346504 4.13028 0.141419 124.166 
0.638352 0.708336 71379 1 0.496354 0.8 34 1 870 -0.0166293 0.237649 0.346014 4.07728 0.156227 124.241 
0.547262 0.63184 71459 1 0.421875 0.841346 35 1 872 -0.0130204 0.220688 0.355835 3.99154 0.0824922 124.018 
0.547262 0.63184 71459 1 0.278646 0.947115 36 1 872 -0.0130204 0.220688 0.355835 3.99154 0.0824922 124.018 
0.547262 0.63184 71459 1 0.247396 0.954808 37 1 872 -0.0130204 0.220688 0.355835 3.99154 0.0824922 124.018 
0.639972 0.205951 71659 1 0.224479 0.952885 38 1 877 -0.0193345 0.20535 0.357715 4.00632 0.125859 124.49 
0.635358 0.165967 71741 1 0.182292 0.952885 39 1 879 -0.0187115 0.205475 0.353251 4.01512 0.153228 124.489 
0.593327 0.1355 71780 1 0.168229 0.952885 40 1 880 -0.0172554 0.205614 0.350634 4.0191 0.175432 124.582 
0.199692 0.378991 71861 1 0.14375 0.947115 41 1 882 -0.0188518 0.205304 0.341623 4.04307 0.263461 124.844 
-0.0231927 0.633185 71939 1 0.124479 0.933654 42 1 884 -0.0202914 0.203176 0.342347 4.03595 0.250599 124.86 
-0.0873175 0.727404 72019 1 0.110937 0.919231 43 1 886 -0.021936 0.198782 0.348515 4.00723 0.168962 124.852 
-0.225153 0.772453 72060 1 0.0984375 0.9125 44 0 887 -0.0238221 0.202478 0.351513 4.04437 0.141079 125.336 
-0.261063 0.796489 72140 1 0.0942708 0.923077 45 0 889 -0.0236134 0.198587 0.35554 4.027 0.0878849 125.32 
-0.201165 0.789939 72221 1 0.0916667 0.935577 46 0 891 -0.0224363 0.196007 0.35502 4.00719 0.0685509 125.123 
-0.113572 0.814784 72261 1 0.0916667 0.95 47 1 892 -0.0231502 0.194355 0.356085 4.00217 0.0561558 125.082 
-0.07473 0.716106 72342 1 0.0942708 0.961538 48 1 894 -0.0223262 0.193597 0.352727 4.02378 0.11592 125.356 
-0.19992 0.733778 72420 1 0.0921875 0.965385 49 1 896 -0.0188031 0.187546 0.356575 4.00942 0.0936675 125.444 
-0.205426 0.658242 72461 1 0.0854167 0.971154 50 0 897 -0.0182405 0.186176 0.352952 4.01865 0.13539 125.554 
-0.228304 0.66733 72541 1 0.0796875 0.972115 51 0 899 -0.0161493 0.180056 0.352326 3.99803 0.13283 125.611 
-0.278465 0.705058 72621 1 0.0744792 0.975 52 0 901 -0.014743 0.179909 0.355319 4.00746 0.101152 125.488 
-0.288653 0.71535 72661 1 0.0744792 0.975 53 0 902 -0.0142671 0.178952 0.355702 3.99955 0.0965268 125.412 
-0.31223 0.673768 72741 1 0.0744792 0.975 54 0 904 -0.0138599 0.175675 0.353624 4.00014 0.123264 125.331 
-0.77952 -0.546283 72821 1 0.0744792 0.975 55 0 906 -0.0117461 0.169835 0.354237 3.98768 0.123784 125.289 
-0.739832 -0.582153 72862 1 0.0744792 0.975 56 0 907 -0.0108189 0.168275 0.354214 3.98554 0.0874321 124.7 
-0.739832 -0.582153 72862 1 0.0744792 0.975 57 0 907 -0.0108189 0.168275 0.354214 3.98554 0.0874321 124.7 
-0.739832 -0.582153 72862 1 0.0744792 0.975 58 0 907 -0.0108189 0.168275 0.354214 3.98554 0.0874321 124.7 
-0.755446 -0.464601 73063 1 0.0744792 0.975962 59 0 912 -0.00967146 0.169411 0.356097 4.01473 0.041983 124.331 
-0.811743 -0.506477 73142 1 0.0744792 0.975962 60 0 914 -0.00746351 0.168933 0.356274 4.0144 0.0461253 124.504 
-0.79572 -0.521308 73182 1 0.0744792 0.975962 61 0 915 -0.00642604 0.168459 0.35622 4.01659 0.0509914 124.455 
-0.79572 -0.521308 73182 1 0.0744792 0.975962 62 0 915 -0.00642604 0.168459 0.35622 4.01659 0.0509914 124.455 
-0.808946 -0.620067 73342 1 0.0744792 0.975962 63 0 919 -0.00721219 0.163087 0.353621 4.00085 0.077003 124.478 
-0.81533 -0.574871 73422 1 0.0744792 0.975962 64 0 921 -0.00566824 0.164959 0.352781 4.0241 0.0755317 124.427 
-0.814276 -0.56436 73463 1 0.0723958 0.976923 65 0 922 -0.00555801 0.164263 0.353278 4.02172 0.071109 124.412 
-0.833114 -0.545319 73503 1 0.0723958 0.978846 66 0 923 -0.00647514 0.164087 0.353763 4.01817 0.0665882 124.373 
-0.833114 -0.545319 73503 1 0.0723958 0.979808 67 0 923 -0.00647514 0.164087 0.353763 4.01817 0.0665882 124.373 
-0.770637 -0.566709 73662 1 0.0723958 0.979808 68 0 927 -0.00501239 0.164862 0.354256 4.04911 0.0840029 124.513 
-0.791609 -0.458245 73743 1 0.0723958 0.979808 69 0 929 -0.00448647 0.162547 0.356948 4.0253 0.0258126 124.25 
-0.840906 -0.384891 73823 1 0.0723958 0.979808 70 0 931 -0.00284922 0.161229 0.360501 4.0081 -0.0305645 124.147 
-0.840906 -0.384891 73823 1 0.0723958 0.979808 71 0 931 -0.00284922 0.161229 0.360501 4.0081 -0.0305645 124.147 
-0.840906 -0.384891 73823 1 0.0723958 0.979808 72 0 931 -0.00284922 0.161229 0.360501 4.0081 -0.0305645 124.147 
-1.09762 -0.23247 74023 1 0.0723958 0.979808 73 0 936 -0.0186636 0.135054 0.366401 3.75585 -0.294949 124.275 
-1.19132 -0.149443 74104 1 0.0723958 0.979808 74 0 938 -0.0258524 0.138899 0.366143 3.80368 -0.40443 124.269 
-1.15096 -0.13666 74144 1 0.0760417 0.970192 75 0 939 -0.0245309 0.140096 0.362823 3.82618 -0.407685 124.35 
-1.15096 -0.13666 74144 1 0.10625 0.934615 76 0 939 -0.0245309 0.140096 0.362823 3.82618 -0.407685 124.35 
-1.19742 -0.184374 74185 1 0.247396 0.850962 77 0 940 -0.0235015 0.135519 0.362596 3.76398 -0.418154 124.47 
-1.10327 -0.287892 74385 1 0.617188 0.790385 78 0 945 -0.0145514 0.133104 0.361119 3.79983 -0.487574 125.338 
-1.17517 -0.259882 74424 1 0.882813 0.778846 79 0 946 -0.0169321 0.129358 0.355697 3.75231 -0.475008 125.245 
-1.15839 -0.260565 74464 1 1.11406 0.803846 80 0 947 -0.0162355 0.124812 0.356642 3.71575 -0.525124 125.211 
-1.15839 -0.260565 74464 1 1.25885 0.813462 81 0 947 -0.0162355 0.124812 0.356642 3.71575 -0.525124 125.211 
-0.966584 -0.401107 74625 1 1.28438 0.815385 82 0 951 -0.012269 0.119153 0.355356 3.74654 -0.561605 125.198 
-0.903533 -0.465285 74705 1 1.28438 0.815385 83 0 953 -0.00801613 0.121067 0.352786 3.84403 -0.563964 125.268 
-1.03796 -0.353774 74785 1 1.28542 0.817308 84 0 955 -0.00704612 0.120455 0.351097 3.82193 -0.58962 125.099 
-1.03796 -0.353774 74785 1 1.27552 0.817308 85 0 955 -0.00704612 0.120455 0.351097 3.82193 -0.58962 125.099 
-1.03796 -0.353774 74785 1 1.2526 0.817308 86 0 955 -0.00704612 0.120455 0.351097 3.82193 -0.58962 125.099 
-0.975155 -0.3055 74986 1 1.24427 0.818269 87 0 960 -0.0139884 0.148502 0.350733 3.96049 -0.534713 125.46 
-1.0028 -0.354059 75067 1 1.24375 0.818269 88 0 962 -0.0159558 0.145441 0.348405 3.90945 -0.493791 125.661 
-0.996034 -0.400544 75105 1 1.24375 0.818269 89 0 963 -0.0171629 0.146093 0.350008 3.91658 -0.501923 125.809 
-0.996034 -0.400544 75105 1 1.24375 0.818269 90 0 963 -0.0171629 0.146093 0.350008 3.91658 -0.501923 125.809 
-0.996034 -0.400544 75105 1 1.24375 0.818269 91 0 963 -0.0171629 0.146093 0.350008 3.91658 -0.501923 125.809 
-1.00013 -0.348618 75306 1 1.24375 0.818269 92 0 968 -0.0203249 0.14274 0.357572 3.8252 -0.530204 125.566 
-0.954089 -0.45215 75386 1 1.24375 0.818269 93 0 970 -0.0165953 0.149208 0.351363 3.85662 -0.448248 125.536 
-0.935458 -0.419205 75427 1 1.24375 0.818269 94 0 971 -0.0159554 0.148127 0.354852 3.86042 -0.478402 125.42 
-0.883971 -0.423153 75546 1 1.24375 0.818269 95 0 974 -0.0144292 0.151309 0.355118 3.9148 -0.42806 125.466 
-0.918509 -0.398589 75586 1 1.24375 0.818269 96 0 975 -0.0140754 0.150234 0.358144 3.8933 -0.448321 125.415 
-0.915658 -0.399258 75667 1 1.24375 0.818269 97 0 977 -0.013907 0.150135 0.359049 3.88896 -0.44029 125.368 
-0.323156 -0.313435 75747 1 1.24375 0.818269 98 0 979 -0.01352 0.147181 0.355195 3.86802 -0.380718 125.436 
-0.323156 -0.313435 75747 1 1.24375 0.818269 99 0 979 -0.01352 0.147181 0.355195 3.86802 -0.380718 125.436 
-0.323156 -0.313435 75747 1 1.24375 0.818269 100 0 979 -0.01352 0.147181 0.355195 3.86802 -0.380718 125.436 
0.586125 -0.319454 75787 1 1.24375 0.818269 101 0 980 -0.0144271 0.151228 0.353816 3.90343 -0.355417 125.396 
0.586125 -0.319454 75787 1 1.24375 0.818269 102 0 980 -0.0144271 0.151228 0.353816 3.90343 -0.355417 125.396 
0.686079 -0.716274 75907 1 1.24375 0.818269 103 0 983 0.00556312 0.122862 0.324845 3.49771 0.0208235 126.194 
0.686079 -0.716274 75907 1 1.24427 0.818269 104 0 983 0.00556312 0.122862 0.324845 3.49771 0.0208235 126.194 
0.920113 -0.344658 76068 1 1.2526 0.817308 105 0 987 0.00451668 0.143081 0.338554 3.61629 -0.136045 125.427 
0.920113 -0.344658 76068 1 1.2526 0.817308 106 0 987 0.00451668 0.143081 0.338554 3.61629 -0.136045 125.427 
0.920113 -0.344658 76068 1 1.2526 0.817308 107 0 987 0.00451668 0.143081 0.338554 3.61629 -0.136045 125.427 
0.932667 -0.177606 76388 1 1.2526 0.817308 108 1 995 -0.0151346 0.17343 0.358102 3.84927 -0.364056 125.183 
0.841949 -0.203569 76468 1 1.22969 0.806731 109 0 997 -0.0150453 0.160392 0.357164 3.68344 -0.346036 125.212 
0.862234 -0.244513 76550 1 1.00365 0.806731 110 0 999 -0.0147211 0.164906 0.354981 3.71458 -0.311882 125.304 
0.933052 -0.257851 76629 1 0.850521 0.807692 111 0 1001 -0.0158095 0.162847 0.356594 3.68683 -0.32004 125.401 
0.970434 -0.264329 76668 1 0.781771 0.875962 112 0 1002 -0.0160031 0.167337 0.357974 3.73847 -0.327642 125.629 
1.11635 -0.172038 76749 1 0.805208 0.836538 113 1 1004 -0.0146309 0.172319 0.362965 3.80618 -0.387063 125.435 
1.14596 -0.224558 76829 1 1.03906 0.566346 114 0 1006 -0.0133581 0.174124 0.36148 3.83539 -0.35523 125.479 
1.16291 -0.20043 76869 1 1.10208 0.444231 115 0 1007 -0.0146014 0.17165 0.364867 3.82442 -0.387721 125.493 
1.17581 -0.190802 76910 1 1.07865 0.459615 116 1 1008 -0.0123683 0.177178 0.362776 3.88539 -0.364681 125.429 
1.17581 -0.190802 76910 1 1.07604 0.517308 117 1 1008 -0.0123683 0.177178 0.362776 3.88539 -0.364681 125.429 
1.02994 -0.240716 77109 1 1.19687 0.565385 118 0 1013 -0.0103731 0.154629 0.356331 3.69269 -0.274532 125.508 
1.0004 -0.244215 77191 1 1.32708 0.522115 119 0 1015 -0.0116967 0.155461 0.356862 3.71651 -0.286659 125.331 
1.01867 -0.267614 77230 1 1.3375 0.521154 120 0 1016 -0.0112833 0.16114 0.356013 3.77475 -0.273497 125.416 
1.01867 -0.267614 77230 1 1.33021 0.534615 121 0 1016 -0.0112833 0.16114 0.356013 3.77475 -0.273497 125.416 
0.994426 -0.240249 77270 1 1.32969 0.536538 122 0 1017 -0.0132464 0.159875 0.357097 3.75721 -0.28693 125.27 
1.0854 -0.288576 77470 1 1.32969 0.536538 123 0 1022 -0.0117561 0.165153 0.355741 3.86725 -0.251059 125.23 
1.09008 -0.290832 77551 1 1.32969 0.536538 124 0 1024 -0.0104156 0.159394 0.357357 3.82451 -0.267227 125.3 
1.09008 -0.290832 77551 1 1.32969 0.536538 125 0 1024 -0.0104156 0.159394 0.357357 3.82451 -0.267227 125.3 
1.09008 -0.290832 77551 1 1.33073 0.536538 126 0 1024 -0.0104156 0.159394 0.357357 3.82451 -0.267227 125.3 
0.0125306 0.0464418 77751 1 1.32604 0.536538 127 1 1029 -0.00886523 0.156675 0.359005 3.82917 -0.259497 125.514 
-0.653784 0.211676 77831 1 1.3224 0.536538 128 0 1031 -0.00522319 0.147372 0.358484 3.77097 -0.217526 126.007 
-0.611204 0.219363 77871 1 1.32135 0.536538 129 0 1032 -0.00330519 0.152351 0.360406 3.82965 -0.231046 125.964 
-0.611204 0.219363 77871 1 1.32083 0.536538 130 0 1032 -0.00330519 0.152351 0.360406 3.82965 -0.231046 125.964 
-0.611204 0.219363 77871 1 1.32083 0.536538 131 0 1032 -0.00330519 0.152351 0.360406 3.82965 -0.231046 125.964 
-0.622055 0.271096 78072 1 1.32083 0.536538 132 0 1037 -0.00406335 0.155136 0.357726 3.82559 -0.197772 125.996 
-0.617272 0.314268 78151 1 1.32083 0.536538 133 0 1039 -0.00354897 0.155736 0.357585 3.82133 -0.193917 125.909 
-0.661225 0.322657 78191 1 1.32083 0.536538 134 0 1040 -0.00400228 0.155793 0.359484 3.82021 -0.207271 125.988 
-0.661225 0.322657 78191 1 1.31979 0.536538 135 0 1040 -0.00400228 0.155793 0.359484 3.82021 -0.207271 125.988 
-0.764812 0.417353 78352 1 1.31927 0.536538 136 0 1044 -0.0066238 0.153472 0.36071 3.77874 -0.239197 125.929 
-0.81822 0.460144 78433 1 1.31875 0.536538 137 0 1046 -0.00623265 0.161451 0.356424 3.79882 -0.194495 125.826 
-0.773018 0.458129 78472 1 1.31875 0.536538 138 0 1047 -0.00803484 0.155432 0.360377 3.74728 -0.226396 125.936 
-0.804315 0.47478 78513 1 1.31875 0.536538 139 0 1048 -0.00792658 0.158838 0.358088 3.74894 -0.201855 125.893 
-0.804315 0.47478 78513 1 1.31875 0.536538 140 0 1048 -0.00792658 0.158838 0.358088 3.74894 -0.201855 125.893 
-0.82357 0.501802 78714 1 1.31875 0.536538 141 0 1053 -0.00868486 0.159411 0.358392 3.74622 -0.208552 125.89 
-0.77049 0.503614 78754 1 1.31875 0.536538 142 0 1054 -0.00779771 0.161601 0.360823 3.78711 -0.228713 125.933 
-0.810427 0.497956 78833 1 1.31875 0.536538 143 0 1056 -0.00814181 0.161369 0.359226 3.77858 -0.210278 126.004 
-0.810427 0.497956 78833 1 1.31875 0.536538 144 0 1056 -0.00814181 0.161369 0.359226 3.77858 -0.210278 126.004 
-0.810427 0.497956 78833 1 1.31875 0.536538 145 0 1056 -0.00814181 0.161369 0.359226 3.77858 -0.210278 126.004 
-0.755772 0.483982 79033 1 1.31875 0.536538 146 0 1061 -0.00820679 0.164191 0.358417 3.7754 -0.235997 125.733 
-0.715723 0.45838 79113 1 1.31875 0.536538 147 0 1063 -0.00843997 0.161899 0.35975 3.7569 -0.258001 125.629 
-0.685918 0.447208 79156 1 1.31875 0.536538 148 0 1064 -0.00847257 0.166377 0.358256 3.80116 -0.241631 125.642 
-0.685918 0.447208 79156 1 1.31875 0.536538 149 0 1064 -0.00847257 0.166377 0.358256 3.80116 -0.241631 125.642 
-0.712554 0.436371 79194 1 1.31875 0.536538 150 0 1065 -0.00822108 0.167996 0.358929 3.79261 -0.244084 125.582 
-0.718392 0.437512 79355 1 1.31875 0.536538 151 0 1069 -0.00830414 0.165255 0.357896 3.75263 -0.193975 125.64 
-0.797847 0.462121 79434 1 1.31875 0.536538 152 0 1071 -0.010737 0.159499 0.356393 3.68896 -0.183732 125.671 
-0.738141 0.481829 79474 1 1.31875 0.536538 153 0 1072 -0.00942178 0.174051 0.35979 3.84028 -0.218705 125.739 
-0.738141 0.481829 79474 1 1.31875 0.536538 154 0 1072 -0.00942178 0.174051 0.35979 3.84028 -0.218705 125.739 
-0.910823 0.485737 79635 1 1.31875 0.536538 155 0 1076 -0.0106803 0.168452 0.353704 3.72611 -0.131981 126.017 
-0.388474 0.48133 79715 1 1.31875 0.536538 156 0 1078 -0.0120725 0.162885 0.36 3.66709 -0.213643 125.784 
0.803859 0.467159 79794 1 1.31875 0.536538 157 1 1080 -0.0133904 0.16241 0.356206 3.6434 -0.182558 125.815 
0.803859 0.467159 79794 1 1.31875 0.536538 158 1 1080 -0.0133904 0.16241 0.356206 3.6434 -0.182558 125.815 
0.780411 0.413959 79835 1 1.31875 0.536538 159 1 1081 -0.0111078 0.165998 0.35437 3.65006 -0.150924 125.88 
0.919592 0.449698 79997 1 1.31875 0.536538 160 1 1085 -0.00594469 0.175621 0.356747 3.68064 -0.119204 126.133 
0.969838 0.408131 80075 1 1.31875 0.536538 161 1 1087 -0.00225644 0.179801 0.353588 3.72678 -0.058257 126.381 
0.991102 0.405429 80156 1 1.31875 0.536538 162 1 1089 -0.00190081 0.17688 0.352319 3.70912 -0.0551718 126.351 
0.98545 0.405025 80198 1 1.31875 0.536538 163 1 1090 -0.00167132 0.17602 0.350987 3.69937 -0.0483789 126.31 
0.974428 0.449746 80276 1 1.31875 0.536538 164 1 1092 -0.00294247 0.173925 0.351276 3.67744 -0.0628312 126.204 
0.98164 0.482621 80356 1 1.31875 0.536538 165 1 1094 -0.00283929 0.171865 0.355495 3.66656 -0.0930073 126.171 
0.988078 0.429702 80435 1 1.31875 0.536538 166 1 1096 -0.00292838 0.171978 0.353297 3.66573 -0.0521482 126.271 
0.979204 0.426508 80516 1 1.31875 0.536538 167 1 1098 -0.00261161 0.175767 0.350704 3.67429 -0.030351 126.171 
0.980829 0.493151 80596 1 1.31875 0.536538 168 1 1100 -0.00370771 0.172282 0.355541 3.62893 -0.0859033 125.965 
1.01287 0.45952 80677 1 1.31875 0.536538 169 1 1102 -0.00233088 0.175386 0.356089 3.661 -0.0740044 126.055 
0.995791 0.440072 80718 1 1.31875 0.536538 170 1 1103 -0.00308861 0.175689 0.352501 3.66133 -0.0404694 126.049 
0.98153 0.431679 80796 1 1.31875 0.536538 171 1 1105 -0.00285613 0.171655 0.352779 3.63441 -0.0384792 126.118 
0.997554 0.45074 80877 1 1.31875 0.536538 172 1 1107 -0.00209759 0.174209 0.353191 3.66454 -0.0484449 126.139 
1.04662 0.451445 80958 1 1.31875 0.536538 173 1 1109 -0.00107508 0.177702 0.35674 3.72225 -0.0833336 126.143 
1.01294 0.443444 80997 1 1.31875 0.536538 174 1 1110 -0.00144475 0.175342 0.352354 3.68897 -0.0412176 126.211 
1.02017 0.42786 81077 1 1.31875 0.536538 175 1 1112 -0.0013534 0.177949 0.351605 3.7204 -0.0315188 126.241 
0.993184 0.440718 81160 1 1.31875 0.536538 176 1 1114 -0.0019736 0.172671 0.353632 3.66735 -0.0509307 126.13 
0.958814 0.461628 81237 1 1.31875 0.536538 177 1 1116 -0.000996241 0.174299 0.35626 3.6656 -0.0721538 126.022 
0.969639 0.446679 81318 1 1.31875 0.536538 178 1 1118 -0.00122597 0.175776 0.356661 3.67346 -0.0683061 125.995 
0.970769 0.445562 81358 1 1.31875 0.536538 179 1 1119 -0.00292928 0.173432 0.355713 3.65427 -0.0578343 126.011 
0.972767 0.495321 81438 1 1.31875 0.536538 180 1 1121 -0.00126867 0.17178 0.359114 3.63896 -0.0940274 125.856 
0.916609 0.474237 81518 1 1.31875 0.536538 181 1 1123 -0.00015275 0.171562 0.35927 3.62236 -0.0861225 125.915 
0.897421 0.46029 81557 1 1.31875 0.536538 182 1 1124 -0.00125373 0.169801 0.358415 3.59692 -0.081242 125.907 
0.898168 0.44545 81638 1 1.31875 0.536538 183 1 1126 -0.000781931 0.170653 0.357828 3.58838 -0.0727424 125.906 
0.837842 0.454136 81718 1 1.31875 0.536538 184 1 1128 -0.00249873 0.171929 0.359882 3.5839 -0.0937754 125.82 
0.252428 0.276073 81800 1 1.31875 0.536538 185 1 1130 -0.00322843 0.17047 0.35931 3.56707 -0.0862642 125.78 
0.275417 0.224001 81880 1 1.31875 0.536538 186 1 1132 -0.00262042 0.162167 0.360929 3.51455 -0.102022 125.863 
0.175129 0.189348 81960 1 1.31875 0.536538 187 1 1134 -0.0045703 0.151956 0.364041 3.45433 -0.142968 125.798 
0.135253 0.21918 82040 1 1.31875 0.536538 188 1 1136 -0.00278767 0.154217 0.362236 3.48815 -0.129673 125.914 
0.0891301 0.223247 82080 1 1.31875 0.536538 189 1 1137 -0.00348021 0.15607 0.36071 3.49555 -0.117353 125.917 
0.0804349 0.242204 82160 1 1.31875 0.536538 190 1 1139 -0.00367276 0.158902 0.361187 3.52119 -0.135246 125.894 
0.00497968 0.263468 82242 1 1.31875 0.536538 191 1 1141 -0.00332102 0.158514 0.359592 3.51089 -0.129868 125.851 
-0.0361825 0.22652 82281 1 1.31875 0.536538 192 1 1142 -0.00308289 0.155674 0.360378 3.48954 -0.134514 125.913 
-0.0587054 0.267682 82359 1 1.31875 0.536538 193 1 1144 -0.00313863 0.153279 0.362601 3.45139 -0.171269 125.732 
-0.0762261 0.28342 82440 1 1.31875 0.536538 194 1 1146 -0.00307803 0.154485 0.363168 3.44754 -0.184716 125.75 
-0.0442698 0.309399 82480 1 1.31875 0.536538 195 1 1147 -0.00347382 0.160971 0.366868 3.50713 -0.23092 125.563 
-0.0278041 0.313277 82560 1 1.31875 0.536538 196 1 1149 -0.0048478 0.159659 0.365017 3.48861 -0.218179 125.511 
-0.00890467 0.308187 82640 1 1.31875 0.536538 197 1 1151 -0.00530612 0.160785 0.365614 3.48373 -0.237874 125.472 
-0.00396934 0.2933 82680 1 1.31875 0.536538 198 1 1152 -0.00490309 0.160118 0.364597 3.46514 -0.23841 125.475 
0.0428667 0.254769 82760 1 1.31875 0.536538 199 1 1154 -0.00506588 0.164323 0.362404 3.48967 -0.235129 125.42 
0.10767 0.296552 82841 1 1.31875 0.536538 200 1 1156 -0.00436362 0.166056 0.365591 3.48883 -0.283155 125.284 
0.121449 0.268659 82882 1 1.31875 0.536538 201 1 1157 -0.00473128 0.165107 0.363691 3.4796 -0.26776 125.346 
0.148274 0.243909 82921 1 1.31875 0.536538 202 1 1158 -0.00518398 0.166207 0.361766 3.49904 -0.246316 125.389 
0.148274 0.243909 82921 1 1.31875 0.536538 203 1 1158 -0.00518398 0.166207 0.361766 3.49904 -0.246316 125.389 
0.106489 0.297879 83080 1 1.31875 0.536538 204 1 1162 -0.00908979 0.171927 0.361328 3.51511 -0.276 125.292 
0.126805 0.327159 83161 1 1.31875 0.536538 205 1 1164 -0.0105748 0.172608 0.362676 3.51836 -0.311057 125.174 
0.139596 0.437085 83245 1 1.31875 0.536538 206 1 1166 -0.00947519 0.171088 0.372232 3.502 -0.423816 124.981 
0.157055 0.477141 83323 1 1.31875 0.536538 207 1 1168 -0.0115347 0.169515 0.374343 3.48802 -0.445239 125.05 
0.191132 0.508156 83401 1 1.31875 0.536538 208 1 1170 -0.0114898 0.162782 0.372981 3.44557 -0.434259 124.915 
0.218489 0.554544 83441 1 1.31875 0.536538 209 1 1171 -0.0128058 0.149771 0.375176 3.34727 -0.464179 124.876 
0.209546 0.723771 83522 1 1.31875 0.536538 210 1 1173 -0.0108221 0.144743 0.377279 3.34242 -0.48106 124.967 
3.53193 1.73795 83643 1 1.31875 0.536538 211 0 1176 -0.00114121 0.142501 0.36427 3.34507 -0.247663 126.171 
0.11361 1.17502 83684 1 1.31875 0.536538 212 1 1177 -0.00741231 0.136028 0.364975 3.25628 -0.308135 125.335 
0.13187 0.829037 83723 1 1.31875 0.536538 213 1 1178 -0.0082406 0.139307 0.35889 3.25627 -0.253857 125.331 
0.169475 0.499982 83842 1 1.31875 0.536538 214 1 1181 -0.0155614 0.156917 0.3541 3.30043 -0.260847 125.009 
0.143337 0.28187 83922 1 1.31875 0.536538 215 1 1183 -0.0219634 0.152131 0.356244 3.17833 -0.316187 124.665 
0.117482 0.250831 83963 1 1.31875 0.536538 216 1 1184 -0.0197049 0.15351 0.356221 3.16921 -0.312436 124.763 
0.0720764 0.196315 84043 1 1.31875 0.536538 217 1 1186 -0.0207821 0.151205 0.35543 3.12442 -0.293934 124.958 
0.0805226 0.129669 84122 1 1.31875 0.536538 218 1 1188 -0.0170378 0.154942 0.354538 3.15787 -0.26027 125.287 
0.0934249 0.0903541 84203 1 1.31875 0.536538 219 1 1190 -0.0177767 0.151198 0.354407 3.13133 -0.250851 125.452 
0.092523 0.0836696 84284 1 1.31875 0.536538 220 1 1192 -0.0171576 0.14826 0.354478 3.11211 -0.260666 125.505 
0.10762 0.098255 84331 1 1.31875 0.536538 221 1 1193 -0.0168438 0.148002 0.353806 3.11555 -0.260508 125.37 
0.148834 0.0921572 84404 1 1.31875 0.536538 222 1 1195 -0.016575 0.148856 0.35703 3.13929 -0.318787 125.44 
0.195479 0.0289376 84485 1 1.31875 0.536538 223 1 1197 -0.0159172 0.142122 0.353197 3.08655 -0.29275 125.535 
0.234617 0.0381979 84523 1 1.31875 0.536538 224 1 1198 -0.0160004 0.14302 0.353328 3.10105 -0.313316 125.373 
-0.106035 -0.144022 84603 1 1.31875 0.536538 225 1 1200 -0.0151196 0.140035 0.347164 3.0951 -0.255241 125.5 
-0.135482 -0.225154 84684 1 1.31875 0.536538 226 0 1202 -0.0151755 0.134993 0.346578 3.04643 -0.268093 125.43 
-0.139782 -0.231555 84764 1 1.31875 0.536538 227 0 1204 -0.0163922 0.136184 0.343441 3.05934 -0.259126 125.412 
-0.127463 -0.262847 84804 1 1.31875 0.536538 228 0 1205 -0.0156471 0.13645 0.342376 3.05772 -0.256031 125.267 
-0.122787 -0.328596 84884 1 1.31875 0.536538 229 0 1207 -0.0177027 0.136346 0.344719 3.05146 -0.305486 125.138 
-0.0742534 -0.347591 84964 1 1.31875 0.536538 230 0 1209 -0.0169179 0.137573 0.344104 3.07824 -0.306057 125.071 
-0.0536819 -0.362255 85004 1 1.31875 0.536538 231 0 1210 -0.0170457 0.132106 0.345086 3.03811 -0.313886 125.104 
-0.0536819 -0.362255 85004 1 1.31875 0.536538 232 0 1210 -0.0170457 0.132106 0.345086 3.03811 -0.313886 125.104 
-0.0519277 -0.344914 85045 1 1.31875 0.536538 233 0 1211 -0.0165483 0.137873 0.344615 3.07962 -0.315378 124.916 
-0.037561 -0.425767 85245 1 1.31875 0.536538 234 0 1216 -0.0169171 0.135895 0.344489 3.104 -0.302002 124.909 
-0.0338041 -0.422814 85325 1 1.31875 0.536538 235 0 1218 -0.0156576 0.134954 0.343844 3.12014 -0.3069 124.752 
-0.0338041 -0.422814 85325 1 1.31875 0.536538 236 0 1218 -0.0156576 0.134954 0.343844 3.12014 -0.3069 124.752 
-0.0338041 -0.422814 85325 1 1.31875 0.536538 237 0 1218 -0.0156576 0.134954 0.343844 3.12014 -0.3069 124.752 
-0.424741 -0.301683 85526 1 1.31875 0.536538 238 0 1223 -0.0134883 0.126442 0.34091 3.11382 -0.286269 124.88 
-0.408479 -0.36474 85606 1 1.31875 0.536538 239 0 1225 -0.0127652 0.132647 0.338918 3.1981 -0.245954 124.976 
-0.423294 -0.379478 85645 1 1.31875 0.536538 240 0 1226 -0.0125952 0.12774 0.339148 3.15379 -0.238191 124.972 
-0.423294 -0.379478 85645 1 1.31875 0.536538 241 0 1226 -0.0125952 0.12774 0.339148 3.15379 -0.238191 124.972 
-0.403207 -0.319153 85686 1 1.31875 0.536538 242 0 1227 -0.0108841 0.129309 0.342237 3.17643 -0.266584 124.872 
-0.0910832 0.113806 85847 1 1.31875 0.536538 243 1 1231 -0.0113171 0.127161 0.33826 3.19503 -0.18661 125.167 
-0.111383 0.158356 85927 1 1.31875 0.536538 244 1 1233 -0.011246 0.126459 0.339523 3.17895 -0.197215 125.107 
-0.120134 0.157032 85967 1 1.31875 0.536538 245 1 1234 -0.0116668 0.125385 0.339444 3.1679 -0.202752 125.163 
-0.120134 0.157032 85967 1 1.31875 0.536538 246 1 1234 -0.0116668 0.125385 0.339444 3.1679 -0.202752 125.163 
-0.0945815 0.209127 86126 1 1.31875 0.536538 247 1 1238 -0.0107739 0.125599 0.34161 3.17763 -0.224154 125.042 
-0.0803551 0.339906 86207 1 1.31875 0.536538 248 1 1240 -0.00981467 0.130082 0.337417 3.2364 -0.169128 125.087 
-0.0897508 0.417161 86287 1 1.31875 0.536538 249 1 1242 -0.0098188 0.126182 0.342466 3.19446 -0.226268 124.805 
-0.0858016 0.426986 86327 1 1.31875 0.536538 250 1 1243 -0.0101152 0.124696 0.341553 3.18726 -0.216295 124.867 
-0.0947216 0.453785 86409 1 1.31875 0.536538 251 1 1245 -0.00848544 0.123695 0.342743 3.1736 -0.229778 124.697 
-0.0937023 0.444556 86487 1 1.31875 0.536538 252 1 1247 -0.00821756 0.126435 0.342386 3.1986 -0.225343 124.838 
-0.118727 0.44024 86528 1 1.31875 0.536538 253 1 1248 -0.00984847 0.122594 0.341042 3.15917 -0.20907 124.915 
-0.145305 0.552603 86608 1 1.31875 0.536538 254 1 1250 -0.01051 0.126009 0.341342 3.18554 -0.221201 124.758 
-0.0968778 0.534047 86688 1 1.31875 0.536538 255 1 1252 -0.00761633 0.125712 0.341822 3.20506 -0.20737 124.962 
-0.0653439 0.556629 86729 1 1.31875 0.536538 256 1 1253 -0.00780813 0.125551 0.343984 3.21377 -0.231783 124.868 
0.100451 0.684381 86808 1 1.31875 0.536538 257 1 1255 -0.00880298 0.125826 0.341774 3.2196 -0.204372 125.038 
0.245349 0.795718 86888 1 1.31875 0.536538 258 1 1257 -0.00852207 0.127093 0.343825 3.22185 -0.199508 125.186 
0.292099 0.78482 86969 1 1.31875 0.536538 259 1 1259 -0.00675731 0.13371 0.343086 3.2831 -0.171347 125.338 
0.294954 0.8003 87008 1 1.31875 0.536538 260 1 1260 -0.0064507 0.132361 0.345136 3.2652 -0.184182 125.278 
0.269519 0.840229 87089 1 1.31875 0.536538 261 1 1262 -0.00657198 0.132809 0.348171 3.25809 -0.208063 125.252 
0.26652 0.77063 87169 1 1.31875 0.536538 262 1 1264 -0.00679471 0.130352 0.345754 3.23337 -0.168044 125.427 
0.269711 0.772868 87210 1 1.31875 0.536538 263 1 1265 -0.00722974 0.131535 0.344426 3.23823 -0.15298 125.377 
0.280176 0.787209 87289 1 1.31875 0.536538 264 1 1267 -0.00839539 0.134737 0.345205 3.25919 -0.139936 125.398 
0.318342 0.823898 87369 1 1.31875 0.536538 265 1 1269 -0.00896619 0.143119 0.341852 3.32649 -0.0830982 125.522 
0.31861 0.886418 87409 1 1.31875 0.536538 266 1 1270 -0.00942564 0.144697 0.341811 3.33355 -0.0796678 125.566 
0.295651 0.89796 87490 1 1.31875 0.536538 267 1 1272 -0.00890877 0.141902 0.344135 3.29502 -0.113637 125.513 
0.297647 0.911589 87569 1 1.31875 0.536538 268 1 1274 -0.0102527 0.144534 0.341793 3.31235 -0.0967435 125.464 
0.303397 0.891157 87609 1 1.31875 0.536538 269 1 1275 -0.0105821 0.146856 0.340737 3.33044 -0.0820628 125.477 
0.254827 0.621927 87689 1 1.31875 0.536538 270 1 1277 -0.00931218 0.145499 0.345392 3.30133 -0.138588 125.265 
0.276308 0.556339 87770 1 1.31875 0.536538 271 1 1279 -0.00830663 0.145842 0.347223 3.3063 -0.158953 125.175 
0.274719 0.404938 87890 1 1.31875 0.536538 272 1 1282 -0.010393 0.143894 0.342996 3.27646 -0.133308 125.247 
0.254203 0.387695 87930 1 1.31875 0.536538 273 1 1283 -0.0118936 0.143164 0.34031 3.25851 -0.113644 125.235 
0.258387 0.391077 88010 1 1.31875 0.536538 274 1 1285 -0.0132344 0.144865 0.345194 3.27198 -0.160603 125.271 
0.269286 0.345193 88090 1 1.31875 0.536538 275 1 1287 -0.0122518 0.145351 0.343864 3.27744 -0.131392 125.402 
0.280506 0.368531 88130 1 1.31875 0.536538 276 1 1288 -0.0117047 0.149807 0.345726 3.31456 -0.152222 125.283 
0.249781 0.339407 88211 1 1.31875 0.536538 277 1 1290 -0.0111072 0.148317 0.340533 3.29314 -0.111644 125.317 
0.23348 0.394274 88291 1 1.31875 0.536538 278 1 1292 -0.0116308 0.144433 0.344278 3.24366 -0.176975 125.017 
0.191328 0.135401 88371 1 1.31875 0.536538 279 1 1294 -0.0122835 0.145438 0.344557 3.24527 -0.18322 124.99 
0.187434 0.0865326 88411 1 1.31875 0.536538 280 1 1295 -0.0138073 0.145051 0.34263 3.24954 -0.160701 125.067 
0.198667 0.0623624 88491 1 1.31875 0.536538 281 1 1297 -0.01348 0.145596 0.343028 3.26288 -0.172785 124.936 
0.218849 -0.0327552 88571 1 1.31875 0.536538 282 1 1299 -0.0143422 0.141857 0.343668 3.23851 -0.180028 125 
0.250057 -0.0510782 88652 1 1.31875 0.536538 283 1 1301 -0.0129421 0.142687 0.343071 3.25488 -0.168266 124.989 
0.266503 -0.0712961 88732 1 1.31875 0.536538 284 1 1303 -0.0131006 0.139073 0.342721 3.24123 -0.157374 124.994 
0.304188 -0.128725 88812 1 1.31875 0.536538 285 1 1305 -0.0115223 0.140453 0.339487 3.25878 -0.117976 125.149 
0.295356 -0.118549 88892 1 1.31875 0.536538 286 1 1307 -0.0116217 0.139326 0.342077 3.24307 -0.138235 125.067 
0.33861 -0.149082 88972 1 1.31875 0.536538 287 1 1309 -0.0108174 0.142997 0.341284 3.28848 -0.113409 125.202 
0.366089 -0.170332 89053 1 1.31875 0.536538 288 1 1311 -0.00875724 0.142647 0.342559 3.28487 -0.118722 125.215 
0.350883 -0.172214 89095 1 1.31875 0.536538 289 1 1312 -0.011394 0.138877 0.341254 3.2428 -0.104349 125.115 
0.350883 -0.172214 89095 1 1.31875 0.536538 290 1 1312 -0.011394 0.138877 0.341254 3.2428 -0.104349 125.115 
0.307009 -0.180787 89292 1 1.31875 0.536538 291 1 1317 -0.00859033 0.140892 0.34063 3.28009 -0.100701 125.192 
0.263992 -0.166039 89373 1 1.31875 0.536538 292 1 1319 -0.00930905 0.139226 0.340599 3.25149 -0.114956 125.099 
0.242691 -0.115538 89453 1 1.31875 0.536538 293 1 1321 -0.0094879 0.141021 0.340941 3.26012 -0.118915 125.075 
0.236785 -0.125681 89535 1 1.31875 0.536538 294 1 1323 -0.0110119 0.140527 0.340303 3.25779 -0.113636 125.067 
0.223878 -0.107982 89613 1 1.31875 0.536538 295 1 1325 -0.0108008 0.141129 0.341017 3.26895 -0.132404 125.09 
0.228012 -0.122268 89693 1 1.31875 0.536538 296 1 1327 -0.0110837 0.140304 0.339184 3.26066 -0.13515 125.1 
0.286384 -0.249908 89773 1 1.31875 0.536538 297 0 1329 -0.0118214 0.144998 0.33467 3.29725 -0.105572 125.139 
0.271925 -0.286252 89854 1 1.31875 0.536538 298 0 1331 -0.0132877 0.146258 0.332481 3.30123 -0.0944193 125.22 
0.239312 -0.310634 89934 1 1.31875 0.536538 299 0 1333 -0.0143944 0.149535 0.330384 3.33015 -0.0877641 125.282 
0.227504 -0.325591 89974 1 1.31875 0.536538 300 0 1334 -0.0143741 0.147242 0.330566 3.30622 -0.0935944 125.32 
0.308789 -0.278321 90054 1 1.31875 0.536538 301 0 1336 -0.0148676 0.145918 0.330837 3.28117 -0.11105 125.146 
0.33338 -0.292688 90134 1 1.31875 0.536538 302 0 1338 -0.0151977 0.150458 0.332021 3.31304 -0.119019 125.147 
0.404531 -0.316206 90174 1 1.31875 0.536538 303 0 1339 -0.0153696 0.149896 0.330573 3.30641 -0.104768 125.228 
0.404531 -0.316206 90174 1 1.31875 0.536538 304 0 1339 -0.0153696 0.149896 0.330573 3.30641 -0.104768 125.228 
0.683218 -0.206745 90335 1 1.31875 0.536538 305 0 1343 -0.0149679 0.151758 0.331883 3.31611 -0.122791 125.14 
0.757397 -0.21933 90415 1 1.31875 0.536538 306 0 1345 -0.0150381 0.149233 0.331753 3.29259 -0.124963 125.132 
0.777384 -0.233219 90496 1 1.31875 0.536538 307 0 1347 -0.0143582 0.150194 0.33181 3.29964 -0.126783 125.193 
0.777384 -0.233219 90496 1 1.31875 0.536538 308 0 1347 -0.0143582 0.150194 0.33181 3.29964 -0.126783 125.193 
0.769021 -0.241294 90535 1 1.31875 0.536538 309 0 1348 -0.0143647 0.146579 0.3308 3.26349 -0.112975 125.151 
0.139107 -0.411945 90695 1 1.31875 0.536538 310 0 1352 -0.0146549 0.142424 0.331249 3.26713 -0.10026 124.938 
0.206949 -0.448641 90776 1 1.31875 0.536538 311 0 1354 -0.0122175 0.140144 0.331357 3.28936 -0.108739 125.019 
0.21817 -0.502199 90816 1 1.31875 0.536538 312 0 1355 -0.012954 0.140596 0.330577 3.31056 -0.106091 125.019 
0.21817 -0.502199 90816 1 1.31875 0.536538 313 0 1355 -0.012954 0.140596 0.330577 3.31056 -0.106091 125.019 
0.24585 -0.538291 90976 1 1.31875 0.536538 314 0 1359 -0.0108639 0.136537 0.330327 3.31213 -0.127789 124.859 
0.224168 -0.568658 91056 1 1.31875 0.536538 315 0 1361 -0.0123998 0.137618 0.330549 3.35779 -0.140829 124.792 
0.228397 -0.587781 91096 1 1.31875 0.536538 316 0 1362 -0.0123591 0.136054 0.329265 3.358 -0.130486 124.792 
0.242716 -0.560272 91136 1 1.31875 0.536538 317 0 1363 -0.0108157 0.142401 0.334841 3.44221 -0.195541 124.631 
0.242716 -0.560272 91136 1 1.31875 0.536538 318 0 1363 -0.0108157 0.142401 0.334841 3.44221 -0.195541 124.631 
0.345374 -0.616457 91296 1 1.31875 0.536538 319 0 1367 -0.0101299 0.141937 0.336489 3.51636 -0.211229 124.71 
0.339333 -0.55353 91376 1 1.31875 0.536538 320 0 1369 -0.0092235 0.138457 0.337558 3.48866 -0.224757 124.581 
0.343571 -0.478562 91457 1 1.31875 0.536538 321 0 1371 -0.00951519 0.134066 0.335649 3.44042 -0.199237 124.537 
0.343571 -0.478562 91457 1 1.31875 0.536538 322 0 1371 -0.00951519 0.134066 0.335649 3.44042 -0.199237 124.537 
0.343571 -0.478562 91457 1 1.31875 0.536538 323 0 1371 -0.00951519 0.134066 0.335649 3.44042 -0.199237 124.537 
0.406089 -0.409563 91657 1 1.31875 0.536538 324 0 1376 -0.00810146 0.133044 0.333878 3.46025 -0.152223 124.762 
0.401633 -0.41731 91698 1 1.31875 0.536538 325 0 1377 -0.00896192 0.13553 0.333634 3.48536 -0.14635 124.68 
0.424883 -0.420243 91777 1 1.31875 0.536538 326 0 1379 -0.00776919 0.134807 0.33299 3.48126 -0.137024 124.748 
0.430032 -0.392711 91817 1 1.31875 0.536538 327 0 1380 -0.00741168 0.133738 0.332628 3.47515 -0.13624 124.715 
0.452717 -0.365694 91938 1 1.31875 0.536538 328 0 1383 -0.00761787 0.133202 0.334484 3.47414 -0.15455 124.665 
0.458194 -0.341587 91978 1 1.31875 0.536538 329 0 1384 -0.00832668 0.135527 0.335601 3.49904 -0.169073 124.618 
0.455681 -0.377635 92058 1 1.31875 0.536538 330 0 1386 -0.00810047 0.132607 0.331434 3.48274 -0.116891 124.766 
0.369142 -0.352966 92098 1 1.31875 0.536538 331 0 1387 -0.00787291 0.13067 0.332748 3.45996 -0.123278 124.743 
0.279078 -0.201664 92179 1 1.31875 0.536538 332 0 1389 -0.00594861 0.128843 0.338877 3.4424 -0.17847 124.569 
0.162269 -0.148353 92258 1 1.31875 0.536538 333 1 1391 -0.00716104 0.124302 0.337658 3.39527 -0.173657 124.413 
0.134445 -0.185401 92338 1 1.31875 0.536538 334 1 1393 -0.00649179 0.130353 0.331257 3.45128 -0.113387 124.542 
0.114318 -0.193171 92378 1 1.31875 0.536538 335 1 1394 -0.00687666 0.130854 0.331188 3.44776 -0.111506 124.631 
0.0974911 -0.166839 92419 1 1.31875 0.536538 336 1 1395 -0.00707709 0.131148 0.33015 3.44545 -0.105678 124.59 
0.0314178 -0.145075 92539 1 1.31875 0.536538 337 1 1398 -0.00801329 0.131734 0.332122 3.4226 -0.103619 124.674 
0.0389126 -0.125362 92578 1 1.31875 0.536538 338 1 1399 -0.00668629 0.136339 0.334003 3.4541 -0.122489 124.603 
0.0499556 -0.132077 92659 1 1.31875 0.536538 339 1 1401 -0.00747344 0.137678 0.334626 3.46712 -0.126106 124.659 
0.0291522 -0.182767 92740 1 1.31875 0.536538 340 1 1403 -0.00660862 0.140581 0.331102 3.48981 -0.0856329 124.818 
-0.00220244 -0.180743 92779 1 1.31875 0.536538 341 1 1404 -0.0077517 0.137076 0.332406 3.44464 -0.100179 124.753 
-0.00939568 -0.185568 92860 1 1.31875 0.536538 342 1 1406 -0.00766158 0.142054 0.333463 3.47295 -0.112032 124.799 
-0.00444107 -0.177747 92940 1 1.31875 0.536538 343 1 1408 -0.00847495 0.141201 0.330831 3.45035 -0.0888825 124.86 
0.0539806 -0.217707 93019 1 1.31875 0.536538 344 0 1410 -0.00828562 0.144795 0.327979 3.48511 -0.0593054 125.047 
0.0798904 -0.25127 93060 1 1.31875 0.536538 345 0 1411 -0.00802119 0.141767 0.326802 3.44926 -0.0422851 125.112 
0.0798904 -0.25127 93060 1 1.31875 0.536538 346 0 1411 -0.00802119 0.141767 0.326802 3.44926 -0.0422851 125.112 
0.0682364 -0.262061 93220 1 1.31875 0.536538 347 0 1415 -0.0103468 0.144442 0.329215 3.44302 -0.0688764 125.128 
0.0742233 -0.335559 93301 1 1.31875 0.536538 348 0 1417 -0.00919092 0.143632 0.325762 3.42986 -0.0416915 125.119 
0.091867 -0.298331 93340 1 1.31875 0.536538 349 0 1418 -0.00968975 0.142961 0.327152 3.41799 -0.059031 125.149 
0.0644345 -0.23412 93380 1 1.31875 0.536538 350 0 1419 -0.0111033 0.138678 0.328259 3.36109 -0.0790173 124.923 
0.0644345 -0.23412 93380 1 1.31875 0.536538 351 0 1419 -0.0111033 0.138678 0.328259 3.36109 -0.0790173 124.923 
0.100168 -0.272472 93541 1 1.31875 0.536538 352 0 1423 -0.00851827 0.144787 0.327273 3.42437 -0.056803 124.92 
0.143227 -0.288549 93621 1 1.31875 0.536538 353 0 1425 -0.0108259 0.143403 0.326549 3.44606 -0.0574776 125.021 
0.196343 -0.258606 93701 1 1.31875 0.536538 354 0 1427 -0.00882344 0.14382 0.329482 3.46425 -0.0786258 124.938 
0.196343 -0.258606 93701 1 1.31875 0.536538 355 0 1427 -0.00882344 0.14382 0.329482 3.46425 -0.0786258 124.938 
0.196343 -0.258606 93701 1 1.31875 0.536538 356 0 1427 -0.00882344 0.14382 0.329482 3.46425 -0.0786258 124.938 
0.293003 -0.157218 93901 1 1.31875 0.536538 357 1 1432 -0.00776546 0.143008 0.341379 3.51314 -0.191137 124.68 
0.215905 -0.233593 93982 1 1.31875 0.536538 358 0 1434 -0.00636153 0.134598 0.334896 3.47425 -0.112878 124.943 
0.143251 -0.28026 94022 1 1.31875 0.536538 359 0 1435 -0.00636995 0.135467 0.332769 3.4941 -0.092473 124.994 
0.0727607 -0.373584 94102 1 1.31875 0.536538 360 0 1437 -0.00534154 0.137949 0.336818 3.54483 -0.151491 124.789 
0.0034318 -0.344361 94182 1 1.31875 0.536538 361 0 1439 -0.00681595 0.134526 0.338013 3.50786 -0.165145 124.619 
-0.0410964 -0.288272 94222 1 1.31875 0.536538 362 0 1440 -0.00548393 0.138004 0.338025 3.54947 -0.157397 124.592 
-0.105617 -0.250186 94302 1 1.31875 0.536538 363 0 1442 -0.00427873 0.132208 0.337281 3.52104 -0.139315 124.704 
-0.0896808 -0.243631 94342 1 1.31875 0.536538 364 0 1443 -0.00419497 0.128628 0.339842 3.50801 -0.170588 124.653 
-0.0610342 -0.333297 94423 1 1.31875 0.536538 365 0 1445 -0.00466779 0.123052 0.336816 3.47667 -0.158603 124.466 
0.000453819 -0.37313 94502 1 1.31875 0.536538 366 0 1447 -0.00573353 0.131507 0.340213 3.5863 -0.170898 124.605 
0.0262467 -0.341938 94584 1 1.31875 0.536538 367 0 1449 -0.0087217 0.13026 0.345309 3.59385 -0.221261 124.468 
-0.00852928 -0.223756 94624 1 1.31875 0.536538 368 0 1450 -0.00802418 0.128266 0.347986 3.59602 -0.247358 124.389 
-0.0213759 -0.132064 94664 1 1.31979 0.536538 369 1 1451 -0.00727282 0.12894 0.348055 3.62344 -0.250023 124.414 
-0.0213759 -0.132064 94664 1 1.32083 0.536538 370 1 1451 -0.00727282 0.12894 0.348055 3.62344 -0.250023 124.414 
-0.0785674 -0.178398 94864 1 1.32083 0.536538 371 1 1456 -0.0113736 0.133448 0.343798 3.71398 -0.213588 124.607 
-0.0730772 -0.0918329 94903 1 1.32083 0.536538 372 1 1457 -0.0106645 0.135209 0.344914 3.72537 -0.232182 124.462 
-0.11427 -0.0980424 94984 1 1.32083 0.536538 373 1 1459 -0.0112884 0.131162 0.341834 3.68387 -0.191746 124.7 
-0.0862612 -0.0727503 95024 1 1.29323 0.529808 374 1 1460 -0.0104204 0.135615 0.34301 3.73385 -0.206051 124.688 
-0.0585501 0.163774 95145 1 1.23542 0.506731 375 1 1463 -0.00988976 0.133001 0.344623 3.73584 -0.22863 124.821 
-0.0575082 0.117931 95183 1 1.12031 0.500962 376 1 1464 -0.00928341 0.128113 0.340483 3.69574 -0.187452 124.985 
-0.0277307 0.0767582 95264 1 1.07917 0.505769 377 1 1466 -0.010256 0.131741 0.337619 3.75394 -0.161942 125.237 
-0.022994 0.103652 95304 1 1.07031 0.511538 378 1 1467 -0.00866272 0.12545 0.342288 3.71731 -0.222916 125.288 
-0.0194028 0.0598535 95425 1 1.04479 0.533654 379 1 1470 -0.00782645 0.11998 0.341621 3.74614 -0.256648 125.139 
-0.0187962 0.0752422 95465 1 1.02969 0.5375 380 1 1471 -0.00769199 0.122257 0.343465 3.81096 -0.287841 125.133 
0.0262354 0.277728 95545 1 1.02969 0.5375 381 1 1473 -0.00951962 0.115606 0.339453 3.80237 -0.251666 125.185 
-0.0472181 0.430184 95584 1 1.0276 0.538462 382 1 1474 -0.00878661 0.108767 0.337481 3.73249 -0.228891 125.093 
-0.0614733 0.407955 95624 1 1.01719 0.539423 383 1 1475 -0.00949304 0.111553 0.334838 3.7546 -0.182816 125.159 
-0.0614733 0.407955 95624 1 1.01458 0.539423 384 1 1475 -0.00949304 0.111553 0.334838 3.7546 -0.182816 125.159 
-0.147736 0.229359 95825 1 1.00937 0.539423 385 1 1480 -0.0146172 0.106654 0.334038 3.66792 -0.195666 124.762 
-0.142434 0.240467 95865 1 1.00937 0.539423 386 1 1481 -0.0153538 0.11101 0.333631 3.71388 -0.212773 124.691 
-0.143226 0.196019 95946 1 1.00937 0.539423 387 1 1483 -0.0138395 0.107836 0.332881 3.69743 -0.219938 124.663 
-0.0885472 0.199801 96025 1 1.00937 0.539423 388 1 1485 -0.0174535 0.101676 0.332163 3.67859 -0.219588 124.431 
-0.0748952 0.209635 96067 1 1.00937 0.539423 389 1 1486 -0.0159046 0.0984784 0.33367 3.66545 -0.226561 124.441 
-0.105399 0.261739 96146 1 1.00937 0.539423 390 1 1488 -0.0187699 0.082896 0.334538 3.53533 -0.240985 124.289 
-0.123777 0.181554 96226 1 1.00937 0.539423 391 1 1490 -0.0178758 0.0759209 0.331451 3.47556 -0.205969 124.262 
-0.0865411 0.145522 96266 1 1.00937 0.539423 392 1 1491 -0.0176393 0.0801784 0.329427 3.51834 -0.169254 124.363 
-0.150262 -0.0160243 96346 1 1.00937 0.539423 393 1 1493 -0.0187541 0.0825171 0.333895 3.51706 -0.18056 124.543 
-0.154987 -0.0950847 96426 1 1.00937 0.539423 394 1 1495 -0.0162019 0.0863077 0.336245 3.54092 -0.187276 124.546 
-0.130467 -0.0785409 96506 1 1.00937 0.539423 395 1 1497 -0.0144799 0.0884 0.338321 3.56774 -0.221038 124.435 
-0.202388 -0.183387 96547 1 1.00937 0.539423 396 0 1498 -0.0150056 0.083892 0.33706 3.5207 -0.212429 124.542 
-0.20762 -0.332256 96627 1 1.00937 0.539423 397 0 1500 -0.0182958 0.0771064 0.336531 3.44588 -0.222279 124.555 
-0.17688 -0.307534 96706 1 1.00937 0.539423 398 0 1502 -0.0192739 0.0745282 0.336309 3.4038 -0.249833 124.233 
-0.143517 -0.267314 96746 1 1.00937 0.539423 399 0 1503 -0.0190553 0.0754032 0.33831 3.42551 -0.277588 124.266 
-0.158226 -0.254327 96827 1 1.00937 0.539423 400 0 1505 -0.0189732 0.0707459 0.341318 3.38606 -0.327533 124.082 
-0.118389 -0.244087 96907 1 1.00937 0.539423 401 0 1507 -0.0168847 0.0728124 0.341808 3.44974 -0.339039 124.009 
-0.403615 -0.26639 96947 1 1.00937 0.539423 402 0 1508 -0.0139215 0.0776301 0.33876 3.52714 -0.304425 123.96 
-0.403615 -0.26639 96947 1 1.00937 0.539423 403 0 1508 -0.0139215 0.0776301 0.33876 3.52714 -0.304425 123.96 
-0.511082 -0.150618 96987 1 1.00937 0.539423 404 0 1509 -0.0137283 0.0797324 0.341254 3.55603 -0.335139 123.899 
-0.562738 -0.231099 97149 1 1.00937 0.539423 405 0 1513 -0.0116189 0.065649 0.33773 3.50761 -0.278126 123.971 
-0.539959 -0.225786 97228 1 1.00937 0.539423 406 0 1515 -0.00980033 0.0615298 0.334262 3.50585 -0.243576 123.77 
-0.537982 -0.234719 97268 1 1.00937 0.539423 407 0 1516 -0.00843494 0.0618494 0.331866 3.52356 -0.214098 123.9 
-0.537982 -0.234719 97268 1 1.00937 0.539423 408 0 1516 -0.00843494 0.0618494 0.331866 3.52356 -0.214098 123.9 
-0.56823 0.0312994 97428 1 1.00937 0.539423 409 0 1520 -0.00405859 0.0545066 0.332833 3.5062 -0.21274 123.892 
-0.478486 0.00649881 97508 1 1.00937 0.539423 410 0 1522 -0.00422845 0.0711451 0.336975 3.73903 -0.241198 124.299 
-0.314392 -0.162633 97589 1 1.00937 0.539423 411 0 1524 -0.00686348 0.0953782 0.325622 4.01648 -0.111299 124.404 
-0.314392 -0.162633 97589 1 1.00937 0.539423 412 0 1524 -0.00686348 0.0953782 0.325622 4.01648 -0.111299 124.404 
-0.375366 -0.165186 97628 1 1.00937 0.539423 413 0 1525 -0.00930556 0.0895238 0.324851 3.94883 -0.102273 124.354 
-0.460023 -0.12762 97789 1 1.00937 0.539423 414 0 1529 -0.00855898 0.0758464 0.324608 3.79329 -0.0960257 124.377 
-0.355145 -0.094825 97869 1 1.00937 0.539423 415 0 1531 -0.00652505 0.0891425 0.326088 3.94267 -0.103465 124.513 
-0.429869 -0.155131 97909 1 1.00937 0.539423 416 0 1532 -0.00789393 0.0810922 0.325234 3.8458 -0.0877634 124.463 
-0.429869 -0.155131 97909 1 1.00937 0.539423 417 0 1532 -0.00789393 0.0810922 0.325234 3.8458 -0.0877634 124.463 
-0.269736 -0.0187976 98069 1 1.00937 0.539423 418 0 1536 -0.00814218 0.101201 0.328964 4.0471 -0.0978697 124.668 
-0.0377371 1.48812 98150 1 1.00937 0.539423 419 0 1538 -0.011893 0.0945645 0.317353 3.9625 0.0706608 125.205 
-0.158632 0.890528 98189 1 1.00937 0.539423 420 1 1539 -0.0137907 0.089943 0.330136 3.86527 -0.071391 125.055 
-0.125833 0.315361 98230 1 1.00937 0.539423 421 1 1540 -0.0138591 0.0901736 0.322232 3.83961 0.0181197 125.172 
-0.125833 0.315361 98230 1 1.00937 0.539423 422 1 1540 -0.0138591 0.0901736 0.322232 3.83961 0.0181197 125.172 
-0.144148 0.127626 98429 1 1.00937 0.539423 423 1 1545 -0.0164691 0.0747643 0.331663 3.56281 -0.13173 124.752 
-0.177118 0.269417 98470 1 1.00937 0.539423 424 1 1546 -0.0180841 0.0680309 0.345651 3.4215 -0.312599 124.246 
0.0716067 0.255692 98550 1 1.00937 0.539423 425 1 1548 -0.0188876 0.077482 0.368486 3.40953 -0.575541 123.399 
0.0380437 -0.0275832 98630 1 1.00937 0.539423 426 1 1550 -0.0233734 0.091854 0.343961 3.43528 -0.2758 123.98 
0.0288317 -0.0924966 98711 1 1.00937 0.539423 427 1 1552 -0.0265418 0.0897448 0.338547 3.29676 -0.216298 124.256 
0.0622926 -0.020615 98751 1 1.00937 0.539423 428 1 1553 -0.0263846 0.101355 0.34214 3.3648 -0.270283 124.031 
0.114413 -0.0302764 98831 1 1.00937 0.539423 429 1 1555 -0.0225904 0.104025 0.337532 3.35833 -0.232995 124.34 
0.179097 -0.128227 98870 1 1.00937 0.539423 430 1 1556 -0.0231898 0.110157 0.328406 3.44052 -0.131813 124.635 
0.202507 -0.299288 98951 1 1.00937 0.539423 431 0 1558 -0.0218812 0.120286 0.321733 3.56607 -0.0607221 124.883 
0.190045 -0.372749 99031 1 1.00937 0.539423 432 0 1560 -0.0170911 0.121017 0.317123 3.55313 -0.00436019 125.059 
0.197243 -0.357395 99071 1 1.00937 0.539423 433 0 1561 -0.0168338 0.122055 0.317823 3.54202 -0.0113624 124.959 
0.176742 -0.171385 99151 1 1.00937 0.539423 434 1 1563 -0.0135323 0.123343 0.324648 3.45508 -0.0744729 124.824 
0.190396 -0.0287546 99232 1 1.00937 0.539423 435 1 1565 -0.0101227 0.129684 0.335024 3.40898 -0.188615 124.471 
0.1882 0.137925 99271 1 1.00937 0.539423 436 1 1566 -0.00934973 0.131109 0.347986 3.36526 -0.343503 123.95 
0.18713 0.236837 99351 1 1.00937 0.539423 437 1 1568 -0.0101866 0.127498 0.350716 3.27589 -0.371244 123.688 
0.211466 0.214281 99432 1 1.00937 0.539423 438 1 1570 -0.0112976 0.125968 0.348031 3.24489 -0.333484 123.867 
0.225616 0.242311 99472 1 1.00937 0.539423 439 1 1571 -0.0112497 0.128331 0.350436 3.24954 -0.356637 123.786 
0.276242 0.266067 99552 1 1.00937 0.539423 440 1 1573 -0.0121516 0.126116 0.356337 3.18564 -0.412253 123.804 
0.301401 0.0899075 99633 1 1.00937 0.539423 441 1 1575 -0.00945623 0.136181 0.355267 3.25633 -0.393084 123.891 
0.355157 0.0263834 99674 1 1.00937 0.539423 442 1 1576 -0.00981216 0.135252 0.351791 3.2745 -0.35508 124.109 
0.278782 0.173014 99752 1 1.00937 0.539423 443 1 1578 -0.00960241 0.133149 0.360849 3.20267 -0.476648 123.442 
0.303188 0.0908273 99833 1 1.00937 0.539423 444 1 1580 -0.0102136 0.136244 0.35593 3.23873 -0.418379 123.773 
0.352889 0.0224287 99873 1 1.00937 0.539423 445 1 1581 -0.0112908 0.138315 0.349773 3.27223 -0.349705 123.996 
0.364835 0.0715152 99953 1 1.00937 0.539423 446 1 1583 -0.010221 0.141321 0.353072 3.28787 -0.381469 123.818 
0.381197 0.0774658 100034 1 1.00937 0.539423 447 1 1585 -0.011844 0.138917 0.354672 3.27402 -0.399331 123.829 
0.36052 0.0719452 100073 1 1.00937 0.539423 448 1 1586 -0.0123876 0.13756 0.355566 3.25579 -0.410234 123.746 
0.29302 0.072102 100154 1 1.00937 0.539423 449 1 1588 -0.0132424 0.137947 0.356461 3.24496 -0.418625 123.593 
0.290525 0.00618916 100233 1 1.00937 0.539423 450 1 1590 -0.0140157 0.135932 0.353057 3.22838 -0.372799 123.888 
0.227293 0.0495431 100313 1 1.00937 0.539423 451 1 1592 -0.0141723 0.134587 0.355794 3.2239 -0.409671 123.699 
0.247851 0.0420833 100353 1 1.00937 0.539423 452 1 1593 -0.0128155 0.138079 0.354961 3.26231 -0.406447 123.678 
0.219407 -0.0748559 100434 1 1.00937 0.539423 453 1 1595 -0.0133064 0.136263 0.346112 3.25553 -0.305763 123.997 
0.13583 0.0369246 100514 1 1.00937 0.539423 454 1 1597 -0.0138355 0.133852 0.357167 3.23237 -0.429723 123.661 
0.161954 -0.0603103 100596 1 1.00937 0.539423 455 1 1599 -0.00988109 0.132349 0.357614 3.24214 -0.439988 123.537 
0.254936 -0.0392514 100674 1 1.00937 0.539423 456 1 1601 -0.0039132 0.121243 0.363042 3.19834 -0.511159 123.113 
0.213294 -0.0399415 100754 1 1.00937 0.539423 457 1 1603 -0.00586358 0.115616 0.363419 3.15694 -0.522406 122.785 
0.214757 -0.0802871 100795 1 1.00937 0.539423 458 1 1604 -0.00576165 0.117845 0.360031 3.16485 -0.482709 122.77 
0.0933258 0.0722764 100875 1 1.00937 0.539423 459 1 1606 -0.010848 0.118191 0.355006 3.10336 -0.417005 122.777 
0.194321 1.0484 100955 1 1.00937 0.539423 460 1 1608 -0.0183066 0.119013 0.343715 3.09899 -0.206424 123.855 
0.197901 0.991423 100995 1 1.00937 0.539423 461 1 1609 -0.0189653 0.126452 0.336866 3.15427 -0.120747 124.066 
0.259986 0.859422 101075 1 1.00937 0.539423 462 1 1611 -0.0185383 0.128137 0.334477 3.19252 -0.065107 124.464 
0.260626 0.821789 101116 1 1.00937 0.539423 463 1 1612 -0.0180249 0.126382 0.332544 3.17242 -0.0370823 124.541 
0.20557 0.822024 101195 1 1.00937 0.539423 464 1 1614 -0.0174715 0.126012 0.347203 3.12347 -0.211569 123.492 
0.197536 0.747351 101275 1 1.00937 0.539423 465 1 1616 -0.0152583 0.127316 0.349466 3.10374 -0.218333 122.716 
0.210107 0.925888 101316 1 1.00937 0.539423 466 1 1617 -0.0170653 0.13171 0.368072 3.11816 -0.435004 121.248 
0.357975 0.919591 101356 1 1.00937 0.539423 467 1 1618 -0.0146424 0.140525 0.377075 3.20353 -0.534446 120.761 
0.357975 0.919591 101356 1 1.00937 0.539423 468 1 1618 -0.0146424 0.140525 0.377075 3.20353 -0.534446 120.761 
0.8912 0.0116092 101556 1 1.00937 0.539423 469 1 1623 -0.00284043 0.172639 0.363469 3.47154 -0.38227 120.825 
0.923454 -0.119249 101596 1 1.00937 0.539423 470 1 1624 -0.00663781 0.178013 0.359159 3.48157 -0.32693 120.983 
1.09778 -0.336086 101676 1 1.00937 0.539423 471 0 1626 -0.013496 0.214881 0.332406 3.75737 -0.0579519 121.875 
1.1164 -0.257046 101716 1 1.00937 0.539423 472 0 1627 -0.0147043 0.220621 0.335118 3.7536 -0.11543 121.811 
1.08748 -0.178319 101797 1 1.00937 0.539423 473 1 1629 -0.013705 0.231907 0.330783 3.74656 -0.120806 122.674 
0.996691 0.0474805 101877 1 1.00937 0.539423 474 1 1631 -0.0108069 0.220883 0.346328 3.54502 -0.343781 122.289 
0.9927 0.0618435 101956 1 0.991667 0.539423 475 1 1633 -0.00950282 0.227738 0.347561 3.5802 -0.357859 122.213 
0.992559 0.0261378 102036 1 0.928125 0.531731 476 1 1635 -0.0104844 0.234477 0.343353 3.58888 -0.302225 122.353 
1.00416 -0.00785541 102117 1 0.902604 0.527885 477 1 1637 -0.00825675 0.245453 0.339858 3.60845 -0.238137 122.752 
1.04752 0.00549446 102157 1 0.888021 0.519231 478 1 1638 -0.0085472 0.251386 0.335775 3.6485 -0.178685 122.773 
1.08599 -0.223981 102237 1 0.870313 0.514423 479 0 1640 -0.00930394 0.249212 0.325031 3.66609 -0.0113635 123.516 
0.761065 -0.269429 102318 1 0.861979 0.514423 480 0 1642 -0.00913301 0.243828 0.325287 3.65024 0.0234827 123.802 
0.716715 -0.274676 102358 1 0.856771 0.5125 481 0 1643 -0.0113734 0.238856 0.325966 3.63187 0.0166365 123.758 
0.669437 -0.230892 102437 1 0.853646 0.510577 482 0 1645 -0.013713 0.22926 0.327291 3.59232 -0.00220876 123.655 
-0.308319 1.39778 102518 1 0.85625 0.505769 483 0 1647 -0.0171801 0.221644 0.330287 3.54488 -0.0289233 123.648 
-0.129969 1.0299 102558 1 0.91875 0.372115 484 0 1648 -0.0205182 0.211995 0.326554 3.50301 0.0131274 123.696 
0.181146 0.119421 102638 1 1.00104 0.169231 485 1 1650 -0.027689 0.22742 0.323728 3.61906 -0.00624877 122.635 
0.331547 0.200897 102718 1 1.05677 0 486 1 1652 -0.0445162 0.259698 0.334636 3.62623 -0.149117 121.54 
0.607985 0.223992 102799 1 1.05885 0 487 1 1654 -0.0556324 0.283121 0.326042 3.58336 -0.0317077 121.775 
0.578412 0.305693 102839 1 1.05885 0 488 1 1655 -0.0570476 0.284815 0.330013 3.50834 -0.0955994 121.501 
0.589984 0.440498 102918 1 1.05208 0.0163462 489 1 1657 -0.05769 0.288347 0.334734 3.44228 -0.24159 120.699 
1.07099 0.265015 102998 1 1.02865 0.0605769 490 1 1659 -0.0585732 0.295334 0.322932 3.447 -0.121499 121.181 
1.15171 0.300746 103079 1 1.02396 0.0740385 491 1 1661 -0.0536312 0.299689 0.327982 3.43435 -0.163151 121.043 
1.17352 0.306143 103119 1 1.02396 0.0740385 492 1 1662 -0.0529677 0.301622 0.327591 3.44761 -0.158744 121.135 
1.17523 0.238943 103199 1 1.02396 0.0740385 493 1 1664 -0.0526385 0.301303 0.325423 3.4499 -0.147297 121.147 
1.08413 1.74173 103281 1 1.02396 0.0740385 494 0 1666 -0.0556171 0.307642 0.317822 3.5302 -0.0293459 121.889 
1.2081 0.950419 103361 1 1.02396 0.0740385 495 0 1668 -0.0578175 0.313275 0.315037 3.56878 0.0232837 122.165 
1.12246 0.379537 103439 1 1.02396 0.0740385 496 1 1670 -0.0552829 0.313581 0.322307 3.56572 -0.0484847 121.929 
0.797203 0.118149 103520 1 1.02396 0.0740385 497 1 1672 -0.0511617 0.318771 0.319554 3.62571 -0.0374907 121.739 
0.743805 -0.120891 103600 1 1.02396 0.0740385 498 1 1674 -0.0498016 0.320428 0.320681 3.71102 -0.0931157 121.1 
0.776964 -0.0179781 103681 1 1.02396 0.0740385 499 1 1676 -0.048353 0.314687 0.33045 3.70985 -0.23824 120.357 
0.75341 -0.00484909 103762 1 1.02188 0.0740385 500 1 1678 -0.0502027 0.302726 0.326409 3.66009 -0.219877 120.745 
0.721975 -0.0448888 103840 1 1.01406 0.0644231 501 1 1680 -0.0512649 0.289536 0.317269 3.61918 -0.179013 121.02 
0.748254 -0.174701 103882 1 1.00208 0.0519231 502 1 1681 -0.0464159 0.289731 0.31299 3.65091 -0.136152 121.37 
0.611263 -0.635372 103960 1 1.00156 0.05 503 0 1683 -0.0471183 0.301323 0.306436 3.71933 -0.10129 120.964 
0.475028 -0.632574 104082 1 1.00781 0.0221154 504 0 1686 -0.0457219 0.321133 0.301553 3.76512 -0.0800727 120.247 
0.35605 1.01822 104161 1 1.04167 0.00865385 505 1 1688 -0.0492958 0.321746 0.293398 3.77143 0.0136542 120.613 
0.383529 0.585118 104241 1 1.02448 0.0192308 506 1 1690 -0.0517436 0.315657 0.286985 3.68431 0.0430451 121.114 
0.361655 0.150808 104321 1 0.848958 0.0769231 507 1 1692 -0.0528193 0.32109 0.291094 3.68022 0.0550822 121.254 
0.315799 0.0659583 104361 1 0.603125 0.167308 508 1 1693 -0.0516942 0.325305 0.300186 3.65184 0.0526588 121.2 
0.175032 0.162572 104441 1 0.470833 0.247115 509 1 1695 -0.0558072 0.335308 0.308073 3.61254 0.155371 120.844 
0.13312 0.132074 104481 1 0.422917 0.255769 510 1 1696 -0.0568342 0.344369 0.301048 3.64291 0.251399 120.775 
0.13312 0.132074 104481 1 0.402604 0.205769 511 1 1696 -0.0568342 0.344369 0.301048 3.64291 0.251399 120.775 
0.215805 0.111493 104602 1 0.365625 0.1375 512 1 1699 -0.0574748 0.32869 0.296612 3.55519 0.198483 120.557 
0.214207 -0.101764 104682 1 0.316146 0.124038 513 1 1701 -0.0546988 0.313725 0.306841 3.50669 0.104995 120.489 
0.134299 -0.0596612 104762 1 0.227604 0.232692 514 1 1703 -0.0542784 0.28795 0.328716 3.34165 0.058383 120.7 
0.163276 -0.0093863 104842 1 0.190625 0.3 515 1 1705 -0.0514374 0.288502 0.327956 3.38116 0.0630442 120.768 
0.169971 -0.093516 104923 1 0.178125 0.3375 516 1 1707 -0.0520055 0.288489 0.308029 3.40817 0.129396 120.716 
0.135584 -0.186365 105003 1 0.171875 0.35 517 1 1709 -0.052849 0.288001 0.313805 3.38824 0.0825857 120.418 
0.161608 -0.187485 105043 1 0.167708 0.357692 518 1 1710 -0.0531906 0.283588 0.319552 3.35311 0.0614056 119.754 
0.199957 -0.0747876 105122 1 0.167708 0.357692 519 1 1712 -0.0535302 0.282868 0.329505 3.36867 -0.0131834 119.208 
0.169695 -0.12026 105203 1 0.172917 0.3375 520 1 1714 -0.0558935 0.288805 0.331121 3.42201 -0.04637 119.49 
0.0675727 -0.0775741 105243 1 0.176563 0.323077 521 1 1715 -0.0587304 0.290786 0.327864 3.40999 -0.0391174 118.946 
1.10322 0.143743 105323 1 0.177604 0.317308 522 1 1717 -0.0720663 0.308172 0.311037 3.48214 0.165346 119.406 
1.22745 0.153851 105404 1 0.178646 0.315385 523 0 1719 -0.0749899 0.329045 0.313187 3.50315 0.156643 119.484 
