ImageFile:
-5.91264 9.66092 67178 1 0.169792 0.25 1 0 630 -0.0554277 -0.00871784 -0.110776 -0.484735 5.7051 173.019 
-2.30483 2.59621 67258 1 0.169792 0.25 2 0 632 -0.049091 -0.00353502 -0.134977 -0.418803 6.03315 173.512 
0.515465 2.13725 67298 1 0.169792 0.25 3 0 633 -0.050433 -0.027126 -0.0833356 -0.608301 5.72107 174.264 
-0.274289 2.33969 67378 1 0.16875 0.252885 4 0 635 -0.0455678 -0.0371575 -0.0619329 -0.691572 5.57848 174.635 
0.208698 2.49633 67459 1 0.164063 0.321154 5 0 637 -0.0440937 -0.0476609 -0.0556863 -0.775348 5.55113 174.658 
0.257965 2.15972 67499 1 0.169792 0.604808 6 0 638 -0.043627 -0.0515409 -0.0594722 -0.809551 5.59183 174.611 
0.406447 1.89181 67538 1 0.144271 0.935577 7 0 639 -0.0427432 -0.0494081 -0.0725192 -0.795895 5.70427 174.406 
0.406447 1.89181 67538 1 0.117188 1.01635 8 0 639 -0.0427432 -0.0494081 -0.0725192 -0.795895 5.70427 174.406 
0.100519 2.5618 67739 1 0.1125 1.02115 9 0 644 -0.0483338 -0.019726 -0.114851 -0.622947 6.10767 173.775 
0.967399 4.00157 67821 1 0.102604 1.02212 10 0 646 -0.0442483 -0.048589 -0.111938 -0.85983 6.2275 172.447 
-0.962892 2.668 67859 1 0.0911458 0.991346 11 0 647 -0.0434986 -0.0405001 -0.105155 -0.812866 6.18131 173.111 
-2.75389 2.66142 68019 1 0.0802083 0.970192 12 0 651 -0.0429559 -0.040499 -0.0928464 -0.82848 6.07762 173.213 
-4.45273 3.60818 68099 1 0.0786458 0.967308 13 0 653 -0.0414354 -0.0441256 -0.0922232 -0.840569 6.06799 173.101 
-14.0222 6.30842 68139 1 0.0786458 0.967308 14 0 654 -0.0418855 -0.0444463 -0.09216 -0.837549 6.06458 173.048 
-9.40799 4.87955 68180 1 0.0760417 0.968269 15 0 655 -0.0427597 -0.0441045 -0.0900603 -0.829919 6.04645 173.027 
-4.50984 3.13655 68220 1 0.075 0.968269 16 0 656 -0.0427608 -0.0441751 -0.0900445 -0.829254 6.04653 173.023 
-2.58128 2.4654 68380 1 0.075 0.968269 17 0 660 -0.0445603 -0.0487519 -0.0974233 -0.830059 6.10799 172.619 
1.13549 3.91086 68460 1 0.075 0.968269 18 0 662 -0.0421635 -0.0464338 -0.129129 -0.789507 6.38853 170.566 
0.46681 4.01361 68500 1 0.075 0.968269 19 0 663 -0.0412599 -0.0483976 -0.121231 -0.816737 6.3569 170.858 
0.46681 4.01361 68500 1 0.075 0.968269 20 0 663 -0.0412599 -0.0483976 -0.121231 -0.816737 6.3569 170.858 
0.358909 0.225423 68700 1 0.075 0.968269 21 1 668 -0.0405146 -0.045965 -0.113603 -0.809477 6.26287 170.828 
0.359385 0.171528 68780 1 0.075 0.968269 22 1 670 -0.0416223 -0.049236 -0.113939 -0.840425 6.2463 170.565 
0.343525 0.141288 68821 1 0.075 0.968269 23 1 671 -0.0413769 -0.0544597 -0.116341 -0.881151 6.25976 170.461 
0.343525 0.141288 68821 1 0.075 0.968269 24 1 671 -0.0413769 -0.0544597 -0.116341 -0.881151 6.25976 170.461 
0.159089 0.282234 68981 1 0.075 0.968269 25 1 675 -0.0357152 -0.0546445 -0.129746 -0.878456 6.30677 169.601 
0.159875 0.211728 69061 1 0.075 0.968269 26 1 677 -0.0360209 -0.0509702 -0.14244 -0.839461 6.40291 169.237 
-0.0566778 0.77851 69141 1 0.075 0.968269 27 1 679 -0.0366458 -0.0572415 -0.137614 -0.886634 6.40008 169.394 
0.0939684 1.24708 69221 1 0.075 0.968269 28 0 681 -0.0341712 -0.06202 -0.135825 -0.920607 6.43017 169.654 
0.0909869 1.26347 69302 1 0.075 0.968269 29 0 683 -0.0349782 -0.0622161 -0.13094 -0.889396 6.41661 169.887 
0.0934369 1.29126 69342 1 0.075 0.968269 30 0 684 -0.0347934 -0.0599142 -0.126656 -0.858615 6.38326 170.015 
-0.0173334 1.5314 69421 1 0.075 0.968269 31 0 686 -0.0386547 -0.0590051 -0.123138 -0.855858 6.35372 169.678 
-0.234297 4.33139 69502 1 0.075 0.968269 32 0 688 -0.041587 -0.0607343 -0.109765 -0.86842 6.23519 169.656 
0.502675 5.28852 69582 1 0.075 0.968269 33 0 690 -0.0460458 -0.0557278 -0.111345 -0.851582 6.32439 170.999 
0.502675 5.28852 69582 1 0.075 0.968269 34 0 690 -0.0460458 -0.0557278 -0.111345 -0.851582 6.32439 170.999 
2.67396 4.25739 69622 1 0.075 0.968269 35 0 691 -0.0462952 -0.0557848 -0.111532 -0.854309 6.33569 170.945 
0.217334 0.824654 69782 1 0.075 0.968269 36 1 695 -0.0466252 -0.0490492 -0.100358 -0.82429 6.14253 169.894 
0.211697 0.730659 69862 1 0.075 0.968269 37 1 697 -0.047226 -0.0410222 -0.111702 -0.75841 6.19632 169.311 
0.175475 0.689112 69903 1 0.075 0.968269 38 1 698 -0.0467503 -0.0424806 -0.115228 -0.769486 6.21781 169.071 
0.175475 0.689112 69903 1 0.075 0.968269 39 1 698 -0.0467503 -0.0424806 -0.115228 -0.769486 6.21781 169.071 
-2.86606 3.11006 70103 1 0.075 0.968269 40 0 703 -0.0443602 -0.0467366 -0.140045 -0.778106 6.39245 167.075 
2.13464 3.53404 70183 1 0.075 0.968269 41 0 705 -0.0460643 -0.0367853 -0.170766 -0.693894 6.71065 166.347 
-1.72996 1.34164 70223 1 0.075 0.968269 42 0 706 -0.0456728 -0.036353 -0.176776 -0.689897 6.76436 165.633 
0.0367257 1.05149 70303 1 0.075 0.968269 43 1 708 -0.0438935 -0.0353175 -0.159476 -0.701977 6.5582 165.256 
0.0242353 1.02222 70384 1 0.075 0.968269 44 1 710 -0.0425351 -0.0325394 -0.177372 -0.684538 6.67061 165.232 
0.0839098 1.03992 70464 1 0.075 0.968269 45 1 712 -0.0446039 -0.0307768 -0.183108 -0.66444 6.70164 165.985 
0.100196 1.32384 70544 1 0.075 0.968269 46 0 714 -0.0459419 -0.0285162 -0.165236 -0.631476 6.55994 167.307 
0.0312423 1.07717 70664 1 0.075 0.968269 47 1 717 -0.0452452 -0.0441528 -0.166055 -0.721081 6.57913 168.684 
0.0595015 0.239711 70704 1 0.075 0.968269 48 1 718 -0.0465088 -0.0480103 -0.167429 -0.751582 6.56893 168.682 
0.18406 0.0428278 70785 1 0.075 0.968269 49 1 720 -0.0463878 -0.0430147 -0.181355 -0.706305 6.6444 168.092 
0.19016 0.131164 70865 1 0.075 0.968269 50 1 722 -0.0468019 -0.0451237 -0.1769 -0.716744 6.59109 168.373 
0.201466 0.0596391 70945 1 0.075 0.968269 51 1 724 -0.0468529 -0.0466827 -0.179091 -0.739131 6.59777 168.303 
0.194978 0.0654607 71025 1 0.075 0.968269 52 1 726 -0.0468233 -0.0490129 -0.178857 -0.756777 6.59871 168.308 
-0.18429 1.12632 71105 1 0.075 0.968269 53 1 728 -0.047819 -0.0457123 -0.166606 -0.745792 6.51492 168.748 
1.67899 3.65195 71186 1 0.075 0.968269 54 0 730 -0.0448484 -0.0421947 -0.180279 -0.747195 6.68496 169.7 
-0.723029 1.30145 71265 1 0.075 0.968269 55 0 732 -0.0455407 -0.0388567 -0.179775 -0.700663 6.70783 169.471 
-1.44044 0.929313 71305 1 0.075 0.968269 56 0 733 -0.0452001 -0.0435437 -0.177383 -0.734893 6.696 169.424 
-0.0658095 1.13815 71385 1 0.075 0.968269 57 1 735 -0.0466662 -0.0538111 -0.159071 -0.821157 6.5151 168.834 
-0.0955864 0.854528 71465 1 0.075 0.968269 58 1 737 -0.0455775 -0.052055 -0.149095 -0.806322 6.40227 168.696 
0.0827171 0.340438 71506 1 0.075 0.968269 59 1 738 -0.0449199 -0.0492674 -0.159642 -0.778988 6.4838 168.315 
0.0913381 0.379617 71586 1 0.075 0.968269 60 1 740 -0.0448289 -0.0524999 -0.147326 -0.803032 6.40287 168.381 
0.0687269 0.346811 71665 1 0.075 0.968269 61 1 742 -0.0418559 -0.0554025 -0.151102 -0.82448 6.43165 167.997 
0.0493411 0.439919 71746 1 0.075 0.968269 62 1 744 -0.0418112 -0.0509793 -0.149117 -0.808295 6.41505 167.984 
-0.14336 1.16244 71786 1 0.075 0.968269 63 1 745 -0.0427541 -0.0513621 -0.145886 -0.83315 6.41119 168.277 
0.0022945 1.20056 71867 1 0.075 0.968269 64 0 747 -0.0441703 -0.0450304 -0.152162 -0.791602 6.4811 167.962 
0.0167589 1.21032 71947 1 0.075 0.968269 65 0 749 -0.0448726 -0.0453019 -0.149779 -0.79189 6.47415 168.155 
0.0371054 1.21722 71987 1 0.075 0.968269 66 0 750 -0.0457236 -0.0456839 -0.145348 -0.797389 6.4366 168.389 
-0.126417 1.49492 72107 1 0.075 0.968269 67 0 753 -0.0442711 -0.0551511 -0.147344 -0.858301 6.449 168.419 
-0.354049 2.82204 72147 1 0.075 0.968269 68 0 754 -0.0441337 -0.0593226 -0.144105 -0.873208 6.42116 168.388 
-1.91986 2.57734 72227 1 0.075 0.968269 69 0 756 -0.0447506 -0.0580878 -0.15714 -0.813299 6.57542 168.878 
-0.174967 0.983772 72307 1 0.075 0.968269 70 1 758 -0.0419239 -0.0627645 -0.136305 -0.80866 6.37759 168.362 
-0.152585 0.827734 72387 1 0.075 0.968269 71 1 760 -0.0396237 -0.058109 -0.139016 -0.747898 6.3649 167.992 
-0.212432 1.33825 72467 1 0.075 0.968269 72 0 762 -0.0396984 -0.0650971 -0.148065 -0.845867 6.44838 167.64 
-0.227698 1.32752 72548 1 0.075 0.968269 73 0 764 -0.0395953 -0.0636014 -0.147508 -0.889606 6.46929 167.735 
-0.0179725 1.24847 72628 1 0.075 0.968269 74 0 766 -0.0421774 -0.0416481 -0.146691 -0.766024 6.46505 167.777 
0.32318 0.504317 72708 1 0.075 0.968269 75 1 768 -0.0449602 -0.047258 -0.143057 -0.882725 6.40271 167.604 
0.246324 0.251007 72788 1 0.075 0.968269 76 1 770 -0.0455536 -0.0550813 -0.15465 -0.959846 6.48177 167.254 
0.0529155 1.14176 72868 1 0.075 0.968269 77 1 772 -0.0455864 -0.0419546 -0.153052 -0.806662 6.4745 167.549 
0.0455047 1.38297 72908 1 0.0708333 0.968269 78 0 773 -0.0444617 -0.0374512 -0.148554 -0.747334 6.44172 167.776 
-0.00721404 1.42899 72988 1 0.0427083 0.959615 79 0 775 -0.0429856 -0.044099 -0.144236 -0.752256 6.40328 168.083 
-0.00721404 1.42899 72988 1 -0.214062 0.882692 80 0 775 -0.0429856 -0.044099 -0.144236 -0.752256 6.40328 168.083 
-0.00721404 1.42899 72988 1 -0.557813 0.793269 81 0 775 -0.0429856 -0.044099 -0.144236 -0.752256 6.40328 168.083 
0.0151165 3.34593 73228 1 -0.701562 0.730769 82 0 781 -0.0413219 -0.070406 -0.146471 -0.920193 6.41865 168.115 
-0.538984 2.82371 73309 1 -0.702083 0.727885 83 0 783 -0.0437708 -0.0721897 -0.15555 -0.936141 6.53342 168.806 
0.567736 0.9073 73349 1 -0.702083 0.727885 84 1 784 -0.0401512 -0.0694148 -0.142482 -0.945324 6.36454 168.401 
0.567736 0.9073 73349 1 -0.702083 0.727885 85 1 784 -0.0401512 -0.0694148 -0.142482 -0.945324 6.36454 168.401 
0.842307 0.0805736 73509 1 -0.697396 0.724038 86 1 788 -0.0411986 -0.0541022 -0.152289 -0.864407 6.40807 167.749 
0.820675 -0.0616101 73589 1 -0.709896 0.719231 87 1 790 -0.0407868 -0.047751 -0.156407 -0.819319 6.42549 167.718 
0.701665 -0.222585 73629 1 -0.731771 0.713462 88 0 791 -0.0414359 -0.047376 -0.155508 -0.81827 6.41531 167.894 
0.706127 -0.189841 73710 1 -0.739062 0.708654 89 1 793 -0.0425799 -0.0450696 -0.155054 -0.794882 6.4071 167.774 
0.504814 -0.451909 73791 1 -0.743229 0.704808 90 0 795 -0.0414916 -0.0466898 -0.151007 -0.81561 6.37419 167.64 
0.529892 -0.436225 73830 1 -0.742708 0.701923 91 0 796 -0.0405834 -0.0491362 -0.151628 -0.830029 6.3858 167.597 
0.473358 -0.203469 73910 1 -0.741667 0.699038 92 0 798 -0.0402792 -0.0575203 -0.142025 -0.894246 6.29568 167.81 
-0.358033 -0.418055 73990 1 -0.741146 0.698077 93 0 800 -0.038978 -0.0541479 -0.153239 -0.84999 6.38502 167.655 
-0.425646 -0.361185 74030 1 -0.736458 0.695192 94 0 801 -0.0392202 -0.0490939 -0.157035 -0.807899 6.41325 167.609 
-0.502162 -0.357538 74151 1 -0.736458 0.695192 95 0 804 -0.0405509 -0.0426117 -0.157601 -0.79106 6.39001 167.558 
-0.524211 -0.359942 74231 1 -0.736458 0.695192 96 0 806 -0.0429911 -0.0395462 -0.155805 -0.784077 6.37254 167.338 
-0.50669 -0.277611 74270 1 -0.729167 0.682692 97 0 807 -0.0436493 -0.0411285 -0.153853 -0.801074 6.36182 167.308 
-0.50669 -0.277611 74270 1 -0.661979 0.593269 98 0 807 -0.0436493 -0.0411285 -0.153853 -0.801074 6.36182 167.308 
-0.425724 -0.197841 74472 1 -0.613542 0.534615 99 0 812 -0.0438753 -0.0452927 -0.146533 -0.858438 6.31788 167.09 
-0.330755 -0.179083 74552 1 -0.596354 0.5125 100 0 814 -0.0426981 -0.0426964 -0.142509 -0.813622 6.293 167.495 
-0.330893 -0.247554 74592 1 -0.583854 0.504808 101 0 815 -0.0421144 -0.0422745 -0.149817 -0.782993 6.35017 167.188 
-0.330893 -0.247554 74592 1 -0.571875 0.491346 102 0 815 -0.0421144 -0.0422745 -0.149817 -0.782993 6.35017 167.188 
1.37073 4.82304 74752 1 -0.560417 0.470192 103 0 819 -0.0416162 -0.0426795 -0.151358 -0.773908 6.36301 167.318 
-2.40798 1.72686 74792 1 -0.544271 0.438462 104 0 820 -0.0430999 -0.0407467 -0.164118 -0.719362 6.50216 167.968 
1.04831 0.917912 74913 1 -0.532813 0.421154 105 1 823 -0.0399645 -0.0601006 -0.159854 -0.902717 6.46169 166.873 
1.04831 0.917912 74913 1 -0.525521 0.405769 106 1 823 -0.0399645 -0.0601006 -0.159854 -0.902717 6.46169 166.873 
1.28594 1.13904 75072 1 -0.520833 0.3875 107 0 827 -0.0400386 -0.0585831 -0.15381 -0.894041 6.46017 167.185 
1.31448 1.17257 75112 1 -0.520312 0.374038 108 0 828 -0.0399018 -0.0547991 -0.153906 -0.871353 6.46037 167.088 
1.33064 1.20579 75193 1 -0.520312 0.3625 109 0 830 -0.0394942 -0.0573712 -0.15085 -0.899954 6.45507 167.336 
1.3236 1.16374 75273 1 -0.520312 0.358654 110 0 832 -0.038889 -0.0622738 -0.154783 -0.925562 6.49278 166.979 
1.34674 1.14628 75353 1 -0.520312 0.357692 111 0 834 -0.0387528 -0.0560202 -0.152406 -0.876568 6.47802 167.101 
1.35728 1.15161 75433 1 -0.520312 0.357692 112 0 836 -0.038513 -0.0546105 -0.151647 -0.869257 6.47802 167.187 
1.35728 1.15161 75433 1 -0.520312 0.357692 113 0 836 -0.038513 -0.0546105 -0.151647 -0.869257 6.47802 167.187 
1.35728 1.15161 75433 1 -0.520312 0.357692 114 0 836 -0.038513 -0.0546105 -0.151647 -0.869257 6.47802 167.187 
1.24712 1.13376 75635 1 -0.520312 0.357692 115 0 841 -0.0380614 -0.0605528 -0.153752 -0.926348 6.53129 167.311 
1.35461 1.125 75714 1 -0.520312 0.357692 116 0 843 -0.0388265 -0.0510886 -0.152458 -0.837665 6.5152 167.136 
1.33855 1.12038 75753 1 -0.520312 0.357692 117 0 844 -0.0387293 -0.0503066 -0.152132 -0.837431 6.51768 167.133 
1.33855 1.12038 75753 1 -0.520833 0.360577 118 0 844 -0.0387293 -0.0503066 -0.152132 -0.837431 6.51768 167.133 
1.41043 1.07085 75954 1 -0.521875 0.364423 119 0 849 -0.0384718 -0.0537274 -0.152084 -0.887023 6.53281 167.41 
1.3973 1.10419 75994 1 -0.522917 0.371154 120 0 850 -0.038848 -0.054584 -0.150156 -0.901369 6.50399 167.319 
1.35601 1.13824 76075 1 -0.522917 0.374038 121 0 852 -0.0401403 -0.0573161 -0.147944 -0.94773 6.47648 167.394 
1.35601 1.13824 76075 1 -0.522917 0.374038 122 0 852 -0.0401403 -0.0573161 -0.147944 -0.94773 6.47648 167.394 
1.35878 1.16048 76114 1 -0.522917 0.374038 123 0 853 -0.0398112 -0.0535817 -0.14794 -0.91613 6.47907 167.506 
1.37848 1.25948 76316 1 -0.522917 0.374038 124 0 858 -0.0404204 -0.0511205 -0.144189 -0.887857 6.43969 167.692 
1.40326 1.25142 76355 1 -0.522917 0.374038 125 0 859 -0.0399954 -0.0526451 -0.145628 -0.896372 6.43979 167.554 
1.40739 1.2484 76395 1 -0.522917 0.374038 126 0 860 -0.0400312 -0.0518499 -0.146367 -0.891905 6.44206 167.559 
1.37725 1.39752 76435 1 -0.522917 0.374038 127 0 861 -0.0405131 -0.0531976 -0.13943 -0.911946 6.38466 167.983 
1.3363 1.30497 76597 1 -0.522917 0.374038 128 0 865 -0.040463 -0.0566505 -0.146096 -0.932795 6.43285 167.592 
1.38441 1.28852 76635 1 -0.522917 0.374038 129 0 866 -0.0396597 -0.0569267 -0.144428 -0.924927 6.41386 167.663 
0.00185921 1.35391 76718 1 -0.522917 0.374038 130 0 868 -0.0397999 -0.0455212 -0.141648 -0.826111 6.3819 167.974 
0.00185921 1.35391 76718 1 -0.522917 0.374038 131 0 868 -0.0397999 -0.0455212 -0.141648 -0.826111 6.3819 167.974 
-0.130087 1.32864 76876 1 -0.522917 0.374038 132 0 872 -0.0393318 -0.0464687 -0.140181 -0.822385 6.39241 168.017 
-0.179455 1.26252 76956 1 -0.522917 0.374038 133 0 874 -0.039489 -0.0491359 -0.14591 -0.837152 6.45878 167.935 
-0.193885 1.34612 77036 1 -0.522917 0.374038 134 0 876 -0.040297 -0.0463777 -0.145355 -0.817244 6.45797 167.782 
-0.193885 1.34612 77036 1 -0.522917 0.374038 135 0 876 -0.040297 -0.0463777 -0.145355 -0.817244 6.45797 167.782 
-0.193885 1.34612 77036 1 -0.522917 0.374038 136 0 876 -0.040297 -0.0463777 -0.145355 -0.817244 6.45797 167.782 
-0.240654 1.19913 77237 1 -0.522917 0.374038 137 0 881 -0.0396936 -0.0427515 -0.145486 -0.791973 6.53614 168.009 
-0.285389 1.19036 77276 1 -0.522917 0.374038 138 0 882 -0.0397215 -0.0483139 -0.143671 -0.825985 6.53333 168.077 
-0.307816 1.18532 77356 1 -0.522917 0.374038 139 0 884 -0.0393616 -0.052436 -0.140494 -0.854039 6.51534 168.137 
-0.307816 1.18532 77356 1 -0.522917 0.374038 140 0 884 -0.0393616 -0.052436 -0.140494 -0.854039 6.51534 168.137 
-0.316136 1.23558 77518 1 -0.522917 0.374038 141 0 888 -0.0391074 -0.0532322 -0.140714 -0.878025 6.53127 168.23 
-0.276073 1.21812 77557 1 -0.522917 0.374038 142 0 889 -0.0394996 -0.0488387 -0.140296 -0.832755 6.52237 168.05 
-0.295212 1.22575 77637 1 -0.522917 0.374038 143 0 891 -0.0389434 -0.051736 -0.136924 -0.851636 6.50527 168.173 
-0.271123 1.27026 77677 1 -0.522917 0.374038 144 0 892 -0.0385449 -0.0524145 -0.137503 -0.856112 6.51498 168.14 
-0.300606 1.20892 77717 1 -0.522917 0.374038 145 0 893 -0.0388362 -0.0540948 -0.136592 -0.865471 6.50985 168.297 
-0.292684 1.18463 77878 1 -0.522917 0.374038 146 0 897 -0.0389726 -0.055936 -0.142099 -0.87791 6.5634 168.068 
-0.360697 1.24312 77958 1 -0.522917 0.374038 147 0 899 -0.038298 -0.0604662 -0.141535 -0.896293 6.56599 167.998 
-0.411194 1.27308 77997 1 -0.522917 0.374038 148 0 900 -0.0370255 -0.0616521 -0.13912 -0.892388 6.54707 168.075 
-0.411194 1.27308 77997 1 -0.522917 0.374038 149 0 900 -0.0370255 -0.0616521 -0.13912 -0.892388 6.54707 168.075 
-0.366988 1.25746 78199 1 -0.522917 0.374038 150 0 905 -0.0373884 -0.0610889 -0.136697 -0.88478 6.51403 168.197 
-0.354814 1.31495 78281 1 -0.522917 0.374038 151 0 907 -0.0371797 -0.0635212 -0.135649 -0.908356 6.49919 168.174 
-0.329239 1.16699 78319 1 -0.522917 0.374038 152 0 908 -0.0367152 -0.0595744 -0.145157 -0.873127 6.58526 167.954 
-0.329239 1.16699 78319 1 -0.522917 0.374038 153 0 908 -0.0367152 -0.0595744 -0.145157 -0.873127 6.58526 167.954 
-0.287895 1.13407 78519 1 -0.522917 0.374038 154 0 913 -0.0377922 -0.056912 -0.145393 -0.858153 6.57871 168.058 
-0.325153 1.18548 78599 1 -0.522917 0.374038 155 0 915 -0.0378491 -0.0557148 -0.143662 -0.850689 6.56487 168.155 
-0.338397 1.27305 78639 1 -0.522917 0.374038 156 0 916 -0.0378663 -0.061425 -0.137179 -0.892363 6.5119 168.283 
-0.338397 1.27305 78639 1 -0.522917 0.374038 157 0 916 -0.0378663 -0.061425 -0.137179 -0.892363 6.5119 168.283 
-0.937385 1.4605 78799 1 -0.522917 0.374038 158 0 920 -0.0370809 -0.0663163 -0.134968 -0.923496 6.49831 168.426 
1.26447 -0.26534 78881 1 -0.522917 0.374038 159 0 922 -0.0385032 -0.0718316 -0.128136 -0.998135 6.3854 168.286 
1.31347 -0.115925 78962 1 -0.522917 0.374038 160 0 924 -0.0387128 -0.0616519 -0.122627 -0.921851 6.3101 168.262 
1.31347 -0.115925 78962 1 -0.522917 0.374038 161 0 924 -0.0387128 -0.0616519 -0.122627 -0.921851 6.3101 168.262 
1.42035 -0.246136 79080 1 -0.522917 0.374038 162 0 927 -0.0374036 -0.0577711 -0.12337 -0.8895 6.3366 168.228 
1.43626 -0.298814 79160 1 -0.522917 0.374038 163 0 929 -0.0377295 -0.0603286 -0.122964 -0.921097 6.34415 168.215 
1.50561 -0.408007 79242 1 -0.522917 0.374038 164 0 931 -0.0381094 -0.0563248 -0.126815 -0.889497 6.38592 168.161 
1.54899 -0.428084 79280 1 -0.522917 0.374038 165 0 932 -0.0381698 -0.0522698 -0.125375 -0.857632 6.37621 168.166 
1.54899 -0.428084 79280 1 -0.522917 0.374038 166 0 932 -0.0381698 -0.0522698 -0.125375 -0.857632 6.37621 168.166 
1.63412 -0.563622 79441 1 -0.522917 0.374038 167 0 936 -0.0384975 -0.0565399 -0.125285 -0.906269 6.39239 168.242 
1.62494 -0.641479 79520 1 -0.522917 0.374038 168 0 938 -0.038384 -0.0517012 -0.131423 -0.874359 6.44747 167.966 
1.65478 -0.639284 79601 1 -0.522917 0.374038 169 0 940 -0.0388592 -0.0516413 -0.132007 -0.877633 6.43997 167.85 
1.65478 -0.639284 79601 1 -0.522917 0.374038 170 0 940 -0.0388592 -0.0516413 -0.132007 -0.877633 6.43997 167.85 
1.69452 -0.541172 79641 1 -0.522917 0.374038 171 0 941 -0.0396453 -0.0484172 -0.128429 -0.844827 6.40264 167.914 
1.72274 -0.667301 79803 1 -0.522917 0.374038 172 0 945 -0.0381099 -0.0522082 -0.12894 -0.850511 6.42769 167.912 
1.62706 -0.72135 79881 1 -0.522917 0.374038 173 0 947 -0.0375256 -0.0538497 -0.134625 -0.870489 6.48948 167.659 
1.61854 -0.802649 79921 1 -0.522917 0.374038 174 0 948 -0.0370775 -0.0599625 -0.138135 -0.909011 6.51799 167.574 
1.61854 -0.802649 79921 1 -0.522917 0.374038 175 0 948 -0.0370775 -0.0599625 -0.138135 -0.909011 6.51799 167.574 
1.64671 -0.823872 79962 1 -0.522917 0.374038 176 0 949 -0.0365638 -0.0622646 -0.139068 -0.922719 6.52273 167.473 
1.64671 -0.823872 79962 1 -0.522917 0.374038 177 0 949 -0.0365638 -0.0622646 -0.139068 -0.922719 6.52273 167.473 
1.23726 -0.37012 80082 1 -0.522917 0.374038 178 0 952 -0.0371084 -0.0606756 -0.112873 -0.927984 6.37449 168.676 
1.23726 -0.37012 80082 1 -0.522917 0.374038 179 0 952 -0.0371084 -0.0606756 -0.112873 -0.927984 6.37449 168.676 
1.14303 -0.430856 80202 1 -0.522917 0.374038 180 0 955 -0.0377431 -0.0605034 -0.11721 -0.913426 6.40549 168.326 
1.14303 -0.430856 80202 1 -0.522917 0.374038 181 0 955 -0.0377431 -0.0605034 -0.11721 -0.913426 6.40549 168.326 
1.24433 -0.460096 80322 1 -0.522917 0.374038 182 0 958 -0.035825 -0.0569857 -0.121678 -0.898629 6.4428 168.634 
1.18739 -0.404553 80483 1 -0.522917 0.374038 183 0 962 -0.0373731 -0.0609482 -0.117795 -0.942174 6.40264 168.504 
1.18739 -0.404553 80483 1 -0.522917 0.374038 184 0 962 -0.0373731 -0.0609482 -0.117795 -0.942174 6.40264 168.504 
1.25981 -0.364762 80602 1 -0.522917 0.374038 185 0 965 -0.0366885 -0.0565968 -0.115777 -0.899934 6.38673 168.437 
1.25981 -0.364762 80602 1 -0.522917 0.374038 186 0 965 -0.0366885 -0.0565968 -0.115777 -0.899934 6.38673 168.437 
0.579125 0.59252 80883 1 -0.522917 0.374038 187 1 972 -0.0374294 -0.0727456 -0.103349 -1.00015 6.31648 168.198 
0.670053 0.338287 80964 1 -0.522917 0.374038 188 1 974 -0.0356136 -0.0580849 -0.134882 -0.878694 6.52436 167.625 
0.721771 0.384089 81043 1 -0.522917 0.374038 189 1 976 -0.0368728 -0.0517301 -0.137296 -0.842913 6.52044 167.92 
0.707802 0.295227 81124 1 -0.522917 0.374038 190 1 978 -0.0368568 -0.0500225 -0.144389 -0.826117 6.57049 167.656 
0.690995 0.275025 81206 1 -0.522917 0.374038 191 1 980 -0.0365365 -0.0507703 -0.145283 -0.830015 6.57529 167.667 
0.722669 0.367396 81284 1 -0.522917 0.374038 192 1 982 -0.0358422 -0.049508 -0.143299 -0.813639 6.55212 167.606 
0.662655 0.285207 81364 1 -0.522917 0.374038 193 1 984 -0.035693 -0.0565296 -0.145079 -0.870124 6.57029 167.577 
0.685893 0.312246 81404 1 -0.522917 0.374038 194 1 985 -0.0359426 -0.0530161 -0.140444 -0.843251 6.53474 167.786 
0.876676 4.39601 81484 1 -0.522917 0.374038 195 0 987 -0.0359595 -0.0515775 -0.142183 -0.818736 6.55358 167.707 
-5.25113 2.54373 81565 1 -0.522917 0.374038 196 0 989 -0.0385979 -0.0542379 -0.156777 -0.839076 6.74051 168.423 
0.326002 0.588267 81645 1 -0.522917 0.374038 197 1 991 -0.0358195 -0.0695124 -0.13925 -0.967902 6.54993 168.273 
0.539212 0.415585 81725 1 -0.522917 0.374038 198 1 993 -0.0363626 -0.0638532 -0.141671 -0.924426 6.5554 168.036 
0.588806 0.515825 81805 1 -0.522917 0.374038 199 1 995 -0.0373422 -0.0604856 -0.136255 -0.906607 6.51672 168.169 
0.604157 0.459276 81845 1 -0.522917 0.374038 200 1 996 -0.0363461 -0.0636307 -0.135151 -0.929233 6.50934 168.254 
0.577388 0.411141 81925 1 -0.522917 0.374038 201 1 998 -0.0358906 -0.0658116 -0.138617 -0.934584 6.54135 167.92 
0.505352 0.456156 82006 1 -0.522917 0.374038 202 1 1000 -0.0366016 -0.0686517 -0.139263 -0.953206 6.54313 167.877 
0.585006 0.494881 82046 1 -0.522917 0.374038 203 1 1001 -0.0362195 -0.0650107 -0.131755 -0.925733 6.4867 168.124 
0.493065 0.491322 82125 1 -0.522917 0.374038 204 1 1003 -0.036459 -0.068264 -0.136851 -0.960211 6.53664 167.961 
0.521312 0.292768 82206 1 -0.522917 0.374038 205 1 1005 -0.0367151 -0.0640616 -0.141303 -0.933756 6.57677 167.688 
0.560141 0.412581 82246 1 -0.522917 0.374038 206 1 1006 -0.0368594 -0.0649968 -0.135868 -0.944605 6.54387 168.05 
0.536017 0.44194 82326 1 -0.522917 0.374038 207 1 1008 -0.0365292 -0.0616262 -0.132955 -0.915405 6.52391 168.114 
0.600944 0.356586 82407 1 -0.522917 0.374038 208 1 1010 -0.0368317 -0.0624331 -0.136393 -0.946513 6.54844 168.072 
0.652647 0.401094 82526 1 -0.522917 0.374038 209 1 1013 -0.0379613 -0.0547812 -0.138478 -0.901577 6.55587 167.91 
0.633645 0.418357 82606 1 -0.522917 0.374038 210 1 1015 -0.0340454 -0.06144 -0.151224 -0.954166 6.63875 167.124 
0.606364 0.499158 82647 1 -0.522917 0.374038 211 1 1016 -0.0325863 -0.0617302 -0.149269 -0.958497 6.62315 167.094 
0.271687 3.17962 82727 1 -0.522917 0.374038 212 0 1018 -0.0327659 -0.0622486 -0.151934 -0.954554 6.65057 166.866 
0.0754707 1.5461 82807 1 -0.522917 0.374038 213 0 1020 -0.0312478 -0.069013 -0.147399 -0.97474 6.64834 167.013 
0.0605103 0.547154 82887 1 -0.522917 0.374038 214 1 1022 -0.0338944 -0.0687888 -0.143999 -0.981556 6.61584 167.192 
0.260831 0.305312 82967 1 -0.522917 0.374038 215 1 1024 -0.0319085 -0.0638989 -0.145649 -0.913001 6.62286 167.081 
0.270757 0.188463 83048 1 -0.522917 0.374038 216 1 1026 -0.0320253 -0.0609054 -0.148647 -0.864458 6.64662 166.864 
0.316643 0.225709 83128 1 -0.522917 0.374038 217 1 1028 -0.0322231 -0.0619018 -0.140834 -0.863494 6.57745 167.205 
0.519331 0.281556 83208 1 -0.522917 0.374038 218 1 1030 -0.0314829 -0.0674454 -0.147605 -0.919148 6.64062 166.916 
0.56387 0.156674 83287 1 -0.522917 0.374038 219 1 1032 -0.0308752 -0.0682224 -0.150406 -0.919202 6.66704 166.763 
0.522249 0.321698 83368 1 -0.522917 0.374038 220 1 1034 -0.0307538 -0.0623762 -0.147441 -0.871886 6.66096 166.945 
0.531841 0.319759 83448 1 -0.522917 0.374038 221 1 1036 -0.0304013 -0.062664 -0.147995 -0.866602 6.65929 166.796 
0.459817 0.277779 83489 1 -0.522917 0.374038 222 1 1037 -0.0300308 -0.0641327 -0.150199 -0.883222 6.68934 166.753 
0.436033 0.306025 83569 1 -0.522917 0.374038 223 1 1039 -0.0311063 -0.0580425 -0.146863 -0.835843 6.67417 166.797 
0.369235 0.251869 83648 1 -0.522917 0.374038 224 1 1041 -0.0308751 -0.0714845 -0.146287 -0.954907 6.69353 166.856 
0.391074 0.183218 83689 1 -0.522917 0.374038 225 1 1042 -0.0308885 -0.0709578 -0.151098 -0.932195 6.7365 166.732 
0.396713 0.204567 83769 1 -0.522917 0.374038 226 1 1044 -0.0299782 -0.0758404 -0.148462 -0.965693 6.70741 166.878 
0.435955 0.163918 83851 1 -0.522917 0.374038 227 1 1046 -0.0298342 -0.0688841 -0.152299 -0.923127 6.72402 166.79 
0.435955 0.163918 83851 1 -0.522917 0.374038 228 1 1046 -0.0298342 -0.0688841 -0.152299 -0.923127 6.72402 166.79 
0.520986 0.27017 84009 1 -0.522917 0.374038 229 1 1050 -0.0304493 -0.0654034 -0.148733 -0.875637 6.6708 166.902 
0.484607 0.3007 84049 1 -0.522917 0.374038 230 1 1051 -0.031344 -0.0655522 -0.148803 -0.874308 6.66224 166.877 
0.504401 0.309896 84132 1 -0.522917 0.374038 231 1 1053 -0.0300884 -0.0700265 -0.149345 -0.902984 6.66458 166.884 
0.530222 0.332289 84210 1 -0.522917 0.374038 232 1 1055 -0.0301474 -0.0701735 -0.146257 -0.901761 6.63126 167.011 
0.467465 0.524218 84290 1 -0.522917 0.374038 233 1 1057 -0.031924 -0.0685767 -0.148441 -0.913944 6.65246 166.864 
0.513968 0.542174 84370 1 -0.522917 0.374038 234 1 1059 -0.0299985 -0.068713 -0.14397 -0.900654 6.6138 166.98 
0.496537 0.605285 84410 1 -0.522917 0.374038 235 1 1060 -0.0305819 -0.0663651 -0.144031 -0.872291 6.61427 167.081 
0.50477 0.490091 84490 1 -0.522917 0.374038 236 1 1062 -0.0306602 -0.0675672 -0.147683 -0.880241 6.63394 167.128 
0.572786 0.551855 84571 1 -0.522917 0.374038 237 1 1064 -0.0315799 -0.0620772 -0.149144 -0.843378 6.63528 167.495 
0.535857 0.495974 84651 1 -0.522917 0.374038 238 1 1066 -0.0310151 -0.0668277 -0.154657 -0.883758 6.66778 166.94 
0.458292 0.602908 84730 1 -0.522917 0.374038 239 1 1068 -0.0309941 -0.0687458 -0.149859 -0.910036 6.63495 167.149 
0.510141 0.521578 84810 1 -0.522917 0.374038 240 1 1070 -0.029939 -0.0650838 -0.152448 -0.87944 6.67363 166.79 
0.444214 0.649292 84891 1 -0.522917 0.374038 241 1 1072 -0.0317955 -0.0719265 -0.146704 -0.947203 6.6324 166.844 
0.0802818 3.39021 84971 1 -0.522917 0.374038 242 0 1074 -0.031275 -0.0658683 -0.144586 -0.903909 6.66645 167.144 
-1.15797 3.34745 85052 1 -0.522917 0.374038 243 0 1076 -0.0319195 -0.0709846 -0.15645 -0.92553 6.83131 167.732 
0.544906 0.952314 85132 1 -0.522917 0.374038 244 1 1078 -0.028703 -0.0724916 -0.145903 -0.926915 6.70553 167.194 
0.520704 0.800671 85171 1 -0.522396 0.373077 245 1 1079 -0.0302257 -0.0725856 -0.14016 -0.932153 6.63247 167.128 
0.560176 0.712922 85252 1 -0.522396 0.373077 246 1 1081 -0.0303215 -0.0675381 -0.146058 -0.900017 6.66006 166.923 
0.556979 0.65706 85332 1 -0.522396 0.373077 247 1 1083 -0.0301308 -0.0675864 -0.145454 -0.900082 6.65654 166.81 
0.555308 0.672144 85413 1 -0.522396 0.373077 248 1 1085 -0.0303642 -0.0725153 -0.150695 -0.957951 6.72567 166.818 
0.615674 0.649157 85492 1 -0.522396 0.373077 249 1 1087 -0.030899 -0.0717707 -0.148668 -0.958295 6.70757 166.778 
0.577816 0.663539 85532 1 -0.522396 0.373077 250 1 1088 -0.0319358 -0.0691073 -0.150761 -0.944133 6.72875 166.654 
0.762331 0.816598 85612 1 -0.522396 0.373077 251 1 1090 -0.0312563 -0.0676763 -0.141377 -0.959984 6.69092 167.157 
0.725077 0.841291 85693 1 -0.522396 0.373077 252 1 1092 -0.0326993 -0.0640103 -0.141364 -0.905206 6.69433 166.946 
0.620393 0.984301 85773 1 -0.522396 0.373077 253 1 1094 -0.0321973 -0.0689762 -0.137301 -0.938379 6.67168 167.182 
0.69278 0.946822 85852 1 -0.522396 0.373077 254 1 1096 -0.0311654 -0.070712 -0.140145 -0.942704 6.68379 167.03 
0.610452 1.07188 85933 1 -0.522396 0.373077 255 1 1098 -0.031105 -0.0723717 -0.135699 -0.946466 6.65697 167.259 
0.569 1.11909 86013 1 -0.522396 0.373077 256 1 1100 -0.0304832 -0.0699372 -0.132464 -0.906486 6.63507 167.314 
0.546206 1.12895 86094 1 -0.522917 0.373077 257 1 1102 -0.0310811 -0.0684034 -0.134304 -0.867211 6.66231 167.167 
0.633784 1.02957 86133 1 -0.522917 0.373077 258 1 1103 -0.0294395 -0.0647894 -0.135767 -0.811325 6.67718 167.061 
0.644999 0.995506 86214 1 -0.522917 0.373077 259 1 1105 -0.0286269 -0.0625434 -0.136736 -0.752583 6.69403 167.029 
0.693636 0.971308 86293 1 -0.522917 0.373077 260 1 1107 -0.0283363 -0.0617678 -0.136392 -0.741936 6.70852 167.067 
0.668434 0.890865 86333 1 -0.523438 0.373077 261 1 1108 -0.0284374 -0.0626157 -0.135842 -0.733052 6.71173 167.186 
0.669353 0.837174 86414 1 -0.530729 0.382692 262 1 1110 -0.0263838 -0.0677632 -0.137551 -0.741348 6.72957 167.162 
0.972267 -0.0053108 86494 1 -0.53125 0.385577 263 1 1112 -0.0259619 -0.0685542 -0.133438 -0.753611 6.66785 167.189 
0.957547 0.048742 86574 1 -0.53125 0.385577 264 1 1114 -0.027306 -0.0624723 -0.131288 -0.724003 6.62507 167.043 
1.00021 0.00727942 86654 1 -0.53125 0.385577 265 1 1116 -0.0296328 -0.0688161 -0.130563 -0.858226 6.61649 166.948 
0.963916 0.0212412 86694 1 -0.53125 0.385577 266 1 1117 -0.0305093 -0.0701677 -0.129376 -0.922818 6.613 167.027 
0.882622 -0.0369979 86774 1 -0.53125 0.385577 267 1 1119 -0.0327288 -0.0664106 -0.133732 -0.972508 6.66208 166.981 
1.00631 -0.0208687 86855 1 -0.53125 0.385577 268 1 1121 -0.033374 -0.0562266 -0.13448 -0.920895 6.67034 167.146 
1.11935 -0.0682124 86935 1 -0.53125 0.385577 269 1 1123 -0.0354213 -0.0618002 -0.132798 -1.03655 6.65411 167.228 
1.12314 0.0168221 86975 1 -0.53125 0.385577 270 1 1124 -0.0367633 -0.064767 -0.129288 -1.08319 6.6115 167.224 
1.12314 0.0168221 86975 1 -0.53125 0.385577 271 1 1124 -0.0367633 -0.064767 -0.129288 -1.08319 6.6115 167.224 
1.27792 -0.0842175 87175 1 -0.53125 0.385577 272 0 1129 -0.035581 -0.0634626 -0.142054 -1.05528 6.63097 167.014 
1.24942 -0.0710427 87216 1 -0.53125 0.385577 273 0 1130 -0.0341991 -0.0644158 -0.145611 -1.07413 6.63009 166.75 
1.26305 -0.249572 87296 1 -0.53125 0.385577 274 0 1132 -0.0346545 -0.062293 -0.15723 -1.03994 6.69593 166.568 
1.25762 -0.271678 87375 1 -0.53125 0.385577 275 0 1134 -0.0342683 -0.0644091 -0.161689 -1.0544 6.72298 166.403 
0.51479 -0.0985656 87456 1 -0.53125 0.385577 276 1 1136 -0.0330235 -0.0569838 -0.155689 -0.96953 6.67965 166.853 
0.381775 -0.1326 87536 1 -0.53125 0.385577 277 1 1138 -0.0322108 -0.0528236 -0.16014 -0.911902 6.71299 166.563 
0.299816 0.0170842 87616 1 -0.53125 0.385577 278 1 1140 -0.0329425 -0.0546584 -0.153317 -0.951613 6.66135 166.981 
0.267573 0.0535399 87697 1 -0.53125 0.385577 279 1 1142 -0.032633 -0.0540537 -0.152362 -0.942731 6.64503 167.078 
0.290254 0.0254662 87776 1 -0.53125 0.385577 280 1 1144 -0.032228 -0.0540383 -0.154119 -0.925931 6.65508 167.166 
0.211627 2.88322 87856 1 -0.53125 0.385577 281 0 1146 -0.0322735 -0.0517282 -0.155646 -0.903108 6.66612 166.895 
-0.157444 2.86197 87937 1 -0.53125 0.385577 282 0 1148 -0.0348097 -0.0494879 -0.166503 -0.8767 6.81698 167.61 
0.0932477 0.471828 88017 1 -0.53125 0.385577 283 1 1150 -0.0325257 -0.0615235 -0.148285 -0.974073 6.62792 167.396 
0.253048 0.181933 88097 1 -0.53125 0.385577 284 1 1152 -0.0328061 -0.0605169 -0.14972 -0.96323 6.6409 167.174 
0.281567 0.147445 88137 1 -0.53125 0.385577 285 1 1153 -0.0326158 -0.0563977 -0.15073 -0.924234 6.64718 167.104 
0.158897 0.172725 88217 1 -0.53125 0.385577 286 1 1155 -0.0325795 -0.0570243 -0.147456 -0.926037 6.63651 167.199 
0.0953638 0.22504 88297 1 -0.53125 0.385577 287 1 1157 -0.0334881 -0.0560371 -0.14741 -0.919697 6.64404 167.065 
0.11805 0.19906 88378 1 -0.53125 0.385577 288 1 1159 -0.0324436 -0.0562561 -0.144631 -0.907261 6.64075 167.141 
0.0899618 0.15375 88458 1 -0.53125 0.385577 289 1 1161 -0.0311926 -0.0619962 -0.143634 -0.935733 6.63452 167.139 
0.055962 0.17822 88497 1 -0.53125 0.385577 290 1 1162 -0.0322699 -0.0630453 -0.143108 -0.941748 6.62641 167.211 
0.0595434 0.185501 88578 1 -0.53125 0.385577 291 1 1164 -0.0320543 -0.0642451 -0.144984 -0.945056 6.63733 167.228 
-0.0477422 0.1898 88658 1 -0.53125 0.385577 292 1 1166 -0.0327035 -0.0631482 -0.147663 -0.913935 6.66423 167.024 
-0.0344699 0.208455 88739 1 -0.53125 0.385577 293 1 1168 -0.031491 -0.0649197 -0.145221 -0.912013 6.64641 167.058 
-0.0710911 0.338284 88779 1 -0.53125 0.385577 294 1 1169 -0.0312965 -0.0603001 -0.143665 -0.869603 6.63906 167.098 
-0.126447 0.0819969 88858 1 -0.53125 0.385577 295 1 1171 -0.0307955 -0.0665697 -0.143837 -0.906548 6.65825 167.1 
-0.0538151 -0.0410126 88939 1 -0.53125 0.385577 296 1 1173 -0.0321243 -0.0663105 -0.141595 -0.90598 6.6502 167.11 
-0.074981 -0.0357869 88978 1 -0.53125 0.385577 297 1 1174 -0.0322081 -0.0657691 -0.138096 -0.908774 6.63517 167.123 
-0.112081 -0.0286001 89059 1 -0.53125 0.385577 298 1 1176 -0.0319249 -0.0710824 -0.135775 -0.94273 6.63112 167.104 
-0.179164 0.0339121 89139 1 -0.53125 0.385577 299 1 1178 -0.0314393 -0.0743711 -0.131671 -0.954642 6.60744 167.279 
-0.113573 0.0714729 89219 1 -0.53125 0.385577 300 1 1180 -0.0315599 -0.0728833 -0.134043 -0.93511 6.60436 167.153 
-0.124865 0.0796353 89299 1 -0.53125 0.385577 301 1 1182 -0.03249 -0.0743607 -0.135981 -0.948688 6.61833 167.107 
0.152373 0.021767 89379 1 -0.53125 0.385577 302 1 1184 -0.030358 -0.0759784 -0.141105 -0.947954 6.65874 166.942 
0.154534 -0.00135545 89460 1 -0.53125 0.385577 303 1 1186 -0.0308125 -0.0730889 -0.141562 -0.920311 6.68024 167.036 
0.204203 0.0520249 89540 1 -0.53125 0.385577 304 1 1188 -0.0299424 -0.070266 -0.134219 -0.88627 6.6192 167.065 
0.274119 0.0338743 89620 1 -0.53125 0.385577 305 1 1190 -0.0318865 -0.0736825 -0.13924 -0.920492 6.67888 167.145 
0.250936 0.0524561 89660 1 -0.53125 0.385577 306 1 1191 -0.0329519 -0.0747901 -0.138078 -0.93536 6.66964 167.039 
0.276978 0.0131943 89742 1 -0.53125 0.385577 307 1 1193 -0.0335307 -0.0729797 -0.140109 -0.922232 6.68994 167.142 
0.344261 -0.0316007 89820 1 -0.53125 0.385577 308 1 1195 -0.0328946 -0.0681114 -0.139244 -0.856707 6.70421 167.523 
0.297855 -0.0264639 89861 1 -0.53125 0.385577 309 1 1196 -0.031823 -0.0666913 -0.139743 -0.839322 6.69554 167.464 
0.274548 -0.0313499 89942 1 -0.53125 0.385577 310 1 1198 -0.0322376 -0.0699576 -0.143373 -0.885886 6.70642 167.439 
0.250194 0.00818 90020 1 -0.53125 0.385577 311 1 1200 -0.0324378 -0.0698315 -0.148583 -0.885002 6.73052 167.295 
0.265398 -0.0548568 90101 1 -0.53125 0.385577 312 1 1202 -0.0328116 -0.0717195 -0.149383 -0.896742 6.72828 167.369 
0.265398 -0.0548568 90101 1 -0.53125 0.385577 313 1 1202 -0.0328116 -0.0717195 -0.149383 -0.896742 6.72828 167.369 
0.297287 0.153687 90141 1 -0.531771 0.385577 314 1 1203 -0.0324046 -0.0730084 -0.149154 -0.909499 6.72714 167.342 
0.31998 0.383759 90302 1 -0.533854 0.3875 315 1 1207 -0.034345 -0.071991 -0.147011 -0.927314 6.71236 167.736 
0.294831 0.42946 90381 1 -0.534375 0.388462 316 1 1209 -0.0351221 -0.0700033 -0.143744 -0.942088 6.68097 167.886 
0.376222 0.461365 90461 1 -0.535937 0.388462 317 0 1211 -0.035097 -0.0634877 -0.142447 -0.88379 6.66195 167.989 
0.346267 0.466041 90502 1 -0.536458 0.388462 318 1 1212 -0.0343035 -0.0681354 -0.140684 -0.921398 6.6445 168.012 
0.461974 0.201701 90622 1 -0.536979 0.389423 319 1 1215 -0.0325901 -0.065905 -0.142513 -0.902162 6.60797 167.85 
0.492567 0.199277 90702 1 -0.536979 0.389423 320 1 1217 -0.0327404 -0.063086 -0.148931 -0.883273 6.6442 167.855 
0.365339 0.291815 90742 1 -0.536979 0.389423 321 1 1218 -0.0337031 -0.0659122 -0.144679 -0.900637 6.61635 167.962 
0.266796 0.316943 90822 1 -0.536979 0.389423 322 1 1220 -0.0332719 -0.0690322 -0.143009 -0.908817 6.61878 167.697 
0.187388 1.61609 90902 1 -0.536979 0.389423 323 0 1222 -0.0318486 -0.0707832 -0.140292 -0.903862 6.63357 167.78 
0.29674 2.69642 90983 1 -0.536979 0.389423 324 0 1224 -0.0349191 -0.0636279 -0.145476 -0.810099 6.74618 168.47 
0.345833 0.81206 91063 1 -0.536979 0.389423 325 1 1226 -0.031606 -0.0617835 -0.1397 -0.782928 6.68684 167.809 
0.34343 0.233036 91143 1 -0.536979 0.389423 326 1 1228 -0.0322136 -0.0621872 -0.140896 -0.783014 6.70075 167.835 
0.467757 0.188262 91223 1 -0.536979 0.389423 327 1 1230 -0.0308641 -0.0625908 -0.138738 -0.780922 6.66778 167.737 
0.405257 0.174782 91303 1 -0.536979 0.389423 328 1 1232 -0.0320614 -0.0637739 -0.14026 -0.816706 6.67367 167.679 
0.275004 0.181063 91384 1 -0.536979 0.389423 329 1 1234 -0.0330271 -0.0721126 -0.141357 -0.917948 6.6798 167.624 
0.326563 0.197247 91424 1 -0.536979 0.389423 330 1 1235 -0.0324767 -0.0698183 -0.142022 -0.9012 6.68688 167.609 
0.285041 0.246607 91503 1 -0.536979 0.389423 331 1 1237 -0.0331658 -0.0702606 -0.138137 -0.913424 6.66244 167.817 
0.307432 0.233651 91584 1 -0.536979 0.389423 332 1 1239 -0.0328992 -0.0699167 -0.134278 -0.898356 6.64964 167.896 
0.434392 0.143987 91666 1 -0.536979 0.389423 333 1 1241 -0.0323766 -0.0639532 -0.137526 -0.817507 6.68848 167.724 
0.452796 0.169601 91744 1 -0.536979 0.389423 334 1 1243 -0.0322869 -0.0618503 -0.131794 -0.78861 6.65393 167.803 
0.195003 0.303803 91825 1 -0.536979 0.389423 335 1 1245 -0.0311916 -0.0531076 -0.130803 -0.68883 6.65483 167.864 
0.256267 0.244709 91864 1 -0.536979 0.389423 336 1 1246 -0.030114 -0.0523612 -0.130079 -0.661271 6.65259 167.8 
0.236025 0.182615 91944 1 -0.536979 0.389423 337 1 1248 -0.0292001 -0.055033 -0.132454 -0.683872 6.67799 167.862 
0.192427 0.0395847 92025 1 -0.536979 0.389423 338 1 1250 -0.0291726 -0.0562575 -0.137162 -0.709878 6.70949 167.68 
0.194105 0.0232948 92105 1 -0.536979 0.389423 339 1 1252 -0.0294635 -0.055823 -0.1375 -0.709622 6.71031 167.695 
0.167865 0.0454772 92145 1 -0.536979 0.389423 340 1 1253 -0.0298073 -0.0560228 -0.13668 -0.713119 6.7003 167.644 
0.141561 0.0678521 92224 1 -0.535417 0.401923 341 1 1255 -0.029941 -0.0599132 -0.135133 -0.752665 6.68813 167.648 
0.120262 0.0490487 92265 1 -0.478646 0.625 342 1 1256 -0.0295038 -0.0608591 -0.136648 -0.768579 6.70631 167.613 
0.139219 -0.0227447 92345 1 -0.451042 0.834615 343 1 1258 -0.0295981 -0.0614164 -0.139198 -0.781221 6.7273 167.624 
0.364059 0.0307658 92425 1 -0.4375 0.890385 344 1 1260 -0.0305882 -0.0698734 -0.136496 -0.882175 6.70446 167.736 
0.386633 0.0550327 92506 1 -0.432292 0.925962 345 1 1262 -0.0304926 -0.0688534 -0.133725 -0.871406 6.67664 167.777 
0.435465 0.0779178 92585 1 -0.426563 0.943269 346 1 1264 -0.0306532 -0.0659018 -0.133875 -0.839603 6.66805 167.834 
0.373861 0.125188 92625 1 -0.426042 0.944231 347 1 1265 -0.0312452 -0.0700389 -0.132041 -0.884369 6.64037 167.819 
0.267587 0.119108 92706 1 -0.426042 0.945192 348 1 1267 -0.0317827 -0.0755883 -0.138773 -0.952106 6.67091 167.628 
0.257965 0.128857 92786 1 -0.423958 0.953846 349 1 1269 -0.0322149 -0.0778897 -0.142159 -0.981429 6.68135 167.449 
0.247712 0.0670124 92866 1 -0.420833 0.954808 350 1 1271 -0.0326941 -0.0756837 -0.143427 -0.962475 6.70231 167.578 
0.270903 0.127013 92948 1 -0.418229 0.957692 351 1 1273 -0.0326725 -0.0713262 -0.142864 -0.917005 6.69723 167.481 
0.265338 0.119908 92986 1 -0.416146 0.960577 352 1 1274 -0.032833 -0.0728949 -0.145267 -0.928681 6.71813 167.481 
0.249398 0.131146 93107 1 -0.414583 0.9625 353 1 1277 -0.0321554 -0.0741102 -0.141743 -0.934964 6.69724 167.59 
0.330392 0.167129 93187 1 -0.414583 0.9625 354 1 1279 -0.0312817 -0.0652022 -0.139298 -0.825182 6.68313 167.661 
0.296512 0.218324 93227 1 -0.414583 0.9625 355 1 1280 -0.0315158 -0.0595983 -0.13723 -0.74693 6.67173 167.756 
0.296512 0.218324 93227 1 -0.419271 0.9625 356 1 1280 -0.0315158 -0.0595983 -0.13723 -0.74693 6.67173 167.756 
0.0368562 2.59819 93387 1 -0.464583 0.957692 357 0 1284 -0.0295612 -0.0589438 -0.136636 -0.72722 6.67008 167.861 
-27.3296 18.0227 93467 1 -0.504167 0.943269 358 0 1286 -0.03262 -0.0549191 -0.145253 -0.687617 6.79769 168.516 
0.321992 0.615057 93548 1 -0.538021 0.934615 359 1 1288 -0.0320449 -0.0602628 -0.137817 -0.743539 6.68551 167.698 
0.355602 0.226196 93628 1 -0.551042 0.929808 360 1 1290 -0.0320425 -0.0571807 -0.133159 -0.721806 6.65675 167.819 
0.37489 0.154601 93708 1 -0.552604 0.929808 361 1 1292 -0.0312132 -0.0579281 -0.130374 -0.733068 6.64244 167.931 
0.509047 0.057841 93747 1 -0.553125 0.929808 362 1 1293 -0.0324768 -0.0582222 -0.128641 -0.737667 6.62937 167.873 
0.557318 -0.0266446 93828 1 -0.553125 0.929808 363 1 1295 -0.0325936 -0.0636165 -0.127383 -0.790179 6.63092 167.899 
0.680069 -0.0236159 93908 1 -0.553125 0.929808 364 1 1297 -0.0316529 -0.0620228 -0.120957 -0.743796 6.60026 168.241 
0.742854 -0.118092 93989 1 -0.561458 0.922115 365 1 1299 -0.0294081 -0.0600982 -0.126916 -0.704365 6.65639 167.94 
0.718397 -0.109514 94029 1 -0.575 0.918269 366 1 1300 -0.0296686 -0.0645965 -0.126294 -0.742704 6.64811 167.956 
0.777175 -0.0690098 94108 1 -0.590104 0.914423 367 1 1302 -0.0298 -0.0647085 -0.127345 -0.736457 6.65976 167.914 
0.753502 -0.102882 94188 1 -0.599479 0.9125 368 1 1304 -0.02926 -0.0668449 -0.129595 -0.751569 6.68326 167.843 
0.707201 -0.126282 94228 1 -0.603646 0.910577 369 1 1305 -0.0298191 -0.0660522 -0.130678 -0.747825 6.70038 167.729 
0.873643 0.173553 94309 1 -0.604688 0.908654 370 1 1307 -0.0301673 -0.0678276 -0.133311 -0.766596 6.73516 167.634 
0.931836 0.135461 94389 1 -0.60625 0.908654 371 1 1309 -0.0285238 -0.0701954 -0.131266 -0.791934 6.74716 168.076 
0.951773 0.200814 94430 1 -0.611458 0.906731 372 1 1310 -0.0296279 -0.0659894 -0.130838 -0.757595 6.7392 167.936 
0.872549 0.302937 94509 1 -0.626042 0.902885 373 1 1312 -0.029544 -0.0642151 -0.125483 -0.773561 6.70491 168.022 
0.873667 0.308531 94589 1 -0.634896 0.899038 374 1 1314 -0.0298004 -0.0643001 -0.129012 -0.761942 6.73169 167.776 
0.874626 0.236159 94670 1 -0.638021 0.899038 375 1 1316 -0.0289777 -0.0630166 -0.126683 -0.745173 6.71685 167.911 
0.884043 0.199583 94710 1 -0.638021 0.899038 376 1 1317 -0.0298402 -0.0597677 -0.128329 -0.715536 6.73074 167.938 
0.87051 0.211475 94790 1 -0.638021 0.899038 377 1 1319 -0.0290998 -0.061353 -0.127429 -0.742376 6.72448 167.867 
0.908721 0.174351 94870 1 -0.638542 0.899038 378 1 1321 -0.0281085 -0.0629481 -0.129779 -0.743009 6.74077 167.829 
0.894327 0.165018 94950 1 -0.64375 0.896154 379 1 1323 -0.0280869 -0.0634442 -0.131587 -0.742797 6.74859 167.407 
0.948414 0.180484 94990 1 -0.65 0.893269 380 1 1324 -0.0277162 -0.060332 -0.131889 -0.710016 6.74646 167.36 
0.874178 0.381559 95110 1 -0.651563 0.892308 381 1 1327 -0.0287811 -0.0597126 -0.130734 -0.716003 6.73581 167.541 
0.79208 0.374456 95191 1 -0.654687 0.891346 382 1 1329 -0.0304368 -0.0660511 -0.134731 -0.799948 6.76006 167.568 
0.847894 0.376312 95271 1 -0.658333 0.891346 383 1 1331 -0.0300591 -0.0625534 -0.137011 -0.770422 6.7603 167.649 
0.857318 0.382303 95351 1 -0.660937 0.889423 384 1 1333 -0.0300873 -0.0628582 -0.132753 -0.772604 6.71299 167.842 
0.86272 0.395733 95391 1 -0.668229 0.888462 385 1 1334 -0.0300826 -0.0638999 -0.134898 -0.783333 6.71338 167.878 
0.73603 0.443578 95472 1 -0.68125 0.884615 386 1 1336 -0.0299263 -0.0641691 -0.132484 -0.79864 6.6647 167.946 
0.445081 0.148299 95552 1 -0.696354 0.879808 387 1 1338 -0.0305777 -0.0623974 -0.13056 -0.774282 6.61514 167.849 
0.313111 -0.0907746 95631 1 -0.707292 0.875962 388 1 1340 -0.0297622 -0.0587742 -0.13731 -0.726982 6.63493 167.367 
0.335439 -0.0343885 95711 1 -0.716146 0.873077 389 1 1342 -0.0290391 -0.0588406 -0.140582 -0.707695 6.6437 167.134 
0.345209 -0.0610818 95752 1 -0.722396 0.870192 390 1 1343 -0.0282743 -0.0592991 -0.142784 -0.702334 6.65429 167.112 
0.289832 -0.0439456 95832 1 -0.731771 0.868269 391 1 1345 -0.0280952 -0.0618688 -0.145021 -0.728918 6.66742 166.975 
0.215911 0.0963858 95912 1 -0.740625 0.863462 392 1 1347 -0.0281619 -0.0624873 -0.138846 -0.771469 6.64036 167.366 
0.273809 0.0888306 95991 1 -0.748437 0.860577 393 1 1349 -0.0295314 -0.0629806 -0.142236 -0.775883 6.68212 167.106 
0.343982 0.242169 96072 1 -0.754167 0.857692 394 1 1351 -0.0290346 -0.0634683 -0.137602 -0.765279 6.64991 167.25 
0.337345 0.286994 96152 1 -0.761979 0.854808 395 1 1353 -0.0275221 -0.0669184 -0.138133 -0.771564 6.67031 167.259 
0.300408 0.489111 96233 1 -0.76875 0.852885 396 1 1355 -0.0266192 -0.0706001 -0.126672 -0.721026 6.60569 167.666 
0.510415 0.334118 96313 1 -0.770833 0.850962 397 1 1357 -0.0239411 -0.063624 -0.139495 -0.557682 6.75711 167.275 
0.419706 0.279278 96352 1 -0.770833 0.850962 398 1 1358 -0.0224157 -0.0693045 -0.139528 -0.555726 6.78924 167.289 
0.419706 0.279278 96352 1 -0.770833 0.850962 399 1 1358 -0.0224157 -0.0693045 -0.139528 -0.555726 6.78924 167.289 
0.348539 0.580266 96555 1 -0.770833 0.850962 400 1 1363 -0.0165138 -0.0849254 -0.120847 -0.420827 6.69832 166.827 
0.397745 3.67035 96634 1 -0.773958 0.85 401 0 1365 -0.017305 -0.0859662 -0.134135 -0.233674 6.88976 165.621 
0.812713 2.87325 96674 1 -0.785937 0.846154 402 0 1366 -0.0162735 -0.100414 -0.121319 -0.253415 6.79355 164.871 
-0.10125 0.951276 96753 1 -0.796875 0.840385 403 0 1368 -0.0102285 -0.114559 -0.147181 -0.161704 7.04713 164.104 
0.272912 -0.0809266 96834 1 -0.804688 0.8375 404 1 1370 -0.0034628 -0.141147 -0.105681 -0.204004 6.56496 165.697 
0.387108 -0.249531 96914 1 -0.810937 0.835577 405 0 1372 0.00135007 -0.140219 -0.121288 -0.16667 6.40545 165.15 
0.497052 0.132998 96995 1 -0.814583 0.833654 406 1 1374 -0.00887525 -0.12644 -0.115823 -0.148619 6.15895 167.329 
0.634757 0.56617 97073 1 -0.814583 0.833654 407 1 1376 -0.025085 -0.118151 -0.103501 -0.33482 6.08974 171.452 
0.67853 0.589017 97154 1 -0.814583 0.833654 408 0 1378 -0.0388668 -0.096062 -0.109249 -0.43708 6.07268 173.858 
0.857629 0.625982 97235 1 -0.814583 0.833654 409 0 1380 -0.0504425 -0.101598 -0.0934314 -0.742047 5.84856 174.982 
0.830684 0.466877 97315 1 -0.833333 0.825 410 0 1382 -0.0659436 -0.0911106 -0.11819 -0.911643 5.93385 175.022 
0.583448 0.485257 97355 1 -0.858333 0.814423 411 0 1383 -0.0730274 -0.109108 -0.116419 -1.22215 5.94263 175.435 
0.884244 0.789014 97435 1 -0.869792 0.808654 412 0 1385 -0.0931457 -0.0945928 -0.106044 -1.34964 5.97689 177.621 
0.896198 0.610217 97515 1 -0.870833 0.807692 413 0 1387 -0.0885961 -0.103056 -0.107235 -1.59965 5.8418 176.682 
0.896198 0.610217 97515 1 -0.870833 0.807692 414 0 1387 -0.0885961 -0.103056 -0.107235 -1.59965 5.8418 176.682 
0.896198 0.610217 97515 1 -0.870833 0.807692 415 0 1387 -0.0885961 -0.103056 -0.107235 -1.59965 5.8418 176.682 
0.541755 1.00867 97715 1 -0.866146 0.807692 416 0 1392 -0.0958242 -0.118469 -0.109601 -1.78935 5.90164 176.839 
0.652062 1.13959 97756 1 -0.838021 0.814423 417 0 1393 -0.09659 -0.117581 -0.106429 -1.75468 5.91289 176.373 
0.816431 1.41768 97835 1 -0.765625 0.846154 418 0 1395 -0.0955668 -0.118138 -0.0923043 -1.63779 5.86213 176.18 
0.816431 1.41768 97835 1 -0.658333 0.889423 419 0 1395 -0.0955668 -0.118138 -0.0923043 -1.63779 5.86213 176.18 
0.75076 0.604752 97996 1 -0.595833 0.898077 420 0 1399 -0.0832253 -0.120981 -0.0986474 -1.50454 6.11947 175.221 
0.737323 0.978828 98076 1 -0.535417 0.902885 421 0 1401 -0.0762434 -0.12841 -0.0887699 -1.53691 6.14225 174.69 
0.599145 0.979002 98156 1 -0.451042 0.906731 422 0 1403 -0.0696287 -0.13353 -0.072591 -1.53956 6.12502 174.461 
0.599145 0.979002 98156 1 -0.392708 0.908654 423 0 1403 -0.0696287 -0.13353 -0.072591 -1.53956 6.12502 174.461 
0.32828 0.634537 98317 1 -0.3375 0.910577 424 0 1407 -0.0616421 -0.159311 -0.0532301 -1.69264 6.18211 173.218 
0.370179 0.578785 98397 1 -0.291667 0.9125 425 0 1409 -0.0547614 -0.151531 -0.0516854 -1.61218 6.25471 172.973 
0.355142 0.887027 98478 1 -0.260937 0.919231 426 0 1411 -0.058243 -0.153858 -0.0366802 -1.64146 6.20634 172.696 
0.355142 0.887027 98478 1 -0.258333 0.919231 427 0 1411 -0.058243 -0.153858 -0.0366802 -1.64146 6.20634 172.696 
0.170659 1.39148 98517 1 -0.258333 0.919231 428 0 1412 -0.0574437 -0.162503 -0.0321493 -1.74453 6.21808 172.455 
-0.16612 2.63199 98677 1 -0.261458 0.919231 429 0 1416 -0.0539005 -0.167193 -0.0261355 -1.75165 6.35249 172.939 
0.45165 1.15245 98758 1 -0.294792 0.919231 430 0 1418 -0.0486757 -0.151566 -0.0241874 -1.5466 6.37059 172.649 
0.603139 0.940685 98798 1 -0.336979 0.916346 431 0 1419 -0.0466177 -0.149932 -0.0255314 -1.49608 6.39511 172.77 
0.603139 0.940685 98798 1 -0.358854 0.916346 432 0 1419 -0.0466177 -0.149932 -0.0255314 -1.49608 6.39511 172.77 
0.834544 0.727729 98997 1 -0.359375 0.916346 433 0 1424 -0.0349909 -0.14302 -0.0327341 -1.23203 6.44484 172.767 
1.0125 0.671056 99038 1 -0.359375 0.916346 434 0 1425 -0.0329057 -0.13922 -0.0357197 -1.17618 6.45483 172.721 
0.900944 0.596187 99118 1 -0.359375 0.916346 435 0 1427 -0.0267517 -0.133315 -0.0320616 -1.14838 6.35125 171.573 
0.900944 0.596187 99118 1 -0.359375 0.916346 436 0 1427 -0.0267517 -0.133315 -0.0320616 -1.14838 6.35125 171.573 
0.857034 0.572663 99279 1 -0.363021 0.913462 437 0 1431 -0.0242365 -0.132846 -0.0345358 -1.2449 6.34194 171.185 
0.708841 0.657717 99318 1 -0.382813 0.884615 438 0 1432 -0.0273754 -0.128612 -0.0407213 -1.21704 6.43122 172.085 
0.608781 0.552787 99398 1 -0.446354 0.738462 439 0 1434 -0.0243635 -0.125646 -0.0435184 -1.15011 6.41954 171.191 
0.480942 0.644632 99438 1 -0.508854 0.572115 440 0 1435 -0.0245117 -0.127102 -0.0423062 -1.15815 6.46261 171.286 
0.480942 0.644632 99438 1 -0.541146 0.480769 441 0 1435 -0.0245117 -0.127102 -0.0423062 -1.15815 6.46261 171.286 
-0.305279 2.02194 99600 1 -0.560937 0.442308 442 0 1439 -0.0216824 -0.123903 -0.0480481 -1.13928 6.53976 171.406 
0.00388777 1.13872 99680 1 -0.578646 0.438462 443 0 1441 -0.0171539 -0.116126 -0.0474382 -1.12535 6.61466 171.924 
0.193208 0.694247 99759 1 -0.592187 0.436538 444 0 1443 -0.0153048 -0.11326 -0.0384795 -1.09126 6.56412 171.528 
0.193208 0.694247 99759 1 -0.592708 0.436538 445 0 1443 -0.0153048 -0.11326 -0.0384795 -1.09126 6.56412 171.528 
0.53137 0.443397 99799 1 -0.592708 0.436538 446 0 1444 -0.00949193 -0.103602 -0.0380254 -0.957289 6.59578 171.329 
0.673172 0.228119 99960 1 -0.592708 0.436538 447 0 1448 -0.00701046 -0.106359 -0.0509987 -0.91199 6.803 171.291 
0.684029 0.296773 100002 1 -0.592708 0.436538 448 0 1449 -0.00903314 -0.103453 -0.0437179 -0.889364 6.74207 171.524 
0.828687 0.344743 100079 1 -0.592708 0.436538 449 0 1451 -0.014869 -0.0873757 -0.0441168 -0.803667 6.73726 173.005 
0.828687 0.344743 100079 1 -0.592708 0.436538 450 0 1451 -0.014869 -0.0873757 -0.0441168 -0.803667 6.73726 173.005 
0.810703 0.42226 100120 1 -0.592708 0.436538 451 0 1452 -0.0136518 -0.075486 -0.0337536 -0.728485 6.59735 173.24 
0.810703 0.42226 100120 1 -0.592708 0.436538 452 0 1452 -0.0136518 -0.075486 -0.0337536 -0.728485 6.59735 173.24 
0.950672 0.646312 100200 1 -0.592708 0.436538 453 0 1454 -0.0131971 -0.0681837 -0.0232529 -0.660574 6.52626 174.507 
1.01006 0.66933 100320 1 -0.592708 0.436538 454 0 1457 -0.0108691 -0.0561765 -0.0175693 -0.578117 6.56668 177.581 
1.01006 0.66933 100320 1 -0.592708 0.436538 455 0 1457 -0.0108691 -0.0561765 -0.0175693 -0.578117 6.56668 177.581 
1.00809 0.901506 100440 1 -0.592708 0.436538 456 0 1460 -0.0188595 -0.0660276 -0.000242004 -0.746835 6.39141 178.444 
1.00809 0.901506 100440 1 -0.592708 0.436538 457 0 1460 -0.0188595 -0.0660276 -0.000242004 -0.746835 6.39141 178.444 
0.980718 0.902266 100601 1 -0.592708 0.436538 458 0 1464 -0.0162316 -0.0852548 0.0230054 -0.952698 6.11922 178.94 
1.22914 0.586565 100721 1 -0.592708 0.436538 459 0 1467 -0.0237913 -0.0690601 -0.0175218 -0.865615 6.24145 177.451 
1.22914 0.586565 100721 1 -0.592708 0.436538 460 0 1467 -0.0237913 -0.0690601 -0.0175218 -0.865615 6.24145 177.451 
1.33214 0.951945 100841 1 -0.592708 0.436538 461 0 1470 -0.0240258 -0.0616907 -0.00420106 -0.862968 6.10056 177.492 
1.33214 0.951945 100841 1 -0.592708 0.436538 462 0 1470 -0.0240258 -0.0616907 -0.00420106 -0.862968 6.10056 177.492 
0.883383 0.931234 100961 1 -0.592708 0.436538 463 0 1473 -0.0205798 -0.0675666 0.00707136 -1.05463 6.02477 178.557 
1.11881 0.550381 101082 1 -0.592708 0.436538 464 0 1476 -0.0331811 -0.0697037 -0.0390588 -1.14948 6.38021 175.483 
1.11881 0.550381 101082 1 -0.498437 0.444231 465 0 1476 -0.0331811 -0.0697037 -0.0390588 -1.14948 6.38021 175.483 
1.06424 0.315708 101201 1 -0.214583 0.451923 466 0 1479 -0.0283603 -0.0753915 -0.0403041 -1.24769 6.48959 176.348 
1.06424 0.315708 101201 1 0.0953125 0.457692 467 0 1479 -0.0283603 -0.0753915 -0.0403041 -1.24769 6.48959 176.348 
1.05313 0.51505 101322 1 0.253125 0.460577 468 0 1482 -0.0200375 -0.0653483 -0.0305412 -1.2677 6.50281 178.165 
-6.02198 3.68402 101483 1 0.395833 0.423077 469 0 1486 -0.0252903 -0.0797604 -0.00559998 -1.48007 6.3629 177.128 
-6.02198 3.68402 101483 1 0.527083 0.310577 470 0 1486 -0.0252903 -0.0797604 -0.00559998 -1.48007 6.3629 177.128 
0.821225 0.517929 101602 1 0.534896 0.234615 471 0 1489 -0.0263059 -0.0782198 0.016365 -1.41335 6.28873 176.047 
0.821225 0.517929 101602 1 0.51875 0.188462 472 0 1489 -0.0263059 -0.0782198 0.016365 -1.41335 6.28873 176.047 
0.701123 1.14076 101723 1 0.504167 0.1625 473 0 1492 -0.0167678 -0.0843349 0.0455334 -1.50859 6.10078 176.508 
0.701123 1.14076 101723 1 0.502604 0.1375 474 0 1492 -0.0167678 -0.0843349 0.0455334 -1.50859 6.10078 176.508 
0.938278 0.0391741 101884 1 0.502604 0.134615 475 0 1496 -0.0186594 -0.075614 0.0126346 -1.40089 6.49204 175.939 
0.938278 0.0391741 101884 1 0.501042 0.132692 476 0 1496 -0.0186594 -0.075614 0.0126346 -1.40089 6.49204 175.939 
0.941611 0.618253 102003 1 0.497396 0.121154 477 0 1499 -0.0138809 -0.0825989 0.031248 -1.4968 6.28327 175.546 
0.941611 0.618253 102003 1 0.497396 0.0884615 478 0 1499 -0.0138809 -0.0825989 0.031248 -1.4968 6.28327 175.546 
0.962641 0.720426 102124 1 0.496875 0.0442308 479 0 1502 -0.0145872 -0.0783556 0.0344637 -1.47183 6.26256 175.642 
0.883072 0.120586 102285 1 0.495833 0 480 0 1506 -0.0135495 -0.0738185 0.0173889 -1.47779 6.44726 175.943 
0.883072 0.120586 102285 1 0.494271 0 481 0 1506 -0.0135495 -0.0738185 0.0173889 -1.47779 6.44726 175.943 
0.8159 0.346593 102404 1 0.494271 0 482 0 1509 -0.0104879 -0.0676195 0.0313097 -1.46361 6.3978 176.459 
0.8159 0.346593 102404 1 0.494792 0.0192308 483 0 1509 -0.0104879 -0.0676195 0.0313097 -1.46361 6.3978 176.459 
0.909455 0.467901 102524 1 0.494271 0.0288462 484 0 1512 -0.0105386 -0.0711882 0.036925 -1.49995 6.3058 175.658 
0.869459 0.300207 102684 1 0.495833 0.0471154 485 0 1516 -0.0115339 -0.0721685 0.0115384 -1.56203 6.4811 175.369 
0.869459 0.300207 102684 1 0.496354 0.0596154 486 0 1516 -0.0115339 -0.0721685 0.0115384 -1.56203 6.4811 175.369 
0.790443 0.339708 102925 1 0.496354 0.0596154 487 1 1522 -0.00884547 -0.0763958 0.0231348 -1.6459 6.34981 175.321 
0.750364 0.357185 103046 1 0.496354 0.0605769 488 0 1525 -0.00952325 -0.0706312 0.0265858 -1.65598 6.27873 176.066 
0.91055 0.671463 103125 1 0.469792 0.0625 489 0 1527 -0.00881006 -0.0636191 0.0474888 -1.60035 6.00751 175.371 
0.814367 0.640282 103205 1 0.354167 0.0394231 490 0 1529 -0.00948726 -0.0650184 0.0405932 -1.66125 6.02015 175.47 
0.787634 0.396054 103286 1 0.25 0.0134615 491 0 1531 -0.0120281 -0.0586893 0.0270758 -1.6404 6.10229 175.107 
0.423584 0.0247102 103366 1 0.229167 0 492 1 1533 -0.0109081 -0.0565105 0.0101908 -1.62495 6.22212 174.955 
0.457095 0.0352213 103445 1 0.194792 0 493 1 1535 -0.0133176 -0.0585346 0.011058 -1.62508 6.21938 175.282 
0.0866605 -0.156624 103526 1 0.133333 0 494 1 1537 -0.0127034 -0.0614526 0.011599 -1.60088 6.20112 174.811 
0.02229 -0.250914 103607 1 0.078125 0 495 0 1539 -0.0154395 -0.0735052 0.0103453 -1.65386 6.21049 175.308 
-0.0360108 -0.271467 103687 1 0.078125 0 496 0 1541 -0.0147805 -0.0807083 0.0108368 -1.68921 6.23073 175.501 
-0.0415469 -0.341388 103727 1 0.0901042 0.00673077 497 0 1542 -0.0140406 -0.0829473 -0.00433259 -1.68624 6.33707 175.024 
-0.111203 -0.371088 103806 1 0.0921875 0.00865385 498 0 1544 -0.0139176 -0.0806274 -0.00273963 -1.6353 6.3365 175.383 
-0.093246 -0.0782256 103887 1 0.0994792 0.0153846 499 1 1546 -0.0124477 -0.0749675 0.0104622 -1.57103 6.2399 175.578 
-0.0113665 0.20466 103967 1 0.104167 0.0173077 500 1 1548 -0.0130814 -0.0659568 0.0318754 -1.46588 6.07252 175.341 
0.221508 0.710494 104048 1 0.114583 0.0192308 501 0 1550 -0.0132424 -0.0532737 0.0540623 -1.31783 5.90405 175.322 
0.252335 0.381219 104128 1 0.116667 0.0192308 502 0 1552 -0.00959596 -0.0575885 0.0473116 -1.33134 6.0109 175.193 
0.244012 0.112547 104168 1 0.118229 0.0192308 503 0 1553 -0.00704341 -0.0634035 0.037546 -1.37449 6.15924 175.447 
0.166976 -0.266313 104247 1 0.11875 0.0192308 504 0 1555 -0.00955904 -0.070323 0.0224423 -1.41566 6.35765 175.598 
0.212601 0.185885 104328 1 0.11875 0.0192308 505 0 1557 -0.0107232 -0.0643427 0.0535663 -1.36001 6.11065 175.16 
-1.12084 3.26589 104450 1 0.122917 0.0259615 506 0 1560 -0.0106505 -0.0633005 0.0735724 -1.34384 5.98693 175.202 
0.45367 2.44813 104488 1 0.194792 0.131731 507 0 1561 -0.00698816 -0.0613576 0.0700933 -1.35361 6.07317 174.839 
0.839719 0.274392 104608 1 0.279687 0.229808 508 0 1564 2.14211e-005 -0.0663943 0.0482732 -1.39833 6.32376 175.427 
0.719412 0.247915 104690 1 0.286458 0.257692 509 0 1566 -0.00689812 -0.0663419 0.0351969 -1.47387 6.5084 176.064 
0.4615 0.00452938 104769 1 0.272396 0.285577 510 0 1568 -0.0113074 -0.0658373 0.0277192 -1.53097 6.61449 176.058 
-0.328207 -0.157832 104809 1 0.233333 0.293269 511 0 1569 -0.0115618 -0.0695489 0.0251639 -1.58823 6.65719 176.095 
-0.328207 -0.157832 104809 1 0.173958 0.291346 512 0 1569 -0.0115618 -0.0695489 0.0251639 -1.58823 6.65719 176.095 
