ImageFile:
-0.0829309 -0.320431 69012 1 0.133854 0.219231 1 0 733 -0.0711841 0.00643032 0.0505028 1.32848 4.28841 123.227 
-0.145564 -0.320186 69132 1 0.133854 0.219231 2 0 736 -0.0713573 0.00672422 0.0527223 1.32073 4.27057 123.237 
-0.193398 -0.289486 69213 1 0.133854 0.219231 3 0 738 -0.0723386 0.00848766 0.0583171 1.33075 4.22324 123.225 
-0.16033 -0.20808 69292 1 0.133854 0.219231 4 0 740 -0.0715518 0.00572971 0.0569121 1.31366 4.23791 123.15 
-0.16033 -0.20808 69292 1 0.133854 0.219231 5 0 740 -0.0715518 0.00572971 0.0569121 1.31366 4.23791 123.15 
-0.168888 -0.202018 69413 1 0.133854 0.219231 6 0 743 -0.0688042 0.00650562 0.0591129 1.33553 4.2212 123.246 
-0.232008 -0.198274 69493 1 0.133854 0.219231 7 0 745 -0.0715601 0.00932045 0.06038 1.328 4.20408 123.189 
-0.249022 -0.225005 69573 1 0.133854 0.219231 8 0 747 -0.071813 0.00840834 0.0587335 1.28901 4.21883 123.148 
-0.267664 -0.239194 69614 1 0.133854 0.219231 9 0 748 -0.0723076 0.00697914 0.057366 1.27158 4.23432 123.147 
-0.267664 -0.239194 69614 1 0.131771 0.219231 10 0 748 -0.0723076 0.00697914 0.057366 1.27158 4.23432 123.147 
-0.2756 -0.28904 69773 1 0.129688 0.259615 11 0 752 -0.071479 0.00272007 0.0545005 1.26342 4.27573 123.185 
-0.24463 -0.252106 69853 1 0.128646 0.496154 12 0 754 -0.0706731 0.0027172 0.0569495 1.28636 4.25321 123.229 
-0.334497 -0.269121 69934 1 0.126042 0.775 13 0 756 -0.0702268 -0.000313467 0.0600027 1.28419 4.22092 123.187 
-0.334497 -0.269121 69934 1 0.124479 0.888462 14 0 756 -0.0702268 -0.000313467 0.0600027 1.28419 4.22092 123.187 
-0.45563 -0.346183 70053 1 0.126562 0.944231 15 0 759 -0.0688707 -0.00349119 0.0546144 1.29387 4.27079 123.358 
-0.432843 -0.339517 70134 1 0.123958 0.9625 16 0 761 -0.0677764 -0.00571246 0.0534322 1.29182 4.27723 123.452 
-0.424079 -0.361799 70216 1 0.1125 0.961538 17 0 763 -0.0691847 -0.00324873 0.0509631 1.29091 4.29061 123.502 
-0.427055 -0.434537 70254 1 0.0953125 0.960577 18 0 764 -0.0700928 0.000115072 0.0499256 1.30469 4.30118 123.606 
-0.393529 -0.372913 70335 1 0.0848958 0.960577 19 0 766 -0.0720676 0.00619816 0.0532814 1.31885 4.26987 123.591 
-0.458815 -0.292675 70414 1 0.0739583 0.961538 20 0 768 -0.0741347 0.00673926 0.0598007 1.29238 4.22437 123.427 
-0.67137 0.853237 70494 1 0.0713542 0.963462 21 0 770 -0.0732404 0.012619 0.0684243 1.36978 4.1265 123.349 
-1.17607 2.1524 70534 1 0.0713542 0.963462 22 0 771 -0.0732327 0.0207593 0.0856542 1.47053 3.93017 123.181 
-0.343332 0.268145 70656 1 0.0713542 0.963462 23 0 774 -0.0732187 0.0182307 0.0665415 1.42575 4.14939 123.585 
-0.342137 0.0942423 70735 1 0.0713542 0.963462 24 0 776 -0.0742938 0.0121729 0.0613352 1.35021 4.19966 123.479 
-0.354192 -0.0163305 70817 1 0.0713542 0.963462 25 0 778 -0.072871 0.00694919 0.0567478 1.3164 4.2389 123.541 
-0.349747 -0.0424229 70855 1 0.0713542 0.963462 26 0 779 -0.072417 0.00684025 0.0572102 1.32376 4.23814 123.516 
-0.375909 -0.0638205 70895 1 0.0713542 0.963462 27 0 780 -0.0728229 0.00571365 0.0585259 1.30687 4.22742 123.461 
-0.357512 -0.0678744 71016 1 0.0713542 0.963462 28 0 783 -0.0758953 0.0184299 0.0639696 1.35016 4.22104 123.413 
-0.348599 -0.129621 71096 1 0.0713542 0.963462 29 0 785 -0.0767432 0.0189225 0.0616616 1.32876 4.26444 123.481 
-0.353367 -0.15149 71135 1 0.0713542 0.963462 30 0 786 -0.076716 0.0161745 0.0600452 1.30569 4.28412 123.452 
-0.357158 -0.183743 71216 1 0.0713542 0.963462 31 0 788 -0.0755757 0.0126931 0.0596731 1.29292 4.30436 123.487 
-0.357158 -0.183743 71216 1 0.0713542 0.963462 32 0 788 -0.0755757 0.0126931 0.0596731 1.29292 4.30436 123.487 
-0.368301 -0.154677 71376 1 0.0713542 0.963462 33 0 792 -0.0752929 0.00984781 0.0583638 1.27945 4.30532 123.511 
-0.377032 -0.16045 71457 1 0.0713542 0.963462 34 0 794 -0.0752862 0.00980096 0.0596068 1.28083 4.29029 123.377 
-0.394125 -0.18222 71496 1 0.0713542 0.963462 35 0 795 -0.0745884 0.0070543 0.0597171 1.2663 4.29594 123.342 
-0.391676 -0.225093 71536 1 0.0713542 0.963462 36 0 796 -0.0733732 0.00434349 0.0615958 1.25406 4.3021 123.406 
-0.391676 -0.225093 71536 1 0.0713542 0.963462 37 0 796 -0.0733732 0.00434349 0.0615958 1.25406 4.3021 123.406 
-0.388561 -0.217368 71737 1 0.0713542 0.963462 38 0 801 -0.0732479 0.00487907 0.0606661 1.26846 4.31527 123.347 
-0.381282 -0.210227 71777 1 0.0713542 0.963462 39 0 802 -0.0733456 0.00494966 0.059512 1.27267 4.31993 123.364 
-0.37433 -0.224199 71858 1 0.0713542 0.963462 40 0 804 -0.0727964 0.00338521 0.0600782 1.2671 4.32058 123.406 
-0.37433 -0.224199 71858 1 0.0713542 0.963462 41 0 804 -0.0727964 0.00338521 0.0600782 1.2671 4.32058 123.406 
-0.37135 -0.214715 71897 1 0.0713542 0.963462 42 0 805 -0.0727834 0.00187193 0.0608542 1.25778 4.31193 123.395 
-0.404535 -0.107967 72059 1 0.0713542 0.963462 43 0 809 -0.0730954 0.00831521 0.0650884 1.29511 4.22786 123.342 
-0.377302 -0.0985572 72138 1 0.0713542 0.963462 44 0 811 -0.0746121 0.0114031 0.0659553 1.31175 4.20657 123.376 
-0.378859 -0.115532 72178 1 0.0713542 0.963462 45 0 812 -0.0741216 0.00935409 0.0655007 1.29053 4.21406 123.401 
-0.388169 -0.123638 72298 1 0.0713542 0.963462 46 0 815 -0.0737205 0.00912112 0.0657345 1.28157 4.22234 123.457 
-0.393813 -0.13938 72338 1 0.0713542 0.963462 47 0 816 -0.0737503 0.00923261 0.0656923 1.27713 4.22985 123.535 
-0.430202 -0.158993 72418 1 0.0713542 0.963462 48 0 818 -0.0747765 0.0072181 0.0647928 1.25605 4.23624 123.472 
-0.446355 -0.156755 72499 1 0.0713542 0.963462 49 0 820 -0.0739436 0.00194744 0.0632486 1.22434 4.24177 123.437 
-0.446355 -0.156755 72499 1 0.0713542 0.963462 50 0 820 -0.0739436 0.00194744 0.0632486 1.22434 4.24177 123.437 
-0.375777 -0.107922 72658 1 0.0713542 0.963462 51 0 824 -0.073328 0.00390805 0.0704995 1.30763 4.16847 123.495 
-0.35988 -0.103675 72698 1 0.0713542 0.963462 52 0 825 -0.0736475 0.00472346 0.0692556 1.32243 4.18569 123.578 
-0.326531 -0.0475681 72779 1 0.0713542 0.963462 53 0 827 -0.0741009 0.00898473 0.0733896 1.35893 4.14159 123.644 
-0.338836 -0.0777864 72819 1 0.0713542 0.963462 54 0 828 -0.0741296 0.00973453 0.0725853 1.35972 4.13616 123.672 
-0.338836 -0.0777864 72819 1 0.0713542 0.963462 55 0 828 -0.0741296 0.00973453 0.0725853 1.35972 4.13616 123.672 
-0.338762 -0.0881083 72860 1 0.0713542 0.963462 56 0 829 -0.0740637 0.00966194 0.0720298 1.36005 4.13104 123.653 
-0.338586 -0.0880294 72980 1 0.0713542 0.963462 57 0 832 -0.073896 0.0096272 0.0718395 1.36023 4.12915 123.676 
-0.340066 -0.0974302 73059 1 0.0713542 0.963462 58 0 834 -0.0739248 0.00979186 0.0717934 1.35864 4.12872 123.675 
-0.340066 -0.0974302 73059 1 0.0713542 0.963462 59 0 834 -0.0739248 0.00979186 0.0717934 1.35864 4.12872 123.675 
-0.310115 -0.102032 73260 1 0.0713542 0.963462 60 0 839 -0.0750501 0.0124187 0.0703808 1.37798 4.11467 123.677 
-0.383515 -0.188942 73341 1 0.0713542 0.963462 61 0 841 -0.0748001 0.00307219 0.0672436 1.28725 4.16574 123.664 
-0.392608 -0.187198 73420 1 0.0713542 0.963462 62 0 843 -0.0744957 0.00207712 0.0663945 1.28484 4.18194 123.721 
-0.392608 -0.187198 73420 1 0.0713542 0.963462 63 0 843 -0.0744957 0.00207712 0.0663945 1.28484 4.18194 123.721 
-0.392608 -0.187198 73420 1 0.0713542 0.963462 64 0 843 -0.0744957 0.00207712 0.0663945 1.28484 4.18194 123.721 
-0.455093 -0.230333 73621 1 0.0713542 0.963462 65 0 848 -0.0724547 -0.00260747 0.0652929 1.2822 4.19628 123.688 
-0.460935 -0.224324 73701 1 0.0713542 0.963462 66 0 850 -0.0718002 -0.00142492 0.0688992 1.30418 4.17919 123.745 
-0.452426 -0.202128 73741 1 0.0713542 0.963462 67 0 851 -0.0717186 -0.000133683 0.0723179 1.3124 4.15482 123.739 
-0.452426 -0.202128 73741 1 0.0713542 0.963462 68 0 851 -0.0717186 -0.000133683 0.0723179 1.3124 4.15482 123.739 
-0.457535 -0.192316 73780 1 0.0713542 0.963462 69 0 852 -0.0724837 0.00130358 0.0732361 1.3078 4.1472 123.649 
-0.62938 2.05884 73902 1 0.0713542 0.963462 70 0 855 -0.0724837 0.00130358 0.0732361 1.3078 4.1472 123.649 
-0.320313 0.260901 74022 1 0.0713542 0.963462 71 0 858 -0.072364 0.00751355 0.0746002 1.36297 4.17262 123.76 
-0.297547 0.0493583 74062 1 0.0713542 0.963462 72 0 859 -0.073495 0.00438382 0.073349 1.3297 4.17804 123.813 
-0.284947 -0.0271967 74182 1 0.0713542 0.963462 73 0 862 -0.0752672 0.00510337 0.072739 1.31474 4.16059 123.654 
-0.277178 0.0012616 74261 1 0.0708333 0.963462 74 0 864 -0.0748155 0.00545676 0.0718139 1.32596 4.16794 123.658 
-0.270802 -0.0385223 74301 1 0.0708333 0.963462 75 0 865 -0.0740272 0.00281463 0.0717799 1.30716 4.18381 123.706 
-0.2987 -0.0233233 74383 1 0.0708333 0.963462 76 0 867 -0.0738182 0.000737427 0.0724954 1.29068 4.17103 123.758 
-0.2987 -0.0233233 74383 1 0.0708333 0.963462 77 0 867 -0.0738182 0.000737427 0.0724954 1.29068 4.17103 123.758 
-0.336142 -0.0135011 74501 1 0.0708333 0.963462 78 0 870 -0.0751561 0.00654923 0.0735712 1.32192 4.14182 123.631 
-0.323975 -0.0198799 74584 1 0.0708333 0.963462 79 0 872 -0.0756431 0.00692541 0.0756749 1.32142 4.12795 123.579 
-0.293875 -0.0699638 74662 1 0.0708333 0.963462 80 0 874 -0.0751676 0.00497218 0.0721209 1.31588 4.18147 123.639 
-0.271774 -0.069541 74702 1 0.0708333 0.963462 81 0 875 -0.0739575 0.00430742 0.0713853 1.3157 4.19166 123.678 
-0.280474 -0.0871848 74824 1 0.0708333 0.963462 82 0 878 -0.0749394 0.00583112 0.0727536 1.32294 4.18569 123.698 
-0.315075 -0.0636118 74903 1 0.0708333 0.963462 83 0 880 -0.075342 0.00517932 0.0721379 1.31604 4.17393 123.626 
-0.309423 -0.0596334 74943 1 0.0583333 0.963462 84 0 881 -0.0749289 0.000859012 0.0724042 1.28323 4.17377 123.624 
-0.319715 -0.0589151 75023 1 -0.0916667 0.961538 85 0 883 -0.0738218 0.00061306 0.0735919 1.28358 4.17138 123.685 
-0.319715 -0.0589151 75023 1 -0.290104 0.953846 86 0 883 -0.0738218 0.00061306 0.0735919 1.28358 4.17138 123.685 
-0.348237 -0.0541211 75144 1 -0.483854 0.821154 87 0 886 -0.0760669 0.00474408 0.0740216 1.2852 4.14847 123.634 
-0.418578 -0.120101 75225 1 -0.55625 0.752885 88 0 888 -0.0768422 0.00221999 0.0721742 1.2346 4.15093 123.512 
-0.429364 -0.157188 75303 1 -0.55625 0.75 89 0 890 -0.0764909 -0.00254264 0.0710985 1.19111 4.17828 123.538 
-0.434378 -0.164236 75343 1 -0.55625 0.75 90 0 891 -0.0760874 -0.00401231 0.0675439 1.18627 4.20947 123.502 
-0.434378 -0.164236 75343 1 -0.55625 0.75 91 0 891 -0.0760874 -0.00401231 0.0675439 1.18627 4.20947 123.502 
-0.434854 -0.15292 75384 1 -0.55 0.738462 92 0 892 -0.0759061 -0.00486151 0.0690723 1.18321 4.19183 123.488 
-0.396551 -0.167356 75544 1 -0.580208 0.702885 93 0 896 -0.0758135 -0.00214866 0.0680067 1.21432 4.21442 123.56 
-0.38873 -0.141653 75624 1 -0.645833 0.671154 94 0 898 -0.0754702 -0.00186497 0.0677924 1.22815 4.2132 123.551 
-0.362499 -0.0905341 75664 1 -0.659375 0.663462 95 0 899 -0.074982 -0.000302707 0.0714666 1.25257 4.17792 123.486 
-0.344971 -0.0336184 75745 1 -0.658333 0.663462 96 0 901 -0.0735733 -0.00131217 0.0777558 1.25071 4.11832 123.568 
-0.330373 -0.0509488 75824 1 -0.642188 0.678846 97 0 903 -0.0760163 0.00486564 0.0732295 1.29079 4.15944 123.686 
-0.377173 -0.117732 75905 1 -0.633333 0.689423 98 0 905 -0.0767478 0.00407607 0.0723263 1.25155 4.15678 123.632 
-0.434211 -0.159226 75984 1 -0.634896 0.689423 99 0 907 -0.0776133 -0.00128089 0.0714585 1.19157 4.17334 123.615 
-0.434211 -0.159226 75984 1 -0.656771 0.689423 100 0 907 -0.0776133 -0.00128089 0.0714585 1.19157 4.17334 123.615 
-0.442673 -0.161573 76024 1 -0.674479 0.689423 101 0 908 -0.0764193 -0.00250133 0.0715445 1.18584 4.17165 123.621 
-0.450481 -0.11858 76185 1 -0.682292 0.688462 102 0 912 -0.0760928 -0.00561584 0.0743313 1.17625 4.12236 123.566 
-0.428171 -0.0727228 76272 1 -0.683333 0.688462 103 0 914 -0.0767238 -0.00200883 0.0754533 1.20459 4.10279 123.598 
-0.447193 -0.0792003 76306 1 -0.683333 0.688462 104 0 915 -0.0779264 -0.000769581 0.0759327 1.20138 4.1023 123.611 
-0.467019 -0.140742 76426 1 -0.683333 0.688462 105 0 918 -0.0770454 -0.00471541 0.0740516 1.16924 4.12722 123.695 
-0.360077 -0.120273 76465 1 -0.683854 0.688462 106 0 919 -0.0765024 -0.00763256 0.0744346 1.15042 4.12534 123.71 
1.2313 1.12657 76546 1 -0.683854 0.688462 107 0 921 -0.0767153 0.00658287 0.0809011 1.29526 4.03106 123.828 
1.24707 0.486091 76626 1 -0.686458 0.688462 108 0 923 -0.0786991 -0.00284677 0.0690176 1.14904 4.13945 123.65 
1.24707 0.486091 76626 1 -0.69375 0.688462 109 0 923 -0.0786991 -0.00284677 0.0690176 1.14904 4.13945 123.65 
1.20899 0.414887 76747 1 -0.732812 0.689423 110 0 926 -0.0808997 -0.00499569 0.0645835 1.11191 4.18847 123.628 
1.23663 0.439557 76826 1 -0.772917 0.689423 111 0 928 -0.079595 -0.00640159 0.0627596 1.10057 4.20205 123.582 
1.24509 0.434604 76907 1 -0.803646 0.690385 112 0 930 -0.0791347 -0.00760041 0.0628072 1.10062 4.20155 123.505 
1.24764 0.455795 76947 1 -0.839583 0.690385 113 0 931 -0.0794683 -0.0089609 0.0660818 1.09652 4.17286 123.475 
1.24764 0.455795 76947 1 -0.872396 0.690385 114 0 931 -0.0794683 -0.0089609 0.0660818 1.09652 4.17286 123.475 
1.2561 0.482802 77107 1 -0.895312 0.688462 115 0 935 -0.0797318 -0.00709726 0.0653496 1.11473 4.19187 123.411 
1.28337 0.525469 77187 1 -0.896875 0.688462 116 0 937 -0.0782419 -0.00900956 0.0692574 1.11428 4.16653 123.392 
1.31326 0.550014 77227 1 -0.896354 0.688462 117 0 938 -0.0774236 -0.00786798 0.070565 1.13243 4.16384 123.446 
1.34506 0.603901 77268 1 -0.852604 0.694231 118 0 939 -0.0770964 -0.00668014 0.0735361 1.13905 4.13431 123.421 
1.34506 0.603901 77268 1 -0.710938 0.745192 119 0 939 -0.0770964 -0.00668014 0.0735361 1.13905 4.13431 123.421 
1.28879 0.563711 77469 1 -0.544271 0.852885 120 0 944 -0.07982 -0.00240169 0.0695491 1.13354 4.16215 123.394 
1.28301 0.538845 77548 1 -0.490625 0.8875 121 0 946 -0.0791738 -0.0038717 0.0675723 1.11969 4.1894 123.39 
1.27847 0.531285 77588 1 -0.476042 0.917308 122 0 947 -0.0792409 -0.00536665 0.0679252 1.1074 4.19004 123.357 
1.27847 0.531285 77588 1 -0.469271 0.941346 123 0 947 -0.0792409 -0.00536665 0.0679252 1.1074 4.19004 123.357 
1.28678 0.509437 77628 1 -0.468229 0.948077 124 0 948 -0.079357 -0.00354153 0.0641697 1.12833 4.22668 123.453 
1.26206 0.506049 77788 1 -0.468229 0.951923 125 0 952 -0.0795933 -0.00267642 0.0669013 1.11768 4.18394 123.353 
1.26956 0.485389 77868 1 -0.467708 0.953846 126 0 954 -0.0788449 -0.00422289 0.0648721 1.1133 4.21078 123.4 
1.28856 0.47301 77908 1 -0.467187 0.956731 127 0 955 -0.0786882 -0.00661702 0.0643037 1.10329 4.22813 123.394 
1.30027 0.51232 77949 1 -0.466146 0.958654 128 0 956 -0.0772604 -0.00665055 0.065924 1.1065 4.21015 123.337 
1.29461 0.540642 78069 1 -0.466146 0.958654 129 0 959 -0.0783025 -0.00215042 0.0667117 1.13924 4.17874 123.457 
1.26546 0.446817 78151 1 -0.466146 0.958654 130 0 961 -0.0796558 -0.000683973 0.0623553 1.13469 4.20248 123.426 
1.25747 0.456824 78190 1 -0.466146 0.958654 131 0 962 -0.0804356 0.00104627 0.0622742 1.14652 4.20745 123.438 
1.25034 0.469657 78228 1 -0.466146 0.958654 132 0 963 -0.0804271 -0.000589979 0.0634872 1.13075 4.19789 123.397 
1.25034 0.469657 78228 1 -0.466146 0.958654 133 0 963 -0.0804271 -0.000589979 0.0634872 1.13075 4.19789 123.397 
0.963675 0.401312 78430 1 -0.470833 0.956731 134 1 968 -0.0778403 0.00586556 0.0679492 1.21551 4.15489 123.471 
0.178767 0.221377 78470 1 -0.475521 0.953846 135 1 969 -0.0784311 0.00236603 0.0688825 1.18277 4.14762 123.374 
-0.0617817 0.245428 78550 1 -0.482812 0.95 136 1 971 -0.078611 0.00446715 0.0670947 1.204 4.17937 123.385 
-0.0617817 0.245428 78550 1 -0.483854 0.949038 137 1 971 -0.078611 0.00446715 0.0670947 1.204 4.17937 123.385 
-0.230692 0.245574 78669 1 -0.486458 0.949038 138 0 974 -0.0754646 0.000878121 0.0696384 1.20452 4.16296 123.43 
-0.274544 0.260622 78710 1 -0.486979 0.949038 139 0 975 -0.0754754 0.000186876 0.0702147 1.19781 4.15723 123.463 
-0.267527 0.270618 78791 1 -0.486979 0.949038 140 0 977 -0.0761601 0.00394875 0.0687585 1.2221 4.15463 123.535 
-0.301383 0.31651 78870 1 -0.486979 0.949038 141 0 979 -0.0772415 0.00385234 0.0710871 1.20746 4.13873 123.529 
-0.329085 0.324279 78911 1 -0.4875 0.948077 142 0 980 -0.0773421 0.00476238 0.0712 1.21055 4.14477 123.546 
-0.332241 0.314084 78990 1 -0.489063 0.947115 143 0 982 -0.0768946 0.00410022 0.0701906 1.20696 4.15796 123.492 
-0.367682 0.334474 79071 1 -0.492188 0.946154 144 0 984 -0.0759648 0.00196186 0.071293 1.19125 4.15333 123.516 
-0.379702 0.360969 79110 1 -0.496875 0.945192 145 0 985 -0.0764964 0.00417451 0.0727807 1.21891 4.14025 123.541 
-0.394988 0.353286 79192 1 -0.498437 0.945192 146 0 987 -0.0764457 0.000740623 0.0734788 1.18778 4.14175 123.592 
-0.394988 0.353286 79192 1 -0.498437 0.945192 147 0 987 -0.0764457 0.000740623 0.0734788 1.18778 4.14175 123.592 
-0.375338 0.347133 79231 1 -0.498437 0.945192 148 0 988 -0.0777194 0.00338373 0.0704718 1.22034 4.16615 123.588 
-0.375652 0.402917 79391 1 -0.498437 0.945192 149 0 992 -0.0748721 -0.00174735 0.073233 1.23045 4.13684 123.669 
-0.351737 0.448572 79472 1 -0.498437 0.945192 150 0 994 -0.0738739 0.0043707 0.0754908 1.29884 4.0964 123.727 
-0.361298 0.450051 79511 1 -0.498437 0.945192 151 0 995 -0.0745294 0.00621023 0.075091 1.30587 4.09203 123.719 
-0.361298 0.450051 79511 1 -0.498437 0.945192 152 0 995 -0.0745294 0.00621023 0.075091 1.30587 4.09203 123.719 
-0.380642 0.417781 79672 1 -0.498437 0.945192 153 0 999 -0.077314 0.00346689 0.0730669 1.22049 4.11229 123.641 
-0.37658 0.394647 79752 1 -0.498437 0.945192 154 0 1001 -0.0766143 0.00220156 0.068878 1.21084 4.14741 123.687 
-0.393889 0.377294 79832 1 -0.498437 0.945192 155 0 1003 -0.0763367 -0.00142919 0.0659683 1.18096 4.16186 123.646 
-0.393889 0.377294 79832 1 -0.498437 0.945192 156 0 1003 -0.0763367 -0.00142919 0.0659683 1.18096 4.16186 123.646 
-0.28149 0.303146 79953 1 -0.497917 0.945192 157 0 1006 -0.0774489 -0.00121451 0.0585662 1.16255 4.21413 123.569 
-0.293548 0.293875 80033 1 -0.495312 0.945192 158 0 1008 -0.0772512 -0.00250297 0.0551857 1.16704 4.25104 123.582 
-0.29075 0.322552 80112 1 -0.490104 0.946154 159 0 1010 -0.075483 -0.00301557 0.0564084 1.19312 4.23013 123.545 
-0.283374 0.330341 80153 1 -0.4875 0.946154 160 0 1011 -0.0744783 -0.00307148 0.058355 1.19662 4.21319 123.587 
-0.283374 0.330341 80153 1 -0.4875 0.946154 161 0 1011 -0.0744783 -0.00307148 0.058355 1.19662 4.21319 123.587 
-0.333454 0.418845 80314 1 -0.4875 0.946154 162 0 1015 -0.0771103 0.00180737 0.0674984 1.18196 4.15801 123.457 
-0.314936 0.411697 80353 1 -0.4875 0.946154 163 0 1016 -0.0771773 0.00404208 0.0662403 1.20105 4.1864 123.57 
0.0249496 0.608552 80434 1 -0.4875 0.946154 164 1 1018 -0.0772664 0.00374379 0.0705371 1.21285 4.15515 123.57 
0.0249496 0.608552 80434 1 -0.4875 0.946154 165 1 1018 -0.0772664 0.00374379 0.0705371 1.21285 4.15515 123.57 
0.0249496 0.608552 80434 1 -0.4875 0.946154 166 1 1018 -0.0772664 0.00374379 0.0705371 1.21285 4.15515 123.57 
1.3389 1.37117 80634 1 -0.4875 0.946154 167 0 1023 -0.0781325 0.00228095 0.0684706 1.18594 4.15337 123.514 
1.35716 1.37156 80714 1 -0.4875 0.946154 168 0 1025 -0.0800913 0.00674994 0.0697097 1.20748 4.14373 123.399 
1.36871 1.33108 80795 1 -0.4875 0.946154 169 0 1027 -0.0780995 -0.000558466 0.0670523 1.16149 4.17277 123.376 
1.39431 1.34922 80874 1 -0.4875 0.946154 170 0 1029 -0.0754111 -0.00253062 0.0674714 1.17799 4.15592 123.483 
1.393 1.31965 80914 1 -0.4875 0.946154 171 0 1030 -0.0746863 -0.000844617 0.0657649 1.19724 4.16102 123.494 
1.33624 1.23774 80995 1 -0.4875 0.946154 172 0 1032 -0.0759292 -0.00145325 0.0629225 1.169 4.17305 123.38 
1.30619 1.22069 81075 1 -0.4875 0.946154 173 0 1034 -0.0767876 -0.00147478 0.064423 1.15156 4.17088 123.357 
1.33307 1.26957 81157 1 -0.4875 0.946154 174 0 1036 -0.0763908 -0.00145486 0.0664057 1.16394 4.16175 123.402 
1.36076 1.27424 81234 1 -0.4875 0.946154 175 0 1038 -0.0754537 -0.00231543 0.0642957 1.17939 4.16945 123.413 
1.37612 1.28368 81274 1 -0.4875 0.946154 176 0 1039 -0.075066 -0.00123666 0.0640341 1.19299 4.16791 123.419 
1.36151 1.27805 81315 1 -0.4875 0.946154 177 0 1040 -0.0754143 -0.00159096 0.0647244 1.1819 4.16216 123.408 
1.36151 1.27805 81315 1 -0.486979 0.946154 178 0 1040 -0.0754143 -0.00159096 0.0647244 1.1819 4.16216 123.408 
1.35132 1.28918 81475 1 -0.484375 0.946154 179 0 1044 -0.0769327 0.00038108 0.0640891 1.18 4.18456 123.412 
1.36339 1.29271 81556 1 -0.482812 0.946154 180 0 1046 -0.0751942 -0.00292338 0.0634831 1.16586 4.18481 123.444 
1.37271 1.3123 81635 1 -0.48125 0.946154 181 0 1048 -0.0751723 2.22934e-005 0.0631098 1.17947 4.1803 123.48 
1.37271 1.3123 81635 1 -0.48125 0.946154 182 0 1048 -0.0751723 2.22934e-005 0.0631098 1.17947 4.1803 123.48 
1.36034 1.3177 81756 1 -0.48125 0.946154 183 0 1051 -0.0783461 0.00266851 0.0638443 1.15324 4.17441 123.399 
1.38521 1.32497 81796 1 -0.48125 0.946154 184 0 1052 -0.0785953 0.00452517 0.0646073 1.17112 4.17076 123.399 
1.40971 1.36192 81876 1 -0.48125 0.946154 185 0 1054 -0.0772243 0.00274005 0.0652333 1.17842 4.16222 123.386 
1.40076 1.34339 81958 1 -0.48125 0.946154 186 0 1056 -0.0761861 -0.00111979 0.0639031 1.15854 4.17099 123.39 
1.40076 1.34339 81958 1 -0.48125 0.946154 187 0 1056 -0.0761861 -0.00111979 0.0639031 1.15854 4.17099 123.39 
1.36026 1.29251 82116 1 -0.482292 0.946154 188 0 1060 -0.0782007 0.00215199 0.0625436 1.16222 4.21105 123.449 
1.37094 1.33287 82157 1 -0.483854 0.946154 189 0 1061 -0.0783202 0.000539918 0.0648519 1.14816 4.18849 123.44 
1.38619 1.36415 82237 1 -0.484375 0.947115 190 0 1063 -0.0764764 -0.00212565 0.0678707 1.14416 4.14906 123.357 
1.38805 1.38148 82277 1 -0.485938 0.947115 191 0 1064 -0.0763973 -0.00351443 0.0676229 1.14944 4.15235 123.41 
1.40443 1.37772 82399 1 -0.491146 0.947115 192 0 1067 -0.0760854 -0.00135731 0.0682727 1.17408 4.14736 123.482 
0.538063 0.454971 82477 1 -0.499479 0.947115 193 1 1069 -0.0759136 -0.00125554 0.0657859 1.16785 4.16314 123.483 
0.48697 0.437271 82557 1 -0.5 0.947115 194 1 1071 -0.0772016 -0.003852 0.061668 1.12914 4.19868 123.495 
0.479086 0.415086 82598 1 -0.5 0.947115 195 1 1072 -0.0768918 -0.00464988 0.0590982 1.11463 4.22631 123.501 
0.46607 0.402132 82678 1 -0.5 0.947115 196 1 1074 -0.0758333 -0.00944617 0.0525522 1.0763 4.27582 123.5 
0.43129 0.41742 82758 1 -0.5 0.947115 197 1 1076 -0.0762303 -0.0119433 0.0536535 1.05676 4.25295 123.428 
0.449796 0.393897 82838 1 -0.5 0.947115 198 1 1078 -0.0764911 -0.0105334 0.0526188 1.06404 4.26525 123.432 
0.454969 0.39568 82918 1 -0.5 0.947115 199 1 1080 -0.0770826 -0.00924686 0.0543365 1.07951 4.26368 123.457 
0.454969 0.39568 82918 1 -0.5 0.947115 200 1 1080 -0.0770826 -0.00924686 0.0543365 1.07951 4.26368 123.457 
0.424556 0.408914 83038 1 -0.5 0.947115 201 1 1083 -0.0743357 -0.0132668 0.0546257 1.08801 4.25651 123.435 
0.427776 0.446137 83118 1 -0.5 0.947115 202 1 1085 -0.0742074 -0.0109653 0.0539756 1.11094 4.25181 123.358 
0.418425 0.439066 83158 1 -0.5 0.947115 203 1 1086 -0.0748785 -0.0112631 0.0536165 1.1008 4.2552 123.419 
0.449395 0.443452 83238 1 -0.501563 0.947115 204 1 1088 -0.0762537 -0.00947108 0.0536049 1.09743 4.25356 123.408 
0.449395 0.443452 83238 1 -0.501563 0.947115 205 1 1088 -0.0762537 -0.00947108 0.0536049 1.09743 4.25356 123.408 
0.436934 0.391294 83360 1 -0.501563 0.947115 206 1 1091 -0.0759058 -0.0137436 0.0518501 1.05693 4.28437 123.219 
0.447643 0.39472 83439 1 -0.501563 0.947115 207 1 1093 -0.0748726 -0.0102289 0.0594605 1.10436 4.21564 123.229 
0.441074 0.404889 83479 1 -0.501563 0.947115 208 1 1094 -0.07533 -0.00875114 0.058244 1.1259 4.2269 123.257 
0.44085 0.443902 83559 1 -0.502083 0.947115 209 1 1096 -0.0752347 -0.00719371 0.0591995 1.13982 4.21457 123.232 
0.437104 0.444036 83599 1 -0.504167 0.945192 210 1 1097 -0.0762959 -0.00589593 0.0603745 1.14914 4.20371 123.209 
0.419616 0.416298 83679 1 -0.505208 0.944231 211 1 1099 -0.0756621 -0.0128335 0.0584548 1.09478 4.22698 123.052 
0.447366 0.454381 83760 1 -0.50625 0.944231 212 1 1101 -0.0719653 -0.00839937 0.0622578 1.18457 4.20099 123.203 
0.444679 0.471447 83839 1 -0.50625 0.944231 213 1 1103 -0.0711164 -0.00935447 0.0638769 1.19533 4.18619 123.255 
0.466216 0.45248 83879 1 -0.50625 0.944231 214 1 1104 -0.0716254 -0.00784207 0.0642686 1.21566 4.17952 123.261 
0.466216 0.45248 83879 1 -0.506771 0.943269 215 1 1104 -0.0716254 -0.00784207 0.0642686 1.21566 4.17952 123.261 
0.478381 0.541212 84041 1 -0.507292 0.943269 216 1 1108 -0.0736105 -0.00145145 0.0684124 1.24245 4.13207 123.23 
0.48161 0.509402 84121 1 -0.507292 0.943269 217 1 1110 -0.0724598 -0.00287973 0.0652291 1.22943 4.15845 123.364 
0.501386 0.524886 84161 1 -0.508333 0.943269 218 1 1111 -0.0730876 0.00284653 0.0650393 1.27596 4.15015 123.262 
0.502048 0.517652 84241 1 -0.509375 0.943269 219 1 1113 -0.0741547 0.00358491 0.0664458 1.25532 4.13884 123.216 
0.554513 0.383321 84320 1 -0.511458 0.942308 220 1 1115 -0.0729172 -0.00458672 0.0526844 1.18402 4.29534 122.973 
0.567207 0.358091 84401 1 -0.514583 0.941346 221 1 1117 -0.0709576 -0.00774041 0.0519462 1.16457 4.30788 123.01 
0.550766 0.382689 84482 1 -0.514583 0.941346 222 1 1119 -0.0685406 -0.00872279 0.0535632 1.18146 4.30274 123.022 
0.515258 0.382181 84521 1 -0.514583 0.941346 223 1 1120 -0.0682277 -0.00878545 0.0536873 1.18318 4.30505 123.042 
0.513353 0.384726 84601 1 -0.517708 0.940385 224 1 1122 -0.0686883 -0.00604389 0.0558165 1.19456 4.28225 122.955 
0.31547 0.26154 84681 1 -0.553125 0.907692 225 1 1124 -0.068853 -0.00453629 0.0566494 1.20106 4.27616 122.932 
0.191542 0.125189 84762 1 -0.597396 0.85 226 1 1126 -0.0686006 -0.00378668 0.0576644 1.20894 4.27794 122.958 
0.200459 0.0938056 84802 1 -0.633854 0.789423 227 1 1127 -0.0681015 -0.00468129 0.0571495 1.20138 4.28282 122.999 
0.198012 0.11535 84882 1 -0.654167 0.752885 228 1 1129 -0.068712 -0.00467177 0.0569964 1.20224 4.26875 123.001 
0.200365 0.124681 84962 1 -0.661979 0.739423 229 1 1131 -0.0682606 -0.00213277 0.0567217 1.22068 4.26688 122.985 
0.392273 0.220495 85002 1 -0.664583 0.725 230 1 1132 -0.069119 -0.00324666 0.0574281 1.21189 4.25879 122.994 
0.550663 0.347434 85082 1 -0.668229 0.715385 231 1 1134 -0.069767 -0.00381171 0.0550382 1.21036 4.27571 122.955 
0.558115 0.335839 85162 1 -0.674479 0.705769 232 1 1136 -0.0678222 -0.00591483 0.0542903 1.21485 4.27976 123.012 
0.579645 0.34014 85202 1 -0.677083 0.696154 233 1 1137 -0.0668095 -0.00591831 0.0548525 1.22212 4.2777 123.035 
0.59235 0.360562 85283 1 -0.678125 0.686538 234 1 1139 -0.0675479 -0.00298482 0.0548859 1.23508 4.27546 123.096 
0.621976 0.334422 85362 1 -0.679167 0.682692 235 1 1141 -0.0697085 -0.0054377 0.04969 1.18508 4.31635 123.083 
0.720719 0.315718 85442 1 -0.679167 0.682692 236 1 1143 -0.070258 -0.00795013 0.0467495 1.14127 4.33613 123.026 
0.723603 0.325974 85523 1 -0.679167 0.682692 237 1 1145 -0.0702589 -0.00952703 0.0470258 1.13495 4.34131 123.124 
0.725057 0.29219 85604 1 -0.674479 0.683654 238 1 1147 -0.0693778 -0.012038 0.0422041 1.12854 4.37948 123.172 
0.680349 0.195697 85644 1 -0.658854 0.684615 239 1 1148 -0.069327 -0.0114793 0.041836 1.13913 4.38027 123.196 
0.658809 0.135419 85723 1 -0.647917 0.686538 240 1 1150 -0.0705877 -0.0115639 0.0419151 1.13988 4.3815 123.178 
0.442756 0.0705648 85803 1 -0.645833 0.686538 241 1 1152 -0.0695949 -0.0107027 0.0405557 1.15458 4.39114 123.281 
0.22114 0.0555136 85843 1 -0.643229 0.686538 242 1 1153 -0.0686522 -0.00900464 0.043354 1.17948 4.35965 123.264 
0.195097 0.0448486 85925 1 -0.641146 0.686538 243 1 1155 -0.0667742 -0.00610647 0.0408105 1.2363 4.37681 123.272 
0.204354 0.0368698 85965 1 -0.638542 0.685577 244 1 1156 -0.0673628 -0.00661167 0.040966 1.23994 4.37844 123.278 
0.204471 0.0367646 86045 1 -0.638021 0.684615 245 1 1158 -0.0673615 -0.00661624 0.0409694 1.23997 4.37847 123.278 
0.181149 0.0409119 86124 1 -0.638021 0.684615 246 1 1160 -0.0678122 -0.00210729 0.0410879 1.25659 4.36211 123.39 
0.171186 0.0128332 86204 1 -0.638021 0.684615 247 1 1162 -0.0692014 -0.00416918 0.0387249 1.20614 4.37369 123.335 
0.170097 0.0167623 86285 1 -0.638021 0.684615 248 1 1164 -0.0703748 -0.006827 0.0381423 1.17196 4.36387 123.249 
0.184428 0.0473711 86324 1 -0.638021 0.684615 249 1 1165 -0.0706761 -0.00639846 0.0391994 1.18061 4.33831 123.198 
0.224212 0.0675266 86405 1 -0.638021 0.684615 250 1 1167 -0.0703565 -0.00359052 0.0430246 1.21994 4.25947 123.162 
0.294786 0.163379 86485 1 -0.638021 0.684615 251 1 1169 -0.0703112 0.00464991 0.0486302 1.31029 4.17818 123.214 
0.303766 0.179116 86527 1 -0.638021 0.684615 252 1 1170 -0.0702342 0.00763161 0.0498913 1.34113 4.159 123.18 
0.240047 0.140521 86605 1 -0.638021 0.684615 253 1 1172 -0.0695319 0.00609658 0.0488145 1.34004 4.16106 123.213 
0.25018 0.0897865 86685 1 -0.638021 0.684615 254 1 1174 -0.0697533 0.00149343 0.0435681 1.32817 4.209 123.307 
0.218549 0.07619 86725 1 -0.638021 0.684615 255 1 1175 -0.0694331 -0.00340196 0.0379446 1.29278 4.24503 123.375 
0.200708 -0.0148165 86806 1 -0.639062 0.684615 256 1 1177 -0.0718484 -0.00414962 0.0352514 1.25272 4.23851 123.268 
0.13981 -0.0292324 86885 1 -0.639062 0.684615 257 1 1179 -0.074754 -0.00515984 0.0341401 1.19439 4.23438 123.165 
0.139944 -0.0237199 86967 1 -0.639062 0.684615 258 1 1181 -0.0754182 -0.00560507 0.0343199 1.17377 4.2202 123.094 
0.134119 -0.0327303 87006 1 -0.639062 0.684615 259 1 1182 -0.0757961 -0.00545977 0.03443 1.17162 4.22174 123.096 
0.134119 -0.0327303 87006 1 -0.639062 0.684615 260 1 1182 -0.0757961 -0.00545977 0.03443 1.17162 4.22174 123.096 
-0.00238944 -0.150328 87166 1 -0.639062 0.684615 261 1 1186 -0.0746222 -0.00428745 0.0335641 1.16755 4.24566 123.076 
-0.0541985 -0.23424 87246 1 -0.639062 0.684615 262 0 1188 -0.0759857 -0.0078816 0.0326133 1.12444 4.29615 123.065 
-0.00697997 -0.117247 87326 1 -0.639062 0.684615 263 1 1190 -0.0734456 -0.00100074 0.0404038 1.18186 4.2498 122.968 
0.0295876 -0.133446 87367 1 -0.639062 0.684615 264 1 1191 -0.0721234 2.61578e-005 0.0431816 1.19764 4.24712 123.042 
0.0237054 -0.154824 87447 1 -0.639062 0.684615 265 1 1193 -0.0712932 -0.00272964 0.0427926 1.17347 4.27012 123.137 
0.0617422 -0.0776768 87527 1 -0.639062 0.684615 266 1 1195 -0.0710925 -0.000471786 0.0422528 1.17297 4.2764 123.17 
0.172452 0.100513 87607 1 -0.639062 0.684615 267 1 1197 -0.0713738 0.00072219 0.0431699 1.16337 4.26337 123.151 
0.184775 0.0946465 87646 1 -0.639062 0.684615 268 1 1198 -0.0710376 0.000907022 0.0418481 1.156 4.28291 123.189 
0.178401 0.0402899 87727 1 -0.639062 0.684615 269 1 1200 -0.0739428 -0.0037712 0.0407588 1.10621 4.31046 123.111 
0.161532 0.0423962 87807 1 -0.639062 0.684615 270 1 1202 -0.0724298 -0.00733601 0.039469 1.07447 4.32483 123.163 
0.203882 0.0578447 87847 1 -0.639062 0.684615 271 1 1203 -0.0708272 -0.00838279 0.038757 1.06696 4.34187 123.205 
0.483869 0.217135 87929 1 -0.639062 0.684615 272 1 1205 -0.0707938 -0.0103759 0.0374486 1.0461 4.35715 123.129 
0.492152 0.215836 88007 1 -0.639062 0.684615 273 1 1207 -0.0718089 -0.00984016 0.037113 1.06203 4.35956 123.163 
0.494519 0.244717 88088 1 -0.639062 0.684615 274 1 1209 -0.0706025 -0.00769655 0.0346488 1.11458 4.35153 123.048 
0.503191 0.290537 88128 1 -0.639062 0.684615 275 1 1210 -0.0697563 -0.00631165 0.0401646 1.14834 4.29348 123.041 
0.581546 0.839249 88208 1 -0.639062 0.684615 276 1 1212 -0.06794 -0.00430725 0.043754 1.19419 4.25272 123.061 
0.578234 0.907929 88289 1 -0.639062 0.684615 277 1 1214 -0.0717451 -0.00766009 0.0434799 1.15131 4.24038 123.007 
0.603404 0.936637 88368 1 -0.639062 0.684615 278 1 1216 -0.0709519 -0.00254257 0.0419396 1.15738 4.2662 123.109 
0.579648 0.759737 88448 1 -0.639062 0.684615 279 1 1218 -0.0721247 -0.00472527 0.040126 1.11259 4.29539 123.136 
0.576135 0.767072 88488 1 -0.639062 0.684615 280 1 1219 -0.0717901 -0.00718883 0.0401757 1.08983 4.29932 123.12 
0.570835 0.679969 88569 1 -0.639062 0.684615 281 1 1221 -0.0718719 -0.00849159 0.0391983 1.06999 4.29829 123.155 
0.595318 0.649658 88649 1 -0.639062 0.684615 282 1 1223 -0.0714761 -0.00635457 0.0396252 1.09103 4.28589 123.201 
0.579215 0.632953 88688 1 -0.639062 0.684615 283 1 1224 -0.0718832 -0.00519743 0.0415947 1.1013 4.27428 123.205 
0.54798 0.304282 88769 1 -0.639062 0.684615 284 1 1226 -0.0741889 -0.00665886 0.0398955 1.10471 4.27781 123.156 
0.565885 0.369558 88850 1 -0.639062 0.684615 285 1 1228 -0.0692776 -0.00424385 0.0429729 1.16574 4.24983 123.116 
0.568686 0.442908 88929 1 -0.639062 0.684615 286 1 1230 -0.0676142 -0.000844684 0.05008 1.22973 4.17365 123.183 
0.588702 0.43893 88969 1 -0.639062 0.684615 287 1 1231 -0.0680407 0.00260763 0.0504513 1.26568 4.17486 123.263 
0.614811 0.480395 89050 1 -0.639062 0.684615 288 1 1233 -0.0682236 0.00501221 0.0515077 1.26691 4.14478 123.199 
0.754819 0.464056 89129 1 -0.639062 0.684615 289 1 1235 -0.0701296 0.000154784 0.0463087 1.19824 4.19744 123.304 
0.749196 0.411473 89170 1 -0.639062 0.684615 290 1 1236 -0.0702396 -0.00179293 0.0429637 1.17607 4.22858 123.313 
0.740058 0.353986 89250 1 -0.639062 0.684615 291 1 1238 -0.0699955 -0.00641887 0.0376515 1.13357 4.27548 123.39 
0.804974 0.367405 89330 1 -0.639062 0.684615 292 1 1240 -0.0726226 -0.0101409 0.0339875 1.08519 4.30405 123.409 
0.847512 0.323089 89411 1 -0.639062 0.684615 293 1 1242 -0.0740433 -0.00501311 0.0318775 1.08901 4.31263 123.503 
0.84073 0.333161 89490 1 -0.639062 0.684615 294 1 1244 -0.0747489 -0.00490094 0.0332848 1.074 4.29114 123.405 
0.853571 0.346063 89530 1 -0.639062 0.684615 295 1 1245 -0.0742107 -0.00727132 0.0312686 1.06192 4.31104 123.414 
1.01479 0.409647 89610 1 -0.639062 0.684615 296 1 1247 -0.073595 -0.0142039 0.0327083 1.0132 4.32154 123.453 
1.05718 0.470487 89691 1 -0.639062 0.684615 297 1 1249 -0.0732631 -0.0134525 0.0400497 1.02048 4.25861 123.373 
0.836084 0.235397 89731 1 -0.639062 0.684615 298 1 1250 -0.0725662 -0.00992944 0.041604 1.04706 4.24096 123.321 
0.719659 0.145051 89810 1 -0.639062 0.684615 299 1 1252 -0.0727838 -0.00846117 0.0395692 1.0587 4.24933 123.35 
0.697755 0.126574 89891 1 -0.639062 0.684615 300 1 1254 -0.0737981 -0.0102587 0.0407204 1.03344 4.24624 123.259 
0.695455 0.075624 89971 1 -0.639062 0.684615 301 1 1256 -0.0732007 -0.0107256 0.0355703 1.03686 4.28663 123.357 
0.686233 0.0822253 90012 1 -0.639062 0.684615 302 1 1257 -0.0736765 -0.0107527 0.035737 1.04209 4.28606 123.336 
0.606852 0.174696 90092 1 -0.639062 0.684615 303 1 1259 -0.0735084 -0.00662175 0.0371986 1.0742 4.27542 123.289 
0.600546 0.188686 90133 1 -0.639062 0.684615 304 1 1260 -0.0739389 -0.00460454 0.0369875 1.09315 4.27563 123.261 
0.625325 0.243366 90252 1 -0.639062 0.684615 305 1 1263 -0.0718193 -0.00229997 0.0412582 1.14851 4.25063 123.133 
0.623954 0.288459 90292 1 -0.639062 0.684615 306 1 1264 -0.0706373 -0.00399405 0.044284 1.14231 4.22024 123.104 
0.600925 0.286238 90372 1 -0.639062 0.684615 307 1 1266 -0.0710079 -0.00889703 0.0443663 1.09222 4.22449 123.137 
0.526099 0.217166 90453 1 -0.639062 0.684615 308 1 1268 -0.0712911 -0.00363323 0.0447035 1.11753 4.22739 123.129 
0.526099 0.217166 90453 1 -0.639062 0.684615 309 1 1268 -0.0712911 -0.00363323 0.0447035 1.11753 4.22739 123.129 
0.509087 0.167964 90572 1 -0.639062 0.684615 310 1 1271 -0.0718424 -0.00410971 0.0423374 1.11586 4.26178 123.133 
0.504055 0.217087 90653 1 -0.639062 0.684615 311 1 1273 -0.0698202 -0.00452207 0.0430242 1.15372 4.24594 123.037 
0.411752 0.163855 90692 1 -0.639062 0.684615 312 1 1274 -0.0697188 -0.00404051 0.0449703 1.17562 4.22556 123.05 
0.395377 0.130051 90773 1 -0.639062 0.684615 313 1 1276 -0.0704433 -0.00687697 0.0465623 1.17106 4.20535 123.045 
0.396095 0.113866 90854 1 -0.639062 0.684615 314 1 1278 -0.0692993 -0.00546903 0.0447137 1.18829 4.21782 123.111 
0.439399 0.142289 90933 1 -0.639062 0.684615 315 1 1280 -0.0665279 -0.000769973 0.0455783 1.2853 4.20697 123.204 
0.373688 0.112624 90973 1 -0.639062 0.684615 316 1 1281 -0.06506 -0.00495403 0.0455357 1.2605 4.20596 123.2 
0.355901 0.100154 91054 1 -0.639062 0.684615 317 1 1283 -0.0643412 0.000814662 0.0457441 1.30762 4.19247 123.296 
0.344264 0.128848 91093 1 -0.639062 0.684615 318 1 1284 -0.0658905 0.00300397 0.0467681 1.30959 4.17988 123.192 
0.344264 0.128848 91093 1 -0.639062 0.684615 319 1 1284 -0.0658905 0.00300397 0.0467681 1.30959 4.17988 123.192 
0.230941 -0.0335372 91254 1 -0.639062 0.684615 320 1 1288 -0.0667699 0.00426685 0.0469001 1.27568 4.16478 123.053 
0.208395 -0.100256 91333 1 -0.639062 0.684615 321 1 1290 -0.0670371 -0.00376037 0.0446062 1.21049 4.2021 123.085 
0.198367 -0.120067 91374 1 -0.639062 0.684615 322 1 1291 -0.0672336 -0.00406403 0.0448056 1.21266 4.20388 123.07 
0.173128 -0.110527 91454 1 -0.639062 0.684615 323 1 1293 -0.0653648 -0.00681086 0.0457711 1.18895 4.19496 123.089 
0.176705 0.0509248 91534 1 -0.639062 0.684615 324 1 1295 -0.0670201 -0.00366159 0.044189 1.21051 4.21295 123.089 
0.201568 0.0696125 91574 1 -0.639062 0.684615 325 1 1296 -0.0668728 -0.00339084 0.04359 1.21901 4.21483 123.145 
0.248914 0.0763217 91655 1 -0.639062 0.684615 326 1 1298 -0.0651682 -0.000478538 0.0411668 1.27273 4.23351 123.122 
0.197715 0.0535031 91734 1 -0.639062 0.684615 327 1 1300 -0.0663388 -0.0100628 0.0418709 1.17099 4.22921 123.11 
0.325783 0.145352 91815 1 -0.639062 0.684615 328 1 1302 -0.0668527 5.90703e-005 0.0428505 1.23496 4.20885 123.109 
0.424458 0.182319 91895 1 -0.639062 0.684615 329 1 1304 -0.0684684 -0.000993022 0.041555 1.19708 4.22261 122.989 
0.423488 0.195652 91935 1 -0.639062 0.684615 330 1 1305 -0.0688443 -0.000711591 0.042958 1.19433 4.2195 122.988 
0.405446 0.145065 92015 1 -0.639062 0.684615 331 1 1307 -0.0685359 -0.00231926 0.0428106 1.19633 4.246 123.067 
0.391895 0.146776 92055 1 -0.639062 0.684615 332 1 1308 -0.0692578 -0.00949264 0.0439637 1.14131 4.24221 123.067 
0.462748 0.21977 92135 1 -0.639062 0.684615 333 1 1310 -0.0683015 -0.00842715 0.0438975 1.16973 4.23002 123.128 
0.47851 0.229806 92216 1 -0.639062 0.684615 334 1 1312 -0.0673515 -0.0081364 0.0463095 1.18484 4.20689 123.117 
0.481939 0.287591 92256 1 -0.639062 0.684615 335 1 1313 -0.0682899 -0.00669428 0.0468097 1.20601 4.20571 123.155 
0.552537 1.61203 92336 1 -0.639062 0.684615 336 0 1315 -0.0685749 -0.00619878 0.0464081 1.23032 4.20162 123.225 
0.56308 0.671792 92416 1 -0.639062 0.684615 337 1 1317 -0.06708 -0.0103491 0.0405848 1.2135 4.25373 123.342 
0.614714 1.13199 92497 1 -0.639062 0.684615 338 1 1319 -0.0661842 -0.0101847 0.0404943 1.20793 4.25181 123.379 
0.228447 2.06872 92576 1 -0.639062 0.684615 339 0 1321 -0.0700796 -0.00881178 0.0381164 1.20101 4.27118 123.287 
0.858792 0.744291 92657 1 -0.639062 0.684615 340 1 1323 -0.0708813 -0.00870971 0.0344102 1.16963 4.29707 123.328 
0.841598 0.436271 92737 1 -0.639062 0.684615 341 1 1325 -0.072876 -0.0114862 0.0293543 1.12988 4.34485 123.334 
0.863224 0.405122 92816 1 -0.639062 0.684615 342 1 1327 -0.0693598 -0.0139562 0.0273275 1.11226 4.3486 123.313 
0.91732 0.394981 92858 1 -0.639062 0.684615 343 1 1328 -0.0688821 -0.0114587 0.0252016 1.15413 4.36945 123.327 
0.96456 0.35538 92937 1 -0.639062 0.684615 344 1 1330 -0.0703645 -0.0190127 0.0269692 1.09797 4.36119 123.348 
0.96726 0.356114 93017 1 -0.639062 0.684615 345 1 1332 -0.0704164 -0.0191097 0.0269595 1.09886 4.3611 123.344 
1.00973 0.192931 93099 1 -0.639062 0.684615 346 1 1334 -0.0705373 -0.0210746 0.0251611 1.09369 4.37631 123.26 
1.03175 0.194156 93177 1 -0.639062 0.684615 347 1 1336 -0.066611 -0.0238246 0.0263291 1.08878 4.35108 123.261 
1.0286 0.188732 93258 1 -0.639062 0.684615 348 1 1338 -0.0659728 -0.0227118 0.0258729 1.10265 4.35447 123.282 
0.993303 0.209543 93297 1 -0.639062 0.684615 349 1 1339 -0.067391 -0.0227885 0.0283049 1.0953 4.32051 123.251 
0.593565 -0.0308009 93378 1 -0.639062 0.684615 350 1 1341 -0.0677328 -0.020266 0.0297312 1.10982 4.30404 123.223 
0.549844 -0.0730768 93458 1 -0.639062 0.684615 351 1 1343 -0.0683575 -0.0187849 0.0282121 1.11681 4.32887 123.252 
0.543577 -0.0642221 93539 1 -0.639062 0.684615 352 1 1345 -0.0689052 -0.0181727 0.0294044 1.12104 4.30383 123.184 
0.549258 -0.0186273 93578 1 -0.639062 0.684615 353 1 1346 -0.0685008 -0.0179649 0.0295779 1.1247 4.30366 123.197 
0.544534 -0.0415127 93658 1 -0.639062 0.684615 354 1 1348 -0.0684826 -0.0164011 0.0292625 1.12494 4.2968 123.119 
0.55062 -0.0178888 93739 1 -0.639062 0.684615 355 1 1350 -0.0699658 -0.0148385 0.0302696 1.12582 4.29708 123.136 
0.567662 -0.0065989 93779 1 -0.639062 0.684615 356 1 1351 -0.0702999 -0.013304 0.0302022 1.13973 4.30066 123.147 
0.523685 -0.0494865 93859 1 -0.639062 0.684615 357 1 1353 -0.068563 -0.00981179 0.0277887 1.19515 4.31016 123.058 
0.525349 -0.0484704 93939 1 -0.639062 0.684615 358 1 1355 -0.0669704 -0.0131344 0.0281938 1.18255 4.32525 123.104 
0.528284 -0.0397344 93978 1 -0.639062 0.684615 359 1 1356 -0.0664888 -0.0129559 0.028297 1.18362 4.3159 123.12 
0.53387 -0.0140722 94059 1 -0.639062 0.684615 360 1 1358 -0.0690696 -0.0144994 0.0275124 1.15709 4.33633 123.12 
0.537282 -0.0382868 94139 1 -0.639062 0.684615 361 1 1360 -0.068555 -0.00776131 0.0273936 1.20616 4.31557 123.015 
0.543981 -0.0321731 94219 1 -0.639062 0.684615 362 1 1362 -0.0677699 -0.00913988 0.0279239 1.20495 4.33192 123.061 
0.543981 -0.0321731 94219 1 -0.639062 0.684615 363 1 1362 -0.0677699 -0.00913988 0.0279239 1.20495 4.33192 123.061 
0.543981 -0.0321731 94219 1 -0.639062 0.684615 364 1 1362 -0.0677699 -0.00913988 0.0279239 1.20495 4.33192 123.061 
0.584024 0.141872 94420 1 -0.639062 0.684615 365 1 1367 -0.0661007 -0.0110163 0.0347551 1.21969 4.29275 123.063 
0.597417 0.188254 94460 1 -0.639062 0.684615 366 1 1368 -0.0660317 -0.00975467 0.035705 1.23773 4.2804 123.121 
0.587503 0.187203 94580 1 -0.639062 0.684615 367 1 1371 -0.0668788 -0.0105697 0.033965 1.23483 4.29985 123.079 
0.574724 0.190838 94621 1 -0.639062 0.684615 368 1 1372 -0.0648336 -0.0168951 0.0321762 1.18391 4.30468 123.157 
0.551648 0.183439 94700 1 -0.639062 0.684615 369 1 1374 -0.0657786 -0.018628 0.0305147 1.16263 4.33109 123.145 
0.54321 0.231867 94780 1 -0.639062 0.684615 370 1 1376 -0.0669792 -0.0113159 0.0317463 1.20102 4.31724 123.249 
0.534456 0.219498 94820 1 -0.639062 0.684615 371 1 1377 -0.0670332 -0.0107212 0.0314568 1.19349 4.32392 123.221 
0.513314 0.22573 94902 1 -0.639062 0.684615 372 1 1379 -0.0680032 -0.0112626 0.032929 1.1758 4.31331 123.158 
0.527477 0.24514 94981 1 -0.639062 0.684615 373 1 1381 -0.0668112 -0.0123555 0.033807 1.18616 4.30785 123.188 
0.502697 0.201821 95021 1 -0.639062 0.684615 374 1 1382 -0.0662871 -0.0123893 0.0338833 1.19914 4.3068 123.24 
0.473557 0.112744 95101 1 -0.639062 0.684615 375 1 1384 -0.0680271 -0.0151716 0.0302659 1.18315 4.33703 123.153 
0.468432 0.163004 95181 1 -0.639062 0.684615 376 1 1386 -0.0657004 -0.0143258 0.0364263 1.18971 4.29019 123.157 
0.454936 0.151945 95221 1 -0.639062 0.684615 377 1 1387 -0.0672909 -0.0156188 0.0371638 1.18106 4.28613 123.109 
0.451961 0.159146 95302 1 -0.639062 0.684615 378 1 1389 -0.0670023 -0.0157612 0.0370317 1.18271 4.28486 123.126 
0.512559 0.15404 95382 1 -0.639062 0.684615 379 1 1391 -0.0645045 -0.015324 0.0336567 1.21193 4.31083 123.292 
0.51259 0.138199 95421 1 -0.639062 0.684615 380 1 1392 -0.0644396 -0.0169276 0.0332198 1.19776 4.31278 123.301 
0.533798 0.144228 95501 1 -0.639062 0.684615 381 1 1394 -0.0649206 -0.0143431 0.0336417 1.21953 4.31274 123.387 
0.523427 0.132404 95582 1 -0.639062 0.684615 382 1 1396 -0.0662244 -0.0151541 0.0315893 1.20632 4.32258 123.401 
0.604876 0.206917 95664 1 -0.639062 0.684615 383 1 1398 -0.0672465 -0.015172 0.0325258 1.22267 4.31406 123.465 
0.61466 0.195032 95743 1 -0.639062 0.684615 384 1 1400 -0.0663799 -0.0167396 0.0309625 1.24025 4.32852 123.526 
0.590389 0.196921 95783 1 -0.639062 0.684615 385 1 1401 -0.0662274 -0.0179518 0.031414 1.24696 4.32431 123.589 
0.585795 0.243727 95862 1 -0.639062 0.684615 386 1 1403 -0.0657356 -0.0164669 0.0333035 1.29438 4.29309 123.733 
0.552284 0.247118 95943 1 -0.639062 0.684615 387 1 1405 -0.0654028 -0.0180621 0.030298 1.28601 4.30437 123.699 
0.563334 0.315648 96025 1 -0.639062 0.684615 388 1 1407 -0.0663196 -0.0123327 0.0294696 1.35118 4.28563 123.637 
0.549922 0.91 96064 1 -0.639062 0.684615 389 1 1408 -0.0646796 -0.0129275 0.0299642 1.35814 4.27348 123.642 
0.546302 0.9815 96144 1 -0.639062 0.684615 390 1 1410 -0.0634848 -0.0149719 0.0292541 1.35613 4.30238 123.719 
0.515612 0.865602 96224 1 -0.639062 0.684615 391 1 1412 -0.0640489 -0.0218445 0.0279793 1.26953 4.30584 123.629 
0.52806 0.8636 96263 1 -0.639062 0.684615 392 1 1413 -0.0650541 -0.0191005 0.0286808 1.28519 4.29888 123.698 
0.525248 0.857397 96343 1 -0.639062 0.684615 393 1 1415 -0.0659858 -0.0143359 0.0303613 1.30807 4.29418 123.676 
0.553179 0.782919 96424 1 -0.639062 0.684615 394 1 1417 -0.0665293 -0.0102528 0.0365609 1.32252 4.23662 123.679 
0.563799 0.744502 96464 1 -0.639062 0.684615 395 1 1418 -0.0670365 -0.00756048 0.0350947 1.3286 4.26873 123.678 
0.532269 0.669317 96543 1 -0.639062 0.684615 396 1 1420 -0.0679239 -0.0079386 0.0322943 1.29033 4.28818 123.52 
0.24681 0.121349 96624 1 -0.639062 0.684615 397 1 1422 -0.0682004 -0.0106823 0.0306852 1.25205 4.3062 123.497 
0.257431 0.0968495 96664 1 -0.639062 0.684615 398 1 1423 -0.0689184 -0.0100619 0.0302462 1.25746 4.31725 123.544 
0.257615 0.09773 96744 1 -0.639062 0.684615 399 1 1425 -0.0690021 -0.0111372 0.0304014 1.25126 4.29547 123.459 
0.192798 0.0309302 96825 1 -0.639062 0.684615 400 1 1427 -0.0680113 -0.013808 0.0298476 1.2444 4.31737 123.514 
0.199495 0.0465538 96905 1 -0.639062 0.684615 401 1 1429 -0.0676699 -0.0143643 0.0289647 1.24793 4.31667 123.483 
0.2099 0.0517016 96985 1 -0.639062 0.684615 402 1 1431 -0.0672964 -0.0106858 0.0310343 1.2925 4.30479 123.503 
0.210383 0.0522076 97026 1 -0.639062 0.684615 403 1 1432 -0.0680805 -0.0108608 0.0308827 1.29408 4.30434 123.473 
0.206561 0.0555779 97105 1 -0.639062 0.683654 404 1 1434 -0.0678551 -0.0111514 0.0305696 1.2966 4.30151 123.485 
0.138039 0.0130137 97185 1 -0.653125 0.674038 405 1 1436 -0.0653584 -0.0112919 0.0300834 1.31816 4.30247 123.532 
0.0917068 0.0309768 97265 1 -0.661979 0.677885 406 1 1438 -0.065261 -0.0103398 0.0314887 1.32186 4.27209 123.458 
0.0993411 0.0115739 97305 1 -0.661979 0.677885 407 1 1439 -0.0656474 -0.00960645 0.0323914 1.31938 4.26835 123.46 
0.0785939 0.0222035 97345 1 -0.661979 0.677885 408 1 1440 -0.0668335 -0.00929488 0.0321349 1.30879 4.27245 123.459 
0.0785939 0.0222035 97345 1 -0.661979 0.677885 409 1 1440 -0.0668335 -0.00929488 0.0321349 1.30879 4.27245 123.459 
0.146756 -0.0319387 97506 1 -0.661979 0.677885 410 1 1444 -0.0669044 -0.0135001 0.0298853 1.26765 4.28421 123.399 
0.163905 -0.121165 97586 1 -0.659375 0.678846 411 1 1446 -0.0667637 -0.0162799 0.026163 1.25116 4.31665 123.331 
0.152656 -0.0718291 97665 1 -0.654167 0.6875 412 1 1448 -0.0676884 -0.0138697 0.0281252 1.26913 4.27764 123.341 
0.149619 -0.0832642 97746 1 -0.642188 0.689423 413 1 1450 -0.0672444 -0.00891054 0.027325 1.33889 4.28642 123.268 
0.125598 -0.138598 97786 1 -0.638542 0.689423 414 1 1451 -0.0669753 -0.0195767 0.0232538 1.26516 4.34317 123.23 
0.143485 -0.104009 97866 1 -0.638542 0.689423 415 1 1453 -0.0633082 -0.015652 0.0265773 1.37031 4.30472 123.33 
0.152242 -0.127423 97947 1 -0.638542 0.689423 416 1 1455 -0.0617252 -0.0152779 0.0286332 1.41623 4.27042 123.387 
0.186502 -0.0665404 97987 1 -0.6375 0.689423 417 1 1456 -0.0607985 -0.011218 0.0310562 1.46346 4.23473 123.419 
0.328408 0.0664143 98081 1 -0.626563 0.689423 418 1 1458 -0.0621411 -0.0102554 0.0308496 1.45576 4.22941 123.394 
0.541234 0.323901 98146 1 -0.604167 0.689423 419 1 1460 -0.0629835 -0.00432647 0.0359291 1.49135 4.16121 123.447 
0.582206 0.349753 98228 1 -0.583854 0.689423 420 1 1462 -0.0621638 -0.0017492 0.0382879 1.49226 4.11541 123.461 
0.586686 0.335679 98267 1 -0.576562 0.689423 421 1 1463 -0.0627886 -0.00136267 0.0343942 1.47187 4.13795 123.508 
0.539085 0.328416 98347 1 -0.576562 0.689423 422 1 1465 -0.0653822 -0.00340078 0.0323666 1.3798 4.14867 123.489 
0.526667 0.245905 98427 1 -0.576562 0.689423 423 1 1467 -0.0671349 -0.00622271 0.0263087 1.29091 4.20958 123.328 
0.529846 0.239194 98467 1 -0.576562 0.689423 424 1 1468 -0.0682348 -0.00640248 0.0252389 1.27951 4.21681 123.275 
0.601078 0.279672 98547 1 -0.576562 0.689423 425 1 1470 -0.0678465 -0.0102792 0.0254291 1.25911 4.22182 123.307 
0.621983 0.272566 98629 1 -0.576562 0.689423 426 1 1472 -0.0662215 -0.00993594 0.0251574 1.29947 4.21921 123.434 
0.638426 0.289284 98668 1 -0.576562 0.689423 427 1 1473 -0.0659994 -0.00977005 0.0262755 1.3182 4.20387 123.479 
0.629368 0.276997 98748 1 -0.576562 0.689423 428 1 1475 -0.0667856 -0.0124056 0.0224869 1.3033 4.24201 123.577 
0.675865 0.328123 98828 1 -0.576562 0.689423 429 1 1477 -0.067565 -0.00682753 0.0213393 1.32075 4.20319 123.444 
0.71424 0.322007 98908 1 -0.576562 0.689423 430 1 1479 -0.0666307 -0.00392209 0.0191642 1.36495 4.21021 123.37 
0.713762 0.337756 98948 1 -0.576562 0.689423 431 1 1480 -0.0659588 -0.00460601 0.0226404 1.36707 4.18902 123.394 
0.66574 0.219067 99028 1 -0.576562 0.689423 432 1 1482 -0.0655179 -0.00529451 0.0205152 1.36873 4.22264 123.524 
0.640474 0.189718 99109 1 -0.576562 0.689423 433 1 1484 -0.0665505 -0.00428861 0.0195744 1.34817 4.23663 123.503 
0.617996 0.179141 99150 1 -0.576562 0.689423 434 1 1485 -0.0670825 -0.00713553 0.0199578 1.29981 4.22638 123.488 
0.626072 0.157008 99228 1 -0.576562 0.689423 435 1 1487 -0.0684471 -0.00254061 0.0181614 1.30012 4.25258 123.497 
0.6171 0.137371 99309 1 -0.576562 0.689423 436 1 1489 -0.0681467 -0.00724904 0.0169571 1.27018 4.25698 123.498 
0.491807 0.0911934 99349 1 -0.576562 0.689423 437 1 1490 -0.0680084 -0.0113265 0.0170474 1.24122 4.25294 123.444 
0.473486 0.0781984 99429 1 -0.576562 0.689423 438 1 1492 -0.0669349 -0.00976199 0.016943 1.24253 4.25209 123.397 
0.480441 0.0764931 99510 1 -0.576562 0.689423 439 1 1494 -0.0690256 -0.00233195 0.0168905 1.28245 4.25544 123.406 
0.509719 0.0899337 99589 1 -0.576562 0.689423 440 1 1496 -0.0685615 -0.0026978 0.0159004 1.30834 4.2755 123.371 
0.516897 0.0832171 99629 1 -0.576562 0.689423 441 1 1497 -0.0674115 -0.00503861 0.0169407 1.30659 4.26796 123.383 
0.501997 0.0717285 99710 1 -0.576562 0.689423 442 1 1499 -0.0665324 -0.00508803 0.0190607 1.31304 4.23696 123.294 
0.536705 -0.00565948 99790 1 -0.576562 0.689423 443 1 1501 -0.067163 0.000750676 0.0188851 1.32525 4.2353 123.239 
0.529802 0.0125177 99830 1 -0.576562 0.689423 444 1 1502 -0.0678881 0.00166906 0.0183333 1.31959 4.24357 123.253 
0.55436 0.0152273 99910 1 -0.576562 0.689423 445 1 1504 -0.0698312 0.00318594 0.0200592 1.30589 4.23327 123.214 
0.64617 0.0913227 99990 1 -0.576562 0.689423 446 1 1506 -0.0691062 0.00367616 0.0192833 1.28784 4.2371 123.185 
0.644441 0.0788936 100030 1 -0.576562 0.689423 447 1 1507 -0.0687376 0.00393022 0.0187489 1.27598 4.23871 123.179 
0.646351 0.063662 100111 1 -0.576562 0.689423 448 1 1509 -0.0702735 0.000645403 0.0202089 1.21888 4.21392 123.159 
0.688605 0.115385 100191 1 -0.576562 0.689423 449 1 1511 -0.0722639 0.00655759 0.0188162 1.23455 4.20851 123.104 
0.68896 0.113501 100271 1 -0.576562 0.689423 450 1 1513 -0.071947 0.0070017 0.01988 1.22932 4.20702 123.154 
0.681796 0.0548471 100310 1 -0.576562 0.689423 451 1 1514 -0.0718074 -0.000596662 0.0181463 1.16597 4.24386 123.155 
0.703864 0.0886405 100391 1 -0.576562 0.689423 452 1 1516 -0.0701189 0.000914909 0.0189506 1.18646 4.24213 123.233 
0.685949 0.0953319 100471 1 -0.576562 0.689423 453 1 1518 -0.0706047 0.00555749 0.0177952 1.19171 4.24806 123.181 
0.685949 0.0953319 100471 1 -0.576562 0.689423 454 1 1518 -0.0706047 0.00555749 0.0177952 1.19171 4.24806 123.181 
0.685949 0.0953319 100471 1 -0.576562 0.689423 455 1 1518 -0.0706047 0.00555749 0.0177952 1.19171 4.24806 123.181 
0.596498 0.0274906 100632 1 -0.576562 0.689423 456 1 1522 -0.0749673 0.00187366 0.0179341 1.14296 4.24253 123.168 
0.58666 0.00354219 100711 1 -0.576562 0.689423 457 1 1524 -0.0713617 0.00701876 0.0199162 1.21169 4.20834 123.146 
0.575551 0.00227779 100792 1 -0.576562 0.689423 458 1 1526 -0.0703915 0.00250727 0.0189825 1.20026 4.2147 123.176 
0.574278 0.0203395 100832 1 -0.576562 0.689423 459 1 1527 -0.0717802 0.00399797 0.0200701 1.22299 4.21109 123.259 
0.553878 -0.0244806 100912 1 -0.576562 0.689423 460 1 1529 -0.0721251 0.0016387 0.0198324 1.18918 4.22669 123.215 
0.571118 -0.013678 100993 1 -0.576562 0.689423 461 1 1531 -0.0710139 0.00102678 0.0197751 1.19398 4.22579 123.264 
0.611832 0.0164357 101072 1 -0.576562 0.689423 462 1 1533 -0.0688557 0.00457335 0.0202096 1.2201 4.21241 123.339 
0.601014 0.0072581 101113 1 -0.576562 0.689423 463 1 1534 -0.0699277 0.00541162 0.0184992 1.20087 4.21895 123.249 
0.58338 0.0046284 101192 1 -0.576562 0.689423 464 1 1536 -0.0731244 0.00730335 0.0202576 1.17572 4.1786 123.276 
0.539553 -0.0432221 101273 1 -0.576562 0.689423 465 1 1538 -0.0741516 0.00200135 0.0161966 1.10983 4.22144 123.203 
0.566311 -0.0238654 101353 1 -0.576562 0.689423 466 1 1540 -0.0744879 -6.06196e-005 0.0182965 1.117 4.21566 123.263 
0.622153 0.0136332 101394 1 -0.565104 0.695192 467 1 1541 -0.072868 -0.00167009 0.0186155 1.12921 4.21587 123.313 
0.663107 0.0311893 101473 1 -0.565104 0.691346 468 1 1543 -0.0709211 -0.00100088 0.0189691 1.16107 4.2244 123.365 
1.01166 0.143277 101553 1 -0.568229 0.691346 469 1 1545 -0.0724803 -0.00301832 0.0188001 1.14126 4.24071 123.375 
1.05155 0.12471 101594 1 -0.568229 0.691346 470 1 1546 -0.0728913 -0.00240585 0.0191868 1.14678 4.23771 123.371 
1.07431 0.138398 101674 1 -0.568229 0.691346 471 1 1548 -0.0706422 -0.00549481 0.0203271 1.13912 4.23687 123.412 
1.0862 0.174928 101754 1 -0.568229 0.691346 472 1 1550 -0.068239 -0.00862044 0.0220813 1.13903 4.21605 123.457 
1.08624 0.156765 101793 1 -0.568229 0.691346 473 1 1551 -0.0680628 -0.00701265 0.0217711 1.15705 4.2178 123.436 
1.07464 0.161182 101874 1 -0.568229 0.691346 474 1 1553 -0.0682827 -0.0103951 0.0219358 1.14481 4.21462 123.406 
1.06155 0.16835 101914 1 -0.568229 0.691346 475 1 1554 -0.0678315 -0.00946286 0.0214151 1.16385 4.21754 123.476 
0.711649 -0.00619297 101994 1 -0.568229 0.691346 476 1 1556 -0.0670454 -0.00562378 0.021472 1.21715 4.2252 123.442 
0.517389 -0.0816423 102077 1 -0.568229 0.691346 477 1 1558 -0.066889 -0.0091442 0.0214363 1.2064 4.24061 123.594 
0.0108148 -0.00455913 102154 1 -0.568229 0.691346 478 1 1560 -0.0642393 -0.00880762 0.0216432 1.24213 4.25942 123.799 
0.0203275 -0.424704 102234 1 -0.568229 0.691346 479 0 1562 -0.0652301 -0.00854767 0.0229265 1.23975 4.26018 123.804 
-0.026593 -0.41416 102315 1 -0.568229 0.691346 480 0 1564 -0.0667472 -0.00607433 0.0282054 1.25841 4.2194 123.788 
-0.0518103 -0.385135 102355 1 -0.568229 0.691346 481 0 1565 -0.0670744 -0.00744359 0.0269971 1.25246 4.23399 123.698 
0.372556 -0.0664237 102438 1 -0.568229 0.691346 482 1 1567 -0.0654873 -0.0105919 0.0317221 1.2618 4.18874 123.672 
0.412715 -0.0311432 102516 1 -0.568229 0.691346 483 1 1569 -0.0629473 -0.0116583 0.0349834 1.30547 4.17279 123.719 
0.42292 0.0151781 102555 1 -0.568229 0.691346 484 1 1570 -0.0636603 -0.00962468 0.0381356 1.35058 4.13871 123.787 
0.245167 -0.131795 102636 1 -0.568229 0.691346 485 1 1572 -0.0632679 -0.00673541 0.0349522 1.40599 4.14683 123.818 
0.233832 -0.192603 102715 1 -0.568229 0.691346 486 1 1574 -0.0632802 -0.00543553 0.029707 1.42502 4.19343 123.786 
0.208905 -0.226997 102796 1 -0.568229 0.691346 487 0 1576 -0.062419 -0.00905293 0.0250645 1.41857 4.22817 123.726 
0.0612439 -0.311579 102836 1 -0.568229 0.691346 488 0 1577 -0.0608742 -0.0106476 0.0246941 1.42559 4.22652 123.682 
0.00328229 -0.361214 102915 1 -0.568229 0.691346 489 0 1579 -0.0589539 -0.0137928 0.0215874 1.4362 4.24822 123.637 
-0.0292801 -0.38152 102996 1 -0.568229 0.691346 490 0 1581 -0.0588171 -0.0145184 0.0190593 1.47294 4.26295 123.555 
-0.00496393 -0.344769 103076 1 -0.568229 0.691346 491 0 1583 -0.0579634 -0.0127841 0.0160835 1.56267 4.28409 123.426 
0.0394575 -0.234226 103156 1 -0.568229 0.691346 492 0 1585 -0.0569667 -0.0231319 0.0178432 1.54531 4.28821 123.428 
0.0394575 -0.234226 103156 1 -0.568229 0.691346 493 0 1585 -0.0569667 -0.0231319 0.0178432 1.54531 4.28821 123.428 
0.147405 -0.124007 103276 1 -0.568229 0.691346 494 1 1588 -0.0502474 -0.0183264 0.025735 1.73331 4.2181 123.585 
0.155263 -0.0917893 103316 1 -0.568229 0.691346 495 1 1589 -0.0499547 -0.0171813 0.0263372 1.76436 4.20526 123.628 
0.111323 -0.134493 103396 1 -0.568229 0.691346 496 1 1591 -0.0508704 -0.0230264 0.0249648 1.69369 4.22636 123.647 
0.138095 -0.0981458 103477 1 -0.568229 0.691346 497 1 1593 -0.0527001 -0.0182897 0.0281889 1.69788 4.19066 123.675 
0.121916 -0.128169 103517 1 -0.568229 0.691346 498 1 1594 -0.0541434 -0.0197502 0.0256299 1.6666 4.21749 123.696 
0.144143 -0.111011 103597 1 -0.568229 0.691346 499 1 1596 -0.0542218 -0.0205692 0.0245693 1.64655 4.21607 123.678 
0.167677 -0.157491 103677 1 -0.568229 0.691346 500 1 1598 -0.0545019 -0.0239586 0.0200169 1.60816 4.25496 123.686 
0.158078 -0.188472 103757 1 -0.568229 0.691346 501 1 1600 -0.0554859 -0.0226362 0.0195025 1.60603 4.25963 123.658 
0.157566 -0.241048 103797 1 -0.568229 0.691346 502 0 1601 -0.056746 -0.0231291 0.0176188 1.6003 4.27643 123.588 
0.154802 -0.205244 103919 1 -0.568229 0.691346 503 0 1604 -0.053118 -0.0264338 0.0177912 1.62004 4.2659 123.586 
0.141357 -0.197152 103958 1 -0.568229 0.691346 504 1 1605 -0.0510977 -0.0267068 0.0184026 1.63954 4.25728 123.606 
0.142121 -0.375528 104038 1 -0.568229 0.691346 505 0 1607 -0.0529659 -0.0301468 0.014718 1.61041 4.28585 123.689 
0.132317 -0.378747 104118 1 -0.568229 0.691346 506 0 1609 -0.056023 -0.0277882 0.0171971 1.56064 4.234 123.706 
0.13768 -0.362545 104158 1 -0.568229 0.691346 507 0 1610 -0.0580791 -0.0213053 0.0208486 1.57852 4.17917 123.733 
0.224228 -0.0322852 104279 1 -0.568229 0.691346 508 1 1613 -0.0616072 -0.0113096 0.0258681 1.55161 4.0723 123.786 
0.229654 0.124206 104319 1 -0.568229 0.691346 509 1 1614 -0.0618593 -0.00797264 0.0254831 1.55699 4.07161 123.9 
0.238637 0.0978467 104398 1 -0.568229 0.691346 510 1 1616 -0.0631979 -0.00775708 0.0228786 1.50121 4.07906 123.857 
0.223901 0.0695553 104438 1 -0.568229 0.691346 511 1 1617 -0.0636347 -0.00751677 0.020034 1.46914 4.10251 123.813 
0.198253 -0.00593643 104519 1 -0.568229 0.691346 512 1 1619 -0.0667247 -0.00834596 0.0180896 1.41338 4.1248 123.728 
0.209922 0.0143251 104599 1 -0.568229 0.691346 513 1 1621 -0.0670444 -0.00610067 0.0221304 1.43238 4.10097 123.695 
0.10554 0.0223288 104682 1 -0.568229 0.691346 514 1 1623 -0.0650188 -0.00938432 0.0248219 1.41659 4.10063 123.749 
0.0506367 -0.0213978 104760 1 -0.568229 0.691346 515 1 1625 -0.063939 -0.00913503 0.0265254 1.40629 4.10863 123.903 
0.0506367 -0.0213978 104760 1 -0.568229 0.691346 516 1 1625 -0.063939 -0.00913503 0.0265254 1.40629 4.10863 123.903 
0.0342024 -0.093525 104880 1 -0.568229 0.691346 517 1 1628 -0.0658386 -0.00705055 0.0235392 1.37402 4.163 123.945 
-0.0251877 1.22946 104960 1 -0.568229 0.691346 518 0 1630 -0.0664739 -0.00651069 0.0231745 1.37553 4.14932 123.888 
0.260869 1.2976 105000 1 -0.568229 0.691346 519 0 1631 -0.0688538 -0.0123583 0.0157225 1.33989 4.19266 123.59 
0.25563 0.646641 105080 1 -0.568229 0.691346 520 1 1633 -0.0674273 -0.0119331 0.0203734 1.40219 4.14516 123.899 
0.25563 0.646641 105080 1 -0.568229 0.691346 521 1 1633 -0.0674273 -0.0119331 0.0203734 1.40219 4.14516 123.899 
0.304323 0.528596 105120 1 -0.568229 0.691346 522 1 1634 -0.0664504 -0.0100812 0.0226085 1.43282 4.1211 123.876 
0.366145 0.328195 105280 1 -0.568229 0.691346 523 1 1638 -0.0660982 -0.00907136 0.0234371 1.4453 4.10469 123.905 
0.38325 0.331709 105320 1 -0.568229 0.691346 524 1 1639 -0.0656005 -0.00747488 0.0228973 1.45569 4.10824 123.992 
0.399228 0.328533 105401 1 -0.568229 0.691346 525 1 1641 -0.0650992 -0.00855012 0.0243162 1.44417 4.09536 124.02 
0.556852 0.338372 105481 1 -0.568229 0.691346 526 1 1643 -0.0655108 -0.0107634 0.0188735 1.38889 4.13272 123.972 
0.530603 0.326775 105520 1 -0.568229 0.691346 527 1 1644 -0.0672911 -0.0102225 0.0171576 1.36571 4.13456 123.867 
0.530562 0.317026 105602 1 -0.568229 0.691346 528 1 1646 -0.0687029 -0.00689596 0.0183857 1.33485 4.1205 123.85 
0.56947 0.615558 105681 1 -0.568229 0.691346 529 1 1648 -0.0711259 -0.00462336 0.0157968 1.29443 4.16039 123.849 
0.597348 0.774294 105721 1 -0.568229 0.691346 530 1 1649 -0.0723092 -0.00237027 0.0180286 1.29916 4.13856 123.871 
0.615084 0.812606 105802 1 -0.568229 0.691346 531 1 1651 -0.0715505 -0.00437918 0.0201293 1.29314 4.12824 123.882 
0.616413 0.869727 105882 1 -0.568229 0.691346 532 1 1653 -0.0695506 -0.00514525 0.022913 1.28004 4.11074 123.859 
0.592354 0.931461 105961 1 -0.568229 0.691346 533 1 1655 -0.0712452 0.00327833 0.0270121 1.30102 4.08069 123.778 
0.590755 0.976949 106002 1 -0.568229 0.691346 534 1 1656 -0.0724035 0.00130382 0.0249296 1.25368 4.10934 123.743 
0.562479 0.978501 106082 1 -0.568229 0.691346 535 1 1658 -0.0728525 -0.00551993 0.0211591 1.18282 4.15404 123.698 
0.544244 0.912118 106165 1 -0.568229 0.691346 536 1 1660 -0.0717706 -0.00943282 0.0189957 1.15477 4.18049 123.718 
0.552478 0.963715 106242 1 -0.568229 0.691346 537 1 1662 -0.0729728 -0.00926577 0.0198676 1.13498 4.16061 123.71 
0.51665 0.818209 106282 1 -0.568229 0.691346 538 1 1663 -0.0729506 -0.00863282 0.0188472 1.13188 4.17089 123.647 
0.553845 0.548043 106362 1 -0.568229 0.691346 539 1 1665 -0.0722542 -0.00219163 0.0198338 1.18107 4.14702 123.673 
0.551745 0.542697 106402 1 -0.568229 0.691346 540 1 1666 -0.072777 -0.00317733 0.0193933 1.18092 4.13984 123.713 
0.549234 0.523109 106482 1 -0.557292 0.673077 541 1 1668 -0.0718312 -0.00451019 0.0173044 1.1818 4.15176 123.678 
0.559367 0.546325 106563 1 -0.522917 0.610577 542 1 1670 -0.070415 -0.0048514 0.0208525 1.1918 4.13079 123.686 
0.572735 0.486407 106642 1 -0.450521 0.496154 543 1 1672 -0.069995 -0.0035508 0.0205845 1.213 4.11849 123.752 
0.541668 0.260056 106723 1 -0.372917 0.420192 544 1 1674 -0.0710488 -0.00193944 0.0167498 1.22827 4.1445 123.659 
0.548435 0.26209 106763 1 -0.364583 0.424038 545 1 1675 -0.0709402 -0.00233966 0.0163119 1.23171 4.1405 123.654 
0.580412 0.264491 106883 1 -0.360938 0.456731 546 1 1678 -0.0675582 -0.00136392 0.0164366 1.28962 4.14699 123.831 
0.608953 0.244485 106924 1 -0.357292 0.510577 547 1 1679 -0.066279 0.000244343 0.0136425 1.31567 4.14309 123.76 
0.620012 0.0812464 107004 1 -0.357292 0.554808 548 1 1681 -0.0674602 -0.0106323 0.00351722 1.23653 4.22601 123.592 
0.607182 0.0780295 107084 1 -0.361458 0.589423 549 1 1683 -0.0679536 -0.0124205 0.00407868 1.21586 4.22114 123.55 
0.599003 0.0656868 107124 1 -0.365104 0.599038 550 1 1684 -0.0681565 -0.0124318 0.0043054 1.20882 4.22348 123.535 
0.600242 0.153396 107204 1 -0.365625 0.606731 551 1 1686 -0.0674881 -0.00634647 0.00697041 1.22202 4.18406 123.476 
0.662504 0.220902 107285 1 -0.368229 0.607692 552 1 1688 -0.0703981 0.00165352 0.00902864 1.22777 4.14685 123.35 
0.734093 0.246271 107324 1 -0.368229 0.607692 553 1 1689 -0.0715729 0.00191263 0.00695638 1.2006 4.18297 123.436 
0.718826 0.273952 107404 1 -0.36875 0.607692 554 1 1691 -0.0730635 0.00856787 0.00842077 1.22713 4.15897 123.317 
0.732699 0.221359 107485 1 -0.36875 0.607692 555 1 1693 -0.0725992 0.00666407 0.00405926 1.2305 4.19124 123.191 
0.736649 0.247271 107526 1 -0.36875 0.606731 556 1 1694 -0.0714014 0.00642788 0.00364354 1.23238 4.18712 123.241 
0.433816 0.0443858 107605 1 -0.369792 0.605769 557 1 1696 -0.0721187 0.013176 0.00792305 1.25753 4.13622 123.155 
0.381171 0.0401552 107686 1 -0.370312 0.605769 558 1 1698 -0.0766371 0.0142524 0.00809638 1.21101 4.13033 123.071 
0.397727 0.0480055 107726 1 -0.370312 0.605769 559 1 1699 -0.0777181 0.0141834 0.00599868 1.19303 4.14315 123.085 
0.376242 -0.00770889 107805 1 -0.370312 0.605769 560 1 1701 -0.0769693 0.00670576 0.00408586 1.13422 4.16601 123.194 
0.213863 -0.0923489 107885 1 -0.370312 0.605769 561 1 1703 -0.0752745 0.00436276 0.00302987 1.11106 4.16778 123.23 
0.175244 -0.110144 107965 1 -0.370312 0.605769 562 1 1705 -0.0763342 0.003667 0.00451511 1.10678 4.16975 123.21 
0.185454 -0.110005 108006 1 -0.370312 0.604808 563 1 1706 -0.0767707 0.00523636 0.00735675 1.13474 4.15483 123.231 
0.171297 -0.113887 108086 1 -0.370312 0.604808 564 1 1708 -0.0761179 0.00802443 0.0101728 1.2085 4.15959 123.359 
0.164902 -0.124764 108165 1 -0.370312 0.604808 565 1 1710 -0.0735706 0.00536544 0.00549426 1.26695 4.21619 123.289 
0.177728 -0.1414 108205 1 -0.370312 0.604808 566 1 1711 -0.0715675 0.0017209 0.00616548 1.28302 4.21683 123.282 
0.195439 -0.157349 108326 1 -0.372396 0.604808 567 1 1714 -0.0656868 -0.00260312 0.00855475 1.36812 4.19734 123.494 
0.17695 -0.157305 108367 1 -0.373958 0.605769 568 1 1715 -0.0667935 -0.00845557 0.00994212 1.32796 4.17873 123.566 
0.187417 -0.158109 108446 1 -0.374479 0.605769 569 1 1717 -0.0676098 -0.00536627 0.00985702 1.34937 4.17002 123.725 
0.197789 -0.166056 108526 1 -0.376042 0.607692 570 1 1719 -0.0676771 -0.00558039 0.00617169 1.3125 4.19619 123.664 
0.197789 -0.166056 108526 1 -0.377083 0.608654 571 1 1719 -0.0676771 -0.00558039 0.00617169 1.3125 4.19619 123.664 
0.197789 -0.166056 108526 1 -0.378125 0.609615 572 1 1719 -0.0676771 -0.00558039 0.00617169 1.3125 4.19619 123.664 
0.228255 -0.152983 108727 1 -0.378125 0.609615 573 1 1724 -0.0681663 -0.0057044 0.00850682 1.27441 4.19012 124.008 
0.293997 -0.151159 108807 1 -0.378125 0.609615 574 1 1726 -0.0677662 -0.00322174 0.00748385 1.28647 4.20074 124.062 
0.464475 0.0373408 108887 1 -0.378125 0.609615 575 1 1728 -0.0680488 -0.00911505 0.00353156 1.25626 4.23038 124.069 
0.51118 0.0750499 108927 1 -0.378125 0.609615 576 1 1729 -0.0677237 -0.0123594 0.00338529 1.2463 4.22701 124.016 
0.504891 0.095679 109007 1 -0.378125 0.609615 577 1 1731 -0.066924 -0.0145734 0.00302377 1.2673 4.21947 123.915 
0.0289593 1.65452 109088 1 -0.378125 0.609615 578 0 1733 -0.0669081 -0.0158188 0.00282076 1.27557 4.21676 123.929 
0.475995 1.20941 109168 1 -0.378125 0.609615 579 0 1735 -0.0676087 -0.0183445 -0.00306902 1.28627 4.27952 123.738 
0.435306 0.97726 109208 1 -0.378125 0.609615 580 1 1736 -0.067303 -0.0171093 -0.000206655 1.31279 4.25237 123.821 
0.544592 0.476524 109287 1 -0.378125 0.609615 581 1 1738 -0.0658744 -0.0141411 1.36516e-005 1.36448 4.25352 123.824 
0.560486 0.197909 109368 1 -0.378125 0.609615 582 1 1740 -0.0661768 -0.0158086 -0.00350324 1.35356 4.28676 123.676 
0.574788 0.0543617 109448 1 -0.378125 0.609615 583 1 1742 -0.0661603 -0.0160958 0.000809484 1.3336 4.24979 123.631 
0.858343 0.206868 109531 1 -0.378125 0.609615 584 1 1744 -0.0656121 -0.0172697 0.0104244 1.31654 4.17191 123.646 
1.02577 0.228085 109609 1 -0.378125 0.609615 585 1 1746 -0.0609082 -0.0193358 0.0139864 1.30135 4.13121 123.222 
1.01332 0.231426 109648 1 -0.378125 0.609615 586 1 1747 -0.0599604 -0.0270957 0.0198788 1.23747 4.05354 122.841 
1.00064 0.305972 109728 1 -0.378125 0.609615 587 1 1749 -0.0578531 -0.0318829 0.0218459 1.2 4.00205 122.584 
1.04717 0.365856 109809 1 -0.378125 0.609615 588 1 1751 -0.0606824 -0.0219553 0.0237991 1.31594 3.9799 122.722 
0.510224 0.169377 109849 1 -0.378125 0.609615 589 1 1752 -0.0617586 -0.020269 0.0260171 1.33661 3.96107 122.842 
0.277224 -0.0446847 109931 1 -0.378125 0.609615 590 1 1754 -0.0619893 -0.0215937 0.0173517 1.31161 4.04807 122.58 
0.248382 -0.0945745 110009 1 -0.378125 0.609615 591 1 1756 -0.0615691 -0.0275541 0.00687745 1.27804 4.12735 122.69 
0.189434 -0.0984418 110089 1 -0.378125 0.609615 592 1 1758 -0.0625797 -0.0138189 0.00473037 1.44794 4.14607 123.7 
0.165447 -0.130285 110129 1 -0.378125 0.609615 593 1 1759 -0.0614087 -0.0152904 0.00513728 1.42446 4.14019 123.756 
0.113625 -0.184863 110210 1 -0.378125 0.609615 594 1 1761 -0.0624785 -0.0152157 -0.0021368 1.35981 4.20613 123.565 
0.110491 -0.153062 110293 1 -0.378125 0.609615 595 1 1763 -0.0628703 -0.0132586 -0.000576483 1.36132 4.16929 123.671 
0.124026 -0.170143 110333 1 -0.378125 0.609615 596 1 1764 -0.06281 -0.0130947 -0.00154293 1.36913 4.1567 123.583 
0.161045 -0.144915 110410 1 -0.378125 0.609615 597 1 1766 -0.0628748 -0.00924944 -0.00380059 1.39891 4.13905 123.506 
0.197727 -0.146479 110491 1 -0.378125 0.609615 598 1 1768 -0.0665843 -0.00418774 -0.00392854 1.4315 4.13524 123.551 
0.185893 -0.107713 110530 1 -0.378125 0.609615 599 1 1769 -0.0670366 -0.00537107 -0.000762277 1.41183 4.1168 123.63 
0.177949 -0.121971 110610 1 -0.378125 0.609615 600 1 1771 -0.0676489 -0.00502821 -0.000848066 1.40898 4.11596 123.649 
0.137416 -0.171514 110691 1 -0.378125 0.609615 601 1 1773 -0.0662888 -0.00708156 -0.00235841 1.42319 4.13164 123.603 
0.0663018 -0.218408 110771 1 -0.378125 0.609615 602 0 1775 -0.0651474 -0.0122097 -0.00342127 1.41376 4.15513 123.641 
-0.0410495 0.314743 110810 1 -0.378125 0.609615 603 1 1776 -0.0630429 -0.0109239 -0.00235392 1.46218 4.15152 123.764 
-0.154003 1.31637 110892 1 -0.376563 0.609615 604 0 1778 -0.0619978 -0.00577991 0.00303843 1.54738 4.10544 123.819 
0.110598 0.41717 110971 1 -0.326562 0.609615 605 1 1780 -0.0614802 -0.00573331 0.00294931 1.58235 4.10836 123.962 
0.0910185 0.342272 111013 1 -0.219271 0.622115 606 1 1781 -0.0604693 -0.00900951 0.00304342 1.56778 4.10116 123.918 
0.134613 0.209496 111091 1 -0.090625 0.670192 607 1 1783 -0.060242 -0.011459 0.00133588 1.55429 4.11189 123.919 
0.156754 0.0905018 111171 1 0.0692708 0.778846 608 1 1785 -0.0605847 -0.0115087 -0.00342374 1.5358 4.13357 123.769 
0.142766 0.0839844 111211 1 0.250521 0.813462 609 1 1786 -0.0604354 -0.0113472 -0.00150882 1.5253 4.1251 123.827 
0.151937 0.112327 111292 1 0.571875 0.672115 610 1 1788 -0.0615413 -0.0105643 0.00173513 1.52836 4.1193 123.792 
0.152883 0.110802 111372 1 0.901042 0.299038 611 1 1790 -0.0615352 -0.010586 0.00177002 1.52858 4.11962 123.788 
0.159191 0.104734 111452 1 0.999479 0 612 1 1792 -0.0613445 -0.010777 0.00174384 1.53034 4.11936 123.783 
0.243477 0.0999577 111533 1 0.999479 0 613 1 1794 -0.0594299 -0.0119161 0.00279057 1.52581 4.11633 123.78 
0.251984 0.0893132 111572 1 0.999479 0 614 1 1795 -0.0605587 -0.00977728 0.00636393 1.54126 4.09286 123.718 
0.273037 0.100534 111652 1 0.999479 0 615 1 1797 -0.0611433 -0.0126814 0.00797255 1.53425 4.09196 123.676 
0.273037 0.100534 111652 1 0.999479 0.00576923 616 1 1797 -0.0611433 -0.0126814 0.00797255 1.53425 4.09196 123.676 
0.213035 0.0369064 111813 1 0.999479 0.0182692 617 1 1801 -0.0569622 -0.0199255 0.0045384 1.50364 4.10914 123.762 
0.463499 0.238796 111893 1 0.992708 0.0413462 618 1 1803 -0.0591959 -0.0186437 0.00508787 1.49284 4.09358 123.731 
0.537705 0.246505 111933 1 0.911979 0.104808 619 1 1804 -0.05932 -0.014985 0.00528736 1.51482 4.08998 123.798 
0.524568 0.214572 112013 1 0.8125 0.140385 620 1 1806 -0.0611695 -0.0128765 0.00413453 1.51097 4.09894 123.829 
0.519332 0.238365 112093 1 0.741146 0.132692 621 1 1808 -0.0610969 -0.0130023 0.00361174 1.50889 4.09729 123.848 
0.55361 0.251613 112136 1 0.675 0.0942308 622 1 1809 -0.0622708 -0.0143195 0.00319628 1.49987 4.1071 123.861 
0.587494 0.278175 112214 1 0.627083 0.0855769 623 1 1811 -0.0613966 -0.0134192 0.00504786 1.51311 4.08407 123.947 
0.592135 0.282539 112293 1 0.583854 0.0855769 624 1 1813 -0.0635506 -0.0104516 0.00689402 1.54642 4.06544 123.991 
0.600926 0.126884 112333 1 0.567708 0.0875 625 1 1814 -0.0658451 -0.00931055 0.005759 1.57137 4.07634 124.273 
0.733806 0.280989 112454 1 0.54375 0.0769231 626 1 1817 -0.0643254 0.00301643 0.0125329 1.79076 4.01758 125.316 
0.751167 0.321093 112494 1 0.51875 0.0394231 627 1 1818 -0.063063 0.00571729 0.0166315 1.83448 3.97502 125.458 
0.730213 0.357996 112574 1 0.514062 0.0163462 628 1 1820 -0.0653168 0.00523305 0.0233351 1.83958 3.93687 125.404 
0.570106 0.0689177 112654 1 0.511979 0.00288462 629 1 1822 -0.0641212 0.00022736 0.0122958 1.78439 4.124 125.574 
0.550212 0.142931 112734 1 0.510417 0 630 1 1824 -0.0648067 -0.00134414 0.0127122 1.80393 4.08522 125.73 
0.570322 0.102231 112774 1 0.510417 0 631 1 1825 -0.0649638 0.00172833 0.0152342 1.85743 4.01915 125.821 
0.607421 0.0451446 112855 1 0.510417 0.00288462 632 1 1827 -0.0635697 0.000575565 -0.000344156 1.86881 4.10002 125.766 
0.598169 0.0106009 112935 1 0.510938 0.00576923 633 1 1829 -0.061672 -0.00159358 4.97697e-005 1.86027 4.10735 125.718 
0.597436 0.0857033 113014 1 0.510938 0.0144231 634 1 1831 -0.0622998 0.00158087 0.00952464 1.88645 4.05318 125.718 
0.638357 0.193355 113095 1 0.509375 0.0326923 635 1 1833 -0.0620875 0.00472064 0.0118533 1.90919 4.05252 125.621 
0.629957 0.239606 113135 1 0.507813 0.0471154 636 1 1834 -0.0614601 0.00250204 0.0137559 1.88812 4.04506 125.535 
0.617154 0.203745 113215 1 0.504687 0.0576923 637 1 1836 -0.0605764 0.000532533 0.0132005 1.86545 4.05545 125.453 
0.612767 0.215127 113339 1 0.504687 0.0576923 638 1 1839 -0.0634593 0.00506659 0.0156394 1.86796 4.04308 125.454 
0.58148 0.214289 113416 1 0.465104 0.0586538 639 1 1841 -0.0641691 0.00558896 0.0151873 1.82781 4.0414 125.314 
0.570299 0.184119 113496 1 0.363542 0.0605769 640 1 1843 -0.0652321 0.00405307 0.0151234 1.81508 4.05941 125.36 
0.586966 0.281273 113577 1 0.253646 0.0528846 641 1 1845 -0.0635167 0.00407056 0.0210549 1.82208 4.006 125.339 
0.34369 0.492123 113656 1 0.209375 0.0288462 642 1 1847 -0.0636473 0.00506485 0.0268486 1.84453 3.97721 125.38 
0.21151 0.678941 113736 1 0.19375 0.00480769 643 1 1849 -0.0630577 0.00480928 0.0298921 1.86459 3.97817 125.487 
0.281217 0.5486 113816 1 0.154167 0.00384615 644 1 1851 -0.0597247 0.00594768 0.0289115 1.91145 4.00336 125.585 
0.488841 0.69638 113896 1 0.125521 0.00480769 645 1 1853 -0.0605218 0.00217284 0.0244769 1.88643 4.02315 125.589 
0.504437 0.686673 113937 1 0.123438 0.00480769 646 1 1854 -0.0607703 0.00284139 0.0210289 1.87361 4.04527 125.522 
0.534588 0.698817 114018 1 0.123438 0.00576923 647 1 1856 -0.0622718 0.00983667 0.0246055 1.90456 4.01308 125.679 
0.506955 0.676452 114097 1 0.127604 0.0173077 648 1 1858 -0.0632834 0.0103898 0.0247125 1.8758 4.01248 125.495 
0.040398 0.577345 114179 1 0.127604 0.0173077 649 1 1860 -0.0635296 0.0110599 0.0272309 1.886 3.99514 125.462 
0.0202834 0.541707 114258 1 0.126562 0.0173077 650 1 1862 -0.0632244 0.0115177 0.0295994 1.87748 3.98386 125.528 
-0.00337571 0.539136 114297 1 0.123958 0.0173077 651 1 1863 -0.0645514 0.0103562 0.0288402 1.85126 3.99238 125.471 
-0.0634725 0.465177 114378 1 0.122917 0.0173077 652 1 1865 -0.0648442 0.00636677 0.0246774 1.78427 4.02893 125.386 
-0.0570589 0.404897 114459 1 0.122917 0.0173077 653 1 1867 -0.063794 0.00634158 0.023006 1.79258 4.03668 125.432 
0.447622 0.420583 114579 1 0.132813 0.0423077 654 1 1870 -0.0628073 0.00344935 0.0164484 1.76655 4.09194 125.312 
0.654975 0.401957 114658 1 0.151562 0.219231 655 1 1872 -0.062328 0.00725491 0.0137202 1.78619 4.13504 125.215 
0.641485 0.404339 114738 1 0.152604 0.333654 656 1 1874 -0.0623668 0.00754065 0.0138942 1.78268 4.13585 125.311 
0.636983 0.407834 114778 1 0.160938 0.346154 657 1 1875 -0.062384 0.00761094 0.0139914 1.78188 4.13658 125.315 
0.636983 0.407834 114778 1 0.168229 0.341346 658 1 1875 -0.062384 0.00761094 0.0139914 1.78188 4.13658 125.315 
0.230337 0.194321 114979 1 0.167187 0.323077 659 1 1880 -0.0617952 0.00387049 0.0218418 1.80688 4.04371 125.404 
0.231105 0.208349 115019 1 0.167187 0.310577 660 1 1881 -0.0611951 0.00517406 0.0225362 1.829 4.03056 125.396 
0.192417 0.0522785 115099 1 0.166667 0.303846 661 1 1883 -0.0615727 0.00469239 0.0218968 1.84229 4.04164 125.463 
0.0810187 -0.181236 115179 1 0.166146 0.302885 662 1 1885 -0.0599029 -0.000807929 0.020608 1.83257 4.05351 125.501 
0.0498816 -0.113246 115259 1 0.165104 0.300962 663 1 1887 -0.0578511 -0.000413435 0.0220781 1.87852 4.02541 125.453 
0.0657223 -0.148552 115340 1 0.165104 0.300962 664 1 1889 -0.0577418 -0.000903827 0.0194336 1.87435 4.04525 125.446 
0.0586453 -0.153379 115419 1 0.165104 0.300962 665 1 1891 -0.0587452 0.00299365 0.0203588 1.88979 4.02742 125.437 
0.0334173 -0.170651 115500 1 0.165104 0.296154 666 1 1893 -0.0591012 0.00410187 0.0205136 1.88367 4.02563 125.373 
0.00761633 0.0938381 115580 1 0.163542 0.288462 667 1 1895 -0.0583858 0.00164928 0.0177769 1.87578 4.05779 125.431 
-0.10084 0.638082 115619 1 0.163542 0.282692 668 1 1896 -0.0587331 0.000697887 0.0190981 1.87957 4.04787 125.486 
