ImageFile:
0.625712 0.711367 67193 1 0.226042 0.128846 1 1 1031 -0.00654897 0.0146181 0.102493 2.74626 -5.54519 109.234 
0.602023 0.735554 67260 1 0.529687 0.121154 2 1 1033 -0.00695398 0.013428 0.103122 2.73738 -5.55949 109.284 
0.625781 0.695843 67360 1 0.6625 0.126923 3 1 1036 -0.00564567 0.0137842 0.101694 2.74639 -5.54267 109.359 
0.618808 0.72647 67426 1 0.678125 0.126923 4 1 1038 -0.00605834 0.0135881 0.103601 2.74644 -5.56881 109.291 
0.603888 0.741598 67493 1 0.685417 0.125962 5 1 1040 -0.00644669 0.0118071 0.102782 2.72678 -5.56113 109.329 
0.601727 0.698188 67527 1 0.763021 0.125 6 1 1041 -0.00503351 0.0129687 0.102182 2.74549 -5.54984 109.382 
0.601727 0.698188 67527 1 0.782813 0.122115 7 1 1041 -0.00503351 0.0129687 0.102182 2.74549 -5.54984 109.382 
0.13206 0.75942 67660 1 0.782813 0.122115 8 1 1045 -0.00662504 0.0154708 0.101625 2.7568 -5.54564 109.334 
0.157559 0.740019 67759 1 0.784896 0.122115 9 1 1048 -0.00739746 0.0143696 0.101673 2.73778 -5.54061 109.237 
0.16231 0.715741 67826 1 0.827083 0.145192 10 1 1050 -0.00718111 0.0152591 0.102592 2.74812 -5.54433 109.296 
0.121909 0.632303 67895 1 0.897396 0.156731 11 1 1052 -0.0068011 0.0145329 0.10077 2.7435 -5.52312 109.28 
0.0850642 0.564505 67961 1 0.894792 0.149038 12 1 1054 -0.00679487 0.014737 0.102289 2.7578 -5.53594 109.223 
-0.19959 2.13648 68060 1 0.89375 0.146154 13 0 1057 -0.00887041 0.0142466 0.099471 2.73791 -5.48825 110.111 
0.601463 2.1335 68093 1 0.879167 0.140385 14 0 1058 -0.00594367 0.0164761 0.110509 2.75969 -5.62752 108.918 
0.658205 0.919125 68193 1 0.865104 0.132692 15 1 1061 -0.00630926 0.0143132 0.103404 2.7432 -5.53806 109.321 
1.17036 0.733756 68260 1 0.868229 0.132692 16 1 1063 -0.00675519 0.0138204 0.102475 2.74774 -5.52477 109.277 
1.17849 0.502562 68329 1 0.868229 0.132692 17 1 1065 -0.00638176 0.0148568 0.101952 2.75195 -5.52236 109.322 
1.10239 0.405998 68494 1 0.868229 0.132692 18 1 1070 -0.00552098 0.0159939 0.101341 2.76445 -5.51313 109.328 
1.10942 0.468668 68561 1 0.859375 0.132692 19 1 1072 -0.00505223 0.0153464 0.102904 2.77284 -5.52186 109.248 
1.11234 0.435061 68663 1 0.858333 0.131731 20 1 1075 -0.00131661 0.0165095 0.103209 2.7927 -5.50423 108.912 
1.0666 0.471397 68726 1 0.804688 0.182692 21 1 1077 -0.00208785 0.0149496 0.10266 2.77129 -5.50449 108.857 
0.523372 0.639012 68794 1 0.634896 0.447115 22 1 1079 -0.00372207 0.0158639 0.103972 2.77279 -5.51138 108.832 
0.544466 0.650982 68861 1 0.434896 0.755769 23 1 1081 -0.00265897 0.0173637 0.106589 2.78774 -5.53604 108.833 
0.548811 0.608941 68928 1 0.369792 0.772115 24 1 1083 -0.00226908 0.0167182 0.10346 2.79106 -5.50133 108.903 
0.521052 0.623581 68998 1 0.374479 0.703846 25 1 1085 -0.00091862 0.0137502 0.105146 2.77201 -5.51431 108.916 
0.624 0.965699 69061 1 0.384896 0.673077 26 1 1087 -0.00202996 0.0153774 0.104118 2.78019 -5.50166 108.91 
0.630383 0.959098 69161 1 0.361979 0.683654 27 1 1090 -0.000472686 0.0154115 0.10599 2.78486 -5.5181 108.925 
0.643737 0.924214 69227 1 0.291146 0.778846 28 1 1092 -0.000449652 0.0174282 0.102983 2.809 -5.48078 108.968 
0.637508 0.885596 69294 1 0.271354 0.782692 29 1 1094 -0.000358327 0.016747 0.1021 2.80739 -5.46449 109.019 
0.460029 1.01884 69373 1 0.242708 0.801923 30 1 1096 0.000780235 0.0146547 0.103893 2.79933 -5.47865 108.972 
0.465988 1.0486 69461 1 0.169792 0.864423 31 1 1099 0.00108104 0.0132302 0.104818 2.79169 -5.49222 109.077 
0.383723 1.07613 69530 1 0.135417 0.893269 32 1 1101 -0.00199234 0.0103062 0.102951 2.77182 -5.48463 109.469 
0.377562 1.0696 69594 1 0.133854 0.895192 33 1 1103 -0.00342411 0.0126063 0.101126 2.78908 -5.46266 109.457 
0.476197 0.518973 69663 1 0.133854 0.902885 34 1 1105 -0.0036805 0.011527 0.101583 2.78979 -5.47011 109.532 
0.49861 0.508677 69727 1 0.126562 0.917308 35 1 1107 -0.00017873 0.00762085 0.102363 2.76992 -5.47263 109.523 
0.470511 0.511916 69794 1 0.10625 0.948077 36 1 1109 -0.00134115 0.00869406 0.102188 2.77976 -5.47625 109.599 
0.541731 0.393325 69863 1 0.0963542 0.973077 37 1 1111 -0.000822215 0.00992691 0.100508 2.79254 -5.4699 109.598 
0.543535 0.441786 69928 1 0.0947917 0.976923 38 1 1113 -0.00213513 0.0115776 0.102343 2.79505 -5.49964 109.496 
0.567926 0.416349 69995 1 0.0942708 0.976923 39 1 1115 -0.00255747 0.0117582 0.101379 2.79291 -5.49021 109.514 
0.557283 0.41279 70061 1 0.0916667 0.976923 40 1 1117 -0.00322682 0.0119772 0.10059 2.7881 -5.47842 109.579 
0.592357 0.38655 70161 1 0.0859375 0.978846 41 1 1120 6.049e-005 0.0108903 0.100805 2.79415 -5.47857 109.595 
0.587888 0.388477 70228 1 0.0848958 0.978846 42 1 1122 -0.000588497 0.013292 0.100902 2.8181 -5.48188 109.595 
0.579517 0.335007 70295 1 0.0833333 0.978846 43 1 1124 1.45974e-005 0.0123676 0.0973257 2.81253 -5.44696 109.762 
0.565735 0.354223 70361 1 0.0807292 0.978846 44 1 1126 -0.00165733 0.0114865 0.097555 2.78825 -5.45649 109.693 
0.552605 0.374095 70428 1 0.0791667 0.979808 45 1 1128 -0.00353257 0.0144837 0.0981935 2.80137 -5.46542 109.657 
0.559254 0.343639 70495 1 0.075 0.978846 46 1 1130 -0.00267764 0.0125258 0.0966572 2.78886 -5.44898 109.727 
0.539937 0.431803 70562 1 0.0713542 0.975962 47 1 1132 -0.00396378 0.0133002 0.102368 2.78914 -5.50802 109.523 
0.533218 0.426255 70629 1 0.0671875 0.975962 48 1 1134 -0.00370681 0.0105001 0.100183 2.76241 -5.49194 109.56 
0.533483 0.425397 70662 1 0.0651042 0.975 49 1 1135 -0.00384039 0.0105557 0.0997548 2.76454 -5.49172 109.542 
0.533483 0.425397 70662 1 0.065625 0.975 50 1 1135 -0.00384039 0.0105557 0.0997548 2.76454 -5.49172 109.542 
0.558341 0.360205 70829 1 0.0671875 0.975 51 1 1140 -0.00273535 0.0112113 0.096741 2.77354 -5.45799 109.616 
0.530571 0.355066 70896 1 0.0682292 0.975962 52 1 1142 -0.00308565 0.0090179 0.0969327 2.75518 -5.46315 109.499 
0.493185 0.325761 70962 1 0.0682292 0.975962 53 1 1144 -0.00293985 0.00629575 0.0966799 2.73915 -5.4755 109.544 
0.48794 0.33682 71028 1 0.0682292 0.975962 54 1 1146 -0.00271004 0.00435762 0.096003 2.72911 -5.47908 109.537 
0.482807 0.329785 71095 1 0.06875 0.976923 55 1 1148 -0.00145904 0.00597067 0.0969261 2.74718 -5.48471 109.461 
0.483123 0.3483 71162 1 0.06875 0.976923 56 1 1150 -0.00258581 0.00607334 0.0958432 2.73998 -5.46832 109.495 
0.489495 0.307524 71229 1 0.06875 0.976923 57 1 1152 -0.00318602 0.00614766 0.0939815 2.73719 -5.43975 109.537 
0.471826 0.290233 71296 1 0.06875 0.976923 58 1 1154 -0.00298832 0.00564386 0.0937333 2.72905 -5.43685 109.532 
0.466746 0.275208 71362 1 0.06875 0.976923 59 1 1156 -0.00180782 0.00379893 0.0924961 2.71584 -5.42878 109.562 
0.464509 0.325586 71464 1 0.06875 0.976923 60 1 1159 -0.00289786 0.00566708 0.0972685 2.72257 -5.48708 109.484 
0.464317 0.36356 71496 1 0.06875 0.976923 61 1 1160 -0.00348057 0.00716957 0.0995972 2.73372 -5.50886 109.484 
0.513383 0.279588 71596 1 0.06875 0.976923 62 1 1163 -0.0018607 0.00920849 0.0951587 2.76001 -5.44166 109.605 
0.471879 0.37052 71696 1 0.06875 0.976923 63 1 1166 -0.00429005 0.00644132 0.0972188 2.72643 -5.47246 109.47 
0.437306 0.4036 71796 1 0.06875 0.976923 64 1 1169 -0.00478262 0.00803855 0.0986252 2.73292 -5.50011 109.439 
0.472155 0.343164 71863 1 0.06875 0.976923 65 1 1171 -0.00220275 0.00972174 0.0937957 2.75268 -5.43826 109.58 
0.553977 0.36852 71964 1 0.0703125 0.976923 66 1 1174 -0.00300597 0.0119226 0.0968545 2.7628 -5.47085 109.506 
0.541291 0.369115 72030 1 0.116667 0.973077 67 1 1176 -0.00418165 0.0111134 0.0964244 2.75346 -5.45824 109.583 
0.539515 0.339784 72096 1 0.26875 0.941346 68 1 1178 -0.00205473 0.010571 0.0944126 2.76495 -5.43226 109.614 
0.557073 0.408353 72162 1 0.427083 0.892308 69 1 1180 -0.00141301 0.00958995 0.0967776 2.75742 -5.45178 109.506 
0.547132 0.472283 72265 1 0.429167 0.911538 70 1 1183 -0.00429935 0.0122251 0.101966 2.76224 -5.51733 109.391 
0.531538 0.497364 72330 1 0.310937 0.955769 71 1 1185 -0.00533931 0.010564 0.103539 2.7352 -5.53094 109.345 
0.551397 0.50825 72397 1 0.306771 0.955769 72 1 1187 -0.00537063 0.0121995 0.104313 2.75888 -5.54498 109.301 
0.533585 0.472156 72463 1 0.335417 0.926923 73 1 1189 -0.00370107 0.0103484 0.10108 2.75356 -5.50502 109.305 
0.520575 0.541342 72563 1 0.516146 0.860577 74 1 1192 -0.00504256 0.0086823 0.104341 2.73493 -5.54991 109.217 
0.530052 0.507966 72630 1 0.911979 0.884615 75 1 1194 -0.00513288 0.0107751 0.10155 2.75287 -5.50768 109.333 
0.51953 0.510302 72697 1 1.10833 0.991346 76 1 1196 -0.00580716 0.0107517 0.103215 2.7334 -5.52173 109.302 
0.488317 0.492048 72763 1 1.09844 0.992308 77 1 1198 -0.0071942 0.0090178 0.103192 2.70278 -5.5206 109.364 
0.491544 0.485778 72829 1 1.09844 0.992308 78 1 1200 -0.00774284 0.0111609 0.102483 2.71173 -5.51042 109.468 
0.4885 0.487722 72896 1 1.09844 0.992308 79 1 1202 -0.0067338 0.00873743 0.10445 2.68912 -5.53221 109.488 
0.495122 0.510787 72963 1 1.11563 0.978846 80 1 1204 -0.00746099 0.0100675 0.104829 2.69565 -5.53479 109.468 
0.484926 0.503155 73031 1 1.12083 0.936538 81 1 1206 -0.00822564 0.00901499 0.10496 2.67244 -5.55131 109.515 
0.487693 0.487984 73096 1 1.12188 0.835577 82 1 1208 -0.00726732 0.00816719 0.103502 2.66345 -5.53827 109.535 
0.512397 0.47212 73163 1 1.13906 0.752885 83 1 1210 -0.00665757 0.00973176 0.102649 2.67959 -5.52269 109.549 
0.500435 0.428637 73230 1 1.1599 0.713462 84 1 1212 -0.00568062 0.00793306 0.100972 2.68077 -5.50069 109.663 
0.508525 0.429253 73297 1 1.23021 0.705769 85 1 1214 -0.00456926 0.00497436 0.101302 2.67094 -5.49329 109.612 
0.491176 0.474286 73364 1 1.2375 0.716346 86 1 1216 -0.00539715 0.00494863 0.102532 2.67493 -5.51278 109.571 
0.505405 0.425555 73430 1 1.16302 0.767308 87 1 1218 -0.0027844 0.00554149 0.0992427 2.69362 -5.46904 109.665 
0.500814 0.414717 73497 1 1.10104 0.829808 88 1 1220 -0.00266792 0.00551363 0.0975621 2.69398 -5.45363 109.768 
0.468202 0.378637 73565 1 1.07135 0.874038 89 1 1222 -0.00493354 0.00267977 0.0940561 2.65352 -5.43028 109.91 
0.470896 0.38834 73630 1 1.07135 0.874038 90 1 1224 -0.00576095 0.00570439 0.0954902 2.67373 -5.45611 109.859 
0.441609 0.378653 73697 1 1.075 0.867308 91 1 1226 -0.0060473 7.95974e-006 0.0949915 2.61095 -5.4584 109.936 
0.455854 0.3938 73763 1 1.16302 0.793269 92 1 1228 -0.00545408 0.00590502 0.095475 2.66141 -5.45084 109.887 
0.455854 0.3938 73763 1 1.31615 0.696154 93 1 1228 -0.00545408 0.00590502 0.095475 2.66141 -5.45084 109.887 
0.457174 0.381588 73797 1 1.38021 0.661538 94 1 1229 -0.00559022 0.00162507 0.0958252 2.62214 -5.45672 109.952 
0.487453 0.436748 73964 1 1.30208 0.661538 95 1 1234 -0.00785447 0.00817879 0.0991609 2.64702 -5.48672 109.855 
0.505159 0.45607 74031 1 1.05833 0.663462 96 1 1236 -0.00722869 0.00577699 0.0999094 2.61528 -5.4882 109.91 
0.492876 0.485122 74097 1 0.968229 0.673077 97 1 1238 -0.00783204 0.00530803 0.102901 2.61099 -5.49927 109.783 
0.489195 0.70437 74164 1 1.17292 0.590385 98 1 1240 -0.00740349 0.00413327 0.102819 2.59668 -5.49089 109.789 
0.543383 2.00295 74231 1 1.49635 0.566346 99 0 1242 -0.00567582 0.00540845 0.110064 2.61357 -5.56096 109.645 
0.544266 1.69654 74297 1 1.63698 0.574038 100 0 1244 -0.00477405 0.00694333 0.108223 2.63129 -5.53055 109.705 
0.570485 1.66446 74364 1 1.63698 0.574038 101 0 1246 -0.00535723 0.00588583 0.108335 2.62593 -5.51606 109.64 
0.569451 1.69071 74431 1 1.63698 0.574038 102 0 1248 -0.00584374 0.0037194 0.109904 2.60508 -5.50988 109.606 
0.581766 1.70375 74498 1 1.63698 0.574038 103 0 1250 -0.00551861 0.00219559 0.112767 2.58705 -5.52888 109.701 
0.601604 1.77067 74564 1 1.64375 0.565385 104 0 1252 -0.00537352 0.00302193 0.11289 2.58571 -5.531 109.68 
0.620712 1.77809 74597 1 1.66927 0.502885 105 0 1253 -0.00533612 0.00723881 0.112868 2.61802 -5.53614 109.64 
0.620712 1.77809 74597 1 1.62865 0.334615 106 0 1253 -0.00533612 0.00723881 0.112868 2.61802 -5.53614 109.64 
0.583336 1.84084 74764 1 1.46146 0.150962 107 0 1258 -0.0083763 0.0107476 0.113714 2.64039 -5.55271 109.513 
0.60161 1.88777 74832 1 1.39323 0.127885 108 0 1260 -0.00918441 0.0108059 0.115469 2.65098 -5.57723 109.467 
0.655471 1.88895 74897 1 1.42188 0.145192 109 0 1262 -0.00448441 0.0090172 0.11474 2.65852 -5.58922 109.457 
0.655471 1.88895 74897 1 1.42188 0.145192 110 0 1262 -0.00448441 0.0090172 0.11474 2.65852 -5.58922 109.457 
0.641927 1.85607 74931 1 1.425 0.15 111 0 1263 -0.00322423 0.0130231 0.113352 2.7086 -5.57985 109.468 
0.612023 1.83939 75098 1 1.43125 0.158654 112 0 1268 -0.00466052 0.0100383 0.113476 2.6948 -5.5842 109.448 
0.600537 1.86206 75165 1 1.33229 0.0903846 113 0 1270 -0.00585281 0.00879219 0.114305 2.68179 -5.59001 109.446 
0.617833 1.8299 75199 1 1.13958 0.0432692 114 0 1271 -0.00433459 0.0102108 0.112486 2.70083 -5.56997 109.551 
0.617833 1.8299 75199 1 1.09583 0.0413462 115 0 1271 -0.00433459 0.0102108 0.112486 2.70083 -5.56997 109.551 
0.604145 1.78283 75365 1 1.09323 0.0413462 116 0 1276 -0.00677503 0.0110816 0.110463 2.68856 -5.56134 109.544 
0.58477 1.75234 75465 1 1.06927 0.0403846 117 0 1279 -0.00819476 0.0114678 0.10816 2.68391 -5.53744 109.558 
0.607642 1.74101 75498 1 1.0599 0.0384615 118 0 1280 -0.00761222 0.0104785 0.107038 2.67938 -5.5241 109.598 
0.607642 1.74101 75498 1 1.05833 0.0336538 119 0 1280 -0.00761222 0.0104785 0.107038 2.67938 -5.5241 109.598 
0.623195 1.63982 75631 1 1.06042 0.025 120 0 1284 -0.00497185 0.00913919 0.101281 2.67981 -5.46994 109.684 
0.647442 1.64188 75733 1 1.06354 0.0211538 121 0 1287 -0.00489057 0.00678306 0.100401 2.65372 -5.4704 109.674 
0.650286 1.66095 75799 1 1.06406 0.0211538 122 0 1289 -0.00767518 0.00760492 0.101015 2.65187 -5.47848 109.668 
0.650286 1.66095 75799 1 1.06458 0.0211538 123 0 1289 -0.00767518 0.00760492 0.101015 2.65187 -5.47848 109.668 
0.668858 1.63673 75832 1 1.06458 0.0211538 124 0 1290 -0.00591133 0.010038 0.0994736 2.67087 -5.46348 109.683 
0.613306 1.68129 76032 1 1.06458 0.0211538 125 0 1296 -0.00973238 0.0126866 0.100759 2.67748 -5.49999 109.557 
0.12489 1.4722 76098 1 1.07604 0.0442308 126 0 1298 -0.0114878 0.00914411 0.105692 2.62826 -5.57447 109.467 
0.0161437 1.17507 76132 1 1.23125 0.346154 127 1 1299 -0.0127251 0.0112804 0.102065 2.64648 -5.53725 109.488 
0.0161437 1.17507 76132 1 1.34167 0.600962 128 1 1299 -0.0127251 0.0112804 0.102065 2.64648 -5.53725 109.488 
-0.0667461 1.04585 76332 1 1.40052 0.639423 129 1 1305 -0.0100022 0.00956876 0.102501 2.66669 -5.5414 109.484 
-0.0452419 1.02095 76399 1 1.40156 0.639423 130 1 1307 -0.00837551 0.00991831 0.10067 2.68298 -5.51933 109.466 
-0.0410114 1.0617 76465 1 1.39427 0.630769 131 1 1309 -0.00815208 0.0110378 0.103209 2.7009 -5.54086 109.43 
-0.0431045 1.0377 76532 1 1.4349 0.6 132 1 1311 -0.00704905 0.00955856 0.100364 2.69796 -5.5057 109.503 
-0.059386 1.03484 76599 1 1.53073 0.523077 133 1 1313 -0.00825723 0.0102924 0.102311 2.70309 -5.53021 109.47 
-0.0827223 1.01875 76665 1 1.57604 0.473077 134 1 1315 -0.00906157 0.0119202 0.100576 2.71257 -5.52264 109.458 
-0.0823126 0.987662 76732 1 1.56615 0.452885 135 1 1317 -0.00699522 0.0109177 0.0999602 2.71095 -5.51492 109.526 
-0.0525347 1.03808 76799 1 1.55 0.4375 136 1 1319 -0.0070406 0.00894795 0.100963 2.69586 -5.51656 109.478 
-0.0598256 1.02363 76866 1 1.54115 0.4375 137 1 1321 -0.00673042 0.00915969 0.100952 2.70085 -5.51839 109.498 
-0.0629939 1.04025 76933 1 1.53177 0.441346 138 1 1323 -0.00719667 0.00889109 0.100602 2.69251 -5.52268 109.497 
-0.0733941 1.01368 76999 1 1.53177 0.443269 139 1 1325 -0.00720484 0.00909899 0.0999396 2.6963 -5.51161 109.519 
-0.0332765 1.03373 77066 1 1.53177 0.443269 140 1 1327 -0.00745126 0.0103895 0.100076 2.7105 -5.51108 109.505 
-0.0644212 1.02644 77099 1 1.53177 0.443269 141 1 1328 -0.00737905 0.0100103 0.100366 2.70957 -5.51608 109.473 
-0.100083 1.05095 77200 1 1.53177 0.443269 142 1 1331 -0.00821531 0.00910757 0.10037 2.70776 -5.51873 109.477 
-0.0787029 1.01144 77267 1 1.53177 0.443269 143 1 1333 -0.00699974 0.00912304 0.0991822 2.71404 -5.50709 109.49 
-0.0755713 1.03552 77333 1 1.53177 0.443269 144 1 1335 -0.00795394 0.00937973 0.0989398 2.70906 -5.49701 109.501 
-0.0576638 1.06042 77400 1 1.53125 0.444231 145 1 1337 -0.00710177 0.00825493 0.100532 2.70383 -5.51372 109.473 
-0.054118 1.05975 77466 1 1.53125 0.448077 146 1 1339 -0.00691856 0.00914158 0.100528 2.70396 -5.51326 109.458 
-0.0367859 1.03951 77533 1 1.53125 0.449038 147 1 1341 -0.00793243 0.012865 0.0999249 2.72924 -5.50075 109.527 
-0.0223769 1.05281 77600 1 1.53125 0.45 148 1 1343 -0.00569426 0.0111025 0.102832 2.71529 -5.53247 109.524 
-0.0381989 1.08837 77666 1 1.53125 0.450962 149 1 1345 -0.00577625 0.00741671 0.104623 2.68762 -5.5429 109.465 
-0.0307936 1.09582 77734 1 1.53125 0.451923 150 1 1347 -0.00546447 0.00913907 0.103337 2.7042 -5.5373 109.491 
-0.0534826 1.07054 77800 1 1.53125 0.451923 151 1 1349 -0.00556084 0.00752488 0.102292 2.68533 -5.53198 109.524 
-0.0315687 1.08075 77867 1 1.53125 0.451923 152 1 1351 -0.00642958 0.0104123 0.102487 2.70734 -5.53122 109.533 
-0.0115168 1.05473 77934 1 1.53125 0.451923 153 1 1353 -0.00594939 0.0108657 0.102568 2.71239 -5.52309 109.559 
-0.0168788 1.07263 78000 1 1.53125 0.451923 154 1 1355 -0.00665683 0.0096806 0.102208 2.70932 -5.51368 109.546 
-0.0168171 1.01834 78066 1 1.53125 0.451923 155 1 1357 -0.00390168 0.0103883 0.100127 2.72839 -5.48451 109.578 
0.231335 1.065 78100 1 1.53125 0.451923 156 1 1358 -0.00364494 0.00925898 0.102213 2.72091 -5.50852 109.508 
1.16583 1.04092 78200 1 1.53125 0.451923 157 1 1361 -0.00798329 0.0115592 0.106321 2.72079 -5.55792 109.469 
1.16423 0.981608 78267 1 1.53125 0.451923 158 1 1363 -0.00801666 0.011132 0.104032 2.7171 -5.52878 109.471 
1.15961 0.974735 78333 1 1.53125 0.451923 159 1 1365 -0.00728099 0.0108747 0.103135 2.7142 -5.51927 109.494 
1.15964 1.03316 78400 1 1.53125 0.451923 160 1 1367 -0.00870102 0.0113787 0.106636 2.71532 -5.54922 109.444 
1.19539 1.11525 78467 1 1.53125 0.451923 161 1 1369 -0.0081538 0.00946811 0.108182 2.69716 -5.5617 109.424 
1.20085 1.12176 78533 1 1.53125 0.451923 162 0 1371 -0.00803191 0.0111548 0.108484 2.71325 -5.56708 109.387 
1.18459 1.06261 78601 1 1.53125 0.451923 163 1 1373 -0.00748488 0.0102149 0.104939 2.70008 -5.52957 109.557 
1.18702 1.07413 78667 1 1.53125 0.451923 164 1 1375 -0.00955034 0.0119623 0.10443 2.70631 -5.53011 109.452 
1.18884 1.09245 78733 1 1.53125 0.451923 165 1 1377 -0.00985372 0.0124943 0.106136 2.69921 -5.55541 109.434 
1.19164 1.04193 78800 1 1.53125 0.451923 166 1 1379 -0.0101334 0.0119266 0.103681 2.69823 -5.53008 109.486 
1.19507 1.05342 78867 1 1.53125 0.451923 167 1 1381 -0.00941098 0.0115847 0.103423 2.70034 -5.52678 109.406 
1.20033 0.995496 78900 1 1.53125 0.451923 168 0 1382 -0.00861459 0.0115019 0.0998506 2.7112 -5.4887 109.518 
1.18684 1.07997 79000 1 1.53125 0.451923 169 1 1385 -0.0095089 0.0108705 0.103555 2.70737 -5.53619 109.342 
1.21414 1.04873 79067 1 1.53125 0.451923 170 0 1387 -0.0082841 0.010598 0.101366 2.70987 -5.51369 109.389 
1.20008 1.04121 79134 1 1.53125 0.451923 171 0 1389 -0.00898821 0.0113164 0.0996736 2.72123 -5.49803 109.396 
1.17283 1.03099 79201 1 1.53125 0.451923 172 1 1391 -0.0105187 0.00962965 0.100673 2.70042 -5.51067 109.369 
1.17283 1.03099 79201 1 1.53125 0.451923 173 1 1391 -0.0105187 0.00962965 0.100673 2.70042 -5.51067 109.369 
1.17283 1.03099 79201 1 1.53125 0.451923 174 1 1391 -0.0105187 0.00962965 0.100673 2.70042 -5.51067 109.369 
1.17249 0.990145 79400 1 1.53125 0.451923 175 1 1397 -0.00965139 0.00934012 0.0958935 2.7005 -5.48448 109.447 
1.18212 1.05356 79468 1 1.53125 0.451923 176 1 1399 -0.00968143 0.0095452 0.0972254 2.70416 -5.5094 109.323 
1.17325 1.06213 79501 1 1.53125 0.451923 177 1 1400 -0.00815186 0.00944616 0.0980858 2.7043 -5.52922 109.379 
1.17325 1.06213 79501 1 1.53125 0.451923 178 1 1400 -0.00815186 0.00944616 0.0980858 2.7043 -5.52922 109.379 
1.15007 1.03566 79667 1 1.53125 0.451923 179 1 1405 -0.0092741 0.00820203 0.0974176 2.69606 -5.52442 109.444 
1.15914 0.958415 79734 1 1.53125 0.451923 180 1 1407 -0.00805075 0.00852427 0.0930438 2.70938 -5.46853 109.513 
1.12228 1.05693 79801 1 1.53125 0.451923 181 1 1409 -0.0094148 0.00709828 0.0971024 2.69277 -5.51667 109.371 
1.12228 1.05693 79801 1 1.53125 0.451923 182 1 1409 -0.0094148 0.00709828 0.0971024 2.69277 -5.51667 109.371 
1.12228 1.05693 79801 1 1.53125 0.451923 183 1 1409 -0.0094148 0.00709828 0.0971024 2.69277 -5.51667 109.371 
0.816516 0.981184 80001 1 1.53125 0.451923 184 1 1415 -0.0090082 0.00857385 0.0949413 2.70415 -5.48782 109.429 
0.552083 1.00365 80068 1 1.53125 0.451923 185 1 1417 -0.0101324 0.00790591 0.0962998 2.694 -5.50338 109.374 
0.589516 0.976074 80135 1 1.53125 0.451923 186 1 1419 -0.008332 0.00956155 0.0956723 2.71065 -5.49516 109.473 
0.589516 0.976074 80135 1 1.53125 0.451923 187 1 1419 -0.008332 0.00956155 0.0956723 2.71065 -5.49516 109.473 
0.513352 1.09725 80268 1 1.53125 0.451923 188 1 1423 -0.00827726 0.00818328 0.0969324 2.70859 -5.49805 109.412 
0.534272 1.14228 80334 1 1.53125 0.451923 189 1 1425 -0.00745611 0.00860941 0.0979245 2.71667 -5.51314 109.36 
0.507624 1.09187 80402 1 1.53125 0.451923 190 1 1427 -0.00704786 0.00780784 0.0960884 2.69804 -5.49772 109.435 
0.508923 1.0997 80468 1 1.53125 0.451923 191 1 1429 -0.00871356 0.0079438 0.095764 2.69846 -5.4914 109.411 
0.522536 1.12579 80535 1 1.53125 0.451923 192 1 1431 -0.00934467 0.00946221 0.096935 2.713 -5.49615 109.405 
0.525806 1.10005 80602 1 1.53125 0.451923 193 1 1433 -0.00797936 0.00988829 0.0960038 2.73095 -5.48429 109.426 
0.517091 1.13057 80668 1 1.53125 0.451923 194 1 1435 -0.00780232 0.00709459 0.0971789 2.7077 -5.50614 109.399 
0.531333 1.07824 80734 1 1.53125 0.451923 195 1 1437 -0.00755892 0.00736172 0.0941665 2.71278 -5.47375 109.527 
0.518209 1.09489 80802 1 1.53125 0.451923 196 1 1439 -0.00852219 0.0102385 0.0951626 2.7296 -5.48888 109.505 
0.519374 1.097 80869 1 1.53125 0.451923 197 1 1441 -0.00717165 0.00871063 0.0941566 2.71464 -5.47617 109.576 
0.502885 1.10676 80935 1 1.53125 0.451923 198 1 1443 -0.00820363 0.00786137 0.095603 2.69647 -5.50008 109.596 
0.520006 1.10017 81001 1 1.53125 0.451923 199 1 1445 -0.00794195 0.00975152 0.0959479 2.70655 -5.49741 109.533 
0.53428 1.09716 81068 1 1.53125 0.451923 200 1 1447 -0.00684358 0.00661094 0.0953633 2.68962 -5.48847 109.559 
0.499345 1.11473 81169 1 1.53125 0.451923 201 1 1450 -0.00732743 0.00336738 0.09522 2.66034 -5.49786 109.615 
0.477287 1.12801 81236 1 1.53125 0.451923 202 1 1452 -0.00679748 0.000785269 0.0968215 2.63083 -5.53759 109.575 
0.478558 1.13237 81302 1 1.53125 0.451923 203 1 1454 -0.00685076 -6.74633e-005 0.0951452 2.62673 -5.52241 109.577 
0.476456 1.15626 81335 1 1.53125 0.451923 204 1 1455 -0.0072011 0.00143425 0.0988651 2.63324 -5.56521 109.55 
0.476605 1.13517 81436 1 1.53125 0.451923 205 1 1458 -0.00798259 0.00181072 0.0961973 2.64092 -5.53532 109.589 
0.441322 1.13718 81468 1 1.54115 0.451923 206 1 1459 -0.00979084 8.79991e-005 0.0953608 2.62642 -5.52592 109.577 
0.44336 1.13415 81535 1 1.56458 0.451923 207 1 1461 -0.00832219 0.00190283 0.0948807 2.64378 -5.53374 109.575 
0.447134 1.15 81636 1 1.58333 0.454808 208 1 1464 -0.00709525 -0.000759921 0.0939277 2.62927 -5.51823 109.548 
0.452446 1.16868 81702 1 1.58438 0.454808 209 1 1466 -0.00594917 -0.00100002 0.0957549 2.62784 -5.53681 109.534 
0.456424 1.16796 81769 1 1.58438 0.454808 210 1 1468 -0.00726477 -0.00127379 0.0959413 2.62597 -5.53849 109.555 
0.432391 1.1764 81836 1 1.58438 0.453846 211 1 1470 -0.00893507 0.00236066 0.0958365 2.65492 -5.53646 109.541 
0.435639 1.14461 81903 1 1.5849 0.452885 212 1 1472 -0.00664046 0.00211457 0.0946739 2.66276 -5.51647 109.565 
0.466054 1.15284 81968 1 1.5849 0.452885 213 1 1474 -0.00540486 0.00313211 0.0963272 2.6622 -5.52915 109.319 
0.471893 1.08527 82069 1 1.5849 0.452885 214 1 1477 -0.0057419 0.00395473 0.0910847 2.6599 -5.4878 109.387 
0.479029 1.08112 82102 1 1.5849 0.452885 215 1 1478 -0.0056833 0.00433384 0.0905064 2.66462 -5.48423 109.369 
0.403394 0.788028 82203 1 1.5849 0.452885 216 1 1481 -0.00601157 0.00680427 0.0909259 2.69171 -5.49171 109.432 
0.367357 0.77672 82269 1 1.5849 0.452885 217 1 1483 -0.00704187 0.00235342 0.089353 2.6511 -5.47105 109.408 
0.381161 0.802443 82336 1 1.5849 0.452885 218 1 1485 -0.0070555 0.00298762 0.091291 2.65701 -5.49291 109.302 
0.374161 0.729996 82369 1 1.5849 0.452885 219 1 1486 -0.00597758 0.0035723 0.0858721 2.66639 -5.43196 109.385 
0.37994 0.768054 82436 1 1.5849 0.452885 220 1 1488 -0.00474603 0.00288333 0.0902567 2.65778 -5.47293 109.345 
0.371939 0.783709 82503 1 1.5849 0.452885 221 1 1490 -0.00737971 0.00322569 0.0905882 2.65205 -5.47582 109.334 
0.37171 0.800325 82570 1 1.5849 0.452885 222 1 1492 -0.00600443 0.00604848 0.0909687 2.68106 -5.48036 109.347 
0.143197 0.851498 82636 1 1.5849 0.452885 223 1 1494 -0.00591209 0.00425416 0.0939066 2.66558 -5.50388 109.324 
0.191365 0.795501 82736 1 1.5849 0.452885 224 1 1497 -0.00530649 0.00522841 0.0916737 2.6784 -5.48195 109.376 
0.182832 0.793682 82803 1 1.5849 0.452885 225 1 1499 -0.00487622 0.00577649 0.0888485 2.68497 -5.4656 109.415 
0.185479 0.802406 82836 1 1.5849 0.452885 226 1 1500 -0.00522572 0.00669188 0.0899021 2.69346 -5.47449 109.367 
0.174903 0.729728 82936 1 1.5849 0.452885 227 1 1503 -0.00642884 0.00724307 0.0898989 2.70067 -5.4732 109.303 
0.168104 0.739534 82969 1 1.5849 0.452885 228 1 1504 -0.00517912 0.00836435 0.091176 2.71796 -5.48009 109.274 
0.154013 0.682882 83070 1 1.5849 0.452885 229 1 1507 -0.00484582 0.0035719 0.0889855 2.67739 -5.4531 109.35 
0.158964 0.703232 83137 1 1.5849 0.452885 230 1 1509 -0.00483941 0.00318879 0.0881672 2.66942 -5.44748 109.37 
0.00982691 0.695906 83203 1 1.5849 0.452885 231 1 1511 -0.00654172 0.00310745 0.0886502 2.66131 -5.44684 109.31 
0.00706455 0.70853 83237 1 1.5849 0.452885 232 1 1512 -0.00616767 0.00234395 0.0896433 2.64872 -5.45857 109.281 
0.00706455 0.70853 83237 1 1.5849 0.452885 233 1 1512 -0.00616767 0.00234395 0.0896433 2.64872 -5.45857 109.281 
-0.0128993 0.716742 83403 1 1.5849 0.452885 234 1 1517 -0.00519351 0.00317926 0.0878343 2.67237 -5.43425 109.258 
-0.0342826 0.666849 83470 1 1.5849 0.452885 235 1 1519 -0.00416008 -0.00477857 0.0883867 2.60331 -5.4429 109.476 
-0.0214658 0.545738 83537 1 1.5849 0.452885 236 1 1521 -0.00360018 -0.0028369 0.0902739 2.62276 -5.47141 109.334 
-0.0400244 0.53205 83603 1 1.5849 0.452885 237 1 1523 -0.00437821 -0.000604365 0.0905977 2.63664 -5.47012 109.272 
-0.0381126 0.497463 83670 1 1.5849 0.452885 238 1 1525 -0.00497499 0.00034723 0.0872621 2.64622 -5.44754 109.354 
-0.0121966 0.510699 83737 1 1.5849 0.452885 239 1 1527 -0.00519272 0.00301919 0.0897469 2.66928 -5.45323 109.337 
-0.0243318 0.510663 83805 1 1.5849 0.452885 240 1 1529 -0.00577803 0.00122222 0.089989 2.65785 -5.45913 109.331 
-0.0319453 0.510641 83871 1 1.5849 0.452885 241 1 1531 -0.00581016 0.000891211 0.0894321 2.64264 -5.45714 109.362 
-0.012839 0.477375 83936 1 1.5849 0.452885 242 1 1533 -0.00557609 0.00156567 0.0885454 2.65759 -5.43994 109.316 
-0.0265302 0.513699 84003 1 1.5849 0.452885 243 1 1535 -0.00592561 0.0027695 0.0883025 2.65901 -5.44834 109.308 
0.0220205 0.749901 84070 1 1.5849 0.452885 244 1 1537 -0.0058694 0.00417224 0.0904231 2.67313 -5.46128 109.335 
0.0270717 0.735247 84137 1 1.5849 0.452885 245 1 1539 -0.00455625 0.00235768 0.0895913 2.66062 -5.46052 109.348 
0.10201 0.747319 84204 1 1.5849 0.452885 246 1 1541 -0.00515035 -0.00095698 0.0906596 2.63829 -5.46466 109.353 
0.140342 0.714218 84270 1 1.5849 0.452885 247 1 1543 -0.00438222 -0.00037628 0.0891799 2.64031 -5.45738 109.428 
0.135721 0.713189 84337 1 1.5849 0.452885 248 1 1545 -0.00435257 0.00116367 0.088404 2.65837 -5.45721 109.396 
0.148242 0.704204 84404 1 1.5849 0.452885 249 1 1547 -0.00456887 0.00124942 0.089215 2.65494 -5.45575 109.418 
0.161644 0.690072 84471 1 1.5849 0.452885 250 1 1549 -0.00574741 0.00224932 0.0861013 2.66001 -5.42628 109.401 
0.182373 0.697386 84538 1 1.5849 0.452885 251 1 1551 -0.00435212 0.00190343 0.0869862 2.6623 -5.43539 109.467 
0.144117 0.689309 84604 1 1.5849 0.452885 252 1 1553 -0.00591133 -0.000206916 0.086325 2.63836 -5.43683 109.461 
0.19113 0.695549 84670 1 1.5849 0.452885 253 1 1555 -0.00511757 0.00178214 0.0859371 2.66044 -5.43643 109.459 
0.159896 0.668612 84737 1 1.5849 0.452885 254 1 1557 -0.00537683 0.00137549 0.0865871 2.65512 -5.42859 109.399 
0.199965 0.700126 84804 1 1.5849 0.452885 255 1 1559 -0.00458953 0.00191781 0.0873953 2.6622 -5.43816 109.352 
0.181421 0.685639 84871 1 1.5849 0.452885 256 1 1561 -0.00402699 0.00202265 0.0871401 2.66437 -5.42549 109.42 
0.112164 0.957203 84938 1 1.5849 0.452885 257 1 1563 -0.00431797 0.00129749 0.089631 2.66542 -5.45374 109.372 
0.107771 0.93757 85004 1 1.5849 0.452885 258 1 1565 -0.00592557 0.00120995 0.0893893 2.65932 -5.45042 109.398 
0.107433 0.948623 85071 1 1.5849 0.452885 259 1 1567 -0.00555797 0.000492546 0.0879487 2.65131 -5.44879 109.415 
0.118267 0.934129 85138 1 1.5849 0.452885 260 1 1569 -0.00622759 0.00110375 0.0856536 2.65318 -5.42821 109.314 
0.123797 0.946766 85205 1 1.5849 0.452885 261 1 1571 -0.00679257 0.00224857 0.0859184 2.66288 -5.42686 109.4 
0.145561 1.0485 85271 1 1.5849 0.452885 262 1 1573 -0.00732997 0.00173607 0.0857104 2.65711 -5.43044 109.361 
0.163435 1.04001 85338 1 1.5849 0.452885 263 1 1575 -0.00644162 0.00181673 0.0857235 2.66769 -5.42095 109.397 
0.270677 1.02312 85404 1 1.5849 0.452885 264 1 1577 -0.00628943 0.0016708 0.0837174 2.66521 -5.4098 109.347 
0.452833 1.04271 85471 1 1.5849 0.452885 265 1 1579 -0.00649447 0.00253532 0.0851046 2.66963 -5.42139 109.289 
0.464287 1.03017 85538 1 1.5849 0.452885 266 1 1581 -0.00737802 0.00370098 0.0844982 2.67116 -5.40691 109.331 
0.49493 1.03764 85604 1 1.5849 0.452885 267 1 1583 -0.00665331 0.00480205 0.0858088 2.68184 -5.41868 109.36 
0.454578 1.05005 85671 1 1.5849 0.452885 268 1 1585 -0.00689571 0.00295978 0.0859815 2.66144 -5.41835 109.407 
0.459239 1.03106 85738 1 1.5849 0.452885 269 1 1587 -0.00663512 0.00222855 0.0859084 2.65579 -5.42452 109.409 
0.500295 1.16896 85805 1 1.5849 0.452885 270 1 1589 -0.00722734 0.00344865 0.0833849 2.66867 -5.39442 109.353 
0.503957 1.15906 85872 1 1.5849 0.452885 271 1 1591 -0.00724683 0.0066374 0.0835899 2.6947 -5.40882 109.319 
0.520203 1.19055 85938 1 1.5849 0.452885 272 1 1593 -0.00749096 0.00593548 0.0861346 2.68984 -5.4278 109.25 
-0.0621978 3.45761 86005 1 1.5849 0.452885 273 0 1595 -0.0078121 0.00734678 0.0867402 2.70197 -5.43433 109.22 
0.378373 2.86862 86071 1 1.5849 0.452885 274 0 1597 -0.00519852 0.00699414 0.0869989 2.71586 -5.43832 109.097 
0.494369 1.85786 86138 1 1.5849 0.452885 275 0 1599 -0.00585829 0.00642976 0.0850897 2.71315 -5.41678 109.24 
0.452955 1.58606 86204 1 1.5849 0.452885 276 0 1601 -0.00642574 0.00631565 0.0818423 2.71606 -5.39284 109.288 
0.484223 1.57494 86271 1 1.5849 0.452885 277 0 1603 -0.00645289 0.00604533 0.0832158 2.7116 -5.40121 109.206 
0.518674 1.69355 86338 1 1.5849 0.452885 278 0 1605 -0.00750198 0.00783295 0.0819656 2.72568 -5.38896 109.248 
0.52762 1.67358 86372 1 1.5849 0.452885 279 0 1606 -0.00599939 0.00690697 0.0814382 2.72328 -5.38805 109.307 
0.513511 1.61893 86472 1 1.5849 0.452885 280 0 1609 -0.00540732 0.00507887 0.0847705 2.71028 -5.4003 109.315 
0.535144 1.62334 86539 1 1.5849 0.452885 281 0 1611 -0.00514291 0.00634901 0.0852294 2.72362 -5.40976 109.255 
0.530376 1.67411 86605 1 1.5849 0.452885 282 0 1613 -0.00554879 0.00560344 0.0896979 2.70945 -5.45796 109.211 
0.487353 1.22817 86638 1 1.5849 0.452885 283 0 1614 -0.00554361 0.00608873 0.088006 2.71528 -5.43334 109.146 
0.477895 1.00446 86739 1 1.5849 0.452885 284 1 1617 -0.00534209 0.00610453 0.0869608 2.71721 -5.41356 109.155 
0.470342 1.03473 86806 1 1.5849 0.452885 285 1 1619 -0.00550723 0.003389 0.089929 2.69397 -5.4419 109.156 
0.465489 1.09635 86872 1 1.5849 0.452885 286 1 1621 -0.0065721 0.00179834 0.0905698 2.68142 -5.44808 109.099 
0.523998 1.0682 86938 1 1.5849 0.452885 287 1 1623 -0.00463875 0.00417933 0.0871468 2.7091 -5.40062 109.235 
0.501606 1.08949 86972 1 1.5849 0.452885 288 1 1624 -0.00577749 0.00249236 0.0886658 2.68928 -5.42071 109.239 
0.501606 1.08949 86972 1 1.5849 0.452885 289 1 1624 -0.00577749 0.00249236 0.0886658 2.68928 -5.42071 109.239 
0.53292 0.804942 87139 1 1.5849 0.452885 290 1 1629 -0.00658968 0.00832186 0.0904094 2.72427 -5.44181 109.178 
0.525457 0.753493 87205 1 1.5849 0.452885 291 1 1631 -0.00637975 0.00866868 0.088697 2.73109 -5.42158 109.274 
0.511786 0.743155 87272 1 1.5849 0.452885 292 1 1633 -0.00493997 0.00675859 0.0879016 2.72183 -5.40631 109.28 
0.499069 0.794754 87339 1 1.5849 0.452885 293 1 1635 -0.00542126 0.00708342 0.0880338 2.72109 -5.42704 109.249 
0.526096 0.77107 87406 1 1.5849 0.452885 294 1 1637 -0.0042562 0.0074142 0.0846279 2.72214 -5.39557 109.284 
0.533705 0.772119 87473 1 1.5849 0.452885 295 1 1639 -0.0046796 0.00890101 0.0862001 2.73389 -5.42531 109.289 
0.542055 0.752713 87539 1 1.5849 0.452885 296 1 1641 -0.00514495 0.0120311 0.0840142 2.76452 -5.39305 109.331 
0.5602 0.802412 87605 1 1.5849 0.452885 297 1 1643 -0.00301364 0.0130443 0.0868901 2.78078 -5.43206 109.265 
0.523197 0.750213 87672 1 1.5849 0.452885 298 1 1645 -0.00531932 0.0131295 0.0849367 2.77281 -5.4148 109.269 
0.54684 0.777432 87739 1 1.5849 0.452885 299 1 1647 -0.00478086 0.0142232 0.0856609 2.78176 -5.42147 109.284 
0.535552 0.700496 87806 1 1.5849 0.452885 300 1 1649 -0.0055927 0.0127172 0.0815089 2.7624 -5.38343 109.375 
0.549942 0.708274 87872 1 1.5849 0.452885 301 1 1651 -0.00575457 0.0159782 0.0839327 2.77986 -5.40443 109.391 
0.570908 0.759597 87939 1 1.5849 0.452885 302 1 1653 -0.00553502 0.0179317 0.0859139 2.79603 -5.42406 109.283 
0.549909 0.769349 88006 1 1.5849 0.452885 303 1 1655 -0.00476117 0.0159345 0.0868065 2.7774 -5.42664 109.243 
0.561286 0.771955 88073 1 1.5849 0.452885 304 1 1657 -0.00547261 0.0188394 0.0848874 2.8081 -5.40076 109.312 
0.561537 0.783658 88140 1 1.5849 0.452885 305 1 1659 -0.00603784 0.01735 0.0867887 2.78832 -5.42849 109.295 
0.566788 0.783472 88206 1 1.5849 0.452885 306 1 1661 -0.00599641 0.015501 0.086786 2.7802 -5.42189 109.301 
0.563986 0.76925 88274 1 1.5849 0.452885 307 1 1663 -0.00581225 0.0178334 0.0856867 2.80628 -5.40753 109.288 
0.576079 0.797739 88339 1 1.5849 0.452885 308 1 1665 -0.00495589 0.015783 0.0881998 2.79114 -5.43045 109.292 
0.559379 0.793582 88406 1 1.5849 0.452885 309 1 1667 -0.00568675 0.015731 0.0866634 2.79037 -5.41369 109.232 
0.546414 0.787404 88473 1 1.5849 0.452885 310 1 1669 -0.00556757 0.0137159 0.0878737 2.77412 -5.42902 109.194 
0.549334 0.765915 88540 1 1.5849 0.452885 311 1 1671 -0.00539883 0.0126737 0.0862075 2.76627 -5.40847 109.241 
0.555032 0.768892 88606 1 1.5849 0.452885 312 1 1673 -0.00601428 0.0128382 0.0868151 2.77001 -5.41432 109.251 
0.553112 0.789122 88673 1 1.5849 0.452885 313 1 1675 -0.005193 0.00941968 0.0866733 2.74853 -5.39996 109.254 
0.514634 0.919915 88740 1 1.5849 0.452885 314 1 1677 -0.00549961 0.00719212 0.0887354 2.73332 -5.43032 109.224 
0.504224 0.920528 88807 1 1.5849 0.452885 315 1 1679 -0.00540629 0.00979898 0.0873725 2.75773 -5.41845 109.207 
0.506647 0.907465 88873 1 1.5849 0.452885 316 1 1681 -0.00559409 0.00867097 0.0846388 2.74187 -5.39965 109.193 
0.518566 0.932953 88940 1 1.5849 0.452885 317 1 1683 -0.00603977 0.00796237 0.0867371 2.73271 -5.42282 109.175 
0.532696 0.996357 89007 1 1.5849 0.452885 318 1 1685 -0.00628944 0.00994029 0.0865682 2.7491 -5.40864 109.168 
0.546637 1.018 89073 1 1.5849 0.452885 319 1 1687 -0.00579543 0.00821491 0.088561 2.7361 -5.4313 109.142 
0.526687 1.03534 89140 1 1.5849 0.452885 320 1 1689 -0.00645792 0.0100141 0.0892253 2.75512 -5.43534 109.094 
0.539448 1.06454 89206 1 1.5849 0.452885 321 1 1691 -0.00513336 0.00740435 0.0878618 2.73655 -5.41393 109.163 
0.537863 1.09342 89273 1 1.5849 0.452885 322 1 1693 -0.00638458 0.00857821 0.0903267 2.74516 -5.44073 109.108 
0.519475 1.10653 89340 1 1.5849 0.452885 323 1 1695 -0.00659678 0.00921812 0.088654 2.75185 -5.42131 109.101 
0.539675 1.07167 89407 1 1.5849 0.452885 324 1 1697 -0.00452072 0.00606836 0.087189 2.73737 -5.4067 109.158 
0.51058 1.10119 89474 1 1.5849 0.452885 325 1 1699 -0.00535562 0.00711426 0.0888372 2.74603 -5.42471 109.14 
0.520062 1.09205 89540 1 1.5849 0.452885 326 1 1701 -0.00543382 0.00689867 0.0879941 2.74126 -5.4181 109.14 
0.491134 1.07486 89607 1 1.5849 0.452885 327 1 1703 -0.00530645 0.0097641 0.0874604 2.76001 -5.42101 109.156 
0.490314 1.06155 89674 1 1.5849 0.452885 328 1 1705 -0.00590087 0.00840769 0.086635 2.74036 -5.41324 109.156 
0.498813 1.07626 89741 1 1.5849 0.452885 329 1 1707 -0.00575548 0.00694253 0.0875173 2.7291 -5.41696 109.069 
0.510841 1.12288 89808 1 1.5849 0.452885 330 1 1709 -0.00541253 0.00933621 0.0904245 2.7546 -5.44531 109.065 
0.483138 1.12535 89873 1 1.5849 0.452885 331 1 1711 -0.00639095 0.00555523 0.0885485 2.72044 -5.43147 109.072 
0.539822 1.10203 89940 1 1.5849 0.452885 332 1 1713 -0.00791738 0.0115957 0.086708 2.77128 -5.41278 109.134 
0.558216 1.15145 90007 1 1.5849 0.452885 333 1 1715 -0.00645375 0.0101591 0.0897624 2.75343 -5.44925 109.078 
0.565035 1.12012 90074 1 1.5849 0.452885 334 1 1717 -0.00615282 0.00995802 0.0869746 2.75213 -5.41626 109.142 
0.565035 1.12012 90074 1 1.5849 0.452885 335 1 1717 -0.00615282 0.00995802 0.0869746 2.75213 -5.41626 109.142 
0.590614 1.11905 90108 1 1.5849 0.452885 336 1 1718 -0.00486331 0.00969442 0.0868298 2.75636 -5.41031 109.139 
0.284178 0.993156 90274 1 1.5849 0.452885 337 1 1723 -0.00649009 0.00697944 0.0909213 2.73542 -5.45249 109.156 
0.290653 1.00116 90341 1 1.5849 0.452885 338 1 1725 -0.00675957 0.00813819 0.0901233 2.74315 -5.44615 109.078 
0.306114 0.975289 90408 1 1.5849 0.452885 339 1 1727 -0.00588529 0.00681758 0.0886327 2.73089 -5.4363 109.054 
0.292423 0.950683 90475 1 1.5849 0.452885 340 1 1729 -0.00688187 0.00534947 0.0880312 2.71242 -5.42787 109.061 
0.304711 0.941943 90542 1 1.5849 0.452885 341 1 1731 -0.00606228 0.00559419 0.0878097 2.72216 -5.42217 109.125 
0.326587 0.96406 90608 1 1.5849 0.452885 342 1 1733 -0.00489158 0.0057134 0.0910187 2.73186 -5.45218 109.094 
0.295662 0.933749 90674 1 1.5849 0.452885 343 1 1735 -0.00608497 0.00448655 0.0900561 2.72934 -5.44324 109.169 
0.0421357 0.986436 90741 1 1.5849 0.452885 344 1 1737 -0.0068837 0.00472441 0.0909616 2.72842 -5.45503 109.133 
0.0720599 0.935914 90808 1 1.5849 0.452885 345 1 1739 -0.00575413 0.00581509 0.0894432 2.74762 -5.43784 109.162 
0.0845234 0.923116 90875 1 1.5849 0.452885 346 1 1741 -0.00303322 0.00440851 0.0896019 2.73948 -5.44055 109.198 
0.0602867 0.947904 90941 1 1.5849 0.452885 347 1 1743 -0.00571918 0.00615123 0.0907281 2.74183 -5.45428 109.17 
0.0975801 0.907183 91009 1 1.5849 0.452885 348 1 1745 -0.0034404 0.00249809 0.0888049 2.71894 -5.43075 109.241 
0.0650017 0.926587 91075 1 1.5849 0.452885 349 1 1747 -0.0040828 0.00159509 0.091082 2.71001 -5.45025 109.16 
0.0931151 0.941012 91142 1 1.5849 0.452885 350 1 1749 -0.00399146 0.00554608 0.0916037 2.74927 -5.46166 109.123 
0.084156 0.906155 91209 1 1.5849 0.452885 351 1 1751 -0.00427525 0.00444969 0.0900131 2.72849 -5.45919 109.145 
0.186024 0.746094 91276 1 1.5849 0.452885 352 1 1753 -0.00372798 0.00384822 0.0887874 2.72322 -5.45682 109.204 
0.173338 0.720929 91342 1 1.5849 0.452885 353 1 1755 -0.00540403 0.0041294 0.0864428 2.71918 -5.42744 109.227 
0.192841 0.757981 91408 1 1.5849 0.452885 354 1 1757 -0.00422954 0.00553022 0.0893924 2.73477 -5.45353 109.21 
0.0997814 0.840405 91476 1 1.5849 0.452885 355 1 1759 -0.00427931 0.00441667 0.0896358 2.72482 -5.45951 109.215 
0.136597 0.825848 91542 1 1.5849 0.452885 356 1 1761 -0.0030699 0.00378336 0.0890206 2.72713 -5.45466 109.177 
0.120077 0.868908 91609 1 1.5849 0.452885 357 1 1763 -0.00422206 0.00345734 0.0915966 2.71968 -5.48742 109.165 
0.194823 0.738121 91676 1 1.5849 0.452885 358 1 1765 -0.00341535 0.00331504 0.087168 2.71594 -5.43658 109.196 
0.191855 0.76146 91742 1 1.5849 0.452885 359 1 1767 -0.00416774 0.0034834 0.0898531 2.71541 -5.46645 109.2 
0.0346859 0.788724 91809 1 1.5849 0.452885 360 1 1769 -0.00456337 0.00204022 0.0900972 2.70047 -5.4629 109.176 
0.0451999 0.78031 91876 1 1.5849 0.452885 361 1 1771 -0.00226533 0.000691532 0.0910445 2.7004 -5.46824 109.163 
0.0475315 0.742618 91943 1 1.5849 0.452885 362 1 1773 -0.00278511 0.00154436 0.0879268 2.70677 -5.43596 109.214 
0.0395766 0.791855 92010 1 1.5849 0.452885 363 1 1775 -0.00276517 0.000266661 0.0895284 2.69272 -5.46284 109.155 
0.0429288 0.779331 92076 1 1.5849 0.452885 364 1 1777 -0.00262553 0.00099669 0.0888828 2.70107 -5.45662 109.184 
0.0420908 0.773698 92143 1 1.5849 0.452885 365 1 1779 -0.0037021 0.000466251 0.0884059 2.68961 -5.44581 109.101 
0.0337556 0.780141 92210 1 1.5849 0.452885 366 1 1781 -0.00329119 0.0017296 0.0888495 2.70271 -5.45721 109.175 
0.0191323 0.581108 92276 1 1.5849 0.452885 367 1 1783 -0.00399458 0.000325845 0.0860007 2.69558 -5.4302 109.175 
0.0229125 0.55838 92343 1 1.5849 0.452885 368 1 1785 -0.00339397 0.000682521 0.0859407 2.70278 -5.43328 109.156 
-0.00523877 0.559019 92410 1 1.5849 0.452885 369 1 1787 -0.00419247 0.00147361 0.0857863 2.70486 -5.43403 109.177 
0.00590327 0.55773 92476 1 1.5849 0.452885 370 1 1789 -0.00435402 0.000766608 0.0851608 2.69589 -5.42298 109.132 
0.0132465 0.581421 92543 1 1.5849 0.452885 371 1 1791 -0.00417367 0.00203901 0.0856265 2.70747 -5.42632 109.125 
0.0172101 0.57882 92610 1 1.5849 0.452885 372 1 1793 -0.00389122 0.00108011 0.0861948 2.70416 -5.42776 109.17 
0.295204 0.800333 92677 1 1.5849 0.452885 373 1 1795 -0.00325341 0.00295081 0.0878734 2.72343 -5.43939 109.071 
0.313516 0.84079 92744 1 1.5849 0.452885 374 1 1797 -0.00375027 0.00156547 0.0874451 2.69901 -5.43963 109.136 
0.330935 0.802789 92810 1 1.5849 0.452885 375 1 1799 -0.00290836 0.000119004 0.0848033 2.68816 -5.41073 109.134 
0.322974 0.829596 92877 1 1.5849 0.452885 376 1 1801 -0.00455316 0.0018662 0.0868497 2.69705 -5.43885 109.148 
0.351267 0.835381 92910 1 1.5849 0.452885 377 1 1802 -0.00502055 0.00316525 0.0865903 2.70891 -5.43205 109.142 
0.355331 0.866557 93011 1 1.5849 0.452885 378 1 1805 -0.00426432 0.00247332 0.0878994 2.70124 -5.43212 109.055 
0.351322 0.851605 93078 1 1.5849 0.452885 379 1 1807 -0.00539436 0.00131864 0.087307 2.68789 -5.42269 109.093 
0.365694 0.848462 93144 1 1.5849 0.452885 380 1 1809 -0.00565996 0.00333034 0.0880472 2.7022 -5.42933 109.167 
0.363119 0.839385 93177 1 1.5849 0.452885 381 1 1810 -0.00595994 0.00264298 0.0877982 2.6877 -5.43231 109.17 
0.363119 0.839385 93177 1 1.5849 0.452885 382 1 1810 -0.00595994 0.00264298 0.0877982 2.6877 -5.43231 109.17 
0.533825 1.67827 93310 1 1.5849 0.452885 383 0 1814 -0.00574848 0.00541313 0.090195 2.70071 -5.45448 109.142 
0.560222 1.4598 93411 1 1.5849 0.452885 384 0 1817 -0.00582951 0.00537798 0.090134 2.70437 -5.44986 109.126 
0.565059 1.41507 93479 1 1.5849 0.452885 385 0 1819 -0.00478405 0.00275099 0.0884105 2.68261 -5.43637 109.161 
0.56405 1.38813 93544 1 1.5849 0.452885 386 0 1821 -0.00458973 0.00647058 0.0864087 2.71848 -5.41867 109.191 
0.556303 1.42401 93611 1 1.5849 0.452885 387 0 1823 -0.0050069 0.00513849 0.0871873 2.69649 -5.4359 109.14 
0.550697 1.29959 93678 1 1.5849 0.452885 388 0 1825 -0.00529033 0.00649605 0.0870638 2.70473 -5.43701 109.171 
0.567008 1.30765 93711 1 1.5849 0.452885 389 0 1826 -0.00552705 0.00765606 0.0877682 2.70848 -5.43803 109.15 
0.567008 1.30765 93711 1 1.5849 0.452885 390 0 1826 -0.00552705 0.00765606 0.0877682 2.70848 -5.43803 109.15 
0.586391 1.46305 93879 1 1.5849 0.452885 391 0 1831 -0.00504837 0.00797818 0.0832919 2.69894 -5.38481 109.206 
0.585553 1.60691 93944 1 1.5849 0.452885 392 0 1833 -0.00508203 0.00866439 0.0869647 2.70172 -5.43383 109.154 
0.569752 1.53502 94011 1 1.5849 0.452885 393 0 1835 -0.00533306 0.00884158 0.0879784 2.69949 -5.44099 109.168 
0.573143 1.45943 94044 1 1.5849 0.452885 394 0 1836 -0.00521247 0.00983947 0.0855563 2.70777 -5.41231 109.199 
0.573143 1.45943 94044 1 1.5849 0.452885 395 0 1836 -0.00521247 0.00983947 0.0855563 2.70777 -5.41231 109.199 
0.572774 1.45762 94212 1 1.5849 0.452885 396 0 1841 -0.00617252 0.0100236 0.0851796 2.70006 -5.40447 109.178 
0.568162 1.45388 94279 1 1.5849 0.452885 397 0 1843 -0.00460798 0.00821575 0.0855525 2.68856 -5.41331 109.248 
0.561747 1.46815 94345 1 1.5849 0.452885 398 0 1845 -0.00504045 0.0089224 0.0856232 2.68969 -5.41852 109.263 
0.596467 1.46952 94378 1 1.5849 0.452885 399 0 1846 -0.00379672 0.00758562 0.0846679 2.6822 -5.41737 109.332 
0.596467 1.46952 94378 1 1.5849 0.452885 400 0 1846 -0.00379672 0.00758562 0.0846679 2.6822 -5.41737 109.332 
0.610489 1.51312 94545 1 1.5849 0.452885 401 0 1851 -0.00800906 0.011238 0.0864166 2.71177 -5.45656 109.344 
0.6304 1.45103 94612 1 1.5849 0.452885 402 0 1853 -0.0056553 0.015121 0.0837728 2.76682 -5.42383 109.315 
0.639397 1.42352 94678 1 1.5849 0.452885 403 0 1855 -0.006158 0.0128394 0.0835324 2.75814 -5.42094 109.322 
0.639397 1.42352 94678 1 1.5849 0.452885 404 0 1855 -0.006158 0.0128394 0.0835324 2.75814 -5.42094 109.322 
0.633116 1.46747 94712 1 1.5849 0.452885 405 0 1856 -0.00625413 0.012005 0.0861956 2.75216 -5.45358 109.247 
0.931093 0.712187 94879 1 1.5849 0.452885 406 1 1861 -0.00697966 0.0164368 0.085229 2.78004 -5.44637 109.263 
1.02403 0.751423 94946 1 1.5849 0.452885 407 1 1863 -0.00705797 0.0183584 0.0837255 2.79137 -5.42809 109.318 
1.05853 0.712943 94979 1 1.5849 0.452885 408 1 1864 -0.00806408 0.0211667 0.085145 2.81201 -5.43865 109.268 
1.05853 0.712943 94979 1 1.5849 0.452885 409 1 1864 -0.00806408 0.0211667 0.085145 2.81201 -5.43865 109.268 
1.0594 0.70929 95145 1 1.5849 0.452885 410 1 1869 -0.00647005 0.018684 0.0845322 2.79122 -5.42384 109.291 
1.07825 0.753078 95212 1 1.5849 0.452885 411 1 1871 -0.00590554 0.0182438 0.0864554 2.79071 -5.45153 109.22 
0.878402 0.764166 95279 1 1.5849 0.452885 412 1 1873 -0.00702178 0.0166058 0.0864162 2.77758 -5.45082 109.129 
0.903768 0.784171 95346 1 1.5849 0.452885 413 1 1875 -0.00622917 0.018148 0.0853088 2.79644 -5.43312 109.106 
0.904055 0.792476 95412 1 1.5849 0.452885 414 1 1877 -0.00543506 0.0167593 0.0863977 2.79025 -5.44593 109.198 
0.901374 0.764072 95479 1 1.5849 0.452885 415 1 1879 -0.00627983 0.0156736 0.0848767 2.78339 -5.42862 109.232 
0.902998 0.797109 95546 1 1.5849 0.452885 416 1 1881 -0.00564381 0.0162753 0.0849203 2.78653 -5.43767 109.096 
0.888408 0.770936 95613 1 1.5849 0.452885 417 1 1883 -0.00607404 0.0149872 0.0829489 2.77471 -5.42052 109.222 
0.886529 0.865986 95680 1 1.5849 0.452885 418 1 1885 -0.0050924 0.0151126 0.0839263 2.77069 -5.43357 109.236 
0.997113 0.863209 95748 1 1.5849 0.452885 419 1 1887 -0.00666245 0.0135978 0.0809215 2.75614 -5.40181 109.327 
0.991057 0.532942 95846 1 1.5849 0.452885 420 1 1890 -0.00485609 0.010568 0.0793822 2.74138 -5.38517 109.291 
0.987777 0.518101 95913 1 1.5849 0.452885 421 1 1892 -0.00492262 0.0115268 0.0792802 2.75064 -5.38951 109.266 
0.979291 0.550299 95946 1 1.5849 0.452885 422 1 1893 -0.00558595 0.0105465 0.0803087 2.7375 -5.40621 109.272 
0.962185 0.526417 96047 1 1.5849 0.452885 423 1 1896 -0.00704778 0.0123979 0.0779502 2.75236 -5.38724 109.263 
0.955202 0.529467 96114 1 1.5849 0.452885 424 1 1898 -0.00606367 0.0106433 0.0785225 2.74178 -5.38869 109.28 
0.934246 0.518788 96180 1 1.5849 0.452885 425 1 1900 -0.00657111 0.00935074 0.0794598 2.73201 -5.3936 109.206 
0.937911 0.485398 96247 1 1.5849 0.452885 426 1 1902 -0.00563795 0.00721042 0.0793352 2.72405 -5.39593 109.273 
0.46012 0.475756 96314 1 1.5849 0.452885 427 1 1904 -0.00647133 0.0068342 0.0811969 2.71536 -5.41662 109.214 
0.467061 0.446917 96380 1 1.5849 0.452885 428 1 1906 -0.00552988 0.007562 0.0793644 2.72342 -5.39087 109.221 
0.458945 0.515865 96447 1 1.5849 0.452885 429 1 1908 -0.00857163 0.00959007 0.0810852 2.73042 -5.4067 109.194 
0.314693 0.481307 96514 1 1.5849 0.452885 430 1 1910 -0.0058507 0.00815633 0.0801827 2.72872 -5.39364 109.239 
0.323643 0.495852 96580 1 1.5849 0.452885 431 1 1912 -0.00512639 0.00759658 0.0826736 2.72963 -5.4108 109.175 
0.320485 0.502276 96647 1 1.5849 0.452885 432 1 1914 -0.00420255 0.00455595 0.0827241 2.70341 -5.41255 109.195 
0.29505 0.47974 96680 1 1.5849 0.452885 433 1 1915 -0.00603593 0.00842047 0.0804135 2.73631 -5.38903 109.227 
0.184698 0.613824 96781 1 1.5849 0.452885 434 1 1918 -0.00439524 0.00663232 0.0819106 2.72145 -5.40397 109.143 
0.172216 0.577694 96814 1 1.5849 0.452885 435 1 1919 -0.0065546 0.00701733 0.0803707 2.7236 -5.38332 109.206 
0.208833 0.640891 96914 1 1.5849 0.452885 436 1 1922 -0.00411493 0.00658442 0.0841036 2.7265 -5.41321 109.181 
0.17657 0.711198 96981 1 1.5849 0.452885 437 1 1924 -0.00371582 0.00682062 0.0840574 2.73273 -5.41221 109.149 
0.0757996 0.749816 97048 1 1.5849 0.452885 438 1 1926 -0.0052113 0.00595765 0.0852171 2.71872 -5.42408 109.129 
0.0879475 0.6866 97115 1 1.5849 0.452885 439 1 1928 -0.00423791 0.00591514 0.081512 2.71788 -5.38486 109.28 
0.0905729 0.722718 97182 1 1.5849 0.452885 440 1 1930 -0.00505837 0.00517356 0.0847511 2.7063 -5.41861 109.204 
0.206142 0.864243 97248 1 1.5849 0.452885 441 1 1932 -0.00539378 0.00848166 0.0853233 2.73247 -5.42472 109.176 
0.195755 0.946177 97282 1 1.5849 0.452885 442 1 1933 -0.00524572 0.00577806 0.0855377 2.71754 -5.41894 109.149 
0.15424 0.886666 97381 1 1.5849 0.452885 443 1 1936 -0.00425696 0.00561183 0.085473 2.7212 -5.41855 109.225 
0.167387 0.898617 97448 1 1.5849 0.452885 444 1 1938 -0.00421832 0.0052629 0.0848335 2.71517 -5.41683 109.224 
0.232512 1.04408 97515 1 1.5849 0.452885 445 1 1940 -0.00479684 0.00674853 0.0843349 2.7213 -5.41636 109.205 
0.266922 1.15289 97582 1 1.5849 0.452885 446 1 1942 -0.00439829 0.00632594 0.0858383 2.71496 -5.42886 109.204 
0.260659 1.1258 97648 1 1.5849 0.452885 447 1 1944 -0.00481663 0.0076026 0.0844777 2.72985 -5.40813 109.235 
0.555956 1.29413 97715 1 1.5849 0.452885 448 0 1946 -0.00384447 0.00780829 0.0850255 2.73325 -5.41325 109.227 
0.589037 1.37171 97782 1 1.5849 0.452885 449 0 1948 -0.0052773 0.00961914 0.0839195 2.74717 -5.4056 109.213 
0.603788 1.42019 97849 1 1.5849 0.452885 450 0 1950 -0.00392293 0.0112206 0.0877585 2.76255 -5.44536 109.133 
0.599589 1.3908 97915 1 1.5849 0.452885 451 0 1952 -0.00463569 0.0115055 0.0854893 2.76597 -5.42235 109.226 
0.599131 1.51218 97982 1 1.5849 0.452885 452 0 1954 -0.00521655 0.0108585 0.0861926 2.75458 -5.43131 109.125 
0.598676 1.4908 98048 1 1.5849 0.452885 453 0 1956 -0.00514981 0.0114994 0.0856941 2.76016 -5.42743 109.198 
0.596453 1.4821 98082 1 1.5849 0.452885 454 0 1957 -0.00477962 0.0112621 0.0853629 2.76463 -5.42268 109.203 
0.596453 1.4821 98082 1 1.5849 0.452885 455 0 1957 -0.00477962 0.0112621 0.0853629 2.76463 -5.42268 109.203 
0.613195 1.48754 98215 1 1.5849 0.452885 456 0 1961 -0.00293155 0.00479941 0.0850295 2.71307 -5.42704 109.26 
0.554705 1.48406 98316 1 1.5849 0.452885 457 0 1964 -0.00427275 0.00971805 0.0834279 2.74565 -5.41617 109.218 
0.56061 1.5061 98349 1 1.5849 0.452885 458 0 1965 -0.00479876 0.00909883 0.0857732 2.73964 -5.44024 109.199 
0.561003 1.4925 98415 1 1.5849 0.452885 459 0 1967 -0.00399829 0.00914189 0.0829839 2.74207 -5.40709 109.251 
0.541479 1.5111 98482 1 1.5849 0.452885 460 0 1969 -0.00453385 0.00915243 0.0853244 2.74754 -5.4331 109.239 
0.546946 1.52573 98583 1 1.5849 0.452885 461 0 1972 -0.00327937 0.0058957 0.0847513 2.72646 -5.43394 109.2 
0.538329 1.56015 98650 1 1.5849 0.452885 462 0 1974 -0.00370031 0.00466358 0.0860737 2.70956 -5.44674 109.149 
0.554779 1.5467 98716 1 1.5849 0.452885 463 0 1976 -0.00396126 0.00684197 0.0851781 2.73194 -5.4338 109.157 
0.554779 1.5467 98716 1 1.5849 0.452885 464 0 1976 -0.00396126 0.00684197 0.0851781 2.73194 -5.4338 109.157 
0.547858 1.56135 98750 1 1.5849 0.452885 465 0 1977 -0.00428693 0.00496373 0.085362 2.71219 -5.43767 109.16 
0.590186 1.57848 98916 1 1.5849 0.452885 466 0 1982 -0.00410725 0.00666218 0.0865627 2.73259 -5.45133 109.148 
0.587211 1.55728 98983 1 1.5849 0.452885 467 0 1984 -0.00408267 0.00672802 0.0862033 2.72849 -5.44575 109.127 
0.57379 1.57666 99016 1 1.5849 0.452885 468 0 1985 -0.00517471 0.00664809 0.0850444 2.72465 -5.43438 109.085 
0.58022 1.55147 99117 1 1.5849 0.452885 469 0 1988 -0.00520305 0.0073809 0.0849498 2.72886 -5.43008 109.057 
0.588103 1.5471 99183 1 1.5849 0.452885 470 0 1990 -0.0055009 0.00481699 0.0876602 2.70985 -5.44763 109.013 
0.558193 1.5573 99250 1 1.5849 0.452885 471 0 1992 -0.00524335 0.00422457 0.0884507 2.70739 -5.44923 108.952 
0.570905 1.57774 99316 1 1.5849 0.452885 472 0 1994 -0.00570808 0.00382771 0.0910707 2.70743 -5.47009 108.743 
0.570905 1.57774 99316 1 1.5849 0.452885 473 0 1994 -0.00570808 0.00382771 0.0910707 2.70743 -5.47009 108.743 
0.577363 1.6034 99350 1 1.5849 0.452885 474 0 1995 -0.00496952 0.00449428 0.0920093 2.71805 -5.4739 108.614 
0.646038 1.42879 99518 1 1.5849 0.452885 475 0 2000 -0.00742852 0.0106367 0.0873717 2.7855 -5.34769 107.878 
0.694885 1.10995 99583 1 1.5849 0.452885 476 1 2002 -0.0035868 0.0230796 0.0755392 2.92096 -5.17648 108.016 
0.660639 0.880922 99617 1 1.5849 0.452885 477 1 2003 0.000103082 0.0209704 0.0691787 2.92153 -5.11501 108.185 
0.660639 0.880922 99617 1 1.5849 0.452885 478 1 2003 0.000103082 0.0209704 0.0691787 2.92153 -5.11501 108.185 
0.636499 0.624501 99784 1 1.5849 0.452885 479 1 2008 0.00107038 0.0206848 0.0681164 2.92994 -5.11186 108.388 
0.655667 0.427104 99884 1 1.5849 0.452885 480 1 2011 0.00326364 0.0256741 0.0643508 2.97909 -5.07012 108.692 
0.633441 0.409515 99917 1 1.5849 0.452885 481 1 2012 0.00283389 0.0242206 0.0623556 2.96796 -5.04529 108.719 
0.633065 0.341725 100017 1 1.5849 0.452885 482 1 2015 0.00354869 0.0243523 0.0633294 2.97202 -5.04627 108.553 
0.612579 0.130111 100084 1 1.5849 0.452885 483 1 2017 0.00507629 0.0227552 0.0599302 2.96354 -5.01016 108.519 
0.583701 0.0900336 100151 1 1.5849 0.452885 484 1 2019 0.00596909 0.0193793 0.0619135 2.93514 -5.05308 108.816 
0.529065 0.311305 100218 1 1.5849 0.452885 485 1 2021 0.00284345 0.011076 0.0742847 2.84777 -5.23697 108.459 
0.458173 0.376109 100284 1 1.5849 0.452885 486 1 2023 -0.000255942 -0.000413808 0.066164 2.71495 -5.21517 108.427 
0.362108 0.327694 100351 1 1.5849 0.452885 487 1 2025 -0.00394121 0.00110967 0.0591335 2.70809 -5.16989 108.503 
0.233986 0.421806 100417 1 1.5849 0.452885 488 1 2027 -0.016068 -0.010284 0.058608 2.55819 -5.19861 108.246 
0.15064 0.331677 100485 1 1.5849 0.452885 489 1 2029 -0.0236204 -0.0126404 0.0442537 2.51273 -5.0409 108.139 
0.0599974 0.288974 100551 1 1.5849 0.452885 490 1 2031 -0.0286916 -0.01725 0.0416914 2.45695 -5.00569 108.164 
0.0495336 0.285543 100618 1 1.58906 0.452885 491 1 2033 -0.0302904 -0.0207969 0.0412563 2.42895 -4.99001 108.227 
0.0649983 0.272498 100651 1 1.5974 0.443269 492 1 2034 -0.0300744 -0.018113 0.0416546 2.45724 -4.99904 108.258 
0.111166 0.121509 100751 1 1.60156 0.438462 493 1 2037 -0.0287621 -0.0112821 0.0290447 2.55085 -4.91485 108.575 
0.101363 0.0225717 100818 1 1.60729 0.434615 494 1 2039 -0.0287275 -0.0159307 0.0243982 2.5471 -4.89312 108.777 
0.158806 0.0650826 100885 1 1.60625 0.440385 495 1 2041 -0.0266811 -0.0126344 0.0234662 2.62604 -4.93578 108.812 
0.161531 0.214596 100952 1 1.60156 0.448077 496 1 2043 -0.0236205 -0.0160916 0.0344842 2.5864 -5.15808 108.945 
0.163708 0.042095 100985 1 1.52552 0.449038 497 1 2044 -0.022528 -0.0172267 0.0245257 2.571 -5.0709 109.165 
0.180517 0.0949104 101085 1 1.15938 0.393269 498 1 2047 -0.0283507 -0.00818655 0.029132 2.61319 -5.24698 109.486 
0.140187 -0.0207235 101151 1 0.855729 0.401923 499 1 2049 -0.0300076 -0.0197172 0.0194862 2.55974 -5.23799 110.013 
0.0350113 0.199149 101218 1 0.689063 0.475 500 1 2051 -0.0229518 -0.0340556 0.0273637 2.49387 -5.48 109.999 
-0.0573962 0.0927281 101285 1 0.691146 0.475 501 1 2053 -0.0225622 -0.0412603 0.0160034 2.47468 -5.44438 110.129 
-0.1131 -0.0232989 101352 1 0.691146 0.475 502 1 2055 -0.0174946 -0.051625 0.0109729 2.40328 -5.50142 110.648 
-0.123545 -0.0229035 101418 1 0.702604 0.477885 503 1 2057 -0.0225531 -0.0525497 0.00633953 2.42249 -5.49783 110.636 
-0.089749 -0.0169698 101452 1 0.584896 0.484615 504 1 2058 -0.0239994 -0.0525293 0.00530103 2.432 -5.49386 110.674 
-0.248846 -0.205228 101552 1 0.502083 0.542308 505 0 2061 -0.0226239 -0.0595795 -0.00839539 2.38657 -5.45768 111.065 
-0.200872 -0.452981 101619 1 0.490104 0.556731 506 0 2063 -0.0197661 -0.060756 -0.0208609 2.37887 -5.35571 111.287 
-0.127531 -0.491903 101686 1 0.478646 0.568269 507 0 2065 -0.013817 -0.0607911 -0.0205094 2.3515 -5.38112 111.538 
-0.086869 -0.509818 101753 1 0.453646 0.570192 508 0 2067 -0.0116042 -0.0645467 -0.0210045 2.29636 -5.39324 111.74 
-0.129545 -0.436296 101819 1 0.434375 0.566346 509 0 2069 -0.0157095 -0.0685296 -0.0168182 2.26583 -5.47065 111.91 
-1.82786 1.7321 101886 1 0.423958 0.5 510 0 2071 -0.0133451 -0.0703949 -0.0149713 2.26957 -5.5182 112.063 
-0.7234 1.11923 101919 1 0.414583 0.421154 511 0 2072 -0.0208128 -0.0702171 -0.00659053 2.2999 -5.59275 112.053 
-0.136572 0.471322 102019 1 0.4125 0.414423 512 1 2075 -0.0132423 -0.062961 -0.00237345 2.44011 -5.61157 112.199 
-0.145077 0.362392 102086 1 0.4125 0.414423 513 1 2077 -0.0115649 -0.0681351 -0.00497439 2.35604 -5.55005 112.081 
-0.160052 0.0512665 102152 1 0.394271 0.439423 514 1 2079 -0.0155676 -0.0559688 -0.00451908 2.44836 -5.48473 111.933 
-0.179551 0.0882942 102219 1 0.389583 0.443269 515 1 2081 -0.0152017 -0.0624929 0.00808548 2.32067 -5.55495 112.143 
-0.215641 0.15135 102253 1 0.389583 0.443269 516 0 2082 -0.0197301 -0.0647387 0.0187619 2.29682 -5.62391 112.181 
-0.307885 0.294179 102387 1 0.389583 0.443269 517 0 2086 -0.0274025 -0.078198 0.0195664 2.06149 -5.62281 112.148 
-0.422131 0.200517 102486 1 0.389583 0.443269 518 0 2089 -0.0279192 -0.0857628 0.0167187 1.95641 -5.65266 112.436 
-0.618164 0.321023 102553 1 0.389583 0.443269 519 0 2091 -0.0312831 -0.1047 0.026544 1.75436 -5.77358 112.836 
-0.733468 0.264798 102586 1 0.389583 0.443269 520 0 2092 -0.0367713 -0.113789 0.0260524 1.66704 -5.76203 112.969 
-0.733468 0.264798 102586 1 0.389583 0.443269 521 0 2092 -0.0367713 -0.113789 0.0260524 1.66704 -5.76203 112.969 
-0.82759 0.431878 102753 1 0.389583 0.443269 522 0 2097 -0.0552336 -0.11772 0.0430407 1.74009 -5.80609 113.424 
-0.452746 0.381066 102820 1 0.390625 0.441346 523 0 2099 -0.0495489 -0.0885862 0.0383872 2.12568 -5.71432 113.589 
-0.348715 0.169996 102887 1 0.391146 0.440385 524 0 2101 -0.0422832 -0.0888571 0.0266059 2.17171 -5.55736 113.7 
-0.465275 -0.043769 102920 1 0.391667 0.439423 525 0 2102 -0.0399963 -0.0899051 0.025158 2.16147 -5.55505 113.589 
-0.465275 -0.043769 102920 1 0.391667 0.439423 526 0 2102 -0.0399963 -0.0899051 0.025158 2.16147 -5.55505 113.589 
-0.204204 0.248721 103120 1 0.391667 0.439423 527 0 2108 -0.0422202 -0.0732528 0.0408073 1.98138 -5.47437 112.504 
0.073387 0.290901 103187 1 0.409375 0.415385 528 1 2110 -0.044768 -0.0325453 0.0469614 2.29155 -5.43811 112.095 
0.105345 0.293596 103220 1 0.473958 0.374038 529 1 2111 -0.0481295 -0.0253576 0.0508351 2.31814 -5.43407 112.03 
0.105345 0.293596 103220 1 0.482292 0.379808 530 1 2111 -0.0481295 -0.0253576 0.0508351 2.31814 -5.43407 112.03 
0.0883247 0.709101 103387 1 0.482292 0.379808 531 1 2116 -0.0503158 -0.0231799 0.0800752 2.31139 -5.63213 111.538 
-0.189834 0.98779 103453 1 0.470833 0.359615 532 1 2118 -0.0403303 -0.025929 0.0928603 2.35859 -5.74718 111.406 
-0.273616 1.03189 103521 1 0.253125 0.251923 533 0 2120 -0.0347137 -0.0407562 0.0993518 2.31094 -5.8009 111.404 
-0.309762 1.04314 103587 1 0.144792 0.1625 534 0 2122 -0.0343434 -0.0489141 0.101783 2.31016 -5.82833 111.251 
-0.362531 1.0088 103654 1 0.140104 0.149038 535 0 2124 -0.0335362 -0.0506998 0.103106 2.3314 -5.83263 111.366 
-0.424036 1.23291 103721 1 0.135417 0.123077 536 0 2126 -0.0319587 -0.0559206 0.114368 2.3377 -5.91516 111.283 
-0.364834 0.981065 103788 1 0.10625 0.0894231 537 0 2128 -0.0275604 -0.05698 0.106424 2.38601 -5.74635 111.346 
-0.524295 0.946707 103854 1 0.107813 0.142308 538 0 2130 -0.0290937 -0.0673473 0.107257 2.31727 -5.69066 111.549 
-0.52147 0.976107 103887 1 0.116667 0.177885 539 0 2131 -0.029513 -0.0638391 0.109515 2.33131 -5.73867 111.727 
-0.52147 0.976107 103887 1 0.116667 0.179808 540 0 2131 -0.029513 -0.0638391 0.109515 2.33131 -5.73867 111.727 
-0.595903 0.648914 104055 1 0.119271 0.186538 541 0 2136 -0.0300194 -0.0568086 0.087535 2.40097 -5.62902 111.901 
-0.762683 0.793307 104121 1 0.122917 0.202885 542 0 2138 -0.0289264 -0.0712347 0.090198 2.25373 -5.67655 111.881 
-0.828946 0.925506 104189 1 0.122917 0.202885 543 0 2140 -0.0272715 -0.0784256 0.0930982 2.16834 -5.70366 112.03 
