ImageFile:
0.329354 0.743775 67055 1 0.293229 0.215385 1 1 749 -0.0256103 0.0708421 0.142704 -1.12923 0.364591 115.777 
0.466683 0.820314 67095 1 0.488542 0.211538 2 1 750 -0.0281645 0.074601 0.140608 -1.12841 0.361744 115.727 
0.464647 0.952261 67175 1 0.490104 0.211538 3 1 752 -0.0327271 0.0748333 0.138706 -1.1632 0.34741 115.351 
0.419388 0.973061 67256 1 0.490104 0.211538 4 1 754 -0.0353268 0.0705215 0.136326 -1.22608 0.353056 115.352 
0.398053 0.975192 67296 1 0.479687 0.211538 5 1 755 -0.0352727 0.069934 0.13596 -1.23852 0.353631 115.248 
0.410498 0.963932 67376 1 0.513542 0.202885 6 1 757 -0.0347572 0.0700298 0.136377 -1.22342 0.355836 115.28 
0.296985 0.949306 67456 1 0.66875 0.175962 7 1 759 -0.0349213 0.0727668 0.135285 -1.20838 0.364798 115.397 
0.296985 0.949306 67456 1 0.769271 0.163462 8 1 759 -0.0349213 0.0727668 0.135285 -1.20838 0.364798 115.397 
0.296985 0.949306 67456 1 0.788021 0.148077 9 1 759 -0.0349213 0.0727668 0.135285 -1.20838 0.364798 115.397 
0.14977 0.76692 67657 1 0.803646 0.140385 10 1 764 -0.0367465 0.0819599 0.133228 -1.17277 0.345377 115.323 
0.462712 2.62194 67696 1 0.909375 0.161538 11 0 765 -0.0367465 0.0819599 0.133228 -1.17277 0.345377 115.323 
1.11805 3.06166 67776 1 0.925 0.1625 12 0 767 -0.0374566 0.0781718 0.118789 -1.16861 0.469583 115.824 
-0.0592378 0.91938 67856 1 0.903646 0.149038 13 1 769 -0.0349047 0.0726748 0.131953 -1.18761 0.355371 115.515 
0.0259689 0.683671 67897 1 0.901563 0.140385 14 1 770 -0.0335637 0.0733989 0.137274 -1.18204 0.315678 115.456 
0.0268772 0.553167 67977 1 0.889062 0.123077 15 1 772 -0.0331042 0.0758318 0.136482 -1.15723 0.328662 115.459 
0.188365 0.436598 68057 1 0.885417 0.117308 16 1 774 -0.0332 0.0786668 0.140434 -1.1443 0.308988 115.404 
0.811298 0.31856 68097 1 0.884375 0.117308 17 1 775 -0.0333877 0.081429 0.14436 -1.11824 0.282164 115.347 
0.963268 0.160455 68177 1 0.879167 0.120192 18 1 777 -0.0330964 0.0778494 0.144686 -1.14241 0.291058 115.307 
0.950119 0.14182 68217 1 0.878125 0.121154 19 1 778 -0.0330929 0.0757238 0.146476 -1.15451 0.284161 115.242 
1.02886 0.127405 68298 1 0.878125 0.121154 20 1 780 -0.0321123 0.0772141 0.147335 -1.15042 0.296762 115.302 
1.02024 0.138701 68459 1 0.878125 0.121154 21 1 784 -0.0350395 0.0741877 0.147239 -1.17737 0.28579 115.265 
0.994409 0.112222 68538 1 0.867708 0.121154 22 1 786 -0.036272 0.0696611 0.146188 -1.18771 0.295219 115.285 
1.01527 0.103709 68618 1 0.859896 0.134615 23 1 788 -0.0353588 0.0659162 0.148977 -1.18013 0.274329 115.439 
0.628 3.14974 68698 1 0.825 0.178846 24 0 790 -0.0334104 0.107351 0.13684 -0.835963 0.376513 118.136 
0.470818 3.13527 68738 1 0.695833 0.3625 25 0 791 -0.0332227 0.118856 0.127463 -0.714627 0.451615 119.322 
0.657531 1.17586 68819 1 0.386458 0.664423 26 1 793 -0.0319926 0.126139 0.122124 -0.622737 0.472621 119.411 
0.748621 0.833181 68898 1 0.194792 0.870192 27 1 795 -0.030372 0.130419 0.125185 -0.627181 0.429769 119.256 
0.725413 0.759074 68938 1 0.188542 0.866346 28 1 796 -0.0300231 0.135722 0.128641 -0.621927 0.3978 119.209 
0.732835 0.804979 69020 1 0.188542 0.866346 29 1 798 -0.0332527 0.142291 0.128939 -0.641925 0.387324 119.172 
0.726541 0.805671 69099 1 0.188542 0.866346 30 1 800 -0.0367173 0.139924 0.125749 -0.732566 0.399274 119.224 
0.750397 0.776439 69219 1 0.1875 0.85 31 1 803 -0.0402327 0.138364 0.130411 -0.792761 0.332576 119.171 
0.72383 0.744811 69259 1 0.177083 0.863462 32 1 804 -0.0409829 0.138738 0.130919 -0.803439 0.333171 118.874 
0.414294 0.818743 69339 1 0.171354 0.893269 33 1 806 -0.0442473 0.0833458 0.131857 -1.28867 0.31995 115.634 
0.34205 0.875011 69419 1 0.142187 0.917308 34 1 808 -0.0406604 0.0737267 0.128402 -1.36281 0.299204 115.722 
0.350869 0.928924 69460 1 0.125 0.933654 35 1 809 -0.0369091 0.0693104 0.12857 -1.36513 0.297361 115.728 
0.39493 0.930535 69541 1 0.123958 0.934615 36 1 811 -0.0314012 0.0755584 0.132745 -1.23506 0.308578 115.688 
0.391588 0.973969 69620 1 0.107292 0.936538 37 1 813 -0.0300193 0.0716525 0.137795 -1.16006 0.331833 115.727 
0.368479 1.01384 69659 1 0.100521 0.945192 38 1 814 -0.0299974 0.0653523 0.141184 -1.17495 0.321694 115.692 
0.410687 0.921636 69740 1 0.0942708 0.953846 39 1 816 -0.0280466 0.0674388 0.139032 -1.1242 0.377972 115.651 
0.478102 1.06786 69820 1 0.0859375 0.963462 40 1 818 -0.0262644 0.0760442 0.148037 -1.09935 0.361439 115.599 
0.466255 1.11579 69860 1 0.0838542 0.965385 41 1 819 -0.0278285 0.0783608 0.1529 -1.11359 0.361313 115.433 
0.516364 1.08174 69941 1 0.0796875 0.968269 42 1 821 -0.0306875 0.0864344 0.154014 -1.10877 0.418884 115.594 
0.435591 1.10825 70021 1 0.0713542 0.973077 43 1 823 -0.037318 0.0700332 0.152953 -1.27336 0.438802 115.507 
0.404107 1.13448 70060 1 0.0703125 0.974038 44 1 824 -0.037844 0.0664218 0.152129 -1.3074 0.442817 115.447 
0.373072 1.10243 70141 1 0.0703125 0.974038 45 1 826 -0.0365299 0.0593468 0.150813 -1.36441 0.448498 115.429 
0.394591 1.07005 70221 1 0.0703125 0.974038 46 1 828 -0.0347869 0.0614688 0.153641 -1.35662 0.45326 115.66 
0.397802 1.05895 70261 1 0.0703125 0.974038 47 1 829 -0.0350156 0.0625267 0.155733 -1.36268 0.442346 115.679 
0.386375 1.0751 70342 1 0.0703125 0.974038 48 1 831 -0.0355137 0.0610488 0.156826 -1.37899 0.423978 115.801 
1.73221 6.02002 70421 1 0.0703125 0.974038 49 0 833 -0.0368786 0.0605124 0.152944 -1.37735 0.452647 115.917 
1.56507 4.89686 70461 1 0.0703125 0.974038 50 0 834 -0.0360377 0.0561299 0.143164 -1.3934 0.533086 116.338 
0.260373 1.72206 70541 1 0.0703125 0.974038 51 0 836 -0.0302559 0.0407911 0.152518 -1.47337 0.458326 116.016 
0.240044 1.44328 70582 1 0.0703125 0.974038 52 0 837 -0.0278276 0.0416521 0.157116 -1.4551 0.41642 115.968 
0.240044 1.44328 70582 1 0.0703125 0.974038 53 0 837 -0.0278276 0.0416521 0.157116 -1.4551 0.41642 115.968 
0.271869 1.20054 70742 1 0.0703125 0.974038 54 0 841 -0.026802 0.040211 0.157459 -1.43025 0.374348 115.944 
0.315958 1.09275 70822 1 0.0703125 0.974038 55 1 843 -0.024526 0.0448148 0.15582 -1.39136 0.368836 116.079 
0.307462 1.11792 70862 1 0.0703125 0.974038 56 1 844 -0.0253682 0.0405937 0.154488 -1.41993 0.367577 116.127 
0.322852 1.15149 70942 1 0.122917 0.974038 57 1 846 -0.0246536 0.0430935 0.156637 -1.40739 0.335962 116.134 
0.321547 1.19459 71023 1 0.654167 0.969231 58 1 848 -0.0246829 0.0385586 0.161005 -1.45784 0.294259 116.071 
0.328737 1.1834 71063 1 0.955208 0.954808 59 1 849 -0.0246588 0.0389463 0.160997 -1.46043 0.295544 116.2 
0.355624 1.19007 71142 1 0.994271 0.944231 60 1 851 -0.0241667 0.0422188 0.160529 -1.43416 0.295096 116.275 
0.335923 1.13061 71223 1 0.994271 0.944231 61 1 853 -0.023501 0.0359977 0.159532 -1.48627 0.323532 116.373 
0.355122 1.11568 71263 1 0.994271 0.944231 62 1 854 -0.0234423 0.0424215 0.162057 -1.43474 0.312079 116.377 
0.3749 1.06461 71343 1 0.954688 0.926923 63 1 856 -0.0231824 0.0443263 0.163491 -1.45042 0.318422 116.406 
0.316393 1.05599 71424 1 0.974479 0.918269 64 1 858 -0.0243709 0.0423593 0.165559 -1.47457 0.313457 116.381 
0.305521 1.06819 71464 1 1.05313 0.916346 65 1 859 -0.0251649 0.0406582 0.164463 -1.48909 0.317364 116.374 
0.291893 1.06374 71543 1 1.16354 0.930769 66 1 861 -0.0252374 0.0374445 0.160013 -1.51882 0.346794 116.51 
0.267221 1.13019 71624 1 1.22865 0.945192 67 1 863 -0.0272072 0.0337257 0.15781 -1.55054 0.336702 116.333 
0.261134 1.12462 71664 1 1.26198 1.02885 68 1 864 -0.0265358 0.0318344 0.157865 -1.56188 0.336877 116.261 
0.286255 1.12143 71744 1 1.31667 1.0375 69 1 866 -0.0255152 0.0366438 0.15947 -1.52037 0.332369 116.196 
0.294813 1.14775 71786 1 1.37917 0.968269 70 1 867 -0.0256456 0.0340676 0.160012 -1.53176 0.320837 116.247 
0.266726 1.18956 71865 1 1.36458 0.785577 71 1 869 -0.0266407 0.0298897 0.158739 -1.52868 0.314013 116.226 
0.246694 1.22442 71944 1 1.36563 0.665385 72 0 871 -0.0241447 0.0303339 0.158949 -1.50027 0.297495 116.264 
0.278534 1.19121 71984 1 1.34844 0.616346 73 1 872 -0.022451 0.0333373 0.155258 -1.46805 0.327751 116.274 
0.308682 1.17783 72065 1 1.30417 0.625962 74 1 874 -0.0216388 0.0346542 0.155572 -1.42071 0.331047 116.265 
0.206412 3.85358 72145 1 1.2974 0.6625 75 0 876 -0.021571 0.0348336 0.159111 -1.40736 0.3032 116.277 
1.48992 4.55696 72225 1 1.29844 0.704808 76 0 878 -0.021452 0.0306556 0.141059 -1.4273 0.45708 116.835 
0.00913258 2.32073 72264 1 1.29896 0.710577 77 0 879 -0.021864 0.0285965 0.145418 -1.44378 0.411837 116.655 
0.235533 1.46196 72345 1 1.30156 0.708654 78 0 881 -0.0188537 0.0260099 0.155483 -1.45515 0.32211 116.312 
0.295907 1.17253 72425 1 1.30208 0.708654 79 1 883 -0.013411 0.0322763 0.157514 -1.43308 0.330452 116.19 
0.313808 1.07482 72465 1 1.3026 0.708654 80 1 884 -0.0121147 0.0317456 0.155654 -1.45594 0.367911 116.24 
0.293843 1.00274 72546 1 1.3026 0.708654 81 1 886 -0.0133403 0.0337835 0.156052 -1.47176 0.388526 116.323 
0.266669 0.992843 72586 1 1.3026 0.708654 82 1 887 -0.0143851 0.0343161 0.155942 -1.47767 0.388793 116.372 
0.28792 1.04196 72665 1 1.30365 0.713462 83 1 889 -0.0152343 0.0368893 0.155392 -1.47558 0.373356 116.412 
0.289889 1.13165 72746 1 1.30365 0.714423 84 1 891 -0.0154026 0.0341493 0.149442 -1.53693 0.371116 116.3 
0.26632 1.17874 72826 1 1.30469 0.719231 85 1 893 -0.0183421 0.0428814 0.139444 -1.51626 0.393077 116.228 
0.275442 1.15268 72866 1 1.30469 0.719231 86 1 894 -0.0207361 0.0398932 0.135798 -1.55494 0.396327 116.1 
0.326061 0.989426 72947 1 1.30469 0.719231 87 1 896 -0.0213427 0.0482321 0.13537 -1.50679 0.377536 115.943 
0.298477 0.906934 73027 1 1.30469 0.719231 88 1 898 -0.024314 0.0490354 0.140319 -1.52912 0.35576 115.751 
-0.015762 0.765369 73107 1 1.30469 0.719231 89 1 900 -0.027175 0.0549832 0.146614 -1.47809 0.330125 115.594 
-0.0167165 0.698439 73146 1 1.30469 0.719231 90 1 901 -0.0288141 0.0543376 0.144627 -1.4769 0.35724 115.557 
-0.0183898 0.671027 73227 1 1.30469 0.719231 91 1 903 -0.0298775 0.051553 0.144831 -1.4442 0.365688 115.453 
-0.113188 0.664369 73307 1 1.30469 0.719231 92 1 905 -0.0287225 0.0362818 0.147496 -1.50686 0.348791 115.329 
-0.0991123 0.664762 73347 1 1.30469 0.719231 93 1 906 -0.027799 0.0345393 0.149655 -1.49728 0.333827 115.292 
-0.112293 0.64279 73427 1 1.30469 0.719231 94 1 908 -0.022776 0.0333991 0.14768 -1.46575 0.355265 115.291 
-0.105364 0.650507 73467 1 1.30469 0.719231 95 1 909 -0.0196475 0.0339167 0.151347 -1.44423 0.335229 115.254 
-0.081878 0.644161 73547 1 1.30469 0.719231 96 1 911 -0.0195501 0.0416134 0.162394 -1.38003 0.281643 115.176 
0.0425634 0.58666 73628 1 1.30469 0.719231 97 1 913 -0.0215589 0.0568046 0.166193 -1.29741 0.314552 115.266 
0.0296386 0.606381 73668 1 1.30469 0.719231 98 1 914 -0.0256105 0.0515655 0.160618 -1.36779 0.379878 115.331 
0.0227719 0.616359 73708 1 1.30469 0.719231 99 1 915 -0.0272824 0.0520806 0.160846 -1.37262 0.380761 115.395 
0.0227719 0.616359 73708 1 1.30469 0.719231 100 1 915 -0.0272824 0.0520806 0.160846 -1.37262 0.380761 115.395 
-0.0129086 0.685411 73868 1 1.30469 0.719231 101 1 919 -0.0297349 0.0341476 0.160961 -1.47689 0.36828 115.233 
-0.0701975 0.734254 73948 1 1.30469 0.719231 102 1 921 -0.0283091 0.0258257 0.161949 -1.52255 0.350802 115.187 
-0.0143597 0.694783 74028 1 1.30469 0.719231 103 1 923 -0.0232232 0.0325351 0.163163 -1.45949 0.357277 115.357 
0.00106023 0.72037 74109 1 1.30469 0.719231 104 1 925 -0.0204714 0.0350997 0.173232 -1.44214 0.306738 115.265 
-0.00990762 0.708027 74148 1 1.30469 0.719231 105 1 926 -0.0192995 0.035112 0.174557 -1.44015 0.318056 115.405 
-0.0578442 0.696852 74228 1 1.30469 0.719231 106 1 928 -0.0188227 0.0370079 0.174743 -1.40619 0.337814 115.576 
-0.0347498 0.693886 74309 1 1.30469 0.719231 107 1 930 -0.0175417 0.0351991 0.172729 -1.42029 0.345102 115.774 
-0.0582854 0.702304 74349 1 1.30469 0.719231 108 1 931 -0.0170097 0.0335833 0.172925 -1.43684 0.337869 115.711 
-0.0503216 0.744017 74430 1 1.30469 0.719231 109 1 933 -0.0164711 0.0330119 0.176744 -1.44468 0.301078 115.716 
-0.0151036 0.747225 74511 1 1.30469 0.719231 110 1 935 -0.0171105 0.038741 0.179827 -1.41685 0.283235 115.543 
-0.0278255 0.749993 74549 1 1.30469 0.719231 111 1 936 -0.0171091 0.0379009 0.179187 -1.42664 0.288116 115.453 
-0.0425273 0.68923 74629 1 1.30469 0.719231 112 1 938 -0.0169547 0.0354358 0.176502 -1.43786 0.327459 115.384 
-0.0355723 0.681018 74669 1 1.30469 0.719231 113 1 939 -0.0170663 0.0351643 0.176694 -1.43562 0.328877 115.415 
-0.0513048 0.683492 74750 1 1.30469 0.719231 114 1 941 -0.0173941 0.0358304 0.178336 -1.41814 0.323753 115.433 
-0.0628332 0.642762 74830 1 1.30469 0.719231 115 1 943 -0.0178075 0.0337474 0.176342 -1.4247 0.354314 115.509 
-0.0666206 0.625437 74910 1 1.30469 0.719231 116 1 945 -0.0185477 0.0339466 0.176833 -1.42494 0.358208 115.518 
-0.0701262 0.635925 74990 1 1.30469 0.719231 117 1 947 -0.020618 0.0342817 0.172364 -1.4095 0.379928 115.66 
-0.0563252 0.673608 75030 1 1.30469 0.719231 118 1 948 -0.0215423 0.0351394 0.174985 -1.39773 0.347902 115.661 
0.357827 0.560985 75110 1 1.30469 0.719231 119 1 950 -0.0208011 0.0374641 0.175995 -1.39621 0.314337 115.517 
0.361429 0.50374 75191 1 1.30469 0.719231 120 1 952 -0.0216541 0.0384672 0.17807 -1.39846 0.265077 115.357 
0.376933 0.482274 75231 1 1.30469 0.719231 121 1 953 -0.0221469 0.0427743 0.175219 -1.37448 0.265985 115.443 
0.371525 0.359745 75310 1 1.30469 0.719231 122 1 955 -0.0206854 0.0413273 0.169421 -1.40384 0.306373 115.323 
0.381996 0.330113 75391 1 1.30469 0.719231 123 1 957 -0.0198749 0.0442734 0.166528 -1.42474 0.32283 115.316 
0.369924 0.318863 75431 1 1.30469 0.719231 124 1 958 -0.0199691 0.0405202 0.163501 -1.4715 0.345933 115.305 
0.373485 0.346352 75511 1 1.30469 0.719231 125 1 960 -0.0204479 0.0416706 0.162848 -1.49787 0.337415 115.291 
0.401961 0.334856 75552 1 1.30469 0.719231 126 1 961 -0.0202255 0.0482814 0.157703 -1.47326 0.368563 115.283 
0.450345 0.320814 75632 1 1.30469 0.719231 127 1 963 -0.0219665 0.0602836 0.158724 -1.42919 0.355495 115.306 
0.483757 0.329972 75711 1 1.30469 0.719231 128 1 965 -0.0241339 0.0619503 0.160531 -1.44462 0.349271 115.254 
0.479645 0.329965 75751 1 1.30469 0.719231 129 1 966 -0.0243623 0.0619857 0.160567 -1.44488 0.349572 115.244 
0.420407 0.376315 75833 1 1.30469 0.719231 130 1 968 -0.0309499 0.057693 0.158423 -1.45483 0.349967 115.205 
0.369177 0.379357 75913 1 1.30469 0.719231 131 1 970 -0.0332564 0.0513573 0.156513 -1.4579 0.353841 115.222 
0.357108 0.402618 75992 1 1.30469 0.719231 132 1 972 -0.0316704 0.0439216 0.156727 -1.44807 0.342815 115.135 
0.378764 0.401735 76033 1 1.30469 0.719231 133 1 973 -0.0307485 0.041293 0.15577 -1.44392 0.346797 115.126 
0.355755 0.40681 76112 1 1.30469 0.719231 134 1 975 -0.0298338 0.0403549 0.154288 -1.43942 0.352807 115.182 
0.373762 0.399713 76192 1 1.31719 0.716346 135 1 977 -0.0269284 0.042901 0.154605 -1.43465 0.343705 115.142 
0.403388 0.411348 76273 1 1.34271 0.718269 136 1 979 -0.0268189 0.0487331 0.15169 -1.41348 0.354661 115.118 
0.406892 0.422777 76313 1 1.35781 0.722115 137 1 980 -0.0269481 0.0490522 0.152236 -1.41944 0.350761 115.077 
0.400252 0.408832 76393 1 1.3625 0.719231 138 1 982 -0.025858 0.0470607 0.15098 -1.44631 0.361493 115.068 
0.382522 0.433568 76473 1 1.3651 0.716346 139 1 984 -0.0263414 0.0474094 0.152833 -1.45054 0.343866 114.939 
0.411128 0.438683 76513 1 1.3651 0.716346 140 1 985 -0.0265868 0.0506625 0.155022 -1.42837 0.328767 114.974 
0.412838 0.432037 76593 1 1.3651 0.716346 141 1 987 -0.0268191 0.0493662 0.15387 -1.42883 0.336766 115.007 
0.395888 0.408794 76674 1 1.3651 0.716346 142 1 989 -0.0264577 0.0464791 0.150492 -1.4422 0.365006 115.113 
0.405253 0.418 76714 1 1.3651 0.716346 143 1 990 -0.0257249 0.0464513 0.150839 -1.43455 0.358479 115.106 
0.393374 0.44625 76793 1 1.3651 0.716346 144 1 992 -0.0250119 0.044451 0.154077 -1.44562 0.332112 114.998 
0.392616 0.430759 76833 1 1.3651 0.716346 145 1 993 -0.0252775 0.0454204 0.1536 -1.43853 0.342859 115.061 
0.392616 0.430759 76833 1 1.3651 0.716346 146 1 993 -0.0252775 0.0454204 0.1536 -1.43853 0.342859 115.061 
0.423546 0.412413 76994 1 1.3651 0.716346 147 1 997 -0.025432 0.0535291 0.151402 -1.39009 0.363364 115.125 
0.43023 0.433947 77075 1 1.3651 0.716346 148 1 999 -0.023325 0.0481404 0.151572 -1.41539 0.372338 115.175 
-0.129395 1.52828 77115 1 1.3651 0.716346 149 0 1000 -0.023325 0.0481404 0.151572 -1.41539 0.372338 115.175 
1.87112 3.4291 77194 1 1.3651 0.716346 150 0 1002 -0.0240905 0.055795 0.140193 -1.37223 0.505483 115.696 
0.769348 1.1549 77274 1 1.3651 0.716346 151 1 1004 -0.0256661 0.0545173 0.149037 -1.3952 0.418267 115.423 
0.764287 0.988244 77314 1 1.3651 0.716346 152 1 1005 -0.0253529 0.0530718 0.150938 -1.40475 0.407064 115.353 
0.745749 0.869506 77395 1 1.3651 0.716346 153 1 1007 -0.0281054 0.0523131 0.152936 -1.41064 0.38986 115.363 
0.752487 0.822929 77435 1 1.3651 0.716346 154 1 1008 -0.0279255 0.0501564 0.148956 -1.41975 0.424434 115.387 
0.782281 0.792153 77516 1 1.3651 0.716346 155 1 1010 -0.0295288 0.0487031 0.149605 -1.41243 0.415645 115.394 
0.778952 0.72687 77595 1 1.3651 0.716346 156 1 1012 -0.0307109 0.0517684 0.148292 -1.39342 0.425637 115.486 
0.779115 0.726686 77635 1 1.3651 0.716346 157 1 1013 -0.0307262 0.05176 0.148287 -1.39335 0.425592 115.486 
0.771073 0.696707 77715 1 1.3651 0.716346 158 1 1015 -0.0341502 0.0548427 0.146837 -1.36872 0.410081 115.48 
0.74347 0.702492 77796 1 1.3651 0.716346 159 1 1017 -0.0364992 0.0505608 0.144634 -1.37545 0.415788 115.525 
0.724336 0.696203 77876 1 1.3651 0.716346 160 1 1019 -0.0352397 0.0470891 0.139585 -1.36601 0.448241 115.433 
0.743999 0.688595 77915 1 1.3651 0.716346 161 1 1020 -0.0333747 0.0484795 0.140106 -1.32655 0.442068 115.363 
0.713596 0.625659 77996 1 1.3651 0.716346 162 1 1022 -0.0297525 0.048839 0.132756 -1.27662 0.48472 115.49 
0.699113 0.641512 78076 1 1.3651 0.716346 163 1 1024 -0.0275298 0.0453318 0.134052 -1.29159 0.454054 115.293 
0.702666 0.665338 78116 1 1.3651 0.716346 164 1 1025 -0.0261578 0.0454521 0.136199 -1.28395 0.430816 115.219 
0.711642 0.70255 78197 1 1.3651 0.716346 165 1 1027 -0.0243172 0.0495959 0.135861 -1.25466 0.424006 115.109 
0.739322 0.716056 78277 1 1.3651 0.716346 166 1 1029 -0.0225245 0.0541331 0.139818 -1.23767 0.397666 115.058 
0.748752 0.713112 78316 1 1.3651 0.716346 167 1 1030 -0.0225087 0.054843 0.141756 -1.24864 0.389214 115.101 
0.765934 0.694973 78396 1 1.3651 0.716346 168 1 1032 -0.0239351 0.0598646 0.141513 -1.27263 0.398449 115.032 
0.78212 0.672766 78437 1 1.3651 0.716346 169 1 1033 -0.0242756 0.0687345 0.138562 -1.23488 0.42925 115.142 
0.746344 0.61442 78519 1 1.3651 0.716346 170 1 1035 -0.0259618 0.0628212 0.135312 -1.31471 0.4626 115.177 
0.739645 0.59296 78597 1 1.3651 0.716346 171 1 1037 -0.0268428 0.064787 0.137379 -1.31578 0.460281 115.21 
0.72763 0.56667 78637 1 1.3651 0.716346 172 1 1038 -0.0286473 0.0631655 0.134507 -1.33751 0.485184 115.183 
0.737558 0.566518 78717 1 1.3651 0.716346 173 1 1040 -0.0306817 0.0637452 0.133921 -1.35228 0.490393 115.204 
0.738882 0.565327 78797 1 1.3651 0.716346 174 1 1042 -0.0302429 0.0633776 0.132831 -1.35289 0.49524 115.355 
0.719395 0.555251 78878 1 1.3651 0.716346 175 1 1044 -0.0286355 0.0593554 0.135895 -1.38436 0.477194 115.252 
0.719982 0.546017 78920 1 1.3651 0.716346 176 1 1045 -0.0277243 0.0564206 0.140086 -1.40148 0.457553 115.237 
0.744104 0.526187 78998 1 1.3651 0.716346 177 1 1047 -0.0280898 0.0634828 0.142103 -1.34335 0.464276 115.308 
0.749682 0.523213 79037 1 1.3651 0.716346 178 1 1048 -0.0281227 0.0631063 0.142453 -1.34072 0.467213 115.303 
0.389483 0.55212 79118 1 1.3651 0.716346 179 1 1050 -0.0277833 0.0613698 0.145187 -1.31413 0.448017 115.351 
0.361677 0.553675 79198 1 1.3651 0.716346 180 1 1052 -0.0264007 0.0583556 0.145319 -1.3093 0.453284 115.338 
0.384329 0.519982 79238 1 1.3651 0.716346 181 1 1053 -0.0257935 0.0553737 0.142645 -1.31844 0.480886 115.42 
0.370498 0.523864 79319 1 1.3651 0.716346 182 1 1055 -0.0257764 0.0539609 0.144035 -1.31422 0.477936 115.441 
0.387037 0.520584 79399 1 1.3651 0.716346 183 1 1057 -0.0238467 0.0575096 0.146151 -1.28596 0.481935 115.462 
0.369075 0.533482 79438 1 1.3651 0.716346 184 1 1058 -0.0245356 0.0556206 0.147226 -1.30701 0.48047 115.43 
0.366865 0.527758 79520 1 1.3651 0.716346 185 1 1060 -0.0238257 0.0550763 0.147085 -1.32774 0.487709 115.504 
0.390557 0.543866 79599 1 1.3651 0.716346 186 1 1062 -0.0220269 0.0560883 0.148012 -1.34267 0.490887 115.518 
0.369975 0.614113 79639 1 1.3651 0.716346 187 1 1063 -0.0241088 0.0514631 0.150254 -1.38327 0.487741 115.458 
0.365222 0.625237 79720 1 1.3651 0.716346 188 1 1065 -0.0233574 0.0574789 0.161438 -1.33485 0.449796 115.429 
0.335891 0.615312 79799 1 1.3651 0.716346 189 1 1067 -0.0254047 0.0516195 0.161086 -1.3609 0.467715 115.378 
0.322917 0.62104 79839 1 1.3651 0.716346 190 1 1068 -0.0275286 0.0505743 0.162499 -1.35702 0.455966 115.39 
0.316328 0.567363 79919 1 1.3651 0.716346 191 1 1070 -0.0255129 0.0493397 0.162851 -1.32734 0.468187 115.485 
0.334517 0.547063 79960 1 1.3651 0.716346 192 1 1071 -0.0236725 0.0489978 0.162467 -1.3148 0.482978 115.605 
0.334517 0.547063 79960 1 1.3651 0.716346 193 1 1071 -0.0236725 0.0489978 0.162467 -1.3148 0.482978 115.605 
0.342685 0.509177 80120 1 1.3651 0.716346 194 1 1075 -0.0221865 0.0526004 0.162661 -1.29452 0.492859 115.702 
0.372443 0.475481 80200 1 1.3651 0.716346 195 1 1077 -0.0203077 0.0539471 0.163433 -1.30159 0.494461 115.755 
0.351308 0.482589 80240 1 1.3651 0.716346 196 1 1078 -0.0210928 0.0552968 0.163223 -1.29955 0.497357 115.678 
0.333623 0.508741 80320 1 1.3651 0.716346 197 1 1080 -0.022847 0.0534328 0.162283 -1.31472 0.496676 115.671 
0.309661 0.519305 80401 1 1.3651 0.716346 198 1 1082 -0.0230711 0.0492005 0.160868 -1.33133 0.496764 115.69 
0.334061 0.540883 80441 1 1.3651 0.716346 199 1 1083 -0.0227878 0.050839 0.161637 -1.31097 0.480169 115.651 
0.327513 0.591384 80521 1 1.3651 0.716346 200 1 1085 -0.0227713 0.0475411 0.163534 -1.33057 0.449245 115.583 
0.341722 0.574386 80601 1 1.3651 0.716346 201 1 1087 -0.0222366 0.0518827 0.161891 -1.29631 0.46317 115.633 
0.341722 0.574386 80641 1 1.3651 0.716346 202 1 1088 -0.0222366 0.0518827 0.161891 -1.29631 0.46317 115.633 
0.339697 0.586532 80721 1 1.3651 0.716346 203 1 1090 -0.0235356 0.0559465 0.161909 -1.26884 0.45885 115.637 
0.318841 0.590299 80802 1 1.3651 0.716346 204 1 1092 -0.0216075 0.0464255 0.164204 -1.32569 0.452235 115.697 
0.33928 0.553698 80882 1 1.3651 0.716346 205 1 1094 -0.0199972 0.0480652 0.164734 -1.30384 0.451449 115.869 
0.370873 0.568613 80921 1 1.3651 0.716346 206 1 1095 -0.020307 0.0532729 0.163215 -1.25853 0.448835 116.455 
0.494025 1.41463 81002 1 1.3651 0.716346 207 0 1097 -0.0186032 0.0816241 0.148685 -1.00855 0.538329 118.458 
0.462645 1.42249 81041 1 1.3651 0.716346 208 0 1098 -0.0178252 0.0856004 0.145046 -0.981174 0.555771 118.527 
0.574923 0.999452 81122 1 1.3651 0.716346 209 1 1100 -0.0183748 0.0848615 0.149341 -0.982422 0.487948 118.322 
0.591163 0.786218 81202 1 1.3651 0.716346 210 1 1102 -0.0185903 0.0841544 0.151025 -0.995962 0.447647 118.25 
0.568374 0.727878 81242 1 1.3651 0.716346 211 1 1103 -0.0184368 0.0785627 0.147641 -1.04185 0.455118 118.204 
0.557605 0.703742 81322 1 1.3651 0.716346 212 1 1105 -0.0192116 0.082148 0.139643 -1.00683 0.486594 118.282 
0.524824 0.490993 81402 1 1.3651 0.716346 213 1 1107 -0.0176167 0.0820763 0.13863 -1.00403 0.464203 118.215 
0.538984 0.481938 81442 1 1.3651 0.716346 214 1 1108 -0.0169071 0.0795667 0.139534 -1.02218 0.448147 118.142 
0.539035 0.482154 81523 1 1.3651 0.716346 215 1 1110 -0.0169144 0.079514 0.139417 -1.02164 0.447162 118.15 
0.511116 0.461981 81603 1 1.3651 0.716346 216 1 1112 -0.0176799 0.079914 0.142981 -0.987523 0.414715 118.085 
0.581426 0.428455 81643 1 1.3651 0.716346 217 1 1113 -0.0166166 0.081665 0.14307 -0.951782 0.418654 118.158 
0.553196 0.4198 81723 1 1.3651 0.716346 218 1 1115 -0.0155573 0.0801428 0.142987 -0.930896 0.421362 118.194 
0.54009 0.383139 81803 1 1.3651 0.716346 219 1 1117 -0.0124105 0.0760928 0.140216 -0.912494 0.456271 118.232 
0.270693 0.418587 81843 1 1.3651 0.716346 220 1 1118 -0.0113343 0.0744156 0.142641 -0.893322 0.434695 118.252 
0.1865 0.454353 81923 1 1.3651 0.716346 221 1 1120 -0.00911981 0.0644672 0.139644 -0.938193 0.434346 118.217 
0.20341 0.493195 82004 1 1.3651 0.716346 222 1 1122 -0.00517185 0.0571 0.136915 -0.967892 0.430446 118.069 
0.200686 0.513995 82044 1 1.3651 0.716346 223 1 1123 -0.00472627 0.054041 0.139158 -0.977901 0.388865 117.951 
0.13169 0.554534 82123 1 1.3651 0.716346 224 1 1125 -0.00603854 0.0522963 0.133647 -0.964185 0.379165 117.755 
0.203694 0.416054 82204 1 1.3651 0.716346 225 1 1127 -0.006727 0.0574096 0.124058 -0.867065 0.438833 117.721 
0.233806 0.323597 82244 1 1.3651 0.716346 226 1 1128 -0.00721925 0.0586614 0.121231 -0.83511 0.459901 117.776 
0.2147 0.311083 82324 1 1.3651 0.716346 227 1 1130 -0.00578655 0.055658 0.128847 -0.844604 0.423324 117.803 
0.236001 0.372314 82405 1 1.3651 0.716346 228 1 1132 -0.00494971 0.0608841 0.131438 -0.806949 0.426151 117.891 
0.22817 0.387089 82444 1 1.3651 0.716346 229 1 1133 -0.00416827 0.0624968 0.134786 -0.802654 0.414812 117.907 
0.253833 0.458897 82524 1 1.3651 0.716346 230 1 1135 -0.00459489 0.0666836 0.139636 -0.7829 0.40811 117.903 
0.230253 0.349614 82605 1 1.3651 0.716346 231 1 1137 -0.00766552 0.058472 0.137914 -0.883546 0.455372 118.078 
0.257211 0.305429 82645 1 1.3651 0.716346 232 1 1138 -0.00858295 0.05942 0.138847 -0.889093 0.46025 118.104 
0.247794 0.287624 82725 1 1.3651 0.716346 233 1 1140 -0.010466 0.0589855 0.140031 -0.907389 0.462229 118.106 
0.257795 0.31177 82805 1 1.3651 0.716346 234 1 1142 -0.0125018 0.0555589 0.140683 -0.922334 0.45011 118.063 
0.230209 0.323557 82845 1 1.3651 0.716346 235 1 1143 -0.012766 0.0468619 0.139757 -0.985182 0.448722 118.064 
0.211537 0.355595 82925 1 1.3651 0.716346 236 1 1145 -0.0130387 0.0401639 0.140557 -1.01976 0.428494 118.025 
0.285829 0.502484 82965 1 1.3651 0.716346 237 1 1146 -0.0124266 0.0351122 0.13559 -1.05683 0.471084 118.012 
0.492856 0.94593 83046 1 1.3651 0.716346 238 1 1148 -0.0141212 0.0351866 0.132101 -1.05791 0.505099 118.238 
0.466654 0.946866 83086 1 1.3651 0.716346 239 1 1149 -0.0148909 0.0341044 0.131326 -1.07091 0.510465 118.278 
0.466654 0.946866 83086 1 1.3651 0.716346 240 1 1149 -0.0148909 0.0341044 0.131326 -1.07091 0.510465 118.278 
0.498414 0.972039 83246 1 1.3651 0.716346 241 1 1153 -0.0151382 0.03752 0.134633 -1.06361 0.478254 118.326 
0.573342 0.996809 83326 1 1.3651 0.716346 242 1 1155 -0.0152334 0.0394295 0.130976 -1.04542 0.506283 118.334 
0.585676 0.992069 83407 1 1.3651 0.716346 243 1 1157 -0.0142462 0.04189 0.135367 -1.02166 0.482629 118.292 
0.551173 1.01237 83446 1 1.3651 0.716346 244 1 1158 -0.0137008 0.0385231 0.134092 -1.04706 0.498924 118.243 
0.546935 0.975582 83527 1 1.3651 0.716346 245 1 1160 -0.0126048 0.0388138 0.133291 -1.0445 0.524556 118.206 
0.547613 0.911786 83606 1 1.3651 0.716346 246 1 1162 -0.0124944 0.0420121 0.12992 -1.02245 0.56894 118.32 
0.535072 0.869297 83648 1 1.3651 0.716346 247 1 1163 -0.0131351 0.0376806 0.130844 -1.06449 0.55986 118.295 
0.581871 0.818566 83727 1 1.3651 0.716346 248 1 1165 -0.0129066 0.039413 0.130585 -1.0611 0.558562 118.222 
0.594714 0.834512 83807 1 1.3651 0.716346 249 1 1167 -0.0140751 0.040205 0.12935 -1.06491 0.561825 118.17 
0.579663 0.828153 83847 1 1.3651 0.716346 250 1 1168 -0.0144789 0.0402993 0.129282 -1.07122 0.563366 118.191 
0.581077 0.836256 83928 1 1.3651 0.716346 251 1 1170 -0.0141309 0.0365016 0.129483 -1.09148 0.564459 118.228 
0.555034 0.847467 84007 1 1.3651 0.716346 252 1 1172 -0.0149167 0.0400264 0.128837 -1.06974 0.560437 118.292 
0.580626 0.874701 84047 1 1.3651 0.716346 253 1 1173 -0.0151553 0.0410969 0.130574 -1.05929 0.541893 118.314 
0.558326 0.413923 84129 1 1.3651 0.716346 254 1 1175 -0.0131726 0.0382978 0.133471 -1.08965 0.513365 118.142 
0.582487 0.229395 84208 1 1.3651 0.716346 255 1 1177 -0.0123439 0.0427651 0.132527 -1.06329 0.530756 118.19 
0.591184 0.221344 84248 1 1.3651 0.716346 256 1 1178 -0.0122906 0.0461928 0.133308 -1.04258 0.528753 118.128 
0.581417 0.238864 84328 1 1.3651 0.716346 257 1 1180 -0.0141816 0.0433628 0.134411 -1.06632 0.523596 118.195 
0.582579 0.250894 84410 1 1.3651 0.716346 258 1 1182 -0.0151698 0.0455493 0.133163 -1.04484 0.532362 118.132 
0.573402 0.275834 84489 1 1.3651 0.716346 259 1 1184 -0.0153415 0.0450467 0.132856 -1.04064 0.529744 118.186 
0.57151 0.290094 84528 1 1.3651 0.716346 260 1 1185 -0.0152623 0.0446321 0.13261 -1.03736 0.527799 118.205 
0.586978 0.3558 84609 1 1.3651 0.716346 261 1 1187 -0.0155856 0.0426107 0.137707 -1.04055 0.477047 118.116 
0.591508 0.346429 84688 1 1.3651 0.716346 262 1 1189 -0.0150672 0.0464873 0.136537 -1.01112 0.480399 118.132 
0.621793 0.30961 84728 1 1.3651 0.716346 263 1 1190 -0.0142142 0.045527 0.134883 -1.0157 0.49031 118.135 
0.626424 0.304472 84809 1 1.3651 0.716346 264 1 1192 -0.0140923 0.0448956 0.134411 -1.01035 0.486063 118.193 
0.593195 0.587084 84889 1 1.3651 0.716346 265 1 1194 -0.014309 0.0432136 0.137349 -1.02506 0.460128 118.189 
0.424329 2.52354 84970 1 1.3651 0.716346 266 0 1196 -0.0141469 0.0422482 0.131251 -1.02378 0.515598 118.446 
0.114289 1.29499 85010 1 1.3651 0.716346 267 0 1197 -0.0136086 0.0455306 0.13085 -0.992515 0.51219 118.358 
0.2084 0.585884 85089 1 1.3651 0.716346 268 1 1199 -0.0126624 0.0548818 0.132584 -0.92418 0.48731 118.226 
0.218063 0.384757 85169 1 1.3651 0.716346 269 1 1201 -0.0117426 0.0507323 0.137105 -0.944422 0.44972 118.087 
0.224988 0.379473 85210 1 1.3651 0.716346 270 1 1202 -0.0112243 0.0503454 0.13686 -0.941512 0.448287 118.075 
0.233224 0.384891 85290 1 1.3651 0.716346 271 1 1204 -0.0108368 0.0472501 0.134906 -0.954282 0.445331 117.972 
0.267304 0.397517 85370 1 1.3651 0.716346 272 1 1206 -0.00978843 0.0543106 0.136797 -0.889063 0.423178 117.93 
0.26611 0.448181 85411 1 1.3651 0.716346 273 1 1207 -0.00983416 0.0587853 0.137374 -0.85447 0.413944 117.876 
0.268678 0.491157 85490 1 1.3651 0.716346 274 1 1209 -0.0113623 0.0676861 0.134785 -0.800748 0.419066 117.846 
0.290579 0.5194 85570 1 1.3651 0.716346 275 1 1211 -0.0102662 0.0676638 0.126401 -0.812073 0.455532 117.525 
0.317001 0.483216 85611 1 1.3651 0.716346 276 1 1212 -0.00978169 0.0676943 0.117256 -0.80104 0.517249 117.032 
1.08074 0.266582 85691 1 1.3651 0.716346 277 1 1214 -0.00597042 0.0628206 0.111378 -0.870622 0.577774 116.809 
1.14119 0.0887617 85771 1 1.3651 0.716346 278 1 1216 -0.00194405 0.0687918 0.106317 -0.8372 0.624972 116.022 
1.10259 0.131206 85810 1 1.3651 0.716346 279 1 1217 -0.00358842 0.0571562 0.105146 -0.921496 0.620504 115.788 
1.10729 0.305029 85891 1 1.3651 0.716346 280 1 1219 -0.00838682 0.0567953 0.109993 -0.910289 0.527783 116.378 
1.09962 0.266338 85971 1 1.3651 0.716346 281 1 1221 -0.00631865 0.0545797 0.115458 -0.919969 0.512385 116.476 
1.12123 0.304982 86011 1 1.3651 0.716346 282 1 1222 -0.00594498 0.0518536 0.12622 -0.956345 0.431163 116.684 
1.10785 0.366522 86092 1 1.3651 0.716346 283 1 1224 0.000769773 0.0395465 0.122691 -1.12362 0.4044 117.146 
1.0229 0.547861 86172 1 1.3651 0.716346 284 1 1226 0.0135425 0.0346736 0.120259 -1.25119 0.293019 117.246 
1.06609 0.595322 86211 1 1.3651 0.716346 285 1 1227 0.0202093 0.0426321 0.119692 -1.20631 0.26547 117.277 
1.06609 0.595322 86211 1 1.35938 0.7125 286 1 1227 0.0202093 0.0426321 0.119692 -1.20631 0.26547 117.277 
0.628864 0.708384 86332 1 1.35938 0.7125 287 1 1230 0.0220699 0.0498446 0.125978 -1.1298 0.168741 117.544 
0.631534 0.810083 86412 1 1.35938 0.7125 288 1 1232 0.0191078 0.058047 0.130025 -1.02646 0.1213 117.576 
0.627501 0.682261 86492 1 1.35938 0.7125 289 1 1234 0.0166254 0.0573499 0.139746 -0.97654 0.133376 117.559 
0.625852 0.732332 86572 1 1.35938 0.7125 290 1 1236 0.0148606 0.0481934 0.154121 -0.999435 0.179379 117.826 
0.611393 0.741036 86612 1 1.35938 0.7125 291 1 1237 0.012326 0.0516653 0.164885 -0.942078 0.160203 118.047 
0.61562 0.819687 86694 1 1.35938 0.7125 292 1 1239 0.0102859 0.0391649 0.169355 -0.981336 0.14588 118.482 
0.606809 0.803048 86733 1 1.35938 0.7125 293 1 1240 0.00941843 0.0253503 0.158297 -1.06998 0.187177 118.77 
0.526423 0.955386 86813 1 1.35938 0.7125 294 1 1242 0.0110068 0.0170229 0.141311 -1.08733 0.174436 118.859 
0.590508 0.860758 86893 1 1.35573 0.711538 295 1 1244 0.0156127 0.0244899 0.133186 -1.00307 0.161663 118.783 
0.578618 0.7926 86973 1 1.32969 0.710577 296 1 1246 0.0180853 0.0253573 0.134484 -1.00337 0.146453 118.69 
0.596782 0.717361 87053 1 1.32813 0.710577 297 1 1248 0.0206554 0.0300353 0.129675 -0.966792 0.19463 118.421 
0.597231 0.721824 87093 1 1.16719 0.663462 298 1 1249 0.0207251 0.0326734 0.123505 -0.950097 0.233036 118.355 
0.628852 0.654301 87174 1 0.885417 0.654808 299 1 1251 0.021954 0.0378163 0.121708 -0.897981 0.24312 118.236 
0.6458 0.624439 87214 1 0.566667 0.660577 300 1 1252 0.0230372 0.0381467 0.121993 -0.895169 0.249284 118.201 
0.634686 0.524113 87294 1 0.433333 0.671154 301 1 1254 0.0248174 0.0434346 0.126112 -0.87178 0.252867 118.194 
0.63206 0.514841 87374 1 0.433333 0.671154 302 1 1256 0.0234524 0.0456475 0.127386 -0.873312 0.258939 118.206 
0.591229 0.47832 87454 1 0.433333 0.671154 303 1 1258 0.0201048 0.0411272 0.124921 -0.93454 0.290336 118.105 
0.601422 0.452283 87494 1 0.4375 0.673077 304 1 1259 0.0195402 0.0404315 0.123166 -0.949161 0.312645 117.991 
0.648995 0.489171 87574 1 0.365104 0.679808 305 1 1261 0.0189453 0.0429116 0.126969 -0.938751 0.304451 117.906 
0.579861 0.524982 87655 1 0.218229 0.679808 306 1 1263 0.0179387 0.0460916 0.123592 -0.903526 0.352233 117.754 
0.569137 0.500151 87694 1 0.08125 0.605769 307 1 1264 0.0185253 0.0456991 0.123578 -0.913061 0.359845 117.781 
0.574151 0.501849 87774 1 0.078125 0.603846 308 1 1266 0.0184621 0.0471909 0.122233 -0.92518 0.373869 117.749 
0.534141 0.497088 87855 1 0.078125 0.603846 309 1 1268 0.0188838 0.0582426 0.119481 -0.879182 0.393813 117.724 
0.587268 0.491054 87895 1 0.0692708 0.593269 310 1 1269 0.0184117 0.0646287 0.118631 -0.851366 0.401728 117.675 
0.601624 0.489246 87975 1 0.0552083 0.575962 311 1 1271 0.016197 0.0708887 0.118997 -0.834385 0.408609 117.716 
0.572673 0.485932 88015 1 0.0375 0.555769 312 1 1272 0.0161851 0.0674482 0.119012 -0.869393 0.417153 117.714 
0.593002 0.481503 88095 1 0.0359375 0.552885 313 1 1274 0.0162388 0.0709218 0.120533 -0.859583 0.420934 117.794 
0.553434 0.495097 88175 1 0.0453125 0.540385 314 1 1276 0.0137831 0.0717591 0.117955 -0.874888 0.462103 117.78 
0.30741 0.444713 88256 1 0.0546875 0.5375 315 1 1278 0.0132809 0.0734685 0.120803 -0.879806 0.457261 117.829 
0.293014 0.458278 88296 1 0.0640625 0.530769 316 1 1279 0.010103 0.0722254 0.120856 -0.90773 0.454738 117.814 
0.282283 0.440172 88376 1 0.0822917 0.524038 317 1 1281 0.00521751 0.0808681 0.117198 -0.906945 0.466905 117.898 
0.199398 0.452753 88456 1 0.100521 0.506731 318 1 1283 0.000167317 0.0760952 0.123045 -0.99051 0.425687 117.767 
0.176544 0.342191 88536 1 0.103646 0.504808 319 1 1285 -0.000811534 0.077532 0.126751 -0.992868 0.434299 117.794 
0.177751 0.411894 88617 1 0.103646 0.504808 320 1 1287 -0.00142255 0.0747473 0.136421 -1.0064 0.395731 117.819 
0.157514 0.445293 88697 1 0.100521 0.519231 321 1 1289 0.000214338 0.0742948 0.137418 -1.00798 0.434404 117.664 
0.135661 0.420189 88777 1 0.0911458 0.542308 322 1 1291 0.00159254 0.0741869 0.137959 -1.01997 0.452492 117.415 
0.0183053 0.469102 88859 1 0.0708333 0.556731 323 1 1293 0.00106193 0.066446 0.143329 -1.08281 0.439517 116.813 
0.159423 3.02742 88937 1 0.0265625 0.565385 324 0 1295 0.000431322 0.0630498 0.147232 -1.10039 0.428603 116.84 
2.42297 5.74949 88977 1 0.000520833 0.579808 325 0 1296 0.000213378 0.0566206 0.142293 -1.14915 0.51753 117.081 
0.339141 1.37578 89057 1 0.0244792 0.580769 326 0 1298 0.000293753 0.0519879 0.145171 -1.1714 0.504638 116.993 
0.379355 0.976049 89139 1 0.0244792 0.580769 327 1 1300 0.000533068 0.050497 0.146404 -1.17742 0.49783 116.756 
0.393416 0.822734 89178 1 0.0348958 0.582692 328 1 1301 0.000802108 0.0509343 0.146451 -1.17073 0.503351 116.785 
0.400117 0.713611 89257 1 0.0182292 0.559615 329 1 1303 0.0018925 0.0478255 0.147295 -1.18069 0.513458 116.696 
0.376448 0.609197 89338 1 0 0.451923 330 1 1305 0.00218692 0.0414727 0.144398 -1.22443 0.558638 116.828 
0.376448 0.609197 89338 1 0.0276042 0.4 331 1 1305 0.00218692 0.0414727 0.144398 -1.22443 0.558638 116.828 
0.363581 0.595085 89378 1 0.328125 0.401923 332 1 1306 0.00196419 0.0429272 0.145568 -1.21407 0.559308 116.787 
0.348012 0.626302 89538 1 0.373958 0.429808 333 1 1310 0.00466017 0.0415911 0.152613 -1.21584 0.594019 116.738 
0.347467 0.610184 89618 1 0.373958 0.429808 334 1 1312 0.0061144 0.0362918 0.153261 -1.24349 0.613846 116.772 
0.352465 0.603658 89658 1 0.373958 0.426923 335 1 1313 0.00624319 0.0359761 0.153453 -1.24116 0.615497 116.792 
0.319535 0.618475 89741 1 0.435937 0.374038 336 1 1315 0.00837784 0.0360957 0.154056 -1.24337 0.621478 116.873 
0.372151 0.603589 89819 1 0.577604 0.293269 337 1 1317 0.0107714 0.0420865 0.151305 -1.19974 0.655964 117.032 
0.367153 0.610913 89859 1 0.615104 0.2875 338 1 1318 0.00997733 0.0390441 0.151935 -1.22071 0.64857 117.012 
0.351833 0.627046 89939 1 0.629687 0.286538 339 1 1320 0.00880088 0.0362221 0.152881 -1.24693 0.631795 116.929 
0.352756 0.650287 90019 1 0.575 0.355769 340 1 1322 0.00804777 0.0338354 0.15198 -1.24558 0.634288 116.904 
0.299346 0.662139 90059 1 0.453646 0.464423 341 1 1323 0.0082643 0.0313685 0.152351 -1.24319 0.639414 116.897 
0.325878 0.614963 90139 1 0.442188 0.472115 342 1 1325 0.0110371 0.0272864 0.150608 -1.24763 0.673957 116.92 
0.309148 0.614416 90220 1 0.442188 0.472115 343 1 1327 0.0113101 0.0222048 0.158059 -1.25947 0.639181 116.949 
0.283719 0.611592 90260 1 0.442188 0.472115 344 1 1328 0.00994063 0.019015 0.158959 -1.28341 0.63722 117.024 
0.306035 0.611883 90339 1 0.442188 0.472115 345 1 1330 0.0102263 0.0212804 0.158545 -1.26775 0.638215 117.027 
0.321677 0.625655 90419 1 0.442188 0.472115 346 1 1332 0.00995126 0.0206213 0.158243 -1.26293 0.635756 117.073 
0.31728 0.649458 90500 1 0.442188 0.472115 347 1 1334 0.0108972 0.0208651 0.157741 -1.26591 0.631703 117.108 
0.334209 0.615767 90580 1 0.440625 0.472115 348 1 1336 0.0119344 0.020997 0.15679 -1.2763 0.631421 117.004 
0.31164 0.614682 90661 1 0.440104 0.472115 349 1 1338 0.0121178 0.0222962 0.154879 -1.28078 0.643443 116.966 
0.294509 0.620065 90741 1 0.440104 0.472115 350 1 1340 0.0114539 0.0217603 0.154783 -1.29242 0.640568 116.95 
0.294958 0.585606 90782 1 0.439063 0.472115 351 1 1341 0.0105539 0.0200906 0.154046 -1.30769 0.642541 116.863 
0.382021 0.377657 90860 1 0.439063 0.472115 352 1 1343 0.0103287 0.0184605 0.153788 -1.32177 0.619773 116.716 
0.394096 0.378942 90941 1 0.439063 0.472115 353 1 1345 0.0100665 0.0181738 0.152036 -1.32294 0.614997 116.721 
0.394096 0.378942 90981 1 0.426563 0.471154 354 1 1346 0.0100665 0.0181738 0.152036 -1.32294 0.614997 116.721 
0.419507 0.357371 91061 1 0.370312 0.464423 355 1 1348 0.0100278 0.0212507 0.154979 -1.311 0.601677 116.65 
0.431587 0.331727 91141 1 0.320833 0.45 356 1 1350 0.0101883 0.0215938 0.156958 -1.3013 0.597644 116.549 
0.451252 0.291222 91221 1 0.260417 0.419231 357 1 1352 0.0109618 0.0193555 0.159387 -1.30704 0.593619 116.588 
0.476237 0.237979 91261 1 0.208854 0.408654 358 1 1353 0.0111156 0.0216276 0.159135 -1.30043 0.608709 116.644 
0.537049 0.257766 91342 1 0.188542 0.404808 359 1 1355 0.0118523 0.0304444 0.164382 -1.23981 0.583986 116.69 
0.487847 0.273273 91383 1 0.192188 0.394231 360 1 1356 0.0113427 0.0295336 0.165639 -1.2537 0.580539 116.732 
1.52396 4.15216 91461 1 0.204167 0.365385 361 0 1358 0.00986986 0.0323233 0.160202 -1.23602 0.625989 116.976 
0.0597231 1.27381 91541 1 0.203646 0.358654 362 0 1360 0.0080245 0.0302342 0.152493 -1.25922 0.675488 117.068 
0.102001 0.818525 91622 1 0.203125 0.350962 363 1 1362 0.00775141 0.0264626 0.156238 -1.28102 0.62778 116.917 
0.110141 0.709355 91662 1 0.2 0.343269 364 1 1363 0.00775317 0.0228373 0.156264 -1.30497 0.618417 116.866 
-0.0109884 0.51988 91742 1 0.2 0.342308 365 1 1365 0.00789051 0.0202064 0.157747 -1.3147 0.597282 116.723 
