ImageFile:
0.194292 -0.152811 70151 1 0.24375 0.220192 1 1 716 0.0518439 -0.0373653 0.105096 -1.53753 -1.13126 142.137 
-0.102785 -0.236573 70232 1 0.24375 0.220192 2 0 718 0.0536137 -0.0325596 0.0970643 -1.52495 -1.03424 141.39 
-0.0203724 -0.129384 70312 1 0.239583 0.247115 3 1 720 0.0564511 -0.0300936 0.102803 -1.56944 -1.1339 141.841 
-0.0595171 -0.349193 70351 1 0.195833 0.454808 4 0 721 0.0563493 -0.0326919 0.0898951 -1.59474 -0.965501 140.716 
0.24881 -0.372549 70432 1 0.102604 0.766346 5 0 723 0.063984 -0.0393056 0.103204 -1.66163 -1.00554 139.634 
0.374112 -0.236785 70512 1 0.0755208 0.880769 6 0 725 0.0633369 -0.0281151 0.115488 -1.60161 -1.13177 140.662 
0.326397 0.238514 70592 1 0.0739583 0.888462 7 1 727 0.0531981 -0.0236644 0.140666 -1.62309 -1.47542 143.325 
0.44142 0.927268 70633 1 0.0744792 0.893269 8 1 728 0.0482387 -0.0213127 0.144057 -1.63595 -1.56549 144.756 
0.256953 2.65158 70712 1 0.0791667 0.901923 9 0 730 0.0459505 -0.0161713 0.150946 -1.60363 -1.63164 145.168 
0.333773 1.03433 70792 1 0.0932292 0.918269 10 1 732 0.0393651 -0.0124275 0.146714 -1.574 -1.56303 144.714 
0.0684325 0.834239 70873 1 0.0947917 0.941346 11 1 734 0.0384715 -0.0130704 0.136278 -1.56098 -1.40049 144.103 
0.0128816 0.70642 70953 1 0.0953125 0.949038 12 1 736 0.0431054 -0.0163591 0.136573 -1.5672 -1.36599 143.494 
0.0255673 0.591487 71033 1 0.0854167 0.970192 13 1 738 0.0480015 -0.0189493 0.132133 -1.60846 -1.30698 142.758 
0.12182 0.356796 71113 1 0.0833333 0.972115 14 1 740 0.0498221 -0.0166931 0.12168 -1.59125 -1.18244 141.634 
0.197005 0.175052 71153 1 0.0822917 0.972115 15 1 741 0.0493017 -0.0200525 0.110826 -1.62521 -1.05805 141.311 
0.206712 -0.0177139 71235 1 0.0796875 0.974038 16 1 743 0.0482172 -0.0297989 0.0949657 -1.71754 -0.904663 140.683 
0.182341 0.107399 71314 1 0.078125 0.974038 17 1 745 0.0479647 -0.0341465 0.0930918 -1.73847 -0.948635 140.814 
0.137896 0.108084 71394 1 0.0760417 0.974038 18 1 747 0.045869 -0.0334209 0.0932925 -1.70901 -0.981213 141.533 
0.126886 0.126777 71434 1 0.075 0.974038 19 1 748 0.0455459 -0.033449 0.0987065 -1.69715 -1.03765 141.781 
0.10039 -0.0598133 71513 1 0.075 0.974038 20 1 750 0.0405598 -0.0295684 0.109898 -1.63464 -1.16709 142.927 
0.0821301 -0.0351338 71596 1 0.075 0.974038 21 1 752 0.0353705 -0.0285953 0.111393 -1.63057 -1.20971 143.629 
0.102122 0.0409839 71674 1 0.075 0.974038 22 1 754 0.0321778 -0.0293203 0.120545 -1.66606 -1.32014 144.423 
0.107074 0.089914 71714 1 0.075 0.974038 23 1 755 0.0307474 -0.0291629 0.123338 -1.68855 -1.35638 144.644 
0.107074 0.089914 71714 1 0.075 0.974038 24 1 755 0.0307474 -0.0291629 0.123338 -1.68855 -1.35638 144.644 
0.216988 0.221409 71916 1 0.075 0.974038 25 1 760 0.0304253 -0.0248847 0.11589 -1.65829 -1.29846 144.014 
0.146166 -0.0192925 71997 1 0.075 0.974038 26 1 762 0.0307447 -0.0316205 0.106833 -1.71787 -1.22052 143.91 
0.153417 -0.0750783 72077 1 0.075 0.974038 27 1 764 0.0306156 -0.0320743 0.106727 -1.72139 -1.22159 143.653 
0.184865 -0.316277 72156 1 0.0744792 0.974038 28 0 766 0.0312314 -0.0349545 0.0984315 -1.74823 -1.13717 143.181 
0.226153 -0.402362 72235 1 0.0744792 0.974038 29 0 768 0.030363 -0.0294435 0.0891096 -1.6584 -1.05971 142.628 
0.2654 -0.406949 72315 1 0.0744792 0.974038 30 0 770 0.0377587 -0.0311457 0.0902889 -1.64594 -1.06942 142.209 
0.281893 -0.565117 72355 1 0.0744792 0.974038 31 0 771 0.0426201 -0.0335134 0.0889841 -1.65527 -1.03666 141.812 
0.329477 -0.760035 72436 1 0.0744792 0.974038 32 0 773 0.049068 -0.0402382 0.0804149 -1.69232 -0.915265 141.201 
0.308662 -0.531422 72516 1 0.0744792 0.974038 33 0 775 0.0515356 -0.0437219 0.0927345 -1.71925 -1.0541 141.973 
0.295561 -0.419764 72556 1 0.0744792 0.974038 34 0 776 0.0514731 -0.0440534 0.0982472 -1.72397 -1.1425 142.255 
0.295561 -0.419764 72556 1 0.0744792 0.974038 35 0 776 0.0514731 -0.0440534 0.0982472 -1.72397 -1.1425 142.255 
0.309688 -0.494572 72716 1 0.0744792 0.974038 36 0 780 0.0505822 -0.0446184 0.0974922 -1.79049 -1.21964 142.82 
0.258471 -0.546088 72797 1 0.0744792 0.974038 37 0 782 0.0437915 -0.0397028 0.097214 -1.76346 -1.2097 142.921 
0.226888 -0.604705 72836 1 0.0744792 0.974038 38 0 783 0.0413677 -0.0405038 0.0936416 -1.75688 -1.1564 142.698 
0.208175 -0.577504 72877 1 0.0744792 0.974038 39 0 784 0.0407945 -0.0418101 0.0916487 -1.74625 -1.11923 142.548 
0.163163 -0.601693 72917 1 0.0744792 0.974038 40 0 785 0.0424187 -0.0434147 0.0886741 -1.74779 -1.08868 142.494 
0.183587 -0.397718 73079 1 0.0744792 0.974038 41 0 789 0.0459034 -0.0421735 0.0885016 -1.72197 -1.14853 143.252 
0.194454 -0.348775 73157 1 0.0744792 0.974038 42 0 791 0.0410218 -0.0419763 0.0951995 -1.7386 -1.16212 143.442 
0.216843 -0.273441 73197 1 0.0744792 0.974038 43 0 792 0.0398375 -0.0432143 0.0973752 -1.76207 -1.15089 143.465 
0.216843 -0.273441 73197 1 0.0744792 0.974038 44 0 792 0.0398375 -0.0432143 0.0973752 -1.76207 -1.15089 143.465 
0.150724 -0.417273 73357 1 0.0744792 0.974038 45 0 796 0.0406167 -0.044932 0.0983075 -1.81566 -1.14283 143.173 
0.178856 -0.497027 73399 1 0.0744792 0.974038 46 0 797 0.0414849 -0.0392294 0.095295 -1.77215 -1.1128 142.968 
0.183084 -0.508216 73477 1 0.0744792 0.974038 47 0 799 0.0416115 -0.039116 0.0954059 -1.77325 -1.11167 142.913 
0.183084 -0.508216 73518 1 0.0744792 0.974038 48 0 800 0.0416115 -0.039116 0.0954059 -1.77325 -1.11167 142.913 
0.183084 -0.508216 73518 1 0.0744792 0.974038 49 0 800 0.0416115 -0.039116 0.0954059 -1.77325 -1.11167 142.913 
0.260147 -0.732766 73678 1 0.0744792 0.974038 50 0 804 0.0458192 -0.0373233 0.0887439 -1.75387 -1.07451 142.3 
0.242252 -0.764992 73758 1 0.0744792 0.974038 51 0 806 0.0454361 -0.0391782 0.0903583 -1.76453 -1.07696 142.204 
0.253522 -0.776233 73839 1 0.0744792 0.974038 52 0 808 0.0456297 -0.0386983 0.0907139 -1.75325 -1.06793 142.124 
0.253522 -0.776233 73839 1 0.0744792 0.974038 53 0 808 0.0456297 -0.0386983 0.0907139 -1.75325 -1.06793 142.124 
0.253522 -0.776233 73839 1 0.0744792 0.974038 54 0 808 0.0456297 -0.0386983 0.0907139 -1.75325 -1.06793 142.124 
0.227328 -0.707959 74039 1 0.0744792 0.974038 55 0 813 0.0448376 -0.0408195 0.0913289 -1.80242 -1.0983 142.646 
0.256933 -0.710144 74079 1 0.0744792 0.974038 56 0 814 0.0438771 -0.0398148 0.088648 -1.79969 -1.0771 142.631 
0.264662 -0.66617 74159 1 0.0744792 0.974038 57 0 816 0.0440632 -0.036402 0.0866023 -1.77783 -1.07723 142.665 
0.264662 -0.66617 74159 1 0.0744792 0.974038 58 0 816 0.0440632 -0.036402 0.0866023 -1.77783 -1.07723 142.665 
0.239667 -0.491316 74279 1 0.0744792 0.974038 59 0 819 0.0441197 -0.0366065 0.0871711 -1.78188 -1.10432 142.853 
0.266805 -0.443827 74400 1 0.0744792 0.974038 60 0 822 0.044581 -0.0351816 0.0859451 -1.76001 -1.11467 142.815 
0.25651 -0.409279 74440 1 0.0744792 0.974038 61 0 823 0.0446242 -0.0369963 0.0854439 -1.7757 -1.118 142.893 
0.255987 -0.408983 74480 1 0.0744792 0.974038 62 0 824 0.0446831 -0.0370169 0.0854098 -1.77551 -1.11834 142.888 
0.255987 -0.408983 74480 1 0.0744792 0.974038 63 0 824 0.0446831 -0.0370169 0.0854098 -1.77551 -1.11834 142.888 
0.230346 -0.510127 74680 1 0.0744792 0.974038 64 0 829 0.0450129 -0.0389893 0.0837677 -1.76332 -1.0767 142.598 
0.258574 -0.506628 74760 1 0.0744792 0.974038 65 0 831 0.0468381 -0.0394382 0.0868591 -1.76644 -1.09223 142.407 
0.27706 -0.537197 74801 1 0.059375 0.973077 66 0 832 0.0474154 -0.0398612 0.0847991 -1.76972 -1.06308 142.221 
0.27706 -0.537197 74801 1 -0.0755208 0.925 67 0 832 0.0474154 -0.0398612 0.0847991 -1.76972 -1.06308 142.221 
0.325576 -0.599372 74960 1 -0.338021 0.796154 68 0 836 0.0508475 -0.0473372 0.0850129 -1.80852 -0.989264 141.547 
0.395504 -0.629378 75043 1 -0.525 0.689423 69 0 838 0.0559281 -0.047739 0.0820307 -1.7975 -0.924035 141.298 
0.5495 0.0467406 75121 1 -0.532292 0.682692 70 1 840 0.0564782 -0.0471688 0.0790312 -1.78854 -0.887693 141.309 
0.5495 0.0467406 75121 1 -0.532292 0.682692 71 1 840 0.0564782 -0.0471688 0.0790312 -1.78854 -0.887693 141.309 
0.5495 0.0467406 75121 1 -0.532292 0.682692 72 1 840 0.0564782 -0.0471688 0.0790312 -1.78854 -0.887693 141.309 
0.381882 -0.439422 75321 1 -0.532292 0.682692 73 0 845 0.0510834 -0.0427227 0.0819114 -1.71109 -0.979247 141.593 
0.351548 -0.519968 75361 1 -0.533854 0.682692 74 0 846 0.0490824 -0.0431978 0.0823365 -1.69613 -0.985331 141.598 
0.282644 -0.701349 75441 1 -0.550521 0.671154 75 0 848 0.046043 -0.0409742 0.0865056 -1.63807 -1.01294 141.598 
0.299627 -0.761373 75522 1 -0.614062 0.653846 76 0 850 0.0465863 -0.0428632 0.087626 -1.63528 -1.02908 141.608 
0.313225 -0.721012 75562 1 -0.685937 0.625962 77 0 851 0.0476013 -0.0433663 0.0894567 -1.63912 -1.04688 141.682 
0.325277 -0.658794 75641 1 -0.70625 0.608654 78 0 853 0.0492285 -0.0417159 0.0909006 -1.64336 -1.06352 141.81 
0.294734 -0.6478 75682 1 -0.708333 0.602885 79 0 854 0.048108 -0.0427479 0.0916065 -1.66291 -1.06681 141.825 
0.294734 -0.6478 75682 1 -0.702083 0.601923 80 0 854 0.048108 -0.0427479 0.0916065 -1.66291 -1.06681 141.825 
0.408154 -0.195055 75843 1 -0.701562 0.602885 81 1 858 0.0484414 -0.0450494 0.0955547 -1.7402 -1.10596 142.473 
0.334895 -0.0768173 75923 1 -0.705729 0.617308 82 1 860 0.0461597 -0.0432517 0.0987238 -1.73733 -1.13807 142.637 
0.307733 -0.0597619 75963 1 -0.721354 0.625962 83 1 861 0.0456874 -0.0457779 0.100313 -1.76733 -1.15219 142.872 
0.316223 -0.0441642 76003 1 -0.742188 0.628846 84 1 862 0.0446579 -0.0444693 0.101638 -1.7545 -1.1729 143.071 
0.316223 -0.0441642 76003 1 -0.75625 0.628846 85 1 862 0.0446579 -0.0444693 0.101638 -1.7545 -1.1729 143.071 
0.298926 -0.0751333 76163 1 -0.773438 0.628846 86 1 866 0.0437184 -0.0404926 0.102342 -1.71856 -1.22428 143.463 
0.303133 -0.0303885 76243 1 -0.795833 0.627885 87 1 868 0.0428936 -0.0392083 0.102027 -1.70499 -1.23375 143.514 
0.278075 -0.0663794 76324 1 -0.828125 0.625962 88 1 870 0.0429054 -0.040234 0.100945 -1.72427 -1.21818 143.494 
0.268008 -0.0276313 76364 1 -0.857812 0.625962 89 1 871 0.0433953 -0.0401114 0.100639 -1.72852 -1.22655 143.523 
0.273789 -0.0946896 76443 1 -0.885417 0.625962 90 1 873 0.043662 -0.0395726 0.0991247 -1.7347 -1.22942 143.615 
0.324287 -0.194315 76523 1 -0.900521 0.625 91 1 875 0.040685 -0.0336547 0.0999941 -1.70602 -1.2603 144.099 
0.274073 -0.241562 76604 1 -0.908333 0.623077 92 0 877 0.0386844 -0.0361084 0.0981429 -1.75242 -1.24293 144.13 
0.258419 -0.258589 76684 1 -0.910417 0.623077 93 0 879 0.0391594 -0.0361859 0.0982062 -1.77764 -1.25543 144.185 
0.264625 -0.240876 76724 1 -0.917708 0.622115 94 0 880 0.0374264 -0.0339458 0.0965142 -1.76132 -1.24718 144.178 
0.288921 -0.272515 76804 1 -0.930208 0.621154 95 0 882 0.0363039 -0.0319041 0.0956726 -1.74931 -1.23069 144.261 
0.321974 0.841872 76884 1 -0.933854 0.620192 96 1 884 0.0371128 -0.0317836 0.0949058 -1.7469 -1.23209 144.214 
0.479324 1.67846 76965 1 -0.934375 0.619231 97 0 886 0.0371788 -0.0298398 0.0909557 -1.72331 -1.16625 143.946 
0.467659 1.70265 77005 1 -0.934375 0.619231 98 0 887 0.0375126 -0.034066 0.0887796 -1.75736 -1.14451 143.873 
0.491227 1.60992 77085 1 -0.907813 0.618269 99 0 889 0.038737 -0.0338537 0.0871995 -1.74219 -1.12311 143.652 
0.408516 1.47285 77164 1 -0.903646 0.617308 100 0 891 0.0404515 -0.0363459 0.0859652 -1.76635 -1.1128 143.539 
0.404748 1.4684 77205 1 -0.903646 0.617308 101 0 892 0.0406435 -0.0361755 0.0850143 -1.76722 -1.1086 143.566 
0.403621 1.46132 77285 1 -0.903646 0.617308 102 0 894 0.0419116 -0.0384304 0.0838888 -1.79353 -1.09671 143.48 
0.397535 1.45355 77325 1 -0.903646 0.617308 103 0 895 0.0418451 -0.0386376 0.0819577 -1.79864 -1.07839 143.406 
0.397535 1.45355 77325 1 -0.903646 0.617308 104 0 895 0.0418451 -0.0386376 0.0819577 -1.79864 -1.07839 143.406 
0.416951 1.34039 77526 1 -0.903646 0.617308 105 0 900 0.0416444 -0.0392158 0.0809984 -1.78935 -1.03346 142.838 
0.443475 1.3076 77565 1 -0.903646 0.617308 106 0 901 0.0422094 -0.0371293 0.0791836 -1.76197 -1.01062 142.74 
0.421479 1.26446 77646 1 -0.903646 0.617308 107 0 903 0.0434896 -0.040054 0.0765559 -1.78346 -0.984484 142.524 
0.421479 1.26446 77646 1 -0.903646 0.617308 108 0 903 0.0434896 -0.040054 0.0765559 -1.78346 -0.984484 142.524 
0.424126 1.18622 77806 1 -0.903646 0.617308 109 1 907 0.0440609 -0.0398832 0.0727477 -1.77096 -0.936616 142.144 
0.426368 1.23347 77889 1 -0.903646 0.617308 110 0 909 0.0452936 -0.0386065 0.0735613 -1.7536 -0.965956 142.263 
0.458202 1.23192 77966 1 -0.903646 0.617308 111 0 911 0.0461086 -0.0392619 0.0771898 -1.76102 -0.984001 142.253 
0.458202 1.23192 77966 1 -0.903646 0.617308 112 0 911 0.0461086 -0.0392619 0.0771898 -1.76102 -0.984001 142.253 
0.483979 1.25231 78087 1 -0.903646 0.617308 113 0 914 0.0460581 -0.039185 0.0785705 -1.78221 -0.964464 142.24 
0.480179 1.29673 78167 1 -0.903646 0.617308 114 0 916 0.0444182 -0.0358134 0.0821576 -1.77757 -0.990145 142.394 
0.461074 1.24404 78207 1 -0.903646 0.617308 115 0 917 0.0435519 -0.0340979 0.0789609 -1.76936 -0.970795 142.399 
0.450609 1.26814 78287 1 -0.903646 0.617308 116 0 919 0.0433488 -0.0323267 0.0819529 -1.7643 -1.00353 142.391 
0.459355 1.23499 78327 1 -0.903646 0.617308 117 0 920 0.0429438 -0.0306708 0.0796906 -1.75165 -0.977535 142.322 
0.443918 1.24911 78448 1 -0.903646 0.617308 118 0 923 0.0421718 -0.0346676 0.0779238 -1.76844 -0.964297 142.04 
0.413436 1.14322 78487 1 -0.903646 0.617308 119 1 924 0.042308 -0.036858 0.0744917 -1.78169 -0.919148 141.824 
0.401875 1.15065 78568 1 -0.903646 0.617308 120 1 926 0.0436455 -0.0403578 0.0722645 -1.79713 -0.895382 141.364 
0.424303 1.06461 78608 1 -0.903646 0.617308 121 1 927 0.0438112 -0.042308 0.0690866 -1.80976 -0.846576 141.207 
0.424303 1.06461 78608 1 -0.903646 0.617308 122 1 927 0.0438112 -0.042308 0.0690866 -1.80976 -0.846576 141.207 
0.4558 1.07336 78768 1 -0.903646 0.617308 123 1 931 0.0465119 -0.0399306 0.0706523 -1.78848 -0.863878 141.252 
0.448371 1.14049 78848 1 -0.903646 0.617308 124 1 933 0.0471173 -0.0387043 0.0716236 -1.77509 -0.89361 141.38 
-0.580659 0.231285 78928 1 -0.903646 0.617308 125 0 935 0.0468211 -0.0374435 0.0724086 -1.7698 -0.883211 141.415 
-0.545106 0.225633 79009 1 -0.903646 0.617308 126 0 937 0.0460031 -0.0369062 0.0742186 -1.77171 -0.9067 141.472 
-0.531032 0.247335 79049 1 -0.903646 0.617308 127 0 938 0.0459693 -0.0355012 0.0766135 -1.76347 -0.925424 141.541 
-0.577484 0.103098 79128 1 -0.903646 0.617308 128 0 940 0.0450463 -0.0338045 0.0735475 -1.74939 -0.899749 141.557 
-0.698434 0.0669252 79209 1 -0.903646 0.617308 129 0 942 0.0437683 -0.0374216 0.0750543 -1.78605 -0.941952 141.703 
-0.750666 0.0419685 79289 1 -0.903646 0.617308 130 0 944 0.0426769 -0.0386091 0.0756661 -1.79395 -0.941994 141.695 
-0.712039 0.0522805 79329 1 -0.903646 0.617308 131 0 945 0.0429735 -0.0398925 0.0770231 -1.80576 -0.95814 141.663 
-0.712039 0.0522805 79329 1 -0.903646 0.617308 132 0 945 0.0429735 -0.0398925 0.0770231 -1.80576 -0.95814 141.663 
-0.735874 0.0671173 79489 1 -0.903646 0.617308 133 0 949 0.0420492 -0.0397607 0.0752559 -1.80571 -0.943259 141.837 
-0.758478 0.0759349 79529 1 -0.903646 0.617308 134 0 950 0.0427722 -0.0415284 0.0751416 -1.8198 -0.945483 141.743 
-0.765502 0.0511293 79611 1 -0.903646 0.617308 135 0 952 0.0418559 -0.0430363 0.0726181 -1.82608 -0.921095 141.761 
-0.751201 0.0778215 79650 1 -0.903646 0.617308 136 0 953 0.0423062 -0.0422157 0.074541 -1.81796 -0.933522 141.739 
-0.751201 0.0778215 79650 1 -0.903646 0.617308 137 0 953 0.0423062 -0.0422157 0.074541 -1.81796 -0.933522 141.739 
-0.747343 0.00786946 79810 1 -0.903646 0.617308 138 0 957 0.0410964 -0.0435678 0.0744248 -1.81531 -0.914164 141.702 
-0.755916 0.0338784 79890 1 -0.903646 0.617308 139 0 959 0.0430095 -0.0441666 0.0744833 -1.82129 -0.914375 141.692 
-0.753626 0.023515 79970 1 -0.903646 0.617308 140 0 961 0.0439977 -0.0436791 0.0746005 -1.82369 -0.909807 141.71 
-0.753626 0.023515 79970 1 -0.903646 0.617308 141 0 961 0.0439977 -0.0436791 0.0746005 -1.82369 -0.909807 141.71 
-0.753626 0.023515 79970 1 -0.903646 0.617308 142 0 961 0.0439977 -0.0436791 0.0746005 -1.82369 -0.909807 141.71 
-0.710433 0.0577609 80172 1 -0.903646 0.617308 143 0 966 0.0434111 -0.0429811 0.0756387 -1.82682 -0.917298 141.63 
-0.711716 0.0310947 80210 1 -0.903646 0.617308 144 0 967 0.0432168 -0.0423616 0.0739093 -1.82458 -0.901244 141.603 
-0.733214 0.0721578 80290 1 -0.903646 0.617308 145 0 969 0.0427416 -0.042269 0.0755808 -1.82573 -0.917127 141.642 
-0.733214 0.0721578 80290 1 -0.903646 0.617308 146 0 969 0.0427416 -0.042269 0.0755808 -1.82573 -0.917127 141.642 
-0.734088 0.0715137 80331 1 -0.903646 0.617308 147 0 970 0.0425027 -0.0442286 0.0764333 -1.83928 -0.919061 141.612 
-0.735472 0.0846684 80492 1 -0.903646 0.617308 148 0 974 0.0426553 -0.0454813 0.0754685 -1.84313 -0.920768 141.705 
-0.742486 0.039486 80572 1 -0.903646 0.617308 149 0 976 0.0428819 -0.045594 0.0740619 -1.8351 -0.908355 141.635 
-0.759301 0.0718121 80611 1 -0.903646 0.617308 150 0 977 0.0416451 -0.0445301 0.0739652 -1.8175 -0.905792 141.697 
-0.759301 0.0718121 80611 1 -0.903646 0.617308 151 0 977 0.0416451 -0.0445301 0.0739652 -1.8175 -0.905792 141.697 
-0.743282 0.0811415 80651 1 -0.903646 0.617308 152 0 978 0.043359 -0.0456994 0.0735569 -1.8278 -0.903904 141.689 
-0.705324 0.120202 80812 1 -0.903646 0.617308 153 0 982 0.0439258 -0.046984 0.0751324 -1.82207 -0.932778 141.745 
1.16167 1.10175 80892 1 -0.903646 0.617308 154 1 984 0.0469856 -0.0478996 0.070921 -1.84239 -0.881996 141.74 
1.30946 1.03392 80933 1 -0.903646 0.617308 155 0 985 0.0476946 -0.044553 0.0707167 -1.81606 -0.871921 141.661 
1.30946 1.03392 80933 1 -0.903646 0.617308 156 0 985 0.0476946 -0.044553 0.0707167 -1.81606 -0.871921 141.661 
1.34672 0.806042 81092 1 -0.903646 0.617308 157 0 989 0.0476672 -0.0471026 0.0705461 -1.84513 -0.860314 141.623 
1.34977 0.760482 81133 1 -0.903646 0.617308 158 0 990 0.0485098 -0.0448922 0.0698969 -1.82879 -0.864138 141.643 
1.3123 0.642236 81253 1 -0.903646 0.617308 159 0 993 0.047148 -0.0473953 0.0686502 -1.86462 -0.841983 141.549 
1.21902 0.385945 81333 1 -0.903646 0.617308 160 0 995 0.0469716 -0.0470556 0.0707948 -1.86757 -0.873406 141.572 
1.21902 0.385945 81333 1 -0.903646 0.617308 161 0 995 0.0469716 -0.0470556 0.0707948 -1.86757 -0.873406 141.572 
1.21902 0.385945 81333 1 -0.903646 0.617308 162 0 995 0.0469716 -0.0470556 0.0707948 -1.86757 -0.873406 141.572 
1.18399 0.30089 81493 1 -0.903646 0.617308 163 1 999 0.0454416 -0.0473321 0.0702308 -1.86952 -0.856674 141.432 
1.19737 0.297754 81573 1 -0.903646 0.617308 164 1 1001 0.0442294 -0.0484031 0.073989 -1.87446 -0.859673 141.357 
1.2362 0.294715 81654 1 -0.903646 0.617308 165 0 1003 0.0460819 -0.0488758 0.075367 -1.87179 -0.872831 141.452 
1.2362 0.294715 81654 1 -0.903646 0.617308 166 0 1003 0.0460819 -0.0488758 0.075367 -1.87179 -0.872831 141.452 
1.18627 0.282785 81773 1 -0.903646 0.617308 167 1 1006 0.0460731 -0.0481505 0.0726621 -1.86418 -0.861017 141.42 
1.17272 0.267528 81854 1 -0.903646 0.617308 168 1 1008 0.0463726 -0.0500954 0.0739525 -1.88701 -0.869632 141.494 
1.1642 0.230915 81934 1 -0.903646 0.617308 169 1 1010 0.0457121 -0.0491653 0.0724276 -1.87277 -0.853585 141.45 
1.16268 0.307868 81974 1 -0.903646 0.617308 170 1 1011 0.0457572 -0.0480763 0.0756636 -1.85704 -0.894724 141.511 
1.18001 0.318101 82055 1 -0.903646 0.617308 171 1 1013 0.0462693 -0.0470363 0.0754569 -1.84278 -0.892601 141.535 
1.14955 0.27377 82134 1 -0.903646 0.617308 172 1 1015 0.0467311 -0.0464975 0.073432 -1.83408 -0.885627 141.597 
1.15927 0.270178 82214 1 -0.903646 0.617308 173 1 1017 0.0466287 -0.0464661 0.0740951 -1.82807 -0.886346 141.635 
1.13796 0.308513 82295 1 -0.903646 0.617308 174 1 1019 0.0472483 -0.048153 0.0730667 -1.84483 -0.903735 141.665 
1.1112 0.311895 82335 1 -0.903646 0.617308 175 1 1020 0.0473355 -0.0503534 0.0722963 -1.86709 -0.89704 141.67 
1.14651 0.353237 82415 1 -0.903646 0.617308 176 1 1022 0.0472372 -0.0472381 0.0730692 -1.83645 -0.909495 141.649 
1.14564 0.312654 82495 1 -0.903646 0.617308 177 1 1024 0.0468118 -0.0467877 0.0723239 -1.84394 -0.893152 141.608 
1.14711 0.339991 82575 1 -0.903646 0.617308 178 1 1026 0.0464765 -0.0480803 0.0743342 -1.86591 -0.909801 141.631 
1.12556 0.392552 82656 1 -0.903646 0.617308 179 1 1028 0.0458131 -0.0480917 0.0744958 -1.87577 -0.927012 141.676 
1.14246 0.388742 82696 1 -0.903646 0.617308 180 1 1029 0.0452862 -0.0460008 0.0741501 -1.85831 -0.923792 141.692 
1.09882 0.389919 82776 1 -0.903646 0.617308 181 1 1031 0.0440464 -0.0466116 0.0738435 -1.86489 -0.925187 141.652 
0.557639 0.239451 82857 1 -0.903646 0.617308 182 1 1033 0.0442219 -0.047766 0.0733184 -1.87566 -0.904382 141.637 
0.38738 0.236547 82895 1 -0.903646 0.617308 183 1 1034 0.0441614 -0.0457459 0.0730327 -1.85526 -0.903636 141.668 
0.366696 0.236929 82976 1 -0.903646 0.617308 184 1 1036 0.0446897 -0.0453703 0.0729929 -1.85879 -0.903989 141.63 
0.359351 0.200399 83057 1 -0.903646 0.617308 185 1 1038 0.0441297 -0.0445253 0.0722915 -1.85374 -0.889201 141.632 
0.323861 0.22045 83096 1 -0.903646 0.617308 186 1 1039 0.0438632 -0.0452136 0.0721789 -1.85722 -0.899526 141.715 
0.323061 0.210635 83177 1 -0.903646 0.617308 187 1 1041 0.043959 -0.0459618 0.0715352 -1.87212 -0.901252 141.703 
0.338116 0.301133 83256 1 -0.903646 0.617308 188 1 1043 0.0435571 -0.0448934 0.0728114 -1.86008 -0.920723 141.807 
0.376996 1.90219 83336 1 -0.903646 0.617308 189 0 1045 0.0417503 -0.0450036 0.0728668 -1.86383 -0.903781 141.933 
0.394814 1.30786 83377 1 -0.903646 0.617308 190 0 1046 0.0416461 -0.0470088 0.0721115 -1.8865 -0.900021 141.98 
0.432814 0.735943 83457 1 -0.903646 0.617308 191 1 1048 0.0422016 -0.0440253 0.0721021 -1.85897 -0.902013 141.9 
0.426319 0.731691 83540 1 -0.903646 0.617308 192 1 1050 0.0424322 -0.043934 0.0718849 -1.85976 -0.904186 141.898 
0.41548 0.707144 83618 1 -0.903646 0.617308 193 1 1052 0.0427944 -0.0436502 0.0717134 -1.86242 -0.905957 141.912 
0.411755 0.688516 83697 1 -0.903646 0.617308 194 1 1054 0.042867 -0.0435834 0.0717145 -1.86307 -0.905969 141.912 
0.4106 0.688297 83738 1 -0.903646 0.617308 195 1 1055 0.0429546 -0.0435404 0.0716887 -1.86348 -0.906245 141.917 
0.412767 0.66482 83818 1 -0.903646 0.617308 196 1 1057 0.0432626 -0.0434226 0.0716869 -1.86461 -0.906369 141.917 
0.414389 0.669931 83901 1 -0.903646 0.617308 197 1 1059 0.043236 -0.0434873 0.0715836 -1.86392 -0.907401 141.913 
0.417206 0.655709 83981 1 -0.903646 0.617308 198 1 1061 0.0429498 -0.0437289 0.0715745 -1.8615 -0.907469 141.928 
0.413187 0.640827 84058 1 -0.903646 0.617308 199 1 1063 0.0429219 -0.0439193 0.0713398 -1.85955 -0.909721 141.934 
0.404327 0.608015 84138 1 -0.903646 0.617308 200 1 1065 0.042966 -0.0439225 0.0713316 -1.85949 -0.909832 141.937 
0.341582 0.287884 84219 1 -0.903646 0.617308 201 1 1067 0.0425864 -0.0434936 0.0721063 -1.8552 -0.892767 141.826 
0.342034 0.265573 84259 1 -0.903646 0.617308 202 1 1068 0.0426473 -0.0434699 0.0724254 -1.85541 -0.88971 141.831 
0.33403 0.252511 84339 1 -0.903646 0.617308 203 1 1070 0.0428259 -0.0434213 0.0724175 -1.8559 -0.889874 141.847 
0.331796 0.280321 84418 1 -0.903646 0.617308 204 1 1072 0.043613 -0.0432731 0.0719177 -1.85725 -0.894937 141.864 
0.346281 0.287129 84499 1 -0.903646 0.617308 205 1 1074 0.0438989 -0.0418945 0.0749434 -1.85091 -0.919 141.866 
0.33945 0.222978 84580 1 -0.903646 0.617308 206 1 1076 0.0426074 -0.0424431 0.076691 -1.85641 -0.91406 141.822 
0.345151 0.227644 84619 1 -0.903646 0.617308 207 1 1077 0.0425744 -0.0424857 0.0767072 -1.85602 -0.913892 141.829 
0.34552 0.228232 84700 1 -0.903646 0.617308 208 1 1079 0.0425804 -0.0424824 0.076707 -1.85605 -0.913897 141.83 
0.63943 0.373196 84779 1 -0.903646 0.617308 209 1 1081 0.0421606 -0.0388901 0.066498 -1.79655 -0.827522 142.15 
0.672916 0.455124 84860 1 -0.903646 0.617308 210 1 1083 0.0427208 -0.0434209 0.0681644 -1.83498 -0.837929 142.195 
0.630708 0.490462 84940 1 -0.903646 0.617308 211 1 1085 0.0427737 -0.041113 0.0679266 -1.8139 -0.845145 142.218 
0.630708 0.490462 84980 1 -0.903646 0.617308 212 1 1086 0.0427737 -0.041113 0.0679266 -1.8139 -0.845145 142.218 
0.585513 0.459223 85060 1 -0.903646 0.617308 213 1 1088 0.0430312 -0.0410609 0.0676498 -1.81423 -0.847816 142.143 
0.584544 0.454993 85101 1 -0.903646 0.617308 214 1 1089 0.0429982 -0.0410573 0.0677115 -1.81427 -0.847204 142.133 
0.584544 0.454993 85101 1 -0.903646 0.617308 215 1 1089 0.0429982 -0.0410573 0.0677115 -1.81427 -0.847204 142.133 
0.491326 0.215809 85300 1 -0.903646 0.617308 216 1 1094 0.0438922 -0.0401421 0.0678994 -1.81585 -0.850681 142.067 
0.487699 0.155194 85341 1 -0.903646 0.617308 217 1 1095 0.0430485 -0.0396266 0.0669267 -1.81494 -0.843714 142.103 
0.492502 0.185364 85421 1 -0.903646 0.617308 218 1 1097 0.0421959 -0.0400074 0.0659213 -1.81327 -0.843995 142.127 
0.457608 0.159955 85501 1 -0.903646 0.617308 219 1 1099 0.0423857 -0.0411093 0.0635459 -1.81338 -0.821739 142.068 
0.723435 0.835175 85583 1 -0.903646 0.617308 220 1 1101 0.043467 -0.0432716 0.0625703 -1.82082 -0.81799 142.159 
0.691196 0.892499 85661 1 -0.903646 0.617308 221 1 1103 0.0439015 -0.0440352 0.0605255 -1.82443 -0.813916 142.172 
0.69117 0.866073 85701 1 -0.903646 0.617308 222 1 1104 0.0446567 -0.0454472 0.0616654 -1.83929 -0.826583 142.17 
0.670595 0.810887 85784 1 -0.903646 0.617308 223 1 1106 0.0456674 -0.044991 0.0600808 -1.84274 -0.809805 142.203 
0.690385 0.838411 85862 1 -0.903646 0.617308 224 1 1108 0.0455043 -0.0433891 0.0601185 -1.83831 -0.822569 142.166 
0.682923 0.837366 85902 1 -0.903646 0.617308 225 1 1109 0.0456694 -0.0432084 0.0601713 -1.84012 -0.822141 142.121 
0.517705 0.702356 85982 1 -0.903646 0.617308 226 1 1111 0.045586 -0.044226 0.0596172 -1.86034 -0.813721 142.054 
0.35286 0.507809 86062 1 -0.903646 0.617308 227 1 1113 0.0453184 -0.0437244 0.0602567 -1.86501 -0.807564 142.056 
0.351744 0.505113 86142 1 -0.903646 0.617308 228 1 1115 0.0453013 -0.0437185 0.0602697 -1.86506 -0.807439 142.056 
0.163906 -0.0263626 86223 1 -0.903646 0.617308 229 1 1117 0.0441924 -0.0394295 0.0598986 -1.82302 -0.816049 142.161 
0.154123 -0.0594339 86302 1 -0.903646 0.617308 230 1 1119 0.0446044 -0.0417632 0.0589385 -1.8477 -0.80844 142.064 
0.197035 -0.0825169 86383 1 -0.903646 0.617308 231 1 1121 0.0436594 -0.0393768 0.0610649 -1.82899 -0.822781 142.039 
0.191276 -0.0865432 86463 1 -0.903646 0.617308 232 1 1123 0.0432549 -0.0397416 0.0610096 -1.83085 -0.824723 142.069 
0.176229 -0.122302 86544 1 -0.903646 0.617308 233 1 1125 0.0436181 -0.038571 0.057816 -1.81585 -0.797907 142.094 
0.227849 -0.0525003 86623 1 -0.903646 0.617308 234 1 1127 0.0440825 -0.0412892 0.0594721 -1.83239 -0.814325 142.077 
0.228554 -0.0521014 86664 1 -0.903646 0.617308 235 1 1128 0.0440545 -0.0413144 0.0594761 -1.83213 -0.814273 142.07 
0.234323 -0.0534647 86743 1 -0.903646 0.617308 236 1 1130 0.0436769 -0.0415731 0.0596142 -1.82955 -0.81267 141.996 
0.233436 -0.0558036 86783 1 -0.903646 0.617308 237 1 1131 0.0436658 -0.0416154 0.0596676 -1.82918 -0.81214 141.995 
0.190392 -0.117469 86864 1 -0.903646 0.617308 238 1 1133 0.0440045 -0.0432799 0.0599999 -1.84729 -0.813248 142.029 
0.159752 -0.168719 86944 1 -0.903646 0.617308 239 1 1135 0.0437094 -0.0444699 0.0589132 -1.86293 -0.805963 142.029 
0.215884 -0.239426 87024 1 -0.903646 0.617308 240 0 1137 0.044876 -0.0434323 0.0575471 -1.85999 -0.803658 142.052 
0.203027 -0.224917 87064 1 -0.903646 0.617308 241 0 1138 0.0451379 -0.0437869 0.0584649 -1.86423 -0.81386 141.988 
0.217818 -0.225238 87144 1 -0.903646 0.617308 242 0 1140 0.0442527 -0.0449285 0.0605036 -1.87215 -0.828802 142.088 
-0.0269978 -0.333114 87224 1 -0.903646 0.617308 243 0 1142 0.0439574 -0.0432199 0.060688 -1.85249 -0.827151 142.13 
-0.0214055 -0.264997 87305 1 -0.903646 0.617308 244 0 1144 0.0434619 -0.0424708 0.0619551 -1.84578 -0.834136 142.066 
-0.0377683 -0.328343 87385 1 -0.903646 0.617308 245 0 1146 0.04415 -0.0428578 0.0593721 -1.84857 -0.794374 141.923 
-0.0351105 -0.28011 87425 1 -0.903646 0.617308 246 0 1147 0.0446307 -0.0398252 0.0600012 -1.82455 -0.798224 141.994 
-0.0351105 -0.28011 87425 1 -0.903646 0.617308 247 0 1147 0.0446307 -0.0398252 0.0600012 -1.82455 -0.798224 141.994 
0.225486 -0.212833 87585 1 -0.903646 0.617308 248 0 1151 0.0441796 -0.0393053 0.0614227 -1.82728 -0.806169 142 
0.208492 -0.191612 87625 1 -0.903646 0.617308 249 1 1152 0.0439685 -0.0399019 0.0614572 -1.8296 -0.799876 141.97 
0.192768 -0.165554 87706 1 -0.903646 0.617308 250 1 1154 0.0442297 -0.0402147 0.0638403 -1.8308 -0.809098 141.907 
0.162995 -0.147109 87746 1 -0.903646 0.617308 251 1 1155 0.044328 -0.0387598 0.0631723 -1.81744 -0.790114 141.806 
0.172907 -0.156182 87825 1 -0.903646 0.617308 252 1 1157 0.0447451 -0.0388993 0.0651193 -1.81395 -0.808765 141.939 
0.26878 0.0276985 87906 1 -0.903646 0.617308 253 1 1159 0.0440245 -0.0375559 0.0670189 -1.80354 -0.82732 142.018 
0.280463 0.0396062 87986 1 -0.903646 0.617308 254 1 1161 0.0440523 -0.0381506 0.0672842 -1.80116 -0.828945 141.971 
0.282487 0.0385264 88026 1 -0.903646 0.617308 255 1 1162 0.0440477 -0.0382108 0.067307 -1.80059 -0.828721 141.966 
0.273625 0.0173608 88066 1 -0.903646 0.617308 256 1 1163 0.0440198 -0.0406737 0.0658527 -1.81743 -0.808631 141.928 
0.273625 0.0173608 88066 1 -0.903646 0.617308 257 1 1163 0.0440198 -0.0406737 0.0658527 -1.81743 -0.808631 141.928 
0.713948 0.549212 88226 1 -0.903646 0.617308 258 1 1167 0.0440776 -0.0454396 0.0635292 -1.84968 -0.797005 141.879 
-0.0151365 2.61858 88306 1 -0.903646 0.617308 259 0 1169 0.0450033 -0.0464037 0.0640828 -1.84956 -0.797847 141.959 
0.519578 0.910133 88389 1 -0.903646 0.617308 260 1 1171 0.044915 -0.0462056 0.0618992 -1.84327 -0.782967 141.946 
0.102575 0.458453 88467 1 -0.903646 0.617308 261 1 1173 0.0449456 -0.0445365 0.0635563 -1.82181 -0.801084 141.83 
0.0889332 0.349605 88507 1 -0.903646 0.617308 262 1 1174 0.0447509 -0.0447049 0.0634042 -1.82019 -0.802511 141.823 
0.0860421 0.297204 88586 1 -0.903646 0.617308 263 1 1176 0.0445025 -0.0448806 0.0636076 -1.8186 -0.800568 141.847 
0.0722273 0.168533 88627 1 -0.903646 0.617308 264 1 1177 0.0441542 -0.0449317 0.0640493 -1.81827 -0.79642 141.845 
-0.01849 -0.119043 88707 1 -0.903646 0.617308 265 1 1179 0.0438605 -0.04685 0.065291 -1.83617 -0.822851 141.951 
-0.0566535 -0.0550867 88787 1 -0.903646 0.617308 266 1 1181 0.0449033 -0.0442014 0.0635816 -1.81484 -0.822397 141.861 
0.000156976 -0.102643 88868 1 -0.903646 0.617308 267 1 1183 0.0443852 -0.0459914 0.0611466 -1.8294 -0.817091 141.947 
0.00676524 -0.122876 88910 1 -0.903646 0.617308 268 1 1184 0.043663 -0.0468834 0.060619 -1.83272 -0.812351 142.002 
0.00565459 -0.0817782 88987 1 -0.903646 0.617308 269 1 1186 0.0435437 -0.0492548 0.0619274 -1.8407 -0.831561 141.907 
0.261818 0.0130456 89068 1 -0.903646 0.617308 270 1 1188 0.0442566 -0.0522013 0.0604636 -1.86307 -0.832187 141.919 
0.25978 0.00615133 89108 1 -0.903646 0.617308 271 1 1189 0.0445009 -0.0521093 0.0606368 -1.86385 -0.830681 141.893 
0.281968 -0.0129465 89188 1 -0.903646 0.617308 272 1 1191 0.0451032 -0.049775 0.0607915 -1.85211 -0.821861 141.98 
0.17426 -0.0537663 89269 1 -0.903646 0.617308 273 1 1193 0.0463148 -0.0512795 0.060222 -1.87954 -0.814785 141.942 
0.201111 -0.0283644 89348 1 -0.903646 0.617308 274 1 1195 0.0468543 -0.0489912 0.0592734 -1.87206 -0.819517 141.921 
0.223973 -0.022742 89388 1 -0.903646 0.617308 275 1 1196 0.0464866 -0.0484492 0.0599573 -1.87091 -0.828674 141.943 
0.220579 -0.0435401 89469 1 -0.903646 0.617308 276 1 1198 0.0454264 -0.0480074 0.06196 -1.87267 -0.839106 141.96 
0.142184 -0.0601597 89549 1 -0.903646 0.617308 277 1 1200 0.0450022 -0.0474214 0.0620921 -1.86869 -0.839512 141.989 
0.139743 -0.0342799 89630 1 -0.903646 0.617308 278 1 1202 0.0451851 -0.0491746 0.0604788 -1.88232 -0.839326 142.081 
0.137628 -0.00560737 89670 1 -0.903646 0.617308 279 1 1203 0.0453642 -0.0495719 0.0611074 -1.88805 -0.852726 142.077 
0.137519 0.00285053 89749 1 -0.903646 0.617308 280 1 1205 0.0444734 -0.04946 0.0611938 -1.88903 -0.851808 142.085 
0.185815 0.11908 89829 1 -0.903646 0.617308 281 1 1207 0.0414887 -0.0461986 0.0629538 -1.85473 -0.868347 142.336 
0.257388 0.0929639 89909 1 -0.903646 0.617308 282 1 1209 0.0422053 -0.0433466 0.0600351 -1.82808 -0.828888 142.06 
0.256566 0.083652 89990 1 -0.903646 0.617308 283 1 1211 0.0423045 -0.0433176 0.060067 -1.82842 -0.828594 142.059 
0.261287 -0.217973 90070 1 -0.903646 0.617308 284 0 1213 0.0431653 -0.0452081 0.0593 -1.85272 -0.81788 142.136 
0.238512 -0.217568 90109 1 -0.903646 0.617308 285 0 1214 0.0431711 -0.0461208 0.0592269 -1.86541 -0.819639 142.138 
0.243318 -0.188926 90190 1 -0.903646 0.617308 286 1 1216 0.043982 -0.0435327 0.0597805 -1.84893 -0.839643 142.118 
0.260775 -0.212101 90270 1 -0.903646 0.617308 287 0 1218 0.0437279 -0.0434133 0.0599628 -1.85007 -0.838015 142.094 
0.366194 -0.219503 90351 1 -0.903646 0.617308 288 0 1220 0.0429732 -0.0437343 0.0604669 -1.85145 -0.836631 142.078 
0.369452 -0.22448 90391 1 -0.903646 0.617308 289 0 1221 0.0428217 -0.0428772 0.0608593 -1.84416 -0.836272 142.093 
0.35987 -0.216611 90471 1 -0.903646 0.617308 290 0 1223 0.0430155 -0.0419632 0.061476 -1.83661 -0.844588 142.126 
0.328289 -0.224688 90550 1 -0.903646 0.617308 291 0 1225 0.0436336 -0.0417746 0.0610925 -1.83821 -0.848219 142.087 
0.27294 -0.221509 90633 1 -0.903646 0.617308 292 0 1227 0.0447717 -0.0402857 0.0604007 -1.83118 -0.849184 142.026 
0.27294 -0.221509 90633 1 -0.903646 0.617308 293 0 1227 0.0447717 -0.0402857 0.0604007 -1.83118 -0.849184 142.026 
0.271507 -0.252408 90671 1 -0.903646 0.617308 294 0 1228 0.0455961 -0.0414351 0.0612019 -1.84911 -0.856014 142.056 
0.279962 -0.237696 90832 1 -0.903646 0.617308 295 0 1232 0.0434852 -0.0391556 0.0611595 -1.8243 -0.868352 142.162 
0.21855 -0.239434 90911 1 -0.903646 0.617308 296 0 1234 0.0430727 -0.0396355 0.0624995 -1.83697 -0.892573 142.268 
0.21855 -0.239434 90953 1 -0.903646 0.617308 297 0 1235 0.0430727 -0.0396355 0.0624995 -1.83697 -0.892573 142.268 
0.21855 -0.239434 90953 1 -0.903646 0.617308 298 0 1235 0.0430727 -0.0396355 0.0624995 -1.83697 -0.892573 142.268 
0.478393 -0.0910844 91112 1 -0.903646 0.617308 299 1 1239 0.0388852 -0.0428497 0.0620452 -1.87232 -0.875664 142.325 
0.483546 -0.0166476 91195 1 -0.903646 0.617308 300 1 1241 0.0386677 -0.0399302 0.061179 -1.84979 -0.871434 142.339 
0.483368 0.0191662 91272 1 -0.903646 0.617308 301 1 1243 0.0388038 -0.0398163 0.0647455 -1.85117 -0.901369 142.455 
0.483368 0.0191662 91272 1 -0.903646 0.617308 302 1 1243 0.0388038 -0.0398163 0.0647455 -1.85117 -0.901369 142.455 
0.474731 0.0245867 91312 1 -0.903646 0.617308 303 1 1244 0.0390234 -0.0392641 0.062898 -1.8513 -0.87753 142.469 
0.475999 -0.000396858 91473 1 -0.903646 0.617308 304 1 1248 0.0386319 -0.039314 0.0633261 -1.85093 -0.873386 142.454 
0.497055 0.102712 91553 1 -0.903646 0.617308 305 1 1250 0.0389744 -0.0401377 0.0639046 -1.84285 -0.867139 142.144 
0.517501 0.0928496 91593 1 -0.903646 0.617308 306 1 1251 0.0390157 -0.0395152 0.06398 -1.82656 -0.859085 141.932 
0.486328 0.0668664 91673 1 -0.903646 0.617308 307 1 1253 0.0387274 -0.0400913 0.0615315 -1.81479 -0.82135 141.86 
0.431496 -0.108138 91753 1 -0.903646 0.617308 308 1 1255 0.0400565 -0.0443103 0.0618709 -1.8289 -0.822273 141.89 
0.454737 -0.145415 91793 1 -0.903646 0.617308 309 1 1256 0.0402661 -0.0441724 0.0623423 -1.82029 -0.827057 141.925 
0.685841 -0.00353681 91874 1 -0.903646 0.617308 310 1 1258 0.0417181 -0.0457541 0.0602498 -1.8338 -0.815205 141.849 
0.870983 0.078422 91914 1 -0.903646 0.617308 311 1 1259 0.0415762 -0.0460614 0.0594632 -1.8353 -0.811158 141.876 
0.870983 0.078422 91994 1 -0.903646 0.617308 312 1 1261 0.0415762 -0.0460614 0.0594632 -1.8353 -0.811158 141.876 
0.884279 0.128107 92073 1 -0.903646 0.617308 313 1 1263 0.0421098 -0.0490991 0.0588456 -1.86556 -0.815429 141.877 
0.868966 0.0900272 92154 1 -0.903646 0.617308 314 1 1265 0.0425673 -0.0473443 0.059053 -1.851 -0.82269 141.838 
0.886043 0.112486 92194 1 -0.903646 0.617308 315 1 1266 0.0424987 -0.0479969 0.0598218 -1.85537 -0.833213 141.833 
0.876 0.114932 92274 1 -0.903646 0.617308 316 1 1268 0.0419232 -0.0483809 0.0611346 -1.8541 -0.841732 141.901 
0.880318 0.0953699 92355 1 -0.903646 0.617308 317 1 1270 0.0421208 -0.0476516 0.0608382 -1.84105 -0.843998 141.923 
0.872583 0.0905604 92394 1 -0.903646 0.617308 318 1 1271 0.0424365 -0.0491686 0.0601177 -1.85403 -0.845322 142.02 
0.91562 0.147719 92474 1 -0.903646 0.617308 319 1 1273 0.0446119 -0.0479552 0.0598878 -1.84819 -0.862494 142.022 
0.911547 0.132308 92555 1 -0.903646 0.617308 320 1 1275 0.0443441 -0.0461042 0.0595798 -1.84581 -0.862182 142.04 
0.91079 0.119415 92595 1 -0.903646 0.617308 321 1 1276 0.0445431 -0.0481295 0.0600099 -1.8719 -0.862965 142.053 
0.830683 0.0896602 92715 1 -0.903646 0.617308 322 1 1279 0.0453503 -0.0477361 0.0597434 -1.88361 -0.861054 141.945 
0.832975 0.0967477 92755 1 -0.903646 0.617308 323 1 1280 0.0451653 -0.0446611 0.0604515 -1.86211 -0.868499 141.886 
0.89168 0.0823592 92835 1 -0.903646 0.617308 324 1 1282 0.0468713 -0.0405888 0.0596759 -1.8431 -0.857111 141.895 
0.882659 0.118927 92915 1 -0.903646 0.617308 325 1 1284 0.0458917 -0.0377343 0.0613517 -1.82726 -0.865271 141.919 
0.914195 0.138029 92955 1 -0.903646 0.617308 326 1 1285 0.0462199 -0.0365227 0.0615264 -1.81256 -0.864385 141.904 
0.918029 0.182781 93036 1 -0.903646 0.617308 327 1 1287 0.0465901 -0.0371391 0.0594288 -1.81492 -0.857962 141.819 
1.0175 0.202871 93116 1 -0.903646 0.617308 328 1 1289 0.045951 -0.0395823 0.0586066 -1.83035 -0.848224 141.757 
1.02193 0.191899 93156 1 -0.903646 0.617308 329 1 1290 0.0455395 -0.0397585 0.0587828 -1.82881 -0.846571 141.755 
1.0096 0.146818 93236 1 -0.903646 0.617308 330 1 1292 0.0448162 -0.0417932 0.0576805 -1.8447 -0.825948 141.731 
1.00715 0.145192 93316 1 -0.903646 0.617308 331 1 1294 0.0447719 -0.0418427 0.0577088 -1.84426 -0.825701 141.75 
0.997865 0.204909 93397 1 -0.903646 0.617308 332 1 1296 0.0465157 -0.0438226 0.0582296 -1.86936 -0.844761 141.785 
1.09208 0.149137 93477 1 -0.903646 0.617308 333 1 1298 0.0468747 -0.0429659 0.0582145 -1.86769 -0.848009 141.815 
1.0889 0.137781 93517 1 -0.903646 0.617308 334 1 1299 0.0468475 -0.0427979 0.0583412 -1.86923 -0.846867 141.856 
1.06689 0.15133 93596 1 -0.903646 0.617308 335 1 1301 0.0449602 -0.0431169 0.0590267 -1.87214 -0.846273 141.931 
1.06856 0.148441 93637 1 -0.903646 0.617308 336 1 1302 0.0448618 -0.0431296 0.059051 -1.87199 -0.846039 141.932 
1.07747 0.119581 93757 1 -0.903646 0.617308 337 1 1305 0.0434657 -0.0417598 0.0591824 -1.85189 -0.836569 141.961 
1.06889 0.127235 93797 1 -0.903646 0.617308 338 1 1306 0.0434924 -0.0436157 0.0590051 -1.86839 -0.827293 142.002 
1.06394 0.11569 93878 1 -0.903646 0.617308 339 1 1308 0.043707 -0.0427341 0.0603681 -1.85867 -0.831434 141.996 
1.06454 0.0987191 93957 1 -0.903646 0.617308 340 1 1310 0.0446021 -0.0410994 0.0623944 -1.84749 -0.849142 141.938 
1.06458 0.100334 93997 1 -0.903646 0.617308 341 1 1311 0.0445379 -0.0410882 0.0624364 -1.84762 -0.848708 141.939 
1.05344 0.0042966 94078 1 -0.903646 0.617308 342 1 1313 0.0445035 -0.039623 0.0628511 -1.84247 -0.827366 141.902 
1.04774 -0.00528317 94118 1 -0.903646 0.617308 343 1 1314 0.0443725 -0.0394488 0.063149 -1.84401 -0.824469 141.865 
1.03984 -0.017539 94198 1 -0.903646 0.617308 344 1 1316 0.0443681 -0.0392102 0.063486 -1.84645 -0.821102 141.848 
0.972384 0.00435108 94279 1 -0.903646 0.617308 345 1 1318 0.0446651 -0.0382857 0.0622789 -1.83698 -0.821218 141.875 
0.485794 -0.146278 94318 1 -0.903646 0.617308 346 1 1319 0.0448856 -0.0358848 0.0625985 -1.80833 -0.828857 141.858 
0.436533 -0.184498 94398 1 -0.903646 0.617308 347 1 1321 0.044899 -0.0360755 0.0623196 -1.8063 -0.831525 141.912 
0.392042 -0.220868 94438 1 -0.903646 0.617308 348 0 1322 0.0446511 -0.038157 0.0598536 -1.82309 -0.807729 141.969 
0.0463289 -0.368278 94559 1 -0.903646 0.617308 349 0 1325 0.0464322 -0.0370391 0.0626167 -1.80862 -0.834478 141.899 
0.0430407 -0.372381 94599 1 -0.903646 0.617308 350 0 1326 0.0470148 -0.0329887 0.0622253 -1.78234 -0.8307 141.919 
0.0442817 -0.429921 94678 1 -0.903646 0.617308 351 0 1328 0.047491 -0.0338499 0.0617866 -1.80622 -0.81553 141.906 
0.0173902 -0.448495 94719 1 -0.903646 0.617308 352 0 1329 0.0458281 -0.0345794 0.0628125 -1.81826 -0.819037 141.955 
-0.0362924 -0.463458 94839 1 -0.903646 0.617308 353 0 1332 0.0442883 -0.0357715 0.0629977 -1.83324 -0.81794 141.921 
-0.0385563 -0.440927 94922 1 -0.903646 0.617308 354 0 1334 0.0436512 -0.0336162 0.0625263 -1.8078 -0.811208 141.907 
-0.0563743 -0.403915 95000 1 -0.903646 0.617308 355 0 1336 0.0428276 -0.0339165 0.063547 -1.79819 -0.818055 141.821 
-0.0562145 -0.383907 95039 1 -0.903646 0.617308 356 0 1337 0.0424329 -0.0318043 0.0628968 -1.77269 -0.812259 141.825 
-0.0562145 -0.383907 95039 1 -0.903646 0.617308 357 0 1337 0.0424329 -0.0318043 0.0628968 -1.77269 -0.812259 141.825 
1.05675 0.00650718 95200 1 -0.903646 0.617308 358 1 1341 0.0439764 -0.0382163 0.0620913 -1.83324 -0.823049 141.917 
1.03789 0.0144367 95240 1 -0.903646 0.617308 359 1 1342 0.0438922 -0.0395496 0.0612673 -1.84997 -0.821036 141.934 
1.04591 0.0341533 95320 1 -0.903646 0.617308 360 1 1344 0.044266 -0.0391145 0.0612507 -1.85386 -0.821242 141.913 
1.04824 0.0327118 95361 1 -0.903646 0.617308 361 1 1345 0.0440953 -0.0391256 0.0613335 -1.85378 -0.820482 141.91 
1.04824 0.0327118 95361 1 -0.903646 0.617308 362 1 1345 0.0440953 -0.0391256 0.0613335 -1.85378 -0.820482 141.91 
1.06161 0.0567764 95520 1 -0.903646 0.617308 363 1 1349 0.0430799 -0.0384421 0.0619664 -1.84028 -0.830554 141.922 
1.06261 0.0628777 95600 1 -0.903646 0.617308 364 1 1351 0.0422177 -0.0385296 0.0619366 -1.83847 -0.832024 141.941 
1.06249 0.0629529 95641 1 -0.903646 0.617308 365 1 1352 0.042219 -0.0385305 0.0619379 -1.83846 -0.83201 141.942 
1.05904 0.0907495 95721 1 -0.903646 0.617308 366 1 1354 0.0423412 -0.0399767 0.0620046 -1.83982 -0.844998 141.994 
1.03597 0.0668032 95800 1 -0.903646 0.617308 367 1 1356 0.0433707 -0.0439315 0.0601866 -1.87263 -0.842539 142.005 
1.03822 0.0937577 95841 1 -0.903646 0.617308 368 1 1357 0.0430987 -0.0440631 0.0598493 -1.87111 -0.845715 141.972 
1.0378 0.0935548 95921 1 -0.903646 0.617308 369 1 1359 0.0431114 -0.0440549 0.0598578 -1.87117 -0.845636 141.965 
1.06297 0.0996939 96001 1 -0.903646 0.617308 370 1 1361 0.043258 -0.0413843 0.0614451 -1.85788 -0.847207 141.981 
1.05356 0.0988971 96042 1 -0.903646 0.617308 371 1 1362 0.0438319 -0.0410523 0.061526 -1.8603 -0.847107 141.943 
1.02902 0.153372 96122 1 -0.903646 0.617308 372 1 1364 0.0452497 -0.0399968 0.0629716 -1.86873 -0.877394 142.161 
1.08497 0.221037 96201 1 -0.903646 0.617308 373 1 1366 0.0448846 -0.041 0.0629383 -1.89812 -0.891882 142.244 
1.0558 0.219537 96241 1 -0.903646 0.617308 374 1 1367 0.0437439 -0.0426661 0.0635091 -1.91479 -0.891806 142.201 
1.05383 0.186034 96322 1 -0.903646 0.617308 375 1 1369 0.041933 -0.042699 0.063836 -1.9082 -0.881572 142.135 
0.995148 0.0904206 96402 1 -0.903646 0.617308 376 1 1371 0.0423227 -0.0415054 0.062196 -1.89539 -0.859828 142.08 
1.0125 0.0758818 96483 1 -0.903646 0.617308 377 1 1373 0.0422311 -0.0434033 0.0609998 -1.90941 -0.846035 142.134 
1.02881 0.0720354 96523 1 -0.903646 0.617308 378 1 1374 0.0423242 -0.0403719 0.0611873 -1.87919 -0.841496 142.1 
0.339202 -0.27584 96602 1 -0.903646 0.617308 379 0 1376 0.0426184 -0.0389856 0.0635294 -1.86039 -0.864155 142.097 
0.0440404 -0.352145 96683 1 -0.903646 0.617308 380 0 1378 0.0445957 -0.0373259 0.0625892 -1.84491 -0.860838 142.12 
0.0181033 -0.371122 96765 1 -0.903646 0.617308 381 0 1380 0.0447324 -0.0384514 0.0633944 -1.8596 -0.866302 142.093 
0.0258121 -0.415302 96843 1 -0.903646 0.617308 382 0 1382 0.0441181 -0.0372311 0.0629804 -1.85522 -0.850531 142.1 
0.0349527 -0.410621 96884 1 -0.903646 0.617308 383 0 1383 0.0441076 -0.0368403 0.0632067 -1.85185 -0.852225 142.065 
-0.0233529 -0.393639 96963 1 -0.903646 0.617308 384 0 1385 0.0435527 -0.0388982 0.0634088 -1.86996 -0.861883 142.121 
-0.0419042 -0.37131 97003 1 -0.903646 0.617308 385 0 1386 0.0438811 -0.0358199 0.0633103 -1.83906 -0.868363 142.056 
-0.0419042 -0.37131 97003 1 -0.903646 0.617308 386 0 1386 0.0438811 -0.0358199 0.0633103 -1.83906 -0.868363 142.056 
-0.0625959 -0.400222 97164 1 -0.903646 0.617308 387 0 1390 0.043632 -0.0373679 0.0625875 -1.84742 -0.855478 142.099 
-0.0805004 -0.347753 97244 1 -0.903646 0.617308 388 0 1392 0.0446308 -0.0371528 0.0628261 -1.83842 -0.855183 142.075 
-0.0871318 -0.343016 97284 1 -0.903646 0.617308 389 0 1393 0.044667 -0.0362835 0.0633832 -1.82873 -0.863132 142.04 
-0.0840527 -0.335972 97323 1 -0.903646 0.617308 390 0 1394 0.0446141 -0.0360831 0.0622498 -1.82415 -0.855975 142.079 
-0.0840527 -0.335972 97323 1 -0.903646 0.617308 391 0 1394 0.0446141 -0.0360831 0.0622498 -1.82415 -0.855975 142.079 
0.322953 -0.227533 97484 1 -0.903646 0.617308 392 0 1398 0.0426106 -0.0383244 0.0648017 -1.84052 -0.882778 142.385 
0.315688 -0.23825 97565 1 -0.903646 0.617308 393 0 1400 0.0411198 -0.0404848 0.0645801 -1.8633 -0.892893 142.38 
0.290351 -0.208297 97645 1 -0.903646 0.617308 394 0 1402 0.0398847 -0.0403564 0.0657861 -1.8602 -0.902778 142.374 
0.290351 -0.208297 97645 1 -0.903646 0.617308 395 0 1402 0.0398847 -0.0403564 0.0657861 -1.8602 -0.902778 142.374 
0.233779 -0.277824 97765 1 -0.903646 0.617308 396 0 1405 0.0395509 -0.0382914 0.0663462 -1.84108 -0.88921 142.351 
0.25735 -0.292531 97845 1 -0.903646 0.617308 397 0 1407 0.0412928 -0.0373792 0.0686306 -1.83428 -0.914843 142.402 
0.2018 -0.342889 97925 1 -0.903646 0.617308 398 0 1409 0.0427045 -0.0376108 0.0661179 -1.85136 -0.8965 142.364 
0.0552343 -0.414371 97966 1 -0.903646 0.617308 399 0 1410 0.0423708 -0.0399637 0.0655035 -1.88533 -0.886497 142.402 
0.0552343 -0.414371 97966 1 -0.903646 0.617308 400 0 1410 0.0423708 -0.0399637 0.0655035 -1.88533 -0.886497 142.402 
-0.0315255 -0.393061 98085 1 -0.903646 0.617308 401 0 1413 0.0407277 -0.0402045 0.0685099 -1.89403 -0.896404 142.352 
0.0462377 -0.407364 98165 1 -0.903646 0.617308 402 0 1415 0.0400293 -0.0382075 0.0678075 -1.8665 -0.883163 142.248 
-0.114475 -0.327361 98246 1 -0.903646 0.617308 403 0 1417 0.0404714 -0.0400429 0.0675117 -1.88225 -0.887216 142.281 
-0.105866 -0.318557 98286 1 -0.903646 0.617308 404 0 1418 0.0397485 -0.0387338 0.0682607 -1.86528 -0.891871 142.278 
-0.0899443 -0.289243 98367 1 -0.903646 0.617308 405 0 1420 0.040581 -0.0355912 0.0688358 -1.83658 -0.893352 142.322 
-0.061766 -0.114958 98447 1 -0.903646 0.617308 406 1 1422 0.0410555 -0.0329564 0.0689207 -1.80794 -0.899289 142.333 
-0.0987708 -0.0977333 98526 1 -0.903646 0.617308 407 1 1424 0.041567 -0.0372756 0.0683145 -1.85398 -0.888176 142.226 
-0.078427 -0.152356 98606 1 -0.903646 0.617308 408 1 1426 0.0406065 -0.035205 0.067779 -1.82812 -0.86675 142.099 
-0.078427 -0.152356 98606 1 -0.903646 0.617308 409 1 1426 0.0406065 -0.035205 0.067779 -1.82812 -0.86675 142.099 
-0.0618501 -0.142319 98727 1 -0.903646 0.617308 410 1 1429 0.0404233 -0.0347579 0.0691035 -1.81058 -0.877594 142.112 
-0.0920147 -0.0842571 98807 1 -0.903646 0.617308 411 1 1431 0.0413209 -0.03502 0.0688353 -1.80317 -0.890405 142.182 
-0.0900401 -0.128345 98886 1 -0.903646 0.617308 412 1 1433 0.0420309 -0.0382767 0.0660222 -1.8262 -0.875206 142.175 
-0.0599862 -0.26238 98927 1 -0.903646 0.617308 413 0 1434 0.041612 -0.037619 0.0658922 -1.81651 -0.873211 142.21 
-0.0599862 -0.26238 98927 1 -0.903646 0.617308 414 0 1434 0.041612 -0.037619 0.0658922 -1.81651 -0.873211 142.21 
-0.0750731 -0.294324 99087 1 -0.903646 0.617308 415 0 1438 0.0410292 -0.0409356 0.064346 -1.82827 -0.873229 142.202 
-0.0765596 -0.28997 99128 1 -0.903646 0.617308 416 0 1439 0.0413382 -0.0408678 0.0641857 -1.8288 -0.874875 142.221 
0.517914 0.351996 99208 1 -0.903646 0.617308 417 1 1441 0.0427473 -0.0423732 0.0640726 -1.84242 -0.886179 142.195 
0.62975 0.414197 99287 1 -0.903646 0.617308 418 1 1443 0.0438138 -0.0426962 0.0618788 -1.84637 -0.872634 142.248 
0.623307 0.456692 99328 1 -0.903646 0.617308 419 1 1444 0.0440067 -0.0442473 0.0613166 -1.86058 -0.879629 142.259 
0.614274 0.516173 99408 1 -0.903646 0.617308 420 1 1446 0.045542 -0.0414289 0.0618852 -1.84627 -0.899954 142.254 
0.665333 0.454695 99488 1 -0.903646 0.617308 421 1 1448 0.0460933 -0.0432753 0.0610223 -1.87031 -0.903128 142.174 
0.662921 0.454722 99528 1 -0.897396 0.617308 422 1 1449 0.0460594 -0.0432079 0.0610096 -1.87096 -0.903216 142.17 
0.666353 0.411492 99609 1 -0.892708 0.616346 423 1 1451 0.046213 -0.0409121 0.0605744 -1.86526 -0.885329 142.156 
0.742202 0.521498 99688 1 -0.886979 0.616346 424 1 1453 0.0464413 -0.0398065 0.0611666 -1.86021 -0.886279 142.115 
0.793 0.512168 99728 1 -0.877083 0.617308 425 1 1454 0.0464667 -0.0392787 0.0598164 -1.85973 -0.872215 142.171 
0.741037 0.547899 99809 1 -0.870313 0.617308 426 1 1456 0.046161 -0.0406827 0.0609717 -1.87654 -0.889353 142.149 
0.778273 0.501246 99889 1 -0.869271 0.617308 427 1 1458 0.0454462 -0.0416873 0.060728 -1.88317 -0.875337 142.121 
0.76069 0.498081 99929 1 -0.869271 0.617308 428 1 1459 0.0449506 -0.0427263 0.0611498 -1.88976 -0.876775 142.176 
0.754339 0.504856 100009 1 -0.871875 0.617308 429 1 1461 0.0458724 -0.0401239 0.0602023 -1.86886 -0.862473 142.165 
0.721051 0.46766 100089 1 -0.872396 0.617308 430 1 1463 0.0448858 -0.040778 0.0598025 -1.87462 -0.852588 142.064 
0.723511 0.457246 100169 1 -0.872917 0.617308 431 1 1465 0.0448505 -0.0408204 0.0599331 -1.87413 -0.851334 142.083 
0.727055 0.438777 100210 1 -0.871875 0.617308 432 1 1466 0.0445682 -0.041508 0.0612334 -1.87754 -0.857388 142.129 
0.629848 0.431681 100290 1 -0.864062 0.617308 433 1 1468 0.0459068 -0.0385769 0.0606286 -1.85162 -0.852077 142.067 
0.629848 0.431681 100330 1 -0.855208 0.615385 434 1 1469 0.0459068 -0.0385769 0.0606286 -1.85162 -0.852077 142.067 
0.623193 0.402584 100410 1 -0.854167 0.615385 435 1 1471 0.0454672 -0.0391502 0.0603274 -1.85572 -0.842482 141.995 
0.623606 0.421264 100490 1 -0.854167 0.615385 436 1 1473 0.046144 -0.0391404 0.0605816 -1.85861 -0.842295 142.036 
0.556818 0.354238 100570 1 -0.854167 0.615385 437 1 1475 0.0458897 -0.0394138 0.0579665 -1.8603 -0.822707 142.033 
0.554417 0.354844 100651 1 -0.854167 0.615385 438 1 1477 0.0459156 -0.0394366 0.0578984 -1.86008 -0.823403 142.025 
0.547428 0.362236 100731 1 -0.854167 0.615385 439 1 1479 0.0462059 -0.0392956 0.0577058 -1.86135 -0.825585 142.034 
0.537551 0.362921 100770 1 -0.854167 0.615385 440 1 1480 0.0465952 -0.0391608 0.0576309 -1.86276 -0.826622 142.02 
0.53176 0.35852 100853 1 -0.854167 0.615385 441 1 1482 0.0465965 -0.039162 0.0576229 -1.86277 -0.826706 142.013 
0.471393 0.354904 100931 1 -0.854167 0.615385 442 1 1484 0.0477333 -0.039455 0.0589986 -1.87333 -0.852124 141.978 
0.351743 0.306477 101011 1 -0.854167 0.615385 443 1 1486 0.0470716 -0.0405312 0.0576517 -1.88643 -0.832666 141.999 
0.343883 0.321117 101092 1 -0.854167 0.615385 444 1 1488 0.046732 -0.040939 0.058793 -1.89163 -0.844964 142.028 
0.345542 0.317304 101131 1 -0.854167 0.615385 445 1 1489 0.0466828 -0.0410352 0.0588538 -1.89063 -0.844517 142.026 
0.346993 0.304025 101211 1 -0.854167 0.615385 446 1 1491 0.0469109 -0.0398858 0.0584573 -1.8749 -0.844511 141.959 
0.352038 0.246463 101292 1 -0.854167 0.615385 447 1 1493 0.0462574 -0.039408 0.0598996 -1.86713 -0.837957 141.846 
0.52141 0.304464 101372 1 -0.854167 0.615385 448 1 1495 0.0468871 -0.039328 0.0591603 -1.86149 -0.825518 141.938 
0.530648 0.307051 101452 1 -0.854167 0.615385 449 1 1497 0.0470907 -0.0381748 0.058377 -1.84434 -0.807036 141.775 
0.531268 0.308314 101493 1 -0.854167 0.615385 450 1 1498 0.047131 -0.0381841 0.0583573 -1.84422 -0.807216 141.776 
0.546193 0.372665 101572 1 -0.854167 0.615385 451 1 1500 0.0486561 -0.0357943 0.0585089 -1.81964 -0.827493 141.802 
0.655891 0.481558 101652 1 -0.854167 0.615385 452 1 1502 0.0486331 -0.0386114 0.0569968 -1.84684 -0.817799 141.896 
0.678733 0.544321 101692 1 -0.854167 0.615385 453 1 1503 0.0478621 -0.0370411 0.0581381 -1.82637 -0.835364 141.899 
0.712495 0.585213 101773 1 -0.854167 0.615385 454 1 1505 0.0476321 -0.0389022 0.0571034 -1.83231 -0.826031 141.92 
0.70564 0.640345 101813 1 -0.854167 0.615385 455 1 1506 0.0480526 -0.0418628 0.0575501 -1.85355 -0.836434 141.896 
0.99121 0.741923 101892 1 -0.854167 0.615385 456 1 1508 0.0483109 -0.0436224 0.0564025 -1.87075 -0.834917 141.888 
1.01363 0.686548 101973 1 -0.854167 0.615385 457 1 1510 0.0480223 -0.0451192 0.0563736 -1.88707 -0.826076 141.853 
1.01791 0.680173 102053 1 -0.854167 0.615385 458 1 1512 0.0481526 -0.0443074 0.0566423 -1.881 -0.828284 141.946 
1.01791 0.680173 102053 1 -0.854167 0.615385 459 1 1512 0.0481526 -0.0443074 0.0566423 -1.881 -0.828284 141.946 
1.01359 0.702475 102173 1 -0.854167 0.615385 460 1 1515 0.0481555 -0.0444881 0.0562955 -1.88272 -0.829233 141.855 
1.01359 0.702475 102254 1 -0.854167 0.615385 461 1 1517 0.0481555 -0.0444881 0.0562955 -1.88272 -0.829233 141.855 
1.01153 0.699807 102333 1 -0.854688 0.616346 462 1 1519 0.0482048 -0.0443952 0.0563465 -1.88361 -0.828737 141.851 
1.00063 0.691768 102414 1 -0.854688 0.616346 463 1 1521 0.051538 -0.0436367 0.0553219 -1.89117 -0.820082 141.83 
1.03289 0.612532 102494 1 -0.854688 0.616346 464 1 1523 0.0567404 -0.0472182 0.0524653 -1.94622 -0.785734 141.89 
1.03136 0.62633 102534 1 -0.854688 0.616346 465 1 1524 0.0576743 -0.0457271 0.0518649 -1.93772 -0.783558 141.842 
0.955751 0.619078 102615 1 -0.855208 0.618269 466 1 1526 0.0582004 -0.0467916 0.0509145 -1.95114 -0.786312 141.846 
0.854399 0.493241 102696 1 -0.855729 0.620192 467 1 1528 0.057761 -0.04873 0.0503536 -1.96271 -0.770799 141.837 
0.846281 0.503325 102774 1 -0.855729 0.620192 468 1 1530 0.0575383 -0.047314 0.0518145 -1.9354 -0.784876 141.805 
0.781719 0.367389 102855 1 -0.855729 0.620192 469 1 1532 0.0561108 -0.0473315 0.0512471 -1.92313 -0.764525 141.819 
0.738932 0.355883 102895 1 -0.855729 0.620192 470 1 1533 0.0562089 -0.0469543 0.0526665 -1.91208 -0.785592 141.868 
0.761336 0.35125 102975 1 -0.855729 0.620192 471 1 1535 0.0562456 -0.0469397 0.0518289 -1.90266 -0.777864 141.884 
0.762465 0.335905 103055 1 -0.855729 0.620192 472 1 1537 0.0572121 -0.0476952 0.0511999 -1.91023 -0.769262 141.858 
0.763023 0.341169 103097 1 -0.855729 0.620192 473 1 1538 0.0574697 -0.047682 0.0511454 -1.91035 -0.769951 141.847 
0.778321 0.324322 103175 1 -0.855729 0.620192 474 1 1540 0.057453 -0.04662 0.0543608 -1.9078 -0.784182 141.861 
0.75222 0.363379 103256 1 -0.855729 0.620192 475 1 1542 0.0574673 -0.0474385 0.0559352 -1.91981 -0.808745 141.888 
0.677257 0.350053 103336 1 -0.855729 0.620192 476 1 1544 0.0577094 -0.0451522 0.0554378 -1.8991 -0.799016 141.927 
0.490917 0.251284 103376 1 -0.855729 0.620192 477 1 1545 0.0579003 -0.0456609 0.0548398 -1.90511 -0.804364 141.948 
0.482248 0.239788 103456 1 -0.855729 0.620192 478 1 1547 0.0583933 -0.0435438 0.0537221 -1.89222 -0.794589 141.946 
0.477495 0.249205 103536 1 -0.855729 0.620192 479 1 1549 0.0585056 -0.0441012 0.053179 -1.89841 -0.794789 142.008 
0.470948 0.241142 103616 1 -0.855729 0.620192 480 1 1551 0.0587414 -0.0437899 0.0530996 -1.89967 -0.792543 142.011 
0.375186 0.21112 103657 1 -0.855729 0.620192 481 1 1552 0.0587987 -0.0433846 0.0535799 -1.90457 -0.797609 142.01 
0.219231 0.212104 103737 1 -0.855729 0.620192 482 1 1554 0.0581527 -0.045197 0.0524819 -1.94098 -0.797884 141.989 
0.22954 0.230011 103816 1 -0.855729 0.620192 483 1 1556 0.0580744 -0.0464686 0.0535178 -1.984 -0.789117 142.033 
0.213781 0.269683 103897 1 -0.855729 0.620192 484 1 1558 0.0557665 -0.0470824 0.0537642 -1.99895 -0.802002 142.048 
0.197448 0.247164 103937 1 -0.855729 0.620192 485 1 1559 0.0554099 -0.0479892 0.053278 -2.01373 -0.792926 142.021 
0.207102 0.25401 104017 1 -0.855729 0.620192 486 1 1561 0.0541055 -0.0466119 0.0534429 -1.9968 -0.794445 141.996 
0.172309 0.213583 104097 1 -0.855729 0.620192 487 1 1563 0.0528245 -0.0484479 0.0542371 -2.01027 -0.789835 141.953 
0.512528 0.295983 104138 1 -0.855729 0.620192 488 1 1564 0.0525735 -0.0481958 0.0557997 -2.00646 -0.799161 142.073 
0.741195 0.398308 104217 1 -0.855729 0.620192 489 1 1566 0.0536985 -0.0468936 0.0544492 -1.99152 -0.786205 142.021 
0.730783 0.372208 104297 1 -0.855729 0.620192 490 1 1568 0.0542622 -0.048047 0.0547554 -2.0063 -0.781655 141.988 
0.731587 0.361143 104378 1 -0.855729 0.620192 491 1 1570 0.0540799 -0.0480947 0.0549532 -2.00574 -0.779708 141.948 
0.837064 0.525602 104418 1 -0.855729 0.620192 492 1 1571 0.0532281 -0.0456532 0.0534168 -1.9813 -0.751115 141.939 
0.749513 0.93105 104498 1 -0.855729 0.620192 493 1 1573 0.0530556 -0.0497633 0.0563953 -2.0107 -0.775655 141.954 
0.706186 0.960057 104578 1 -0.855729 0.620192 494 1 1575 0.0538738 -0.0466352 0.0549389 -1.96715 -0.767845 141.931 
0.751476 0.967072 104658 1 -0.855729 0.620192 495 1 1577 0.0553345 -0.046509 0.0551737 -1.96214 -0.786915 141.94 
0.853448 0.931813 104698 1 -0.855729 0.620192 496 1 1578 0.0554804 -0.0480207 0.0538516 -1.97185 -0.782221 141.973 
0.851401 0.941052 104779 1 -0.855729 0.620192 497 1 1580 0.0559213 -0.0479556 0.053673 -1.97221 -0.783889 141.998 
0.857581 0.943065 104819 1 -0.855729 0.620192 498 1 1581 0.0561677 -0.04655 0.0531729 -1.95916 -0.780131 141.99 
0.865731 0.927498 104899 1 -0.855729 0.620192 499 1 1583 0.0563877 -0.0458495 0.0535018 -1.95781 -0.78091 142.023 
0.847436 0.899713 104981 1 -0.855729 0.620192 500 1 1585 0.0556565 -0.0462579 0.0541872 -1.96474 -0.779265 142.017 
0.831167 0.841439 105059 1 -0.855729 0.620192 501 1 1587 0.0539582 -0.0464006 0.0568888 -1.96805 -0.78408 142.081 
0.842793 0.870719 105099 1 -0.855729 0.620192 502 1 1588 0.0535663 -0.0465441 0.0576567 -1.9663 -0.783331 142.099 
0.764055 0.883015 105179 1 -0.855729 0.620192 503 1 1590 0.0526797 -0.0445906 0.058238 -1.92634 -0.781302 142.019 
0.764055 0.883015 105179 1 -0.855729 0.620192 504 1 1590 0.0526797 -0.0445906 0.058238 -1.92634 -0.781302 142.019 
0.725251 0.905887 105299 1 -0.855729 0.620192 505 1 1593 0.0540496 -0.0457036 0.0583473 -1.91772 -0.774845 141.867 
0.756824 0.476419 105419 1 -0.855729 0.620192 506 1 1596 0.0550071 -0.0422452 0.0580148 -1.85689 -0.729007 141.676 
0.775614 0.42015 105460 1 -0.855729 0.620192 507 1 1597 0.055004 -0.0430648 0.0567529 -1.85412 -0.701139 141.635 
0.755762 0.391501 105540 1 -0.855729 0.620192 508 1 1599 0.0572695 -0.0475453 0.0584231 -1.87398 -0.694392 141.64 
0.73721 0.351697 105620 1 -0.855729 0.620192 509 1 1601 0.0579206 -0.0499978 0.0589063 -1.8799 -0.680828 141.505 
0.733857 0.357887 105660 1 -0.855729 0.620192 510 1 1602 0.0577039 -0.0509385 0.0627213 -1.87824 -0.702973 141.452 
0.688445 0.420752 105740 1 -0.855729 0.620192 511 1 1604 0.0584045 -0.0530072 0.0656901 -1.86711 -0.698656 141.277 
0.679803 0.812983 105820 1 -0.855729 0.620192 512 1 1606 0.0604756 -0.0609495 0.0632482 -1.90357 -0.639393 140.91 
0.725919 0.62172 105860 1 -0.855729 0.620192 513 1 1607 0.061235 -0.0623215 0.0680846 -1.90156 -0.644797 140.948 
0.713606 0.434827 105941 1 -0.855729 0.620192 514 1 1609 0.0636231 -0.0634653 0.0739167 -1.91551 -0.626145 141.066 
0.749557 0.212213 105981 1 -0.855729 0.620192 515 1 1610 0.0654741 -0.0592469 0.0828333 -1.88664 -0.679338 141.106 
0.721832 -0.0374016 106060 1 -0.855729 0.620192 516 1 1612 0.0647044 -0.0537676 0.0919619 -1.8469 -0.720984 141.187 
0.664877 -0.141673 106141 1 -0.855729 0.620192 517 1 1614 0.0619249 -0.0588821 0.092154 -1.9016 -0.694316 141.271 
0.684839 -0.206512 106221 1 -0.855729 0.620192 518 0 1616 0.0600181 -0.0561537 0.0919292 -1.87081 -0.675673 141.251 
0.582764 -0.178334 106301 1 -0.855729 0.620192 519 1 1618 0.0592073 -0.0568426 0.0927073 -1.8518 -0.686282 141.251 
0.598705 -0.126812 106342 1 -0.855729 0.620192 520 1 1619 0.0592816 -0.0533674 0.0932318 -1.79802 -0.690702 141.261 
0.625138 -0.134618 106422 1 -0.855729 0.620192 521 1 1621 0.0602053 -0.0498324 0.0940617 -1.74258 -0.694521 141.299 
0.855826 -0.145516 106502 1 -0.855729 0.620192 522 1 1623 0.0634698 -0.0462541 0.0952488 -1.7198 -0.713865 141.478 
0.848959 -0.051 106541 1 -0.855729 0.620192 523 1 1624 0.0643224 -0.0464572 0.0972063 -1.73787 -0.744806 141.54 
0.682886 -0.192632 106622 1 -0.855729 0.620192 524 1 1626 0.062895 -0.0473832 0.099922 -1.78451 -0.779847 141.737 
0.53162 -0.280615 106702 1 -0.855729 0.620192 525 0 1628 0.0576685 -0.0474976 0.102743 -1.81758 -0.812283 141.876 
0.546561 -0.282732 106742 1 -0.855729 0.620192 526 0 1629 0.0578025 -0.0454321 0.100288 -1.80922 -0.792942 142.038 
0.51521 -0.283483 106824 1 -0.855729 0.620192 527 0 1631 0.055699 -0.0424391 0.0980409 -1.79068 -0.780228 142.066 
0.497952 -0.23882 106902 1 -0.855729 0.620192 528 0 1633 0.0553484 -0.0430535 0.0995255 -1.78915 -0.804724 141.991 
0.519938 -0.136102 106942 1 -0.855729 0.620192 529 1 1634 0.0555475 -0.0440213 0.096591 -1.79596 -0.77108 141.964 
0.554301 -0.0234953 107023 1 -0.855729 0.620192 530 1 1636 0.0560979 -0.0441254 0.100609 -1.79301 -0.807447 141.864 
0.582056 -0.00113824 107103 1 -0.855729 0.620192 531 1 1638 0.0568887 -0.0438235 0.0980722 -1.79126 -0.789462 141.96 
0.586619 0.0212955 107182 1 -0.855729 0.620192 532 1 1640 0.0580977 -0.0415379 0.0966705 -1.77591 -0.785741 142.027 
0.585465 0.0199893 107226 1 -0.855729 0.620192 533 1 1641 0.058105 -0.0415333 0.0966659 -1.77595 -0.785792 142.026 
0.342892 -0.110583 107303 1 -0.855729 0.620192 534 1 1643 0.0577245 -0.0424503 0.101956 -1.77844 -0.833147 142.031 
0.357951 -0.0831215 107384 1 -0.855729 0.620192 535 1 1645 0.0579276 -0.0415355 0.101646 -1.76172 -0.818408 141.992 
0.347629 -0.0617408 107424 1 -0.855729 0.620192 536 1 1646 0.0588814 -0.0397992 0.0999121 -1.73241 -0.795554 141.808 
0.320767 -0.173018 107504 1 -0.855729 0.620192 537 1 1648 0.0566546 -0.0435041 0.0906631 -1.73456 -0.693427 141.445 
0.374303 -0.179856 107583 1 -0.855729 0.620192 538 1 1650 0.058117 -0.044707 0.0901692 -1.72008 -0.667334 141.182 
0.375076 -0.152165 107624 1 -0.855729 0.620192 539 1 1651 0.0587702 -0.0450976 0.0914962 -1.72018 -0.678496 141.258 
0.307348 -0.0983023 107704 1 -0.855729 0.620192 540 1 1653 0.0606417 -0.0430943 0.0916293 -1.70964 -0.697256 141.481 
0.242866 -0.0422132 107784 1 -0.855729 0.620192 541 1 1655 0.0591297 -0.0428902 0.0908818 -1.73372 -0.705547 141.635 
0.188457 -0.0261797 107865 1 -0.855729 0.620192 542 1 1657 0.05631 -0.0399586 0.0958808 -1.72556 -0.758431 141.937 
0.17878 -0.0403472 107905 1 -0.855729 0.620192 543 1 1658 0.0562229 -0.0398919 0.0959489 -1.72623 -0.757806 141.94 
0.0845734 -0.116297 107984 1 -0.855729 0.620192 544 1 1660 0.0557932 -0.0404359 0.100286 -1.74269 -0.797137 142.16 
0.0699601 -0.108805 108065 1 -0.855729 0.620192 545 1 1662 0.0543801 -0.0395709 0.101535 -1.72592 -0.830364 142.237 
0.773719 0.246259 108145 1 -0.855729 0.620192 546 1 1664 0.0542159 -0.0409911 0.099734 -1.73045 -0.82042 142.097 
0.928127 0.447837 108226 1 -0.855729 0.620192 547 1 1666 0.0541977 -0.0431243 0.0960354 -1.74284 -0.786695 142.002 
0.93297 0.470128 108266 1 -0.855729 0.620192 548 1 1667 0.0544011 -0.0433666 0.09568 -1.74012 -0.786483 141.861 
0.927631 0.474372 108305 1 -0.855729 0.620192 549 1 1668 0.0557878 -0.0433411 0.0954518 -1.73767 -0.787106 141.759 
0.927631 0.474372 108305 1 -0.855729 0.620192 550 1 1668 0.0557878 -0.0433411 0.0954518 -1.73767 -0.787106 141.759 
1.1665 0.275858 108506 1 -0.855729 0.620192 551 1 1673 0.0595542 -0.0446496 0.096356 -1.78889 -0.79411 141.792 
1.10166 0.146745 108586 1 -0.855729 0.620192 552 1 1675 0.0585902 -0.043354 0.0941773 -1.78739 -0.791852 141.776 
1.04587 0.0965009 108667 1 -0.855729 0.620192 553 1 1677 0.0585526 -0.0436052 0.0923954 -1.79592 -0.781515 141.608 
1.12311 0.0218562 108747 1 -0.855729 0.620192 554 1 1679 0.0580483 -0.0429343 0.0907258 -1.789 -0.756535 141.513 
1.12396 0.0518084 108826 1 -0.855729 0.620192 555 1 1681 0.0576308 -0.0426144 0.0953525 -1.78377 -0.784189 141.451 
1.15184 0.0736584 108866 1 -0.855729 0.620192 556 1 1682 0.0579675 -0.0404349 0.09587 -1.76066 -0.788014 141.398 
1.15953 0.0479476 108946 1 -0.855729 0.620192 557 1 1684 0.0591235 -0.0405391 0.093581 -1.76441 -0.763696 141.404 
1.1454 0.0187163 108987 1 -0.855729 0.620192 558 1 1685 0.0588246 -0.0402357 0.0919849 -1.76438 -0.745595 141.394 
1.15355 0.0193638 109067 1 -0.855729 0.620192 559 1 1687 0.0593038 -0.0416528 0.0931439 -1.77916 -0.748341 141.386 
1.16289 0.0335075 109146 1 -0.855729 0.620192 560 1 1689 0.0592627 -0.0427056 0.0930466 -1.7931 -0.730524 141.263 
1.13689 -0.100457 109187 1 -0.855729 0.620192 561 1 1690 0.0595146 -0.0426809 0.09105 -1.7976 -0.712406 141.222 
1.11 -0.156866 109267 1 -0.855729 0.620192 562 1 1692 0.0592221 -0.0403026 0.0913384 -1.77777 -0.715412 140.984 
1.1561 -0.201617 109347 1 -0.855729 0.620192 563 0 1694 0.0604391 -0.0362368 0.0859478 -1.74086 -0.665358 140.848 
1.13008 -0.217599 109428 1 -0.855729 0.620192 564 0 1696 0.0600805 -0.0377489 0.0865038 -1.75699 -0.683417 140.858 
1.13553 -0.166943 109507 1 -0.855729 0.620192 565 1 1698 0.0597637 -0.039165 0.0875573 -1.77219 -0.707042 141.01 
1.13333 -0.168245 109547 1 -0.855729 0.620192 566 1 1699 0.0597703 -0.0391854 0.0875829 -1.77198 -0.706821 141.029 
1.25195 -0.186781 109627 1 -0.855729 0.620192 567 0 1701 0.0587965 -0.0378197 0.0909429 -1.75886 -0.733542 141.176 
1.25369 -0.163519 109709 1 -0.855729 0.620192 568 0 1703 0.0590777 -0.0369932 0.0935326 -1.74944 -0.763944 141.255 
1.26775 -0.171044 109748 1 -0.855729 0.620192 569 0 1704 0.0592243 -0.0385062 0.0917545 -1.76662 -0.748605 141.25 
1.19321 -0.103815 109829 1 -0.855729 0.620192 570 1 1706 0.0589271 -0.0375597 0.0921885 -1.76511 -0.773743 141.33 
1.17059 -0.108773 109908 1 -0.855729 0.620192 571 1 1708 0.0586981 -0.0371901 0.090395 -1.77318 -0.766017 141.348 
0.751121 -0.39538 109948 1 -0.855729 0.620192 572 0 1709 0.0581415 -0.0356771 0.0909923 -1.75699 -0.771221 141.404 
-0.0841336 -0.748304 110028 1 -0.855729 0.620192 573 0 1711 0.0567874 -0.035721 0.0889944 -1.75056 -0.745967 141.387 
-0.052271 -0.676376 110109 1 -0.855729 0.620192 574 0 1713 0.0563018 -0.0308965 0.0924105 -1.70913 -0.778051 141.359 
-0.0651978 -0.683628 110189 1 -0.855729 0.620192 575 0 1715 0.0549884 -0.0328258 0.0924847 -1.72349 -0.779879 141.505 
-0.00510532 -0.559222 110228 1 -0.855729 0.620192 576 0 1716 0.055213 -0.0319395 0.0892962 -1.71502 -0.73949 141.468 
-0.0129677 -0.447115 110309 1 -0.855729 0.620192 577 0 1718 0.0510412 -0.0307516 0.0885154 -1.68869 -0.736217 141.288 
-0.0505368 -0.428791 110349 1 -0.855729 0.620192 578 0 1719 0.0486928 -0.0317965 0.0871444 -1.69188 -0.713137 141.019 
-0.0526715 -0.51728 110430 1 -0.855729 0.620192 579 0 1721 0.0492204 -0.0298043 0.0827732 -1.67456 -0.646409 140.589 
0.563535 -0.295077 110510 1 -0.855729 0.620192 580 0 1723 0.0537049 -0.0250651 0.0801247 -1.63992 -0.603796 140.506 
0.60532 -0.19887 110590 1 -0.855729 0.620192 581 1 1725 0.0544318 -0.0262985 0.0886556 -1.65503 -0.68669 141.239 
0.625325 -0.0933198 110669 1 -0.855729 0.620192 582 1 1727 0.0538241 -0.023427 0.0957348 -1.62009 -0.757459 141.829 
0.625325 -0.0933198 110669 1 -0.855729 0.620192 583 1 1727 0.0538241 -0.023427 0.0957348 -1.62009 -0.757459 141.829 
0.743647 0.343345 110830 1 -0.855729 0.620192 584 1 1731 0.0539249 -0.0207257 0.110101 -1.54006 -0.90811 142.1 
0.773938 0.369379 110870 1 -0.855729 0.620192 585 1 1732 0.056272 -0.023564 0.112163 -1.55187 -0.913115 141.918 
0.709318 0.350222 110951 1 -0.855729 0.620192 586 1 1734 0.0618268 -0.0321133 0.115248 -1.62996 -0.912127 141.462 
0.682111 0.388279 111030 1 -0.855729 0.620192 587 1 1736 0.0651829 -0.0333081 0.115405 -1.65583 -0.891897 141.343 
0.695454 0.380894 111070 1 -0.855729 0.620192 588 1 1737 0.0655052 -0.0329822 0.11413 -1.66691 -0.867714 141.344 
0.722273 0.353756 111151 1 -0.855729 0.620192 589 1 1739 0.0617462 -0.0347121 0.115447 -1.68104 -0.854724 140.963 
0.721728 0.266538 111231 1 -0.855729 0.620192 590 1 1741 0.052363 -0.0389206 0.10841 -1.67865 -0.792015 140.863 
0.718105 0.307324 111311 1 -0.855729 0.620192 591 1 1743 0.0503165 -0.042922 0.102174 -1.67627 -0.797477 140.99 
0.683789 0.304744 111391 1 -0.855729 0.620192 592 1 1745 0.0505902 -0.0423062 0.10128 -1.64282 -0.826359 141.145 
0.718951 0.360142 111431 1 -0.855729 0.620192 593 1 1746 0.0507413 -0.0435356 0.1009 -1.63526 -0.837641 141.18 
0.661834 0.452867 111511 1 -0.855729 0.620192 594 1 1748 0.0528654 -0.0539579 0.0987143 -1.68764 -0.865061 141.348 
0.644576 0.398556 111592 1 -0.855729 0.620192 595 1 1750 0.0551866 -0.0566386 0.0978291 -1.71949 -0.846751 141.279 
0.690826 0.325053 111672 1 -0.855729 0.620192 596 1 1752 0.0578891 -0.0536941 0.100217 -1.71522 -0.845674 141.127 
0.787502 0.299851 111752 1 -0.855729 0.620192 597 1 1754 0.0587055 -0.0453649 0.0999338 -1.65454 -0.806178 140.985 
0.802655 0.335749 111792 1 -0.855729 0.620192 598 1 1755 0.0584226 -0.0436369 0.0988629 -1.63408 -0.805988 140.981 
0.739916 0.312711 111872 1 -0.855729 0.620192 599 1 1757 0.0580745 -0.0460184 0.0982373 -1.65037 -0.795566 140.963 
0.589701 0.144557 111952 1 -0.855729 0.620192 600 1 1759 0.0573781 -0.0457576 0.0978163 -1.64273 -0.786847 141.071 
0.375923 -0.002095 112035 1 -0.855729 0.620192 601 1 1761 0.0552865 -0.047094 0.0959183 -1.63533 -0.777284 141.103 
0.401581 0.00739064 112112 1 -0.855729 0.620192 602 1 1763 0.0549675 -0.0478413 0.0958281 -1.62831 -0.777987 141.09 
0.425649 -0.0951696 112192 1 -0.855729 0.620192 603 1 1765 0.0550408 -0.0516304 0.0946689 -1.65671 -0.753688 140.966 
0.410279 -0.141577 112233 1 -0.855729 0.620192 604 1 1766 0.0558016 -0.0533155 0.0924871 -1.68203 -0.729709 141.048 
0.386663 -0.191731 112313 1 -0.855729 0.620192 605 1 1768 0.0566422 -0.0534511 0.0894651 -1.69086 -0.684049 140.538 
0.11837 -0.376796 112393 1 -0.855729 0.620192 606 0 1770 0.057661 -0.0537475 0.0824015 -1.69889 -0.597413 139.87 
0.0438216 -0.553713 112474 1 -0.855729 0.620192 607 0 1772 0.0582937 -0.0570185 0.0702625 -1.72998 -0.468698 139.309 
0.035715 -0.569341 112513 1 -0.855729 0.620192 608 0 1773 0.0592075 -0.058039 0.0713262 -1.74454 -0.475588 139.315 
-0.00862108 -0.342595 112593 1 -0.855729 0.620192 609 0 1775 0.0559738 -0.0545184 0.0905848 -1.74336 -0.710328 141.296 
-0.107185 -0.311576 112676 1 -0.855729 0.620192 610 0 1777 0.0481509 -0.052468 0.0930415 -1.74258 -0.746502 141.768 
0.0129456 -0.289314 112754 1 -0.855729 0.620192 611 0 1779 0.04546 -0.04595 0.0985915 -1.67397 -0.807906 141.575 
0.0129456 -0.289314 112754 1 -0.855729 0.620192 612 0 1779 0.04546 -0.04595 0.0985915 -1.67397 -0.807906 141.575 
0.0976243 -0.0706569 112914 1 -0.855729 0.620192 613 1 1783 0.0502154 -0.0350583 0.116815 -1.55663 -1.00512 142.049 
0.118128 -0.28451 112994 1 -0.855729 0.620192 614 0 1785 0.0515675 -0.0376791 0.101577 -1.56754 -0.824936 141.44 
0.158279 -0.377128 113034 1 -0.855729 0.620192 615 0 1786 0.0518413 -0.0446946 0.0964921 -1.62588 -0.750183 141.025 
0.198649 -0.478048 113074 1 -0.855729 0.620192 616 0 1787 0.051298 -0.0479301 0.0898454 -1.64471 -0.655911 140.297 
0.209975 -0.618347 113114 1 -0.855729 0.620192 617 0 1788 0.0518403 -0.0500618 0.0806117 -1.66134 -0.541751 139.823 
0.34135 -0.678828 113274 1 -0.855729 0.620192 618 0 1792 0.0519478 -0.0378865 0.0720788 -1.61396 -0.495349 139.538 
0.337835 -0.67281 113315 1 -0.855729 0.620192 619 0 1793 0.0493509 -0.0411116 0.0730095 -1.68864 -0.518632 139.614 
0.274835 -0.589852 113395 1 -0.855729 0.620192 620 0 1795 0.0446205 -0.0399652 0.0741924 -1.72808 -0.569459 139.803 
0.274835 -0.589852 113395 1 -0.855729 0.620192 621 0 1795 0.0446205 -0.0399652 0.0741924 -1.72808 -0.569459 139.803 
0.258303 -0.653336 113435 1 -0.855729 0.620192 622 0 1796 0.0427237 -0.0411589 0.0683434 -1.73731 -0.540594 139.763 
0.234428 -0.836442 113596 1 -0.855729 0.620192 623 0 1800 0.0439627 -0.0436943 0.0675478 -1.63716 -0.64459 139.064 
0.114414 -0.997296 113675 1 -0.855729 0.620192 624 0 1802 0.0535639 -0.06876 0.0652736 -1.80852 -0.530241 137.879 
0.232892 -0.950842 113715 1 -0.855729 0.620192 625 0 1803 0.0576343 -0.0708664 0.0709991 -1.82389 -0.540146 137.815 
0.232892 -0.950842 113715 1 -0.855729 0.620192 626 0 1803 0.0576343 -0.0708664 0.0709991 -1.82389 -0.540146 137.815 
0.270223 -0.448499 113876 1 -0.855729 0.620192 627 0 1807 0.0570983 -0.0540755 0.104234 -1.75188 -0.89039 139.468 
0.136235 -0.0303893 113956 1 -0.855729 0.620192 628 0 1809 0.0487408 -0.0541276 0.127509 -1.79817 -1.22633 141.841 
0.0751685 0.236552 113996 1 -0.855729 0.620192 629 1 1810 0.0452351 -0.056985 0.141411 -1.8466 -1.43727 142.623 
0.0406283 0.527095 114036 1 -0.855729 0.620192 630 1 1811 0.0416889 -0.0497048 0.146229 -1.79086 -1.54099 142.998 
0.0406283 0.527095 114036 1 -0.855729 0.620192 631 1 1811 0.0416889 -0.0497048 0.146229 -1.79086 -1.54099 142.998 
0.180886 0.864658 114196 1 -0.855729 0.620192 632 1 1815 0.0283641 -0.0284251 0.142532 -1.58052 -1.48507 143.544 
0.350713 0.341821 114277 1 -0.855729 0.620192 633 1 1817 0.023918 -0.0198467 0.140769 -1.4865 -1.36506 143.196 
0.16378 0.76223 114360 1 -0.855729 0.620192 634 1 1819 0.0182327 -0.0239186 0.136977 -1.50088 -1.18169 142.957 
1.87402 0.798255 114437 1 -0.855729 0.620192 635 0 1821 0.0154576 -0.0266868 0.132535 -1.47221 -1.10447 142.704 
1.87402 0.798255 114437 1 -0.854688 0.621154 636 0 1821 0.0154576 -0.0266868 0.132535 -1.47221 -1.10447 142.704 
0.0132941 2.58313 114557 1 -0.844271 0.623077 637 0 1824 0.0373593 -0.0413324 0.120926 -1.42507 -0.979462 141.887 
0.321664 0.246031 114638 1 -0.809375 0.647115 638 1 1826 0.0459329 -0.0485865 0.114394 -1.44355 -0.906492 141.37 
0.323889 0.230687 114678 1 -0.730208 0.689423 639 1 1827 0.0461452 -0.0487287 0.114317 -1.44224 -0.907153 141.361 
0.326875 -0.221426 114757 1 -0.671875 0.725962 640 0 1829 0.0501923 -0.0576338 0.108483 -1.5465 -0.853427 140.941 
0.395467 -0.364927 114837 1 -0.539063 0.734615 641 0 1831 0.0514387 -0.0574435 0.104839 -1.60878 -0.811864 140.603 
0.622578 -0.000144577 114877 1 -0.241667 0.735577 642 1 1832 0.0507787 -0.056414 0.104888 -1.61851 -0.787675 140.52 
0.628482 0.12795 114958 1 0.0854167 0.613462 643 1 1834 0.0498796 -0.0562494 0.109467 -1.62821 -0.735492 140.488 
0.566229 0.0950485 115038 1 0.383854 0.279808 644 1 1836 0.0510904 -0.0577333 0.110174 -1.62219 -0.675444 140.481 
0.600404 0.180813 115119 1 0.473438 0 645 1 1838 0.0546047 -0.0601658 0.108331 -1.61073 -0.655156 140.261 
0.581244 0.146086 115198 1 0.474479 0 646 1 1840 0.0552607 -0.0669562 0.103089 -1.63313 -0.596784 140.143 
0.586384 0.0802957 115238 1 0.506771 0 647 1 1841 0.055649 -0.0675141 0.103068 -1.62821 -0.600111 140.253 
0.589063 0.0786326 115319 1 0.529687 0 648 1 1843 0.0560307 -0.067525 0.103073 -1.62811 -0.60012 140.267 
0.557742 -0.0984305 115359 1 0.527083 0.0240385 649 1 1844 0.0585443 -0.0666669 0.10521 -1.61544 -0.616551 140.451 
0.580226 -0.297637 115439 1 0.511979 0.0336538 650 0 1846 0.0611667 -0.0659536 0.111409 -1.60134 -0.665094 140.533 
0.610447 -0.339585 115519 1 0.498437 0.0346154 651 0 1848 0.0638809 -0.0616434 0.11592 -1.57192 -0.679167 140.604 
0.595179 -0.392829 115599 1 0.489063 0.0490385 652 0 1850 0.0667572 -0.0611294 0.114327 -1.58155 -0.659705 140.577 
0.593968 -0.316582 115679 1 0.490625 0.0596154 653 0 1852 0.0675943 -0.0632523 0.111545 -1.60507 -0.669493 140.562 
0.629514 -0.313275 115720 1 0.5 0.0673077 654 0 1853 0.0680757 -0.0632719 0.109519 -1.60643 -0.669156 140.475 
0.644596 -0.340984 115800 1 0.501042 0.0673077 655 0 1855 0.0684388 -0.0631722 0.106165 -1.59686 -0.654548 140.384 
0.626653 -0.355521 115880 1 0.501042 0.0682692 656 0 1857 0.0685598 -0.0648254 0.105009 -1.57664 -0.634859 140.28 
0.665998 -0.306692 116000 1 0.411979 0.0423077 657 0 1860 0.0743459 -0.0683608 0.112389 -1.53893 -0.70443 140.233 
0.577299 -0.030929 116080 1 0.282292 0.0221154 658 1 1862 0.0755788 -0.0754222 0.110529 -1.59082 -0.698798 140.15 
0.604414 0.206736 116122 1 0.207813 0.0173077 659 1 1863 0.0751318 -0.075213 0.112391 -1.57657 -0.720488 140.054 
0.604414 0.206736 116122 1 0.177083 0.0153846 660 1 1863 0.0751318 -0.075213 0.112391 -1.57657 -0.720488 140.054 
0.549464 -0.0122371 116281 1 0.169792 0.0153846 661 1 1867 0.0640506 -0.0822717 0.108008 -1.55778 -0.62088 139.508 
0.57403 -0.0317784 116360 1 0.160938 0.0153846 662 1 1869 0.058821 -0.0890863 0.103182 -1.54496 -0.535071 139.39 
0.399084 -0.18108 116441 1 0.147396 0.0153846 663 1 1871 0.0572441 -0.0980339 0.102295 -1.56478 -0.50626 139.318 
0.42254 -0.170476 116521 1 0.136979 0.0163462 664 1 1873 0.0598278 -0.101238 0.106042 -1.57782 -0.525924 139.622 
0.442959 -0.147299 116601 1 0.132813 0.0163462 665 1 1875 0.0661097 -0.0970524 0.107515 -1.57037 -0.55498 139.901 
-0.167335 -0.955479 116681 1 0.129688 0.0144231 666 0 1877 0.0665598 -0.0895883 0.109524 -1.55428 -0.613094 139.895 
-0.245344 -0.86706 116721 1 0.126562 0.0134615 667 0 1878 0.065969 -0.0895776 0.108111 -1.57019 -0.623601 140.069 
-0.311007 -0.802311 116842 1 0.123438 0.0134615 668 0 1881 0.0610824 -0.085378 0.111588 -1.57274 -0.679225 140.122 
-0.274021 -0.812374 116882 1 0.122396 0.0134615 669 0 1882 0.0603373 -0.0868655 0.110849 -1.60117 -0.679348 140.074 
-0.271945 -0.95376 116962 1 0.122396 0.0134615 670 0 1884 0.0597835 -0.0864203 0.109738 -1.62879 -0.687657 140.115 
-0.3001 -0.913181 117002 1 0.126562 0.0173077 671 0 1885 0.0601714 -0.0855893 0.109254 -1.63899 -0.67946 140.057 
6.21954 -1.93226 117162 1 0.242188 0.161538 672 0 1889 0.0591081 -0.0805199 0.0948317 -1.6191 -0.558306 140.021 
0.486772 -0.0508878 117245 1 0.291667 0.2375 673 1 1891 0.0595212 -0.0826527 0.0967656 -1.64848 -0.586794 139.814 
0.551622 0.423212 117323 1 0.293229 0.257692 674 1 1893 0.0611503 -0.0840384 0.0973672 -1.66991 -0.587496 139.82 
0.551622 0.423212 117323 1 0.290625 0.263462 675 1 1893 0.0611503 -0.0840384 0.0973672 -1.66991 -0.587496 139.82 
0.403928 0.086509 117442 1 0.290625 0.264423 676 1 1896 0.0634339 -0.0841648 0.0967539 -1.66857 -0.593346 139.826 
0.239895 -0.325947 117523 1 0.290625 0.270192 677 0 1898 0.0656559 -0.0878867 0.0970685 -1.66226 -0.599064 139.879 
0.253983 -0.331259 117563 1 0.290625 0.273077 678 0 1899 0.0656333 -0.0870837 0.0980891 -1.64594 -0.61675 139.958 
