ImageFile:
0.214254 0.544736 77512 1 0.206771 0.272115 1 1 986 0.00902616 -0.064699 0.0610669 1.20713 0.971711 105.956 
0.214254 0.544736 77512 1 0.291667 0.240385 2 1 986 0.00902616 -0.064699 0.0610669 1.20713 0.971711 105.956 
0.134242 0.456748 77711 1 0.38125 0.216346 3 1 991 0.00788411 -0.0645917 0.0602836 1.17246 1.01171 105.745 
0.0882962 0.45884 77752 1 0.456771 0.213462 4 1 992 0.00819233 -0.0684148 0.0599505 1.12076 1.01653 105.61 
0.401683 0.940322 77832 1 0.548958 0.193269 5 1 994 0.00792411 -0.0726606 0.0600623 1.09197 1.03178 105.814 
0.401683 0.940322 77832 1 0.564583 0.177885 6 1 994 0.00792411 -0.0726606 0.0600623 1.09197 1.03178 105.814 
0.200829 1.00838 77993 1 0.600521 0.172115 7 1 998 0.00741086 -0.058752 0.0609874 1.23229 1.02227 106.029 
0.140008 0.960995 78033 1 0.739062 0.233654 8 1 999 0.00782505 -0.0678796 0.06005 1.13511 1.03228 105.992 
0.20526 0.911762 78112 1 0.792188 0.316346 9 1 1001 0.00689491 -0.0548585 0.0679978 1.29332 0.956672 106.362 
0.222427 0.943365 78152 1 0.760938 0.342308 10 1 1002 0.00659642 -0.0546394 0.0719256 1.30965 0.913715 106.522 
0.222427 0.943365 78152 1 0.760938 0.342308 11 1 1002 0.00659642 -0.0546394 0.0719256 1.30965 0.913715 106.522 
0.377239 0.903512 78193 1 0.760938 0.342308 12 1 1003 0.00570898 -0.05025 0.0750273 1.35934 0.862097 106.77 
9.59566 7.45938 78393 1 0.780208 0.324038 13 0 1008 0.00689912 -0.0667714 0.0737684 1.15639 0.838515 106.411 
2.52886 0.776668 78473 1 0.829167 0.25 14 0 1010 0.0099248 -0.0654152 0.0716886 1.17674 0.865977 106.428 
2.52886 0.776668 78473 1 0.838542 0.2 15 0 1010 0.0099248 -0.0654152 0.0716886 1.17674 0.865977 106.428 
2.60021 0.452522 78513 1 0.840625 0.178846 16 0 1011 0.0106381 -0.0621234 0.0721552 1.20338 0.849992 106.448 
2.60224 0.0164659 78674 1 0.846354 0.1375 17 0 1015 0.009988 -0.061885 0.072314 1.2131 0.841541 106.271 
2.74022 0.0478342 78714 1 0.85625 0.118269 18 0 1016 0.0103576 -0.0627564 0.0724168 1.20618 0.842484 106.174 
2.77554 -0.010707 78794 1 0.860938 0.110577 19 0 1018 0.011234 -0.067966 0.0734651 1.17897 0.851776 106.102 
2.77554 -0.010707 78794 1 0.861458 0.110577 20 0 1018 0.011234 -0.067966 0.0734651 1.17897 0.851776 106.102 
2.77554 -0.010707 78794 1 0.861458 0.117308 21 0 1018 0.011234 -0.067966 0.0734651 1.17897 0.851776 106.102 
3.12425 -0.0825622 78954 1 0.861979 0.124038 22 0 1022 0.0104895 -0.0717363 0.0758099 1.14733 0.841339 105.888 
2.28424 -0.0179232 79075 1 0.861979 0.124038 23 0 1025 0.0113233 -0.0689086 0.0739583 1.21542 0.862208 105.969 
1.23343 0.174616 79115 1 0.861979 0.124038 24 0 1026 0.0111838 -0.0671834 0.0752714 1.25027 0.865169 106.223 
1.23343 0.174616 79115 1 0.859896 0.131731 25 0 1026 0.0111838 -0.0671834 0.0752714 1.25027 0.865169 106.223 
0.660047 0.538413 79317 1 0.714583 0.351923 26 1 1031 0.0165941 -0.0455879 0.0646068 1.34796 0.95503 105.461 
0.619689 0.515787 79396 1 0.508854 0.584615 27 1 1033 0.0152618 -0.0463064 0.0649459 1.33134 0.957782 105.439 
0.630647 0.501557 79438 1 0.459896 0.658654 28 1 1034 0.0153036 -0.0446189 0.0618185 1.35714 0.996058 105.528 
0.630647 0.501557 79438 1 0.459896 0.658654 29 1 1034 0.0153036 -0.0446189 0.0618185 1.35714 0.996058 105.528 
0.762331 0.659315 79639 1 0.459896 0.658654 30 1 1039 0.0162386 -0.0482015 0.0607454 1.3049 0.999384 105.536 
0.725318 0.663961 79717 1 0.452604 0.644231 31 1 1041 0.0159646 -0.0477998 0.0613366 1.30193 0.989725 105.454 
0.729759 0.656294 79758 1 0.321875 0.735577 32 1 1042 0.0162892 -0.0491331 0.0606694 1.2967 0.992327 105.482 
0.729759 0.656294 79758 1 0.206771 0.905769 33 1 1042 0.0162892 -0.0491331 0.0606694 1.2967 0.992327 105.482 
0.797278 0.56601 79916 1 0.194271 0.925962 34 1 1046 0.0135601 -0.0554824 0.0666926 1.26935 0.932933 106.356 
0.558152 0.441453 79958 1 0.19375 0.925962 35 1 1047 0.013927 -0.0568246 0.068095 1.24242 0.909602 106.299 
0.357601 0.182253 80036 1 0.192708 0.917308 36 1 1049 0.0133024 -0.0521928 0.0647773 1.27916 0.929513 106.298 
0.363567 0.182115 80077 1 0.146354 0.859615 37 1 1050 0.0132598 -0.0532989 0.0666642 1.26864 0.905826 106.195 
0.363567 0.182115 80077 1 0.144271 0.869231 38 1 1050 0.0132598 -0.0532989 0.0666642 1.26864 0.905826 106.195 
0.162126 1.1443 80239 1 0.138021 0.951923 39 1 1054 0.0140725 -0.055984 0.065905 1.26775 0.929971 106.289 
0.240003 1.19464 80318 1 0.109375 1.01442 40 1 1056 0.0146643 -0.0548724 0.0669442 1.30798 0.90775 106.341 
0.26572 1.21609 80357 1 0.101042 1.02788 41 0 1057 0.0145239 -0.056678 0.0668896 1.30838 0.909307 106.328 
0.26572 1.21609 80357 1 0.0979167 0.984615 42 0 1057 0.0145239 -0.056678 0.0668896 1.30838 0.909307 106.328 
0.0992799 1.38942 80559 1 0.0979167 0.984615 43 0 1062 0.0140633 -0.0611449 0.0663724 1.29122 0.920324 106.2 
0.036432 1.45321 80638 1 0.0911458 0.973077 44 0 1064 0.0142524 -0.0581619 0.0668909 1.31221 0.88556 106.253 
0.0305787 1.45083 80678 1 0.08125 0.957692 45 0 1065 0.015824 -0.0607465 0.064957 1.28926 0.89689 106.246 
0.0305787 1.45083 80678 1 0.08125 0.957692 46 0 1065 0.015824 -0.0607465 0.064957 1.28926 0.89689 106.246 
0.0305787 1.45083 80678 1 0.08125 0.957692 47 0 1065 0.015824 -0.0607465 0.064957 1.28926 0.89689 106.246 
0.0975762 1.51601 80879 1 0.0776042 0.971154 48 0 1070 0.0166849 -0.0636744 0.0664366 1.30515 0.891436 105.986 
0.150199 1.54745 80960 1 0.0734375 0.976923 49 0 1072 0.0177 -0.0689584 0.0647469 1.27166 0.902188 106.081 
0.150788 1.55725 81000 1 0.0723958 0.977885 50 0 1073 0.0172064 -0.0702088 0.0649055 1.25881 0.898295 105.964 
0.150788 1.55725 81000 1 0.071875 0.977885 51 0 1073 0.0172064 -0.0702088 0.0649055 1.25881 0.898295 105.964 
0.103461 1.58271 81159 1 0.071875 0.977885 52 0 1077 0.0173169 -0.0744702 0.0640453 1.20007 0.891883 105.964 
0.132969 1.60362 81239 1 0.071875 0.977885 53 0 1079 0.0172827 -0.0722824 0.0618236 1.2196 0.901395 106.123 
0.114036 1.58758 81279 1 0.071875 0.977885 54 0 1080 0.0167075 -0.0735785 0.0612076 1.19757 0.899502 106.063 
0.073435 1.60352 81319 1 0.071875 0.977885 55 0 1081 0.0164223 -0.0754954 0.0612391 1.17056 0.897745 106.007 
0.073435 1.60352 81319 1 0.071875 0.977885 56 0 1081 0.0164223 -0.0754954 0.0612391 1.17056 0.897745 106.007 
0.0976645 1.60911 81479 1 0.071875 0.977885 57 0 1085 0.016406 -0.0787217 0.0631712 1.14587 0.907437 105.876 
0.116734 1.62202 81559 1 0.071875 0.977885 58 0 1087 0.0169133 -0.0758934 0.0660331 1.17472 0.894206 105.811 
0.0934615 1.63655 81640 1 0.071875 0.977885 59 0 1089 0.0156207 -0.0743642 0.064085 1.17573 0.909524 105.817 
0.0934615 1.63655 81640 1 0.071875 0.977885 60 0 1089 0.0156207 -0.0743642 0.064085 1.17573 0.909524 105.817 
0.0934615 1.63655 81640 1 0.071875 0.977885 61 0 1089 0.0156207 -0.0743642 0.064085 1.17573 0.909524 105.817 
0.0608253 1.63693 81801 1 0.071875 0.977885 62 0 1093 0.0162532 -0.0744947 0.0638002 1.16131 0.913305 105.781 
0.0872252 1.6513 81880 1 0.071875 0.977885 63 0 1095 0.0154011 -0.0717997 0.0636832 1.18861 0.906573 105.906 
0.026804 1.62656 81960 1 0.071875 0.977885 64 0 1097 0.0158437 -0.0704558 0.0613046 1.17501 0.909675 105.907 
0.026804 1.62656 81960 1 0.071875 0.977885 65 0 1097 0.0158437 -0.0704558 0.0613046 1.17501 0.909675 105.907 
0.026804 1.62656 81960 1 0.071875 0.977885 66 0 1097 0.0158437 -0.0704558 0.0613046 1.17501 0.909675 105.907 
0.0544955 1.63661 82161 1 0.071875 0.977885 67 0 1102 0.0172804 -0.0725958 0.0644397 1.16709 0.894913 105.669 
0.0355064 1.64572 82243 1 0.071875 0.977885 68 0 1104 0.0167876 -0.0766667 0.0626472 1.11834 0.911591 105.621 
0.0488429 1.65298 82281 1 0.071875 0.977885 69 0 1105 0.0162989 -0.0730893 0.062483 1.14826 0.910327 105.663 
0.0488429 1.65298 82281 1 0.071875 0.977885 70 0 1105 0.0162989 -0.0730893 0.062483 1.14826 0.910327 105.663 
0.0362903 1.64074 82321 1 0.071875 0.977885 71 0 1106 0.0156186 -0.0745771 0.0625022 1.12359 0.913108 105.675 
0.0220573 1.64213 82481 1 0.071875 0.977885 72 0 1110 0.0163499 -0.0715749 0.0611505 1.13359 0.915406 105.631 
-0.0297403 1.6523 82604 1 0.071875 0.977885 73 0 1113 0.0160642 -0.0715084 0.0618003 1.11307 0.897512 105.618 
-0.0297403 1.6523 82604 1 0.071875 0.977885 74 0 1113 0.0160642 -0.0715084 0.0618003 1.11307 0.897512 105.618 
-0.0297403 1.6523 82604 1 0.071875 0.977885 75 0 1113 0.0160642 -0.0715084 0.0618003 1.11307 0.897512 105.618 
-0.0308277 1.64394 82643 1 0.071875 0.977885 76 0 1114 0.0159739 -0.0709346 0.0606949 1.11703 0.909932 105.668 
-0.0278717 1.62308 82842 1 0.071875 0.977885 77 0 1119 0.0171523 -0.0715697 0.0624614 1.1269 0.910939 105.588 
0.0314781 1.62714 82964 1 0.071875 0.977885 78 0 1122 0.0190874 -0.0694478 0.0607694 1.17008 0.920954 105.722 
0.0314781 1.62714 82964 1 0.071875 0.977885 79 0 1122 0.0190874 -0.0694478 0.0607694 1.17008 0.920954 105.722 
0.0314781 1.62714 82964 1 0.071875 0.977885 80 0 1122 0.0190874 -0.0694478 0.0607694 1.17008 0.920954 105.722 
0.0158566 1.61356 83163 1 0.071875 0.977885 81 0 1127 0.0186551 -0.077867 0.0603686 1.08094 0.922116 105.612 
0.286423 0.638346 83243 1 0.071875 0.977885 82 1 1129 0.0179354 -0.0779614 0.0606147 1.07484 0.924136 105.615 
0.307718 0.495521 83283 1 0.071875 0.977885 83 1 1130 0.0180616 -0.0757112 0.0611062 1.07645 0.911006 105.546 
0.307718 0.495521 83283 1 0.071875 0.977885 84 1 1130 0.0180616 -0.0757112 0.0611062 1.07645 0.911006 105.546 
0.374184 0.20176 83445 1 0.071875 0.977885 85 1 1134 0.0173016 -0.0705721 0.0580333 1.10907 0.926636 105.598 
0.379363 0.172107 83524 1 0.071875 0.977885 86 1 1136 0.0176544 -0.0729893 0.0604171 1.10199 0.921626 105.521 
0.376906 0.149105 83563 1 0.071875 0.977885 87 1 1137 0.0176128 -0.0744261 0.0603393 1.08928 0.926334 105.481 
0.357252 0.161826 83603 1 0.071875 0.977885 88 1 1138 0.0177757 -0.0757371 0.0606071 1.06953 0.91766 105.496 
0.357252 0.161826 83603 1 0.071875 0.977885 89 1 1138 0.0177757 -0.0757371 0.0606071 1.06953 0.91766 105.496 
0.336334 0.164137 83765 1 0.071875 0.977885 90 1 1142 0.0183656 -0.0699172 0.0569341 1.02953 0.853031 105.326 
0.349005 0.0991524 83846 1 0.071875 0.977885 91 1 1144 0.0192538 -0.0802142 0.0557524 0.95083 0.90153 105.158 
0.393854 0.156958 83925 1 0.071875 0.977885 92 1 1146 0.0183375 -0.0792071 0.056263 0.976016 0.906105 105.224 
0.393854 0.156958 83925 1 0.071875 0.977885 93 1 1146 0.0183375 -0.0792071 0.056263 0.976016 0.906105 105.224 
0.393854 0.156958 83925 1 0.071875 0.977885 94 1 1146 0.0183375 -0.0792071 0.056263 0.976016 0.906105 105.224 
0.405174 0.125978 84126 1 0.071875 0.977885 95 1 1151 0.0166405 -0.0698769 0.0554025 1.08267 0.912409 105.438 
0.444279 0.123176 84205 1 0.071875 0.977885 96 1 1153 0.017557 -0.0702259 0.0586971 1.15268 0.933803 105.579 
0.452344 0.143838 84245 1 0.071875 0.977885 97 1 1154 0.0169401 -0.0698533 0.0586716 1.17489 0.943208 105.602 
0.452344 0.143838 84245 1 0.0822917 0.968269 98 1 1154 0.0169401 -0.0698533 0.0586716 1.17489 0.943208 105.602 
0.456984 0.15395 84285 1 0.194271 0.900962 99 1 1155 0.0169464 -0.0717614 0.0605845 1.16923 0.928601 105.673 
0.464896 0.171229 84445 1 0.453646 0.897115 100 1 1159 0.0168251 -0.0755681 0.0632153 1.19151 0.946577 105.655 
0.503764 0.166034 84525 1 0.511979 0.901923 101 1 1161 0.0164092 -0.0787904 0.0632411 1.17465 0.958542 105.667 
0.551005 0.155592 84566 1 0.514583 0.901923 102 1 1162 0.0163315 -0.0747027 0.0605657 1.21566 0.980759 105.733 
0.551005 0.155592 84566 1 0.625521 0.9125 103 1 1162 0.0163315 -0.0747027 0.0605657 1.21566 0.980759 105.733 
0.421975 0.170111 84727 1 0.938542 0.948077 104 1 1166 0.0154769 -0.0763791 0.0595876 1.15067 0.952369 105.604 
0.379461 0.136208 84806 1 1.14792 0.955769 105 1 1168 0.0157343 -0.0760994 0.0607751 1.14871 0.950551 105.519 
0.368124 0.126242 84886 1 1.19167 0.945192 106 1 1170 0.016091 -0.0765875 0.0615446 1.14145 0.955148 105.441 
0.368124 0.126242 84886 1 1.24271 0.934615 107 1 1170 0.016091 -0.0765875 0.0615446 1.14145 0.955148 105.441 
0.358069 0.106915 84926 1 1.28646 0.931731 108 1 1171 0.0155537 -0.0752636 0.0620285 1.14929 0.957618 105.494 
1.10801 0.664183 85088 1 1.28646 0.931731 109 1 1175 0.0146048 -0.0792387 0.0604393 1.08915 0.974773 105.412 
1.52264 0.957501 85167 1 1.28646 0.931731 110 0 1177 0.0146536 -0.0817283 0.0590554 1.05589 1.02171 105.514 
1.54209 1.02238 85208 1 1.29844 0.939423 111 0 1178 0.0134202 -0.0861675 0.059534 0.997258 1.03497 105.409 
1.54209 1.02238 85208 1 1.47604 0.907692 112 0 1178 0.0134202 -0.0861675 0.059534 0.997258 1.03497 105.409 
1.61592 1.15144 85370 1 1.67135 0.890385 113 0 1182 0.0128558 -0.0829436 0.0598868 0.984951 1.03928 105.606 
1.5713 1.13345 85450 1 1.78542 0.889423 114 0 1184 0.0135404 -0.0805669 0.0609163 0.983224 1.04713 105.555 
1.56363 1.12939 85528 1 1.86094 0.894231 115 0 1186 0.0150623 -0.0808663 0.0625292 0.980169 1.06197 105.621 
1.56363 1.12939 85528 1 1.86875 0.895192 116 0 1186 0.0150623 -0.0808663 0.0625292 0.980169 1.06197 105.621 
1.56115 1.12371 85568 1 1.86927 0.896154 117 0 1187 0.0165378 -0.0779674 0.06317 0.996934 1.06794 105.632 
1.54909 1.156 85729 1 1.86927 0.896154 118 0 1191 0.0191277 -0.0691953 0.063258 1.02357 1.08732 105.676 
1.44866 1.10657 85808 1 1.86927 0.896154 119 0 1193 0.0191 -0.069862 0.0636821 0.99093 1.08774 105.675 
1.41635 1.07305 85850 1 1.86927 0.896154 120 0 1194 0.01931 -0.068158 0.0632389 0.994709 1.08411 105.79 
1.41635 1.07305 85850 1 1.86927 0.896154 121 0 1194 0.01931 -0.068158 0.0632389 0.994709 1.08411 105.79 
1.41635 1.07305 85850 1 1.86927 0.896154 122 0 1194 0.01931 -0.068158 0.0632389 0.994709 1.08411 105.79 
1.36447 1.03071 86048 1 1.86927 0.896154 123 0 1199 0.0192333 -0.0646873 0.0614084 0.986419 1.08363 105.841 
1.39691 1.07591 86129 1 1.86927 0.896154 124 0 1201 0.0184669 -0.0624124 0.0630619 0.997255 1.0674 105.735 
1.39404 1.08394 86169 1 1.86927 0.896154 125 0 1202 0.0186693 -0.0645468 0.0653459 0.973696 1.0489 105.686 
1.39404 1.08394 86169 1 1.86927 0.896154 126 0 1202 0.0186693 -0.0645468 0.0653459 0.973696 1.0489 105.686 
1.37142 1.06685 86209 1 1.86927 0.896154 127 0 1203 0.0177408 -0.0666604 0.0647389 0.94884 1.06079 105.754 
1.31246 1.00881 86409 1 1.86927 0.896154 128 0 1208 0.0176064 -0.0658584 0.0628378 0.934183 1.09846 105.802 
1.31239 1.03936 86449 1 1.86927 0.896154 129 0 1209 0.0176148 -0.0628589 0.0648063 0.951871 1.0782 105.817 
1.29713 1.04396 86490 1 1.86927 0.896154 130 0 1210 0.0175039 -0.0616333 0.0653251 0.955004 1.07288 105.822 
1.29713 1.04396 86490 1 1.86927 0.896154 131 0 1210 0.0175039 -0.0616333 0.0653251 0.955004 1.07288 105.822 
1.26908 1.05596 86650 1 1.86927 0.896154 132 0 1214 0.0161819 -0.0614808 0.0652969 0.907595 1.06617 105.596 
1.27153 1.03335 86731 1 1.86927 0.896154 133 0 1216 0.0166249 -0.0564729 0.0640649 0.955015 1.08548 105.599 
1.23253 1.01197 86771 1 1.86927 0.896154 134 0 1217 0.0163857 -0.0581669 0.0645017 0.937702 1.08609 105.589 
1.17568 0.977094 86811 1 1.86927 0.896154 135 1 1218 0.0171637 -0.0579507 0.065645 0.944186 1.08721 105.632 
1.17568 0.977094 86811 1 1.86927 0.896154 136 1 1218 0.0171637 -0.0579507 0.065645 0.944186 1.08721 105.632 
1.15947 0.937373 87011 1 1.86927 0.896154 137 1 1223 0.0163907 -0.0585455 0.064007 0.938335 1.14682 105.748 
1.16471 0.942635 87051 1 1.86927 0.896154 138 1 1224 0.0161572 -0.0550528 0.0635012 0.966646 1.15988 105.749 
0.142666 0.90719 87132 1 1.86927 0.896154 139 1 1226 0.0168876 -0.0415574 0.0646801 1.08292 1.15875 105.839 
0.106899 0.775047 87211 1 1.86927 0.896154 140 1 1228 0.0159865 -0.0365498 0.064907 1.14682 1.18058 105.821 
0.0587011 0.764712 87292 1 1.86927 0.896154 141 1 1230 0.0170536 -0.0331168 0.0639093 1.18887 1.18272 105.852 
0.046263 0.771864 87332 1 1.86927 0.896154 142 1 1231 0.0178268 -0.0331799 0.0647663 1.20274 1.17772 105.822 
0.0315525 0.768441 87411 1 1.86927 0.896154 143 1 1233 0.0172251 -0.0349704 0.0645591 1.21646 1.18134 105.854 
0.0339534 0.756212 87492 1 1.86927 0.896154 144 1 1235 0.0175392 -0.0392354 0.0656555 1.19678 1.1796 105.793 
0.0254444 0.757269 87532 1 1.86927 0.896154 145 1 1236 0.0178697 -0.0417467 0.0654124 1.17855 1.18606 105.913 
0.04162 0.77308 87612 1 1.86927 0.896154 146 1 1238 0.0175806 -0.0427136 0.0670929 1.17265 1.16977 105.823 
0.0381378 0.761123 87652 1 1.86927 0.896154 147 1 1239 0.0178665 -0.0441076 0.067107 1.1672 1.179 105.859 
0.0501427 0.773098 87733 1 1.86927 0.896154 148 1 1241 0.0184702 -0.0443104 0.0688259 1.17141 1.169 105.8 
0.059865 0.791307 87812 1 1.86927 0.896154 149 1 1243 0.0176087 -0.046338 0.0693551 1.17265 1.17803 105.838 
0.0341549 0.806921 87894 1 1.86927 0.896154 150 1 1245 0.0181003 -0.0424077 0.0682691 1.21099 1.18029 105.813 
0.0750081 0.779102 87973 1 1.86927 0.896154 151 1 1247 0.0185392 -0.0380762 0.0679741 1.27924 1.18935 105.754 
0.050876 0.787834 88013 1 1.86927 0.896154 152 1 1248 0.0184885 -0.044396 0.0684364 1.22174 1.1875 105.653 
0.0707409 0.804139 88093 1 1.86927 0.896154 153 1 1250 0.0184938 -0.0447382 0.0701102 1.22703 1.17496 105.682 
0.0481765 0.82081 88173 1 1.86927 0.896154 154 1 1252 0.0174042 -0.0516556 0.0709616 1.14843 1.16403 105.734 
0.030478 0.842204 88213 1 1.86927 0.896154 155 1 1253 0.0175826 -0.05007 0.07139 1.1574 1.15634 105.683 
0.0543927 0.822012 88294 1 1.86927 0.896154 156 1 1255 0.0176039 -0.0487324 0.0705788 1.18944 1.17349 105.672 
0.0399134 0.856091 88333 1 1.86927 0.896154 157 1 1256 0.0180165 -0.0522786 0.072768 1.1591 1.15327 105.628 
0.0404863 0.872266 88413 1 1.86927 0.896154 158 1 1258 0.0183288 -0.0507439 0.0729502 1.18004 1.15206 105.677 
0.0123389 0.872889 88494 1 1.86927 0.896154 159 1 1260 0.0174223 -0.0505495 0.0719872 1.17115 1.1518 105.719 
0.00970586 0.887411 88534 1 1.86927 0.896154 160 1 1261 0.0175205 -0.0509974 0.0726747 1.16184 1.13555 105.718 
0.00744764 0.87022 88614 1 1.86927 0.896154 161 1 1263 0.0180289 -0.0533235 0.0689877 1.14481 1.16779 105.693 
0.0206405 0.888618 88695 1 1.86927 0.896154 162 1 1265 0.0180291 -0.0551333 0.0711731 1.14346 1.15685 105.624 
0.0159049 0.886288 88775 1 1.86927 0.896154 163 1 1267 0.0183964 -0.0555922 0.0717441 1.13782 1.15527 105.654 
0.0329483 0.893496 88814 1 1.86927 0.896154 164 1 1268 0.0172439 -0.0525672 0.0721957 1.16804 1.14954 105.652 
0.0136655 0.890942 88894 1 1.86927 0.896154 165 1 1270 0.0167852 -0.0517188 0.0699255 1.17033 1.16228 105.703 
0.0101703 0.907221 88975 1 1.86927 0.896154 166 1 1272 0.0181238 -0.0541931 0.0700354 1.15781 1.15773 105.667 
0.0190028 0.885974 89015 1 1.86927 0.896154 167 1 1273 0.0180654 -0.0548704 0.0692829 1.15246 1.16366 105.66 
0.822236 0.388492 89095 1 1.86927 0.896154 168 1 1275 0.016678 -0.0589179 0.068422 1.09122 1.16783 105.632 
1.09262 -0.161942 89176 1 1.86927 0.896154 169 1 1277 0.0173563 -0.0534805 0.0679205 1.08816 1.16122 105.645 
1.0642 -0.23764 89215 1 1.86927 0.896154 170 0 1278 0.0163979 -0.0539426 0.0674414 1.05983 1.16171 105.658 
1.09949 -0.293723 89295 1 1.86927 0.896154 171 0 1280 0.015462 -0.050191 0.06748 1.08119 1.16299 105.582 
1.18701 -0.306224 89376 1 1.86927 0.896154 172 0 1282 0.0161782 -0.0464908 0.0676428 1.11611 1.1593 105.657 
1.15107 -0.284483 89416 1 1.86927 0.896154 173 0 1283 0.0165231 -0.0521191 0.0670438 1.05838 1.15846 105.634 
1.17894 -0.273083 89496 1 1.86927 0.896154 174 0 1285 0.0160029 -0.0489208 0.0676838 1.08466 1.13918 105.716 
1.1943 -0.280993 89576 1 1.86927 0.896154 175 0 1287 0.0160973 -0.0519071 0.0677561 1.0462 1.15243 105.676 
1.1943 -0.280993 89576 1 1.86927 0.896154 176 0 1287 0.0160973 -0.0519071 0.0677561 1.0462 1.15243 105.676 
1.1943 -0.280993 89576 1 1.86927 0.896154 177 0 1287 0.0160973 -0.0519071 0.0677561 1.0462 1.15243 105.676 
1.15072 -0.266524 89776 1 1.86927 0.896154 178 0 1292 0.0160861 -0.0525987 0.0667031 0.983139 1.17657 105.612 
1.11123 -0.284315 89859 1 1.86927 0.896154 179 0 1294 0.0157045 -0.0508156 0.0678103 0.979608 1.1534 105.567 
1.09895 -0.294251 89897 1 1.86927 0.896154 180 0 1295 0.0157873 -0.0528114 0.0661548 0.953431 1.17268 105.523 
1.09895 -0.294251 89897 1 1.86927 0.896154 181 0 1295 0.0157873 -0.0528114 0.0661548 0.953431 1.17268 105.523 
1.16012 -0.255723 90058 1 1.86927 0.896154 182 0 1299 0.0170347 -0.0516591 0.0699159 0.991213 1.16577 105.51 
1.12993 -0.260925 90137 1 1.86927 0.896154 183 0 1301 0.0160512 -0.0532798 0.0712442 0.962639 1.1567 105.445 
1.12306 -0.268872 90177 1 1.86927 0.896154 184 0 1302 0.0159459 -0.0539547 0.0709458 0.945089 1.15974 105.394 
1.13811 -0.280949 90218 1 1.86927 0.896154 185 0 1303 0.0157586 -0.0508526 0.0691082 0.977958 1.17947 105.462 
1.16192 -0.274427 90258 1 1.86927 0.896154 186 0 1304 0.0153207 -0.0476686 0.0707927 1.01475 1.16488 105.462 
1.16408 -0.305411 90420 1 1.86927 0.896154 187 0 1308 0.0157103 -0.0464181 0.0711549 1.01086 1.15883 105.529 
1.16972 -0.34604 90498 1 1.86927 0.896154 188 0 1310 0.0154956 -0.0432233 0.0681484 1.02407 1.1708 105.597 
1.16202 -0.335216 90538 1 1.86927 0.896154 189 0 1311 0.0151758 -0.0451564 0.0698663 1.00469 1.15678 105.54 
1.16202 -0.335216 90538 1 1.86927 0.896154 190 0 1311 0.0151758 -0.0451564 0.0698663 1.00469 1.15678 105.54 
1.19145 -0.325839 90703 1 1.86927 0.896154 191 0 1315 0.0157481 -0.0464518 0.0703256 1.01586 1.17783 105.53 
1.18573 -0.281964 90740 1 1.86927 0.896154 192 0 1316 0.0159876 -0.0496576 0.070484 0.985899 1.17346 105.532 
1.18616 -0.313806 90820 1 1.86927 0.896154 193 0 1318 0.0156116 -0.0465448 0.069362 1.01583 1.17951 105.514 
1.1962 -0.290872 90859 1 1.86927 0.896154 194 0 1319 0.0156099 -0.0474083 0.0720576 1.01581 1.16166 105.48 
1.1962 -0.290872 90859 1 1.86927 0.896154 195 0 1319 0.0156099 -0.0474083 0.0720576 1.01581 1.16166 105.48 
1.02537 -0.193105 91061 1 1.86927 0.896154 196 1 1324 0.0152615 -0.0484682 0.0731298 1.01273 1.17115 105.468 
0.493836 0.144426 91140 1 1.86927 0.896154 197 1 1326 0.0152713 -0.0485012 0.0753188 1.01347 1.15035 105.379 
0.500909 0.121779 91180 1 1.86927 0.896154 198 1 1327 0.015072 -0.0481248 0.0746764 1.03921 1.17531 105.472 
0.500909 0.121779 91180 1 1.86927 0.896154 199 1 1327 0.015072 -0.0481248 0.0746764 1.03921 1.17531 105.472 
0.488541 0.17986 91342 1 1.86927 0.896154 200 1 1331 0.0158958 -0.0511349 0.0733545 1.04228 1.20982 105.491 
0.4974 0.17916 91381 1 1.86927 0.896154 201 1 1332 0.0166906 -0.0510564 0.0729308 1.05733 1.21665 105.615 
0.512343 0.200428 91460 1 1.86927 0.896154 202 1 1334 0.0154253 -0.0504219 0.0745654 1.06559 1.19245 105.512 
0.504384 0.186981 91500 1 1.86927 0.896154 203 1 1335 0.0151772 -0.0518567 0.073263 1.05115 1.21235 105.55 
0.504384 0.186981 91500 1 1.86927 0.896154 204 1 1335 0.0151772 -0.0518567 0.073263 1.05115 1.21235 105.55 
0.505739 0.203631 91660 1 1.86927 0.896154 205 1 1339 0.0141584 -0.0496842 0.0748348 1.07232 1.20911 105.517 
0.50308 0.213242 91742 1 1.86927 0.896154 206 1 1341 0.0136199 -0.0486657 0.0732576 1.06758 1.22294 105.634 
0.492457 0.2051 91821 1 1.86927 0.896154 207 1 1343 0.013466 -0.0485307 0.0741062 1.0545 1.2108 105.528 
0.492457 0.2051 91821 1 1.86927 0.896154 208 1 1343 0.013466 -0.0485307 0.0741062 1.0545 1.2108 105.528 
0.476632 0.200333 91860 1 1.86927 0.896154 209 1 1344 0.0129535 -0.0510247 0.0730522 1.02691 1.22753 105.557 
0.478314 0.16525 92021 1 1.86927 0.896154 210 1 1348 0.0133848 -0.0505821 0.0716691 1.02862 1.27086 105.549 
0.456358 0.191901 92101 1 1.86927 0.896154 211 1 1350 0.0122811 -0.0487434 0.0742856 1.02408 1.23686 105.515 
0.462327 0.19198 92141 1 1.86927 0.896154 212 1 1351 0.0120331 -0.0477485 0.0752204 1.03842 1.23021 105.508 
0.462327 0.19198 92141 1 1.86927 0.896154 213 1 1351 0.0120331 -0.0477485 0.0752204 1.03842 1.23021 105.508 
0.433338 0.194873 92305 1 1.86927 0.896154 214 1 1355 0.0127789 -0.0507455 0.0748427 1.00037 1.23223 105.444 
0.456595 0.170968 92343 1 1.86927 0.896154 215 1 1356 0.0123122 -0.0480117 0.0734949 1.03525 1.25403 105.545 
0.415913 0.21617 92422 1 1.86927 0.896154 216 1 1358 0.0118356 -0.0522718 0.0750826 0.976132 1.21962 105.444 
0.431838 0.21739 92463 1 1.86927 0.896154 217 1 1359 0.0124038 -0.0497523 0.074231 1.00845 1.22452 105.478 
0.431838 0.21739 92463 1 1.86927 0.896154 218 1 1359 0.0124038 -0.0497523 0.074231 1.00845 1.22452 105.478 
0.45908 0.233944 92664 1 1.86927 0.896154 219 1 1364 0.0141362 -0.0541451 0.0752845 0.990715 1.2503 105.455 
0.4557 0.250857 92744 1 1.86927 0.896154 220 1 1366 0.0143551 -0.0530525 0.0750265 0.985058 1.24922 105.409 
0.491049 0.242734 92784 1 1.86927 0.896154 221 1 1367 0.0139292 -0.0485094 0.0744208 1.03041 1.2554 105.459 
0.491049 0.242734 92784 1 1.86927 0.896154 222 1 1367 0.0139292 -0.0485094 0.0744208 1.03041 1.2554 105.459 
0.515852 0.365465 92945 1 1.86927 0.896154 223 1 1371 0.0160025 -0.038744 0.072703 1.0966 1.2456 104.936 
0.566632 0.449149 93023 1 1.86927 0.896154 224 1 1373 0.0164032 -0.0361411 0.0721115 1.13609 1.23524 104.861 
0.37811 0.493839 93105 1 1.86927 0.896154 225 1 1375 0.0158097 -0.035819 0.0727112 1.13518 1.19854 104.703 
0.37811 0.493839 93105 1 1.86927 0.896154 226 1 1375 0.0158097 -0.035819 0.0727112 1.13518 1.19854 104.703 
0.37811 0.493839 93105 1 1.86927 0.896154 227 1 1375 0.0158097 -0.035819 0.0727112 1.13518 1.19854 104.703 
0.0710528 0.414786 93304 1 1.86927 0.896154 228 1 1380 0.0165774 -0.0337235 0.0723897 1.21097 1.2297 104.577 
0.0618751 0.392972 93343 1 1.86927 0.896154 229 1 1381 0.0170027 -0.0357129 0.0715346 1.19667 1.23999 104.608 
0.00223454 0.300788 93425 1 1.86927 0.896154 230 1 1383 0.0163684 -0.03244 0.0708801 1.22365 1.23121 104.593 
0.00223454 0.300788 93425 1 1.86927 0.896154 231 1 1383 0.0163684 -0.03244 0.0708801 1.22365 1.23121 104.593 
0.00223454 0.300788 93425 1 1.86927 0.896154 232 1 1383 0.0163684 -0.03244 0.0708801 1.22365 1.23121 104.593 
-0.0114433 0.787965 93625 1 1.86927 0.896154 233 1 1388 0.0179073 -0.040693 0.0722889 1.15504 1.22748 104.685 
0.547457 0.593975 93704 1 1.86927 0.896154 234 1 1390 0.0168892 -0.04639 0.0735994 1.07979 1.20931 104.719 
0.625386 0.51898 93744 1 1.86927 0.896154 235 1 1391 0.0169358 -0.0420287 0.072069 1.10696 1.21288 104.732 
0.625386 0.51898 93744 1 1.86927 0.896154 236 1 1391 0.0169358 -0.0420287 0.072069 1.10696 1.21288 104.732 
0.614852 0.46991 93905 1 1.86927 0.896154 237 1 1395 0.0151608 -0.0442845 0.0720597 1.0659 1.2074 104.7 
0.556907 0.575727 93986 1 1.86927 0.896154 238 1 1397 0.0159082 -0.0423229 0.0710299 1.09433 1.23792 104.675 
0.535325 0.582522 94025 1 1.86927 0.896154 239 1 1398 0.0165156 -0.0427135 0.0723353 1.09831 1.23038 104.718 
0.537299 0.564894 94065 1 1.86927 0.896154 240 1 1399 0.0162739 -0.0429457 0.0713709 1.09547 1.24051 104.646 
0.537299 0.564894 94065 1 1.86927 0.896154 241 1 1399 0.0162739 -0.0429457 0.0713709 1.09547 1.24051 104.646 
1.05975 3.96778 94265 1 1.86927 0.896154 242 0 1404 0.0168069 -0.0478727 0.0729838 1.05946 1.23097 104.692 
0.296269 0.363364 94305 1 1.86927 0.896154 243 0 1405 0.0195087 -0.0521428 0.0721157 1.04453 1.26638 104.705 
0.560301 2.57087 94386 1 1.86927 0.896154 244 0 1407 0.0181403 -0.0485885 0.0748796 1.08985 1.23337 104.729 
0.560301 2.57087 94386 1 1.86927 0.896154 245 0 1407 0.0181403 -0.0485885 0.0748796 1.08985 1.23337 104.729 
0.602064 2.20347 94426 1 1.86927 0.896154 246 0 1408 0.0183084 -0.0490945 0.0743141 1.08572 1.24182 104.619 
0.58955 1.79286 94587 1 1.86927 0.896154 247 0 1412 0.017064 -0.0535125 0.0748583 1.07357 1.27252 104.734 
0.55038 1.77703 94626 1 1.86927 0.896154 248 0 1413 0.0174156 -0.0541455 0.075287 1.07507 1.28489 104.776 
0.528006 1.72952 94706 1 1.86927 0.896154 249 0 1415 0.017373 -0.0566507 0.0745905 1.03776 1.30189 104.763 
0.528006 1.72952 94706 1 1.86927 0.896154 250 0 1415 0.017373 -0.0566507 0.0745905 1.03776 1.30189 104.763 
0.528006 1.72952 94706 1 1.86927 0.896154 251 0 1415 0.017373 -0.0566507 0.0745905 1.03776 1.30189 104.763 
0.510445 1.60019 94908 1 1.86927 0.896154 252 0 1420 0.0163185 -0.0532216 0.0779248 1.06838 1.31205 104.738 
0.503971 1.58972 94988 1 1.86927 0.896154 253 0 1422 0.0157162 -0.0524134 0.0797117 1.07505 1.32668 104.765 
0.497586 1.5694 95027 1 1.86927 0.896154 254 0 1423 0.0151637 -0.0479557 0.0788637 1.10543 1.3287 104.804 
0.497586 1.5694 95027 1 1.86927 0.896154 255 0 1423 0.0151637 -0.0479557 0.0788637 1.10543 1.3287 104.804 
0.579753 1.52665 95187 1 1.86927 0.896154 256 0 1427 0.014519 -0.0480565 0.0772812 1.09351 1.3343 104.754 
0.600715 1.55238 95268 1 1.86927 0.896154 257 0 1429 0.0155287 -0.0498818 0.0817549 1.06376 1.30585 104.659 
0.642819 1.57118 95350 1 1.86927 0.896154 258 0 1431 0.0154931 -0.0490859 0.0834719 1.07482 1.31039 104.746 
0.642819 1.57118 95350 1 1.86927 0.896154 259 0 1431 0.0154931 -0.0490859 0.0834719 1.07482 1.31039 104.746 
0.64327 1.55194 95468 1 1.86927 0.896154 260 0 1434 0.0152513 -0.0554973 0.0839457 1.03304 1.36328 104.74 
0.628449 1.5323 95548 1 1.86927 0.896154 261 0 1436 0.0150728 -0.0519698 0.0854893 1.06655 1.38075 104.7 
0.47668 1.55321 95628 1 1.86927 0.896154 262 0 1438 0.014478 -0.0518949 0.0872099 1.06955 1.39608 104.749 
0.426859 1.5666 95669 1 1.86927 0.896154 263 0 1439 0.0138176 -0.0499043 0.0881602 1.07902 1.38593 104.688 
0.426859 1.5666 95669 1 1.86927 0.896154 264 0 1439 0.0138176 -0.0499043 0.0881602 1.07902 1.38593 104.688 
0.430633 1.51821 95828 1 1.86927 0.896154 265 0 1443 0.0143135 -0.0481949 0.0863613 1.10132 1.41109 104.737 
0.43337 1.5032 95909 1 1.86927 0.896154 266 0 1445 0.013903 -0.0486178 0.0852832 1.09522 1.42439 104.771 
0.420591 1.51336 95949 1 1.86927 0.896154 267 0 1446 0.0155061 -0.0499755 0.0859843 1.07483 1.41624 104.798 
0.476634 1.44744 95989 1 1.86927 0.896154 268 0 1447 0.0153575 -0.0470343 0.0870785 1.10071 1.39983 104.802 
0.476634 1.44744 95989 1 1.86927 0.896154 269 0 1447 0.0153575 -0.0470343 0.0870785 1.10071 1.39983 104.802 
0.463652 1.32122 96150 1 1.86927 0.896154 270 0 1451 0.0146002 -0.0467721 0.0859259 1.0925 1.40912 104.816 
0.466304 1.3443 96229 1 1.86927 0.896154 271 0 1453 0.0157329 -0.0470065 0.0874699 1.07816 1.374 104.741 
0.471584 1.34033 96310 1 1.86927 0.896154 272 0 1455 0.015912 -0.0489726 0.0862305 1.05726 1.38617 104.79 
0.471584 1.34033 96310 1 1.86927 0.896154 273 0 1455 0.015912 -0.0489726 0.0862305 1.05726 1.38617 104.79 
0.471584 1.34033 96310 1 1.86927 0.896154 274 0 1455 0.015912 -0.0489726 0.0862305 1.05726 1.38617 104.79 
0.37979 1.61002 96470 1 1.86927 0.896154 275 0 1459 0.0163123 -0.050072 0.0872658 1.01536 1.35534 104.774 
0.428208 1.5906 96551 1 1.86927 0.896154 276 0 1461 0.0156923 -0.0474572 0.0870682 1.04576 1.37589 104.728 
0.392948 1.57465 96630 1 1.86927 0.896154 277 0 1463 0.0161314 -0.0468627 0.0865491 1.06419 1.40106 104.768 
0.392948 1.57465 96630 1 1.86927 0.896154 278 0 1463 0.0161314 -0.0468627 0.0865491 1.06419 1.40106 104.768 
0.389165 1.58502 96750 1 1.86927 0.896154 279 0 1466 0.0156767 -0.0446073 0.0865279 1.09996 1.39329 104.758 
0.418643 1.59312 96831 1 1.86927 0.896154 280 0 1468 0.0164455 -0.0478965 0.0877715 1.09703 1.38733 104.688 
0.418359 1.59151 96911 1 1.86927 0.896154 281 0 1470 0.01653 -0.0542578 0.0875649 1.02802 1.40186 104.662 
0.455197 1.57463 96951 1 1.86927 0.896154 282 0 1471 0.0167732 -0.0567128 0.0866639 0.984525 1.41798 104.682 
0.455197 1.57463 96951 1 1.86927 0.896154 283 0 1471 0.0167732 -0.0567128 0.0866639 0.984525 1.41798 104.682 
0.552556 1.34163 97071 1 1.86927 0.896154 284 0 1474 0.0150964 -0.0526929 0.0834062 0.925041 1.41238 104.711 
0.516764 1.24103 97151 1 1.86927 0.896154 285 0 1476 0.0134215 -0.0441435 0.0838247 0.99162 1.4205 104.674 
0.503364 1.14209 97231 1 1.86927 0.896154 286 1 1478 0.0136485 -0.0401332 0.0847528 1.04959 1.41472 104.707 
0.544694 0.73785 97272 1 1.86927 0.896154 287 1 1479 0.0138791 -0.0374895 0.0830544 1.09227 1.43803 104.735 
0.544694 0.73785 97272 1 1.86927 0.896154 288 1 1479 0.0138791 -0.0374895 0.0830544 1.09227 1.43803 104.735 
0.569651 0.604718 97432 1 1.86927 0.896154 289 1 1483 0.0145429 -0.0342378 0.08199 1.18597 1.43956 104.677 
0.531865 0.61943 97472 1 1.86927 0.896154 290 1 1484 0.0147362 -0.0426777 0.0833436 1.101 1.43577 104.653 
0.538449 0.599927 97552 1 1.86927 0.896154 291 1 1486 0.0150451 -0.0457443 0.086154 1.07518 1.42442 104.599 
0.536994 0.539129 97632 1 1.86927 0.896154 292 1 1488 0.0151519 -0.0465592 0.0875579 1.05169 1.41987 104.616 
0.501439 0.509298 97713 1 1.86927 0.896154 293 1 1490 0.0134005 -0.0450095 0.0842263 1.05512 1.43873 104.681 
0.536672 0.534924 97754 1 1.86927 0.896154 294 1 1491 0.0138615 -0.0372893 0.0859589 1.13572 1.41258 104.644 
0.520189 0.506674 97833 1 1.86927 0.896154 295 1 1493 0.0141887 -0.0429406 0.0856182 1.10528 1.41781 104.664 
0.51715 0.509344 97872 1 1.86927 0.896154 296 1 1494 0.013945 -0.0430357 0.0854465 1.10658 1.4161 104.658 
0.524836 0.496411 97953 1 1.86927 0.896154 297 1 1496 0.014151 -0.0400216 0.0838101 1.14756 1.43211 104.684 
0.532854 0.503362 98033 1 1.86927 0.896154 298 1 1498 0.0125183 -0.044171 0.0847543 1.11595 1.4136 104.61 
0.539915 0.501812 98073 1 1.86927 0.896154 299 1 1499 0.0119713 -0.0426473 0.083963 1.14111 1.41841 104.651 
0.533048 0.586595 98155 1 1.86927 0.896154 300 1 1501 0.0124385 -0.044152 0.0852051 1.14342 1.40484 104.649 
0.539519 0.647749 98234 1 1.86927 0.896154 301 1 1503 0.0132127 -0.0445604 0.0849603 1.15446 1.39535 104.627 
0.546388 0.662885 98273 1 1.86927 0.896154 302 1 1504 0.0135757 -0.0471137 0.0844065 1.13173 1.39855 104.619 
0.559851 0.67583 98354 1 1.86927 0.896154 303 1 1506 0.0132027 -0.0467674 0.0853294 1.1254 1.37826 104.647 
0.606295 0.342013 98434 1 1.86927 0.896154 304 1 1508 0.0134889 -0.0446524 0.0856212 1.12126 1.34526 104.619 
0.592012 0.275775 98474 1 1.86927 0.896154 305 1 1509 0.0140166 -0.0439401 0.0854342 1.1243 1.34428 104.558 
0.619819 0.25303 98555 1 1.86927 0.896154 306 1 1511 0.0138205 -0.0440283 0.0866415 1.13944 1.33675 104.466 
0.606462 0.233253 98635 1 1.86927 0.896154 307 1 1513 0.0142724 -0.0471796 0.086946 1.12458 1.34073 104.485 
0.617215 0.246424 98674 1 1.86927 0.896154 308 1 1514 0.0148716 -0.0446212 0.0869194 1.14484 1.32662 104.525 
0.600053 0.273259 98754 1 1.86927 0.896154 309 1 1516 0.014228 -0.0455959 0.0868993 1.12652 1.30888 104.512 
0.99711 0.555314 98835 1 1.86927 0.896154 310 1 1518 0.0143068 -0.0479822 0.0865811 1.1156 1.31721 104.471 
0.989571 0.555967 98918 1 1.86927 0.896154 311 1 1520 0.0152562 -0.0520883 0.0861973 1.07795 1.32498 104.45 
0.999637 0.547908 98955 1 1.86927 0.896154 312 1 1521 0.0154383 -0.0538348 0.0850503 1.06263 1.33866 104.506 
0.988216 0.549955 99036 1 1.86927 0.896154 313 1 1523 0.0149924 -0.0531558 0.0842368 1.0639 1.34362 104.515 
1.00654 0.565253 99115 1 1.86927 0.896154 314 1 1525 0.0160633 -0.0505905 0.0854916 1.08352 1.32761 104.482 
1.05271 0.629599 99155 1 1.86927 0.896154 315 1 1526 0.0161715 -0.0543119 0.0843047 1.04727 1.34563 104.472 
1.16234 0.740843 99235 1 1.86927 0.896154 316 1 1528 0.0161353 -0.0551739 0.0836922 1.02679 1.3757 104.498 
1.16784 0.71278 99317 1 1.86927 0.896154 317 1 1530 0.0153962 -0.0532986 0.0825135 1.04049 1.41972 104.604 
1.13333 0.684404 99396 1 1.86927 0.896154 318 1 1532 0.0145389 -0.0490162 0.0819891 1.06199 1.43128 104.661 
1.13373 0.697378 99436 1 1.86927 0.896154 319 1 1533 0.0152405 -0.0479929 0.0844471 1.07563 1.41294 104.653 
1.17752 0.776658 99516 1 1.86927 0.896154 320 1 1535 0.0178778 -0.05183 0.090144 1.07725 1.41742 104.595 
1.17621 0.797418 99596 1 1.86927 0.896154 321 1 1537 0.0198352 -0.0543191 0.0921424 1.07897 1.45591 104.558 
1.16853 0.794971 99636 1 1.86927 0.896154 322 1 1538 0.0194268 -0.0554589 0.0927309 1.06111 1.46485 104.513 
1.16466 0.791099 99718 1 1.86927 0.896154 323 1 1540 0.0168556 -0.0572966 0.0906063 1.01794 1.50073 104.643 
1.19294 0.825912 99757 1 1.86927 0.896154 324 1 1541 0.0150787 -0.054668 0.0898009 1.00355 1.49491 104.64 
1.22968 0.882035 99837 1 1.86927 0.896154 325 0 1543 0.0134043 -0.0520755 0.0882966 0.939319 1.48555 104.681 
1.19695 0.867596 99917 1 1.86927 0.896154 326 1 1545 0.0123362 -0.0435244 0.0883302 0.951832 1.47565 104.809 
1.18854 0.843973 99958 1 1.86927 0.896154 327 1 1546 0.0120769 -0.0381157 0.0878526 0.983886 1.48586 104.869 
1.16551 0.840881 100037 1 1.86927 0.896154 328 1 1548 0.0124407 -0.0327999 0.0893905 0.983596 1.46678 104.963 
1.30992 0.528755 100117 1 1.86927 0.896154 329 0 1550 0.0120727 -0.0250546 0.0900189 1.00402 1.43659 105.004 
1.36906 0.517428 100158 1 1.86927 0.896154 330 0 1551 0.0111285 -0.022542 0.0892133 1.01875 1.4333 105.031 
1.38069 0.491426 100238 1 1.86927 0.896154 331 0 1553 0.0109629 -0.0237074 0.0902575 0.992299 1.41089 104.984 
1.40319 0.496723 100319 1 1.86927 0.896154 332 0 1555 0.0115085 -0.0254248 0.0897518 0.965888 1.41764 105.034 
1.39442 0.486542 100357 1 1.86927 0.896154 333 0 1556 0.0119871 -0.0258208 0.0901406 0.957496 1.42133 105.049 
1.40854 0.476211 100398 1 1.86927 0.896154 334 0 1557 0.0117957 -0.0218585 0.0906961 0.995571 1.41809 105.147 
1.40854 0.476211 100398 1 1.86927 0.896154 335 0 1557 0.0117957 -0.0218585 0.0906961 0.995571 1.41809 105.147 
1.23827 0.573252 100558 1 1.86927 0.896154 336 0 1561 0.011964 -0.019756 0.0902953 0.932504 1.39208 105.08 
1.216 0.543757 100639 1 1.86927 0.896154 337 0 1563 0.0114195 -0.0193369 0.0886526 0.915441 1.42164 105.149 
1.15097 0.695173 100718 1 1.86927 0.896154 338 1 1565 0.0111393 -0.0187603 0.0933768 0.915607 1.40414 105.054 
1.15097 0.695173 100718 1 1.86927 0.896154 339 1 1565 0.0111393 -0.0187603 0.0933768 0.915607 1.40414 105.054 
1.15097 0.695173 100718 1 1.86927 0.896154 340 1 1565 0.0111393 -0.0187603 0.0933768 0.915607 1.40414 105.054 
1.11684 0.732237 100919 1 1.86927 0.896154 341 1 1570 0.0108507 -0.0212038 0.0969039 0.892086 1.48109 104.99 
1.11536 0.728108 100959 1 1.86927 0.896154 342 1 1571 0.0106728 -0.0155127 0.0985383 0.943865 1.47393 104.91 
1.12471 0.750368 101039 1 1.86927 0.896154 343 1 1573 0.0116005 -0.0126602 0.100436 0.971804 1.46799 104.939 
1.08669 0.729749 101120 1 1.86927 0.896154 344 1 1575 0.00993232 -0.0110268 0.0985424 0.983508 1.47451 105.035 
1.06206 0.740171 101199 1 1.86927 0.896154 345 1 1577 0.0109917 -0.0134846 0.0966623 0.953918 1.48408 104.977 
0.72613 0.923985 101240 1 1.86927 0.896154 346 1 1578 0.0108819 -0.00769932 0.097169 1.02364 1.47823 104.877 
0.470655 1.00079 101320 1 1.86927 0.896154 347 1 1580 0.0106636 -0.007872 0.0977344 1.06104 1.47893 104.839 
0.484122 1.00864 101360 1 1.86927 0.896154 348 1 1581 0.0117106 -0.00736618 0.0979906 1.08418 1.48549 104.909 
0.470024 1.01931 101440 1 1.86927 0.896154 349 1 1583 0.0119506 -0.0103797 0.0975872 1.08187 1.49794 104.976 
0.423143 1.02178 101521 1 1.86927 0.896154 350 1 1585 0.0114968 -0.0113823 0.0955602 1.09719 1.5173 104.935 
0.410864 1.0453 101560 1 1.86927 0.896154 351 1 1586 0.0118885 -0.0153284 0.0969586 1.06697 1.50122 104.929 
0.160594 0.721362 101640 1 1.86927 0.896154 352 1 1588 0.0117835 -0.0122556 0.096154 1.12475 1.50274 104.851 
0.0440865 0.306702 101721 1 1.86927 0.896154 353 1 1590 0.0122046 -0.0113253 0.0955029 1.17008 1.52364 104.983 
0.0500549 0.321284 101761 1 1.86927 0.896154 354 1 1591 0.0114634 -0.00938066 0.0994254 1.20152 1.48043 104.891 
0.0337978 0.299948 101841 1 1.86927 0.896154 355 1 1593 0.0122818 -0.0105318 0.0959961 1.22365 1.50401 104.933 
0.0361007 0.301583 101922 1 1.86927 0.896154 356 1 1595 0.0127448 -0.0123162 0.0970949 1.25213 1.49299 104.862 
0.0354158 0.294959 101961 1 1.86927 0.896154 357 1 1596 0.0127844 -0.0139581 0.0951871 1.25258 1.50648 104.906 
0.00442909 0.308661 102042 1 1.86927 0.896154 358 1 1598 0.0143731 -0.0264093 0.0969473 1.14023 1.49632 104.835 
-0.29641 0.307622 102122 1 1.86927 0.896154 359 0 1600 0.0138195 -0.018564 0.0951067 1.21509 1.50853 104.925 
-0.28765 0.292207 102162 1 1.86927 0.896154 360 0 1601 0.0127941 -0.0173515 0.0955987 1.23358 1.50123 104.894 
-0.258316 0.263992 102243 1 1.86927 0.896154 361 0 1603 0.0117974 -0.0147905 0.0961743 1.3347 1.50003 104.924 
-0.286852 0.277578 102323 1 1.86927 0.896154 362 0 1605 0.0122814 -0.0250335 0.09506 1.31651 1.49634 104.797 
-0.318893 0.303453 102361 1 1.86927 0.896154 363 0 1606 0.0132407 -0.023973 0.0957929 1.3551 1.47684 104.806 
-0.30211 0.317884 102442 1 1.86927 0.896154 364 0 1608 0.0134936 -0.0231226 0.0965851 1.39432 1.42242 104.823 
-0.316897 0.300454 102522 1 1.86927 0.896154 365 0 1610 0.0133692 -0.033093 0.0963312 1.33806 1.39852 104.865 
-0.316897 0.300454 102522 1 1.86927 0.896154 366 0 1610 0.0133692 -0.033093 0.0963312 1.33806 1.39852 104.865 
-0.301773 0.265556 102562 1 1.86927 0.896154 367 0 1611 0.0125863 -0.0368513 0.0946134 1.32395 1.41052 104.867 
0.224909 0.344742 102724 1 1.86927 0.896154 368 1 1615 0.00958425 -0.0399615 0.0884302 1.27057 1.41868 104.865 
0.194337 0.374006 102802 1 1.86927 0.896154 369 1 1617 0.00866886 -0.0490113 0.0885426 1.16791 1.40927 104.876 
0.20216 0.371799 102843 1 1.86927 0.896154 370 1 1618 0.00857382 -0.0491298 0.0876576 1.17391 1.42502 104.924 
0.20216 0.371799 102843 1 1.86927 0.896154 371 1 1618 0.00857382 -0.0491298 0.0876576 1.17391 1.42502 104.924 
0.232542 0.346682 103045 1 1.86927 0.896154 372 1 1623 0.0122049 -0.0473704 0.0865087 1.22076 1.42623 104.979 
0.244237 0.359533 103085 1 1.86927 0.896154 373 1 1624 0.0119943 -0.0489525 0.086485 1.21063 1.42261 104.992 
0.103703 0.280734 103164 1 1.86927 0.896154 374 1 1626 0.0131332 -0.0521894 0.086117 1.15941 1.42655 105.013 
0.103703 0.280734 103164 1 1.86927 0.896154 375 1 1626 0.0131332 -0.0521894 0.086117 1.15941 1.42655 105.013 
0.0602513 0.235078 103325 1 1.86927 0.896154 376 1 1630 0.0131924 -0.0511818 0.0886378 1.14264 1.41612 104.96 
0.0295473 0.231912 103364 1 1.86927 0.896154 377 1 1631 0.0131393 -0.0509871 0.0896386 1.1429 1.41577 104.925 
0.00404856 0.195296 103444 1 1.86927 0.896154 378 1 1633 0.0130032 -0.0480329 0.0895776 1.188 1.42491 104.973 
0.00805896 0.19177 103485 1 1.86927 0.896154 379 1 1634 0.0131381 -0.0460914 0.089678 1.22584 1.4231 104.965 
0.00805896 0.19177 103485 1 1.86927 0.896154 380 1 1634 0.0131381 -0.0460914 0.089678 1.22584 1.4231 104.965 
0.328547 0.192931 103525 1 1.86927 0.896154 381 1 1635 0.0134645 -0.0486996 0.089962 1.21027 1.42323 104.924 
0.607125 0.281675 103725 1 1.86927 0.896154 382 1 1640 0.0143094 -0.0521229 0.0942224 1.23092 1.40877 104.833 
0.601605 0.292981 103765 1 1.86927 0.896154 383 1 1641 0.0134534 -0.0512407 0.0937559 1.24019 1.41217 104.839 
0.53765 0.446273 103845 1 1.86927 0.896154 384 1 1643 0.0139437 -0.0523312 0.093657 1.22603 1.39488 104.868 
0.5566 0.455641 103926 1 1.86927 0.896154 385 1 1645 0.0137959 -0.0499524 0.0918684 1.2665 1.40952 104.949 
0.530753 0.448486 103965 1 1.86927 0.896154 386 1 1646 0.0132954 -0.0536614 0.0924945 1.2299 1.40703 104.884 
0.537839 0.463763 104045 1 1.86927 0.896154 387 1 1648 0.0141261 -0.0534396 0.0932165 1.25443 1.41816 104.886 
0.54033 0.451588 104126 1 1.86927 0.896154 388 1 1650 0.0144457 -0.0516543 0.0936815 1.29099 1.42122 104.904 
0.518497 0.48332 104166 1 1.86927 0.896154 389 1 1651 0.0142666 -0.0533281 0.0940092 1.27272 1.41535 104.829 
0.516342 0.507402 104246 1 1.86927 0.896154 390 1 1653 0.0141826 -0.0565094 0.0938589 1.25523 1.42325 104.824 
0.536557 0.506229 104327 1 1.86927 0.896154 391 1 1655 0.0135213 -0.0556485 0.0935054 1.2747 1.42402 104.822 
0.542741 0.335059 104406 1 1.86927 0.896154 392 1 1657 0.0127535 -0.0589255 0.0930501 1.25901 1.44015 104.913 
0.545103 0.320961 104446 1 1.86927 0.896154 393 1 1658 0.011768 -0.0573158 0.0931999 1.27209 1.4307 104.897 
0.529164 0.339311 104528 1 1.86927 0.896154 394 1 1660 0.0130165 -0.0588956 0.0942274 1.25492 1.40979 104.852 
0.541006 0.307107 104607 1 1.86927 0.896154 395 1 1662 0.0128699 -0.0554092 0.0926294 1.3184 1.4369 104.834 
0.554528 0.311101 104647 1 1.86927 0.896154 396 1 1663 0.0124926 -0.0554528 0.0929658 1.3426 1.43775 104.817 
0.553857 0.297409 104728 1 1.86927 0.896154 397 1 1665 0.0137865 -0.059093 0.0934428 1.34545 1.45264 104.838 
0.543106 0.320348 104807 1 1.86927 0.896154 398 1 1667 0.0129487 -0.06 0.0954971 1.35145 1.43398 104.769 
0.086339 0.263857 104887 1 1.86927 0.896154 399 1 1669 0.0122581 -0.0604757 0.0957113 1.37688 1.44986 104.776 
0.0690439 0.22947 104927 1 1.86927 0.896154 400 1 1670 0.0123205 -0.0655328 0.0937724 1.32042 1.47622 104.734 
0.104887 0.254373 105008 1 1.86927 0.896154 401 1 1672 0.0117565 -0.064103 0.0960242 1.31005 1.45149 104.728 
0.032107 0.162368 105089 1 1.86927 0.896154 402 1 1674 0.0106032 -0.065626 0.0954708 1.28659 1.46663 104.755 
0.0301468 0.135863 105128 1 1.86927 0.896154 403 1 1675 0.00982918 -0.059708 0.0966169 1.33451 1.44261 104.753 
0.0219286 0.140089 105207 1 1.86927 0.896154 404 1 1677 0.0104492 -0.0613162 0.096148 1.32595 1.44295 104.775 
0.0211515 0.133579 105288 1 1.86927 0.896154 405 1 1679 0.0101336 -0.0604501 0.0964835 1.36219 1.44575 104.725 
0.0349187 0.125946 105328 1 1.86927 0.896154 406 1 1680 0.0108527 -0.0610906 0.0973641 1.3808 1.44489 104.727 
0.245194 0.10034 105408 1 1.86927 0.896154 407 1 1682 0.0111375 -0.0644853 0.098718 1.37531 1.45723 104.731 
0.254288 0.143917 105489 1 1.86927 0.896154 408 1 1684 0.0081434 -0.0658275 0.101949 1.37485 1.43322 104.753 
0.262875 0.113497 105529 1 1.86927 0.896154 409 1 1685 0.00808663 -0.0654661 0.100738 1.38121 1.45094 104.755 
-0.276138 0.0404764 105608 1 1.86927 0.896154 410 0 1687 0.0087633 -0.0630383 0.10272 1.41666 1.43253 104.697 
-0.264661 -0.052733 105689 1 1.86927 0.896154 411 0 1689 0.00900591 -0.0636338 0.101937 1.43557 1.44241 104.702 
-0.250938 -0.0442857 105729 1 1.86927 0.896154 412 0 1690 0.00859521 -0.0632109 0.102179 1.44713 1.43715 104.721 
-0.442553 -0.00233032 105809 1 1.86927 0.896154 413 0 1692 0.00873281 -0.0636511 0.100274 1.42623 1.43105 104.62 
-0.423707 0.00978611 105889 1 1.86927 0.896154 414 0 1694 0.00789804 -0.068771 0.100943 1.38394 1.42341 104.589 
-0.428786 -0.00429921 105930 1 1.86927 0.896154 415 0 1695 0.00798088 -0.0692723 0.0995575 1.37442 1.44002 104.589 
-0.416736 -0.0487931 106009 1 1.86927 0.896154 416 0 1697 0.00888202 -0.0714444 0.100256 1.34563 1.45987 104.645 
-0.416736 -0.0487931 106009 1 1.86927 0.896154 417 0 1697 0.00888202 -0.0714444 0.100256 1.34563 1.45987 104.645 
-0.416736 -0.0487931 106009 1 1.86927 0.896154 418 0 1697 0.00888202 -0.0714444 0.100256 1.34563 1.45987 104.645 
-0.358161 -0.184705 106211 1 1.86927 0.896154 419 0 1702 0.00853511 -0.0632034 0.102486 1.40095 1.44986 104.611 
-0.360877 -0.200411 106292 1 1.86927 0.896154 420 0 1704 0.00921 -0.0623823 0.102773 1.43937 1.44755 104.626 
-0.347786 -0.190955 106331 1 1.86927 0.896154 421 0 1705 0.00945102 -0.0642538 0.102616 1.43612 1.44572 104.66 
-0.347786 -0.190955 106331 1 1.86927 0.896154 422 0 1705 0.00945102 -0.0642538 0.102616 1.43612 1.44572 104.66 
-0.335669 -0.210241 106491 1 1.86927 0.896154 423 0 1709 0.0098834 -0.0658394 0.101758 1.41865 1.46144 104.738 
-0.206845 0.070949 106571 1 1.86927 0.896154 424 0 1711 0.00909191 -0.0690341 0.102383 1.36817 1.43467 104.676 
-0.174271 0.0873615 106611 1 1.86927 0.896154 425 1 1712 0.00881886 -0.0666445 0.100118 1.38637 1.44066 104.763 
-0.150014 0.130211 106651 1 1.86927 0.896154 426 1 1713 0.00905164 -0.0668231 0.0986008 1.38556 1.44247 104.803 
-0.150014 0.130211 106651 1 1.86927 0.896154 427 1 1713 0.00905164 -0.0668231 0.0986008 1.38556 1.44247 104.803 
-0.135297 0.143821 106852 1 1.86927 0.896154 428 1 1718 0.00847484 -0.0709577 0.0977551 1.33593 1.43978 104.891 
-0.100871 0.253701 106933 1 1.86927 0.896154 429 1 1720 0.00871542 -0.0685465 0.0973356 1.37016 1.44142 104.823 
-0.105871 0.257626 106973 1 1.86927 0.896154 430 1 1721 0.00970134 -0.0701516 0.0987215 1.35946 1.42591 104.809 
-0.105871 0.257626 106973 1 1.86927 0.896154 431 1 1721 0.00970134 -0.0701516 0.0987215 1.35946 1.42591 104.809 
-0.0765335 0.288574 107132 1 1.86927 0.896154 432 1 1725 0.00896684 -0.0662689 0.0994502 1.42757 1.41406 104.89 
-0.084101 0.314343 107211 1 1.86927 0.896154 433 1 1727 0.0087649 -0.0684008 0.0987716 1.41426 1.41039 104.863 
-0.0902542 0.327443 107292 1 1.86927 0.896154 434 1 1729 0.00797908 -0.0707699 0.0990943 1.40106 1.41033 104.809 
-0.0902542 0.327443 107292 1 1.86927 0.896154 435 1 1729 0.00797908 -0.0707699 0.0990943 1.40106 1.41033 104.809 
-0.0902542 0.327443 107292 1 1.86927 0.896154 436 1 1729 0.00797908 -0.0707699 0.0990943 1.40106 1.41033 104.809 
-0.0872945 0.353984 107493 1 1.86927 0.896154 437 1 1734 0.00836793 -0.0695981 0.101666 1.44579 1.39763 104.943 
-0.0612578 0.353556 107533 1 1.86927 0.896154 438 1 1735 0.00831811 -0.0666182 0.102697 1.47267 1.38427 104.963 
-0.0534272 0.357059 107612 1 1.86927 0.896154 439 1 1737 0.0080523 -0.0676898 0.100311 1.45694 1.40237 104.995 
-0.0534272 0.357059 107612 1 1.86927 0.896154 440 1 1737 0.0080523 -0.0676898 0.100311 1.45694 1.40237 104.995 
0.0144673 0.280217 107774 1 1.86927 0.896154 441 1 1741 0.00746984 -0.0629888 0.0998927 1.4913 1.40038 105.08 
0.0345686 0.312098 107853 1 1.86927 0.896154 442 1 1743 0.00823731 -0.0633781 0.102734 1.49516 1.35054 104.989 
0.0223328 0.315847 107894 1 1.86927 0.896154 443 1 1744 0.00858931 -0.0679027 0.103089 1.46821 1.34922 104.905 
0.0203954 0.308523 107934 1 1.86927 0.896154 444 1 1745 0.00836638 -0.0697043 0.101602 1.46488 1.37258 104.839 
0.0203954 0.308523 107934 1 1.86927 0.896154 445 1 1745 0.00836638 -0.0697043 0.101602 1.46488 1.37258 104.839 
0.317319 0.143619 108094 1 1.86927 0.896154 446 1 1749 0.00932744 -0.0769843 0.0996201 1.43814 1.43586 104.706 
0.342763 0.159631 108174 1 1.86927 0.896154 447 1 1751 0.0096177 -0.0754863 0.101193 1.45673 1.41777 104.739 
0.689485 0.234246 108254 1 1.86927 0.896154 448 1 1753 0.00971526 -0.0753537 0.102926 1.46166 1.40024 104.616 
0.689485 0.234246 108254 1 1.86927 0.896154 449 1 1753 0.00971526 -0.0753537 0.102926 1.46166 1.40024 104.616 
1.0316 0.254778 108294 1 1.86927 0.896154 450 1 1754 0.00966218 -0.0748597 0.101719 1.46664 1.40962 104.645 
1.10785 0.234742 108495 1 1.86927 0.896154 451 1 1759 0.00875073 -0.0720109 0.100577 1.50709 1.39442 104.655 
1.12329 0.227242 108536 1 1.86927 0.896154 452 1 1760 0.00924167 -0.0724159 0.0983583 1.51527 1.41946 104.744 
1.12485 0.224342 108576 1 1.86927 0.896154 453 1 1761 0.00886038 -0.0761187 0.0976361 1.49251 1.42525 104.731 
1.109 0.224817 108615 1 1.86927 0.896154 454 1 1762 0.00884538 -0.0779777 0.097504 1.47888 1.42378 104.734 
1.12585 0.278387 108776 1 1.86927 0.896154 455 1 1766 0.00919729 -0.0748319 0.0997578 1.5354 1.4047 104.701 
0.589086 0.17317 108816 1 1.86927 0.896154 456 1 1767 0.0095008 -0.0792686 0.0986777 1.50062 1.41603 104.686 
0.136783 0.147861 108895 1 1.86927 0.896154 457 1 1769 0.00991268 -0.0815784 0.100882 1.50235 1.41856 104.695 
0.136783 0.147861 108895 1 1.86927 0.896154 458 1 1769 0.00991268 -0.0815784 0.100882 1.50235 1.41856 104.695 
0.136783 0.147861 108895 1 1.86927 0.896154 459 1 1769 0.00991268 -0.0815784 0.100882 1.50235 1.41856 104.695 
0.0786635 0.138241 109097 1 1.86927 0.896154 460 1 1774 0.00991582 -0.0795414 0.104321 1.56424 1.43405 104.703 
0.04654 0.129939 109177 1 1.86927 0.896154 461 1 1776 0.0100868 -0.0771047 0.106342 1.58097 1.40476 104.635 
0.0395219 0.120554 109216 1 1.86927 0.896154 462 1 1777 0.0101014 -0.0780434 0.104523 1.57465 1.42518 104.627 
0.0395219 0.120554 109216 1 1.86927 0.896154 463 1 1777 0.0101014 -0.0780434 0.104523 1.57465 1.42518 104.627 
-0.0496404 0.289808 109416 1 1.86927 0.896154 464 1 1782 0.0106229 -0.07327 0.106862 1.63743 1.40488 104.651 
-0.0744251 0.285618 109498 1 1.86927 0.896154 465 1 1784 0.00994208 -0.0766584 0.103532 1.59714 1.42784 104.637 
-0.0730017 0.285722 109538 1 1.86927 0.896154 466 1 1785 0.00966686 -0.0767983 0.103545 1.59812 1.42763 104.666 
-0.0730017 0.285722 109538 1 1.86927 0.896154 467 1 1785 0.00966686 -0.0767983 0.103545 1.59812 1.42763 104.666 
-0.0619879 0.328392 109737 1 1.86927 0.896154 468 1 1790 0.00979498 -0.0773483 0.103469 1.59295 1.40888 104.707 
-0.0871349 0.320131 109777 1 1.86927 0.896154 469 1 1791 0.00952064 -0.0790032 0.101442 1.57242 1.42209 104.743 
-0.0658701 0.306769 109859 1 1.86927 0.896154 470 1 1793 0.0100845 -0.077196 0.101574 1.60007 1.4108 104.694 
-0.0658701 0.306769 109859 1 1.86927 0.896154 471 1 1793 0.0100845 -0.077196 0.101574 1.60007 1.4108 104.694 
-0.0695583 0.304483 109898 1 1.86927 0.896154 472 1 1794 0.0103466 -0.0792337 0.102083 1.58626 1.40999 104.653 
-0.0424773 0.358853 110059 1 1.86927 0.896154 473 1 1798 0.0122391 -0.082245 0.103366 1.58027 1.45398 104.731 
-0.0587574 0.357498 110138 1 1.86927 0.896154 474 1 1800 0.0124087 -0.0793201 0.103335 1.59181 1.46722 104.711 
-0.0614476 0.371265 110178 1 1.86927 0.896154 475 1 1801 0.0121642 -0.0809483 0.103823 1.56764 1.46836 104.686 
-0.0614476 0.371265 110178 1 1.86927 0.896154 476 1 1801 0.0121642 -0.0809483 0.103823 1.56764 1.46836 104.686 
-0.0860467 0.373438 110339 1 1.86927 0.896154 477 1 1805 0.0124619 -0.0804407 0.103157 1.55463 1.48321 104.615 
-0.0775453 0.371165 110419 1 1.86927 0.896154 478 1 1807 0.0123001 -0.0785471 0.105259 1.58366 1.46418 104.668 
-0.0789611 0.412509 110499 1 1.86927 0.896154 479 1 1809 0.012425 -0.0767202 0.107048 1.58915 1.43303 104.628 
-0.0789611 0.412509 110499 1 1.86927 0.896154 480 1 1809 0.012425 -0.0767202 0.107048 1.58915 1.43303 104.628 
-0.082529 0.418055 110619 1 1.86927 0.896154 481 1 1812 0.0118786 -0.0828114 0.104716 1.49587 1.44069 104.65 
-0.0725493 0.361639 110699 1 1.86927 0.896154 482 1 1814 0.0115466 -0.0821608 0.102073 1.49245 1.48358 104.789 
-0.0836676 0.370063 110739 1 1.86927 0.896154 483 1 1815 0.0116231 -0.0819455 0.102018 1.48592 1.49067 104.727 
-0.0808188 0.400204 110819 1 1.86927 0.896154 484 1 1817 0.0118417 -0.0761125 0.106072 1.53835 1.44446 104.667 
-0.0808188 0.400204 110819 1 1.86927 0.896154 485 1 1817 0.0118417 -0.0761125 0.106072 1.53835 1.44446 104.667 
-0.0879699 0.395409 110859 1 1.86927 0.896154 486 1 1818 0.0120397 -0.0772217 0.104609 1.53585 1.45532 104.663 
-0.102819 0.411563 111021 1 1.86927 0.896154 487 1 1822 0.0118145 -0.0812723 0.105175 1.52731 1.46736 104.622 
-0.106255 0.376437 111100 1 1.86927 0.896154 488 1 1824 0.0120413 -0.0842872 0.103945 1.49332 1.49194 104.661 
-0.1031 0.376723 111139 1 1.86927 0.896154 489 1 1825 0.0116356 -0.0819794 0.104472 1.50385 1.48373 104.68 
-0.1031 0.376723 111139 1 1.86927 0.896154 490 1 1825 0.0116356 -0.0819794 0.104472 1.50385 1.48373 104.68 
-0.188092 0.494324 111301 1 1.86927 0.896154 491 1 1829 0.0112401 -0.073288 0.10843 1.56308 1.41098 104.524 
-0.180902 0.463902 111340 1 1.86927 0.896154 492 1 1830 0.0121005 -0.0782577 0.105481 1.53214 1.44543 104.609 
-0.167001 0.434557 111421 1 1.86927 0.896154 493 1 1832 0.0118178 -0.0797593 0.104041 1.55181 1.48165 104.679 
-0.134579 0.415983 111461 1 1.86927 0.896154 494 1 1833 0.0122398 -0.078689 0.103375 1.56987 1.4908 104.761 
-0.134579 0.415983 111461 1 1.86927 0.896154 495 1 1833 0.0122398 -0.078689 0.103375 1.56987 1.4908 104.761 
0.158766 0.234975 111622 1 1.86927 0.896154 496 1 1837 0.0113905 -0.0796078 0.101886 1.56442 1.51371 104.722 
0.269403 0.243345 111701 1 1.86927 0.896154 497 1 1839 0.0112949 -0.0814023 0.102891 1.54202 1.4986 104.684 
0.626834 0.30225 111783 1 1.86927 0.896154 498 1 1841 0.0116787 -0.0844531 0.104157 1.47574 1.49046 104.62 
0.626834 0.30225 111783 1 1.86927 0.896154 499 1 1841 0.0116787 -0.0844531 0.104157 1.47574 1.49046 104.62 
0.626834 0.30225 111783 1 1.86927 0.896154 500 1 1841 0.0116787 -0.0844531 0.104157 1.47574 1.49046 104.62 
0.62541 0.336775 111982 1 1.86927 0.896154 501 1 1846 0.0107478 -0.0765036 0.106697 1.47795 1.42038 104.546 
0.618989 0.301741 112062 1 1.86927 0.896154 502 1 1848 0.010599 -0.076262 0.104471 1.48558 1.44144 104.614 
0.626227 0.272879 112102 1 1.86927 0.896154 503 1 1849 0.0106422 -0.0760315 0.101906 1.49637 1.47291 104.721 
0.626227 0.272879 112102 1 1.86927 0.896154 504 1 1849 0.0106422 -0.0760315 0.101906 1.49637 1.47291 104.721 
0.663599 0.114302 112263 1 1.86927 0.896154 505 1 1853 0.0101921 -0.0724829 0.10332 1.51189 1.42932 104.652 
0.677738 0.121 112343 1 1.86927 0.896154 506 1 1855 0.0103381 -0.0755421 0.102528 1.48098 1.43694 104.632 
0.690193 0.113053 112383 1 1.86927 0.896154 507 1 1856 0.0103698 -0.0747235 0.103568 1.49392 1.4312 104.612 
0.70158 0.0826951 112422 1 1.86927 0.896154 508 1 1857 0.0112256 -0.0751577 0.103519 1.49445 1.44209 104.613 
0.70158 0.0826951 112422 1 1.86927 0.896154 509 1 1857 0.0112256 -0.0751577 0.103519 1.49445 1.44209 104.613 
0.710807 0.00770518 112583 1 1.86927 0.896154 510 1 1861 0.0105849 -0.0689623 0.102822 1.54622 1.43329 104.648 
0.719896 0.00930202 112663 1 1.86927 0.896154 511 1 1863 0.010835 -0.0728995 0.103123 1.51971 1.43365 104.569 
0.718871 -0.00220353 112744 1 1.86927 0.896154 512 1 1865 0.0110764 -0.0745797 0.103825 1.51 1.43716 104.579 
0.718871 -0.00220353 112744 1 1.86927 0.896154 513 1 1865 0.0110764 -0.0745797 0.103825 1.51 1.43716 104.579 
0.732861 0.153236 112907 1 1.86927 0.896154 514 1 1869 0.0112976 -0.0728498 0.103007 1.49033 1.42381 104.607 
0.695644 0.14974 112984 1 1.86927 0.896154 515 1 1871 0.0113389 -0.0749252 0.10244 1.44616 1.41794 104.606 
0.693653 0.164319 113024 1 1.86927 0.896154 516 1 1872 0.0118602 -0.0747778 0.101305 1.43873 1.4213 104.573 
0.689137 0.147861 113064 1 1.86927 0.896154 517 1 1873 0.0121204 -0.0745794 0.0996663 1.43383 1.43343 104.603 
0.689137 0.147861 113064 1 1.86927 0.896154 518 1 1873 0.0121204 -0.0745794 0.0996663 1.43383 1.43343 104.603 
0.653724 0.219664 113226 1 1.86927 0.896154 519 1 1877 0.0119002 -0.0685304 0.100122 1.44938 1.38344 104.601 
0.658134 0.195762 113305 1 1.86927 0.896154 520 1 1879 0.0119193 -0.0713132 0.0969863 1.40595 1.40906 104.712 
0.753851 0.00749437 113384 1 1.86927 0.896154 521 1 1881 0.0114796 -0.0695909 0.098017 1.41845 1.40654 104.693 
0.753851 0.00749437 113384 1 1.86927 0.896154 522 1 1881 0.0114796 -0.0695909 0.098017 1.41845 1.40654 104.693 
0.753851 0.00749437 113384 1 1.86927 0.896154 523 1 1881 0.0114796 -0.0695909 0.098017 1.41845 1.40654 104.693 
0.722219 -0.0165538 113585 1 1.86927 0.896154 524 1 1886 0.0133018 -0.0709555 0.0964859 1.33936 1.42696 104.702 
0.704124 -0.0402361 113665 1 1.86927 0.896154 525 1 1888 0.0130368 -0.0683228 0.0953954 1.31798 1.42893 104.776 
0.917665 -0.076929 113705 1 1.86927 0.896154 526 1 1889 0.012427 -0.0676851 0.095409 1.31785 1.43221 104.807 
0.917665 -0.076929 113705 1 1.86927 0.896154 527 1 1889 0.012427 -0.0676851 0.095409 1.31785 1.43221 104.807 
1.46557 -0.0762902 113867 1 1.86927 0.896154 528 0 1893 0.0140149 -0.072302 0.0936419 1.22119 1.45654 104.784 
1.53385 -0.106496 113906 1 1.86927 0.896154 529 0 1894 0.0149853 -0.0684622 0.095171 1.23049 1.44372 104.77 
1.54423 -0.135568 113986 1 1.86927 0.896154 530 0 1896 0.0155054 -0.0556626 0.0978411 1.27979 1.4037 104.797 
1.53069 -0.17614 114026 1 1.86927 0.896154 531 0 1897 0.015547 -0.0524939 0.0973309 1.27573 1.40779 104.851 
1.53069 -0.17614 114026 1 1.86927 0.896154 532 0 1897 0.015547 -0.0524939 0.0973309 1.27573 1.40779 104.851 
1.54871 -0.161607 114187 1 1.86927 0.896154 533 0 1901 0.0154419 -0.045837 0.0984741 1.30289 1.39791 104.94 
1.56106 -0.177175 114266 1 1.86927 0.896154 534 0 1903 0.0157353 -0.0429415 0.0999659 1.29457 1.3688 104.864 
1.58058 -0.197463 114347 1 1.86927 0.896154 535 0 1905 0.0151742 -0.0385368 0.0979757 1.31012 1.3696 104.919 
1.58058 -0.197463 114347 1 1.86927 0.896154 536 0 1905 0.0151742 -0.0385368 0.0979757 1.31012 1.3696 104.919 
1.58058 -0.197463 114347 1 1.86927 0.896154 537 0 1905 0.0151742 -0.0385368 0.0979757 1.31012 1.3696 104.919 
1.59336 -0.174104 114547 1 1.86927 0.896154 538 0 1910 0.0151673 -0.037936 0.0922317 1.21975 1.37448 105.023 
1.56445 -0.238075 114628 1 1.86927 0.896154 539 0 1912 0.014691 -0.0281908 0.0916184 1.25669 1.35229 105.06 
1.62352 -0.287768 114667 1 1.86927 0.896154 540 0 1913 0.0148517 -0.0195406 0.0899406 1.34173 1.36625 105.034 
1.62352 -0.287768 114667 1 1.86927 0.896154 541 0 1913 0.0148517 -0.0195406 0.0899406 1.34173 1.36625 105.034 
1.65743 -0.210244 114829 1 1.86927 0.896154 542 0 1917 0.0152934 -0.0258544 0.0917019 1.3104 1.39367 105.038 
1.59325 -0.204353 114908 1 1.86927 0.896154 543 0 1919 0.0161563 -0.0305432 0.0944673 1.23871 1.39025 105.045 
1.56791 -0.227527 114948 1 1.86927 0.896154 544 0 1920 0.0159449 -0.0270218 0.0936972 1.26037 1.39416 105.092 
1.57789 -0.207916 114987 1 1.86927 0.896154 545 0 1921 0.0157295 -0.0230458 0.0925749 1.28458 1.39824 105.094 
1.57789 -0.207916 114987 1 1.86927 0.896154 546 0 1921 0.0157295 -0.0230458 0.0925749 1.28458 1.39824 105.094 
1.54049 -0.184684 115151 1 1.86927 0.896154 547 0 1925 0.0154264 -0.0281961 0.0923687 1.16997 1.37891 104.981 
1.52587 -0.246793 115228 1 1.86927 0.896154 548 0 1927 0.0143253 -0.0191511 0.0905405 1.18633 1.38559 105.142 
1.51208 -0.283242 115309 1 1.86927 0.896154 549 0 1929 0.0158224 -0.00439308 0.0896252 1.24476 1.3505 105.068 
1.51208 -0.283242 115309 1 1.86927 0.896154 550 0 1929 0.0158224 -0.00439308 0.0896252 1.24476 1.3505 105.068 
1.51208 -0.283242 115309 1 1.86927 0.896154 551 0 1929 0.0158224 -0.00439308 0.0896252 1.24476 1.3505 105.068 
1.53878 -0.230902 115509 1 1.86927 0.896154 552 0 1934 0.0146966 -0.00489342 0.0894163 1.22541 1.3923 105.219 
1.04867 -0.0646126 115549 1 1.86927 0.896154 553 1 1935 0.0152279 -0.00277009 0.0907359 1.23788 1.38949 105.233 
0.550137 0.012584 115629 1 1.86927 0.896154 554 1 1937 0.0155906 -0.00585516 0.0907645 1.17949 1.38174 105.227 
0.550137 0.012584 115629 1 1.86927 0.896154 555 1 1937 0.0155906 -0.00585516 0.0907645 1.17949 1.38174 105.227 
0.54153 -0.00101846 115670 1 1.86927 0.896154 556 1 1938 0.0151029 -0.00621587 0.0910696 1.17049 1.3807 105.199 
0.510735 0.0162225 115829 1 1.86927 0.896154 557 1 1942 0.0145346 -0.0068525 0.093597 1.1506 1.36728 105.085 
0.531925 0.00749689 115910 1 1.86927 0.896154 558 1 1944 0.0143187 -0.00697115 0.091448 1.15815 1.38753 105.256 
0.521688 0.0417517 115950 1 1.86927 0.896154 559 1 1945 0.0143679 -0.00750373 0.0916562 1.15059 1.37092 105.253 
0.52708 0.0847123 116030 1 1.86927 0.896154 560 1 1947 0.0143841 -0.00723416 0.0912079 1.16494 1.37393 105.276 
0.512759 0.123972 116111 1 1.86927 0.896154 561 1 1949 0.0133144 -0.00567766 0.0924057 1.16509 1.36272 105.255 
0.523607 0.113297 116152 1 1.86927 0.896154 562 1 1950 0.0124421 -0.00526034 0.092798 1.17783 1.36572 105.253 
0.541539 0.13815 116230 1 1.86927 0.896154 563 1 1952 0.0136571 -0.00523327 0.0923971 1.17692 1.38442 105.305 
0.575899 0.144661 116310 1 1.86927 0.896154 564 1 1954 0.013057 0.00080389 0.0910792 1.25025 1.39414 105.168 
0.54034 0.175126 116352 1 1.86927 0.896154 565 1 1955 0.0131481 -0.00999536 0.0938329 1.15686 1.37502 105.19 
0.542437 0.210541 116431 1 1.86927 0.896154 566 1 1957 0.0132838 -0.0113906 0.0951937 1.18424 1.36291 105.354 
0.600121 0.266756 116513 1 1.86927 0.896154 567 1 1959 0.0132176 -0.00611152 0.0977216 1.28366 1.32687 105.553 
0.613644 0.338766 116551 1 1.86927 0.896154 568 1 1960 0.0132674 -0.00836159 0.0985228 1.28068 1.31415 105.529 
0.591183 0.381102 116631 1 1.86927 0.896154 569 1 1962 0.0131174 -0.0108478 0.0989533 1.26581 1.27935 105.443 
0.587914 0.414273 116711 1 1.86927 0.896154 570 1 1964 0.0118546 -0.0157565 0.101196 1.25122 1.26005 105.493 
0.57589 0.390234 116751 1 1.86927 0.896154 571 1 1965 0.0108965 -0.0196849 0.0996554 1.23028 1.27701 105.473 
0.549947 0.364621 116831 1 1.86927 0.896154 572 1 1967 0.0116627 -0.0249135 0.0970886 1.18398 1.3181 105.454 
0.54909 0.362785 116912 1 1.86927 0.896154 573 1 1969 0.0127719 -0.0212323 0.0940124 1.21225 1.34201 105.266 
0.599462 0.335325 116952 1 1.86927 0.896154 574 1 1970 0.0137682 -0.0208554 0.0944531 1.21113 1.31433 104.973 
0.890016 0.303325 117032 1 1.86927 0.896154 575 1 1972 0.0153339 -0.0245351 0.0926023 1.19324 1.30611 104.653 
0.898437 0.242911 117072 1 1.86927 0.896154 576 1 1973 0.013709 -0.0243288 0.0926277 1.19884 1.30855 104.839 
0.896857 0.208345 117152 1 1.86927 0.896154 577 1 1975 0.0116919 -0.0242348 0.0940775 1.19752 1.31543 105.015 
0.749937 0.252452 117232 1 1.86927 0.896154 578 1 1977 0.0101898 -0.0143509 0.0952414 1.23099 1.25477 104.894 
0.580737 0.300062 117272 1 1.86927 0.896154 579 1 1978 0.0104954 -0.0121611 0.0970053 1.23937 1.21074 104.817 
0.591757 0.244928 117353 1 1.86927 0.896154 580 1 1980 0.00835829 -0.0198522 0.0963448 1.18251 1.25701 104.956 
0.599413 0.203017 117433 1 1.86927 0.896154 581 1 1982 0.00521995 -0.0228567 0.0972632 1.10725 1.30973 104.887 
0.553476 0.192351 117473 1 1.86927 0.896154 582 1 1983 0.00701615 -0.0235097 0.097976 1.02032 1.30146 104.558 
0.533014 0.190618 117552 1 1.86927 0.896154 583 1 1985 0.0138901 -0.00600441 0.0962708 0.806173 1.1891 102.193 
0.435378 0.215029 117593 1 1.86927 0.896154 584 1 1986 0.0179656 -0.00196307 0.0917862 0.614868 1.1139 101.603 
0.553746 0.27449 117673 1 1.86927 0.896154 585 0 1988 0.0216178 0.0422682 0.0808849 0.790095 1.02893 100.929 
0.545928 0.422684 117755 1 1.86927 0.896154 586 0 1990 0.0191288 0.0389522 0.0854003 0.741115 0.88461 100.299 
0.522069 0.390699 117834 1 1.86927 0.896154 587 0 1992 0.0142974 0.0171634 0.0908516 0.554442 0.944047 100.985 
0.575231 0.51867 117874 1 1.86927 0.896154 588 0 1993 0.0163965 0.00131545 0.101186 0.40505 0.965123 100.955 
0.527675 0.463526 117953 1 1.86927 0.896154 589 1 1995 0.0199925 -0.0161494 0.105098 0.163634 1.09204 100.753 
0.465173 0.485091 118034 1 1.86927 0.896154 590 0 1997 0.0173461 0.0214797 0.0885909 0.317379 1.07679 100.789 
0.721851 0.349661 118074 1 1.86927 0.896154 591 0 1998 0.0158701 0.0357608 0.0787485 0.38192 1.03316 100.812 
0.973417 0.267145 118154 1 1.86927 0.896154 592 0 2000 0.0134198 0.0430416 0.0734454 0.385788 0.923698 101.306 
1.04551 0.24218 118235 1 1.86927 0.896154 593 0 2002 0.0139394 0.0428567 0.0811929 0.388338 0.952399 101.961 
1.13893 0.266885 118275 1 1.86927 0.896154 594 0 2003 0.0146871 0.0428832 0.0891131 0.401122 0.979001 102.262 
1.29286 0.311323 118354 1 1.86927 0.896154 595 0 2005 0.0151861 0.0409607 0.104354 0.385872 1.04124 102.505 
1.29286 0.311323 118354 1 1.86927 0.896154 596 0 2005 0.0151861 0.0409607 0.104354 0.385872 1.04124 102.505 
1.29286 0.311323 118354 1 1.86927 0.896154 597 0 2005 0.0151861 0.0409607 0.104354 0.385872 1.04124 102.505 
1.22854 0.16674 118555 1 1.86927 0.896154 598 0 2010 0.0140964 0.0969529 0.0800246 0.554062 1.11763 102.456 
1.22213 0.163562 118636 1 1.86927 0.896154 599 0 2012 0.0127405 0.10829 0.0797075 0.678552 1.03508 102.26 
1.21435 0.164548 118676 1 1.86927 0.896154 600 0 2013 0.0137626 0.107416 0.0792301 0.710114 1.02776 102.301 
1.21435 0.164548 118676 1 1.86927 0.896154 601 0 2013 0.0137626 0.107416 0.0792301 0.710114 1.02776 102.301 
0.967437 0.150244 118715 1 1.86927 0.896154 602 1 2014 0.0153142 0.0970321 0.0808913 0.653475 1.03526 102.588 
0.794482 0.0982014 118876 1 1.86927 0.896154 603 1 2018 0.0154518 0.0781402 0.08922 0.600475 1.1381 102.78 
0.717164 0.107716 118997 1 1.86927 0.896154 604 1 2021 0.017067 0.0750826 0.0843979 0.544821 1.12929 102.645 
0.717164 0.107716 118997 1 1.86927 0.896154 605 1 2021 0.017067 0.0750826 0.0843979 0.544821 1.12929 102.645 
0.696584 0.15303 119036 1 1.84688 0.896154 606 1 2022 0.0169369 0.0735011 0.0824063 0.529762 1.10803 102.558 
0.59109 0.119788 119197 1 1.83021 0.892308 607 1 2026 0.0170928 0.0558433 0.0821758 0.39606 1.07491 102.468 
-0.940975 0.484357 119318 1 1.83021 0.892308 608 0 2029 0.0206062 0.0582712 0.0890648 0.512941 1.07935 102.466 
-0.940975 0.484357 119318 1 1.83021 0.892308 609 0 2029 0.0206062 0.0582712 0.0890648 0.512941 1.07935 102.466 
-0.940975 0.484357 119318 1 1.80885 0.891346 610 0 2029 0.0206062 0.0582712 0.0890648 0.512941 1.07935 102.466 
-8.36391 -0.186733 119516 1 1.79635 0.883654 611 0 2034 0.0151673 0.00301657 0.106804 0.0359587 1.12102 102.858 
-1.77782 0.674891 119597 1 1.78802 0.883654 612 0 2036 0.0156262 0.0287967 0.0995596 0.254628 1.19558 103.187 
3.35026 7.97018 119637 1 1.75781 0.875 613 0 2037 0.0159199 0.0376189 0.0984395 0.341529 1.21206 103.317 
3.35026 7.97018 119637 1 1.71406 0.873077 614 0 2037 0.0159199 0.0376189 0.0984395 0.341529 1.21206 103.317 
4.93207 11.1242 119677 1 1.63646 0.878846 615 0 2038 0.0159652 0.0424097 0.0997917 0.404687 1.21591 103.351 
-2.91019 -0.288482 119877 1 1.59323 0.938462 616 0 2043 0.0149337 0.0476238 0.101586 0.450687 1.21603 103.433 
-1.64656 2.70057 119917 1 1.55313 0.995192 617 0 2044 0.0127538 0.0525252 0.0985222 0.500166 1.25124 103.635 
-1.64656 2.70057 119917 1 1.42396 1.00481 618 0 2044 0.0127538 0.0525252 0.0985222 0.500166 1.25124 103.635 
0.0227474 1.6157 119958 1 1.34063 0.956731 619 0 2045 0.0111023 0.0640387 0.0945069 0.622574 1.31051 103.683 
0.598497 0.352409 120239 1 1.30677 0.825962 620 1 2052 0.00916752 0.0876352 0.096462 0.930644 1.35488 103.561 
0.57572 0.320351 120278 1 1.42604 0.665385 621 1 2053 0.00893717 0.0864689 0.0961713 0.928644 1.35634 103.606 
0.57572 0.320351 120278 1 1.53906 0.636538 622 1 2053 0.00893717 0.0864689 0.0961713 0.928644 1.35634 103.606 
0.595337 0.0948156 120479 1 1.53021 0.700962 623 1 2058 0.00740061 0.0618019 0.0996881 0.802546 1.35184 104.165 
0.481656 0.214223 120520 1 1.43542 0.772115 624 1 2059 0.00608535 0.061978 0.0970078 0.848028 1.3946 104.147 
0.344824 0.294147 120601 1 1.35729 0.755769 625 1 2061 0.00409191 0.0509592 0.10018 0.837407 1.40119 104.012 
0.344824 0.294147 120601 1 1.50521 0.699038 626 1 2061 0.00409191 0.0509592 0.10018 0.837407 1.40119 104.012 
0.344824 0.294147 120601 1 1.53177 0.700962 627 1 2061 0.00409191 0.0509592 0.10018 0.837407 1.40119 104.012 
0.288452 0.338461 120841 1 1.53125 0.763462 628 1 2067 0.00296097 0.0352104 0.108024 0.888376 1.32681 103.916 
0.332471 0.322985 120921 1 1.575 0.849038 629 1 2069 0.00311221 0.0348593 0.102978 0.946251 1.34823 104.12 
0.332471 0.322985 120921 1 1.57708 0.85 630 1 2069 0.00311221 0.0348593 0.102978 0.946251 1.34823 104.12 
0.34086 0.289534 121080 1 1.57708 0.85 631 1 2073 0.00380677 0.0284666 0.100751 0.998911 1.3679 104.096 
0.349884 0.271227 121162 1 1.57708 0.85 632 1 2075 0.00681617 0.0133595 0.100733 0.903632 1.37142 104.379 
0.362169 0.320669 121241 1 1.57708 0.85 633 1 2077 0.00577178 0.0158779 0.103703 0.959557 1.32625 104.327 
0.362169 0.320669 121241 1 1.57708 0.85 634 1 2077 0.00577178 0.0158779 0.103703 0.959557 1.32625 104.327 
0.362169 0.320669 121241 1 1.56979 0.844231 635 1 2077 0.00577178 0.0158779 0.103703 0.959557 1.32625 104.327 
0.300105 0.182077 121441 1 1.57604 0.794231 636 1 2082 0.00623243 0.0137694 0.103124 1.0015 1.31479 104.411 
0.280441 0.107573 121521 1 1.57656 0.727885 637 1 2084 0.00702467 0.00628441 0.104152 0.968022 1.29311 104.424 
0.240726 0.0473302 121561 1 1.5901 0.689423 638 1 2085 0.00729695 -0.000258939 0.105271 0.907316 1.28462 104.359 
0.304235 0.0280427 121641 1 1.59375 0.685577 639 1 2087 0.00676134 0.00821943 0.105843 1.03041 1.28344 104.416 
0.2745 0.0156247 121723 1 1.59063 0.671154 640 1 2089 0.00778291 0.00782917 0.105607 1.05776 1.28496 104.319 
0.257545 0.0245088 121762 1 1.58594 0.657692 641 1 2090 0.00878684 0.00293787 0.104596 1.02566 1.29105 104.353 
-0.47911 0.489465 121881 1 1.57604 0.626923 642 0 2093 0.011421 -0.0249094 0.116866 0.736169 1.11665 103.391 
-0.9231 0.232099 121921 1 1.53698 0.566346 643 0 2094 0.0145141 -0.0313591 0.121922 0.664287 1.04897 103.57 
1.31711 6.13183 122002 1 1.52344 0.539423 644 0 2096 0.023375 -0.0097795 0.143142 0.85307 0.77506 104.64 
1.11222 4.80573 122082 1 1.50313 0.518269 645 0 2098 0.036971 0.0426864 0.150819 1.54139 0.606185 105.382 
0.964787 4.61998 122123 1 1.48385 0.523077 646 0 2099 0.0388933 0.051625 0.151109 1.77958 0.555089 105.816 
1.17095 4.41569 122203 1 1.46875 0.535577 647 0 2101 0.0374492 0.0764651 0.142166 2.37473 0.644266 106.391 
1.34996 4.36193 122243 1 1.30729 0.553846 648 0 2102 0.0386835 0.0850407 0.138651 2.64178 0.748183 106.755 
1.34996 4.36193 122243 1 1.29375 0.514423 649 0 2102 0.0386835 0.0850407 0.138651 2.64178 0.748183 106.755 
1.47369 4.07583 122403 1 1.29792 0.488462 650 0 2106 0.0489522 0.11112 0.1543 3.23098 0.727864 107.633 
1.15791 4.64416 122444 1 1.29948 0.481731 651 0 2107 0.0435602 0.11239 0.160064 3.38752 0.553117 108.303 
1.66555 5.28293 122523 1 1.2974 0.472115 652 0 2109 0.0375544 0.13528 0.159744 3.70219 0.316013 107.859 
2.35716 6.28429 122563 1 1.29323 0.466346 653 0 2110 0.0347327 0.148076 0.158064 3.88607 0.274196 107.852 
1.98763 5.96792 122684 1 1.28333 0.452885 654 0 2113 0.0326279 0.125589 0.154108 3.83366 0.320277 107.729 
1.81029 5.8652 122723 1 1.27448 0.432692 655 0 2114 0.0340372 0.104587 0.153679 3.66526 0.33915 107.801 
2.61403 7.27648 122844 1 1.2974 0.432692 656 0 2117 0.0364679 0.076636 0.145287 3.46343 0.499337 107.846 
16.7365 27.9555 122884 1 1.31927 0.425 657 0 2118 0.0380683 0.0611537 0.148274 3.2986 0.479312 107.795 
16.7365 27.9555 122884 1 1.31927 0.423077 658 0 2118 0.0380683 0.0611537 0.148274 3.2986 0.479312 107.795 
1.90271 5.9798 123044 1 1.32344 0.415385 659 0 2122 0.0362937 0.0713809 0.141526 3.3164 0.482108 107.92 
2.32433 6.54217 123084 1 1.3401 0.409615 660 0 2123 0.0355462 0.0704885 0.142218 3.27863 0.449896 107.87 
1.70925 1.62411 123164 1 1.35521 0.407692 661 0 2125 0.0325365 0.0775318 0.145938 3.36584 0.35562 107.85 
1.70925 1.62411 123164 1 1.40573 0.435577 662 0 2125 0.0325365 0.0775318 0.145938 3.36584 0.35562 107.85 
1.70925 1.62411 123164 1 1.4401 0.5125 663 0 2125 0.0325365 0.0775318 0.145938 3.36584 0.35562 107.85 
-3.36687 0.629186 123365 1 1.4401 0.5125 664 0 2130 0.0327249 0.00584335 0.142594 2.63481 0.350002 107.413 
-5.10292 0.480119 123445 1 1.4401 0.5125 665 0 2132 0.0315445 0.0154045 0.139097 2.63576 0.367286 107.54 
-4.36636 0.786139 123525 1 1.45156 0.520192 666 0 2134 0.034983 0.0269126 0.136004 2.68521 0.376286 107.794 
-4.36636 0.786139 123525 1 1.45417 0.521154 667 0 2134 0.034983 0.0269126 0.136004 2.68521 0.376286 107.794 
-4.36636 0.786139 123525 1 1.28698 0.404808 668 0 2134 0.034983 0.0269126 0.136004 2.68521 0.376286 107.794 
1.37219 5.22635 123726 1 1.18333 0.358654 669 0 2139 0.0305494 0.0759619 0.136283 3.12963 0.240536 107.758 
0.281429 1.07212 123766 1 1.18333 0.364423 670 0 2140 0.026328 0.0910487 0.137098 3.32491 0.139868 107.721 
0.816361 3.06522 123845 1 1.18542 0.4 671 0 2142 0.0294108 0.0559969 0.124183 3.18136 0.0042306 107.562 
0.816361 3.06522 123845 1 1.10833 0.423077 672 0 2142 0.0294108 0.0559969 0.124183 3.18136 0.0042306 107.562 
0.816361 3.06522 123845 1 0.990104 0.425 673 0 2142 0.0294108 0.0559969 0.124183 3.18136 0.0042306 107.562 
0.407861 0.411888 124046 1 1.01302 0.483654 674 1 2147 0.0315434 0.0828553 0.100051 3.40402 -0.170097 108.772 
0.395049 0.368844 124128 1 1.01875 0.499038 675 1 2149 0.0301197 0.0743207 0.0856841 3.46852 -0.257851 108.918 
0.155132 0.160193 124168 1 1.04688 0.539423 676 1 2150 0.029026 0.0730281 0.0764247 3.58181 -0.250928 109.044 
0.155132 0.160193 124168 1 1.09063 0.725 677 1 2150 0.029026 0.0730281 0.0764247 3.58181 -0.250928 109.044 
0.152289 0.298069 124327 1 1.09063 0.825 678 1 2154 0.0323469 0.0118319 0.0683684 3.31889 -0.409189 108.032 
0.284548 0.400014 124407 1 1.07344 0.852885 679 1 2156 0.0346575 -0.0356909 0.0756056 2.90985 -0.414416 107.816 
0.256913 6.16645 124487 1 1.04688 0.838462 680 0 2158 0.0355201 -0.0567406 0.0804122 2.72312 -0.412807 107.914 
0.256913 6.16645 124487 1 1.00156 0.795192 681 0 2158 0.0355201 -0.0567406 0.0804122 2.72312 -0.412807 107.914 
0.256913 6.16645 124487 1 0.997396 0.715385 682 0 2158 0.0355201 -0.0567406 0.0804122 2.72312 -0.412807 107.914 
91.8298 222.761 124729 1 0.994792 0.509615 683 0 2164 0.0298819 -0.0871589 0.0746616 2.02347 -0.209116 108.898 
3.4526 11.4267 124767 1 1.03542 0.3875 684 0 2165 0.0282915 -0.073769 0.0691818 2.10516 -0.147655 108.862 
1.68727 6.87142 124808 1 1.17083 0.553846 685 0 2166 0.0282327 -0.0678591 0.0700508 2.10478 -0.169098 108.69 
1.60648 6.06731 124848 1 1.2099 0.709615 686 0 2167 0.0308927 -0.0653546 0.0695911 2.14572 -0.108943 108.439 
2.55233 8.86176 125010 1 1.14271 0.772115 687 0 2171 0.0266863 -0.0964821 0.0813489 1.84745 0.0361786 107.953 
2.178 8.56631 125048 1 0.897396 0.246154 688 0 2172 0.0255731 -0.100089 0.0841899 1.73165 0.0415012 107.719 
3.63323 12.228 125088 1 0.884375 0.0201923 689 0 2173 0.0249332 -0.0961488 0.0870967 1.70752 0.0388011 107.691 
3.63323 12.228 125088 1 0.958333 0.0711538 690 0 2173 0.0249332 -0.0961488 0.0870967 1.70752 0.0388011 107.691 
0.521773 4.83402 125128 1 1.11302 0.407692 691 0 2174 0.0231995 -0.0714091 0.090429 1.75857 0.0628673 107.796 
1.09809 5.0513 125329 1 1.19167 0.644231 692 0 2179 0.0244573 -0.0679964 0.0861209 1.76601 0.159361 107.354 
0.712737 4.72136 125410 1 1.08177 0.533654 693 0 2181 0.0228698 -0.0627523 0.0835718 1.79911 0.169396 107.257 
0.984842 4.46513 125449 1 0.829167 0.160577 694 0 2182 0.0236405 -0.0537372 0.0822034 1.87804 0.159351 107.319 
0.984842 4.46513 125449 1 0.707812 0 695 0 2182 0.0236405 -0.0537372 0.0822034 1.87804 0.159351 107.319 
0.275798 1.40482 125609 1 0.758333 0.100962 696 0 2186 0.029723 -0.0367053 0.0631529 1.94448 0.180084 106.294 
0.516613 1.80713 125690 1 1.14219 0.424038 697 0 2188 0.0295384 -0.0551734 0.0653209 1.78855 0.195008 105.521 
0.51589 7.99032 125730 1 1.13073 0.445192 698 0 2189 0.0295384 -0.0551734 0.0653209 1.78855 0.195008 105.521 
0.51589 7.99032 125730 1 0.834896 0.464423 699 0 2189 0.0295384 -0.0551734 0.0653209 1.78855 0.195008 105.521 
0.51589 7.99032 125730 1 0.5 0.5125 700 0 2189 0.0295384 -0.0551734 0.0653209 1.78855 0.195008 105.521 
3.64515 -1.11159 125930 1 0.384375 0.576923 701 0 2194 0.00832557 -0.120764 0.162085 1.35316 1.38541 105.458 
1.55324 9.11587 126010 1 0.386458 0.563462 702 0 2196 0.00911751 -0.126313 0.17429 1.20195 1.34521 105.042 
0.883808 6.55627 126091 1 0.386458 0.563462 703 0 2198 0.0140889 -0.122142 0.177842 1.17723 1.30999 105.165 
0.883808 6.55627 126091 1 0.386458 0.563462 704 0 2198 0.0140889 -0.122142 0.177842 1.17723 1.30999 105.165 
0.0959341 3.61862 126251 1 0.375521 0.555769 705 0 2202 0.0155847 -0.111633 0.169197 1.14678 1.3107 104.873 
-0.0143511 3.63084 126331 1 0.274479 0.479808 706 0 2204 0.0182272 -0.094602 0.165234 1.28729 1.25203 104.456 
0.131579 3.57243 126371 1 0.197917 0.422115 707 0 2205 0.0187059 -0.0904579 0.153426 1.45518 1.31373 104.866 
4.21168 1.04307 126411 1 0.170833 0.375962 708 0 2206 0.0184979 -0.105999 0.163225 1.36079 1.22863 104.619 
4.21168 1.04307 126411 1 0.121875 0.317308 709 0 2206 0.0184979 -0.105999 0.163225 1.36079 1.22863 104.619 
0.571721 5.33203 126572 1 0.132292 0.296154 710 0 2210 0.0206701 -0.114226 0.187383 1.39257 1.55142 104.973 
0.824094 7.84698 126652 1 0.141146 0.285577 711 0 2212 0.0193873 -0.12171 0.197585 1.48009 1.6473 105.308 
0.871532 5.44774 126731 1 0.144792 0.315385 712 0 2214 0.0186249 -0.122233 0.191353 1.40375 1.72709 104.897 
0.871532 5.44774 126731 1 0.148438 0.354808 713 0 2214 0.0186249 -0.122233 0.191353 1.40375 1.72709 104.897 
0.871532 5.44774 126731 1 0.148438 0.353846 714 0 2214 0.0186249 -0.122233 0.191353 1.40375 1.72709 104.897 
0.309334 2.9134 126933 1 0.148438 0.345192 715 0 2219 0.0224169 -0.132698 0.164265 1.16958 1.31003 102.403 
-0.704825 1.82792 126974 1 0.148438 0.342308 716 0 2220 0.0242319 -0.116538 0.169346 1.1807 1.06211 100.831 
