ImageFile:
-0.14763 -0.619566 59526 1 0.103125 0.132692 1 0 619 -0.00665231 0.0118215 0.0503704 3.03424 -4.35678 107.786 
-0.221141 -0.642899 59807 1 0.319271 0.197115 2 0 626 -0.00771854 0.0114141 0.0511987 3.00897 -4.35237 107.825 
-0.178273 -0.649411 59927 1 0.669792 0.241346 3 0 629 -0.0068972 0.0176619 0.0509622 3.05281 -4.36699 107.76 
-0.178273 -0.649411 59927 1 0.747396 0.25 4 0 629 -0.0068972 0.0176619 0.0509622 3.05281 -4.36699 107.76 
-0.170651 -0.62538 60048 1 0.699479 0.239423 5 0 632 -0.00784322 0.0147914 0.0504165 3.02544 -4.36153 107.853 
-0.170651 -0.62538 60048 1 0.699479 0.239423 6 0 632 -0.00784322 0.0147914 0.0504165 3.02544 -4.36153 107.853 
0.0789437 -0.282558 60168 1 0.699479 0.239423 7 0 635 -0.0105234 0.00791069 0.0416048 2.94 -4.24359 107.754 
0.0789437 -0.282558 60168 1 0.704167 0.236538 8 0 635 -0.0105234 0.00791069 0.0416048 2.94 -4.24359 107.754 
0.0317894 -0.226925 60287 1 0.766667 0.208654 9 0 638 -0.0077876 0.0143701 0.0518261 3.01048 -4.34885 107.918 
0.0317894 -0.226925 60287 1 0.853125 0.126923 10 0 638 -0.0077876 0.0143701 0.0518261 3.01048 -4.34885 107.918 
0.378582 -0.324795 60568 1 0.879167 0.103846 11 0 645 -0.00440887 0.0308852 0.0590067 3.11195 -4.39926 107.987 
0.364539 -0.315107 60647 1 0.886458 0.0971154 12 0 647 -0.00536792 0.0316507 0.0612225 3.11122 -4.41114 107.949 
0.341666 -0.337318 60728 1 0.888542 0.0913462 13 0 649 -0.00552873 0.0270837 0.0587176 3.07788 -4.40043 107.995 
0.347605 -0.357818 60808 1 0.869792 0.124038 14 0 651 -0.0058713 0.0271519 0.0564581 3.07547 -4.38505 107.993 
0.625013 -0.372206 60889 1 0.868229 0.126923 15 0 653 -0.00547982 0.0287971 0.0611551 3.09053 -4.41804 107.986 
0.625013 -0.372206 60889 1 0.868229 0.126923 16 0 653 -0.00547982 0.0287971 0.0611551 3.09053 -4.41804 107.986 
1.14384 -0.662479 61171 1 0.868229 0.126923 17 0 660 -0.00462754 0.0280835 0.0581695 3.08217 -4.39401 107.984 
1.13966 -0.627745 61208 1 0.852604 0.144231 18 0 661 -0.00547754 0.0287358 0.0627887 3.08726 -4.43305 107.979 
1.13966 -0.627745 61208 1 0.846354 0.15 19 0 661 -0.00547754 0.0287358 0.0627887 3.08726 -4.43305 107.979 
1.1603 -0.632575 61412 1 0.741667 0.270192 20 0 666 -0.00511125 0.0294372 0.0618891 3.12824 -4.38706 107.398 
0.872532 -0.609843 61449 1 0.55625 0.601923 21 0 667 -0.00448445 0.0295051 0.0629 3.14107 -4.39963 107.392 
0.42704 -0.568141 61529 1 0.430208 0.802885 22 0 669 -0.00254302 0.0264546 0.0645366 3.14298 -4.42244 107.428 
0.42704 -0.568141 61529 1 0.372917 0.8625 23 0 669 -0.00254302 0.0264546 0.0645366 3.14298 -4.42244 107.428 
0.60134 0.200509 61690 1 0.345313 0.825 24 1 673 -0.00218492 0.0306065 0.0626287 3.18009 -4.41015 107.371 
0.621624 0.186508 61770 1 0.345313 0.825 25 1 675 -0.00228951 0.0318194 0.0644413 3.18702 -4.40914 107.505 
0.607807 0.167683 61852 1 0.345313 0.825 26 1 677 -0.00328389 0.0319079 0.0647203 3.19101 -4.39505 107.49 
0.607807 0.167683 61852 1 0.353125 0.834615 27 1 677 -0.00328389 0.0319079 0.0647203 3.19101 -4.39505 107.49 
0.516063 -0.0290517 61970 1 0.243229 0.941346 28 1 680 -0.00547583 0.0250283 0.062806 3.12953 -4.378 108.095 
0.463518 0.781212 62091 1 0.189583 0.975962 29 1 683 -0.00471898 0.0311067 0.0604588 3.19741 -4.3322 108.142 
0.388088 0.0580373 62172 1 0.188542 0.975962 30 1 685 -0.00476637 0.0286943 0.060818 3.16838 -4.3419 108.044 
0.410623 -0.0582802 62211 1 0.16875 0.971154 31 1 686 -0.0053503 0.0299263 0.0585468 3.16683 -4.33293 108.147 
-0.215982 -0.296682 62291 1 0.146875 0.968269 32 0 688 -0.00552247 0.0291869 0.0578665 3.15673 -4.33844 108.315 
-0.256772 -0.433828 62372 1 0.119271 0.9625 33 0 690 -0.00356538 0.026178 0.0562457 3.1353 -4.32325 108.481 
-0.257401 -0.46061 62412 1 0.0932292 0.960577 34 0 691 -0.00384724 0.0281041 0.0537643 3.14889 -4.30346 108.469 
-0.321364 -0.595673 62491 1 0.0854167 0.969231 35 0 693 -0.00322847 0.0249103 0.0540637 3.11669 -4.30768 108.349 
-0.315942 -0.5935 62573 1 0.0822917 0.973077 36 0 695 -0.00460789 0.0246047 0.0545509 3.1084 -4.30211 108.351 
-0.336448 -0.609576 62611 1 0.0791667 0.975 37 0 696 -0.00535215 0.0274513 0.0524252 3.12108 -4.28273 108.322 
-0.29747 -0.60703 62652 1 0.0755208 0.976923 38 0 697 -0.00582157 0.0270988 0.0538766 3.11599 -4.29611 108.364 
-0.29747 -0.60703 62652 1 0.0703125 0.976923 39 0 697 -0.00582157 0.0270988 0.0538766 3.11599 -4.29611 108.364 
-0.304008 -0.411395 62812 1 0.0666667 0.976923 40 0 701 -0.0053652 0.0274676 0.0693618 3.12074 -4.48917 108.111 
-0.300862 -0.503156 62892 1 0.065625 0.976923 41 0 703 -0.00417507 0.0248067 0.0566444 3.10551 -4.42155 108.214 
-0.320715 -0.589536 62972 1 0.065625 0.976923 42 0 705 -0.00453186 0.0218084 0.0500198 3.09429 -4.38305 108.373 
-0.320715 -0.589536 62972 1 0.065625 0.976923 43 0 705 -0.00453186 0.0218084 0.0500198 3.09429 -4.38305 108.373 
-0.320715 -0.589536 62972 1 0.065625 0.976923 44 0 705 -0.00453186 0.0218084 0.0500198 3.09429 -4.38305 108.373 
-0.321106 -0.43326 63173 1 0.065625 0.976923 45 0 710 -0.00464508 0.0188769 0.059036 3.07409 -4.54984 108.296 
-0.330413 -0.415819 63213 1 0.065625 0.976923 46 0 711 -0.00579528 0.0173116 0.062979 3.07241 -4.5987 108.328 
-0.349397 -0.386469 63293 1 0.065625 0.976923 47 0 713 -0.00351192 0.0112671 0.0678186 3.04578 -4.67412 108.478 
-0.349397 -0.386469 63293 1 0.065625 0.976923 48 0 713 -0.00351192 0.0112671 0.0678186 3.04578 -4.67412 108.478 
-0.365343 -0.457472 63333 1 0.065625 0.976923 49 0 714 -0.00255244 0.00953334 0.0560281 3.04494 -4.59198 108.561 
-0.408099 -0.611117 63494 1 0.065625 0.976923 50 0 718 -0.00481727 0.00627957 0.044363 2.99897 -4.53525 108.895 
-0.39521 -0.607269 63534 1 0.065625 0.976923 51 0 719 -0.00751716 0.00734144 0.0453677 3.00018 -4.54052 108.851 
-0.460695 -0.675083 63613 1 0.065625 0.976923 52 0 721 -0.00864617 0.00565506 0.0434089 2.97129 -4.51194 108.902 
-0.460695 -0.675083 63613 1 0.065625 0.976923 53 0 721 -0.00864617 0.00565506 0.0434089 2.97129 -4.51194 108.902 
-0.40274 -0.593541 63774 1 0.065625 0.976923 54 0 725 -0.00694521 0.00626487 0.0497204 2.98616 -4.54531 108.64 
-0.428425 -0.542556 63814 1 0.065625 0.976923 55 0 726 -0.00844414 0.00580899 0.0540576 2.98365 -4.57215 108.613 
-0.375556 -0.430349 63895 1 0.065625 0.976923 56 0 728 -0.0063495 0.00846222 0.0616867 3.01305 -4.62005 108.52 
-0.364284 -0.473272 63934 1 0.065625 0.976923 57 0 729 -0.00560868 0.00802536 0.0569222 3.01596 -4.57738 108.548 
-0.364284 -0.473272 63934 1 0.065625 0.976923 58 0 729 -0.00560868 0.00802536 0.0569222 3.01596 -4.57738 108.548 
-0.395955 -0.538372 64094 1 0.065625 0.976923 59 0 733 -0.00334196 0.00285326 0.0491247 2.99273 -4.53795 108.672 
-0.429864 -0.579668 64175 1 0.065625 0.976923 60 0 735 -0.0062078 0.0024974 0.0418913 2.99573 -4.48509 108.673 
-0.388311 -0.524069 64255 1 0.065625 0.976923 61 0 737 -0.00569734 0.00377075 0.0474668 3.00933 -4.51691 108.618 
-0.388311 -0.524069 64255 1 0.065625 0.976923 62 0 737 -0.00569734 0.00377075 0.0474668 3.00933 -4.51691 108.618 
-0.414497 -0.55553 64377 1 0.065625 0.976923 63 0 740 -0.00685501 0.00361338 0.0502491 3.0011 -4.52562 108.727 
-0.34686 -0.428455 64455 1 0.065625 0.976923 64 0 742 -0.00495356 0.0110545 0.0576639 3.05112 -4.59251 108.564 
-0.319216 -0.426674 64536 1 0.065625 0.976923 65 0 744 -0.00718944 0.0133142 0.0566322 3.06389 -4.57889 108.611 
-0.341276 -0.499801 64575 1 0.065625 0.976923 66 0 745 -0.00843165 0.00998819 0.0534568 3.02993 -4.55184 108.659 
-0.341276 -0.499801 64575 1 0.065625 0.976923 67 0 745 -0.00843165 0.00998819 0.0534568 3.02993 -4.55184 108.659 
-0.450299 -0.686325 64736 1 0.065625 0.976923 68 0 749 -0.0166523 0.00328659 0.0426264 2.95556 -4.45046 108.755 
-0.455378 -0.716668 64816 1 0.065625 0.975962 69 0 751 -0.0157401 0.00460706 0.0366621 2.96991 -4.41879 108.778 
-0.441707 -0.710097 64856 1 0.065625 0.975962 70 0 752 -0.013754 0.00371682 0.0399234 2.97322 -4.4649 108.724 
-0.420024 -0.574766 64896 1 0.065625 0.975962 71 0 753 -0.0132784 0.00517073 0.0430575 2.98526 -4.518 108.457 
-0.420024 -0.574766 64896 1 0.065625 0.975962 72 0 753 -0.0132784 0.00517073 0.0430575 2.98526 -4.518 108.457 
-0.394192 -0.588574 65057 1 0.0708333 0.975962 73 0 757 -0.0135904 0.00651177 0.0387205 3.00895 -4.5148 108.383 
-0.397567 -0.569333 65136 1 0.103646 0.967308 74 0 759 -0.0130245 0.00673899 0.0380758 3.02471 -4.49435 108.368 
-0.408861 -0.632149 65217 1 0.361979 0.885577 75 0 761 -0.0125438 0.00513894 0.0352115 3.02051 -4.46938 108.387 
-0.408861 -0.632149 65217 1 0.505208 0.859615 76 0 761 -0.0125438 0.00513894 0.0352115 3.02051 -4.46938 108.387 
-0.37906 -0.610119 65257 1 0.626563 0.8625 77 0 762 -0.0120036 0.00542789 0.03523 3.02499 -4.46263 108.403 
-0.37906 -0.610119 65257 1 0.841146 0.9 78 0 762 -0.0120036 0.00542789 0.03523 3.02499 -4.46263 108.403 
-0.345064 -0.367287 65378 1 1.17552 0.928846 79 0 765 -0.0127737 0.00444186 0.0447391 3.01143 -4.54261 108.071 
-0.345064 -0.367287 65378 1 1.42604 0.933654 80 0 765 -0.0127737 0.00444186 0.0447391 3.01143 -4.54261 108.071 
-0.335226 -0.356729 65496 1 1.42708 0.934615 81 0 768 -0.0107607 0.00365043 0.0444021 3.0235 -4.53499 108.001 
-0.335226 -0.356729 65496 1 1.42708 0.934615 82 0 768 -0.0107607 0.00365043 0.0444021 3.0235 -4.53499 108.001 
-0.37626 -0.380303 65617 1 1.42708 0.934615 83 0 771 -0.0110328 0.00505111 0.0441187 3.03424 -4.53166 108.032 
-0.325761 -0.336849 65738 1 1.43333 0.907692 84 0 774 -0.0116446 0.00410807 0.0462807 3.02018 -4.54162 107.978 
-0.325761 -0.336849 65738 1 1.5401 0.867308 85 0 774 -0.0116446 0.00410807 0.0462807 3.02018 -4.54162 107.978 
-0.370747 -0.436928 65857 1 1.76198 0.779808 86 0 777 -0.0117276 0.00414607 0.0394308 3.01772 -4.47617 108.071 
-0.370747 -0.436928 65857 1 1.97188 0.730769 87 0 777 -0.0117276 0.00414607 0.0394308 3.01772 -4.47617 108.071 
-0.0187047 -0.63686 65978 1 1.99948 0.730769 88 0 780 -0.0125086 -0.00717345 0.0339523 2.92432 -4.40065 108.246 
-0.0187047 -0.63686 65978 1 1.97188 0.750962 89 0 780 -0.0125086 -0.00717345 0.0339523 2.92432 -4.40065 108.246 
-0.0151028 -0.625159 66098 1 1.89479 0.784615 90 0 783 -0.0139123 0.00527642 0.0372866 2.97299 -4.41766 108.375 
-0.425683 -0.651557 66220 1 1.88906 0.778846 91 0 786 -0.0144433 -0.00507747 0.0219142 2.84858 -4.26771 108.217 
-0.425683 -0.651557 66220 1 1.90208 0.821154 92 0 786 -0.0144433 -0.00507747 0.0219142 2.84858 -4.26771 108.217 
-0.394681 -0.629694 66338 1 1.90781 0.930769 93 0 789 -0.0133421 0.00450151 0.026494 2.93358 -4.30794 108.272 
-0.394681 -0.629694 66338 1 1.81354 0.880769 94 0 789 -0.0133421 0.00450151 0.026494 2.93358 -4.30794 108.272 
-0.34245 -0.546 66460 1 1.79271 0.746154 95 0 792 -0.0142759 0.00968588 0.035554 2.98907 -4.39145 108.365 
-0.34245 -0.546 66460 1 1.82135 0.6125 96 0 792 -0.0142759 0.00968588 0.035554 2.98907 -4.39145 108.365 
-0.297515 -0.461659 66579 1 1.82865 0.593269 97 0 795 -0.0138073 0.00918893 0.0473483 2.9979 -4.46682 108.317 
-0.354972 -0.49731 66699 1 1.78385 0.647115 98 0 798 -0.0165576 0.00288633 0.04456 2.90755 -4.40963 107.952 
-0.354972 -0.49731 66699 1 1.78385 0.647115 99 0 798 -0.0165576 0.00288633 0.04456 2.90755 -4.40963 107.952 
-0.281548 -0.421316 66822 1 1.78385 0.647115 100 0 801 -0.0169667 0.0102444 0.0521012 2.98077 -4.47937 108.092 
-0.281548 -0.421316 66822 1 1.78698 0.641346 101 0 801 -0.0169667 0.0102444 0.0521012 2.98077 -4.47937 108.092 
-0.241398 -0.352576 66940 1 1.83333 0.576923 102 0 804 -0.0160964 0.00985628 0.0505978 2.97787 -4.47854 108.061 
-0.39977 -0.537961 67061 1 1.89375 0.526923 103 0 807 -0.0172551 -0.00410325 0.0365239 2.81766 -4.34154 107.811 
-0.39977 -0.537961 67061 1 1.91458 0.489423 104 0 807 -0.0172551 -0.00410325 0.0365239 2.81766 -4.34154 107.811 
0.338705 -0.618779 67180 1 1.91771 0.476923 105 0 810 -0.0253691 0.00831703 0.0404859 2.93781 -4.37535 108.455 
0.338705 -0.618779 67180 1 1.91771 0.469231 106 0 810 -0.0253691 0.00831703 0.0404859 2.93781 -4.37535 108.455 
1.20995 -0.20238 67341 1 1.91667 0.468269 107 0 814 -0.0171289 0.0219946 0.0672839 3.00127 -4.63915 108.022 
1.20995 -0.20238 67341 1 1.91354 0.463462 108 0 814 -0.0171289 0.0219946 0.0672839 3.00127 -4.63915 108.022 
1.20435 -0.291109 67461 1 1.90833 0.45 109 0 817 -0.0136499 0.0366017 0.0728244 3.08629 -4.67284 108.088 
1.20435 -0.291109 67461 1 1.90677 0.448077 110 0 817 -0.0136499 0.0366017 0.0728244 3.08629 -4.67284 108.088 
1.18778 -0.275653 67581 1 1.90677 0.448077 111 0 820 -0.0174347 0.0309348 0.0705058 3.05141 -4.64313 108.016 
1.18778 -0.275653 67581 1 1.90677 0.448077 112 0 820 -0.0174347 0.0309348 0.0705058 3.05141 -4.64313 108.016 
1.20085 -0.331808 67702 1 1.90677 0.448077 113 0 823 -0.0157346 0.0342078 0.0715652 3.08475 -4.67311 108.311 
1.20085 -0.331808 67702 1 1.90677 0.448077 114 0 823 -0.0157346 0.0342078 0.0715652 3.08475 -4.67311 108.311 
1.19304 -0.425713 67861 1 1.90677 0.448077 115 0 827 -0.0185434 0.0288882 0.0586167 3.04095 -4.56269 108.242 
1.19304 -0.425713 67861 1 1.90677 0.448077 116 0 827 -0.0185434 0.0288882 0.0586167 3.04095 -4.56269 108.242 
1.23174 -0.482896 68022 1 1.90677 0.448077 117 0 831 -0.0156637 0.0365477 0.0555754 3.11634 -4.53383 108.345 
1.23174 -0.482896 68022 1 1.90677 0.448077 118 0 831 -0.0156637 0.0365477 0.0555754 3.11634 -4.53383 108.345 
1.16979 -0.240192 68142 1 1.90677 0.448077 119 0 834 -0.0167135 0.0308654 0.0665077 3.06957 -4.61978 107.938 
1.18178 -0.314403 68263 1 1.90677 0.448077 120 0 837 -0.0193307 0.028975 0.0636322 3.06252 -4.59331 108.112 
1.18178 -0.314403 68263 1 1.90677 0.448077 121 0 837 -0.0193307 0.028975 0.0636322 3.06252 -4.59331 108.112 
1.11235 -0.234424 68383 1 1.90677 0.448077 122 0 840 -0.0200949 0.0269067 0.0733174 3.03754 -4.6733 107.999 
1.11235 -0.234424 68383 1 1.90677 0.448077 123 0 840 -0.0200949 0.0269067 0.0733174 3.03754 -4.6733 107.999 
1.27574 -0.456236 68623 1 1.90677 0.448077 124 0 846 -0.0125804 0.0238863 0.0556631 3.08078 -4.50469 108.282 
1.27599 -0.444846 68703 1 1.90677 0.448077 125 0 848 -0.0128341 0.0196893 0.0548728 3.05257 -4.48097 108.236 
1.24581 -0.41498 68784 1 1.90677 0.448077 126 0 850 -0.010765 0.0170938 0.0556663 3.04126 -4.48065 108.253 
1.24581 -0.41498 68784 1 1.90677 0.448077 127 0 850 -0.010765 0.0170938 0.0556663 3.04126 -4.48065 108.253 
1.24394 -0.39772 68903 1 1.90677 0.448077 128 0 853 -0.0123381 0.0193336 0.0561963 3.06231 -4.50618 108.206 
1.23911 -0.409321 68983 1 1.90677 0.448077 129 0 855 -0.0133525 0.0181927 0.0553019 3.05277 -4.50187 108.203 
1.11234 -0.341601 69066 1 1.90677 0.448077 130 0 857 -0.0128708 0.0164651 0.0548609 3.03862 -4.50482 108.218 
0.366396 -0.0584259 69104 1 1.90677 0.448077 131 1 858 -0.0134752 0.0169654 0.0561489 3.04033 -4.51567 108.162 
0.366396 -0.0584259 69104 1 1.90677 0.448077 132 1 858 -0.0134752 0.0169654 0.0561489 3.04033 -4.51567 108.162 
-0.203834 0.161079 69264 1 1.90677 0.448077 133 0 862 -0.0136595 0.0164331 0.0576821 3.03955 -4.50555 108.16 
-0.250503 0.145946 69304 1 1.90677 0.448077 134 0 863 -0.0126282 0.0152821 0.0590775 3.03695 -4.5189 108.249 
-0.287619 0.166614 69384 1 1.90677 0.448077 135 0 865 -0.0119631 0.0141876 0.0587354 3.03219 -4.51157 108.238 
-0.25404 0.158267 69425 1 1.90677 0.448077 136 0 866 -0.0121213 0.0150343 0.0607973 3.0361 -4.53674 108.298 
-0.25404 0.158267 69425 1 1.90677 0.448077 137 0 866 -0.0121213 0.0150343 0.0607973 3.0361 -4.53674 108.298 
-0.246845 0.128066 69586 1 1.90677 0.448077 138 0 870 -0.0150734 0.0200228 0.0544105 3.03879 -4.48471 108.273 
-0.241647 0.173134 69665 1 1.90677 0.448077 139 0 872 -0.0144361 0.0199034 0.0597738 3.04536 -4.53162 108.246 
-0.243336 0.157456 69746 1 1.90677 0.448077 140 0 874 -0.0124698 0.0201392 0.0585663 3.04879 -4.52424 108.246 
-0.243336 0.157456 69746 1 1.90677 0.448077 141 0 874 -0.0124698 0.0201392 0.0585663 3.04879 -4.52424 108.246 
-0.2117 0.189448 69785 1 1.90677 0.448077 142 0 875 -0.0131204 0.0210174 0.0587262 3.06185 -4.53081 108.263 
-0.184292 0.199633 69948 1 1.90677 0.448077 143 1 879 -0.0114373 0.0229281 0.0582587 3.08613 -4.53603 108.291 
-0.201758 0.170815 69985 1 1.90677 0.448077 144 0 880 -0.0120384 0.0207984 0.0584331 3.0654 -4.5357 108.303 
-0.188687 0.179294 70065 1 1.90677 0.448077 145 1 882 -0.0130301 0.0271946 0.0584988 3.09943 -4.54244 108.324 
-0.188687 0.179294 70065 1 1.90677 0.448077 146 1 882 -0.0130301 0.0271946 0.0584988 3.09943 -4.54244 108.324 
-0.203205 0.15697 70186 1 1.90677 0.448077 147 0 885 -0.0129119 0.022988 0.0562623 3.0655 -4.5203 108.338 
-0.188054 0.186574 70267 1 1.90677 0.448077 148 1 887 -0.0119845 0.0248837 0.0577462 3.08754 -4.54125 108.361 
-0.215319 0.170674 70346 1 1.90677 0.448077 149 0 889 -0.0120339 0.0237264 0.0560787 3.07634 -4.53575 108.282 
-0.207543 0.181888 70386 1 1.90677 0.448077 150 0 890 -0.0120445 0.0248665 0.0574505 3.0882 -4.54868 108.309 
-0.207543 0.181888 70386 1 1.90677 0.448077 151 0 890 -0.0120445 0.0248665 0.0574505 3.0882 -4.54868 108.309 
-0.194139 0.193574 70547 1 1.90677 0.448077 152 1 894 -0.0120799 0.0249086 0.0577597 3.08386 -4.53961 108.288 
-0.204872 0.170682 70587 1 1.90677 0.448077 153 0 895 -0.0117154 0.0273884 0.0589969 3.10399 -4.55912 108.318 
-0.192078 0.143923 70667 1 1.90677 0.448077 154 1 897 -0.0127301 0.0274252 0.0564359 3.09815 -4.53876 108.338 
-0.208972 0.138327 70706 1 1.90677 0.448077 155 0 898 -0.0125111 0.0274394 0.0558146 3.09514 -4.53284 108.331 
-0.208972 0.138327 70706 1 1.90677 0.448077 156 0 898 -0.0125111 0.0274394 0.0558146 3.09514 -4.53284 108.331 
-0.201659 0.124859 70867 1 1.90677 0.448077 157 0 902 -0.0122026 0.0287316 0.0557867 3.09903 -4.53676 108.356 
-0.199795 0.127406 70948 1 1.90677 0.448077 158 1 904 -0.0117002 0.0294658 0.0551047 3.10744 -4.5326 108.33 
-0.212025 0.116934 70988 1 1.91198 0.448077 159 0 905 -0.0124106 0.0254074 0.054284 3.07747 -4.52556 108.298 
-0.111233 0.139845 71028 1 1.93594 0.45 160 1 906 -0.0117834 0.0251807 0.0547709 3.07744 -4.53047 108.348 
-0.111233 0.139845 71028 1 1.95208 0.450962 161 1 906 -0.0117834 0.0251807 0.0547709 3.07744 -4.53047 108.348 
1.15164 0.146497 71188 1 1.9599 0.451923 162 1 910 -0.012982 0.0253984 0.0526851 3.07359 -4.52034 108.348 
1.23842 0.0933215 71268 1 1.9599 0.451923 163 0 912 -0.0125016 0.0270988 0.0513356 3.09238 -4.50992 108.358 
1.24289 0.100946 71349 1 1.95313 0.452885 164 0 914 -0.0126437 0.0272822 0.0554524 3.10855 -4.53569 108.44 
1.17989 0.113431 71388 1 1.94792 0.453846 165 1 915 -0.0117202 0.0235877 0.0561631 3.08222 -4.53664 108.421 
1.19297 0.120032 71469 1 1.94792 0.453846 166 1 917 -0.0115138 0.023098 0.0542712 3.09047 -4.5234 108.349 
1.19083 0.097709 71549 1 1.94792 0.453846 167 1 919 -0.00940694 0.0219714 0.0534236 3.08657 -4.5312 108.339 
1.19854 0.0710252 71589 1 1.94792 0.453846 168 1 920 -0.00959302 0.0222299 0.051381 3.09048 -4.51858 108.333 
1.19764 0.181118 71669 1 1.94792 0.453846 169 1 922 -0.0100571 0.0211678 0.0582079 3.09029 -4.56538 108.224 
1.20038 0.130403 71750 1 1.94792 0.453846 170 0 924 -0.00972265 0.0225506 0.0555899 3.10145 -4.54722 108.275 
1.18985 0.113137 71789 1 1.94792 0.453846 171 1 925 -0.0109142 0.0217525 0.0512831 3.09371 -4.51469 108.307 
1.20341 0.107005 71872 1 1.94792 0.453846 172 0 927 -0.00929065 0.0212205 0.0526732 3.09566 -4.53598 108.298 
1.18189 0.106448 71949 1 1.94792 0.453846 173 1 929 -0.00973703 0.0199304 0.0522652 3.08665 -4.5286 108.287 
1.18725 0.111873 71989 1 1.94792 0.453846 174 1 930 -0.00983945 0.0198856 0.0503372 3.0905 -4.52381 108.316 
1.15824 0.110985 72070 1 1.94792 0.453846 175 1 932 -0.0127607 0.0178733 0.0509819 3.0661 -4.54795 108.229 
1.14284 0.126644 72151 1 1.9224 0.470192 176 1 934 -0.0137353 0.0167603 0.0549868 3.06253 -4.58948 108.215 
1.16361 0.118852 72189 1 1.89635 0.518269 177 1 935 -0.0120538 0.0182433 0.0518484 3.08278 -4.55882 108.18 
1.16525 0.12069 72270 1 1.89635 0.524038 178 1 937 -0.0112046 0.0170889 0.0520108 3.08957 -4.55084 108.213 
1.14187 0.131729 72351 1 1.89635 0.524038 179 1 939 -0.0107512 0.0163493 0.0564924 3.08206 -4.58833 108.173 
1.15018 0.0990965 72390 1 1.89635 0.524038 180 1 940 -0.0110902 0.0157135 0.0521058 3.07237 -4.55066 108.169 
1.15603 0.0577552 72470 1 1.89635 0.524038 181 1 942 -0.0103667 0.0189094 0.0489085 3.08041 -4.52035 108.256 
1.14288 0.0859674 72551 1 1.89844 0.535577 182 1 944 -0.0119271 0.0169375 0.0474936 3.04777 -4.50165 108.303 
1.17241 0.0624137 72631 1 1.89844 0.535577 183 1 946 -0.012682 0.0214313 0.0467056 3.06254 -4.48614 108.369 
1.19246 0.072623 72670 1 1.89896 0.532692 184 1 947 -0.0122383 0.0241147 0.049531 3.07806 -4.50583 108.352 
1.18935 0.112727 72751 1 1.89896 0.530769 185 1 949 -0.0124568 0.0221986 0.0516205 3.07053 -4.50622 108.368 
1.19502 0.109002 72832 1 1.89896 0.530769 186 1 951 -0.0118369 0.021505 0.0496273 3.06458 -4.50856 108.354 
1.18843 0.110567 72871 1 1.89896 0.530769 187 1 952 -0.0107115 0.0210726 0.050965 3.06063 -4.52576 108.35 
1.20189 0.101811 72951 1 1.89896 0.530769 188 0 954 -0.0119139 0.0223177 0.0495941 3.07326 -4.50903 108.381 
0.839392 -0.0416237 73031 1 1.89896 0.530769 189 1 956 -0.0122957 0.0233857 0.0460644 3.06993 -4.49368 108.41 
0.484715 -0.131656 73071 1 1.89896 0.530769 190 1 957 -0.0131162 0.0237203 0.0481331 3.08083 -4.50142 108.472 
0.517948 -0.119307 73152 1 1.89896 0.530769 191 1 959 -0.00942707 0.0213341 0.0474953 3.06777 -4.50518 108.455 
0.476508 -0.152838 73233 1 1.89896 0.530769 192 1 961 -0.0101048 0.0198732 0.044478 3.0556 -4.47256 108.444 
0.471025 -0.142818 73272 1 1.89896 0.530769 193 1 962 -0.0105127 0.0207324 0.044579 3.06059 -4.47501 108.476 
0.491294 -0.166319 73352 1 1.89896 0.530769 194 1 964 -0.0105491 0.0200046 0.0435044 3.05925 -4.47886 108.487 
0.501053 -0.137645 73433 1 1.89896 0.530769 195 1 966 -0.0104071 0.0193572 0.0449326 3.05418 -4.48075 108.49 
0.495854 -0.164459 73472 1 1.89896 0.530769 196 1 967 -0.0103237 0.0187109 0.0420808 3.05119 -4.46416 108.545 
0.494705 -0.148059 73554 1 1.89896 0.530769 197 1 969 -0.00867952 0.0179213 0.0443353 3.04179 -4.48063 108.411 
0.506189 -0.177771 73633 1 1.89427 0.526923 198 1 971 -0.00931474 0.0173539 0.0414107 3.04484 -4.46258 108.522 
0.490473 -0.135633 73673 1 1.8651 0.496154 199 1 972 -0.00944865 0.0168623 0.0442683 3.04156 -4.48722 108.473 
0.503764 -0.169337 73752 1 1.85417 0.473077 200 1 974 -0.0100502 0.018838 0.0441138 3.0548 -4.47582 108.469 
0.48586 -0.136823 73833 1 1.84948 0.45 201 1 976 -0.0116186 0.0182484 0.0437752 3.045 -4.4815 108.39 
0.474076 -0.106666 73873 1 1.84583 0.442308 202 1 977 -0.0116591 0.0179857 0.0453116 3.03905 -4.48885 108.374 
0.487338 -0.120028 73953 1 1.83125 0.442308 203 1 979 -0.0106745 0.0176528 0.0469122 3.05112 -4.50057 108.351 
0.478709 -0.103145 74035 1 1.80938 0.442308 204 1 981 -0.0103952 0.0167266 0.0481548 3.05062 -4.50923 108.316 
0.490748 -0.108075 74113 1 1.78802 0.443269 205 1 983 -0.00918515 0.0161883 0.0484455 3.05224 -4.51522 108.313 
0.485491 -0.110865 74153 1 1.78646 0.443269 206 1 984 -0.0104356 0.0159932 0.0469634 3.04799 -4.50782 108.273 
0.485491 -0.110865 74153 1 1.78646 0.443269 207 1 984 -0.0104356 0.0159932 0.0469634 3.04799 -4.50782 108.273 
0.502862 -0.115188 74354 1 1.78646 0.443269 208 1 989 -0.00889725 0.016018 0.0497343 3.05606 -4.52037 108.288 
0.471299 -0.130419 74433 1 1.78646 0.443269 209 1 991 -0.00827586 0.0139639 0.0478079 3.04698 -4.5032 108.273 
0.460336 -0.102568 74514 1 1.78646 0.443269 210 1 993 -0.00892551 0.014069 0.0467871 3.05347 -4.50209 108.275 
0.461748 -0.0700026 74594 1 1.78646 0.443269 211 1 995 -0.00993824 0.0136875 0.050079 3.05506 -4.52763 108.205 
0.480355 -0.0306261 74675 1 1.79115 0.463462 212 1 997 -0.00899956 0.0137828 0.0544343 3.06234 -4.55436 108.186 
0.479204 -0.0358005 74715 1 1.79271 0.467308 213 1 998 -0.00837084 0.0143051 0.0511298 3.07286 -4.52196 108.176 
0.473205 -0.0116225 74795 1 1.79271 0.467308 214 1 1000 -0.00880466 0.0118592 0.0542741 3.0524 -4.55352 108.156 
0.493336 -0.0464035 74874 1 1.79271 0.467308 215 1 1002 -0.00830027 0.0145407 0.0501861 3.07459 -4.51404 108.168 
0.539904 -0.0187711 74955 1 1.79271 0.467308 216 1 1004 -0.00647749 0.0178927 0.0450524 3.10852 -4.46992 107.939 
0.553004 0.0559166 75035 1 1.79271 0.467308 217 1 1006 -0.00616173 0.0199461 0.0504923 3.12352 -4.51312 107.829 
0.53208 0.0345754 75116 1 1.79271 0.467308 218 1 1008 -0.00649836 0.0143765 0.048909 3.08498 -4.50568 107.855 
0.348765 -0.0287038 75156 1 1.79271 0.467308 219 1 1009 -0.00580575 0.0145371 0.0463399 3.09199 -4.48096 107.871 
0.233489 -0.13053 75235 1 1.79271 0.467308 220 1 1011 -0.00602748 0.0124779 0.0433947 3.07707 -4.46468 107.906 
0.237048 -0.156782 75316 1 1.79271 0.467308 221 1 1013 -0.0066441 0.0135352 0.0387008 3.08344 -4.42382 107.878 
0.263582 -0.138765 75356 1 1.79271 0.467308 222 1 1014 -0.00756925 0.0174313 0.0422015 3.11248 -4.45864 107.963 
0.176531 -0.159064 75436 1 1.79271 0.467308 223 1 1016 -0.00922735 0.0155604 0.0431219 3.0868 -4.4641 107.885 
0.153477 -0.146095 75517 1 1.79271 0.467308 224 1 1018 -0.00580866 0.0164937 0.0459676 3.10352 -4.48526 107.888 
0.124423 -0.181335 75597 1 1.79115 0.467308 225 1 1020 -0.00671397 0.011834 0.0447771 3.06615 -4.46975 107.869 
0.118644 -0.0967965 75636 1 1.78854 0.467308 226 1 1021 -0.00741857 0.0153044 0.048037 3.09874 -4.49732 107.876 
0.153302 -0.111265 75716 1 1.7849 0.467308 227 1 1023 -0.00695378 0.0166527 0.0472507 3.10674 -4.48841 107.893 
0.143462 -0.0625332 75797 1 1.78385 0.465385 228 1 1025 -0.00700355 0.015219 0.0492683 3.08665 -4.49789 107.928 
0.164164 -0.0674784 75837 1 1.78385 0.465385 229 1 1026 -0.00674798 0.0207357 0.0495539 3.11727 -4.49898 107.909 
0.477627 -0.00238565 75917 1 1.78385 0.465385 230 1 1028 -0.00680907 0.0230219 0.0527325 3.12857 -4.5181 107.903 
0.451887 -0.0367044 75996 1 1.78281 0.465385 231 1 1030 -0.00750065 0.0212013 0.0476632 3.1085 -4.46521 107.948 
0.464689 -0.00952285 76037 1 1.77969 0.468269 232 1 1031 -0.00597924 0.0228554 0.0509843 3.12245 -4.49765 107.951 
0.416196 -0.0297126 76117 1 1.77813 0.470192 233 1 1033 -0.00708366 0.0209477 0.0497395 3.10394 -4.48856 107.952 
0.411842 -0.0555408 76198 1 1.77552 0.470192 234 1 1035 -0.00781123 0.0223002 0.0484595 3.10447 -4.48235 107.934 
0.410918 -0.0477167 76238 1 1.77448 0.471154 235 1 1036 -0.00815626 0.0225499 0.0508141 3.10356 -4.5019 107.988 
0.412603 -0.0226325 76318 1 1.77448 0.471154 236 1 1038 -0.00866408 0.0220644 0.04987 3.09318 -4.49082 107.952 
0.313874 -0.133329 76397 1 1.77448 0.471154 237 1 1040 -0.00847387 0.0224345 0.0484251 3.09269 -4.48373 108.018 
0.296126 -0.0878621 76438 1 1.77448 0.471154 238 1 1041 -0.00861033 0.0217874 0.0505345 3.07983 -4.49992 107.942 
0.299287 -0.124358 76518 1 1.76406 0.471154 239 1 1043 -0.00884178 0.0204859 0.0466465 3.06708 -4.46607 108.002 
0.31184 -0.206298 76599 1 1.73438 0.471154 240 0 1045 -0.00853281 0.0212179 0.0470264 3.06981 -4.47145 108.07 
0.295023 -0.1863 76638 1 1.66094 0.475 241 1 1046 -0.00896299 0.0210503 0.0516895 3.06896 -4.50349 108.056 
0.324464 -0.203948 76719 1 1.58281 0.482692 242 0 1048 -0.00921952 0.0215623 0.0500785 3.07624 -4.48716 108.077 
-0.0390466 -0.0937161 76798 1 1.58438 0.505769 243 1 1050 -0.00825833 0.0235624 0.0512546 3.09433 -4.49163 108.062 
-0.0603816 -0.12787 76838 1 1.58438 0.505769 244 1 1051 -0.00925735 0.0198202 0.0474237 3.0615 -4.45831 108.067 
-0.0513056 -0.148752 76919 1 1.58438 0.505769 245 1 1053 -0.00939289 0.0207052 0.0470246 3.0685 -4.45874 108.018 
-0.0618122 -0.148617 76999 1 1.58438 0.505769 246 1 1055 -0.0080552 0.0219026 0.0499126 3.07702 -4.49294 108.037 
-0.0660547 -0.164807 77039 1 1.57083 0.478846 247 1 1056 -0.00854313 0.0213352 0.0453939 3.06784 -4.46051 108.088 
-0.0540531 -0.154242 77119 1 1.45833 0.442308 248 1 1058 -0.00905777 0.0217534 0.0463714 3.07561 -4.4563 108.061 
-0.0677113 -0.131701 77200 1 1.35521 0.444231 249 1 1060 -0.00887604 0.0201959 0.0479475 3.07494 -4.46856 107.994 
-0.0427123 -0.219488 77239 1 1.3349 0.454808 250 0 1061 -0.00832067 0.0191851 0.0492794 3.06361 -4.47856 107.975 
-0.0305913 -0.295921 77319 1 1.3349 0.454808 251 0 1063 -0.00873281 0.0206857 0.047393 3.08127 -4.46639 107.982 
-0.0305913 -0.295921 77319 1 1.31875 0.453846 252 0 1063 -0.00873281 0.0206857 0.047393 3.08127 -4.46639 107.982 
-0.0295997 -0.316782 77440 1 1.31719 0.452885 253 0 1066 -0.0093487 0.021338 0.0476999 3.0762 -4.46604 107.946 
-0.0332086 -0.310398 77519 1 1.3224 0.452885 254 0 1068 -0.00925316 0.0228717 0.0481477 3.0828 -4.47493 107.977 
-0.0111802 -0.404806 77600 1 1.34115 0.452885 255 0 1070 -0.00806536 0.0222464 0.0438662 3.08672 -4.43918 107.977 
-0.0232239 -0.347588 77640 1 1.35833 0.453846 256 0 1071 -0.00885601 0.0208708 0.0475864 3.07387 -4.47231 107.914 
-0.0232239 -0.347588 77640 1 1.36563 0.454808 257 0 1071 -0.00885601 0.0208708 0.0475864 3.07387 -4.47231 107.914 
-0.0169104 -0.37855 77801 1 1.36563 0.453846 258 0 1075 -0.0105584 0.0220879 0.0443333 3.06839 -4.45176 107.967 
0.143868 -0.107541 77841 1 1.36563 0.453846 259 1 1076 -0.00994454 0.0229476 0.0467461 3.07458 -4.47316 107.963 
0.214734 0.133033 77920 1 1.36563 0.453846 260 1 1078 -0.0112023 0.0223968 0.0460182 3.06787 -4.4593 107.937 
0.240924 0.115898 77960 1 1.36563 0.453846 261 1 1079 -0.0103505 0.0237549 0.0469285 3.08874 -4.46466 107.928 
0.240924 0.115898 77960 1 1.36563 0.453846 262 1 1079 -0.0103505 0.0237549 0.0469285 3.08874 -4.46466 107.928 
0.324016 0.0390084 78121 1 1.36563 0.453846 263 1 1083 -0.00960686 0.0229258 0.0504706 3.08585 -4.49659 107.947 
0.333296 0.00984847 78202 1 1.36563 0.453846 264 1 1085 -0.00948491 0.0219257 0.0488111 3.07471 -4.47674 107.922 
0.320523 -0.00630567 78242 1 1.36563 0.453846 265 1 1086 -0.0103256 0.0232385 0.0485361 3.08261 -4.47245 107.937 
0.335244 0.00596165 78321 1 1.3651 0.453846 266 1 1088 -0.0100989 0.0231636 0.0471845 3.08398 -4.46236 107.908 
0.55902 0.22921 78401 1 1.36458 0.456731 267 1 1090 -0.00863111 0.0223073 0.0457304 3.08907 -4.45275 107.898 
0.558081 0.255865 78441 1 1.33854 0.563462 268 1 1091 -0.00890789 0.021532 0.0453493 3.08365 -4.44749 107.885 
0.568502 0.265962 78522 1 1.29167 0.729808 269 1 1093 -0.0096499 0.0204625 0.0472156 3.08631 -4.46506 107.884 
0.566972 0.276692 78602 1 1.28698 0.746154 270 1 1095 -0.00874689 0.0217649 0.0482506 3.09286 -4.47675 107.852 
0.594091 0.244497 78641 1 1.28698 0.746154 271 1 1096 -0.00909482 0.0218494 0.0432926 3.09256 -4.43776 107.847 
0.609275 0.308424 78722 1 1.28698 0.746154 272 1 1098 -0.00805706 0.0222744 0.0522308 3.09969 -4.50861 107.796 
0.593306 0.258575 78803 1 1.28698 0.746154 273 1 1100 -0.00799108 0.0213705 0.0486377 3.11013 -4.47355 107.845 
0.587775 0.369111 78883 1 1.28542 0.746154 274 1 1102 -0.00708153 0.0206124 0.0510694 3.10593 -4.49506 107.815 
0.576199 0.357859 78923 1 1.28438 0.739423 275 1 1103 -0.00724333 0.0200511 0.0492628 3.10332 -4.48023 107.825 
0.57351 0.325525 79003 1 1.28438 0.739423 276 1 1105 -0.0081364 0.02013 0.0472957 3.10733 -4.46908 107.844 
0.623013 0.570104 79083 1 1.28438 0.739423 277 1 1107 -0.00778681 0.022257 0.0489053 3.11561 -4.47667 107.799 
0.626786 0.643814 79123 1 1.28438 0.739423 278 1 1108 -0.00802142 0.0227158 0.0513851 3.12163 -4.49707 107.831 
0.631969 0.609246 79203 1 1.28438 0.739423 279 1 1110 -0.00698213 0.0215843 0.0505396 3.12002 -4.48175 107.785 
0.606389 0.627284 79283 1 1.28438 0.739423 280 1 1112 -0.00645582 0.0197413 0.052596 3.10165 -4.50374 107.763 
0.616973 0.41048 79323 1 1.28438 0.739423 281 1 1113 -0.00673816 0.0215763 0.0482342 3.11108 -4.47143 107.842 
0.585506 -0.00073028 79404 1 1.28438 0.739423 282 1 1115 -0.00795514 0.0231412 0.051442 3.09631 -4.49898 107.859 
0.577996 -0.0500911 79483 1 1.28438 0.739423 283 1 1117 -0.0100493 0.0235898 0.0446228 3.07914 -4.43955 107.935 
0.571268 -0.0172221 79523 1 1.28438 0.739423 284 1 1118 -0.0101282 0.0255246 0.0467603 3.09439 -4.4539 107.925 
0.573833 -0.0590412 79604 1 1.28438 0.739423 285 1 1120 -0.00796305 0.0254192 0.0495824 3.10383 -4.47129 107.93 
0.561289 -0.130906 79684 1 1.28438 0.739423 286 1 1122 -0.00932307 0.0231578 0.0471647 3.08271 -4.45922 107.978 
0.5573 -0.135401 79724 1 1.28438 0.739423 287 1 1123 -0.0091241 0.0246285 0.0466312 3.09062 -4.45649 107.969 
0.540749 -0.142628 79806 1 1.28438 0.739423 288 1 1125 -0.00965554 0.0267735 0.0476284 3.09142 -4.45702 107.951 
0.583098 -0.274403 79884 1 1.28438 0.739423 289 0 1127 -0.0114559 0.0257972 0.0429258 3.07774 -4.42615 108.033 
0.639268 -0.323219 79964 1 1.28438 0.739423 290 0 1129 -0.0109587 0.0306862 0.047306 3.11101 -4.45852 108.006 
0.621273 -0.341864 80004 1 1.28438 0.739423 291 0 1130 -0.009743 0.0282879 0.0449463 3.09902 -4.43994 108.026 
0.688738 -0.319696 80085 1 1.28438 0.739423 292 0 1132 -0.0104598 0.0243923 0.0455856 3.06971 -4.44398 107.984 
0.693758 -0.348532 80165 1 1.28438 0.739423 293 0 1134 -0.00991874 0.0250754 0.0451459 3.07595 -4.44953 108.041 
0.709027 -0.311573 80204 1 1.28438 0.739423 294 0 1135 -0.00861408 0.0280786 0.0474388 3.09614 -4.47333 107.983 
0.872605 -0.341501 80245 1 1.28438 0.739423 295 0 1136 -0.00982934 0.0287374 0.0435613 3.09956 -4.43949 107.97 
0.872605 -0.341501 80245 1 1.28438 0.739423 296 0 1136 -0.00982934 0.0287374 0.0435613 3.09956 -4.43949 107.97 
1.15529 -0.375872 80405 1 1.28438 0.739423 297 0 1140 -0.00965993 0.0255745 0.0464615 3.07836 -4.44672 107.949 
1.12916 -0.373968 80487 1 1.28438 0.739423 298 0 1142 -0.00985082 0.0257669 0.0460656 3.07875 -4.44742 107.92 
1.12706 -0.382567 80567 1 1.28438 0.739423 299 0 1144 -0.00968099 0.0268148 0.0447916 3.08451 -4.43191 107.906 
1.12706 -0.382567 80567 1 1.28438 0.739423 300 0 1144 -0.00968099 0.0268148 0.0447916 3.08451 -4.43191 107.906 
1.12706 -0.382567 80567 1 1.28438 0.739423 301 0 1144 -0.00968099 0.0268148 0.0447916 3.08451 -4.43191 107.906 
0.870407 -0.359794 80766 1 1.28438 0.739423 302 0 1149 -0.0096403 0.026208 0.047177 3.09085 -4.44467 107.88 
0.386705 -0.298182 80848 1 1.28438 0.739423 303 0 1151 -0.00878351 0.0232297 0.0458145 3.08135 -4.43565 107.903 
0.400588 -0.289389 80886 1 1.28438 0.739423 304 0 1152 -0.00860606 0.0251864 0.048092 3.09421 -4.44863 107.821 
0.400588 -0.289389 80886 1 1.28438 0.739423 305 0 1152 -0.00860606 0.0251864 0.048092 3.09421 -4.44863 107.821 
0.378517 -0.290487 81047 1 1.28438 0.739423 306 0 1156 -0.00998908 0.0267705 0.0464757 3.10032 -4.45022 107.876 
0.35377 -0.225043 81127 1 1.28438 0.739423 307 0 1158 -0.00963957 0.0265739 0.0482462 3.10508 -4.45615 107.807 
0.376067 -0.23559 81207 1 1.28438 0.739423 308 0 1160 -0.00887416 0.0239944 0.0442759 3.09768 -4.41819 107.852 
0.376067 -0.23559 81207 1 1.28438 0.739423 309 0 1160 -0.00887416 0.0239944 0.0442759 3.09768 -4.41819 107.852 
0.376067 -0.23559 81207 1 1.28438 0.739423 310 0 1160 -0.00887416 0.0239944 0.0442759 3.09768 -4.41819 107.852 
0.419519 -0.0746919 81407 1 1.28438 0.739423 311 1 1165 -0.0090506 0.0237656 0.044826 3.0857 -4.42709 107.837 
0.396808 -0.0564438 81447 1 1.28438 0.739423 312 1 1166 -0.00954702 0.0246513 0.0451817 3.08598 -4.42866 107.822 
0.394184 -0.0579823 81528 1 1.28438 0.739423 313 1 1168 -0.0102431 0.0233272 0.0444329 3.07657 -4.41824 107.814 
0.395721 -0.0442562 81608 1 1.28438 0.739423 314 1 1170 -0.00886985 0.0216879 0.0499173 3.07931 -4.46855 107.859 
0.327492 -0.0893077 81648 1 1.28438 0.739423 315 1 1171 -0.00933148 0.0195405 0.0473924 3.06919 -4.44807 107.843 
0.0831859 -0.177964 81727 1 1.28438 0.739423 316 1 1173 -0.00812337 0.0203024 0.0503642 3.08084 -4.47586 107.829 
0.050233 -0.161836 81767 1 1.28438 0.739423 317 1 1174 -0.00846665 0.0198573 0.0513248 3.07208 -4.48643 107.77 
0.0960849 -0.150935 81848 1 1.28438 0.739423 318 1 1176 -0.00892175 0.0203298 0.0471417 3.07294 -4.44635 107.802 
0.131559 -0.168304 81928 1 1.28438 0.739423 319 1 1178 -0.00892669 0.0218773 0.0468859 3.09097 -4.43588 107.788 
0.119348 -0.151267 82009 1 1.28438 0.739423 320 1 1180 -0.00953243 0.0210071 0.0469045 3.08549 -4.43704 107.788 
0.0641189 -0.143688 82049 1 1.28438 0.739423 321 1 1181 -0.00967387 0.0221245 0.0484291 3.09394 -4.45019 107.746 
0.0578508 -0.158886 82128 1 1.28438 0.739423 322 1 1183 -0.00983012 0.0213025 0.0475827 3.08286 -4.44514 107.745 
0.0407334 -0.183141 82168 1 1.28438 0.739423 323 1 1184 -0.0105932 0.0211014 0.0461484 3.0761 -4.42576 107.734 
0.0452361 -0.17075 82249 1 1.28438 0.739423 324 1 1186 -0.0109119 0.020831 0.0476174 3.07401 -4.43829 107.783 
-0.0132292 -0.342536 82329 1 1.28438 0.739423 325 0 1188 -0.0102336 0.0183034 0.0478204 3.05854 -4.43811 107.746 
-0.0132808 -0.358598 82410 1 1.28438 0.739423 326 0 1190 -0.0100906 0.0195207 0.0457139 3.06772 -4.42388 107.723 
-0.00700802 -0.376384 82489 1 1.28438 0.739423 327 0 1192 -0.00954943 0.0203466 0.0466172 3.07042 -4.43599 107.769 
0.0112804 -0.359874 82529 1 1.28438 0.739423 328 0 1193 -0.00981644 0.0213562 0.0449208 3.0774 -4.42302 107.726 
-0.00237387 -0.399854 82609 1 1.28438 0.739423 329 0 1195 -0.0105987 0.0222399 0.0466733 3.08083 -4.43407 107.724 
0.0102822 -0.363909 82650 1 1.28438 0.739423 330 0 1196 -0.00933571 0.0227121 0.0509294 3.08547 -4.47059 107.704 
0.0102822 -0.363909 82650 1 1.28438 0.739423 331 0 1196 -0.00933571 0.0227121 0.0509294 3.08547 -4.47059 107.704 
0.0132609 0.78894 82811 1 1.28438 0.739423 332 1 1200 -0.00944417 0.0227431 0.0478452 3.08943 -4.43561 107.702 
0.063055 0.276198 82890 1 1.28438 0.739423 333 1 1202 -0.0103053 0.0217603 0.0475617 3.07631 -4.42784 107.706 
0.355926 -0.0828271 82970 1 1.28438 0.739423 334 1 1204 -0.0102403 0.0215732 0.0432303 3.07169 -4.39202 107.771 
0.355926 -0.0828271 82970 1 1.28438 0.736538 335 1 1204 -0.0102403 0.0215732 0.0432303 3.07169 -4.39202 107.771 
0.373141 -0.168048 83010 1 1.28438 0.736538 336 1 1205 -0.00903437 0.0229561 0.0425591 3.0813 -4.3865 107.807 
0.358346 -0.238682 83171 1 1.28438 0.736538 337 0 1209 -0.00794766 0.0211166 0.0412528 3.08595 -4.37897 107.814 
0.376857 -0.243896 83210 1 1.28438 0.736538 338 0 1210 -0.00834868 0.0212183 0.0405997 3.08927 -4.37357 107.82 
0.355903 -0.26358 83290 1 1.28438 0.736538 339 0 1212 -0.00863948 0.0204267 0.0397896 3.07136 -4.37353 107.834 
0.356178 -0.275748 83371 1 1.28438 0.736538 340 0 1214 -0.00834873 0.0231228 0.0409947 3.07674 -4.38864 107.901 
0.412629 -0.159688 83411 1 1.28438 0.736538 341 1 1215 -0.00964134 0.0246364 0.0432401 3.08183 -4.40515 107.837 
0.42514 -0.126365 83491 1 1.28438 0.736538 342 1 1217 -0.00934724 0.0280918 0.0441775 3.10404 -4.40976 107.82 
0.441209 -0.171464 83571 1 1.28438 0.736538 343 1 1219 -0.00917402 0.028108 0.0427999 3.10132 -4.39523 107.865 
0.444912 -0.200162 83611 1 1.28438 0.736538 344 0 1220 -0.00936293 0.0278669 0.0429925 3.09298 -4.39497 107.835 
0.445941 -0.117769 83691 1 1.28438 0.736538 345 1 1222 -0.0122309 0.029495 0.0550831 3.09367 -4.48246 107.537 
0.452927 -0.105446 83731 1 1.28438 0.736538 346 1 1223 -0.0122284 0.0284747 0.064384 3.07761 -4.54063 107.359 
-0.271141 1.47366 83812 1 1.28438 0.736538 347 0 1225 -0.0152863 0.0251899 0.0563532 3.04713 -4.45601 107.244 
-0.132069 1.09337 83892 1 1.28438 0.736538 348 1 1227 -0.0139928 0.0273202 0.0567571 3.06059 -4.45271 107.087 
-0.0161502 0.177793 83972 1 1.28438 0.736538 349 1 1229 -0.0143687 0.0260561 0.051275 3.04895 -4.42649 107.205 
-0.0100827 0.0586713 84012 1 1.28438 0.736538 350 1 1230 -0.0144538 0.0266322 0.0505866 3.05131 -4.42094 107.156 
0.00253899 -0.0922962 84092 1 1.28438 0.736538 351 1 1232 -0.0143742 0.0269692 0.0486707 3.04061 -4.41403 107.188 
0.0486397 -0.128215 84172 1 1.28438 0.736538 352 1 1234 -0.0155858 0.0323931 0.0503493 3.04813 -4.42083 106.895 
0.0782222 -0.133027 84213 1 1.28438 0.736538 353 1 1235 -0.0146743 0.0323614 0.050535 3.03573 -4.41848 106.848 
0.0667249 -0.221269 84293 1 1.28438 0.736538 354 0 1237 -0.0152246 0.0319085 0.0462995 3.03597 -4.38291 106.943 
0.0326259 -0.251084 84373 1 1.28438 0.736538 355 0 1239 -0.011027 0.0243753 0.0472111 2.99144 -4.36572 106.969 
0.056267 -0.287616 84413 1 1.28438 0.736538 356 0 1240 -0.0099032 0.0295653 0.0471135 3.03736 -4.34311 106.827 
0.0899903 -0.230951 84493 1 1.28438 0.736538 357 0 1242 -0.00998077 0.0406074 0.0528563 3.10362 -4.35486 106.273 
0.0856592 -0.255185 84574 1 1.28438 0.736538 358 0 1244 -0.00826812 0.0493705 0.077911 3.11971 -4.56248 106.535 
0.0894935 -0.384128 84614 1 1.28438 0.736538 359 0 1245 -0.00911803 0.046845 0.0802578 3.06916 -4.58621 106.991 
0.492282 -0.474362 84693 1 1.28438 0.736538 360 0 1247 -0.00344875 0.0854579 0.0629186 3.29626 -4.4532 107.513 
0.537637 -0.596277 84733 1 1.28438 0.736538 361 0 1248 0.0012735 0.100678 0.0520199 3.39706 -4.34083 107.565 
0.430736 -0.876975 84813 1 1.28438 0.736538 362 0 1250 0.00302951 0.0707171 0.027213 3.2288 -4.11372 108.299 
0.477358 -0.731112 84894 1 1.2849 0.736538 363 0 1252 0.00544324 0.064799 0.0225115 3.21423 -4.08421 108.198 
0.470799 -0.683172 84934 1 1.2849 0.736538 364 0 1253 0.00393295 0.0609856 0.0235355 3.18674 -4.08538 108.162 
0.470799 -0.683172 84934 1 1.2849 0.736538 365 0 1253 0.00393295 0.0609856 0.0235355 3.18674 -4.08538 108.162 
0.6496 -0.38709 85094 1 1.2849 0.736538 366 0 1257 0.00367253 0.0638879 0.00289908 3.18622 -3.86837 108.415 
0.628033 -0.356066 85134 1 1.2849 0.736538 367 0 1258 0.00268183 0.0635692 0.0055112 3.19096 -3.89545 108.393 
0.62087 -0.146636 85214 1 1.2849 0.736538 368 1 1260 0.00379733 0.0563642 0.0188763 3.17425 -4.03826 108.109 
0.623202 -0.0981315 85255 1 1.2849 0.736538 369 1 1261 0.00035157 0.0522561 0.02178 3.14974 -4.08309 107.851 
0.623202 -0.0981315 85255 1 1.2849 0.736538 370 1 1261 0.00035157 0.0522561 0.02178 3.14974 -4.08309 107.851 
0.520584 0.0488428 85415 1 1.2849 0.736538 371 1 1265 -0.0040405 0.0425913 0.0149369 3.10364 -4.04764 107.583 
0.448788 -0.234954 85495 1 1.2849 0.736538 372 0 1267 -0.00307493 0.0428043 0.0207851 3.11807 -4.11983 107.362 
0.513952 -0.470151 85575 1 1.2849 0.736538 373 0 1269 0.000819978 0.041386 0.0212638 3.13599 -4.15001 107.061 
0.573415 -0.982683 85615 1 1.2849 0.736538 374 0 1270 -0.000554576 0.0379199 0.0177119 3.13067 -4.11953 107.136 
0.567363 -0.995739 85695 1 1.2849 0.736538 375 0 1272 0.00205133 0.036625 0.0233491 3.15115 -4.16596 107.004 
0.565461 -0.994387 85736 1 1.29115 0.721154 376 0 1273 0.00205523 0.0324174 0.0244531 3.12638 -4.17656 106.952 
0.192665 -0.522849 85816 1 1.30208 0.688462 377 0 1275 0.00164808 0.0309504 0.0213635 3.1435 -4.17542 106.88 
0.168804 -0.259093 85895 1 1.30573 0.683654 378 0 1277 0.0034924 0.0265219 0.0163235 3.12737 -4.17984 106.826 
0.168804 -0.259093 85895 1 1.30469 0.688462 379 0 1277 0.0034924 0.0265219 0.0163235 3.12737 -4.17984 106.826 
0.12605 -0.356175 86056 1 1.30313 0.692308 380 0 1281 -0.00260144 0.0276293 0.00750495 3.09451 -4.16004 106.979 
0.10181 -0.321368 86096 1 1.30313 0.692308 381 0 1282 -0.00518184 0.0243396 0.00700656 3.05758 -4.15544 107.029 
0.130295 -0.334286 86177 1 1.30313 0.692308 382 0 1284 -0.00775638 0.0149179 0.00962011 2.99193 -4.17595 107.118 
0.459015 -0.224538 86216 1 1.30313 0.692308 383 0 1285 -0.00860703 0.0119924 0.0136263 2.96858 -4.21401 107.088 
0.459015 -0.224538 86216 1 1.30313 0.692308 384 0 1285 -0.00860703 0.0119924 0.0136263 2.96858 -4.21401 107.088 
0.4794 -0.385987 86377 1 1.30313 0.692308 385 0 1289 -0.00986966 0.00947669 0.00466303 2.95677 -4.18032 107.142 
0.458353 -0.377464 86457 1 1.30313 0.692308 386 0 1291 -0.00873444 0.0035551 0.00637479 2.95797 -4.20295 107.142 
0.342385 -0.356019 86538 1 1.30313 0.692308 387 0 1293 -0.00887572 -0.0128945 0.00999145 2.85875 -4.24038 107.058 
0.342385 -0.356019 86538 1 1.30313 0.692308 388 0 1293 -0.00887572 -0.0128945 0.00999145 2.85875 -4.24038 107.058 
0.325214 -0.355931 86577 1 1.30313 0.692308 389 0 1294 -0.00872955 -0.0162301 0.0101357 2.84427 -4.23761 107.096 
-0.0363689 1.56135 86697 1 1.2849 0.436538 390 0 1297 -0.0081823 -0.0196168 0.00851754 2.81985 -4.22319 107.158 
0.332258 0.785967 86778 1 1.23438 0.218269 391 1 1299 -0.0110708 -0.0127903 0.00169371 2.83482 -4.16699 107.122 
0.348185 0.118526 86858 1 1.23333 0.184615 392 1 1301 -0.0105473 -0.0259836 -0.000300152 2.73846 -4.1469 107 
0.358199 0.0186359 86898 1 1.25156 0.165385 393 1 1302 -0.0098433 -0.0264652 0.00294132 2.73734 -4.16518 107.09 
0.366477 -0.0397363 87018 1 1.24479 0.155769 394 1 1305 -0.0109805 -0.0245692 0.00767338 2.74621 -4.18874 106.985 
0.390066 -0.0708759 87099 1 0.872396 0 395 1 1307 -0.0107253 -0.0187767 0.00996961 2.77691 -4.19815 107.033 
0.408917 -0.0487241 87138 1 0.764583 0.00576923 396 1 1308 -0.0108213 -0.0135571 0.00986912 2.81526 -4.18916 107.013 
0.40404 -0.0550717 87179 1 0.746875 0.0596154 397 1 1309 -0.0103307 -0.0161554 0.0127711 2.79171 -4.2008 106.989 
0.40404 -0.0550717 87179 1 0.761458 0.117308 398 1 1309 -0.0103307 -0.0161554 0.0127711 2.79171 -4.2008 106.989 
0.399686 -0.16784 87378 1 0.766146 0.158654 399 1 1314 -0.00916364 -0.0209191 0.00539347 2.76447 -4.12787 107.239 
0.402879 -0.154477 87459 1 0.75 0.223077 400 1 1316 -0.0065027 -0.0218963 0.0068274 2.77016 -4.17622 107.212 
0.377831 -0.170688 87499 1 0.735938 0.256731 401 1 1317 -0.00814023 -0.0228311 0.00888337 2.76416 -4.1989 107.17 
0.38671 -0.19527 87579 1 0.735417 0.257692 402 1 1319 -0.00673016 -0.0234946 0.00821496 2.77264 -4.22457 107.295 
0.383477 -0.207811 87619 1 0.735417 0.257692 403 0 1320 -0.00694864 -0.0231669 0.00979636 2.76016 -4.25888 107.348 
0.403207 -0.377384 87699 1 0.735417 0.257692 404 0 1322 -0.00682713 -0.0180675 -0.000755494 2.79343 -4.2315 107.439 
0.432139 -0.475458 87779 1 0.735417 0.257692 405 0 1324 -0.00972696 -0.0138335 0.00471125 2.81465 -4.33671 107.31 
0.490448 -0.452124 87861 1 0.735417 0.257692 406 0 1326 -0.0104385 -0.00576462 0.00375529 2.8676 -4.30568 107.338 
0.619766 -0.49852 87940 1 0.735417 0.257692 407 0 1328 -0.0111625 -0.00114559 0.00198448 2.89075 -4.2462 107.345 
0.975658 -0.568753 87980 1 0.735417 0.257692 408 0 1329 -0.00896027 -0.000378966 0.00513397 2.90123 -4.23869 107.396 
0.975658 -0.568753 87980 1 0.735417 0.257692 409 0 1329 -0.00896027 -0.000378966 0.00513397 2.90123 -4.23869 107.396 
0.934407 -0.765297 88180 1 0.735417 0.257692 410 0 1334 -0.00706447 0.0071907 0.0132617 2.94722 -4.24023 107.957 
0.497713 -0.770965 88260 1 0.735417 0.257692 411 0 1336 -0.00458887 0.00885358 0.0150402 2.93803 -4.28503 108.181 
0.513724 -0.731209 88300 1 0.734375 0.257692 412 0 1337 -0.00330227 0.013839 0.0179234 2.95785 -4.33283 108.256 
0.556493 -0.70281 88381 1 0.734375 0.257692 413 0 1339 0.00120209 0.0241962 0.0091941 2.98871 -4.34607 108.191 
0.386757 -0.671619 88461 1 0.733854 0.257692 414 0 1341 0.00224902 0.0211259 0.0132035 3.03452 -4.39472 108.375 
0.325572 -0.724672 88540 1 0.728646 0.256731 415 0 1343 0.0115732 0.0143887 0.0170718 3.0743 -4.45991 108.93 
0.375532 -0.657021 88581 1 0.722917 0.254808 416 0 1344 0.0167102 0.0196335 0.0226115 3.12597 -4.53647 109.134 
0.37942 -0.694638 88621 1 0.722396 0.254808 417 0 1345 0.0192403 0.0216481 0.0223636 3.14333 -4.58921 109.421 
0.354818 -0.523174 88741 1 0.722396 0.254808 418 0 1348 0.0185601 0.01376 0.0151018 3.09241 -4.82763 109.989 
0.329006 -0.496105 88822 1 0.722396 0.254808 419 0 1350 0.0236067 0.0053493 0.0136407 3.04856 -4.99955 110.39 
0.316773 -0.5843 88861 1 0.722396 0.254808 420 0 1351 0.0254494 0.00427514 0.00264168 3.03009 -5.00563 110.67 
0.355602 -0.661922 88941 1 0.722396 0.253846 421 0 1353 0.0240054 0.00871495 0.00163681 3.0027 -5.16616 111.418 
0.355602 -0.661922 88941 1 0.708333 0.245192 422 0 1353 0.0240054 0.00871495 0.00163681 3.0027 -5.16616 111.418 
0.623728 -0.568071 89102 1 0.664583 0.210577 423 0 1357 0.0211953 0.0309286 -0.0148096 2.99461 -5.46286 112.097 
0.596965 -0.539197 89144 1 0.6625 0.196154 424 0 1358 0.0177373 0.0303971 -0.0156483 2.96137 -5.56656 112.223 
0.674486 -0.601253 89223 1 0.6625 0.196154 425 0 1360 0.0106201 0.0491638 -0.0295757 3.03746 -5.64546 112.518 
0.689488 -0.464023 89262 1 0.665104 0.207692 426 0 1361 0.00443377 0.0610762 -0.0238755 3.06246 -5.8355 113.248 
0.689488 -0.464023 89262 1 0.626563 0.215385 427 0 1361 0.00443377 0.0610762 -0.0238755 3.06246 -5.8355 113.248 
-0.199934 -0.464067 89422 1 0.446875 0.2125 428 0 1365 -0.00999583 0.027387 -0.026332 2.71251 -5.989 113.359 
-0.242248 -0.331987 89503 1 0.342708 0.206731 429 0 1367 -0.0124252 -0.000556999 -0.0211342 2.6623 -6.04377 113.148 
-0.152626 -0.347697 89543 1 0.323958 0.206731 430 0 1368 -0.01383 0.00408251 -0.0239779 2.78186 -6.02653 113.19 
-0.052667 -0.446129 89583 1 0.277083 0.209615 431 0 1369 -0.017939 0.0129696 -0.0295115 2.96006 -5.98464 113.508 
-0.029862 -0.425111 89623 1 0.2375 0.210577 432 0 1370 -0.0208367 0.00508135 -0.028957 2.96674 -5.98207 113.382 
-0.120421 0.845079 89823 1 0.228125 0.210577 433 0 1375 -0.0270271 -0.0521824 -0.0617426 2.76381 -5.33909 110.955 
-0.0211537 0.227282 89863 1 0.207813 0.208654 434 1 1376 -0.0378048 -0.0278107 -0.0453924 3.10602 -5.50968 112.052 
0.0821723 0.0751919 89904 1 0.142708 0.206731 435 1 1377 -0.0430652 -0.0387846 -0.0329849 3.16551 -5.5985 112.491 
0.121666 -0.0521632 90023 1 0.135937 0.203846 436 1 1380 -0.0628914 -0.0736376 -0.0210464 3.17446 -5.61052 112.952 
0.141998 -0.0344007 90063 1 0.135937 0.203846 437 1 1381 -0.0710466 -0.0802054 -0.0159398 3.09967 -5.61507 112.891 
-0.0523028 0.00278436 90144 1 0.135417 0.2 438 1 1383 -0.0751472 -0.105772 -0.00419072 2.8446 -5.56308 112.714 
-0.13514 -0.155259 90224 1 0.132813 0.194231 439 1 1385 -0.071928 -0.1418 -0.00243844 2.61532 -5.40769 112.64 
-0.13514 -0.155259 90224 1 0.130208 0.190385 440 1 1385 -0.071928 -0.1418 -0.00243844 2.61532 -5.40769 112.64 
-0.313135 -0.226613 90344 1 0.128646 0.186538 441 0 1388 -0.0624609 -0.19075 0.0104162 2.36089 -5.39118 112.528 
