ImageFile:
0.582414 1.35664 73237 1 0.260417 0.244231 1 0 1071 0.035409 0.012691 0.0613522 -0.576595 -1.17088 139.887 
0.563527 1.46293 73438 1 0.260417 0.244231 2 0 1076 0.0365818 0.00674816 0.0703008 -0.551184 -1.25305 140.689 
0.563527 1.46293 73438 1 0.259375 0.249038 3 0 1076 0.0365818 0.00674816 0.0703008 -0.551184 -1.25305 140.689 
0.563527 1.46293 73438 1 0.255729 0.291346 4 0 1076 0.0365818 0.00674816 0.0703008 -0.551184 -1.25305 140.689 
0.530052 1.41364 73598 1 0.216146 0.480769 5 0 1080 0.0389244 0.00241384 0.0677807 -0.531076 -1.18919 140.512 
0.469531 1.20971 73718 1 0.136979 0.774038 6 0 1083 0.0388861 -0.00141538 0.0588116 -0.624616 -1.03147 139.112 
0.469531 1.20971 73718 1 0.0963542 0.944231 7 0 1083 0.0388861 -0.00141538 0.0588116 -0.624616 -1.03147 139.112 
0.458195 1.33147 73880 1 0.0895833 1.00481 8 0 1087 0.0400826 0.00016982 0.0642199 -0.629569 -1.09163 139.677 
0.458195 1.33147 73880 1 0.0875 1.01058 9 0 1087 0.0400826 0.00016982 0.0642199 -0.629569 -1.09163 139.677 
0.378406 1.42924 73998 1 0.0875 1.00865 10 0 1090 0.0398473 0.000154092 0.0544647 -0.612611 -1.06351 141.039 
0.378406 1.42924 73998 1 0.0885417 0.984615 11 0 1090 0.0398473 0.000154092 0.0544647 -0.612611 -1.06351 141.039 
0.353538 1.20773 74159 1 0.0864583 0.980769 12 0 1094 0.0344541 0.00596171 0.0426043 -0.581966 -0.990618 140.248 
0.244788 1.35814 74280 1 0.0817708 0.980769 13 0 1097 0.0337311 0.00280863 0.0437056 -0.648684 -1.02602 139.914 
0.244788 1.35814 74280 1 0.0729167 0.979808 14 0 1097 0.0337311 0.00280863 0.0437056 -0.648684 -1.02602 139.914 
-0.159838 3.53336 74440 1 0.0692708 0.977885 15 0 1101 0.0337311 0.00280863 0.0437056 -0.648684 -1.02602 139.914 
-0.159838 3.53336 74440 1 0.06875 0.977885 16 0 1101 0.0337311 0.00280863 0.0437056 -0.648684 -1.02602 139.914 
-0.374429 3.89159 74560 1 0.06875 0.977885 17 0 1104 0.0339412 0.00118849 0.0666227 -0.610913 -1.25343 140.093 
-0.374429 3.89159 74560 1 0.06875 0.977885 18 0 1104 0.0339412 0.00118849 0.0666227 -0.610913 -1.25343 140.093 
-0.301431 3.60471 74679 1 0.06875 0.977885 19 0 1107 0.0350657 0.00552682 0.0730167 -0.605885 -1.29403 139.921 
0.193135 6.38621 74801 1 0.06875 0.977885 20 0 1110 0.03218 0.00483465 0.0675992 -0.60968 -1.23087 139.929 
0.193135 6.38621 74801 1 0.06875 0.977885 21 0 1110 0.03218 0.00483465 0.0675992 -0.60968 -1.23087 139.929 
0.0702571 2.75383 74921 1 0.06875 0.977885 22 0 1113 0.0322648 0.00544618 0.0693482 -0.603538 -1.22106 139.726 
0.0702571 2.75383 74921 1 0.06875 0.977885 23 0 1113 0.0322648 0.00544618 0.0693482 -0.603538 -1.22106 139.726 
0.594235 1.60769 75041 1 0.06875 0.977885 24 0 1116 0.0321898 0.0218224 0.069699 -0.399163 -1.18005 139.999 
0.594235 1.60769 75041 1 0.06875 0.977885 25 0 1116 0.0321898 0.0218224 0.069699 -0.399163 -1.18005 139.999 
0.59778 1.45476 75161 1 0.06875 0.977885 26 0 1119 0.0316283 0.0198741 0.0670412 -0.408145 -1.16156 140.065 
0.554452 1.38273 75281 1 0.06875 0.977885 27 0 1122 0.0298144 0.0134574 0.0667157 -0.489413 -1.16502 140.03 
0.554452 1.38273 75281 1 0.06875 0.977885 28 0 1122 0.0298144 0.0134574 0.0667157 -0.489413 -1.16502 140.03 
0.501543 1.3674 75441 1 0.06875 0.977885 29 0 1126 0.0289141 0.00895065 0.065632 -0.536797 -1.14348 139.991 
0.501543 1.3674 75441 1 0.06875 0.977885 30 0 1126 0.0289141 0.00895065 0.065632 -0.536797 -1.14348 139.991 
0.227403 2.05463 75561 1 0.06875 0.977885 31 0 1129 0.0329463 0.00681128 0.0610914 -0.534574 -1.09754 139.68 
0.227403 2.05463 75561 1 0.06875 0.977885 32 0 1129 0.0329463 0.00681128 0.0610914 -0.534574 -1.09754 139.68 
-0.0640439 2.93481 75682 1 0.06875 0.977885 33 0 1132 0.0333564 0.00112308 0.0579757 -0.609905 -1.10175 139.933 
-0.335411 2.77749 75803 1 0.06875 0.977885 34 0 1135 0.0343205 -0.00958348 0.053168 -0.789991 -1.05076 139.838 
-0.335411 2.77749 75803 1 0.06875 0.977885 35 0 1135 0.0343205 -0.00958348 0.053168 -0.789991 -1.05076 139.838 
-0.392275 2.71358 75963 1 0.06875 0.977885 36 0 1139 0.0330776 -0.00871624 0.0508225 -0.848825 -1.04855 139.752 
-0.392275 2.71358 75963 1 0.06875 0.977885 37 0 1139 0.0330776 -0.00871624 0.0508225 -0.848825 -1.04855 139.752 
-0.611374 4.86803 76202 1 0.06875 0.977885 38 0 1145 0.0337423 -0.0125453 0.0518335 -0.915147 -1.05651 139.996 
-0.611374 4.86803 76202 1 0.06875 0.977885 39 0 1145 0.0337423 -0.0125453 0.0518335 -0.915147 -1.05651 139.996 
-1.04984 5.19872 76243 1 0.06875 0.977885 40 0 1146 0.0345853 -0.0130925 0.0517968 -0.919222 -1.06514 140.058 
-1.04984 5.19872 76243 1 0.06875 0.977885 41 0 1146 0.0345853 -0.0130925 0.0517968 -0.919222 -1.06514 140.058 
0.337777 1.78849 76363 1 0.06875 0.977885 42 0 1149 0.036533 -0.0107992 0.0440296 -0.881012 -0.984988 140.297 
0.337777 1.78849 76363 1 0.06875 0.977885 43 0 1149 0.036533 -0.0107992 0.0440296 -0.881012 -0.984988 140.297 
0.500147 1.60354 76524 1 0.06875 0.977885 44 0 1153 0.0379702 -0.00563331 0.051233 -0.819931 -1.08103 140.877 
0.544291 2.14787 76643 1 0.06875 0.977885 45 0 1156 0.0377102 -0.00949943 0.0583954 -0.837253 -1.16937 141.334 
0.514058 2.17287 76685 1 0.06875 0.977885 46 0 1157 0.0382937 -0.00881969 0.0586577 -0.82133 -1.18058 141.533 
0.514058 2.17287 76685 1 0.06875 0.977885 47 0 1157 0.0382937 -0.00881969 0.0586577 -0.82133 -1.18058 141.533 
-1.01271 5.94433 76844 1 0.06875 0.977885 48 0 1161 0.0382937 -0.00881969 0.0586577 -0.82133 -1.18058 141.533 
-1.01271 5.94433 76844 1 0.06875 0.977885 49 0 1161 0.0382937 -0.00881969 0.0586577 -0.82133 -1.18058 141.533 
0.47779 1.49224 76964 1 0.06875 0.977885 50 0 1164 0.0410486 0.00242601 0.0269338 -0.659405 -0.89067 142.147 
0.519125 1.43464 77086 1 0.06875 0.977885 51 0 1167 0.0413512 0.001439 0.0464092 -0.648437 -1.14969 142.338 
0.519125 1.43464 77086 1 0.06875 0.977885 52 0 1167 0.0413512 0.001439 0.0464092 -0.648437 -1.14969 142.338 
0.564453 1.54581 77205 1 0.06875 0.977885 53 0 1170 0.0404754 -0.000790862 0.0343708 -0.674416 -1.01038 141.439 
0.564453 1.54581 77205 1 0.06875 0.977885 54 0 1170 0.0404754 -0.000790862 0.0343708 -0.674416 -1.01038 141.439 
0.431563 1.37074 77365 1 0.06875 0.977885 55 0 1174 0.0384028 -0.0105131 0.0351559 -0.783593 -1.00299 140.905 
0.431563 1.37074 77365 1 0.06875 0.977885 56 0 1174 0.0384028 -0.0105131 0.0351559 -0.783593 -1.00299 140.905 
0.6077 0.796218 77646 1 0.06875 0.977885 57 1 1181 0.0392143 0.00330367 0.0366419 -0.601619 -1.0996 141.062 
0.602699 1.14976 77686 1 0.06875 0.977885 58 1 1182 0.0389205 0.00183322 0.0377845 -0.612311 -1.10851 141.064 
0.610182 1.51015 77768 1 0.06875 0.977885 59 0 1184 0.0393049 0.00366507 0.0391073 -0.589415 -1.11465 141.18 
0.539241 1.65734 77846 1 0.06875 0.977885 60 0 1186 0.0400263 -0.00355066 0.0459097 -0.674051 -1.17006 141.226 
0.562015 1.63408 77926 1 0.06875 0.977885 61 0 1188 0.0392709 -0.00165712 0.0484621 -0.664362 -1.18055 141.344 
0.514521 1.19129 78007 1 0.06875 0.977885 62 1 1190 0.0387997 -0.00359837 0.0526677 -0.69672 -1.21844 141.426 
0.515503 1.1434 78047 1 0.06875 0.977885 63 1 1191 0.0393597 -0.0036557 0.0524325 -0.696067 -1.22115 141.425 
0.521125 1.10058 78126 1 0.05625 0.977885 64 1 1193 0.0404304 -0.00389362 0.0520993 -0.693126 -1.22523 141.426 
0.520277 1.11065 78207 1 -0.0828125 0.949038 65 1 1195 0.0404713 -0.00386686 0.0520679 -0.693397 -1.22557 141.401 
0.513078 1.15855 78287 1 -0.35625 0.813462 66 1 1197 0.0401748 -0.00110491 0.0512425 -0.655709 -1.20992 141.335 
0.562955 1.50058 78327 1 -0.627083 0.714423 67 0 1198 0.0408908 -0.000839174 0.0512954 -0.64379 -1.21121 141.407 
0.52018 1.94747 78407 1 -0.707292 0.707692 68 0 1200 0.041536 -0.000883403 0.0513545 -0.624294 -1.23803 141.536 
-0.00570437 2.99351 78528 1 -0.707292 0.707692 69 0 1203 0.0415192 -0.00275559 0.0529302 -0.650366 -1.26747 141.678 
0.453765 1.41495 78608 1 -0.707292 0.707692 70 0 1205 0.0395638 0.000414907 0.0576864 -0.620514 -1.30778 141.858 
0.468132 1.19981 78649 1 -0.707292 0.707692 71 1 1206 0.0396489 0.00243805 0.0554563 -0.601404 -1.26977 141.72 
0.537965 0.962273 78728 1 -0.707292 0.710577 72 1 1208 0.0396648 0.0034603 0.0549733 -0.59335 -1.25892 141.492 
0.580639 0.817524 78809 1 -0.728646 0.704808 73 1 1210 0.0386632 0.0019936 0.0498562 -0.603568 -1.20801 141.388 
0.603301 0.804591 78848 1 -0.779687 0.670192 74 1 1211 0.039104 0.00676816 0.0488275 -0.549323 -1.19432 141.333 
0.578905 0.820362 78929 1 -0.827604 0.610577 75 1 1213 0.0389067 0.00311732 0.0493302 -0.585064 -1.1973 141.323 
0.565859 0.840181 79009 1 -0.858333 0.540385 76 1 1215 0.0380011 0.00225962 0.0515025 -0.595485 -1.21682 141.363 
0.58728 0.85441 79048 1 -0.867188 0.450962 77 1 1216 0.038116 0.00489721 0.0517544 -0.575306 -1.21449 141.287 
0.574274 0.856299 79128 1 -0.870313 0.375 78 1 1218 0.0372377 0.0036842 0.0545324 -0.601918 -1.23521 141.258 
0.51965 0.925265 79209 1 -0.876042 0.281731 79 1 1220 0.0376929 1.27003e-005 0.0572379 -0.649672 -1.25759 141.187 
0.551661 0.891681 79249 1 -0.876042 0.232692 80 1 1221 0.0377501 0.00618711 0.0558718 -0.588359 -1.23325 141.266 
0.556632 0.930144 79329 1 -0.876563 0.204808 81 1 1223 0.0366682 0.00727621 0.0576282 -0.57275 -1.25602 141.213 
0.558688 1.02573 79410 1 -0.877083 0.202885 82 1 1225 0.0369033 0.00708817 0.0592606 -0.578628 -1.27 141.212 
0.611661 1.27541 79489 1 -0.876042 0.202885 83 0 1227 0.0371321 0.00629558 0.0599714 -0.581358 -1.27802 141.203 
0.567883 1.29775 79529 1 -0.876042 0.202885 84 0 1228 0.0373481 0.0020546 0.0618332 -0.622881 -1.29952 141.218 
0.577831 1.31994 79610 1 -0.876042 0.202885 85 0 1230 0.037445 0.00396636 0.0604879 -0.6053 -1.27873 141.244 
0.550321 1.12028 79691 1 -0.876042 0.202885 86 1 1232 0.0367318 0.00495716 0.0631305 -0.587764 -1.34524 141.369 
0.538642 1.07543 79770 1 -0.877604 0.231731 87 1 1234 0.0349085 0.0064594 0.0585394 -0.59529 -1.32731 141.514 
0.507889 1.13463 79850 1 -0.878646 0.249038 88 1 1236 0.0350555 0.00110791 0.0586434 -0.675801 -1.35666 141.226 
0.494805 1.09855 79890 1 -0.860938 0.350962 89 1 1237 0.034061 -0.000814714 0.0559641 -0.702704 -1.33057 141.323 
0.50511 1.30129 79970 1 -0.810417 0.625962 90 0 1239 0.032345 -0.000360525 0.0551187 -0.702719 -1.31732 141.225 
0.510378 1.31843 80051 1 -0.784896 0.871154 91 0 1241 0.0330612 -2.4441e-005 0.0521638 -0.703322 -1.3039 141.157 
0.536639 1.36204 80131 1 -0.779687 0.950962 92 0 1243 0.0330083 0.00272976 0.0557713 -0.664247 -1.32397 141.312 
0.888363 1.76182 80171 1 -0.772396 0.961538 93 0 1244 0.0333072 0.00293442 0.0557204 -0.657859 -1.31691 141.338 
1.76832 4.03715 80250 1 -0.770833 0.961538 94 0 1246 0.0355883 -0.00283059 0.0519354 -0.71316 -1.22037 140.975 
1.70753 3.94894 80331 1 -0.769271 0.9625 95 0 1248 0.0368183 -0.00605712 0.0465993 -0.743826 -1.15448 140.939 
1.72044 3.90921 80371 1 -0.76875 0.9625 96 0 1249 0.0364887 -0.00411336 0.0488014 -0.715427 -1.16695 140.965 
1.72044 3.90921 80371 1 -0.768229 0.9625 97 0 1249 0.0364887 -0.00411336 0.0488014 -0.715427 -1.16695 140.965 
1.65441 3.71757 80533 1 -0.767188 0.961538 98 0 1253 0.0375399 -0.00394073 0.0480764 -0.715731 -1.14226 140.87 
1.68896 3.73786 80611 1 -0.765625 0.957692 99 0 1255 0.0368505 -0.00387008 0.0487732 -0.722646 -1.14963 140.913 
1.56985 3.79765 80651 1 -0.765104 0.956731 100 0 1256 0.0372143 -0.00410017 0.0480981 -0.727115 -1.15328 140.943 
1.6469 3.74124 80691 1 -0.764062 0.954808 101 0 1257 0.0367377 -0.00566703 0.0464143 -0.7432 -1.13265 140.911 
1.6469 3.74124 80691 1 -0.7625 0.951923 102 0 1257 0.0367377 -0.00566703 0.0464143 -0.7432 -1.13265 140.911 
1.72977 3.64491 80853 1 -0.761979 0.951923 103 0 1261 0.0377848 0.000165787 0.0487223 -0.656674 -1.13855 141.062 
1.68523 3.60801 80937 1 -0.759375 0.953846 104 0 1263 0.0379776 -0.00126916 0.0496562 -0.667007 -1.14367 140.957 
1.63821 3.62567 81012 1 -0.756771 0.958654 105 0 1265 0.0380656 -0.00355851 0.0498778 -0.690637 -1.14399 140.931 
1.63821 3.62567 81012 1 -0.751563 0.959615 106 0 1265 0.0380656 -0.00355851 0.0498778 -0.690637 -1.14399 140.931 
1.63899 3.52584 81052 1 -0.748958 0.960577 107 0 1266 0.0374159 -0.00298083 0.0495164 -0.681128 -1.13311 140.949 
1.68454 3.60368 81213 1 -0.746354 0.961538 108 0 1270 0.0370767 -0.00404912 0.0493441 -0.693383 -1.14122 141.019 
1.66011 3.49264 81293 1 -0.746354 0.961538 109 0 1272 0.0370936 -0.00237259 0.0511673 -0.676682 -1.14781 140.991 
1.62089 3.51185 81332 1 -0.752083 0.961538 110 0 1273 0.0373569 -0.00231528 0.0523953 -0.675205 -1.16215 141.058 
1.62089 3.51185 81332 1 -0.798958 0.960577 111 0 1273 0.0373569 -0.00231528 0.0523953 -0.675205 -1.16215 141.058 
1.6773 3.64283 81374 1 -0.859896 0.959615 112 0 1274 0.0378667 -0.00345941 0.0529843 -0.687321 -1.1686 141.055 
1.72306 3.61701 81576 1 -0.89375 0.955769 113 0 1279 0.0376393 -0.00484046 0.0480275 -0.689781 -1.14221 141.205 
1.65651 3.49615 81654 1 -0.897396 0.955769 114 0 1281 0.0373895 -0.00450506 0.0476952 -0.694263 -1.14009 141.225 
1.65651 3.49615 81654 1 -0.892708 0.945192 115 0 1281 0.0373895 -0.00450506 0.0476952 -0.694263 -1.14009 141.225 
1.68269 3.5651 81814 1 -0.815625 0.873077 116 0 1285 0.0373142 -0.00335742 0.0487327 -0.676787 -1.14825 141.201 
1.73155 3.58679 81855 1 -0.658854 0.747115 117 0 1286 0.0376626 -0.00322491 0.048654 -0.684899 -1.14772 141.193 
1.73376 3.60369 81934 1 -0.547396 0.670192 118 0 1288 0.0371917 -0.00356794 0.0488279 -0.700931 -1.14513 141.29 
1.66349 3.51564 81975 1 -0.505729 0.639423 119 0 1289 0.0368393 -0.0044543 0.0476178 -0.712269 -1.13873 141.308 
1.66349 3.51564 81975 1 -0.485938 0.628846 120 0 1289 0.0368393 -0.0044543 0.0476178 -0.712269 -1.13873 141.308 
1.83868 2.54012 82135 1 -0.483333 0.625 121 0 1293 0.0359758 -0.00342188 0.0503046 -0.710786 -1.18146 141.322 
1.66656 0.64067 82215 1 -0.482812 0.625 122 0 1295 0.0340764 0.00257633 0.0566082 -0.634504 -1.23313 141.19 
1.73054 0.774145 82296 1 -0.482812 0.625 123 0 1297 0.0343141 0.00351587 0.0579827 -0.628286 -1.22683 141.199 
1.73054 0.774145 82296 1 -0.482292 0.625 124 0 1297 0.0343141 0.00351587 0.0579827 -0.628286 -1.22683 141.199 
1.73293 0.743961 82415 1 -0.471354 0.623077 125 0 1300 0.0329673 0.00529045 0.0571264 -0.620637 -1.23202 141.25 
1.74342 0.731342 82495 1 -0.450521 0.615385 126 0 1302 0.0328494 0.00438556 0.0557775 -0.63784 -1.22927 141.3 
1.72602 0.75132 82576 1 -0.444271 0.610577 127 0 1304 0.033191 0.00180596 0.055538 -0.668165 -1.22139 141.38 
1.75569 0.761355 82616 1 -0.444271 0.610577 128 0 1305 0.0337329 0.0044865 0.0568088 -0.633091 -1.23455 141.369 
1.75569 0.761355 82616 1 -0.444271 0.610577 129 0 1305 0.0337329 0.0044865 0.0568088 -0.633091 -1.23455 141.369 
1.7824 0.884929 82776 1 -0.444271 0.610577 130 0 1309 0.0343684 0.00499017 0.0591555 -0.623696 -1.27511 141.474 
1.78554 0.879831 82816 1 -0.444271 0.610577 131 0 1310 0.0343235 0.00350606 0.0591183 -0.637077 -1.26255 141.452 
1.80756 0.82596 82896 1 -0.444271 0.610577 132 0 1312 0.0351571 0.00500039 0.0611062 -0.623452 -1.26763 141.423 
1.80966 0.898007 82936 1 -0.444271 0.610577 133 0 1313 0.0346325 0.00296346 0.0619954 -0.644783 -1.28802 141.451 
1.80966 0.898007 82936 1 -0.444271 0.610577 134 0 1313 0.0346325 0.00296346 0.0619954 -0.644783 -1.28802 141.451 
1.80228 0.885288 82977 1 -0.444271 0.610577 135 0 1314 0.0344928 0.00395125 0.060647 -0.632871 -1.27353 141.484 
1.80228 0.885288 82977 1 -0.444271 0.610577 136 0 1314 0.0344928 0.00395125 0.060647 -0.632871 -1.27353 141.484 
1.87074 0.796894 83096 1 -0.444271 0.610577 137 0 1317 0.0373676 0.00643977 0.059395 -0.593986 -1.24173 141.281 
1.86332 0.755865 83218 1 -0.444271 0.610577 138 0 1320 0.037363 0.00572065 0.0586001 -0.600409 -1.1988 141.239 
1.86332 0.755865 83218 1 -0.444271 0.610577 139 0 1320 0.037363 0.00572065 0.0586001 -0.600409 -1.1988 141.239 
1.84849 0.734253 83337 1 -0.444271 0.610577 140 0 1323 0.0375576 0.00751008 0.0568895 -0.586324 -1.20257 141.199 
1.84849 0.734253 83337 1 -0.444271 0.610577 141 0 1323 0.0375576 0.00751008 0.0568895 -0.586324 -1.20257 141.199 
1.85288 0.772294 83457 1 -0.444271 0.610577 142 0 1326 0.0379878 0.00692726 0.0580488 -0.607338 -1.23344 141.148 
1.88575 0.876958 83617 1 -0.444271 0.610577 143 0 1330 0.0383062 0.00718381 0.0603439 -0.607458 -1.26519 141.094 
1.76971 0.8687 83698 1 -0.444271 0.610577 144 0 1332 0.0351633 0.00272672 0.0602559 -0.664457 -1.26742 141.218 
1.76971 0.8687 83698 1 -0.444271 0.610577 145 0 1332 0.0351633 0.00272672 0.0602559 -0.664457 -1.26742 141.218 
1.88587 0.855921 83779 1 -0.444271 0.610577 146 0 1334 0.0375694 0.00664855 0.0590892 -0.609557 -1.24957 141.156 
1.88587 0.855921 83779 1 -0.444271 0.610577 147 0 1334 0.0375694 0.00664855 0.0590892 -0.609557 -1.24957 141.156 
1.87957 0.898971 83898 1 -0.444271 0.610577 148 0 1337 0.0374581 0.00914335 0.0619906 -0.577614 -1.28546 141.159 
1.87957 0.898971 83898 1 -0.444271 0.610577 149 0 1337 0.0374581 0.00914335 0.0619906 -0.577614 -1.28546 141.159 
1.85616 0.859589 84062 1 -0.444271 0.610577 150 0 1341 0.0374072 0.00647155 0.0591763 -0.605317 -1.25087 141.088 
1.85616 0.859589 84062 1 -0.442708 0.606731 151 0 1341 0.0374072 0.00647155 0.0591763 -0.605317 -1.25087 141.088 
0.15837 4.07696 84219 1 -0.441667 0.591346 152 0 1345 0.0374072 0.00647155 0.0591763 -0.605317 -1.25087 141.088 
0.15837 4.07696 84219 1 -0.441667 0.591346 153 0 1345 0.0374072 0.00647155 0.0591763 -0.605317 -1.25087 141.088 
0.102491 3.92088 84339 1 -0.441667 0.591346 154 0 1348 0.0363067 -0.00223847 0.0532733 -0.704526 -1.19118 141.315 
0.102491 3.92088 84339 1 -0.441667 0.591346 155 0 1348 0.0363067 -0.00223847 0.0532733 -0.704526 -1.19118 141.315 
0.0804438 3.71697 84459 1 -0.441667 0.591346 156 0 1351 0.0365654 -0.00508507 0.0507778 -0.727176 -1.17181 141.219 
0.0804438 3.71697 84459 1 -0.441667 0.591346 157 0 1351 0.0365654 -0.00508507 0.0507778 -0.727176 -1.17181 141.219 
0.0681991 3.64757 84579 1 -0.441667 0.591346 158 0 1354 0.0369018 -0.00360686 0.0491016 -0.709962 -1.17092 141.171 
0.0782307 3.50552 84700 1 -0.441667 0.591346 159 0 1357 0.0369308 -0.00561716 0.0476951 -0.730859 -1.15234 141.155 
0.0782307 3.50552 84700 1 -0.441667 0.591346 160 0 1357 0.0369308 -0.00561716 0.0476951 -0.730859 -1.15234 141.155 
0.231281 3.29462 84821 1 -0.441667 0.591346 161 0 1360 0.0350187 -0.0040715 0.0433428 -0.714848 -1.12711 141.38 
0.231281 3.29462 84821 1 -0.441667 0.591346 162 0 1360 0.0350187 -0.0040715 0.0433428 -0.714848 -1.12711 141.38 
0.327231 3.41237 84940 1 -0.441667 0.591346 163 0 1363 0.0355117 0.00640222 0.0438859 -0.582645 -1.10669 141.335 
0.327231 3.41237 84940 1 -0.441667 0.591346 164 0 1363 0.0355117 0.00640222 0.0438859 -0.582645 -1.10669 141.335 
0.145227 3.52862 85100 1 -0.441667 0.591346 165 0 1367 0.0363838 -0.0023646 0.0475111 -0.675272 -1.14983 141.233 
0.145227 3.52862 85100 1 -0.441667 0.591346 166 0 1367 0.0363838 -0.0023646 0.0475111 -0.675272 -1.14983 141.233 
0.133107 3.48509 85221 1 -0.441667 0.591346 167 0 1370 0.0364722 -0.00596117 0.0459017 -0.726341 -1.16332 141.129 
0.133107 3.48509 85221 1 -0.441667 0.591346 168 0 1370 0.0364722 -0.00596117 0.0459017 -0.726341 -1.16332 141.129 
0.150071 3.43048 85340 1 -0.441667 0.591346 169 0 1373 0.0359564 -0.00719197 0.0461603 -0.741051 -1.15331 141.16 
0.109008 3.39995 85461 1 -0.441667 0.591346 170 0 1376 0.0358536 -0.00720046 0.0456608 -0.739245 -1.12855 141.167 
0.109008 3.39995 85461 1 -0.441667 0.591346 171 0 1376 0.0358536 -0.00720046 0.0456608 -0.739245 -1.12855 141.167 
0.048619 3.45677 85581 1 -0.441667 0.591346 172 0 1379 0.0368278 -0.00631339 0.0460589 -0.729452 -1.11525 141.084 
0.048619 3.45677 85581 1 -0.441667 0.591346 173 0 1379 0.0368278 -0.00631339 0.0460589 -0.729452 -1.11525 141.084 
0.274986 3.20461 85701 1 -0.441667 0.591346 174 0 1382 0.0348773 -0.00152178 0.0448363 -0.673473 -1.11706 141.215 
0.274986 3.20461 85701 1 -0.441667 0.591346 175 0 1382 0.0348773 -0.00152178 0.0448363 -0.673473 -1.11706 141.215 
0.423527 3.18714 85821 1 -0.441667 0.591346 176 0 1385 0.0348387 0.00339759 0.0427799 -0.620242 -1.07434 141.221 
0.423527 3.18714 85821 1 -0.441667 0.591346 177 0 1385 0.0348387 0.00339759 0.0427799 -0.620242 -1.07434 141.221 
0.111399 3.31118 86063 1 -0.441667 0.591346 178 0 1391 0.035187 -0.00725219 0.0460139 -0.728858 -1.13083 141.176 
0.111399 3.31118 86063 1 -0.441667 0.591346 179 0 1391 0.035187 -0.00725219 0.0460139 -0.728858 -1.13083 141.176 
0.14762 3.28245 86102 1 -0.441667 0.591346 180 0 1392 0.0361552 -0.00615729 0.0459249 -0.723466 -1.11947 141.175 
0.14762 3.28245 86102 1 -0.441667 0.591346 181 0 1392 0.0361552 -0.00615729 0.0459249 -0.723466 -1.11947 141.175 
1.11554 1.57782 86222 1 -0.441667 0.591346 182 0 1395 0.0355529 0.00129529 0.0419683 -0.639739 -1.08041 141.145 
1.11554 1.57782 86222 1 -0.441667 0.591346 183 0 1395 0.0355529 0.00129529 0.0419683 -0.639739 -1.08041 141.145 
1.04988 1.54815 86343 1 -0.441667 0.591346 184 0 1398 0.033096 0.00134419 0.0406457 -0.65567 -1.06172 141.272 
1.04988 1.54815 86343 1 -0.441667 0.591346 185 0 1398 0.033096 0.00134419 0.0406457 -0.65567 -1.06172 141.272 
1.02081 1.60998 86462 1 -0.441667 0.591346 186 0 1401 0.0324684 -0.000263781 0.0405801 -0.680572 -1.04638 141.295 
1.01427 1.63434 86583 1 -0.441667 0.591346 187 0 1404 0.0323025 7.95836e-005 0.0373245 -0.676989 -1.01883 141.277 
1.02317 1.91626 86703 1 -0.441667 0.591346 188 0 1407 0.0341721 -0.00190245 0.0457094 -0.6969 -1.11193 141.184 
1.02317 1.91626 86703 1 -0.441667 0.591346 189 0 1407 0.0341721 -0.00190245 0.0457094 -0.6969 -1.11193 141.184 
1.05634 1.83567 86784 1 -0.441667 0.591346 190 0 1409 0.0330802 0.0012712 0.0417377 -0.657651 -1.04668 141.225 
1.05634 1.83567 86784 1 -0.441667 0.591346 191 0 1409 0.0330802 0.0012712 0.0417377 -0.657651 -1.04668 141.225 
0.991055 1.83035 86904 1 -0.441667 0.591346 192 0 1412 0.0328053 -0.00274592 0.0406618 -0.716171 -1.03472 141.007 
0.956273 1.88791 87024 1 -0.441667 0.591346 193 0 1415 0.0346623 -0.00434988 0.0452975 -0.749038 -1.09429 141.065 
0.975935 1.84089 87065 1 -0.441667 0.591346 194 0 1416 0.0319859 -0.0039186 0.0418781 -0.741382 -1.03588 140.957 
0.975935 1.84089 87065 1 -0.441667 0.591346 195 0 1416 0.0319859 -0.0039186 0.0418781 -0.741382 -1.03588 140.957 
0.975935 1.84089 87065 1 -0.441667 0.591346 196 0 1416 0.0319859 -0.0039186 0.0418781 -0.741382 -1.03588 140.957 
0.965661 1.73767 87185 1 -0.441667 0.591346 197 0 1419 0.0344445 -0.00581072 0.0407986 -0.747636 -1.01397 140.863 
1.02872 1.7461 87345 1 -0.441667 0.591346 198 0 1423 0.0344914 -0.00241205 0.0420186 -0.685219 -1.00217 140.807 
1.02872 1.7461 87345 1 -0.441667 0.591346 199 0 1423 0.0344914 -0.00241205 0.0420186 -0.685219 -1.00217 140.807 
1.01931 1.74869 87466 1 -0.441667 0.591346 200 0 1426 0.0332339 -0.00105491 0.0456491 -0.664711 -1.03552 140.69 
1.01931 1.74869 87466 1 -0.441667 0.591346 201 0 1426 0.0332339 -0.00105491 0.0456491 -0.664711 -1.03552 140.69 
0.993713 1.67687 87586 1 -0.441667 0.591346 202 0 1429 0.0311651 -0.000907852 0.0431945 -0.668977 -1.01182 140.595 
0.993713 1.67687 87586 1 -0.441667 0.591346 203 0 1429 0.0311651 -0.000907852 0.0431945 -0.668977 -1.01182 140.595 
1.0085 1.71215 87705 1 -0.441667 0.591346 204 0 1432 0.0307912 0.00190008 0.0474766 -0.648623 -1.04578 140.74 
1.00714 1.73148 87826 1 -0.441667 0.591346 205 0 1435 0.0316331 0.000357144 0.0470905 -0.664464 -1.06578 140.657 
1.00714 1.73148 87826 1 -0.441667 0.591346 206 0 1435 0.0316331 0.000357144 0.0470905 -0.664464 -1.06578 140.657 
0.979228 1.67485 87946 1 -0.441667 0.591346 207 0 1438 0.0306742 -0.00163638 0.0434247 -0.688212 -1.03104 140.745 
0.979228 1.67485 87946 1 -0.441667 0.591346 208 0 1438 0.0306742 -0.00163638 0.0434247 -0.688212 -1.03104 140.745 
0.932982 1.56649 88066 1 -0.441667 0.591346 209 0 1441 0.0350893 -0.00787254 0.0329917 -0.751261 -0.910241 140.258 
0.932982 1.56649 88066 1 -0.441667 0.591346 210 0 1441 0.0350893 -0.00787254 0.0329917 -0.751261 -0.910241 140.258 
0.886347 1.53517 88187 1 -0.441667 0.591346 211 0 1444 0.0344355 -0.00938564 0.0280041 -0.781145 -0.873596 140.128 
0.869781 1.54202 88307 1 -0.441667 0.591346 212 0 1447 0.034663 -0.011579 0.0274751 -0.814608 -0.877132 140.142 
0.869781 1.54202 88307 1 -0.440104 0.596154 213 0 1447 0.034663 -0.011579 0.0274751 -0.814608 -0.877132 140.142 
0.965856 1.52623 88427 1 -0.439583 0.597115 214 0 1450 0.0338572 -0.00887139 0.0297913 -0.779898 -0.928338 140.276 
0.942695 1.59869 88547 1 -0.439583 0.597115 215 0 1453 0.0348801 -0.0120304 0.0328434 -0.811475 -0.957962 140.268 
0.933449 1.59526 88587 1 -0.439583 0.597115 216 0 1454 0.0342827 -0.00816999 0.0277208 -0.765489 -0.895799 140.285 
0.933449 1.59526 88587 1 -0.439063 0.597115 217 0 1454 0.0342827 -0.00816999 0.0277208 -0.765489 -0.895799 140.285 
0.901752 1.61017 88707 1 -0.439063 0.597115 218 0 1457 0.0342111 -0.0115412 0.026547 -0.815662 -0.897272 140.269 
0.875783 1.51111 88827 1 -0.438542 0.596154 219 0 1460 0.0336774 -0.0130768 0.0295939 -0.845272 -0.953143 140.455 
0.875783 1.51111 88827 1 -0.438021 0.596154 220 0 1460 0.0336774 -0.0130768 0.0295939 -0.845272 -0.953143 140.455 
0.91766 1.59062 88948 1 -0.438021 0.597115 221 0 1463 0.0337791 -0.0114651 0.0296293 -0.817592 -0.931437 140.437 
0.91766 1.59062 88948 1 -0.435937 0.603846 222 0 1463 0.0337791 -0.0114651 0.0296293 -0.817592 -0.931437 140.437 
0.909287 1.60653 89108 1 -0.434896 0.609615 223 0 1467 0.0336673 -0.00334502 0.0129993 -0.73403 -0.747213 140.34 
0.909287 1.60653 89108 1 -0.434896 0.609615 224 0 1467 0.0336673 -0.00334502 0.0129993 -0.73403 -0.747213 140.34 
0.897015 1.78887 89228 1 -0.434896 0.609615 225 0 1470 0.0336832 -0.00984779 0.027951 -0.808066 -0.899708 140.424 
0.897015 1.78887 89228 1 -0.434896 0.609615 226 0 1470 0.0336832 -0.00984779 0.027951 -0.808066 -0.899708 140.424 
0.825739 2.35145 89348 1 -0.434896 0.615385 227 0 1473 0.0336832 -0.00984779 0.027951 -0.808066 -0.899708 140.424 
0.823747 2.20805 89469 1 -0.434896 0.615385 228 0 1476 0.0337711 -0.0151413 0.0275187 -0.886656 -0.86379 140.35 
0.823747 2.20805 89469 1 -0.434896 0.615385 229 0 1476 0.0337711 -0.0151413 0.0275187 -0.886656 -0.86379 140.35 
0.832602 2.1442 89589 1 -0.434896 0.615385 230 0 1479 0.0336411 -0.0149786 0.0265975 -0.88449 -0.852332 140.36 
0.832602 2.1442 89589 1 -0.434896 0.615385 231 0 1479 0.0336411 -0.0149786 0.0265975 -0.88449 -0.852332 140.36 
0.835296 2.1364 89709 1 -0.434896 0.615385 232 0 1482 0.0338547 -0.0142651 0.0270377 -0.868379 -0.857545 140.38 
0.835296 2.1364 89709 1 -0.434896 0.615385 233 0 1482 0.0338547 -0.0142651 0.0270377 -0.868379 -0.857545 140.38 
0.88628 2.187 89830 1 -0.434896 0.615385 234 0 1485 0.033809 -0.011861 0.028342 -0.822978 -0.87097 140.201 
0.821673 1.85962 89949 1 -0.434896 0.615385 235 0 1488 0.0343284 -0.00999682 0.0233511 -0.812893 -0.821969 140.217 
0.821673 1.85962 89949 1 -0.434896 0.615385 236 0 1488 0.0343284 -0.00999682 0.0233511 -0.812893 -0.821969 140.217 
0.771621 1.70932 90070 1 -0.434896 0.615385 237 0 1491 0.0341864 -0.0131339 0.0169363 -0.866566 -0.754824 140.281 
0.771621 1.70932 90070 1 -0.438542 0.633654 238 0 1491 0.0341864 -0.0131339 0.0169363 -0.866566 -0.754824 140.281 
0.873187 1.56031 90190 1 -0.46875 0.741346 239 0 1494 0.0339962 -0.0142764 0.0300397 -0.892069 -0.897227 140.268 
0.873187 1.56031 90190 1 -0.525521 0.878846 240 0 1494 0.0339962 -0.0142764 0.0300397 -0.892069 -0.897227 140.268 
0.876321 1.45775 90310 1 -0.557292 0.925 241 0 1497 0.0337364 -0.0149676 0.0300299 -0.89548 -0.881571 140.279 
0.915807 1.39214 90430 1 -0.600521 0.975962 242 0 1500 0.0346626 -0.0116918 0.0357622 -0.859572 -0.945206 140.327 
0.915807 1.39214 90430 1 -0.759375 1.01635 243 0 1500 0.0346626 -0.0116918 0.0357622 -0.859572 -0.945206 140.327 
0.936194 1.31944 90551 1 -0.801562 1.01346 244 0 1503 0.0348374 -0.0124146 0.0305724 -0.892325 -0.88657 140.35 
0.936194 1.31944 90551 1 -0.808854 1.00673 245 0 1503 0.0348374 -0.0124146 0.0305724 -0.892325 -0.88657 140.35 
0.854837 1.7333 90711 1 -0.808333 1.00481 246 0 1507 0.0344432 -0.0110941 0.0317991 -0.879543 -0.884642 140.383 
0.854837 1.7333 90711 1 -0.806771 0.993269 247 0 1507 0.0344432 -0.0110941 0.0317991 -0.879543 -0.884642 140.383 
0.849992 1.80057 90832 1 -0.805208 0.986538 248 0 1510 0.0347305 -0.0115991 0.0366811 -0.882725 -0.931215 140.347 
0.824644 1.82476 90952 1 -0.804688 0.980769 249 0 1513 0.0345451 -0.0108564 0.0373858 -0.861132 -0.933526 140.42 
0.824644 1.82476 90952 1 -0.803646 0.976923 250 0 1513 0.0345451 -0.0108564 0.0373858 -0.861132 -0.933526 140.42 
0.81738 1.76939 91072 1 -0.803125 0.973077 251 0 1516 0.0346607 -0.0170885 0.0331836 -0.907852 -0.896103 140.428 
0.81738 1.76939 91072 1 -0.803125 0.971154 252 0 1516 0.0346607 -0.0170885 0.0331836 -0.907852 -0.896103 140.428 
0.830059 1.7534 91192 1 -0.802604 0.969231 253 0 1519 0.0351772 -0.0176105 0.0306116 -0.897902 -0.873111 140.377 
0.903448 1.89838 91313 1 -0.802083 0.968269 254 0 1522 0.0349232 -0.0133616 0.0359908 -0.856451 -0.919069 140.408 
0.903448 1.89838 91313 1 -0.802083 0.968269 255 0 1522 0.0349232 -0.0133616 0.0359908 -0.856451 -0.919069 140.408 
0.880158 1.98249 91432 1 -0.797917 0.968269 256 0 1525 0.0345797 -0.0143548 0.0358492 -0.865194 -0.907445 140.23 
0.880158 1.98249 91432 1 -0.789583 0.967308 257 0 1525 0.0345797 -0.0143548 0.0358492 -0.865194 -0.907445 140.23 
0.832226 2.39197 91553 1 -0.782292 0.966346 258 0 1528 0.0368184 -0.0125902 0.0401443 -0.834436 -0.936174 140.281 
0.832226 2.39197 91553 1 -0.770312 0.966346 259 0 1528 0.0368184 -0.0125902 0.0401443 -0.834436 -0.936174 140.281 
0.867189 2.22821 91713 1 -0.763542 0.966346 260 0 1532 0.0350539 -0.00958301 0.0358409 -0.797182 -0.896066 140.344 
0.867189 2.22821 91713 1 -0.75625 0.966346 261 0 1532 0.0350539 -0.00958301 0.0358409 -0.797182 -0.896066 140.344 
0.835681 2.2088 91833 1 -0.754687 0.967308 262 0 1535 0.0347898 -0.00895088 0.0373503 -0.805353 -0.900236 140.46 
0.79782 2.20573 91953 1 -0.753646 0.967308 263 0 1538 0.0370785 -0.0108823 0.0425288 -0.829653 -0.967614 140.378 
0.791179 2.113 91994 1 -0.752083 0.967308 264 0 1539 0.0339285 -0.0116003 0.0393189 -0.834754 -0.930749 140.389 
0.876338 2.20205 92114 1 -0.752083 0.967308 265 0 1542 0.0362533 -0.00845059 0.0455047 -0.796245 -0.968035 140.431 
0.873993 1.96926 92194 1 -0.752083 0.967308 266 0 1544 0.0348775 -0.00818255 0.0438912 -0.778196 -0.929063 140.47 
0.873993 1.96926 92194 1 -0.752083 0.967308 267 0 1544 0.0348775 -0.00818255 0.0438912 -0.778196 -0.929063 140.47 
0.887532 1.69901 92315 1 -0.752083 0.966346 268 0 1547 0.0367978 -0.00829417 0.0443118 -0.781292 -0.944096 140.369 
0.887532 1.69901 92315 1 -0.751042 0.966346 269 0 1547 0.0367978 -0.00829417 0.0443118 -0.781292 -0.944096 140.369 
0.961966 1.52315 92435 1 -0.748437 0.966346 270 0 1550 0.0364764 -0.00420507 0.0464219 -0.759205 -0.983747 140.428 
0.925393 1.45895 92554 1 -0.747396 0.966346 271 0 1553 0.0367089 -0.00844047 0.0464437 -0.817213 -0.98258 140.262 
0.925393 1.45895 92554 1 -0.747396 0.966346 272 0 1553 0.0367089 -0.00844047 0.0464437 -0.817213 -0.98258 140.262 
0.963446 1.3919 92635 1 -0.747396 0.966346 273 0 1555 0.036363 -0.00331958 0.0475556 -0.761312 -0.968463 140.16 
0.942904 1.39676 92755 1 -0.746354 0.965385 274 0 1558 0.0365777 -0.00649829 0.051951 -0.804007 -0.966747 139.916 
0.942904 1.39676 92755 1 -0.745833 0.965385 275 0 1558 0.0365777 -0.00649829 0.051951 -0.804007 -0.966747 139.916 
0.937283 1.28531 92836 1 -0.741146 0.946154 276 0 1560 0.0352316 -0.0020844 0.0509075 -0.779285 -0.914168 139.72 
0.997087 1.5844 92955 1 -0.727604 0.859615 277 0 1563 0.0334931 0.00189201 0.0523536 -0.752794 -0.920932 139.843 
0.95535 1.66843 93076 1 -0.719271 0.756731 278 0 1566 0.0347507 -0.000576717 0.0525345 -0.790204 -0.933494 139.834 
0.95535 1.66843 93076 1 -0.716667 0.702885 279 0 1566 0.0347507 -0.000576717 0.0525345 -0.790204 -0.933494 139.834 
1.01471 1.64528 93117 1 -0.715625 0.673077 280 0 1567 0.0342456 0.00521407 0.0513986 -0.732444 -0.918561 139.96 
1.01471 1.64528 93117 1 -0.7125 0.661538 281 0 1567 0.0342456 0.00521407 0.0513986 -0.732444 -0.918561 139.96 
1.43682 1.82323 93236 1 -0.7125 0.658654 282 0 1570 0.0321246 0.00545492 0.0490179 -0.749323 -0.898668 140.038 
1.44854 1.83734 93356 1 -0.7125 0.658654 283 0 1573 0.0336031 0.00600785 0.0473933 -0.736879 -0.877011 140.015 
1.44854 1.83734 93356 1 -0.7125 0.658654 284 0 1573 0.0336031 0.00600785 0.0473933 -0.736879 -0.877011 140.015 
1.50331 1.70311 93477 1 -0.7125 0.658654 285 0 1576 0.0370274 0.00761039 0.0488293 -0.70485 -0.864602 139.935 
1.50331 1.70311 93477 1 -0.7125 0.658654 286 0 1576 0.0370274 0.00761039 0.0488293 -0.70485 -0.864602 139.935 
1.70246 1.83736 93597 1 -0.7125 0.658654 287 0 1579 0.0433973 0.00980431 0.0605045 -0.672859 -0.913591 139.74 
1.70246 1.83736 93597 1 -0.7125 0.658654 288 0 1579 0.0433973 0.00980431 0.0605045 -0.672859 -0.913591 139.74 
1.87143 1.59511 93717 1 -0.7125 0.658654 289 0 1582 0.0490177 0.0081079 0.0615957 -0.709902 -0.873949 139.639 
1.87143 1.59511 93717 1 -0.7125 0.658654 290 0 1582 0.0490177 0.0081079 0.0615957 -0.709902 -0.873949 139.639 
1.92471 1.63034 93837 1 -0.7125 0.658654 291 0 1585 0.0536002 0.0161215 0.0672976 -0.636295 -0.909336 139.549 
1.92471 1.63034 93837 1 -0.7125 0.658654 292 0 1585 0.0536002 0.0161215 0.0672976 -0.636295 -0.909336 139.549 
1.51122 1.84482 93958 1 -0.7125 0.658654 293 0 1588 0.0532562 0.00904781 0.0599425 -0.703282 -0.80623 139.561 
1.54157 1.95771 94077 1 -0.7125 0.658654 294 0 1591 0.0530503 0.0100817 0.0667524 -0.65816 -0.886805 139.465 
1.54157 1.95771 94077 1 -0.7125 0.658654 295 0 1591 0.0530503 0.0100817 0.0667524 -0.65816 -0.886805 139.465 
1.49411 1.7649 94238 1 -0.7125 0.658654 296 0 1595 0.054676 0.00313099 0.0528759 -0.674886 -0.749185 139.868 
1.49411 1.7649 94238 1 -0.7125 0.658654 297 0 1595 0.054676 0.00313099 0.0528759 -0.674886 -0.749185 139.868 
1.74804 1.81983 94359 1 -0.7125 0.658654 298 0 1598 0.0536509 0.00133079 0.0612798 -0.6845 -0.819116 139.809 
1.74804 1.81983 94359 1 -0.7125 0.658654 299 0 1598 0.0536509 0.00133079 0.0612798 -0.6845 -0.819116 139.809 
1.79924 1.86487 94478 1 -0.7125 0.658654 300 0 1601 0.0540834 0.00442898 0.0641737 -0.647044 -0.872741 139.882 
1.79924 1.86487 94478 1 -0.705208 0.648077 301 0 1601 0.0540834 0.00442898 0.0641737 -0.647044 -0.872741 139.882 
1.80432 1.49984 94598 1 -0.697917 0.633654 302 0 1604 0.0526695 0.00415908 0.065161 -0.666825 -0.878996 139.764 
1.84416 1.32735 94719 1 -0.696354 0.627885 303 0 1607 0.0516329 0.00717376 0.0597266 -0.654856 -0.828876 139.898 
1.84416 1.32735 94719 1 -0.696354 0.625 304 0 1607 0.0516329 0.00717376 0.0597266 -0.654856 -0.828876 139.898 
1.87739 1.39089 94839 1 -0.696354 0.623077 305 0 1610 0.0529944 0.00764451 0.0671073 -0.6107 -0.905322 139.875 
1.87739 1.39089 94839 1 -0.695833 0.620192 306 0 1610 0.0529944 0.00764451 0.0671073 -0.6107 -0.905322 139.875 
1.86255 1.19864 95000 1 -0.695833 0.620192 307 0 1614 0.0535188 0.00731996 0.0585197 -0.634246 -0.836129 139.953 
1.86255 1.19864 95000 1 -0.695833 0.620192 308 0 1614 0.0535188 0.00731996 0.0585197 -0.634246 -0.836129 139.953 
1.8744 1.14387 95120 1 -0.695833 0.620192 309 0 1617 0.0519781 0.00792107 0.0610315 -0.674811 -0.869347 139.91 
1.90058 1.12175 95239 1 -0.695833 0.619231 310 0 1620 0.051598 0.00968084 0.0589556 -0.652686 -0.858892 140.002 
1.90058 1.12175 95239 1 -0.695833 0.619231 311 0 1620 0.051598 0.00968084 0.0589556 -0.652686 -0.858892 140.002 
1.87463 1.16767 95360 1 -0.695833 0.618269 312 0 1623 0.0522381 0.00502842 0.0591728 -0.676707 -0.876899 139.98 
1.87463 1.16767 95360 1 -0.695833 0.618269 313 0 1623 0.0522381 0.00502842 0.0591728 -0.676707 -0.876899 139.98 
1.82107 1.4227 95481 1 -0.695833 0.618269 314 0 1626 0.0520527 0.00501314 0.0623021 -0.657625 -0.900086 140.051 
1.82107 1.4227 95481 1 -0.695833 0.618269 315 0 1626 0.0520527 0.00501314 0.0623021 -0.657625 -0.900086 140.051 
1.7735 1.47347 95600 1 -0.695833 0.618269 316 0 1629 0.0514824 0.00287315 0.060981 -0.680362 -0.91454 139.973 
1.7735 1.47347 95600 1 -0.695833 0.618269 317 0 1629 0.0514824 0.00287315 0.060981 -0.680362 -0.91454 139.973 
1.45136 1.42927 95761 1 -0.695833 0.618269 318 0 1633 0.0519035 0.00634437 0.0560803 -0.647632 -0.861793 140.054 
1.46378 1.59935 95881 1 -0.695833 0.618269 319 0 1636 0.0509928 0.00834151 0.0657907 -0.637425 -0.963841 140.183 
1.46378 1.59935 95881 1 -0.695833 0.618269 320 0 1636 0.0509928 0.00834151 0.0657907 -0.637425 -0.963841 140.183 
1.43475 1.4424 96001 1 -0.695833 0.618269 321 0 1639 0.0509796 0.00876356 0.055256 -0.637954 -0.848011 139.978 
1.12588 1.29755 96121 1 -0.695833 0.618269 322 0 1642 0.0507824 0.00552124 0.0568101 -0.662561 -0.839918 139.63 
1.12588 1.29755 96121 1 -0.695833 0.618269 323 0 1642 0.0507824 0.00552124 0.0568101 -0.662561 -0.839918 139.63 
1.13568 1.21703 96242 1 -0.695833 0.618269 324 0 1645 0.0489672 0.00687656 0.0594264 -0.661573 -0.855457 139.55 
1.13568 1.21703 96242 1 -0.695833 0.618269 325 0 1645 0.0489672 0.00687656 0.0594264 -0.661573 -0.855457 139.55 
1.05349 1.08388 96362 1 -0.695833 0.618269 326 1 1648 0.0479481 0.0122214 0.0631599 -0.625895 -0.87737 139.516 
1.05349 1.08388 96362 1 -0.695833 0.618269 327 1 1648 0.0479481 0.0122214 0.0631599 -0.625895 -0.87737 139.516 
1.05117 1.06483 96482 1 -0.695833 0.618269 328 1 1651 0.0476023 0.0103552 0.0651139 -0.660477 -0.899434 139.502 
1.26164 1.15344 96603 1 -0.695833 0.618269 329 0 1654 0.047823 0.0124628 0.0684197 -0.624647 -0.934717 139.497 
1.26164 1.15344 96603 1 -0.695833 0.618269 330 0 1654 0.047823 0.0124628 0.0684197 -0.624647 -0.934717 139.497 
1.24644 1.12203 96723 1 -0.695833 0.618269 331 0 1657 0.0483142 0.00966241 0.0680626 -0.643494 -0.915269 139.53 
1.24644 1.12203 96723 1 -0.695833 0.618269 332 0 1657 0.0483142 0.00966241 0.0680626 -0.643494 -0.915269 139.53 
1.27125 1.1376 96843 1 -0.695833 0.618269 333 0 1660 0.0485591 0.00617214 0.0660809 -0.681431 -0.91238 139.562 
1.31937 1.1246 96963 1 -0.695833 0.618269 334 0 1663 0.0476532 0.00984381 0.0659694 -0.662183 -0.913774 139.506 
1.30118 1.14108 97084 1 -0.695833 0.618269 335 0 1666 0.0473615 0.00790435 0.0651044 -0.687289 -0.920752 139.619 
1.30118 1.14108 97084 1 -0.695833 0.618269 336 0 1666 0.0473615 0.00790435 0.0651044 -0.687289 -0.920752 139.619 
1.35681 1.15643 97164 1 -0.695833 0.618269 337 0 1668 0.0482932 0.00981053 0.0631509 -0.658683 -0.920568 139.567 
1.35681 1.15643 97164 1 -0.695833 0.618269 338 0 1668 0.0482932 0.00981053 0.0631509 -0.658683 -0.920568 139.567 
0.875219 1.13823 97284 1 -0.695833 0.618269 339 1 1671 0.0479389 0.00403847 0.0574431 -0.687589 -0.886398 139.668 
0.875219 1.13823 97284 1 -0.695833 0.618269 340 1 1671 0.0479389 0.00403847 0.0574431 -0.687589 -0.886398 139.668 
0.724974 1.16547 97404 1 -0.695833 0.618269 341 1 1674 0.0490102 -0.00162193 0.0620725 -0.711023 -0.977062 139.768 
0.724974 1.16547 97404 1 -0.695833 0.618269 342 1 1674 0.0490102 -0.00162193 0.0620725 -0.711023 -0.977062 139.768 
0.779434 1.17638 97524 1 -0.695833 0.618269 343 1 1677 0.0493799 0.000356426 0.0600165 -0.651104 -0.958471 139.751 
0.779434 1.17638 97524 1 -0.695833 0.618269 344 1 1677 0.0493799 0.000356426 0.0600165 -0.651104 -0.958471 139.751 
1.28428 1.31353 97644 1 -0.695833 0.618269 345 0 1680 0.0497035 0.00291071 0.0629287 -0.600223 -0.971426 139.645 
1.32315 1.36294 97765 1 -0.695833 0.618269 346 0 1683 0.050568 0.00455924 0.0606128 -0.561769 -0.939929 139.523 
1.32315 1.36294 97765 1 -0.695833 0.618269 347 0 1683 0.050568 0.00455924 0.0606128 -0.561769 -0.939929 139.523 
1.29501 1.36267 97885 1 -0.695833 0.618269 348 0 1686 0.0488142 1.35047e-005 0.0614879 -0.601936 -0.955538 139.761 
1.29063 1.36979 98005 1 -0.695833 0.618269 349 0 1689 0.0490249 0.000125077 0.0612876 -0.598759 -0.960606 139.723 
1.29063 1.36979 98005 1 -0.695833 0.618269 350 0 1689 0.0490249 0.000125077 0.0612876 -0.598759 -0.960606 139.723 
1.29012 1.30916 98086 1 -0.695833 0.618269 351 0 1691 0.0505802 0.000704086 0.0606202 -0.601862 -0.960612 139.799 
1.32092 1.25285 98206 1 -0.695833 0.618269 352 0 1694 0.0491567 0.00344076 0.0579336 -0.584149 -0.935058 139.715 
1.32092 1.25285 98206 1 -0.695833 0.618269 353 0 1694 0.0491567 0.00344076 0.0579336 -0.584149 -0.935058 139.715 
0.828671 1.38265 98326 1 -0.695833 0.618269 354 0 1697 0.0466226 0.00379201 0.0557354 -0.588107 -0.936128 139.785 
0.828671 1.38265 98326 1 -0.695833 0.618269 355 0 1697 0.0466226 0.00379201 0.0557354 -0.588107 -0.936128 139.785 
0.82762 1.38543 98446 1 -0.695833 0.618269 356 0 1700 0.0462984 0.000927974 0.0555952 -0.640358 -0.920232 139.826 
0.82762 1.38543 98446 1 -0.695833 0.618269 357 0 1700 0.0462984 0.000927974 0.0555952 -0.640358 -0.920232 139.826 
0.721961 1.4737 98567 1 -0.695833 0.618269 358 0 1703 0.0471715 0.00083582 0.0538862 -0.656189 -0.866284 139.776 
0.578429 1.55762 98686 1 -0.695833 0.618269 359 0 1706 0.0474363 -0.00376862 0.0631643 -0.700282 -0.930381 139.949 
0.578429 1.55762 98686 1 -0.695833 0.618269 360 0 1706 0.0474363 -0.00376862 0.0631643 -0.700282 -0.930381 139.949 
0.500037 1.49481 98807 1 -0.695833 0.618269 361 0 1709 0.0408247 -0.00541248 0.0716305 -0.659959 -0.943945 139.665 
0.500037 1.49481 98807 1 -0.695833 0.618269 362 0 1709 0.0408247 -0.00541248 0.0716305 -0.659959 -0.943945 139.665 
0.473117 1.44305 98927 1 -0.695833 0.618269 363 0 1712 0.0386148 -0.00676639 0.073662 -0.673375 -0.931202 139.553 
0.513086 1.41823 99047 1 -0.695833 0.618269 364 0 1715 0.0379503 -0.00727263 0.0733154 -0.67364 -0.956973 139.751 
0.513086 1.41823 99047 1 -0.695833 0.618269 365 0 1715 0.0379503 -0.00727263 0.0733154 -0.67364 -0.956973 139.751 
0.483321 1.35107 99167 1 -0.695833 0.618269 366 0 1718 0.0349347 -0.0131062 0.0679373 -0.717237 -0.903264 139.504 
0.483321 1.35107 99167 1 -0.695833 0.618269 367 0 1718 0.0349347 -0.0131062 0.0679373 -0.717237 -0.903264 139.504 
0.403484 1.59855 99288 1 -0.695833 0.618269 368 0 1721 0.0346331 -0.00915568 0.0709578 -0.704421 -0.91819 139.689 
0.463478 1.58937 99407 1 -0.695833 0.618269 369 0 1724 0.0335772 -0.00466641 0.0706456 -0.673269 -0.910788 139.544 
0.459795 1.59248 99448 1 -0.695833 0.618269 370 0 1725 0.0340928 -0.00597418 0.0700409 -0.702439 -0.904087 139.486 
0.459795 1.59248 99448 1 -0.695833 0.618269 371 0 1725 0.0340928 -0.00597418 0.0700409 -0.702439 -0.904087 139.486 
0.443635 1.57038 99568 1 -0.695833 0.618269 372 0 1728 0.0347078 -0.0118094 0.0681663 -0.776558 -0.882491 139.429 
0.443635 1.57038 99568 1 -0.695833 0.618269 373 0 1728 0.0347078 -0.0118094 0.0681663 -0.776558 -0.882491 139.429 
0.50083 1.52657 99729 1 -0.695833 0.618269 374 0 1732 0.033083 -0.00625815 0.0673792 -0.72812 -0.886692 139.331 
0.50083 1.52657 99729 1 -0.695833 0.618269 375 0 1732 0.033083 -0.00625815 0.0673792 -0.72812 -0.886692 139.331 
0.51274 1.5212 99848 1 -0.721354 0.696154 376 0 1735 0.0336969 -0.00614951 0.0680556 -0.727592 -0.881382 139.377 
0.266201 1.64035 99969 1 -0.735417 0.814423 377 0 1738 0.0337682 -0.0057749 0.0703154 -0.72215 -0.907636 139.309 
0.266201 1.64035 99969 1 -0.751563 0.909615 378 0 1738 0.0337682 -0.0057749 0.0703154 -0.72215 -0.907636 139.309 
0.272376 1.58878 100090 1 -0.770312 0.959615 379 0 1741 0.0331533 -0.00535103 0.0687031 -0.718189 -0.89738 139.213 
0.272376 1.58878 100090 1 -0.780208 0.975 380 0 1741 0.0331533 -0.00535103 0.0687031 -0.718189 -0.89738 139.213 
0.272469 1.5555 100209 1 -0.780208 0.975962 381 0 1744 0.0333728 -0.00680188 0.0674071 -0.729169 -0.879469 139.108 
0.272469 1.5555 100209 1 -0.777083 0.968269 382 0 1744 0.0333728 -0.00680188 0.0674071 -0.729169 -0.879469 139.108 
0.28562 1.67568 100370 1 -0.775 0.963462 383 0 1748 0.0345372 -0.00837036 0.0669829 -0.741433 -0.890663 139.143 
0.50357 2.17111 100491 1 -0.774479 0.958654 384 0 1751 0.0356961 -0.00584861 0.0566438 -0.688594 -0.771303 139.632 
0.50357 2.17111 100491 1 -0.774479 0.957692 385 0 1751 0.0356961 -0.00584861 0.0566438 -0.688594 -0.771303 139.632 
0.458585 2.03711 100610 1 -0.774479 0.957692 386 0 1754 0.0373584 -0.00960216 0.0543568 -0.73167 -0.780522 139.391 
0.459194 2.14876 100690 1 -0.774479 0.957692 387 0 1756 0.0346164 -0.0068259 0.0604201 -0.702451 -0.858927 139.333 
0.473424 1.91377 100772 1 -0.774479 0.958654 388 0 1758 0.0347023 -0.00833412 0.0509194 -0.727616 -0.755227 139.643 
0.473424 1.91377 100772 1 -0.774479 0.958654 389 0 1758 0.0347023 -0.00833412 0.0509194 -0.727616 -0.755227 139.643 
0.449399 1.99154 100891 1 -0.774479 0.959615 390 0 1761 0.0348242 -0.0116913 0.0512516 -0.783796 -0.7809 139.522 
0.449399 1.99154 100891 1 -0.772917 0.959615 391 0 1761 0.0348242 -0.0116913 0.0512516 -0.783796 -0.7809 139.522 
0.443786 2.07018 101011 1 -0.771875 0.959615 392 0 1764 0.0336299 -0.00912012 0.0558954 -0.774084 -0.817054 139.748 
0.443786 2.07018 101011 1 -0.771875 0.959615 393 0 1764 0.0336299 -0.00912012 0.0558954 -0.774084 -0.817054 139.748 
0.593525 2.26014 101253 1 -0.771875 0.959615 394 0 1770 0.03329 -0.00882806 0.0587352 -0.747887 -0.896573 139.718 
0.593525 2.26014 101253 1 -0.765625 0.960577 395 0 1770 0.03329 -0.00882806 0.0587352 -0.747887 -0.896573 139.718 
0.570227 1.98919 101331 1 -0.744792 0.9625 396 0 1772 0.0339711 -0.0104208 0.049 -0.758596 -0.779866 140.028 
0.570227 1.98919 101331 1 -0.738021 0.9625 397 0 1772 0.0339711 -0.0104208 0.049 -0.758596 -0.779866 140.028 
0.696537 2.01929 101452 1 -0.738021 0.9625 398 0 1775 0.0323681 -0.00414854 0.0476505 -0.680403 -0.757661 140.08 
0.696537 2.01929 101452 1 -0.738021 0.9625 399 0 1775 0.0323681 -0.00414854 0.0476505 -0.680403 -0.757661 140.08 
0.699389 2.0333 101573 1 -0.738021 0.9625 400 0 1778 0.0334543 -0.00718244 0.0465614 -0.699424 -0.740747 140.037 
0.731509 2.2996 101692 1 -0.735938 0.963462 401 0 1781 0.0348472 -0.00873618 0.0551111 -0.695703 -0.852438 139.587 
0.731509 2.2996 101692 1 -0.727083 0.963462 402 0 1781 0.0348472 -0.00873618 0.0551111 -0.695703 -0.852438 139.587 
0.718469 2.28187 101853 1 -0.717708 0.963462 403 0 1785 0.0354334 -0.0101134 0.0557805 -0.708946 -0.835451 139.568 
0.718469 2.28187 101853 1 -0.717708 0.9625 404 0 1785 0.0354334 -0.0101134 0.0557805 -0.708946 -0.835451 139.568 
0.772027 1.97944 101934 1 -0.717708 0.9625 405 0 1787 0.0331341 -0.0103589 0.0486693 -0.717016 -0.754294 140.048 
0.946178 2.20724 102013 1 -0.717708 0.9625 406 0 1789 0.0355486 -0.00967451 0.0546344 -0.713264 -0.836599 139.617 
0.971623 1.97758 102093 1 -0.717708 0.9625 407 0 1791 0.0336325 -0.00837918 0.0494899 -0.699739 -0.763556 139.931 
0.971623 1.97758 102093 1 -0.717708 0.9625 408 0 1791 0.0336325 -0.00837918 0.0494899 -0.699739 -0.763556 139.931 
0.94787 1.93629 102213 1 -0.720833 0.959615 409 0 1794 0.0332378 -0.00900785 0.0526928 -0.70591 -0.79252 139.858 
0.96847 2.04479 102334 1 -0.751563 0.902885 410 0 1797 0.0351197 -0.0106628 0.0568426 -0.725435 -0.840691 139.46 
-6.77071 9.43833 102415 1 -0.791667 0.758654 411 0 1799 0.0351197 -0.0106628 0.0568426 -0.725435 -0.840691 139.46 
-2.375 7.08068 102454 1 -0.81875 0.65 412 0 1800 0.0342376 -0.00799369 0.0542343 -0.697976 -0.802853 139.417 
-2.44569 7.57982 102494 1 -0.83125 0.626923 413 0 1801 0.0349156 -0.00877652 0.052472 -0.711019 -0.794349 139.502 
-2.49347 5.23567 102574 1 -0.836458 0.627885 414 0 1803 0.0343484 -0.00509395 0.0519937 -0.674067 -0.79742 139.466 
-2.49347 5.23567 102574 1 -0.8375 0.629808 415 0 1803 0.0343484 -0.00509395 0.0519937 -0.674067 -0.79742 139.466 
-3.02816 5.17968 102654 1 -0.838542 0.625 416 0 1805 0.0339063 -0.00467392 0.0538658 -0.679478 -0.805223 139.553 
-3.02816 5.17968 102654 1 -0.838542 0.622115 417 0 1805 0.0339063 -0.00467392 0.0538658 -0.679478 -0.805223 139.553 
-1.11798 3.22398 102775 1 -0.838542 0.622115 418 0 1808 0.0341839 -0.00301905 0.0567145 -0.675681 -0.834337 139.581 
-2.97983 5.61263 102894 1 -0.838542 0.622115 419 0 1811 0.0337484 -0.00385718 0.0568744 -0.699531 -0.867312 139.636 
-2.97983 5.61263 102894 1 -0.838542 0.622115 420 0 1811 0.0337484 -0.00385718 0.0568744 -0.699531 -0.867312 139.636 
-0.0216847 2.74886 103015 1 -0.838542 0.622115 421 0 1814 0.0323448 -0.00579409 0.056041 -0.735313 -0.847564 139.657 
-0.0216847 2.74886 103015 1 -0.838542 0.622115 422 0 1814 0.0323448 -0.00579409 0.056041 -0.735313 -0.847564 139.657 
0.72496 2.19698 103135 1 -0.838542 0.622115 423 0 1817 0.0314115 -0.00548694 0.0387018 -0.739844 -0.654151 139.959 
0.945318 2.07041 103255 1 -0.838542 0.622115 424 0 1820 0.0306963 -0.00569877 0.039523 -0.739397 -0.655318 140.095 
0.945318 2.07041 103255 1 -0.838542 0.622115 425 0 1820 0.0306963 -0.00569877 0.039523 -0.739397 -0.655318 140.095 
0.937617 1.94452 103376 1 -0.838542 0.622115 426 0 1823 0.0307565 -0.00548154 0.0410795 -0.730162 -0.700032 140.096 
0.937617 1.94452 103376 1 -0.838542 0.622115 427 0 1823 0.0307565 -0.00548154 0.0410795 -0.730162 -0.700032 140.096 
0.961461 1.99063 103496 1 -0.838542 0.622115 428 0 1826 0.0335359 -0.00947413 0.0443622 -0.758105 -0.757007 140.112 
0.961461 1.99063 103496 1 -0.838542 0.622115 429 0 1826 0.0335359 -0.00947413 0.0443622 -0.758105 -0.757007 140.112 
0.944053 2.00289 103616 1 -0.838542 0.622115 430 0 1829 0.0344837 -0.00838434 0.0601336 -0.763781 -0.926583 139.97 
0.941103 2.18697 103736 1 -0.838542 0.622115 431 0 1832 0.0344837 -0.00838434 0.0601336 -0.763781 -0.926583 139.97 
0.907651 2.01804 103776 1 -0.838542 0.622115 432 0 1833 0.033224 -0.00949146 0.0466265 -0.786075 -0.787248 140.143 
0.907651 2.01804 103776 1 -0.838542 0.622115 433 0 1833 0.033224 -0.00949146 0.0466265 -0.786075 -0.787248 140.143 
0.86152 2.13816 103897 1 -0.838542 0.622115 434 0 1836 0.0327078 -0.0143772 0.047823 -0.825295 -0.77543 140.366 
0.86152 2.13816 103897 1 -0.838542 0.622115 435 0 1836 0.0327078 -0.0143772 0.047823 -0.825295 -0.77543 140.366 
-0.207342 2.85063 104016 1 -0.838542 0.622115 436 0 1839 0.0308265 -0.00536648 0.0627814 -0.730889 -0.967475 139.952 
-0.876381 1.96325 104137 1 -0.838542 0.622115 437 0 1842 0.0257541 -0.00711844 0.0579385 -0.834838 -0.920315 139.805 
0.0672773 1.62908 104258 1 -0.838542 0.622115 438 0 1845 0.0184271 0.00317915 0.064765 -0.829669 -0.990475 139.893 
0.668891 1.60163 104298 1 -0.838542 0.622115 439 0 1846 0.0177272 0.0051009 0.064057 -0.830937 -0.992757 139.859 
0.668891 1.60163 104298 1 -0.838542 0.622115 440 0 1846 0.0177272 0.0051009 0.064057 -0.830937 -0.992757 139.859 
0.942478 1.64458 104498 1 -0.838542 0.622115 441 0 1851 0.0170827 0.00681296 0.061799 -0.77835 -0.98091 139.863 
0.942478 1.64458 104498 1 -0.838542 0.622115 442 0 1851 0.0170827 0.00681296 0.061799 -0.77835 -0.98091 139.863 
0.980177 1.75921 104579 1 -0.838542 0.622115 443 0 1853 0.0169158 0.00520928 0.0570749 -0.771881 -0.942245 139.92 
0.980177 1.75921 104579 1 -0.838542 0.622115 444 0 1853 0.0169158 0.00520928 0.0570749 -0.771881 -0.942245 139.92 
0.985302 1.81468 104778 1 -0.838542 0.622115 445 0 1858 0.0197894 0.00558578 0.0600674 -0.749433 -0.947152 139.806 
0.985302 1.81468 104778 1 -0.838542 0.622115 446 0 1858 0.0197894 0.00558578 0.0600674 -0.749433 -0.947152 139.806 
0.934983 1.8621 104859 1 -0.838542 0.622115 447 0 1860 0.0183111 0.0019797 0.059988 -0.814874 -0.934499 139.939 
0.934983 1.8621 104859 1 -0.838542 0.622115 448 0 1860 0.0183111 0.0019797 0.059988 -0.814874 -0.934499 139.939 
0.959941 1.77932 104979 1 -0.838542 0.622115 449 0 1863 0.0191256 0.0061016 0.0551515 -0.799115 -0.876418 139.889 
0.804667 1.75794 105099 1 -0.838542 0.622115 450 0 1866 0.0188819 0.00465446 0.0570933 -0.8157 -0.89635 139.858 
0.85619 1.80054 105219 1 -0.838542 0.622115 451 0 1869 0.0217025 0.00593893 0.0597085 -0.796043 -0.902722 139.714 
0.85619 1.80054 105260 1 -0.838542 0.622115 452 0 1870 0.0217025 0.00593893 0.0597085 -0.796043 -0.902722 139.714 
0.868761 1.75956 105300 1 -0.838542 0.622115 453 0 1871 0.0217566 0.0054729 0.0515411 -0.804137 -0.795185 139.776 
0.868761 1.75956 105300 1 -0.838542 0.622115 454 0 1871 0.0217566 0.0054729 0.0515411 -0.804137 -0.795185 139.776 
0.851424 1.704 105420 1 -0.838542 0.622115 455 0 1874 0.0208818 0.00425803 0.0601462 -0.811572 -0.841826 139.745 
0.851424 1.704 105420 1 -0.838542 0.622115 456 0 1874 0.0208818 0.00425803 0.0601462 -0.811572 -0.841826 139.745 
0.895195 1.43755 105540 1 -0.838542 0.622115 457 0 1877 0.0219319 0.0068123 0.0596637 -0.753866 -0.866528 139.762 
0.87776 1.40254 105660 1 -0.838542 0.622115 458 0 1880 0.0241459 0.00264172 0.0598639 -0.763882 -0.8368 139.472 
0.87776 1.40254 105660 1 -0.838542 0.622115 459 0 1880 0.0241459 0.00264172 0.0598639 -0.763882 -0.8368 139.472 
0.925031 1.30532 105781 1 -0.838542 0.622115 460 0 1883 0.0250764 -0.000462982 0.0616996 -0.791516 -0.84507 139.384 
0.925031 1.30532 105781 1 -0.838542 0.622115 461 0 1883 0.0250764 -0.000462982 0.0616996 -0.791516 -0.84507 139.384 
0.965588 1.19204 105900 1 -0.838542 0.622115 462 1 1886 0.0250701 0.00225079 0.0607517 -0.749179 -0.830019 139.493 
0.965588 1.19204 105900 1 -0.838542 0.622115 463 1 1886 0.0250701 0.00225079 0.0607517 -0.749179 -0.830019 139.493 
0.475965 1.14753 106141 1 -0.838542 0.622115 464 0 1892 0.0263261 -0.00292976 0.0623211 -0.816636 -0.839655 139.279 
0.475965 1.14753 106141 1 -0.838542 0.622115 465 0 1892 0.0263261 -0.00292976 0.0623211 -0.816636 -0.839655 139.279 
0.46018 1.15119 106222 1 -0.838542 0.622115 466 1 1894 0.0273364 -0.00369577 0.0637861 -0.824567 -0.852705 139.34 
0.46018 1.15119 106222 1 -0.838542 0.622115 467 1 1894 0.0273364 -0.00369577 0.0637861 -0.824567 -0.852705 139.34 
0.439805 1.17662 106301 1 -0.838542 0.622115 468 1 1896 0.0269046 -0.00429997 0.0646283 -0.826203 -0.879425 139.386 
0.469203 1.22149 106421 1 -0.838542 0.622115 469 0 1899 0.0263474 -0.00401622 0.0632089 -0.820718 -0.895939 139.582 
0.500571 1.19901 106502 1 -0.838542 0.622115 470 1 1901 0.0269142 -0.0031839 0.0629993 -0.804231 -0.883199 139.478 
0.358452 1.22811 106623 1 -0.838542 0.622115 471 0 1904 0.0264034 -0.00478989 0.0622593 -0.815358 -0.890654 139.528 
0.358452 1.22811 106663 1 -0.838542 0.622115 472 0 1905 0.0264034 -0.00478989 0.0622593 -0.815358 -0.890654 139.528 
0.358452 1.22811 106703 1 -0.838542 0.622115 473 0 1906 0.0264034 -0.00478989 0.0622593 -0.815358 -0.890654 139.528 
0.336412 1.24877 106743 1 -0.838542 0.622115 474 0 1907 0.0269845 -0.00320175 0.0639148 -0.811308 -0.912792 139.631 
0.336412 1.24877 106743 1 -0.838542 0.622115 475 0 1907 0.0269845 -0.00320175 0.0639148 -0.811308 -0.912792 139.631 
0.31941 1.2406 106862 1 -0.838542 0.622115 476 0 1910 0.0259578 -0.00561523 0.0586463 -0.852902 -0.875081 139.653 
0.31941 1.2406 106862 1 -0.838542 0.622115 477 0 1910 0.0259578 -0.00561523 0.0586463 -0.852902 -0.875081 139.653 
0.36472 1.26647 106983 1 -0.838542 0.622115 478 0 1913 0.0237193 -0.00195244 0.0618842 -0.836452 -0.927299 139.657 
0.377868 1.29855 107103 1 -0.838542 0.622115 479 0 1916 0.0253599 -0.00186338 0.0616013 -0.845084 -0.905394 139.71 
0.377868 1.29855 107103 1 -0.838542 0.622115 480 0 1916 0.0253599 -0.00186338 0.0616013 -0.845084 -0.905394 139.71 
0.522587 1.25593 107224 1 -0.838542 0.622115 481 0 1919 0.025212 -0.0010422 0.0616855 -0.832132 -0.936764 139.778 
0.522587 1.25593 107224 1 -0.838542 0.622115 482 0 1919 0.025212 -0.0010422 0.0616855 -0.832132 -0.936764 139.778 
0.539898 1.15488 107344 1 -0.838542 0.622115 483 1 1922 0.024916 -0.00106503 0.0637761 -0.836799 -0.968427 139.746 
0.601925 1.23691 107463 1 -0.838542 0.622115 484 0 1925 0.0243095 -0.00305014 0.0596521 -0.871036 -0.915696 139.752 
0.631259 1.30527 107543 1 -0.838542 0.622115 485 0 1927 0.0237288 0.00197732 0.0609636 -0.822836 -0.937922 139.755 
0.631259 1.30527 107543 1 -0.838542 0.622115 486 0 1927 0.0237288 0.00197732 0.0609636 -0.822836 -0.937922 139.755 
0.590842 1.34131 107625 1 -0.838542 0.622115 487 0 1929 0.0249115 -0.00145233 0.0605361 -0.862914 -0.936123 139.829 
0.590842 1.34131 107625 1 -0.838542 0.622115 488 0 1929 0.0249115 -0.00145233 0.0605361 -0.862914 -0.936123 139.829 
0.634458 1.44923 107864 1 -0.838542 0.622115 489 0 1935 0.0243536 0.00297066 0.0603892 -0.786084 -0.934846 139.811 
0.634458 1.44923 107864 1 -0.838542 0.622115 490 0 1935 0.0243536 0.00297066 0.0603892 -0.786084 -0.934846 139.811 
0.611017 1.42234 107905 1 -0.838542 0.622115 491 0 1936 0.024331 -0.000284069 0.057069 -0.821206 -0.890075 139.67 
0.590735 1.39418 108025 1 -0.838542 0.622115 492 0 1939 0.0238188 0.00204602 0.0551255 -0.806294 -0.864513 139.366 
0.590735 1.39418 108025 1 -0.838542 0.622115 493 0 1939 0.0238188 0.00204602 0.0551255 -0.806294 -0.864513 139.366 
0.675232 1.34543 108066 1 -0.838542 0.622115 494 0 1940 0.0233176 0.00585184 0.0527049 -0.760993 -0.835406 139.305 
0.659306 1.37141 108185 1 -0.838542 0.622115 495 0 1943 0.0218562 0.00764369 0.0542271 -0.740614 -0.849199 139.281 
0.659306 1.37141 108185 1 -0.838542 0.622115 496 0 1943 0.0218562 0.00764369 0.0542271 -0.740614 -0.849199 139.281 
0.291271 1.62836 108426 1 -0.838542 0.622115 497 0 1949 0.0223584 0.00609232 0.0611428 -0.763812 -0.909108 139.589 
0.291271 1.62836 108426 1 -0.838542 0.622115 498 0 1949 0.0223584 0.00609232 0.0611428 -0.763812 -0.909108 139.589 
0.221441 1.62893 108507 1 -0.838542 0.622115 499 0 1951 0.022947 0.00138482 0.0602858 -0.817299 -0.897321 139.504 
0.221441 1.62893 108507 1 -0.838542 0.622115 500 0 1951 0.022947 0.00138482 0.0602858 -0.817299 -0.897321 139.504 
0.163554 1.61725 108585 1 -0.838542 0.622115 501 0 1953 0.0234283 0.0024385 0.0616872 -0.799566 -0.913432 139.646 
0.211054 1.51303 108706 1 -0.838542 0.622115 502 0 1956 0.0245632 -0.00185336 0.0589375 -0.836097 -0.899747 139.65 
0.211054 1.51303 108706 1 -0.838542 0.622115 503 0 1956 0.0245632 -0.00185336 0.0589375 -0.836097 -0.899747 139.65 
0.158579 1.51082 108826 1 -0.838542 0.622115 504 0 1959 0.0244734 -0.0027783 0.0574519 -0.834148 -0.877195 139.537 
0.215156 1.5243 109027 1 -0.838542 0.622115 505 0 1964 0.0240618 0.00179547 0.0595901 -0.787929 -0.905603 139.651 
0.215156 1.5243 109027 1 -0.838542 0.622115 506 0 1964 0.0240618 0.00179547 0.0595901 -0.787929 -0.905603 139.651 
0.212688 1.51764 109067 1 -0.838542 0.622115 507 0 1965 0.0234486 -0.000915476 0.0590405 -0.819373 -0.919012 139.563 
0.212688 1.51764 109067 1 -0.838542 0.622115 508 0 1965 0.0234486 -0.000915476 0.0590405 -0.819373 -0.919012 139.563 
0.203451 1.49584 109187 1 -0.838542 0.622115 509 0 1968 0.0243408 -0.00258486 0.0579844 -0.822158 -0.906756 139.696 
0.203451 1.49584 109187 1 -0.838542 0.622115 510 0 1968 0.0243408 -0.00258486 0.0579844 -0.822158 -0.906756 139.696 
0.545076 1.57647 109427 1 -0.838542 0.622115 511 0 1974 0.0240168 -0.00390266 0.0614179 -0.804979 -0.952098 139.708 
0.545076 1.57647 109427 1 -0.838542 0.622115 512 0 1974 0.0240168 -0.00390266 0.0614179 -0.804979 -0.952098 139.708 
0.503835 1.47245 109468 1 -0.838542 0.622115 513 0 1975 0.0236635 -0.00711163 0.0566013 -0.848345 -0.883258 139.668 
0.503835 1.47245 109468 1 -0.838542 0.622115 514 0 1975 0.0236635 -0.00711163 0.0566013 -0.848345 -0.883258 139.668 
0.550131 1.50131 109588 1 -0.838542 0.622115 515 0 1978 0.0236134 -0.00566413 0.0558382 -0.818764 -0.889029 139.688 
0.550131 1.50131 109588 1 -0.838542 0.622115 516 0 1978 0.0236134 -0.00566413 0.0558382 -0.818764 -0.889029 139.688 
0.528217 1.4784 109748 1 -0.838542 0.622115 517 0 1982 0.0232531 -0.00629034 0.0580259 -0.80644 -0.906204 139.603 
0.173406 1.58459 109868 1 -0.838542 0.622115 518 0 1985 0.0240681 -0.00728965 0.059672 -0.812301 -0.934228 139.738 
0.173406 1.58459 109868 1 -0.838542 0.622115 519 0 1985 0.0240681 -0.00728965 0.059672 -0.812301 -0.934228 139.738 
0.18976 1.55398 109989 1 -0.838542 0.622115 520 0 1988 0.0237873 -0.00774698 0.056876 -0.838514 -0.931609 139.744 
0.18976 1.55398 109989 1 -0.838542 0.622115 521 0 1988 0.0237873 -0.00774698 0.056876 -0.838514 -0.931609 139.744 
0.166184 1.64992 110109 1 -0.838542 0.622115 522 0 1991 0.0232104 -0.00417157 0.0563808 -0.819026 -0.929249 139.72 
0.207214 1.65768 110229 1 -0.838542 0.622115 523 0 1994 0.0233045 -0.000866686 0.0580978 -0.786023 -0.957536 139.662 
0.207214 1.65768 110270 1 -0.838542 0.622115 524 0 1995 0.0233045 -0.000866686 0.0580978 -0.786023 -0.957536 139.662 
0.249994 1.56288 110350 1 -0.838542 0.622115 525 0 1997 0.0245228 -0.00850343 0.0550708 -0.871973 -0.91142 139.72 
0.378536 1.60812 110430 1 -0.838542 0.622115 526 0 1999 0.0241308 -0.00331106 0.0574576 -0.801019 -0.941395 139.798 
0.378536 1.60812 110430 1 -0.838542 0.622115 527 0 1999 0.0241308 -0.00331106 0.0574576 -0.801019 -0.941395 139.798 
0.340597 1.58882 110510 1 -0.838542 0.622115 528 0 2001 0.0242344 -0.00743251 0.0565731 -0.846924 -0.932082 139.752 
0.340597 1.58882 110510 1 -0.838542 0.622115 529 0 2001 0.0242344 -0.00743251 0.0565731 -0.846924 -0.932082 139.752 
0.369735 1.51357 110630 1 -0.838542 0.622115 530 0 2004 0.0252179 -0.00823745 0.0544035 -0.838594 -0.896079 139.764 
0.38585 1.56 110750 1 -0.838542 0.623077 531 0 2007 0.0269731 -0.00759779 0.0576244 -0.814238 -0.910417 139.785 
0.994539 1.2948 110870 1 -0.8375 0.624038 532 0 2010 0.0273795 -0.0065159 0.0612193 -0.788401 -0.949158 139.773 
0.994539 1.2948 110870 1 -0.8375 0.624038 533 0 2010 0.0273795 -0.0065159 0.0612193 -0.788401 -0.949158 139.773 
1.02083 1.25556 110951 1 -0.8375 0.624038 534 0 2012 0.0261161 -0.00457748 0.058723 -0.766575 -0.912631 139.515 
1.00329 1.26397 111030 1 -0.8375 0.624038 535 0 2014 0.0274447 -0.00580553 0.0614182 -0.778115 -0.942475 139.776 
1.00329 1.26397 111151 1 -0.8375 0.624038 536 0 2017 0.0274447 -0.00580553 0.0614182 -0.778115 -0.942475 139.776 
1.00329 1.26397 111151 1 -0.8375 0.624038 537 0 2017 0.0274447 -0.00580553 0.0614182 -0.778115 -0.942475 139.776 
0.961861 1.33356 111231 1 -0.8375 0.624038 538 0 2019 0.0269125 -0.00376331 0.0545013 -0.769986 -0.871065 139.569 
0.961861 1.33356 111231 1 -0.8375 0.624038 539 0 2019 0.0269125 -0.00376331 0.0545013 -0.769986 -0.871065 139.569 
0.882408 1.19231 111351 1 -0.8375 0.624038 540 1 2022 0.027085 -0.00501927 0.0537592 -0.774668 -0.86575 139.547 
0.882408 1.19231 111351 1 -0.8375 0.624038 541 1 2022 0.027085 -0.00501927 0.0537592 -0.774668 -0.86575 139.547 
0.887322 1.16943 111432 1 -0.8375 0.624038 542 1 2024 0.027427 -0.0051904 0.0534671 -0.772082 -0.867972 139.547 
0.966953 1.15661 111552 1 -0.8375 0.624038 543 1 2027 0.0275217 -0.00550494 0.0550913 -0.780056 -0.8557 139.452 
0.966953 1.15661 111552 1 -0.8375 0.624038 544 1 2027 0.0275217 -0.00550494 0.0550913 -0.780056 -0.8557 139.452 
0.982765 1.1451 111671 1 -0.8375 0.624038 545 1 2030 0.0282018 -0.00556279 0.053627 -0.784047 -0.843771 139.552 
0.982765 1.1451 111671 1 -0.8375 0.624038 546 1 2030 0.0282018 -0.00556279 0.053627 -0.784047 -0.843771 139.552 
0.976431 1.34711 111792 1 -0.8375 0.624038 547 0 2033 0.0287671 -0.00192178 0.0592867 -0.726859 -0.925636 139.65 
0.970746 1.3009 111913 1 -0.8375 0.624038 548 0 2036 0.0276358 0.0021404 0.0576167 -0.67517 -0.895159 139.55 
0.970746 1.3009 111913 1 -0.8375 0.624038 549 0 2036 0.0276358 0.0021404 0.0576167 -0.67517 -0.895159 139.55 
0.0800182 1.4191 112032 1 -0.8375 0.624038 550 0 2039 0.0271296 -0.00023991 0.0612358 -0.713853 -0.917851 139.735 
0.0800182 1.4191 112032 1 -0.8375 0.624038 551 0 2039 0.0271296 -0.00023991 0.0612358 -0.713853 -0.917851 139.735 
0.0436112 1.38303 112153 1 -0.8375 0.624038 552 0 2042 0.0269083 -0.00371268 0.0626102 -0.750005 -0.903761 139.71 
0.0436112 1.38303 112153 1 -0.8375 0.624038 553 0 2042 0.0269083 -0.00371268 0.0626102 -0.750005 -0.903761 139.71 
0.169807 1.17548 112393 1 -0.8375 0.624038 554 0 2048 0.0266629 -0.0038219 0.0649464 -0.719843 -0.907144 139.465 
0.169807 1.17548 112393 1 -0.8375 0.624038 555 0 2048 0.0266629 -0.0038219 0.0649464 -0.719843 -0.907144 139.465 
0.196275 1.20378 112474 1 -0.8375 0.624038 556 0 2050 0.0263712 -0.00383739 0.0671671 -0.727594 -0.925933 139.515 
0.196275 1.20378 112474 1 -0.8375 0.624038 557 0 2050 0.0263712 -0.00383739 0.0671671 -0.727594 -0.925933 139.515 
0.16667 1.14395 112594 1 -0.8375 0.624038 558 1 2053 0.0254952 -0.00625798 0.0621971 -0.774793 -0.900368 139.611 
0.16667 1.14395 112594 1 -0.8375 0.624038 559 1 2053 0.0254952 -0.00625798 0.0621971 -0.774793 -0.900368 139.611 
-0.0133246 1.5891 112714 1 -0.8375 0.624038 560 0 2056 0.0248534 -0.00452098 0.059755 -0.772793 -0.903413 139.666 
-0.0285989 1.6899 112794 1 -0.8375 0.624038 561 0 2058 0.023738 -0.00203959 0.059875 -0.743147 -0.899095 139.616 
-0.0285989 1.6899 112794 1 -0.8375 0.624038 562 0 2058 0.023738 -0.00203959 0.059875 -0.743147 -0.899095 139.616 
-0.0436225 1.66848 112914 1 -0.8375 0.624038 563 0 2061 0.0239282 -0.00287658 0.058925 -0.753506 -0.896197 139.568 
-0.0436225 1.66848 112914 1 -0.8375 0.624038 564 0 2061 0.0239282 -0.00287658 0.058925 -0.753506 -0.896197 139.568 
-0.0496761 1.64568 113035 1 -0.8375 0.624038 565 0 2064 0.0256909 -0.00475828 0.0574035 -0.781765 -0.88364 139.589 
0.102809 1.56591 113154 1 -0.8375 0.624038 566 0 2067 0.0242975 -0.00534741 0.0566791 -0.806455 -0.87478 139.421 
0.102809 1.56591 113154 1 -0.8375 0.624038 567 0 2067 0.0242975 -0.00534741 0.0566791 -0.806455 -0.87478 139.421 
0.113767 1.56631 113275 1 -0.8375 0.624038 568 0 2070 0.0249646 -0.00801346 0.0565453 -0.833928 -0.888049 139.555 
0.113767 1.56631 113275 1 -0.8375 0.624038 569 0 2070 0.0249646 -0.00801346 0.0565453 -0.833928 -0.888049 139.555 
0.127217 1.58218 113395 1 -0.8375 0.624038 570 0 2073 0.0244433 -0.00698556 0.0575333 -0.816576 -0.889757 139.589 
0.139164 1.61978 113556 1 -0.8375 0.624038 571 0 2077 0.02498 -0.00709153 0.0584749 -0.821058 -0.907716 139.625 
0.139164 1.61978 113556 1 -0.8375 0.624038 572 0 2077 0.02498 -0.00709153 0.0584749 -0.821058 -0.907716 139.625 
0.136888 1.60979 113636 1 -0.8375 0.624038 573 0 2079 0.0251312 -0.00691901 0.0558707 -0.816993 -0.880752 139.625 
0.136888 1.60979 113636 1 -0.8375 0.624038 574 0 2079 0.0251312 -0.00691901 0.0558707 -0.816993 -0.880752 139.625 
0.156763 1.6123 113716 1 -0.8375 0.624038 575 0 2081 0.0249977 -0.00487735 0.0585625 -0.79326 -0.915232 139.658 
0.163728 1.63079 113836 1 -0.8375 0.624038 576 0 2084 0.0248388 -0.00370282 0.0580571 -0.779509 -0.91102 139.707 
0.163728 1.63079 113836 1 -0.8375 0.624038 577 0 2084 0.0248388 -0.00370282 0.0580571 -0.779509 -0.91102 139.707 
0.355581 1.20338 113956 1 -0.8375 0.624038 578 0 2087 0.0268065 -0.0059818 0.0603959 -0.799154 -0.936291 139.602 
0.355581 1.20338 113956 1 -0.8375 0.624038 579 0 2087 0.0268065 -0.0059818 0.0603959 -0.799154 -0.936291 139.602 
0.341151 1.19902 114076 1 -0.8375 0.624038 580 1 2090 0.0259269 -0.00613787 0.0595429 -0.799423 -0.933736 139.545 
0.341151 1.19902 114076 1 -0.8375 0.624038 581 1 2090 0.0259269 -0.00613787 0.0595429 -0.811044 -0.870418 139.418 
0.221029 1.12091 114317 1 -0.8375 0.624038 582 0 2096 0.0262662 -0.0049338 0.0598475 -0.807073 -0.930473 139.635 
0.221029 1.12091 114317 1 -0.8375 0.624038 583 0 2096 0.0262662 -0.0049338 0.0598475 -0.807073 -0.930473 139.635 
0.622627 0.954571 114558 1 -0.8375 0.624038 584 1 2102 0.0265115 -0.00543967 0.0590049 -0.831531 -0.9104 139.624 
0.598175 0.947028 114598 1 -0.8375 0.624038 585 1 2103 0.0258757 -0.00295678 0.0597092 -0.820407 -0.913562 139.566 
0.891703 1.63572 114719 1 -0.8375 0.624038 586 0 2106 0.0249361 -0.000810627 0.0580184 -0.827104 -0.889214 139.524 
0.92086 1.6532 114757 1 -0.8375 0.624038 587 0 2107 0.0253213 0.00221099 0.0589181 -0.789541 -0.898226 139.535 
0.888884 1.64913 114838 1 -0.8375 0.624038 588 0 2109 0.0253534 0.00025707 0.0581893 -0.801848 -0.899481 139.554 
0.881744 1.65834 114918 1 -0.8375 0.624038 589 0 2111 0.0256455 -0.00149738 0.0576802 -0.814019 -0.903085 139.531 
0.907688 1.68172 114999 1 -0.8375 0.624038 590 0 2113 0.0262053 -0.000588051 0.056699 -0.796509 -0.892927 139.448 
0.884074 1.66458 115039 1 -0.8375 0.624038 591 0 2114 0.0262722 -0.00132369 0.0555388 -0.805327 -0.873076 139.37 
0.902896 1.58407 115158 1 -0.8375 0.624038 592 0 2117 0.025794 0.000747155 0.053091 -0.785862 -0.82464 139.095 
0.894737 1.58781 115240 1 -0.8375 0.624038 593 0 2119 0.0253956 0.00209545 0.0524875 -0.777105 -0.826552 139.145 
0.89618 1.6042 115320 1 -0.8375 0.624038 594 0 2121 0.0251411 0.0013865 0.0527276 -0.788382 -0.834943 139.105 
0.909212 1.61594 115359 1 -0.8375 0.624038 595 0 2122 0.0244689 0.00339145 0.0525844 -0.760827 -0.833169 139.077 
0.909212 1.61594 115359 1 -0.8375 0.624038 596 0 2122 0.0244689 0.00339145 0.0525844 -0.760827 -0.833169 139.077 
0.893496 1.60023 115519 1 -0.8375 0.624038 597 0 2126 0.0253446 -0.00262173 0.05112 -0.795811 -0.816796 138.973 
0.997909 1.62735 115599 1 -0.8375 0.624038 598 0 2128 0.0252619 -0.00332033 0.0519092 -0.796281 -0.815984 138.985 
0.994154 1.64265 115640 1 -0.8375 0.624038 599 0 2129 0.0249698 -0.00349605 0.0546437 -0.799271 -0.838598 139.044 
1.01572 1.62953 115680 1 -0.8375 0.624038 600 0 2130 0.0243792 -0.00270988 0.0555701 -0.787401 -0.843142 139.089 
1.01572 1.62953 115680 1 -0.8375 0.624038 601 0 2130 0.0243792 -0.00270988 0.0555701 -0.787401 -0.843142 139.089 
0.766177 1.60614 115880 1 -0.8375 0.624038 602 0 2135 0.0244618 -0.00551198 0.0543628 -0.811282 -0.83499 138.999 
0.618978 1.47226 115920 1 -0.8375 0.624038 603 0 2136 0.0238956 -0.00695332 0.0533333 -0.822162 -0.812495 138.628 
0.451248 1.2058 116000 1 -0.8375 0.624038 604 0 2138 0.0220872 -0.0086322 0.0508345 -0.832016 -0.756835 138.092 
0.451248 1.2058 116000 1 -0.8375 0.624038 605 0 2138 0.0220872 -0.0086322 0.0508345 -0.832016 -0.756835 138.092 
0.424704 1.21141 116041 1 -0.8375 0.624038 606 0 2139 0.020603 -0.00844039 0.0534395 -0.830951 -0.771288 137.893 
0.335239 1.06669 116200 1 -0.8375 0.624038 607 1 2143 0.0184591 -0.0105849 0.051493 -0.860973 -0.717183 137.043 
0.368819 1.02534 116281 1 -0.8375 0.624038 608 1 2145 0.0182937 -0.00601215 0.0522404 -0.796382 -0.700235 136.912 
0.369247 1.02053 116321 1 -0.8375 0.624038 609 1 2146 0.0179635 -0.00522083 0.0506788 -0.778617 -0.669701 137.005 
0.369247 1.02053 116321 1 -0.8375 0.624038 610 1 2146 0.0179635 -0.00522083 0.0506788 -0.778617 -0.669701 137.005 
0.430157 0.940037 116482 1 -0.8375 0.624038 611 1 2150 0.0217729 -0.00235867 0.0455524 -0.717435 -0.567337 136.855 
0.489302 1.14188 116522 1 -0.8375 0.624038 612 1 2151 0.0232256 -0.000669242 0.0477516 -0.690238 -0.585551 136.929 
0.553752 1.19534 116601 1 -0.8375 0.624038 613 1 2153 0.0255805 0.00362131 0.0501879 -0.636104 -0.595087 137.127 
0.277334 1.28521 116682 1 -0.8375 0.624038 614 0 2155 0.0278993 0.00490366 0.0570227 -0.627873 -0.661181 137.425 
0.29826 1.28372 116762 1 -0.8375 0.624038 615 0 2157 0.0283798 0.005011 0.0599091 -0.618109 -0.68919 137.618 
0.47754 1.27394 116842 1 -0.8375 0.624038 616 0 2159 0.0314124 0.00777714 0.0628547 -0.592171 -0.711959 137.829 
1.09378 0.96401 116921 1 -0.8375 0.624038 617 1 2161 0.0325275 0.00785734 0.0603311 -0.585816 -0.684779 137.968 
1.10794 0.977525 117002 1 -0.8375 0.624038 618 1 2163 0.0347116 0.00741209 0.0637957 -0.57251 -0.738644 138.197 
1.14026 0.995952 117042 1 -0.8375 0.624038 619 1 2164 0.0343177 0.00852458 0.0648513 -0.556335 -0.775978 138.356 
1.14847 0.997227 117122 1 -0.8375 0.624038 620 1 2166 0.0354421 0.00283199 0.0652733 -0.596882 -0.814982 138.563 
1.11918 0.89579 117203 1 -0.8375 0.624038 621 1 2168 0.0409894 -0.00115843 0.0649751 -0.605361 -0.797854 138.607 
1.05133 0.856017 117284 1 -0.8375 0.624038 622 1 2170 0.045724 -0.0169105 0.064253 -0.740092 -0.793113 138.648 
1.31955 0.959459 117363 1 -0.8375 0.624038 623 0 2172 0.050226 -0.0237412 0.0692067 -0.775755 -0.843183 138.557 
1.41167 1.04817 117403 1 -0.836458 0.625 624 0 2173 0.0517552 -0.0266318 0.0748437 -0.783404 -0.912923 139.246 
1.46663 1.24408 117483 1 -0.835417 0.629808 625 0 2175 0.0532703 -0.0302252 0.0870137 -0.79545 -1.01338 139.817 
1.46083 1.17803 117564 1 -0.836458 0.631731 626 0 2177 0.0563548 -0.0308985 0.0876967 -0.801393 -0.935875 139.214 
1.35426 1.18545 117604 1 -0.836458 0.631731 627 0 2178 0.0549241 -0.0278998 0.0908669 -0.775494 -0.919632 138.708 
0.541254 1.13142 117683 1 -0.836458 0.631731 628 1 2180 0.0452502 -0.0114401 0.089264 -0.592969 -0.791498 137.472 
0.583765 1.31995 117763 1 -0.836458 0.631731 629 0 2182 0.0479015 -0.0124521 0.0953276 -0.564574 -0.852978 138.257 
0.612155 1.32247 117844 1 -0.836458 0.631731 630 0 2184 0.051545 -0.0155132 0.0945296 -0.56652 -0.853213 139.004 
0.627502 1.3939 117884 1 -0.836458 0.631731 631 0 2185 0.0518024 -0.0169676 0.0946645 -0.56415 -0.863554 139.155 
0.535632 1.51637 117964 1 -0.836458 0.631731 632 0 2187 0.0530006 -0.0239585 0.0926275 -0.612886 -0.878922 139.058 
0.49033 1.51581 118045 1 -0.836458 0.631731 633 0 2189 0.0498825 -0.0253224 0.090432 -0.620565 -0.850494 139.059 
0.604683 1.38368 118124 1 -0.836458 0.631731 634 0 2191 0.0492842 -0.0245198 0.0951407 -0.578907 -0.876363 139.058 
0.604683 1.38368 118124 1 -0.836458 0.631731 635 0 2191 0.0492842 -0.0245198 0.0951407 -0.578907 -0.876363 139.058 
0.608281 1.25366 118285 1 -0.836458 0.631731 636 0 2195 0.054016 -0.036597 0.0923737 -0.599365 -0.824312 138.836 
0.559146 1.24611 118325 1 -0.836458 0.631731 637 0 2196 0.0508073 -0.0437651 0.0900906 -0.652312 -0.828028 138.697 
0.570794 1.11171 118405 1 -0.836458 0.631731 638 1 2198 0.0442994 -0.0455124 0.0836691 -0.642972 -0.829292 138.539 
0.566677 1.06445 118445 1 -0.836458 0.631731 639 1 2199 0.043209 -0.0448667 0.0814349 -0.657324 -0.818104 138.504 
0.566677 1.06445 118445 1 -0.836458 0.631731 640 1 2199 0.043209 -0.0448667 0.0814349 -0.657324 -0.818104 138.504 
0.514924 1.12965 118605 1 -0.836458 0.631731 641 1 2203 0.0385433 -0.0382023 0.0844522 -0.62977 -0.866883 138.535 
0.452766 1.19884 118686 1 -0.836458 0.631731 642 1 2205 0.0375474 -0.034436 0.0857559 -0.623145 -0.862281 138.627 
0.384893 1.23181 118766 1 -0.836458 0.631731 643 0 2207 0.037753 -0.0344677 0.086422 -0.628213 -0.866494 138.553 
0.393772 1.25552 118806 1 -0.836458 0.631731 644 0 2208 0.0381885 -0.0332441 0.0865921 -0.609698 -0.874421 138.649 
0.370227 1.2305 118886 1 -0.836458 0.631731 645 0 2210 0.036828 -0.0314639 0.0851623 -0.613273 -0.867693 138.579 
0.314658 1.23849 118966 1 -0.836458 0.631731 646 0 2212 0.0353899 -0.033954 0.0912377 -0.675541 -0.876451 138.325 
0.339871 1.30353 119006 1 -0.836458 0.631731 647 0 2213 0.0356645 -0.0316626 0.0988279 -0.661449 -0.863224 138.212 
0.305563 1.52265 119086 1 -0.834896 0.624038 648 0 2215 0.0387906 -0.0365967 0.11101 -0.699695 -0.808208 137.922 
0.305563 1.52265 119086 1 -0.833854 0.621154 649 0 2215 0.0387906 -0.0365967 0.11101 -0.699695 -0.808208 137.922 
0.162202 1.0952 119286 1 -0.83125 0.623077 650 1 2220 0.0398889 -0.0503955 0.0754222 -0.891489 -0.558241 135.928 
0.170244 1.04895 119327 1 -0.830208 0.624038 651 1 2221 0.0357728 -0.0491193 0.0732608 -0.924404 -0.525174 135.9 
0.142424 1.03996 119407 1 -0.830208 0.624038 652 1 2223 0.0226519 -0.0319994 0.0840558 -0.890682 -0.557984 135.457 
0.142424 1.03996 119407 1 -0.830208 0.624038 653 1 2223 0.0226519 -0.0319994 0.0840558 -0.890682 -0.557984 135.457 
0.750246 1.62695 119527 1 -0.830208 0.624038 654 0 2226 0.0255106 -0.0113857 0.104199 -0.864489 -0.740245 135.702 
0.8307 1.88145 119607 1 -0.830208 0.624038 655 0 2228 0.0324549 -0.02076 0.106648 -0.933423 -0.900348 137.03 
0.375565 1.99069 119689 1 -0.830208 0.624038 656 0 2230 0.0379631 -0.0243788 0.127917 -0.934855 -1.13225 137.474 
0.334736 1.86966 119727 1 -0.830208 0.624038 657 0 2231 0.0369056 -0.0275871 0.132091 -0.948412 -1.1558 137.567 
0.334736 1.86966 119727 1 -0.830208 0.624038 658 0 2231 0.0369056 -0.0275871 0.132091 -0.948412 -1.1558 137.567 
0.240737 1.63013 119888 1 -0.829688 0.621154 659 0 2235 0.0327199 -0.0478738 0.121177 -1.02148 -1.05056 137.375 
0.224281 1.50295 119968 1 -0.829688 0.621154 660 0 2237 0.033301 -0.0361821 0.112309 -0.932807 -1.03603 136.576 
0.224964 1.30024 120008 1 -0.829688 0.621154 661 0 2238 0.0300918 -0.031259 0.102678 -0.873058 -0.906922 135.835 
0.226513 1.19055 120048 1 -0.829688 0.621154 662 1 2239 0.0252877 -0.031654 0.0996382 -0.857159 -0.815298 135.323 
0.263381 1.3108 120088 1 -0.829688 0.621154 663 0 2240 0.0262568 -0.031269 0.105585 -0.833417 -0.834404 135.498 
0.764521 1.55015 120249 1 -0.829688 0.621154 664 0 2244 0.0318065 -0.0321045 0.120861 -0.889742 -1.05126 136.959 
0.744978 1.62951 120289 1 -0.829688 0.621154 665 0 2245 0.0327451 -0.0332456 0.121196 -0.928484 -1.06414 137.049 
0.825046 1.71309 120368 1 -0.829688 0.621154 666 0 2247 0.0322396 -0.0225631 0.120962 -0.860182 -1.06631 136.948 
0.903115 1.78689 120449 1 -0.829688 0.621154 667 0 2249 0.0319863 -0.0222215 0.12041 -0.858179 -1.05156 136.974 
0.93422 1.7563 120489 1 -0.829688 0.621154 668 0 2250 0.0329623 -0.0220363 0.119212 -0.852372 -1.03246 136.953 
0.982382 1.77601 120569 1 -0.829688 0.621154 669 0 2252 0.0347798 -0.0164529 0.121121 -0.795794 -1.02178 136.75 
0.982382 1.77601 120569 1 -0.829688 0.621154 670 0 2252 0.0347798 -0.0164529 0.121121 -0.795794 -1.02178 136.75 
1.01223 1.14456 120729 1 -0.829688 0.621154 671 1 2256 0.0307212 -0.0089283 0.110345 -0.744304 -0.885568 136.539 
1.02385 1.06676 120769 1 -0.829688 0.621154 672 1 2257 0.0288449 -0.00620327 0.106138 -0.708565 -0.828955 136.7 
1.03765 1.03581 120850 1 -0.827083 0.621154 673 1 2259 0.0300841 -0.00961872 0.103041 -0.721639 -0.765404 136.614 
1.0345 1.04551 120890 1 -0.742188 0.697115 674 1 2260 0.0311456 -0.0141065 0.0994075 -0.75827 -0.724427 136.798 
1.0345 1.04551 120890 1 -0.436458 0.994231 675 1 2260 0.0311456 -0.0141065 0.0994075 -0.75827 -0.724427 136.798 
0.911703 0.596947 121050 1 -0.180729 1.04519 676 1 2264 0.0359222 -0.0257823 0.0923066 -0.803952 -0.691449 136.543 
0.950927 0.486061 121131 1 0.0489583 0.989423 677 1 2266 0.0387981 -0.0329287 0.0873812 -0.814033 -0.680209 136.671 
0.83834 0.594089 121210 1 0.248958 0.616346 678 1 2268 0.0405425 -0.0313202 0.0816827 -0.770586 -0.607545 136.374 
0.608144 0.959655 121291 1 0.29375 0.289423 679 1 2270 0.0403174 -0.0262064 0.0824424 -0.695851 -0.597773 136.301 
0.62454 0.988793 121371 1 0.286458 0.0759615 680 1 2272 0.039852 -0.0252095 0.0825487 -0.663653 -0.592477 136.25 
0.622726 0.971585 121411 1 0.280729 0.00865385 681 1 2273 0.0404908 -0.029777 0.0822641 -0.688221 -0.590605 136.31 
0.627181 1.10004 121491 1 0.310417 0 682 1 2275 0.0418356 -0.0403911 0.0873108 -0.754678 -0.659123 136.654 
0.643454 1.08336 121571 1 0.370312 0 683 1 2277 0.0419854 -0.0374259 0.0870051 -0.688765 -0.646601 136.766 
0.630659 1.10071 121611 1 0.422396 0.0105769 684 1 2278 0.0425431 -0.0383496 0.0856085 -0.691571 -0.626341 136.766 
0.913145 0.814521 121732 1 0.433854 0.0259615 685 1 2281 0.0421825 -0.0370738 0.0857406 -0.669715 -0.660657 137.078 
1.02596 0.590013 121771 1 0.436979 0.0384615 686 1 2282 0.041978 -0.0365402 0.087282 -0.655563 -0.68442 137.101 
1.02264 0.513953 121852 1 0.444792 0.0490385 687 1 2284 0.04228 -0.0370309 0.0890657 -0.658554 -0.726155 137.261 
1.01954 0.508644 121892 1 0.471354 0.05 688 1 2285 0.0428537 -0.0384441 0.0875038 -0.669458 -0.707466 137.278 
0.986555 0.418403 121972 1 0.501042 0.05 689 1 2287 0.0444499 -0.0366594 0.0882242 -0.67679 -0.733128 137.407 
1.04873 0.428831 122054 1 0.510417 0.05 690 1 2289 0.0491269 -0.0380549 0.0921182 -0.680086 -0.770642 137.707 
1.04654 0.478028 122135 1 0.510938 0.05 691 0 2291 0.0541165 -0.0456524 0.0947187 -0.758712 -0.787745 138.025 
0.718053 2.37048 122213 1 0.510938 0.05 692 0 2293 0.0557739 -0.0551071 0.098126 -0.846586 -0.824299 138.481 
0.708837 2.44164 122294 1 0.508854 0.0509615 693 0 2295 0.0550738 -0.0580004 0.110667 -0.865042 -0.950627 139.074 
0.70402 2.23963 122372 1 0.445833 0.0451923 694 0 2297 0.0558612 -0.0621972 0.110887 -0.909395 -0.988209 139.671 
0.811395 2.06333 122413 1 0.215625 0 695 0 2298 0.0546499 -0.0615262 0.109066 -0.900581 -0.960102 139.881 
1.04121 1.71939 122494 1 0.147917 0 696 0 2300 0.0535615 -0.055544 0.115108 -0.826534 -1.03525 140.432 
1.05579 1.6138 122533 1 0.146354 0 697 0 2301 0.0537903 -0.0540974 0.112919 -0.805799 -0.999349 140.274 
1.04201 1.50609 122653 1 0.138021 0 698 0 2304 0.0537237 -0.0551346 0.107349 -0.789599 -0.92764 139.672 
0.857601 1.30179 122733 1 0.135417 0 699 0 2306 0.0549465 -0.0536172 0.10763 -0.744128 -0.932235 140.076 
0.839692 1.19293 122773 1 0.132292 0.00288462 700 1 2307 0.0556055 -0.0539828 0.10867 -0.735591 -0.952656 140.17 
0.852217 1.19913 122853 1 0.129167 0.00769231 701 1 2309 0.0576212 -0.0523141 0.111205 -0.688171 -1.01367 140.484 
0.852217 1.19913 122853 1 0.126042 0.00769231 702 1 2309 0.0576212 -0.0523141 0.111205 -0.688171 -1.01367 140.484 
0.50811 0.830193 123015 1 0.121875 0.00865385 703 1 2313 0.0588021 -0.0500738 0.109518 -0.655525 -1.02016 140.07 
0.504709 0.699201 123094 1 0.121354 0.00865385 704 1 2315 0.05994 -0.0515597 0.108021 -0.669186 -0.997534 140.068 
0.36717 0.646062 123174 1 0.121354 0.00865385 705 1 2317 0.0593387 -0.050778 0.103907 -0.672155 -0.978947 140.111 
0.369199 0.57472 123254 1 0.121354 0.00865385 706 1 2319 0.0585343 -0.0474612 0.0968133 -0.676559 -0.918938 139.732 
0.333834 0.590475 123335 1 0.134375 0.0519231 707 1 2321 0.0560258 -0.0450982 0.0958136 -0.695113 -0.921989 139.662 
0.398777 0.317198 123416 1 0.192708 0.242308 708 1 2323 0.0583978 -0.0450795 0.0770572 -0.740961 -0.688875 139.011 
0.965417 1.04903 123494 1 0.206771 0.326923 709 1 2325 0.0564882 -0.0424741 0.0835462 -0.742823 -0.764003 139.416 
0.946194 1.14853 123575 1 0.214583 0.344231 710 1 2327 0.0534282 -0.0373468 0.0868614 -0.728055 -0.787802 139.347 
0.934816 1.13079 123615 1 0.216146 0.344231 711 1 2328 0.0528878 -0.0365183 0.0854708 -0.735956 -0.775893 139.321 
0.831582 1.25453 123695 1 0.217188 0.340385 712 0 2330 0.0507219 -0.0311569 0.082402 -0.705117 -0.710574 138.728 
