ImageFile:
0.443367 0.470978 60504 1 0.172917 0.265385 1 1 547 -0.0232289 0.101658 -0.0293585 1.13311 7.45233 95.7051 
0.431673 0.442486 60584 1 0.288021 0.355769 2 1 549 -0.0230025 0.102139 -0.0329193 1.14039 7.48568 95.7383 
0.419115 0.463806 60664 1 0.34375 0.365385 3 1 551 -0.0241573 0.102717 -0.0332617 1.13756 7.48011 95.672 
0.420331 0.479799 60704 1 0.394271 0.392308 4 1 552 -0.0242229 0.102901 -0.0327651 1.13628 7.47262 95.6742 
0.40832 0.487983 60784 1 0.409375 0.404808 5 1 554 -0.0246926 0.102538 -0.032131 1.12186 7.46318 95.6519 
0.40768 0.479216 60865 1 0.409375 0.404808 6 1 556 -0.0243834 0.102031 -0.032961 1.12714 7.46745 95.638 
0.412552 0.476082 60904 1 0.409375 0.404808 7 1 557 -0.0242056 0.102198 -0.0321183 1.12948 7.46577 95.6439 
0.421267 0.460861 60985 1 0.407813 0.404808 8 1 559 -0.0241664 0.100949 -0.0331993 1.13315 7.48192 95.6696 
0.421267 0.460861 60985 1 0.442708 0.425 9 1 559 -0.0241664 0.100949 -0.0331993 1.13315 7.48192 95.6696 
0.421267 0.460861 60985 1 0.594271 0.499038 10 1 559 -0.0241664 0.100949 -0.0331993 1.13315 7.48192 95.6696 
0.436265 0.436928 61185 1 0.627604 0.507692 11 1 564 -0.0219974 0.0992815 -0.0342761 1.14672 7.50771 95.7231 
0.45245 0.424327 61267 1 0.616667 0.506731 12 1 566 -0.0210197 0.0990784 -0.0346459 1.15686 7.51987 95.7605 
0.441722 0.435531 61305 1 0.605729 0.500962 13 1 567 -0.0211655 0.0975629 -0.0339715 1.13993 7.50888 95.7551 
0.445158 0.429012 61386 1 0.601563 0.499038 14 1 569 -0.0211567 0.0987042 -0.0332776 1.14744 7.50779 95.7614 
0.437889 0.424999 61465 1 0.601563 0.499038 15 1 571 -0.0210997 0.0973551 -0.0334134 1.12673 7.51566 95.8265 
0.433732 0.42739 61505 1 0.601563 0.499038 16 1 572 -0.0211296 0.0974435 -0.033866 1.12682 7.51697 95.8144 
0.425986 0.435631 61586 1 0.591146 0.513462 17 1 574 -0.0219724 0.0970258 -0.0319899 1.12207 7.50329 95.8432 
0.437642 0.420267 61666 1 0.528125 0.619231 18 1 576 -0.0212773 0.0964746 -0.033998 1.12551 7.52475 95.8563 
0.433148 0.422579 61706 1 0.400521 0.841346 19 1 577 -0.0218608 0.0968644 -0.0316476 1.12659 7.51122 95.8869 
0.445603 0.42859 61786 1 0.21875 1.0375 20 1 579 -0.0210632 0.0980627 -0.0323959 1.14186 7.51415 95.8729 
0.450521 0.417705 61866 1 0.0401042 1.0375 21 1 581 -0.0211173 0.0975312 -0.0316108 1.13918 7.51666 95.917 
0.448198 0.421487 61906 1 0.0197917 1.02404 22 1 582 -0.0207577 0.0982125 -0.0324103 1.1451 7.51947 95.8858 
0.427507 0.419147 61986 1 0.0354167 1.00577 23 1 584 -0.0205601 0.095161 -0.0327533 1.11881 7.51732 95.8888 
0.42017 0.428831 62067 1 0.0354167 1.00577 24 1 586 -0.0211878 0.0962497 -0.0332755 1.1201 7.51254 95.8424 
0.408882 0.448185 62147 1 0.0328125 0.993269 25 1 588 -0.0220166 0.0992025 -0.0322566 1.11693 7.49353 95.8042 
0.401566 0.458237 62227 1 0 0.960577 26 1 590 -0.0233881 0.0987949 -0.0320228 1.10061 7.49062 95.8131 
0.406801 0.440883 62307 1 0 0.955769 27 1 592 -0.0225036 0.0975465 -0.0337072 1.09608 7.50863 95.8195 
0.429539 0.412681 62388 1 0.0213542 0.910577 28 1 594 -0.0214449 0.0967594 -0.0337937 1.1135 7.52547 95.8649 
0.419733 0.410319 62427 1 0.03125 0.898077 29 1 595 -0.0218548 0.0949255 -0.0342696 1.10983 7.52896 95.8527 
0.450448 0.399232 62508 1 0.0333333 0.897115 30 1 597 -0.0206113 0.0959105 -0.0336457 1.14305 7.53221 95.8555 
0.461544 0.396499 62547 1 0.0328125 0.909615 31 1 598 -0.0199197 0.0978339 -0.0341363 1.1721 7.53486 95.8266 
0.429749 0.392791 62627 1 0.0317708 0.926923 32 1 600 -0.0189701 0.0952642 -0.0353143 1.16254 7.55308 95.8478 
0.420759 0.400168 62708 1 0.06875 0.921154 33 1 602 -0.0187946 0.0944062 -0.0347319 1.156 7.55149 95.8663 
0.42308 0.411968 62748 1 0.114583 0.930769 34 1 603 -0.0188569 0.0962178 -0.0345968 1.16899 7.54486 95.8351 
0.416724 0.427137 62828 1 0.0947917 0.953846 35 1 605 -0.0189839 0.095361 -0.033806 1.1541 7.53309 95.7986 
0.405766 0.430453 62908 1 0.075 0.9625 36 1 607 -0.0196293 0.0962054 -0.0349812 1.14998 7.53777 95.7763 
0.40629 0.42336 62988 1 0.0776042 0.963462 37 1 609 -0.0197471 0.0957825 -0.0352311 1.14963 7.54226 95.8147 
0.406347 0.426317 63029 1 0.0791667 0.960577 38 1 610 -0.0195475 0.0948877 -0.0349636 1.14147 7.53888 95.7914 
0.412733 0.428102 63109 1 0.0791667 0.960577 39 1 612 -0.0197945 0.0977364 -0.0337815 1.171 7.53176 95.8089 
0.41504 0.431963 63189 1 0.0776042 0.963462 40 1 614 -0.019512 0.0967537 -0.0341186 1.16879 7.53287 95.7749 
0.412486 0.418369 63229 1 0.0723958 0.969231 41 1 615 -0.019892 0.0955168 -0.0348339 1.16291 7.54336 95.8065 
0.42725 0.414457 63308 1 0.0703125 0.970192 42 1 617 -0.0187366 0.0964526 -0.0363849 1.17629 7.55778 95.8058 
0.420614 0.406054 63349 1 0.0703125 0.970192 43 1 618 -0.0186429 0.0955522 -0.0357419 1.16771 7.55704 95.8346 
0.410621 0.420644 63429 1 0.0703125 0.970192 44 1 620 -0.0187278 0.094192 -0.0347888 1.15517 7.54255 95.7951 
0.414533 0.430039 63510 1 0.0703125 0.970192 45 1 622 -0.0192402 0.0937091 -0.0356917 1.14567 7.54509 95.7444 
0.412881 0.440492 63550 1 0.0703125 0.970192 46 1 623 -0.0185247 0.0945981 -0.0347929 1.15062 7.53626 95.7505 
0.416696 0.440056 63630 1 0.0703125 0.970192 47 1 625 -0.0190528 0.0957088 -0.0351532 1.16094 7.53936 95.7571 
0.413187 0.43887 63709 1 0.0703125 0.970192 48 1 627 -0.0193468 0.0952538 -0.0352392 1.16195 7.53917 95.7637 
0.418342 0.440713 63749 1 0.0703125 0.970192 49 1 628 -0.0192707 0.0937681 -0.0344701 1.15587 7.53697 95.7946 
0.418574 0.421011 63830 1 0.0703125 0.970192 50 1 630 -0.0196252 0.095171 -0.0332271 1.16872 7.54819 95.8909 
0.421734 0.450236 63911 1 0.0703125 0.970192 51 1 632 -0.0195521 0.0955869 -0.0332785 1.16902 7.52998 95.8101 
0.418134 0.444903 64031 1 0.0703125 0.970192 52 1 635 -0.0198485 0.0966824 -0.0340244 1.17423 7.54957 95.8924 
0.381215 0.653997 64110 1 0.0703125 0.970192 53 1 637 -0.0189558 0.0950147 -0.0341086 1.16214 7.55228 95.9067 
0.381215 0.653997 64110 1 0.116146 0.963462 54 1 637 -0.0189558 0.0950147 -0.0341086 1.16214 7.55228 95.9067 
0.381215 0.653997 64110 1 0.501563 0.908654 55 1 637 -0.0189558 0.0950147 -0.0341086 1.16214 7.55228 95.9067 
0.299441 1.03403 64311 1 0.808333 0.818269 56 1 642 -0.0194173 0.0957672 -0.0336182 1.15716 7.55735 95.9692 
0.320006 0.817308 64390 1 0.832292 0.805769 57 1 644 -0.0201922 0.0946787 -0.0338593 1.14797 7.55172 95.9662 
0.352258 0.748642 64431 1 0.832292 0.805769 58 1 645 -0.0194781 0.0957211 -0.0330892 1.16064 7.54202 95.9078 
0.356054 0.681469 64511 1 0.832292 0.805769 59 1 647 -0.0197977 0.0958322 -0.0337177 1.16058 7.54853 95.9297 
0.373196 0.6292 64592 1 0.852604 0.775962 60 1 649 -0.0200799 0.0946508 -0.0326972 1.15642 7.54474 95.9243 
0.194626 0.450248 64672 1 0.947396 0.688462 61 1 651 -0.0205504 0.0969535 -0.0314955 1.18078 7.51773 95.8242 
0.0763653 0.107173 64753 1 1.08698 0.639423 62 1 653 -0.0185649 0.0982545 -0.0281745 1.20783 7.48562 95.7046 
0.0911462 0.0824714 64832 1 1.20938 0.633654 63 1 655 -0.0183294 0.0970025 -0.0282898 1.20946 7.48649 95.7222 
0.0958677 0.073167 64872 1 1.30156 0.677885 64 1 656 -0.0182376 0.0978728 -0.0275168 1.21867 7.47996 95.7156 
0.107919 0.0425559 64953 1 1.40833 0.7375 65 1 658 -0.0183505 0.0990371 -0.0282605 1.2316 7.48884 95.6903 
0.108192 0.0553259 65032 1 1.43177 0.761538 66 1 660 -0.0188473 0.0987699 -0.0266924 1.22736 7.47151 95.6875 
0.110556 0.0581002 65113 1 1.43698 0.804808 67 1 662 -0.0192031 0.0985921 -0.0277795 1.22722 7.47466 95.645 
0.106969 0.069604 65152 1 1.45833 0.830769 68 1 663 -0.019387 0.0979267 -0.0259914 1.22064 7.4573 95.6394 
0.110383 0.0546733 65232 1 1.50677 0.794231 69 1 665 -0.0193296 0.0984353 -0.0277626 1.22218 7.47603 95.6493 
0.119918 0.0708283 65313 1 1.55104 0.7875 70 1 667 -0.0196221 0.0995626 -0.0266926 1.23041 7.46089 95.624 
0.125945 0.0529781 65353 1 1.57396 0.786538 71 1 668 -0.0194452 0.0981164 -0.0278712 1.21976 7.47475 95.6364 
0.136268 0.0593812 65433 1 1.57656 0.788462 72 1 670 -0.0194022 0.101465 -0.026931 1.25105 7.46334 95.6119 
0.139585 0.0542332 65513 1 1.57865 0.788462 73 1 672 -0.0189399 0.100657 -0.0283635 1.24758 7.47246 95.5911 
0.140061 0.0557141 65553 1 1.57917 0.776923 74 1 673 -0.0187909 0.100614 -0.0278916 1.24831 7.47109 95.6103 
0.140819 0.0547043 65633 1 1.57969 0.772115 75 1 675 -0.0188813 0.100404 -0.0283966 1.24216 7.47529 95.6033 
0.138537 0.068796 65714 1 1.57969 0.769231 76 1 677 -0.0191792 0.0994954 -0.0274113 1.23402 7.45938 95.5373 
0.134929 0.0676841 65796 1 1.57969 0.768269 77 1 679 -0.0195676 0.0986136 -0.0267742 1.22054 7.45613 95.5745 
0.140386 0.0696013 65874 1 1.57969 0.768269 78 1 681 -0.0195648 0.0997643 -0.0269746 1.23167 7.45521 95.5541 
0.140419 0.071479 65914 1 1.57969 0.768269 79 1 682 -0.0201742 0.100736 -0.0268888 1.24014 7.45805 95.5688 
0.142029 0.0640545 65994 1 1.57969 0.768269 80 1 684 -0.0202521 0.0998289 -0.0276827 1.23506 7.465 95.579 
0.142738 0.0760336 66074 1 1.57969 0.768269 81 1 686 -0.0201084 0.0995036 -0.0255072 1.2315 7.44997 95.5805 
0.145027 0.0609097 66114 1 1.57969 0.768269 82 1 687 -0.0203208 0.100054 -0.0264434 1.2397 7.45934 95.6057 
0.154047 0.0595821 66195 1 1.57969 0.768269 83 1 689 -0.0195654 0.101558 -0.027398 1.25112 7.46875 95.5976 
0.155747 0.0633925 66274 1 1.57969 0.768269 84 1 691 -0.0191244 0.100705 -0.0264972 1.2468 7.46354 95.6343 
0.147575 0.0627534 66355 1 1.57969 0.768269 85 1 693 -0.0193629 0.100102 -0.0259017 1.23572 7.46196 95.6428 
0.208577 0.155259 66395 1 1.57969 0.768269 86 1 694 -0.0192573 0.0963428 -0.0298134 1.19911 7.50954 95.77 
0.668474 0.526234 66475 1 1.57708 0.768269 87 1 696 -0.0186312 0.0953071 -0.0375973 1.17415 7.60432 95.9975 
0.66676 0.539601 66515 1 1.57396 0.768269 88 1 697 -0.0194128 0.0945931 -0.0355948 1.1658 7.58943 96.0131 
0.695707 0.542746 66595 1 1.57344 0.768269 89 1 699 -0.0194418 0.0959284 -0.0353488 1.18305 7.59067 96.0414 
0.700468 0.535049 66675 1 1.57344 0.768269 90 1 701 -0.0189049 0.0938367 -0.0349649 1.17137 7.59271 96.056 
0.702401 0.546296 66715 1 1.57344 0.768269 91 1 702 -0.0191562 0.0949972 -0.0339266 1.17953 7.58463 96.0596 
0.698468 0.558317 66795 1 1.57344 0.768269 92 1 704 -0.0197435 0.0943095 -0.0322682 1.17341 7.57037 96.0552 
0.696833 0.552241 66876 1 1.57344 0.768269 93 1 706 -0.0197024 0.0947759 -0.0341379 1.17536 7.58913 96.0825 
0.69555 0.560848 66916 1 1.57344 0.768269 94 1 707 -0.0191125 0.0933302 -0.0333694 1.16157 7.58356 96.0807 
0.70104 0.575274 66996 1 1.57344 0.768269 95 1 709 -0.0187263 0.0940169 -0.0348371 1.16818 7.58542 96.0362 
0.703403 0.580578 67076 1 1.57344 0.768269 96 1 711 -0.0187897 0.0939871 -0.0348034 1.16923 7.58344 96.0257 
0.701524 0.569948 67116 1 1.57344 0.768269 97 1 712 -0.018859 0.0944238 -0.0379736 1.16957 7.61181 96.038 
0.69529 0.567732 67196 1 1.57344 0.768269 98 1 714 -0.0189896 0.0937334 -0.0373199 1.16282 7.60452 96.0158 
0.700306 0.567941 67236 1 1.57344 0.768269 99 1 715 -0.0192864 0.0944421 -0.0375101 1.17168 7.60592 96.0114 
0.700306 0.567941 67236 1 1.57344 0.768269 100 1 715 -0.0192864 0.0944421 -0.0375101 1.17168 7.60592 96.0114 
0.713976 0.556014 67396 1 1.57344 0.768269 101 1 719 -0.0186529 0.0953743 -0.0383996 1.19082 7.62084 96.0379 
0.719566 0.569959 67477 1 1.57344 0.768269 102 1 721 -0.0191141 0.0961093 -0.0385817 1.19743 7.61875 96.0145 
0.722535 0.584542 67519 1 1.57344 0.768269 103 1 722 -0.0190675 0.0953817 -0.0365367 1.19498 7.59923 95.9776 
0.720304 0.579653 67597 1 1.57344 0.768269 104 1 724 -0.0185305 0.0954572 -0.03768 1.19975 7.6108 95.9914 
0.717643 0.575661 67678 1 1.57344 0.768269 105 1 726 -0.0188233 0.0948932 -0.0401724 1.19445 7.62964 95.9894 
0.71775 0.58489 67718 1 1.57344 0.768269 106 1 727 -0.0182912 0.0964005 -0.0399263 1.20401 7.62243 95.9671 
0.720091 0.598843 67797 1 1.57344 0.768269 107 1 729 -0.0186018 0.0963249 -0.0383476 1.19807 7.60463 95.9272 
0.711117 0.594472 67878 1 1.57344 0.768269 108 1 731 -0.0189976 0.096304 -0.0400219 1.19157 7.62008 95.9479 
0.705659 0.596026 67958 1 1.57344 0.768269 109 1 733 -0.0190947 0.0948672 -0.0402397 1.17911 7.6211 95.9586 
0.712867 0.595584 68038 1 1.57344 0.768269 110 1 735 -0.0194364 0.0959954 -0.0400877 1.19079 7.62207 95.9728 
0.715012 0.589198 68119 1 1.57344 0.768269 111 1 737 -0.019398 0.0953858 -0.0406081 1.18957 7.63057 95.98 
0.707078 0.603139 68158 1 1.57344 0.768269 112 1 738 -0.0197907 0.0937571 -0.0400332 1.17703 7.62114 95.9558 
0.718798 0.591781 68238 1 1.57344 0.768269 113 1 740 -0.0194583 0.0963256 -0.0405718 1.20349 7.63093 95.9647 
0.722398 0.608297 68319 1 1.57344 0.768269 114 1 742 -0.0188057 0.0974389 -0.0402688 1.21769 7.62112 95.9111 
0.596732 0.611869 68359 1 1.57344 0.768269 115 1 743 -0.018195 0.0972077 -0.042053 1.21843 7.63898 95.9181 
0.104461 0.707705 68439 1 1.57344 0.768269 116 1 745 -0.0173224 0.0938348 -0.037708 1.19772 7.5973 95.8829 
0.0985662 0.674972 68518 1 1.57344 0.768269 117 1 747 -0.0167096 0.0944865 -0.0406102 1.20805 7.63925 95.977 
0.102615 0.698152 68559 1 1.57344 0.768269 118 1 748 -0.0170459 0.0940339 -0.0378685 1.20521 7.61375 95.9556 
0.09698 0.703652 68640 1 1.57344 0.768269 119 1 750 -0.0171226 0.0935278 -0.0378679 1.2027 7.61943 95.9875 
0.110994 0.722065 68719 1 1.57344 0.768269 120 1 752 -0.017093 0.095345 -0.0371396 1.22136 7.61684 96.0026 
0.102418 0.73047 68800 1 1.57344 0.768269 121 1 754 -0.0167883 0.0925105 -0.0364469 1.20177 7.61429 96.025 
0.0933813 0.747486 68879 1 1.57344 0.768269 122 1 756 -0.0175473 0.0926193 -0.0339763 1.19781 7.59789 96.0613 
0.107947 0.742386 68919 1 1.57344 0.768269 123 1 757 -0.0175274 0.0928378 -0.0350947 1.20079 7.60932 96.0679 
0.0952252 0.762842 69000 1 1.57344 0.768269 124 1 759 -0.0175305 0.0924829 -0.0353179 1.19695 7.60506 96.0463 
0.10891 0.762797 69080 1 1.57344 0.768269 125 1 761 -0.0165087 0.0943857 -0.034596 1.21282 7.60148 96.0398 
0.105135 0.762187 69120 1 1.57344 0.768269 126 1 762 -0.0161566 0.093959 -0.0343908 1.21035 7.604 96.0914 
0.104335 0.781257 69200 1 1.57344 0.768269 127 1 764 -0.0164245 0.0927105 -0.0329441 1.19785 7.58659 96.0574 
0.102841 0.777619 69280 1 1.57344 0.768269 128 1 766 -0.0165479 0.0940823 -0.0339868 1.20613 7.59732 96.0824 
0.0978557 0.787989 69320 1 1.57344 0.768269 129 1 767 -0.0169335 0.0926912 -0.0319783 1.18997 7.57738 96.0489 
0.104567 0.77027 69400 1 1.57344 0.768269 130 1 769 -0.0170402 0.0947329 -0.035618 1.20118 7.60645 96.0576 
0.0890793 0.767503 69481 1 1.57344 0.768269 131 1 771 -0.0178544 0.0930664 -0.0367239 1.18821 7.61005 96.0252 
0.0972058 0.775827 69521 1 1.57344 0.768269 132 1 772 -0.0177879 0.0934823 -0.0352346 1.19268 7.59756 96.0074 
0.0969412 0.782082 69601 1 1.57344 0.768269 133 1 774 -0.0183408 0.0944939 -0.0348107 1.19975 7.59586 96.0226 
0.105375 0.783156 69681 1 1.57344 0.768269 134 1 776 -0.0183789 0.0946794 -0.0366491 1.20729 7.6037 95.9796 
0.103292 0.773399 69721 1 1.57344 0.768269 135 1 777 -0.0176186 0.0953264 -0.0377217 1.21553 7.61311 95.9748 
0.094992 0.783186 69801 1 1.57344 0.768269 136 1 779 -0.0173647 0.094893 -0.035746 1.21573 7.59877 95.9577 
0.107146 0.777342 69841 1 1.57344 0.768269 137 1 780 -0.0174077 0.0950861 -0.0368534 1.22071 7.60552 95.9558 
0.103488 0.776537 69922 1 1.57344 0.768269 138 1 782 -0.0176302 0.0941179 -0.037478 1.21171 7.60913 95.9319 
0.103249 0.764922 70001 1 1.57344 0.768269 139 1 784 -0.0170564 0.0938849 -0.0359659 1.20904 7.61019 96.014 
0.111086 0.766516 70082 1 1.57344 0.768269 140 1 786 -0.0169165 0.0950316 -0.0374158 1.22148 7.61395 95.9605 
0.102215 0.766409 70122 1 1.57344 0.768269 141 1 787 -0.0176602 0.0937717 -0.0369557 1.21207 7.61277 95.982 
0.106953 0.760284 70202 1 1.57344 0.768269 142 1 789 -0.0174449 0.0937868 -0.0372981 1.21741 7.61974 95.989 
0.11466 0.754898 70283 1 1.57344 0.768269 143 1 791 -0.0174857 0.0951178 -0.0381879 1.23027 7.62705 95.9832 
0.27709 0.654834 70323 1 1.57344 0.768269 144 1 792 -0.0177639 0.0946677 -0.0352403 1.228 7.59611 95.9372 
0.577345 0.429961 70363 1 1.57344 0.768269 145 1 793 -0.0185716 0.0955929 -0.0338343 1.23911 7.57801 95.8834 
0.577345 0.429961 70363 1 1.57344 0.768269 146 1 793 -0.0185716 0.0955929 -0.0338343 1.23911 7.57801 95.8834 
0.62997 0.213319 70563 1 1.57344 0.768269 147 1 798 -0.0212713 0.0962952 -0.0282889 1.25245 7.49836 95.5993 
0.63096 0.215503 70603 1 1.57344 0.768269 148 1 799 -0.021244 0.0962461 -0.0283493 1.25286 7.49782 95.6028 
0.63096 0.215503 70683 1 1.57344 0.768269 149 1 801 -0.021244 0.0962461 -0.0283493 1.25286 7.49782 95.6028 
0.63096 0.215503 70723 1 1.57344 0.768269 150 1 802 -0.021244 0.0962461 -0.0283493 1.25286 7.49782 95.6028 
0.63096 0.215503 70803 1 1.57344 0.768269 151 1 804 -0.021244 0.0962461 -0.0283493 1.25286 7.49782 95.6028 
0.631025 0.214915 70883 1 1.57344 0.768269 152 1 806 -0.0212303 0.0962383 -0.0283506 1.25292 7.49781 95.603 
0.631045 0.214302 70923 1 1.57344 0.768269 153 1 807 -0.0212225 0.0962295 -0.0283504 1.25299 7.49781 95.603 
0.631045 0.214302 71004 1 1.57344 0.768269 154 1 809 -0.0212225 0.0962295 -0.0283504 1.25299 7.49781 95.603 
0.631675 0.207722 71084 1 1.57344 0.768269 155 1 811 -0.0211661 0.0961411 -0.028311 1.25374 7.49811 95.6017 
0.634011 0.199435 71123 1 1.57344 0.768269 156 1 812 -0.0211625 0.0959608 -0.0282236 1.25526 7.49877 95.5976 
0.645074 0.139504 71204 1 1.57344 0.768269 157 1 814 -0.0187352 0.0959583 -0.0263082 1.26769 7.49073 95.6383 
0.644832 0.135561 71285 1 1.57344 0.768269 158 1 816 -0.0187584 0.095338 -0.0266231 1.26552 7.4976 95.6789 
0.635097 0.150309 71365 1 1.57344 0.768269 159 1 818 -0.0187293 0.0946254 -0.0233859 1.25553 7.46973 95.663 
0.630626 0.151209 71404 1 1.57344 0.768269 160 1 819 -0.019145 0.094903 -0.0236821 1.2554 7.474 95.6888 
0.619473 0.150336 71485 1 1.57344 0.768269 161 1 821 -0.0198122 0.096149 -0.0247067 1.2521 7.48053 95.6968 
0.62694 0.146635 71564 1 1.57344 0.768269 162 1 823 -0.0197212 0.0989242 -0.0264882 1.26754 7.49269 95.7004 
0.62624 0.161717 71604 1 1.57344 0.768269 163 1 824 -0.020327 0.0988492 -0.0254587 1.26635 7.47853 95.6679 
0.622732 0.148141 71685 1 1.57344 0.768269 164 1 826 -0.020374 0.0969952 -0.0240934 1.25215 7.4802 95.7456 
0.624119 0.166587 71765 1 1.57344 0.768269 165 1 828 -0.0202463 0.0970624 -0.0217907 1.25652 7.45807 95.7099 
0.620514 0.163494 71805 1 1.57344 0.768269 166 1 829 -0.020161 0.0953081 -0.0214489 1.24537 7.45942 95.7299 
0.627125 0.169771 71885 1 1.57344 0.768269 167 1 831 -0.0203039 0.0966014 -0.0208513 1.25974 7.45248 95.7255 
0.624527 0.168864 71965 1 1.57344 0.768269 168 1 833 -0.0201759 0.094577 -0.0202941 1.24481 7.4524 95.7353 
0.631452 0.169889 72006 1 1.57344 0.768269 169 1 834 -0.0195542 0.096014 -0.0210729 1.25791 7.45527 95.7103 
0.629972 0.154099 72086 1 1.57344 0.768269 170 1 836 -0.0191001 0.0968103 -0.0239117 1.26259 7.47866 95.7109 
0.623906 0.151944 72166 1 1.57344 0.768269 171 1 838 -0.0193604 0.096849 -0.0238239 1.25979 7.47812 95.7122 
0.625088 0.161067 72206 1 1.57344 0.768269 172 1 839 -0.0192508 0.0966447 -0.0231366 1.25816 7.4696 95.6835 
0.622322 0.151922 72286 1 1.57344 0.768269 173 1 841 -0.0197419 0.0971572 -0.0245986 1.26141 7.47996 95.6808 
0.627436 0.156485 72366 1 1.57344 0.768269 174 1 843 -0.0192245 0.0971292 -0.0233043 1.2684 7.47318 95.6929 
0.509338 0.188022 72406 1 1.57344 0.768269 175 1 844 -0.0190738 0.094555 -0.025274 1.25048 7.49413 95.7126 
0.447966 0.244476 72487 1 1.57344 0.768269 176 1 846 -0.0188219 0.0960387 -0.0240983 1.26546 7.48664 95.7277 
0.405745 0.278877 72567 1 1.57344 0.768269 177 1 848 -0.0186001 0.0957696 -0.0263362 1.27154 7.50949 95.7526 
0.399869 0.285959 72608 1 1.57344 0.768269 178 1 849 -0.0180519 0.0942703 -0.0260267 1.2582 7.50623 95.7397 
0.409979 0.28839 72686 1 1.57344 0.768269 179 1 851 -0.0169789 0.0958704 -0.0264541 1.279 7.51014 95.7197 
0.409159 0.297281 72767 1 1.57344 0.768269 180 1 853 -0.0170574 0.0961514 -0.0283986 1.28144 7.52176 95.6967 
0.407917 0.304499 72807 1 1.57344 0.768269 181 1 854 -0.0170605 0.0955512 -0.0282083 1.27538 7.51916 95.6959 
0.401676 0.323759 72887 1 1.57344 0.768269 182 1 856 -0.0176208 0.0951039 -0.0251012 1.26997 7.49165 95.6651 
0.403438 0.304947 72968 1 1.57344 0.768269 183 1 858 -0.0174986 0.0954023 -0.0287838 1.27424 7.5292 95.7112 
0.404287 0.310076 73007 1 1.57344 0.768269 184 1 859 -0.0175251 0.0953224 -0.0278768 1.27562 7.52291 95.7273 
0.404326 0.316671 73087 1 1.57448 0.768269 185 1 861 -0.0173558 0.0954202 -0.0274535 1.28297 7.52241 95.7327 
0.395597 0.318721 73168 1 1.59583 0.768269 186 1 863 -0.01802 0.0941004 -0.026241 1.27228 7.51389 95.731 
0.401174 0.325374 73211 1 1.60104 0.768269 187 1 864 -0.0180661 0.0958289 -0.0263938 1.28784 7.51149 95.7202 
0.395511 0.3307 73288 1 1.60469 0.767308 188 1 866 -0.0183671 0.0948797 -0.0269418 1.27428 7.5127 95.6921 
0.396234 0.330589 73368 1 1.60885 0.767308 189 1 868 -0.0180003 0.0959687 -0.0276944 1.27916 7.51366 95.6771 
0.399591 0.32787 73408 1 1.61406 0.767308 190 1 869 -0.017735 0.0962834 -0.0286341 1.28068 7.52018 95.6575 
0.396368 0.325139 73488 1 1.6151 0.767308 191 1 871 -0.0176865 0.0959699 -0.0275039 1.27772 7.51578 95.6925 
0.396368 0.325139 73488 1 1.61615 0.767308 192 1 871 -0.0176865 0.0959699 -0.0275039 1.27772 7.51578 95.6925 
0.396781 0.322249 73650 1 1.61667 0.767308 193 1 875 -0.0176393 0.0945506 -0.0260831 1.27009 7.51687 95.7646 
0.394562 0.32229 73689 1 1.61667 0.767308 194 1 876 -0.0177978 0.0936455 -0.0261817 1.26348 7.51675 95.7559 
0.394609 0.320833 73768 1 1.61406 0.768269 195 1 878 -0.0176465 0.0941382 -0.0252259 1.27521 7.51404 95.7804 
0.391408 0.340661 73849 1 1.61406 0.768269 196 1 880 -0.0186563 0.0946405 -0.0216507 1.28036 7.48897 95.805 
0.398821 0.36129 73889 1 1.61406 0.768269 197 1 881 -0.0184736 0.0950561 -0.0215324 1.28391 7.47712 95.718 
0.395433 0.358945 73970 1 1.61406 0.768269 198 1 883 -0.0191343 0.0929826 -0.0208962 1.2709 7.48556 95.7995 
0.223664 2.0533 74010 1 1.61406 0.768269 199 0 884 -0.0175929 0.089292 -0.0234563 1.22481 7.5121 95.9021 
0.249789 1.50975 74130 1 1.61406 0.768269 200 0 887 -0.0174331 0.0925173 -0.021331 1.25371 7.49447 95.87 
0.310452 1.01473 74210 1 1.61719 0.765385 201 1 889 -0.0108623 0.0862206 -0.00853631 1.19264 7.3956 95.9979 
0.328705 0.810237 74249 1 1.61719 0.765385 202 1 890 -0.010859 0.0877688 -0.00992813 1.20459 7.42231 96.1061 
0.369828 0.632273 74330 1 1.61719 0.765385 203 1 892 -0.0115856 0.0887808 -0.00784256 1.2048 7.39488 96.0398 
0.391999 0.553458 74410 1 1.61719 0.765385 204 1 894 -0.0120408 0.0910807 -0.0085859 1.22094 7.38941 95.9827 
0.394075 0.46901 74491 1 1.61719 0.765385 205 1 896 -0.0123809 0.0903573 -0.0102257 1.21124 7.40175 95.9741 
0.417511 0.433685 74570 1 1.61719 0.765385 206 1 898 -0.0119976 0.0891412 -0.00943765 1.20936 7.39976 95.9849 
0.443575 0.419551 74651 1 1.61719 0.765385 207 1 900 -0.0120056 0.0897322 -0.00771612 1.22342 7.3818 95.9268 
0.447593 0.405553 74691 1 1.61719 0.765385 208 1 901 -0.0122343 0.0888764 -0.00954019 1.22228 7.39631 95.9209 
0.456849 0.398736 74771 1 1.61719 0.765385 209 1 903 -0.0107753 0.0891792 -0.00943903 1.23292 7.39842 95.9149 
0.497219 0.476807 74851 1 1.61719 0.765385 210 1 905 -0.0103176 0.090096 -0.0110874 1.2448 7.411 95.9028 
0.488734 0.474379 74890 1 1.61719 0.765385 211 1 906 -0.0103151 0.0885589 -0.0122379 1.23221 7.4209 95.8983 
0.486053 0.487496 74971 1 1.61719 0.765385 212 1 908 -0.0107131 0.0895016 -0.0125974 1.23801 7.42638 95.923 
0.491021 0.475734 75051 1 1.61719 0.765385 213 1 910 -0.0105465 0.0893165 -0.0118267 1.23526 7.42242 95.9219 
0.49516 0.458749 75091 1 1.61719 0.765385 214 1 911 -0.010301 0.0901499 -0.012794 1.24469 7.43192 95.9479 
0.49101 0.464627 75172 1 1.61719 0.765385 215 1 913 -0.0102839 0.0883401 -0.0119368 1.23252 7.42752 95.938 
0.46805 0.533316 75251 1 1.61719 0.765385 216 1 915 -0.00976227 0.0859533 -0.0120174 1.22499 7.44051 95.9904 
0.406677 0.704173 75291 1 1.61719 0.765385 217 1 916 -0.00990635 0.0867062 -0.0123362 1.23615 7.44377 95.9757 
0.321475 0.794648 75372 1 1.61719 0.765385 218 1 918 -0.00895841 0.0864786 -0.0136939 1.24971 7.47707 96.0939 
0.110688 0.599662 75452 1 1.61719 0.765385 219 1 920 -0.00824262 0.0896536 -0.0121767 1.29038 7.45514 96.0011 
0.138683 0.497252 75533 1 1.61719 0.765385 220 1 922 -0.00756598 0.0885321 -0.00983312 1.29389 7.43974 95.9853 
0.0562664 0.393721 75613 1 1.61719 0.765385 221 1 924 -0.00703987 0.0890865 -0.00806081 1.30668 7.41614 95.9149 
0.0632435 0.332369 75693 1 1.61719 0.765385 222 1 926 -0.007271 0.0886379 -0.0056838 1.31035 7.40032 95.8944 
0.0616357 0.316114 75733 1 1.61719 0.765385 223 1 927 -0.00706778 0.0882106 -0.00706208 1.30662 7.41298 95.9257 
0.060625 0.306567 75813 1 1.61719 0.765385 224 1 929 -0.00747872 0.0876736 -0.00505896 1.30379 7.39859 95.9214 
0.0456278 0.263387 75893 1 1.61719 0.765385 225 1 931 -0.00712126 0.0872686 -0.00423749 1.30459 7.39818 95.9689 
0.0466323 0.254525 75934 1 1.61719 0.765385 226 1 932 -0.00763792 0.0877292 -0.00308491 1.30963 7.38537 95.9284 
0.0516208 0.261432 76012 1 1.61719 0.765385 227 1 934 -0.00835428 0.0870738 -0.000731658 1.30568 7.36819 95.93 
-0.000613817 0.361922 76093 1 1.61719 0.765385 228 1 936 -0.00783332 0.088066 -0.0018876 1.31451 7.3816 95.9562 
-0.0108261 0.357947 76133 1 1.61719 0.765385 229 1 937 -0.00801094 0.0855386 -0.00156483 1.29675 7.38081 95.964 
-0.00440834 0.380891 76214 1 1.61719 0.765385 230 1 939 -0.00732526 0.0869942 0.000766221 1.30521 7.3579 95.9605 
-0.0106045 0.349435 76294 1 1.61719 0.765385 231 1 941 -0.00721507 0.08619 -0.00110217 1.30041 7.38713 96.0488 
-0.00832824 0.345134 76334 1 1.61719 0.765385 232 1 942 -0.00773024 0.0880167 -0.00179475 1.31417 7.38805 96.0265 
0.0031493 0.375087 76413 1 1.61719 0.765385 233 1 944 -0.00725169 0.0876722 -0.000641569 1.30343 7.3846 96.0852 
-0.00217348 0.381033 76494 1 1.61719 0.765385 234 1 946 -0.008079 0.0884485 -0.000235201 1.29847 7.37883 96.0732 
0.00512165 0.363855 76534 1 1.61719 0.765385 235 1 947 -0.00823998 0.0887446 -0.00212036 1.29547 7.40069 96.1379 
-0.00119475 0.376396 76614 1 1.61719 0.765385 236 1 949 -0.0094454 0.0894805 -0.00111479 1.29643 7.38502 96.1253 
-0.00119475 0.376396 76614 1 1.61719 0.765385 237 1 949 -0.0094454 0.0894805 -0.00111479 1.29643 7.38502 96.1253 
0.0110509 0.331999 76654 1 1.61719 0.765385 238 1 950 -0.00953441 0.0887578 0.00187697 1.29096 7.35097 96.0357 
0.0640273 0.244206 76814 1 1.61719 0.765385 239 1 954 -0.0103122 0.0915476 0.00400182 1.31241 7.32291 95.9667 
0.0786048 0.23616 76895 1 1.61719 0.765385 240 1 956 -0.0102298 0.092162 0.00257311 1.32231 7.32794 95.9083 
0.0738615 0.255928 76976 1 1.61719 0.765385 241 1 958 -0.0105411 0.0919156 0.00474658 1.32419 7.30268 95.8374 
0.0816975 0.258385 77016 1 1.61719 0.765385 242 1 959 -0.0109933 0.0926137 0.00265331 1.33449 7.31348 95.8005 
0.0774001 0.279505 77095 1 1.61719 0.765385 243 1 961 -0.0104243 0.0923776 0.0065197 1.33558 7.27098 95.7013 
0.079036 0.270109 77175 1 1.61719 0.765385 244 1 963 -0.0104721 0.0921448 0.00598945 1.33348 7.27796 95.7208 
0.078781 0.28048 77216 1 1.61719 0.765385 245 1 964 -0.0103958 0.0925189 0.00646313 1.33797 7.26936 95.6826 
-0.0986628 0.241809 77295 1 1.61719 0.767308 246 1 966 -0.01155 0.093116 0.00716371 1.34643 7.25609 95.6185 
-0.0881473 0.245753 77376 1 1.62552 0.818269 247 1 968 -0.0113954 0.0920684 0.00975941 1.34298 7.2391 95.6087 
-0.0885481 0.239331 77416 1 1.63281 0.853846 248 1 969 -0.0116884 0.0925249 0.0104585 1.34902 7.23622 95.6145 
-0.151467 0.195829 77495 1 1.63333 0.860577 249 1 971 -0.0111683 0.0904986 0.00831816 1.33677 7.25678 95.6621 
-0.148688 0.197821 77576 1 1.63229 0.860577 250 1 973 -0.0113383 0.0907936 0.00843068 1.34585 7.25136 95.6215 
-0.143545 0.208189 77616 1 1.63021 0.871154 251 1 974 -0.0106199 0.0920365 0.0108273 1.36071 7.22651 95.5482 
-0.147972 0.210024 77696 1 1.62865 0.875962 252 1 976 -0.0100702 0.0891977 0.0116745 1.34405 7.22239 95.5604 
-0.0877468 0.318904 77777 1 1.62865 0.875962 253 1 978 -0.0102784 0.0874247 0.00756179 1.33158 7.2621 95.6202 
-0.0731006 0.299167 77817 1 1.62917 0.881731 254 1 979 -0.00991338 0.088614 0.00331141 1.33507 7.30587 95.6735 
-0.0778818 0.28703 77896 1 1.62917 0.889423 255 1 981 -0.0101646 0.0852029 0.00395038 1.30909 7.31358 95.7543 
-0.0035884 0.301262 77977 1 1.63021 0.892308 256 1 983 -0.011203 0.0877791 0.00119153 1.32877 7.33505 95.7424 
-0.0033729 0.301478 78017 1 1.63021 0.894231 257 1 984 -0.0111999 0.0877768 0.0011887 1.32879 7.33503 95.7428 
0.00502139 0.310303 78097 1 1.63021 0.894231 258 1 986 -0.010601 0.0872254 0.00255684 1.32604 7.32751 95.7703 
0.0084363 0.307222 78178 1 1.63021 0.894231 259 1 988 -0.0107781 0.0871204 0.0026531 1.3273 7.32836 95.7662 
0.0081314 0.309923 78218 1 1.63021 0.894231 260 1 989 -0.0108224 0.0871404 0.00262597 1.32717 7.32814 95.7685 
-0.0130526 0.348822 78338 1 1.63021 0.894231 261 1 992 -0.0103224 0.0872017 0.00139718 1.33087 7.34094 95.8112 
-0.0125104 0.366791 78418 1 1.63021 0.894231 262 1 994 -0.00989302 0.085843 0.00236247 1.32299 7.33559 95.7895 
-0.0180528 0.372793 78458 1 1.63021 0.894231 263 1 995 -0.00952314 0.0854505 0.00247337 1.32223 7.33808 95.8405 
-0.0130087 0.395791 78539 1 1.63021 0.894231 264 1 997 -0.00971862 0.0848349 0.00425075 1.31254 7.32267 95.8282 
-0.0147345 0.392299 78618 1 1.63021 0.894231 265 1 999 -0.0096953 0.0860825 0.00276116 1.32079 7.34086 95.8716 
-0.0179444 0.399616 78658 1 1.63021 0.894231 266 1 1000 -0.010513 0.0861666 0.00382582 1.32058 7.3277 95.8205 
-0.00683328 0.393634 78738 1 1.63021 0.894231 267 1 1002 -0.0104131 0.085759 0.00320078 1.31775 7.34084 95.897 
-0.0129356 0.406252 78818 1 1.63021 0.894231 268 1 1004 -0.0102402 0.0850872 0.00475567 1.31236 7.33101 95.9057 
-0.00378005 0.403072 78859 1 1.63021 0.894231 269 1 1005 -0.0105412 0.0858291 0.00507809 1.32335 7.32827 95.8809 
-0.00953964 0.403824 78939 1 1.63021 0.894231 270 1 1007 -0.0106426 0.0862463 0.00604576 1.32316 7.32314 95.908 
-0.00900471 0.403125 78978 1 1.63021 0.894231 271 1 1008 -0.0106528 0.0862227 0.00606032 1.32335 7.32326 95.9075 
-0.00316734 0.401968 79059 1 1.63021 0.894231 272 1 1010 -0.0106108 0.0859669 0.0061109 1.32542 7.3236 95.9144 
-0.00191649 0.396254 79139 1 1.63021 0.894231 273 1 1012 -0.0102665 0.086001 0.00624938 1.32535 7.32465 95.9068 
-0.0482307 0.416594 79179 1 1.63021 0.894231 274 1 1013 -0.00921699 0.0837997 0.00861391 1.31228 7.31339 95.9864 
-0.145166 0.42503 79259 1 1.63021 0.894231 275 1 1015 -0.00950002 0.082536 0.0115247 1.30073 7.27839 95.8985 
-0.141417 0.414254 79340 1 1.63021 0.894231 276 1 1017 -0.00961107 0.0836599 0.0104669 1.30488 7.28634 95.9227 
-0.126823 0.40993 79419 1 1.63021 0.894231 277 1 1019 -0.00989626 0.0863829 0.00888684 1.32145 7.29151 95.8493 
-0.133971 0.387206 79459 1 1.63021 0.894231 278 1 1020 -0.0096796 0.0855753 0.00591627 1.31552 7.31845 95.9131 
-0.139657 0.37512 79540 1 1.63021 0.894231 279 1 1022 -0.0101713 0.0858961 0.00908637 1.3192 7.28778 95.8335 
-0.145196 0.36631 79622 1 1.63021 0.894231 280 1 1024 -0.0101717 0.0844649 0.00831127 1.3124 7.29807 95.8728 
-0.140202 0.365632 79701 1 1.63021 0.894231 281 1 1026 -0.00997288 0.0855365 0.00924295 1.32891 7.29414 95.8446 
-0.14391 0.366079 79740 1 1.63021 0.894231 282 1 1027 -0.00936676 0.0864496 0.00785634 1.34171 7.30487 95.8497 
-0.14391 0.366079 79740 1 1.63021 0.894231 283 1 1027 -0.00936676 0.0864496 0.00785634 1.34171 7.30487 95.8497 
-0.166104 0.36326 79900 1 1.63021 0.894231 284 1 1031 -0.00870495 0.0846642 0.00668608 1.34067 7.31691 95.8563 
-0.172893 0.38726 79981 1 1.63021 0.894231 285 1 1033 -0.00875335 0.0836638 0.00821684 1.33278 7.29419 95.7652 
-0.174924 0.390066 80021 1 1.63021 0.894231 286 1 1034 -0.00891117 0.0847675 0.00704457 1.33956 7.30446 95.7711 
-0.179225 0.388809 80101 1 1.63021 0.894231 287 1 1036 -0.00890744 0.0831896 0.00756491 1.32201 7.30121 95.7884 
0.11722 0.37674 80182 1 1.63021 0.894231 288 1 1038 -0.00924176 0.0849389 0.00526655 1.33838 7.32509 95.8225 
0.163707 0.376426 80222 1 1.63021 0.894231 289 1 1039 -0.00945036 0.0859358 0.00522709 1.34943 7.32532 95.8018 
0.175569 0.367269 80301 1 1.63021 0.894231 290 1 1041 -0.00949968 0.0861318 0.00561684 1.35912 7.32624 95.8033 
0.171845 0.370027 80342 1 1.63021 0.894231 291 1 1042 -0.00942511 0.0863096 0.00557053 1.35758 7.32579 95.8077 
0.172249 0.371317 80422 1 1.63021 0.894231 292 1 1044 -0.00944451 0.0862762 0.00554181 1.35782 7.32554 95.8113 
0.175775 0.37108 80501 1 1.63021 0.894231 293 1 1046 -0.00930061 0.0876494 0.00572318 1.37182 7.32381 95.8028 
0.14663 0.365557 80581 1 1.63021 0.894231 294 1 1048 -0.00868797 0.0842466 0.00572003 1.34443 7.32178 95.8096 
0.150488 0.363729 80662 1 1.63021 0.894231 295 1 1050 -0.00811666 0.0848607 0.00486787 1.34954 7.32819 95.8057 
0.146466 0.361586 80702 1 1.63021 0.894231 296 1 1051 -0.00818671 0.0840905 0.0042344 1.34256 7.33228 95.8092 
0.152637 0.353748 80783 1 1.63021 0.894231 297 1 1053 -0.00893093 0.0861198 0.00318817 1.35691 7.34052 95.7831 
0.113879 0.482598 80862 1 1.63021 0.894231 298 1 1055 -0.00894687 0.0841259 -0.000349571 1.32646 7.37752 95.8822 
0.116513 0.477484 80902 1 1.63021 0.894231 299 1 1056 -0.00925822 0.0852743 -0.00256054 1.33708 7.4002 95.9247 
0.117446 0.495844 80982 1 1.63021 0.894231 300 1 1058 -0.0085241 0.0838426 0.000849775 1.33181 7.37476 95.91 
0.123124 0.505882 81063 1 1.63021 0.894231 301 1 1060 -0.00867403 0.0826479 0.00140746 1.32886 7.37863 95.9594 
0.12533 0.514188 81103 1 1.63021 0.894231 302 1 1061 -0.0082339 0.0835403 0.00203452 1.33855 7.37597 95.968 
0.114102 0.525931 81183 1 1.63021 0.894231 303 1 1063 -0.00866005 0.0829235 0.0027375 1.3393 7.37309 95.9699 
-0.000380802 0.546573 81262 1 1.63021 0.894231 304 1 1065 -0.00835887 0.0846787 0.00537845 1.35886 7.34545 95.9262 
-0.00895302 0.56301 81343 1 1.63021 0.894231 305 1 1067 -0.00819948 0.0841168 0.00889085 1.35492 7.31644 95.8813 
-0.00902302 0.559724 81383 1 1.63021 0.894231 306 1 1068 -0.00798461 0.0840263 0.00796295 1.35846 7.32655 95.9154 
-0.0109667 0.580683 81463 1 1.63021 0.894231 307 1 1070 -0.0074665 0.0855805 0.00970231 1.36933 7.30603 95.879 
-0.0209494 0.566398 81544 1 1.63021 0.894231 308 1 1072 -0.0083142 0.0838402 0.00768033 1.35035 7.32814 95.9291 
-0.0227955 0.568399 81584 1 1.63021 0.894231 309 1 1073 -0.00786922 0.0840248 0.00979936 1.34716 7.31363 95.9423 
-0.0211641 0.578037 81666 1 1.63021 0.894231 310 1 1075 -0.00859515 0.0831902 0.0098489 1.33362 7.31423 95.9694 
-0.0301268 0.700776 81744 1 1.63021 0.894231 311 1 1077 -0.00851692 0.0827814 0.0113327 1.33202 7.29858 95.9254 
0.281908 4.29089 81824 1 1.63021 0.894231 312 0 1079 -0.00849224 0.0859478 -0.0108813 1.35061 7.52841 96.2402 
0.286234 3.31393 81864 1 1.63021 0.894231 313 0 1080 -0.00877398 0.0818556 -0.0122423 1.3085 7.5635 96.4233 
-0.144121 1.78013 81945 1 1.63021 0.895192 314 0 1082 -0.00708628 0.0784843 -0.000552686 1.29014 7.45826 96.3818 
-0.131723 1.33876 82024 1 1.63021 0.895192 315 0 1084 -0.00660463 0.0815404 0.00244646 1.32124 7.41753 96.2293 
-0.134287 1.23963 82064 1 1.63021 0.895192 316 0 1085 -0.00634246 0.080786 0.00350678 1.31968 7.4031 96.1813 
-0.113242 1.05292 82145 1 1.63021 0.895192 317 1 1087 -0.00598471 0.0812338 0.00408383 1.32959 7.38332 96.079 
-0.100659 0.922997 82225 1 1.63021 0.895192 318 1 1089 -0.00571905 0.0811271 0.00335063 1.32968 7.39067 96.0797 
-0.0983172 0.902057 82266 1 1.63021 0.895192 319 1 1090 -0.00624707 0.0820912 0.00615477 1.33628 7.3656 96.0598 
0.00613933 0.897446 82344 1 1.63021 0.895192 320 1 1092 -0.00637686 0.0806741 0.00434879 1.32281 7.37907 96.059 
0.0234894 0.861954 82426 1 1.63021 0.895192 321 1 1094 -0.00669077 0.0815923 0.00369896 1.33169 7.38827 96.0744 
0.0295221 0.850383 82466 1 1.63021 0.895192 322 1 1095 -0.00651922 0.0812209 0.00440342 1.33128 7.38814 96.1051 
0.041439 0.832595 82545 1 1.63021 0.895192 323 1 1097 -0.00693624 0.0821127 0.00360756 1.34385 7.39475 96.1052 
0.0427219 0.820731 82626 1 1.63021 0.895192 324 1 1099 -0.00692259 0.0834521 0.00426483 1.36107 7.39124 96.1008 
0.0520302 0.821726 82666 1 1.63021 0.895192 325 1 1100 -0.00655422 0.0836148 0.00277957 1.36604 7.39945 96.03 
0.00327042 0.720622 82745 1 1.63021 0.895192 326 1 1102 -0.00608011 0.08674 0.00535466 1.39886 7.37196 96.0032 
0.0315299 0.407803 82827 1 1.63021 0.895192 327 1 1104 -0.00593525 0.0880067 0.0105013 1.42778 7.31093 95.8347 
0.0413759 0.384471 82866 1 1.63021 0.895192 328 1 1105 -0.00618585 0.0889436 0.0109179 1.43936 7.30539 95.8197 
0.0413759 0.384471 82866 1 1.63021 0.895192 329 1 1105 -0.00618585 0.0889436 0.0109179 1.43936 7.30539 95.8197 
0.0475831 0.284336 83027 1 1.63021 0.895192 330 1 1109 -0.00685217 0.091271 0.0117448 1.4596 7.28425 95.7167 
0.0522465 0.293184 83106 1 1.63021 0.895192 331 1 1111 -0.00780383 0.0901075 0.0132829 1.44781 7.26405 95.6589 
0.0546962 0.283571 83146 1 1.63021 0.895192 332 1 1112 -0.00729762 0.0919992 0.0134026 1.46685 7.26727 95.7029 
0.0928384 0.218008 83227 1 1.63021 0.895192 333 1 1114 -0.00730048 0.0902674 0.0146866 1.46017 7.25713 95.6539 
0.106856 0.207128 83307 1 1.63021 0.895192 334 1 1116 -0.00783379 0.0903421 0.016162 1.46256 7.2476 95.6766 
0.107086 0.198031 83347 1 1.63021 0.895192 335 1 1117 -0.00732443 0.0912222 0.0167292 1.4688 7.2468 95.7021 
0.104558 0.190386 83427 1 1.63021 0.895192 336 1 1119 -0.00752194 0.0880651 0.0170168 1.44903 7.25227 95.7524 
0.108547 0.21277 83507 1 1.63021 0.895192 337 1 1121 -0.00657501 0.0865095 0.0207307 1.44441 7.22346 95.7345 
0.139095 0.2197 83587 1 1.63021 0.895192 338 1 1123 -0.00597321 0.0852823 0.0216668 1.43906 7.2216 95.7962 
0.388215 0.326495 83627 1 1.63021 0.895192 339 1 1124 -0.00699693 0.0845189 0.0191867 1.43163 7.24654 95.7963 
0.439453 0.349801 83708 1 1.63021 0.895192 340 1 1126 -0.00672693 0.0858588 0.0190022 1.43867 7.25624 95.8143 
0.459353 0.364787 83788 1 1.63021 0.895192 341 1 1128 -0.00670882 0.080643 0.0237489 1.38906 7.24419 96.0298 
0.460939 0.342706 83827 1 1.63021 0.895192 342 1 1129 -0.00677816 0.0804484 0.0212218 1.38802 7.28173 96.2264 
0.46394 0.344045 83908 1 1.63021 0.895192 343 1 1131 -0.00859915 0.080441 0.0211449 1.39321 7.28232 96.3549 
0.468667 0.353531 83948 1 1.63021 0.895192 344 1 1132 -0.00975793 0.0827894 0.0216463 1.40632 7.27211 96.3466 
0.463836 0.338315 84028 1 1.63021 0.895192 345 1 1134 -0.0118363 0.0840716 0.0221976 1.39326 7.27514 96.4027 
0.492915 0.389617 84109 1 1.63021 0.895192 346 1 1136 -0.0115313 0.0839411 0.0212987 1.36499 7.30692 96.5356 
0.48328 0.40166 84149 1 1.63021 0.895192 347 1 1137 -0.0117499 0.0840919 0.0206419 1.35826 7.33308 96.6575 
0.484519 0.39996 84228 1 1.63021 0.895192 348 1 1139 -0.0109767 0.0814652 0.0207207 1.34156 7.35407 96.7382 
0.477619 0.468039 84309 1 1.63021 0.895192 349 1 1141 -0.0106108 0.0734971 0.025397 1.30048 7.31011 96.7017 
0.385317 0.928654 84389 1 1.63021 0.895192 350 1 1143 -0.00800195 0.062855 0.0248777 1.22701 7.35405 96.9473 
0.349054 0.984382 84469 1 1.63021 0.895192 351 1 1145 -0.0058851 0.0582331 0.0304571 1.21167 7.34216 97.1206 
0.360684 0.995788 84509 1 1.63021 0.895192 352 1 1146 -0.00610056 0.0575261 0.031507 1.21857 7.34007 97.1383 
0.400338 2.20783 84589 1 1.63021 0.895192 353 0 1148 -0.0057499 0.0568594 0.0333173 1.22381 7.34462 97.2574 
0.517078 4.48581 84669 1 1.63021 0.895192 354 0 1150 -0.00922212 0.0520655 0.0429658 1.28457 7.5317 99.3581 
0.206325 2.50448 84750 1 1.63021 0.895192 355 0 1152 -0.00894184 0.0343858 0.0441626 1.14898 7.51519 100.438 
0.252503 2.25434 84790 1 1.63021 0.895192 356 0 1153 -0.00504737 0.0355123 0.0437836 1.12649 7.38318 100.339 
0.313243 1.47126 84870 1 1.63021 0.895192 357 0 1155 0.00356444 0.0586579 0.00309686 1.24571 7.43902 100.417 
0.337936 1.4975 84910 1 1.63021 0.895192 358 0 1156 0.00947077 0.0478828 0.0145388 1.14061 7.12844 100.584 
0.355279 1.66979 84950 1 1.63021 0.895192 359 0 1157 0.0132767 0.0265105 0.032559 0.979231 6.68384 100.568 
0.355279 1.66979 84950 1 1.63021 0.895192 360 0 1157 0.0132767 0.0265105 0.032559 0.979231 6.68384 100.568 
0.350054 1.54671 85110 1 1.63021 0.895192 361 0 1161 0.0579189 0.0278519 0.0273312 1.05321 5.79669 103.078 
0.45572 1.42846 85191 1 1.63021 0.895192 362 0 1163 0.072396 0.0586957 0.0231535 1.22984 5.50426 104.806 
0.479061 1.31462 85271 1 1.63021 0.895192 363 0 1165 0.0869957 0.0614932 -0.00243931 1.03312 5.29454 105.033 
0.479061 1.31462 85271 1 1.63021 0.895192 364 0 1165 0.0869957 0.0614932 -0.00243931 1.03312 5.29454 105.033 
0.479061 1.31462 85271 1 1.63021 0.895192 365 0 1165 0.0869957 0.0614932 -0.00243931 1.03312 5.29454 105.033 
0.372301 2.96752 85471 1 1.63021 0.895192 366 0 1170 0.117257 0.0977401 0.048958 0.888843 4.30033 104.001 
1.65232 4.76439 85551 1 1.63021 0.895192 367 0 1172 0.0824134 0.246694 0.101498 2.34448 4.03023 104.464 
0.422977 0.390745 85632 1 1.63021 0.895192 368 0 1174 0.0320144 0.335071 0.118654 3.29559 4.05492 105.761 
0.422977 0.390745 85632 1 1.63021 0.895192 369 0 1174 0.0320144 0.335071 0.118654 3.29559 4.05492 105.761 
0.422977 0.390745 85632 1 1.63021 0.895192 370 0 1174 0.0320144 0.335071 0.118654 3.29559 4.05492 105.761 
0.753959 1.6538 85672 1 1.63021 0.895192 371 0 1175 0.0749406 0.122492 -0.00684018 1.25012 5.02781 102.017 
0.632016 1.3683 85872 1 1.63021 0.895192 372 0 1180 0.0673626 0.100908 -0.0519775 0.886885 5.58557 98.9448 
0.648281 4.30793 85953 1 1.63021 0.895192 373 0 1182 0.0620778 0.107298 -0.0651214 0.900245 5.7112 98.4065 
-0.741448 1.86276 85992 1 1.63021 0.895192 374 0 1183 0.0270109 0.20575 -0.0173633 1.81437 5.39002 99.3423 
-0.741448 1.86276 85992 1 1.63021 0.895192 375 0 1183 0.0270109 0.20575 -0.0173633 1.81437 5.39002 99.3423 
0.053089 0.751018 86152 1 1.63021 0.895192 376 0 1187 -0.0311401 0.367698 0.0697658 3.09278 4.68724 101.189 
-0.565267 0.901804 86233 1 1.63021 0.895192 377 0 1189 -0.0386685 0.417392 0.0862725 3.39803 4.51446 100.558 
-1.21561 1.23975 86273 1 1.63021 0.895192 378 0 1190 -0.0386685 0.417392 0.0862725 3.39803 4.51446 100.558 
-0.916496 1.06568 86313 1 1.63021 0.895192 379 0 1191 -0.0535327 0.409634 0.100092 3.37268 4.4134 100.595 
-0.916496 1.06568 86313 1 1.63021 0.895192 380 0 1191 -0.0535327 0.409634 0.100092 3.37268 4.4134 100.595 
-0.465515 0.848953 86472 1 1.63021 0.895192 381 0 1195 -0.0667317 0.428467 0.120724 3.72973 4.35974 100.068 
-0.989681 1.29176 86553 1 1.63021 0.895192 382 0 1197 -0.0633566 0.434079 0.110391 3.96643 4.53693 100.239 
-0.612628 1.34356 86633 1 1.63021 0.895192 383 0 1199 -0.0585954 0.446675 0.101329 4.2388 4.67738 100.381 
-0.612628 1.34356 86633 1 1.63021 0.895192 384 0 1199 -0.0585954 0.446675 0.101329 4.2388 4.67738 100.381 
-0.612628 1.34356 86633 1 1.63021 0.895192 385 0 1199 -0.0585954 0.446675 0.101329 4.2388 4.67738 100.381 
0.933136 1.89316 86794 1 1.63021 0.895192 386 0 1203 -0.00599488 0.230501 -0.01125 2.47908 5.60553 98.2249 
0.730492 1.8068 86914 1 1.63021 0.895192 387 0 1206 0.00517445 0.151069 -0.0300906 1.72173 5.68136 96.1016 
0.757101 1.74591 86954 1 1.63021 0.895192 388 0 1207 0.00450154 0.147054 -0.0421243 1.67812 5.74309 95.7313 
0.757101 1.74591 86954 1 1.63021 0.895192 389 0 1207 0.00450154 0.147054 -0.0421243 1.67812 5.74309 95.7313 
0.5474 1.61039 87115 1 1.63021 0.895192 390 0 1211 0.00105835 0.126536 -0.0473305 1.47806 5.81164 95.5157 
0.548277 1.62052 87155 1 1.63021 0.895192 391 0 1212 0.00218377 0.125687 -0.0440304 1.47347 5.79381 95.5427 
0.594476 1.57853 87234 1 1.63021 0.895192 392 0 1214 0.00397864 0.139153 -0.0535494 1.55056 5.84049 95.3037 
0.597476 1.49879 87274 1 1.63021 0.895192 393 0 1215 0.00404826 0.136877 -0.0621566 1.5221 5.89319 95.1208 
0.597476 1.49879 87274 1 1.63021 0.895192 394 0 1215 0.00404826 0.136877 -0.0621566 1.5221 5.89319 95.1208 
0.518353 1.53555 87435 1 1.63021 0.895192 395 0 1219 0.00611675 0.107002 -0.0525273 1.2917 5.78632 94.6708 
0.510726 1.50397 87515 1 1.63021 0.895192 396 0 1221 0.00571976 0.107148 -0.0563758 1.28335 5.80277 94.5579 
0.502187 1.47697 87555 1 1.63021 0.895192 397 0 1222 0.00576735 0.109063 -0.0595552 1.30307 5.81575 94.4429 
0.523218 1.54784 87595 1 1.63021 0.895192 398 0 1223 0.00281045 0.114442 -0.0443139 1.37214 5.69705 94.7712 
0.523218 1.54784 87595 1 1.63021 0.895192 399 0 1223 0.00281045 0.114442 -0.0443139 1.37214 5.69705 94.7712 
0.533468 1.46799 87635 1 1.63021 0.895192 400 0 1224 0.00555713 0.117928 -0.0555377 1.40569 5.79197 94.5776 
0.533468 1.46799 87635 1 1.63021 0.895192 401 0 1224 0.00555713 0.117928 -0.0555377 1.40569 5.79197 94.5776 
0.604031 1.25844 87877 1 1.63021 0.895192 402 0 1230 0.00534281 0.14111 -0.0599971 1.64503 6.02144 97.2642 
0.613341 1.5287 87955 1 1.63021 0.895192 403 0 1232 0.00627597 0.131319 -0.051842 1.55433 5.82053 95.3665 
0.600812 1.45877 88035 1 1.63021 0.895192 404 0 1234 0.000475047 0.132101 -0.0561833 1.55661 5.87953 95.4245 
0.630743 1.50129 88118 1 1.63021 0.895192 405 0 1236 0.00241752 0.123536 -0.0631292 1.45671 5.90499 94.9651 
0.658017 1.52512 88156 1 1.63021 0.895192 406 0 1237 0.00281202 0.128284 -0.062713 1.49009 5.89221 94.8094 
0.652265 1.49756 88236 1 1.63021 0.895192 407 0 1239 0.00160928 0.121677 -0.0644215 1.43973 5.90858 94.8743 
0.679803 1.54736 88316 1 1.63021 0.895192 408 0 1241 0.00442605 0.127981 -0.0612902 1.4867 5.85907 94.5381 
0.679803 1.54736 88316 1 1.63021 0.895192 409 0 1241 0.00442605 0.127981 -0.0612902 1.4867 5.85907 94.5381 
0.679803 1.54736 88316 1 1.63021 0.895192 410 0 1241 0.00442605 0.127981 -0.0612902 1.4867 5.85907 94.5381 
0.677351 1.4949 88517 1 1.63021 0.895192 411 0 1246 0.00489097 0.117381 -0.0592542 1.43691 5.87486 94.8396 
0.682365 1.44813 88597 1 1.63021 0.895192 412 0 1248 0.00420132 0.122266 -0.0589632 1.49058 5.88915 95.1062 
0.687718 1.44055 88637 1 1.63021 0.895192 413 0 1249 0.00373051 0.121995 -0.059621 1.48906 5.89727 95.1196 
0.687718 1.44055 88637 1 1.63021 0.895192 414 0 1249 0.00373051 0.121995 -0.059621 1.48906 5.89727 95.1196 
0.667923 1.46901 88677 1 1.63021 0.895192 415 0 1250 0.00495671 0.118416 -0.0583428 1.45431 5.87681 94.9699 
0.697901 1.54899 88837 1 1.63021 0.895192 416 0 1254 0.00482792 0.126971 -0.0556717 1.53099 5.85845 94.9695 
0.687705 1.57304 88918 1 1.63021 0.895192 417 0 1256 0.00458735 0.126436 -0.052233 1.52768 5.82725 94.958 
0.68432 1.54409 88958 1 1.63021 0.895192 418 0 1257 0.00440322 0.121494 -0.0546481 1.47557 5.85957 95.0768 
0.68432 1.54409 88958 1 1.63021 0.895192 419 0 1257 0.00440322 0.121494 -0.0546481 1.47557 5.85957 95.0768 
0.648916 1.56542 89117 1 1.63021 0.895192 420 0 1261 0.00227403 0.117697 -0.0491453 1.46519 5.83123 95.3004 
0.647107 1.66107 89198 1 1.63021 0.895192 421 0 1263 0.00589882 0.110462 -0.0459422 1.4272 5.76275 94.8195 
0.635008 1.54664 89238 1 1.63021 0.895192 422 0 1264 0.00530146 0.11165 -0.0541816 1.45311 5.8615 95.088 
0.665034 1.63202 89283 1 1.63021 0.895192 423 0 1265 0.0072554 0.112762 -0.0445867 1.47265 5.76306 94.934 
0.665034 1.63202 89283 1 1.63021 0.895192 424 0 1265 0.0072554 0.112762 -0.0445867 1.47265 5.76306 94.934 
0.604796 1.56461 89478 1 1.63021 0.895192 425 0 1270 0.0227724 0.0945512 -0.033597 1.35294 5.74144 95.9216 
0.587127 1.52649 89519 1 1.63021 0.895192 426 0 1271 0.0268596 0.0906381 -0.0300752 1.31639 5.73222 96.3315 
0.645911 1.4423 89599 1 1.63021 0.895192 427 0 1273 0.0258972 0.114295 -0.0323675 1.50461 5.66892 95.5379 
0.645911 1.4423 89599 1 1.63021 0.895192 428 0 1273 0.0258972 0.114295 -0.0323675 1.50461 5.66892 95.5379 
0.6127 1.35865 89759 1 1.63021 0.895192 429 0 1277 0.0153026 0.111516 -0.0354284 1.47872 5.66117 95.0963 
0.620249 1.34194 89800 1 1.63021 0.895192 430 0 1278 0.0144821 0.110971 -0.0316927 1.47717 5.61582 94.9618 
0.634444 1.2911 89879 1 1.63021 0.895192 431 0 1280 0.0125259 0.110625 -0.0314557 1.46899 5.61962 94.9265 
0.607168 1.29835 89919 1 1.63021 0.895192 432 0 1281 0.0128605 0.105943 -0.0277204 1.42361 5.59581 95.0693 
0.607168 1.29835 89919 1 1.63021 0.895192 433 0 1281 0.0128605 0.105943 -0.0277204 1.42361 5.59581 95.0693 
0.541329 1.48631 90080 1 1.63021 0.895192 434 0 1285 0.0100624 0.108018 -0.048231 1.43532 5.79613 95.1403 
0.549467 1.4593 90160 1 1.63021 0.895192 435 0 1287 0.00909908 0.113108 -0.0471156 1.47929 5.80441 95.4217 
0.537839 1.46156 90199 1 1.63021 0.895192 436 0 1288 0.0120819 0.107706 -0.0542998 1.41796 5.84217 95.1521 
0.541945 1.4607 90240 1 1.63021 0.895192 437 0 1289 0.00942004 0.10867 -0.0466381 1.43286 5.791 95.3283 
0.541945 1.4607 90240 1 1.63021 0.895192 438 0 1289 0.00942004 0.10867 -0.0466381 1.43286 5.791 95.3283 
0.540979 1.38024 90403 1 1.63021 0.895192 439 0 1293 0.00917925 0.109327 -0.05671 1.44621 5.86194 95.163 
0.543719 1.3721 90481 1 1.63021 0.895192 440 0 1295 0.00897844 0.10633 -0.0549676 1.44044 5.82367 95.06 
0.516903 1.21502 90561 1 1.63021 0.895192 441 0 1297 0.00973793 0.0912924 -0.0464325 1.32084 5.74666 95.0918 
0.516903 1.21502 90561 1 1.63021 0.895192 442 0 1297 0.00973793 0.0912924 -0.0464325 1.32084 5.74666 95.0918 
0.516903 1.21502 90561 1 1.63021 0.895192 443 0 1297 0.00973793 0.0912924 -0.0464325 1.32084 5.74666 95.0918 
0.556383 1.10716 90761 1 1.63021 0.895192 444 1 1302 0.0102502 0.0916224 -0.0381449 1.33345 5.68496 95.0897 
0.565919 1.12465 90841 1 1.63021 0.895192 445 1 1304 0.0092611 0.092863 -0.0327671 1.34345 5.64479 95.1948 
0.605709 1.05563 90922 1 1.63021 0.895192 446 1 1306 0.00715523 0.108289 -0.0186805 1.48544 5.52453 95.4417 
0.660677 0.877194 91001 1 1.63021 0.895192 447 1 1308 0.00683181 0.120769 -0.0231985 1.59245 5.60342 95.9389 
0.654353 0.862536 91042 1 1.63021 0.895192 448 1 1309 0.00859166 0.119114 -0.0243681 1.57938 5.60967 95.8412 
0.714056 0.844056 91122 1 1.63021 0.895192 449 1 1311 0.0090081 0.133396 -0.0234287 1.71746 5.59602 95.8277 
0.682319 0.854923 91202 1 1.63021 0.895192 450 1 1313 0.00765375 0.121527 -0.0239196 1.62394 5.5763 95.6615 
0.723526 0.765808 91242 1 1.63021 0.895192 451 1 1314 0.00874504 0.129484 -0.0343281 1.68975 5.66446 95.5983 
0.685819 0.729592 91321 1 1.63021 0.895192 452 1 1316 0.0064142 0.117445 -0.031808 1.59796 5.6695 95.9405 
0.675427 0.735229 91362 1 1.63021 0.895192 453 1 1317 0.0106301 0.109612 -0.0370125 1.52359 5.69018 95.5798 
0.701927 0.704762 91442 1 1.63021 0.895192 454 1 1319 0.0100712 0.106359 -0.0292827 1.50296 5.62282 95.6568 
0.723597 0.666322 91522 1 1.63021 0.895192 455 1 1321 0.011777 0.109633 -0.0325708 1.53294 5.63883 95.6354 
0.824295 0.885438 91604 1 1.63021 0.895192 456 1 1323 0.00784975 0.108751 -0.0221766 1.53239 5.53159 95.8413 
0.944327 1.13022 91643 1 1.63021 0.895192 457 1 1324 0.00775425 0.113647 -0.010656 1.58927 5.42746 95.9227 
0.897574 1.11495 91722 1 1.63021 0.895192 458 1 1326 0.0109302 0.0973431 -0.0124555 1.49388 5.46481 96.2001 
0.857159 1.06817 91803 1 1.63021 0.895192 459 1 1328 0.0162474 0.0831703 -0.0218403 1.46773 5.47658 96.1654 
0.946851 1.08589 91883 1 1.63021 0.895192 460 1 1330 0.0175898 0.0826766 -0.0297436 1.54088 5.4581 96.8805 
0.976054 1.04641 91924 1 1.63021 0.895192 461 1 1331 0.0178387 0.0915631 -0.0408374 1.63614 5.50081 96.9687 
1.00959 0.942904 91963 1 1.63021 0.895192 462 1 1332 0.0196298 0.10338 -0.0538605 1.73464 5.58534 97.2128 
0.976328 0.863237 92044 1 1.63021 0.895192 463 1 1334 0.020427 0.0910408 -0.0591168 1.59927 5.56547 97.0752 
1.06407 0.94746 92123 1 1.63021 0.895192 464 1 1336 0.0183844 0.114654 -0.0463219 1.78351 5.44713 97.3097 
1.08976 0.748287 92204 1 1.63021 0.895192 465 1 1338 0.0235018 0.105778 -0.0342918 1.66847 5.37567 97.846 
1.09369 0.754739 92244 1 1.63021 0.895192 466 1 1339 0.024311 0.109082 -0.028963 1.68281 5.34052 97.9139 
1.06856 0.726943 92325 1 1.63021 0.895192 467 1 1341 0.0257017 0.10755 -0.0265094 1.64782 5.32899 98.1 
1.09952 0.588281 92405 1 1.63021 0.895192 468 1 1343 0.0245216 0.106253 -0.0257826 1.63936 5.33234 98.1991 
1.02146 2.44442 92484 1 1.63021 0.895192 469 0 1345 0.0256383 0.108726 -0.0245718 1.67128 5.31402 98.0627 
4.0019 16.9149 92524 1 1.63021 0.895192 470 0 1346 0.0094638 0.208347 0.0408103 2.6498 4.80783 99.2302 
0.100763 1.2064 92604 1 1.63021 0.895192 471 0 1348 -0.00819683 0.353896 0.0861085 4.02473 4.47128 100.68 
1.59353 2.74265 92645 1 1.63021 0.895192 472 0 1349 -0.00819683 0.353896 0.0861085 4.02473 4.47128 100.68 
1.67177 1.96925 92686 1 1.63021 0.895192 473 0 1350 -0.00819683 0.353896 0.0861085 4.02473 4.47128 100.68 
1.23386 0.583159 92805 1 1.63021 0.895192 474 0 1353 0.0242406 0.119556 -0.0423628 1.78734 5.44749 97.7111 
1.23073 0.540494 92844 1 1.63021 0.895192 475 0 1354 0.0239459 0.121647 -0.0426652 1.81355 5.42674 97.5159 
1.23073 0.540494 92844 1 1.63021 0.895192 476 0 1354 0.0239459 0.121647 -0.0426652 1.81355 5.42674 97.5159 
1.21516 0.563242 92885 1 1.63021 0.895192 477 0 1355 0.023055 0.127983 -0.0371005 1.87889 5.37218 97.697 
1.14568 0.605238 93045 1 1.63021 0.895192 478 1 1359 0.0245757 0.0995399 -0.0310366 1.70949 5.2756 97.5179 
1.20547 0.467597 93126 1 1.63021 0.895192 479 0 1361 0.0259093 0.106592 -0.0296422 1.81023 5.33714 98.1767 
1.22537 0.495993 93166 1 1.63021 0.895192 480 0 1362 0.0254447 0.110442 -0.0266288 1.86394 5.31899 98.0061 
1.22537 0.495993 93166 1 1.63021 0.895192 481 0 1362 0.0254447 0.110442 -0.0266288 1.86394 5.31899 98.0061 
1.1367 0.468797 93326 1 1.63021 0.895192 482 1 1366 0.024747 0.0931001 -0.0304966 1.74575 5.35763 97.7979 
1.02658 0.853729 93406 1 1.63021 0.895192 483 1 1368 0.0230697 0.094311 -0.0413735 1.75008 5.43726 97.7049 
1.01598 0.827715 93446 1 1.63021 0.895192 484 1 1369 0.0222378 0.091539 -0.0476044 1.72257 5.50544 97.75 
1.01698 0.804903 93527 1 1.63021 0.895192 485 1 1371 0.0221166 0.0963516 -0.0481626 1.69217 5.53208 97.9176 
0.977494 0.863765 93606 1 1.63021 0.895192 486 1 1373 0.0218766 0.0816987 -0.0486659 1.50274 5.53055 97.4692 
1.01588 0.830953 93646 1 1.63021 0.895192 487 1 1374 0.0206633 0.0910695 -0.053369 1.57613 5.58591 97.4429 
0.9987 0.881765 93727 1 1.63021 0.895192 488 1 1376 0.0206173 0.0941512 -0.0584864 1.6078 5.6209 97.7394 
0.996506 0.986883 93807 1 1.63021 0.895192 489 1 1378 0.0214352 0.0864464 -0.0555657 1.57619 5.54063 97.2067 
1.02968 1.01722 93847 1 1.63021 0.895192 490 1 1379 0.0211427 0.095853 -0.0541841 1.69077 5.52167 97.2005 
1.00328 0.931385 93927 1 1.63021 0.895192 491 1 1381 0.0226374 0.0977153 -0.0555515 1.72447 5.58428 97.7492 
1.00853 0.937624 94007 1 1.63021 0.895192 492 1 1383 0.0230182 0.100957 -0.0537228 1.77485 5.56969 97.7339 
0.963065 0.888686 94047 1 1.63021 0.895192 493 1 1384 0.0208812 0.0946481 -0.0563979 1.71975 5.60916 97.9565 
1.00169 0.87648 94127 1 1.63021 0.895192 494 1 1386 0.0208937 0.105496 -0.0581846 1.821 5.63465 98.0016 
1.01775 0.935477 94208 1 1.63021 0.895192 495 1 1388 0.0213884 0.104971 -0.0531551 1.81587 5.56957 97.7939 
0.999755 0.948697 94248 1 1.63021 0.895192 496 1 1389 0.0216971 0.0992833 -0.0525311 1.76677 5.55961 97.8117 
1.10056 0.944039 94327 1 1.63021 0.895192 497 1 1391 0.0210897 0.105572 -0.0495025 1.82025 5.53758 97.9663 
1.15963 0.928059 94408 1 1.63021 0.895192 498 1 1393 0.0224981 0.105587 -0.046782 1.82272 5.51022 97.8973 
1.13017 0.897861 94451 1 1.63021 0.895192 499 1 1394 0.0222408 0.0998215 -0.0500565 1.77054 5.54426 97.8848 
1.11507 0.90693 94528 1 1.63021 0.895192 500 1 1396 0.0224885 0.0993292 -0.0490388 1.75491 5.54917 97.8568 
1.14593 0.945507 94609 1 1.63021 0.895192 501 1 1398 0.0234851 0.103222 -0.0452892 1.77848 5.52642 97.776 
1.17328 0.929102 94649 1 1.63021 0.895192 502 1 1399 0.0245365 0.108202 -0.0465275 1.82301 5.54859 97.8427 
1.16317 0.908514 94728 1 1.63021 0.895192 503 1 1401 0.0235484 0.105638 -0.0469273 1.79345 5.56512 97.9301 
1.14283 0.936231 94809 1 1.63021 0.895192 504 1 1403 0.0249633 0.0998637 -0.0436319 1.73852 5.53478 97.9561 
1.16012 0.91621 94849 1 1.63021 0.895192 505 1 1404 0.0242474 0.105495 -0.0451863 1.78433 5.55304 98.018 
1.18827 0.933462 94929 1 1.63021 0.895192 506 1 1406 0.0241957 0.111598 -0.044983 1.83094 5.55849 97.9712 
1.15938 0.922264 95011 1 1.63021 0.895192 507 1 1408 0.0249471 0.102623 -0.0489923 1.7691 5.59311 97.8852 
0.993716 0.833649 95089 1 1.63021 0.895192 508 1 1410 0.0244325 0.10007 -0.0415069 1.77505 5.52291 97.8244 
0.974903 0.803757 95129 1 1.63021 0.895192 509 1 1411 0.0242949 0.0986073 -0.0414092 1.7688 5.53083 97.8862 
0.985892 0.824828 95209 1 1.63021 0.895192 510 1 1413 0.0239745 0.100734 -0.0395393 1.78427 5.50824 97.7776 
0.992999 0.794817 95290 1 1.63021 0.895192 511 1 1415 0.0239444 0.104026 -0.0366616 1.82616 5.51677 98.1631 
0.905023 0.77556 95330 1 1.63021 0.895192 512 1 1416 0.0233395 0.0866877 -0.0446907 1.671 5.55495 97.6875 
0.819954 0.777935 95410 1 1.63021 0.895192 513 1 1418 0.0242078 0.087843 -0.0498324 1.67705 5.58322 97.5427 
0.92044 0.830811 95449 1 1.63021 0.895192 514 1 1419 0.0207077 0.119916 -0.0358498 1.97219 5.47885 97.9412 
0.754513 0.787518 95530 1 1.63021 0.895192 515 1 1421 0.0216008 0.086445 -0.0459352 1.67571 5.51686 97.4623 
0.672743 0.765143 95610 1 1.63021 0.895192 516 1 1423 0.0192489 0.0928264 -0.0432211 1.73828 5.48915 97.5422 
0.665734 0.758686 95691 1 1.63021 0.895192 517 1 1425 0.0189173 0.0884266 -0.0444849 1.70535 5.49441 97.5146 
0.675858 0.730697 95731 1 1.63021 0.895192 518 1 1426 0.0197024 0.0923629 -0.048233 1.73488 5.52218 97.3585 
0.670302 0.733277 95810 1 1.63021 0.895192 519 1 1428 0.0190079 0.0959531 -0.0454409 1.77132 5.50772 97.6597 
0.632273 0.755974 95890 1 1.63021 0.895192 520 1 1430 0.0178279 0.0934593 -0.0455912 1.76442 5.50099 97.4752 
0.637567 0.76321 95931 1 1.63021 0.895192 521 1 1431 0.0180688 0.0961192 -0.0426782 1.79124 5.48828 97.6896 
0.661772 0.765062 96012 1 1.63021 0.895192 522 1 1433 0.0189535 0.0961008 -0.04352 1.80352 5.49154 97.6382 
0.665944 0.783985 96091 1 1.63021 0.895192 523 1 1435 0.0198579 0.0950051 -0.043777 1.78918 5.49022 97.5741 
0.640361 0.766501 96132 1 1.63021 0.895192 524 1 1436 0.0194304 0.0912736 -0.0434474 1.75093 5.49333 97.5987 
0.660825 0.75948 96211 1 1.63021 0.895192 525 1 1438 0.0196764 0.0952892 -0.0454358 1.78739 5.50947 97.506 
0.66892 0.799344 96291 1 1.63021 0.895192 526 1 1440 0.0197125 0.0943751 -0.0414732 1.78801 5.47253 97.5558 
0.66892 0.799344 96291 1 1.63021 0.895192 527 1 1440 0.0197125 0.0943751 -0.0414732 1.78801 5.47253 97.5558 
0.670113 0.789102 96331 1 1.63021 0.895192 528 1 1441 0.0198898 0.0950012 -0.0413316 1.79358 5.4759 97.5965 
0.502035 1.85815 96492 1 1.63021 0.895192 529 0 1445 0.01699 0.105239 -0.0445161 1.89218 5.51618 97.4635 
1.12143 1.32177 96572 1 1.63021 0.895192 530 0 1447 0.00404657 0.2079 0.0302238 2.8947 4.91472 98.3448 
0.0798061 2.76634 96652 1 1.63021 0.895192 531 0 1449 -0.0232716 0.360351 0.0768245 4.33619 4.46176 98.3154 
0.969197 2.29895 96692 1 1.63021 0.895192 532 0 1450 -0.0264577 0.348997 0.0675312 4.24846 4.52103 97.9857 
0.243514 0.94869 96772 1 1.63021 0.895192 533 1 1452 0.0159675 0.110811 -0.0552808 1.9093 5.462 94.6851 
0.337216 0.977343 96853 1 1.63021 0.895192 534 1 1454 0.00862447 0.131629 -0.0299119 2.10704 5.25518 94.6851 
0.383064 0.695417 96933 1 1.63021 0.895192 535 1 1456 0.00656744 0.13589 -0.0450529 2.13838 5.43329 94.7953 
0.423959 0.456104 96972 1 1.63021 0.895192 536 1 1457 0.00683285 0.140329 -0.0667333 2.16064 5.65468 94.9255 
0.498813 0.611752 97053 1 1.63021 0.895192 537 1 1459 0.00451914 0.164074 -0.0374225 2.34789 5.44106 95.7417 
0.36131 0.730529 97133 1 1.63021 0.895192 538 1 1461 0.00383063 0.12794 -0.0315311 1.97116 5.34835 95.324 
0.487373 0.925583 97214 1 1.63021 0.898077 539 1 1463 -0.0161826 0.187076 -0.00318085 2.40325 5.20247 96.4337 
0.531915 0.771946 97254 1 1.63021 0.898077 540 1 1464 -0.0212355 0.213964 -0.030097 2.49401 5.47448 96.4097 
0.490029 1.01217 97334 1 1.62969 0.898077 541 1 1466 -0.0375022 0.224238 -0.0410832 2.33141 5.4972 94.1875 
0.403842 0.978174 97414 1 1.51875 0.855769 542 1 1468 -0.0265727 0.191925 -0.0397536 1.95814 5.61161 93.7201 
0.519285 0.857125 97454 1 1.19167 0.688462 543 1 1469 -0.0210682 0.174034 -0.0373547 1.79662 5.68054 93.9747 
0.616301 0.705186 97535 1 1.1625 0.672115 544 1 1471 -0.0165966 0.172784 -0.0268459 1.76452 5.70951 94.1257 
0.661473 0.653939 97614 1 1.16927 0.663462 545 1 1473 -0.00944427 0.174075 -0.0211571 1.76396 5.73599 94.1877 
0.677175 0.600779 97695 1 1.16927 0.663462 546 1 1475 -0.0126543 0.176456 -0.0221414 1.80125 5.77895 94.0862 
0.673403 0.565756 97735 1 1.18021 0.660577 547 1 1476 -0.0106034 0.17971 -0.0275637 1.83002 5.84077 93.9811 
0.699827 0.575556 97814 1 1.16302 0.626923 548 1 1478 -0.0119709 0.181997 -0.0239088 1.86748 5.84547 94.0061 
0.725073 0.564885 97895 1 0.996875 0.583654 549 1 1480 -0.0118118 0.181258 -0.0140682 1.88178 5.80808 94.2932 
0.484592 0.669541 97976 1 0.759896 0.609615 550 1 1482 -0.0121581 0.171024 -0.00631948 1.79836 5.74791 94.3634 
0.384838 0.700979 98054 1 0.821354 0.628846 551 1 1484 -0.0130818 0.176027 -0.00992818 1.8283 5.76562 94.2679 
0.364571 0.716361 98135 1 0.834375 0.628846 552 1 1486 -0.0151324 0.173494 -0.0111117 1.80542 5.76656 94.2994 
0.344957 0.734287 98215 1 0.860417 0.628846 553 1 1488 -0.0145735 0.170274 -0.00887358 1.76695 5.74315 94.4236 
0.349937 0.722648 98295 1 0.85625 0.610577 554 1 1490 -0.0142635 0.171226 -0.00980601 1.77124 5.74673 94.4289 
0.363464 0.703479 98376 1 0.808854 0.571154 555 1 1492 -0.0130458 0.176729 -0.0139105 1.80087 5.77687 94.3691 
0.430715 0.681441 98456 1 0.796875 0.563462 556 1 1494 -0.0130686 0.176726 -0.0131294 1.7979 5.77068 94.4147 
0.565824 0.639278 98536 1 0.739062 0.561538 557 1 1496 -0.0125549 0.175053 -0.0129148 1.78439 5.76977 94.4255 
0.555231 0.631004 98616 1 0.505208 0.541346 558 1 1498 -0.0118758 0.172708 -0.0102717 1.75878 5.76193 94.4862 
0.554881 0.63994 98696 1 0.348438 0.500962 559 1 1500 -0.0116225 0.170005 -0.0110974 1.73255 5.75849 94.5277 
0.591614 0.63527 98777 1 0.257292 0.467308 560 1 1502 -0.01113 0.147185 -0.0114914 1.52568 5.75455 94.4361 
0.612505 0.660468 98816 1 0.207292 0.439423 561 1 1503 -0.0121096 0.151894 -0.0106024 1.57014 5.73729 94.4045 
0.621627 0.74829 98896 1 0.202604 0.447115 562 1 1505 -0.0117599 0.155261 -0.0025391 1.60044 5.65792 94.6233 
0.435947 0.835353 98977 1 0.209375 0.447115 563 1 1507 -0.0134888 0.169716 0.00777501 1.74483 5.57865 94.9951 
0.447088 0.879739 99017 1 0.209375 0.447115 564 1 1508 -0.0137808 0.176558 0.0119383 1.80532 5.54885 95.1627 
0.418836 0.909836 99097 1 0.204167 0.436538 565 1 1510 -0.0152958 0.171252 0.0142588 1.7696 5.5302 95.1809 
0.351356 0.852224 99176 1 0.194792 0.4 566 1 1512 -0.0134421 0.170935 0.0139468 1.77061 5.51727 94.911 
0.367987 0.771498 99257 1 0.194792 0.367308 567 1 1514 -0.012889 0.176301 0.00327382 1.80861 5.61581 94.7478 
0.352959 0.735388 99297 1 0.194792 0.336538 568 1 1515 -0.0147733 0.17108 -0.00186487 1.77004 5.65738 94.7151 
0.312484 0.672154 99377 1 0.193229 0.313462 569 1 1517 -0.0166031 0.168057 -0.00448211 1.75479 5.68431 94.7716 
0.281273 0.724148 99418 1 0.191667 0.294231 570 1 1518 -0.0148422 0.159908 0.000999875 1.68244 5.62608 94.6461 
0.281273 0.724148 99418 1 0.191146 0.293269 571 1 1518 -0.0148422 0.159908 0.000999875 1.68244 5.62608 94.6461 
0.295308 0.68315 99577 1 0.191146 0.3 572 1 1522 -0.0167918 0.161102 -0.00327229 1.71181 5.67574 94.7278 
0.322728 0.665781 99658 1 0.190625 0.311538 573 1 1524 -0.0165823 0.167079 -0.00704274 1.76858 5.70356 94.668 
0.251039 0.695997 99738 1 0.190625 0.325962 574 1 1526 -0.0172762 0.163545 -0.00425394 1.74049 5.66912 94.7533 
0.226752 0.715563 99778 1 0.190625 0.328846 575 1 1527 -0.0165524 0.165966 -0.000343852 1.76301 5.63327 94.9756 
