ImageFile:
0.218667 0.681165 70475 1 0.242188 0.219231 1 1 754 -0.0160083 0.0186549 -0.0110794 -0.266249 2.79307 132.906 
0.233255 0.646801 70557 1 0.242188 0.219231 2 1 756 -0.0156332 0.0170913 -0.0121972 -0.26554 2.81445 132.939 
0.220946 0.65388 70636 1 0.242188 0.219231 3 1 758 -0.0147045 0.0159321 -0.0105175 -0.268675 2.80089 132.915 
0.21757 0.667747 70675 1 0.242188 0.219231 4 1 759 -0.0148717 0.0137201 -0.00873943 -0.27647 2.7797 132.915 
0.239041 0.571657 70756 1 0.242188 0.219231 5 1 761 -0.0147662 0.0137147 -0.00861538 -0.269225 2.78806 132.956 
0.241169 0.606032 70836 1 0.242188 0.219231 6 1 763 -0.0148881 0.012841 -0.0071531 -0.271224 2.77272 133.009 
0.209743 0.561496 70876 1 0.240625 0.255769 7 1 764 -0.0143512 0.0146546 -0.00986829 -0.251368 2.79067 132.915 
0.207996 0.558513 70957 1 0.225521 0.381731 8 1 766 -0.0151704 0.0166099 -0.00912115 -0.238177 2.78759 132.925 
0.221665 0.566904 71036 1 0.19375 0.651923 9 1 768 -0.0148873 0.0167084 -0.00760473 -0.236634 2.7786 132.924 
0.234438 0.514095 71116 1 0.13125 0.838462 10 1 770 -0.0146167 0.0168643 -0.0110194 -0.230158 2.80403 132.897 
0.259537 0.527479 71197 1 0.0942708 0.901923 11 1 772 -0.0143665 0.0178029 -0.0127172 -0.217796 2.81157 132.854 
0.273268 0.543501 71277 1 0.0885417 0.934615 12 1 774 -0.0144544 0.0178507 -0.0123012 -0.217081 2.80857 132.9 
0.282401 0.546777 71317 1 0.0942708 0.966346 13 1 775 -0.0141205 0.0183338 -0.0118586 -0.220543 2.80325 132.871 
0.272599 0.559927 71397 1 0.0927083 0.967308 14 1 777 -0.0143187 0.019954 -0.0129624 -0.215467 2.81477 132.809 
0.166289 0.804888 71477 1 0.090625 0.966346 15 1 779 -0.0137417 0.0196564 -0.0129476 -0.216183 2.81382 132.769 
0.16421 0.804456 71517 1 0.0848958 0.959615 16 1 780 -0.0138393 0.0196277 -0.0128842 -0.215894 2.81441 132.766 
0.00540167 1.19154 71639 1 0.0838542 0.959615 17 1 783 -0.0138473 0.0168997 -0.00798216 -0.220039 2.77523 132.801 
0.0194883 1.19297 71678 1 0.0822917 0.9625 18 1 784 -0.0134808 0.0180743 -0.00993475 -0.196837 2.7957 132.8 
0.0486826 1.19244 71758 1 0.0786458 0.963462 19 1 786 -0.0124908 0.0194996 -0.0117824 -0.171305 2.80927 132.811 
-0.0158287 1.22085 71838 1 0.0755208 0.964423 20 0 788 -0.0129224 0.0183268 -0.0105703 -0.179597 2.7805 132.704 
-0.0108137 1.19458 71878 1 0.075 0.965385 21 1 789 -0.0125627 0.0207724 -0.0117935 -0.159938 2.79694 132.751 
-0.0366707 1.24155 71999 1 0.075 0.965385 22 0 792 -0.0135442 0.021565 -0.0118869 -0.159741 2.79801 132.752 
-0.0371004 1.24205 72038 1 0.075 0.965385 23 0 793 -0.0135418 0.0215585 -0.011891 -0.159682 2.79798 132.752 
0.121235 0.97526 72119 1 0.075 0.965385 24 1 795 -0.0138882 0.0202233 -0.0128809 -0.168503 2.81228 132.785 
0.220875 0.560446 72158 1 0.075 0.965385 25 1 796 -0.0140991 0.0210253 -0.0151428 -0.159162 2.82897 132.755 
0.260984 0.470706 72279 1 0.075 0.965385 26 1 799 -0.014021 0.0228676 -0.0152771 -0.154269 2.82061 132.735 
0.284335 0.531168 72359 1 0.075 0.965385 27 1 801 -0.0141699 0.0236746 -0.0158185 -0.153636 2.81791 132.729 
0.305462 0.518184 72399 1 0.075 0.965385 28 1 802 -0.0141744 0.0241552 -0.015179 -0.149707 2.81185 132.706 
0.308094 0.538792 72480 1 0.075 0.965385 29 1 804 -0.0136884 0.0242923 -0.0138918 -0.146281 2.80667 132.702 
0.308094 0.538792 72480 1 0.075 0.965385 30 1 804 -0.0136884 0.0242923 -0.0138918 -0.146281 2.80667 132.702 
0.305831 0.530888 72520 1 0.075 0.965385 31 1 805 -0.0150791 0.0231291 -0.0143869 -0.15411 2.8115 132.753 
0.278027 0.532383 72679 1 0.075 0.965385 32 1 809 -0.0143128 0.0217096 -0.0155243 -0.138571 2.82454 132.682 
0.277123 0.532936 72760 1 0.075 0.965385 33 1 811 -0.0138448 0.0229303 -0.0151408 -0.132184 2.82064 132.668 
0.279693 0.532922 72841 1 0.075 0.965385 34 1 813 -0.0137344 0.0219762 -0.0161338 -0.142059 2.82276 132.639 
-0.130271 1.27642 72920 1 0.075 0.965385 35 0 815 -0.0129876 0.0251984 -0.0160213 -0.1287 2.81877 132.608 
-0.1267 1.33361 73000 1 0.075 0.965385 36 0 817 -0.0132726 0.0253475 -0.0159482 -0.130161 2.81952 132.607 
-0.135749 1.34815 73084 1 0.075 0.965385 37 0 819 -0.0134538 0.0257018 -0.0160337 -0.122982 2.82534 132.619 
-0.131914 1.35925 73161 1 0.075 0.965385 38 0 821 -0.0130676 0.0251748 -0.0152526 -0.120129 2.8184 132.636 
0.0188814 1.10186 73241 1 0.075 0.965385 39 1 823 -0.013613 0.0244757 -0.0160225 -0.127771 2.82082 132.637 
0.188347 0.58526 73281 1 0.075 0.965385 40 1 824 -0.0136172 0.0248902 -0.0165086 -0.127717 2.82039 132.628 
0.23521 0.471436 73361 1 0.075 0.965385 41 1 826 -0.0143912 0.0247929 -0.0149921 -0.13378 2.80456 132.63 
0.250814 0.488926 73442 1 0.075 0.965385 42 1 828 -0.0136985 0.0262715 -0.0181078 -0.118932 2.8304 132.606 
0.268514 0.548479 73522 1 0.075 0.965385 43 1 830 -0.0142763 0.0244627 -0.015523 -0.122704 2.80323 132.586 
0.276616 0.521915 73602 1 0.075 0.965385 44 1 832 -0.01367 0.0231113 -0.0162755 -0.115084 2.81125 132.583 
0.271584 0.67476 73642 1 0.075 0.965385 45 1 833 -0.013144 0.0222369 -0.016331 -0.107969 2.81041 132.55 
0.164497 1.99677 73681 1 0.075 0.965385 46 0 834 -0.0117357 0.0212631 -0.0135119 -0.0941713 2.78706 132.594 
-0.0538473 2.11376 73761 1 0.075 0.965385 47 0 836 -0.0106632 0.0204238 -0.0180265 -0.0795305 2.82214 132.553 
0.21549 0.784618 73883 1 0.0744792 0.965385 48 1 839 -0.00921907 0.0199809 -0.0178479 -0.0571772 2.8006 132.512 
0.230707 0.71785 73963 1 0.0739583 0.965385 49 1 841 -0.00965768 0.0203661 -0.0139889 -0.0575043 2.75662 132.658 
0.25129 0.625809 74042 1 0.0739583 0.965385 50 1 843 -0.0100651 0.0189455 -0.0124197 -0.0645212 2.72951 132.696 
0.25117 0.605385 74082 1 0.0739583 0.965385 51 1 844 -0.00918862 0.0171486 -0.0117623 -0.0799923 2.71626 132.807 
0.240954 0.653041 74162 1 0.0630208 0.965385 52 1 846 -0.0104347 0.0183833 -0.0102623 -0.0717841 2.68151 132.735 
0.249955 0.630102 74243 1 -0.0833333 0.957692 53 1 848 -0.00969874 0.0195744 -0.0132735 -0.0691021 2.69875 132.759 
0.207099 0.521779 74283 1 -0.355208 0.894231 54 1 849 -0.00892333 0.0205085 -0.0151477 -0.0678976 2.72049 132.777 
-0.194689 -0.114189 74363 1 -0.677083 0.706731 55 1 851 -0.0111507 0.0220811 -0.0136302 -0.0712024 2.70902 132.658 
-0.22686 -0.0783355 74443 1 -0.678125 0.704808 56 0 853 -0.0104964 0.0208601 -0.0120007 -0.0888006 2.69759 132.585 
-0.25454 4.60279e-005 74483 1 -0.678125 0.704808 57 0 854 -0.0107278 0.0205589 -0.0111808 -0.0916109 2.69642 132.603 
-0.312475 0.11566 74563 1 -0.678125 0.704808 58 0 856 -0.0103512 0.0200797 -0.0125589 -0.0952088 2.71135 132.526 
-0.300052 0.100649 74644 1 -0.678125 0.704808 59 0 858 -0.00952938 0.0202964 -0.0133719 -0.102895 2.74473 132.659 
-0.344363 0.187843 74724 1 -0.68125 0.704808 60 0 860 -0.0110098 0.0217571 -0.011708 -0.105022 2.7105 132.519 
-0.343929 0.190522 74803 1 -0.725521 0.702885 61 0 862 -0.0105927 0.0218481 -0.0126198 -0.122709 2.71787 132.531 
-0.359293 0.183064 74844 1 -0.799479 0.681731 62 0 863 -0.0123047 0.0223681 -0.0120749 -0.127516 2.71085 132.501 
-0.359293 0.183064 74844 1 -0.851563 0.610577 63 0 863 -0.0123047 0.0223681 -0.0120749 -0.127516 2.71085 132.501 
-0.359818 0.181963 75004 1 -0.858854 0.554808 64 0 867 -0.0132856 0.024186 -0.00989312 -0.124403 2.69778 132.483 
-0.307986 0.156076 75084 1 -0.858854 0.549038 65 0 869 -0.0124118 0.0241177 -0.00926082 -0.130452 2.67988 132.531 
-0.298727 0.125861 75125 1 -0.858854 0.549038 66 0 870 -0.0114635 0.0243596 -0.00988783 -0.12898 2.6935 132.565 
-0.288944 0.110489 75165 1 -0.858854 0.549038 67 0 871 -0.0110539 0.0252402 -0.0107212 -0.123925 2.70135 132.583 
-0.316875 0.157277 75284 1 -0.858854 0.549038 68 0 874 -0.0132152 0.0264244 -0.00890366 -0.124731 2.6796 132.481 
-0.317067 0.137603 75324 1 -0.858854 0.549038 69 0 875 -0.0122967 0.0267287 -0.0105149 -0.123465 2.70327 132.564 
-0.306092 0.104435 75408 1 -0.858854 0.549038 70 0 877 -0.0132083 0.0266257 -0.0104388 -0.114077 2.71327 132.47 
-0.251262 0.0591634 75485 1 -0.858854 0.549038 71 0 879 -0.0118061 0.026648 -0.011523 -0.0866942 2.73153 132.385 
-0.251262 0.0591634 75485 1 -0.858854 0.549038 72 0 879 -0.0118061 0.026648 -0.011523 -0.0866942 2.73153 132.385 
-0.202107 0.0202216 75645 1 -0.858854 0.549038 73 0 883 -0.0108915 0.0270439 -0.0133409 -0.0502666 2.74789 132.369 
-0.191989 0.0364224 75685 1 -0.85 0.547115 74 1 884 -0.0102775 0.0284066 -0.0134881 -0.0324185 2.74597 132.375 
-0.219929 0.139772 75766 1 -0.848437 0.547115 75 0 886 -0.0101487 0.0287933 -0.0108072 -0.0388324 2.69662 132.358 
-0.217973 0.0950153 75806 1 -0.848437 0.547115 76 0 887 -0.0100427 0.0292728 -0.0123999 -0.0441317 2.72485 132.39 
-0.228086 0.0514664 75886 1 -0.848437 0.547115 77 0 889 -0.0112297 0.0292445 -0.0134339 -0.0566721 2.75195 132.392 
-0.252053 0.092929 75965 1 -0.848437 0.547115 78 0 891 -0.0125602 0.0284428 -0.0116889 -0.0700045 2.73017 132.334 
-0.246418 0.067415 76046 1 -0.848437 0.547115 79 0 893 -0.0113736 0.0284425 -0.0135195 -0.0692566 2.74949 132.4 
-0.260372 0.0933335 76089 1 -0.848437 0.547115 80 0 894 -0.0110189 0.0286663 -0.012744 -0.0697952 2.73189 132.395 
-0.258475 0.0843312 76126 1 -0.848437 0.547115 81 0 895 -0.0111653 0.0286471 -0.0124968 -0.0749309 2.73877 132.399 
-0.250761 0.0987184 76247 1 -0.848437 0.547115 82 0 898 -0.0111994 0.0315364 -0.0141187 -0.0520509 2.75275 132.353 
0.989666 -0.0173096 76326 1 -0.848437 0.547115 83 1 900 -0.0115518 0.031521 -0.0157633 -0.049433 2.79819 132.395 
1.23116 0.0842621 76366 1 -0.847396 0.546154 84 0 901 -0.0113628 0.0329141 -0.0162584 -0.0318198 2.80521 132.415 
1.2748 0.072513 76447 1 -0.81875 0.514423 85 0 903 -0.00945332 0.0304636 -0.0166889 -0.0339121 2.81736 132.461 
1.2748 0.072513 76447 1 -0.788021 0.466346 86 0 903 -0.00945332 0.0304636 -0.0166889 -0.0339121 2.81736 132.461 
1.29504 0.0549779 76487 1 -0.685937 0.332692 87 0 904 -0.00896243 0.026954 -0.0216425 -0.0621437 2.87344 132.456 
1.39227 0.161783 76648 1 -0.548958 0.134615 88 0 908 -0.00837827 0.0265198 -0.0202831 -0.0628482 2.84653 132.443 
1.39873 0.197877 76727 1 -0.460417 0.0173077 89 0 910 -0.00816883 0.0270154 -0.0197495 -0.0576145 2.83024 132.444 
1.41 0.217054 76767 1 -0.428646 0.00769231 90 0 911 -0.00840594 0.0294528 -0.0163619 -0.0320728 2.80609 132.487 
1.41 0.217054 76767 1 -0.419792 0.00769231 91 0 911 -0.00840594 0.0294528 -0.0163619 -0.0320728 2.80609 132.487 
1.45577 0.218306 76928 1 -0.417708 0.00769231 92 0 915 -0.00759645 0.0281524 -0.0173491 -0.00934933 2.82004 132.568 
1.44922 0.183051 76968 1 -0.398958 0.00769231 93 0 916 -0.00686956 0.0270956 -0.0179417 -0.00784995 2.82123 132.594 
1.40745 0.21572 77048 1 -0.348438 0.00769231 94 0 918 -0.00694312 0.0284195 -0.0158507 0.00167066 2.78424 132.597 
1.41087 0.246922 77088 1 -0.324479 0.00769231 95 0 919 -0.0075944 0.0297133 -0.0163856 0.0104073 2.78686 132.584 
1.41087 0.246922 77088 1 -0.322917 0.00769231 96 0 919 -0.0075944 0.0297133 -0.0163856 0.0104073 2.78686 132.584 
1.41187 0.370787 77291 1 -0.322917 0.00769231 97 0 924 -0.00837571 0.0285092 -0.013008 -0.015882 2.70651 132.548 
1.44004 0.344778 77369 1 -0.322396 0.00769231 98 0 926 -0.00614742 0.0270262 -0.0141275 0.000319591 2.70204 132.565 
1.44514 0.31037 77409 1 -0.342708 0.0432692 99 0 927 -0.00538482 0.0241778 -0.0148681 -0.00740292 2.7206 132.624 
1.44514 0.31037 77409 1 -0.514062 0.350962 100 0 927 -0.00538482 0.0241778 -0.0148681 -0.00740292 2.7206 132.624 
1.44692 0.321636 77609 1 -0.66875 0.584615 101 0 932 -0.00507698 0.0252986 -0.0168255 0.00619016 2.71891 132.659 
1.47639 0.271111 77651 1 -0.728646 0.651923 102 0 933 -0.0043551 0.0275651 -0.0212254 0.0258377 2.75363 132.641 
1.5009 0.265914 77730 1 -0.74375 0.666346 103 0 935 -0.00410126 0.0300036 -0.0233835 0.0426043 2.77164 132.633 
1.49119 0.263588 77770 1 -0.752083 0.674038 104 0 936 -0.00440532 0.0289469 -0.0228058 0.0330552 2.7638 132.666 
1.50928 0.204898 77889 1 -0.763021 0.675 105 0 939 -0.00431583 0.0292048 -0.0275822 0.0375304 2.7916 132.619 
1.51773 0.224062 77930 1 -0.776042 0.668269 106 0 940 -0.00471931 0.0290373 -0.02707 0.0358215 2.77967 132.555 
1.52374 0.210837 78010 1 -0.790104 0.6625 107 0 942 -0.00410528 0.0284328 -0.0286235 0.0284117 2.79229 132.53 
1.52221 0.227533 78051 1 -0.802083 0.657692 108 0 943 -0.00433164 0.0287181 -0.0270774 0.0250002 2.78341 132.539 
1.52042 0.26277 78171 1 -0.810937 0.655769 109 0 946 -0.00524198 0.0299301 -0.0281524 0.0298155 2.80175 132.549 
1.37781 0.195059 78250 1 -0.819271 0.655769 110 0 948 -0.00414764 0.0305996 -0.0267854 0.0459152 2.79263 132.523 
0.516373 0.278656 78290 1 -0.825 0.653846 111 1 949 -0.00439139 0.0299782 -0.0262903 0.0532516 2.78598 132.413 
-0.0223976 0.551321 78371 1 -0.826042 0.653846 112 1 951 -0.0035359 0.0278169 -0.0263922 0.0360518 2.80509 132.591 
-0.0223976 0.551321 78371 1 -0.826042 0.653846 113 1 951 -0.0035359 0.0278169 -0.0263922 0.0360518 2.80509 132.591 
-0.0223976 0.551321 78371 1 -0.826042 0.653846 114 1 951 -0.0035359 0.0278169 -0.0263922 0.0360518 2.80509 132.591 
-0.0927246 0.734715 78570 1 -0.826042 0.653846 115 1 956 -0.00510695 0.0279449 -0.0297099 0.0267868 2.82574 132.516 
-0.166758 0.865384 78651 1 -0.824479 0.653846 116 1 958 -0.00592693 0.0288888 -0.0273957 0.0290756 2.80738 132.523 
-0.200386 0.885942 78691 1 -0.804167 0.653846 117 0 959 -0.00623135 0.0302476 -0.0278217 0.0400232 2.8082 132.467 
-0.236213 0.91174 78771 1 -0.790104 0.653846 118 0 961 -0.00623065 0.0308194 -0.0302704 0.0432313 2.82601 132.468 
-0.233246 0.923988 78852 1 -0.789063 0.653846 119 0 963 -0.00568703 0.0326237 -0.0309864 0.0520067 2.8266 132.462 
-0.235304 0.927787 78932 1 -0.789063 0.653846 120 0 965 -0.00694001 0.0334292 -0.0326042 0.0377006 2.83117 132.385 
-0.218452 0.909169 78972 1 -0.789063 0.653846 121 0 966 -0.00696182 0.035188 -0.0336026 0.0456789 2.83845 132.364 
-0.233873 0.922282 79052 1 -0.789063 0.653846 122 0 968 -0.00696314 0.0354497 -0.0325225 0.0326049 2.82679 132.345 
-0.253872 0.945135 79092 1 -0.789063 0.653846 123 0 969 -0.00745148 0.0349301 -0.0314132 0.0234502 2.82423 132.367 
-0.246095 0.949876 79172 1 -0.789063 0.653846 124 0 971 -0.00776925 0.0357397 -0.0314392 0.0271621 2.82096 132.345 
-0.24393 0.931508 79252 1 -0.789063 0.653846 125 0 973 -0.00791298 0.0325955 -0.032837 0.0163585 2.82754 132.311 
-0.204756 0.919 79335 1 -0.789063 0.653846 126 0 975 -0.00651763 0.0344942 -0.0336157 0.0536599 2.82873 132.295 
-0.193858 0.902551 79413 1 -0.789063 0.653846 127 1 977 -0.00647698 0.0333498 -0.0349585 0.0512957 2.83777 132.326 
-0.193858 0.902551 79413 1 -0.789063 0.653846 128 1 977 -0.00647698 0.0333498 -0.0349585 0.0512957 2.83777 132.326 
-0.22003 0.935337 79532 1 -0.789063 0.653846 129 0 980 -0.00677344 0.0317721 -0.0380528 0.0184976 2.84487 132.133 
-0.201054 0.918433 79613 1 -0.789063 0.653846 130 0 982 -0.00693407 0.0326653 -0.0400358 0.0278865 2.87072 132.151 
-0.227323 0.961377 79653 1 -0.789063 0.653846 131 0 983 -0.0071801 0.0317952 -0.036152 0.0178621 2.83094 132.188 
-0.194719 0.920014 79733 1 -0.789063 0.653846 132 1 985 -0.00739484 0.0344927 -0.0362778 0.0578484 2.83184 132.256 
-0.190747 0.903652 79815 1 -0.789063 0.653846 133 1 987 -0.00661239 0.0353212 -0.0363923 0.066564 2.82305 132.262 
-0.134211 0.865527 79894 1 -0.789063 0.653846 134 1 989 -0.00630129 0.0367059 -0.0353672 0.0874299 2.81023 132.256 
-0.104988 0.843325 79973 1 -0.789063 0.653846 135 1 991 -0.00743012 0.0381206 -0.0359217 0.112898 2.8171 132.21 
-0.0858119 0.776524 80054 1 -0.789063 0.653846 136 1 993 -0.00682136 0.0343366 -0.0374262 0.095024 2.84442 132.315 
-0.0858119 0.776524 80054 1 -0.789063 0.653846 137 1 993 -0.00682136 0.0343366 -0.0374262 0.095024 2.84442 132.315 
-0.0790184 0.788618 80174 1 -0.789063 0.653846 138 1 996 -0.00764072 0.0319915 -0.0369696 0.0990273 2.81613 132.296 
0.429759 0.853754 80255 1 -0.789063 0.653846 139 1 998 -0.00644492 0.0298192 -0.0368364 0.0996056 2.79124 132.292 
1.17624 1.03298 80294 1 -0.785937 0.667308 140 1 999 -0.00609998 0.0293043 -0.0349501 0.0943917 2.77041 132.378 
1.44516 1.06401 80374 1 -0.783333 0.684615 141 0 1001 -0.00458534 0.0298296 -0.0368961 0.100411 2.7804 132.358 
1.44516 1.06401 80374 1 -0.781771 0.696154 142 0 1001 -0.00458534 0.0298296 -0.0368961 0.100411 2.7804 132.358 
1.52592 1.08901 80495 1 -0.777604 0.706731 143 0 1004 -0.00535536 0.0308233 -0.0372973 0.0851731 2.76005 132.392 
1.50357 1.08381 80575 1 -0.777083 0.706731 144 0 1006 -0.00617622 0.0311124 -0.0356711 0.0678458 2.7382 132.501 
1.48687 1.09644 80654 1 -0.777083 0.706731 145 0 1008 -0.00575211 0.0283965 -0.0358062 0.0498395 2.72317 132.541 
1.46358 1.08584 80695 1 -0.777083 0.706731 146 0 1009 -0.00451332 0.0279646 -0.0366706 0.0540136 2.72577 132.525 
1.46358 1.08584 80695 1 -0.777083 0.706731 147 0 1009 -0.00451332 0.0279646 -0.0366706 0.0540136 2.72577 132.525 
1.4907 1.10219 80895 1 -0.777083 0.706731 148 0 1014 -0.00406512 0.0279286 -0.0386726 0.0738523 2.73934 132.51 
1.48938 1.12106 80936 1 -0.777083 0.706731 149 0 1015 -0.00367887 0.0280008 -0.0387818 0.0854175 2.73354 132.441 
1.4898 1.11564 81016 1 -0.777083 0.706731 150 0 1017 -0.00264442 0.0245839 -0.0383747 0.0807879 2.74201 132.386 
1.4898 1.11564 81016 1 -0.777083 0.706731 151 0 1017 -0.00264442 0.0245839 -0.0383747 0.0807879 2.74201 132.386 
1.47463 1.11266 81055 1 -0.777083 0.706731 152 0 1018 -0.00278992 0.024923 -0.0406607 0.0905887 2.76179 132.353 
0.465529 0.470882 81176 1 -0.777083 0.706731 153 0 1021 -0.00645863 0.0200871 -0.0445 0.0526102 2.78497 132.003 
1.58264 2.23148 81256 1 -0.777083 0.706731 154 0 1023 -0.00708918 0.0184178 -0.0358654 0.0166168 2.72295 132.189 
1.46863 1.7411 81336 1 -0.777083 0.706731 155 0 1025 -0.00495719 0.0249028 -0.0340114 0.0509912 2.69485 132.278 
1.5182 1.47924 81416 1 -0.777083 0.706731 156 0 1027 -0.00399186 0.0310107 -0.0434368 0.0711011 2.74871 132.299 
1.5593 1.40413 81496 1 -0.777083 0.706731 157 0 1029 -0.00313853 0.0338167 -0.0439159 0.077562 2.74249 132.24 
1.53384 1.36279 81577 1 -0.777083 0.706731 158 0 1031 -0.00328759 0.0325444 -0.0448896 0.0642084 2.75501 132.272 
1.52597 1.27766 81657 1 -0.777083 0.706731 159 0 1033 -0.00286435 0.0320242 -0.0471919 0.0733002 2.768 132.231 
1.52597 1.27766 81657 1 -0.777083 0.706731 160 0 1033 -0.00286435 0.0320242 -0.0471919 0.0733002 2.768 132.231 
1.52597 1.27766 81657 1 -0.777083 0.706731 161 0 1033 -0.00286435 0.0320242 -0.0471919 0.0733002 2.768 132.231 
1.50984 1.24739 81817 1 -0.777083 0.706731 162 0 1037 -0.00269044 0.0315803 -0.0472221 0.0813098 2.76766 132.199 
1.50237 1.23794 81899 1 -0.777083 0.706731 163 0 1039 -0.00150086 0.0298533 -0.0449666 0.075521 2.76623 132.338 
1.4758 1.27299 81977 1 -0.777083 0.706731 164 0 1041 -0.00231949 0.0287233 -0.0445207 0.0742893 2.7581 132.27 
1.49085 1.26934 82018 1 -0.777083 0.706731 165 0 1042 -0.00186873 0.0288183 -0.0439316 0.0789635 2.75883 132.304 
1.51255 1.27912 82140 1 -0.777083 0.706731 166 0 1045 -0.00062465 0.0292132 -0.044131 0.0905355 2.76339 132.26 
1.02662 0.862878 82218 1 -0.777083 0.706731 167 1 1047 3.30588e-005 0.0307736 -0.0428759 0.0869047 2.75947 132.291 
0.649593 0.36852 82298 1 -0.777083 0.706731 168 1 1049 -0.00103917 0.0322077 -0.0469149 0.083108 2.7826 132.213 
0.649593 0.36852 82298 1 -0.777083 0.706731 169 1 1049 -0.00103917 0.0322077 -0.0469149 0.083108 2.7826 132.213 
0.692171 0.491108 82459 1 -0.777083 0.706731 170 1 1053 -0.00168619 0.0336326 -0.0430387 0.0694842 2.75315 132.246 
0.706616 0.507898 82499 1 -0.777083 0.706731 171 1 1054 -0.0021824 0.0328878 -0.0447708 0.0671654 2.77194 132.203 
0.706649 0.507341 82578 1 -0.777083 0.706731 172 1 1056 -0.0017967 0.031016 -0.044159 0.0608966 2.7622 132.262 
0.714587 0.485876 82621 1 -0.777083 0.706731 173 1 1057 -0.00203026 0.0312949 -0.0451425 0.0714036 2.76751 132.196 
0.714022 0.469807 82699 1 -0.777083 0.706731 174 1 1059 -0.00207635 0.0310831 -0.047382 0.0753769 2.78852 132.215 
0.707139 0.518364 82779 1 -0.777083 0.706731 175 1 1061 -0.00327271 0.0324935 -0.0460553 0.0885682 2.76742 132.124 
0.72153 0.501107 82860 1 -0.777083 0.706731 176 1 1063 -0.00283612 0.0316886 -0.0471078 0.091343 2.78442 132.19 
0.687629 0.480824 82899 1 -0.777083 0.706731 177 1 1064 -0.00180919 0.0305106 -0.0460503 0.0873811 2.77308 132.215 
0.65851 0.450563 82939 1 -0.777083 0.706731 178 1 1065 -0.00230973 0.0322804 -0.0468566 0.11428 2.77866 132.133 
0.65851 0.450563 82939 1 -0.777083 0.706731 179 1 1065 -0.00230973 0.0322804 -0.0468566 0.11428 2.77866 132.133 
0.661491 0.495967 83100 1 -0.777083 0.706731 180 1 1069 -0.00238143 0.0253602 -0.0431137 0.111564 2.74634 132.066 
0.698695 0.479408 83180 1 -0.777083 0.706731 181 1 1071 -0.00185864 0.0242794 -0.0418525 0.146192 2.74908 132.16 
0.700885 0.494048 83261 1 -0.777083 0.706731 182 1 1073 -0.000626154 0.0250499 -0.0437754 0.168548 2.76123 132.211 
0.697867 0.477686 83299 1 -0.777083 0.706731 183 1 1074 -0.000186983 0.0269899 -0.0437058 0.179427 2.77125 132.242 
0.681391 0.507702 83380 1 -0.777083 0.706731 184 1 1076 -0.00113255 0.029114 -0.0433236 0.185401 2.76295 132.184 
0.665101 0.56125 83460 1 -0.777083 0.706731 185 1 1078 -0.00131802 0.0282795 -0.0386308 0.172343 2.73071 132.218 
0.668077 0.555948 83500 1 -0.777083 0.706731 186 1 1079 -0.00173232 0.0281173 -0.0382515 0.174249 2.73441 132.195 
0.650501 0.558822 83581 1 -0.777083 0.706731 187 1 1081 -0.000819672 0.0294063 -0.0399539 0.188869 2.72741 132.208 
0.64621 0.515263 83621 1 -0.777083 0.706731 188 1 1082 -0.00105369 0.0287569 -0.0429177 0.180167 2.75156 132.228 
0.657987 0.519113 83700 1 -0.777083 0.706731 189 1 1084 -0.00131457 0.0308537 -0.0447492 0.186179 2.763 132.181 
0.66252 0.556163 83781 1 -0.777083 0.706731 190 1 1086 -0.00201355 0.0309847 -0.0394964 0.168265 2.72661 132.26 
0.629065 0.576718 83861 1 -0.777083 0.706731 191 1 1088 -0.00321161 0.0273139 -0.0379408 0.13035 2.70883 132.247 
0.597358 0.606313 83941 1 -0.777083 0.706731 192 1 1090 -0.00292222 0.025764 -0.036157 0.125522 2.69633 132.226 
0.594074 0.56747 83982 1 -0.777083 0.706731 193 1 1091 -0.00350933 0.0257325 -0.0377213 0.135997 2.71968 132.302 
0.615003 0.633129 84061 1 -0.777083 0.706731 194 1 1093 -0.00402863 0.0250079 -0.0400819 0.149731 2.73381 132.081 
0.626271 0.78306 84144 1 -0.777083 0.706731 195 1 1095 -0.00424159 0.0210515 -0.0441539 0.133128 2.782 131.879 
0.623216 0.795615 84222 1 -0.777083 0.706731 196 1 1097 -0.0045103 0.0205534 -0.0455452 0.124036 2.78602 131.808 
0.389643 0.549298 84303 1 -0.777083 0.706731 197 1 1099 -0.00529401 0.0221605 -0.0435383 0.134372 2.78309 131.713 
0.382091 0.480365 84382 1 -0.777083 0.706731 198 1 1101 -0.00662046 0.0224651 -0.0442866 0.124426 2.79151 131.759 
0.374309 0.478837 84423 1 -0.777083 0.706731 199 1 1102 -0.00736678 0.0226251 -0.0431471 0.115451 2.77819 131.751 
0.371209 0.431382 84502 1 -0.777083 0.706731 200 1 1104 -0.00641198 0.0236863 -0.045927 0.10022 2.79789 131.808 
0.309896 0.327523 84582 1 -0.777083 0.706731 201 1 1106 -0.00859485 0.0232505 -0.0439816 0.0737064 2.77065 131.757 
0.483769 0.388408 84663 1 -0.777083 0.706731 202 1 1108 -0.00862322 0.023882 -0.0430533 0.0595865 2.76263 131.767 
0.631897 0.427263 84703 1 -0.777083 0.706731 203 1 1109 -0.00820278 0.0246919 -0.0436622 0.0674504 2.7734 131.763 
0.649388 0.425226 84783 1 -0.777083 0.706731 204 1 1111 -0.00951729 0.0254831 -0.0416152 0.0718989 2.7674 131.781 
0.648948 0.437256 84863 1 -0.777083 0.706731 205 1 1113 -0.00868164 0.0235118 -0.0419796 0.0682621 2.76948 131.694 
0.675003 0.406345 84944 1 -0.777083 0.706731 206 1 1115 -0.00796635 0.0233564 -0.0439731 0.0671646 2.78639 131.741 
0.678875 0.44955 84986 1 -0.777083 0.706731 207 1 1116 -0.00935099 0.0244451 -0.0419315 0.0678961 2.76039 131.699 
0.66897 0.430979 85064 1 -0.777083 0.706731 208 1 1118 -0.00917297 0.0246825 -0.0447699 0.0480194 2.76693 131.786 
0.730362 0.264032 85144 1 -0.777083 0.706731 209 1 1120 -0.0114021 0.0291081 -0.0454939 0.0548797 2.75725 131.657 
0.707701 0.184942 85223 1 -0.777083 0.706731 210 1 1122 -0.0123577 0.0303864 -0.043459 0.0477792 2.73999 131.605 
0.713376 0.183146 85304 1 -0.777083 0.706731 211 1 1124 -0.0121149 0.0314903 -0.0455796 0.0529256 2.75605 131.566 
0.72115 0.237474 85384 1 -0.777083 0.706731 212 1 1126 -0.0122043 0.0326952 -0.0456855 0.0550625 2.76005 131.597 
0.717784 0.2837 85424 1 -0.777083 0.706731 213 1 1127 -0.0118644 0.0325195 -0.0448748 0.0477371 2.75071 131.614 
0.69875 0.396889 85505 1 -0.777083 0.706731 214 1 1129 -0.0126018 0.0324114 -0.0441803 0.0251918 2.74945 131.621 
0.709009 0.454489 85584 1 -0.777083 0.706731 215 1 1131 -0.0133388 0.0328084 -0.0429043 0.0170469 2.74194 131.606 
0.721995 0.471863 85664 1 -0.777083 0.706731 216 1 1133 -0.0123669 0.0322846 -0.0448329 0.00760777 2.76444 131.617 
0.686624 0.526233 85745 1 -0.777083 0.706731 217 1 1135 -0.0135991 0.0301295 -0.0411699 -0.019912 2.73482 131.636 
0.737031 0.536085 85825 1 -0.777083 0.706731 218 1 1137 -0.0127078 0.028186 -0.0427107 -0.0274347 2.7447 131.651 
1.04224 0.670694 85865 1 -0.777083 0.706731 219 1 1138 -0.0132955 0.0285417 -0.0412202 -0.0220096 2.73154 131.712 
1.10472 0.635397 85945 1 -0.777083 0.706731 220 1 1140 -0.011719 0.0293292 -0.0447383 0.00202384 2.76442 131.727 
1.11532 0.657637 86025 1 -0.777083 0.706731 221 1 1142 -0.0125425 0.0306042 -0.046044 0.0167698 2.76453 131.631 
1.19215 0.637173 86065 1 -0.777083 0.706731 222 1 1143 -0.0117754 0.0308522 -0.0450899 0.0189131 2.76308 131.69 
1.18499 0.638761 86146 1 -0.777083 0.706731 223 1 1145 -0.0133355 0.0303873 -0.0435865 0.0140487 2.74748 131.679 
1.20848 0.59793 86226 1 -0.777083 0.706731 224 0 1147 -0.0123994 0.0323905 -0.0474982 0.0440334 2.77592 131.729 
1.19052 0.577835 86306 1 -0.777083 0.706731 225 1 1149 -0.0111683 0.031241 -0.0497985 0.0371344 2.7783 131.746 
1.20794 0.556361 86345 1 -0.777083 0.706731 226 0 1150 -0.0119565 0.0332729 -0.0517116 0.0552024 2.79173 131.704 
1.07672 0.555257 86385 1 -0.777083 0.706731 227 1 1151 -0.0114105 0.0344155 -0.0529115 0.0601886 2.80112 131.729 
1.07672 0.555257 86385 1 -0.777083 0.706731 228 1 1151 -0.0114105 0.0344155 -0.0529115 0.0601886 2.80112 131.729 
0.808048 0.517207 86546 1 -0.777083 0.706731 229 1 1155 -0.0135232 0.0395347 -0.0525004 0.0778059 2.7948 131.703 
0.420217 0.308841 86627 1 -0.777083 0.706731 230 1 1157 -0.0126388 0.0377812 -0.0504873 0.0656931 2.78092 131.693 
0.403044 0.301189 86706 1 -0.777083 0.706731 231 1 1159 -0.012649 0.0363328 -0.049803 0.0671095 2.77757 131.635 
0.403984 0.278927 86749 1 -0.777083 0.706731 232 1 1160 -0.0116854 0.0360221 -0.0504964 0.0725107 2.7906 131.668 
0.417161 0.341629 86827 1 -0.777083 0.706731 233 1 1162 -0.0117949 0.0383669 -0.0493375 0.092022 2.78719 131.655 
0.385973 0.360366 86907 1 -0.777083 0.706731 234 1 1164 -0.0144689 0.0375752 -0.0477569 0.0702794 2.77905 131.644 
0.378233 0.365115 86947 1 -0.777083 0.706731 235 1 1165 -0.0149772 0.0386057 -0.048172 0.0692016 2.78167 131.6 
0.370438 0.422678 87028 1 -0.777083 0.706731 236 1 1167 -0.0160409 0.0359432 -0.0462859 0.0196359 2.76237 131.605 
0.400409 0.515332 87107 1 -0.777083 0.706731 237 1 1169 -0.0165775 0.0363333 -0.0438762 0.00798458 2.75244 131.632 
0.379951 0.53273 87188 1 -0.777083 0.706731 238 1 1171 -0.0164524 0.0356474 -0.0416738 -0.00570673 2.73613 131.677 
0.388191 0.531399 87227 1 -0.777083 0.706731 239 1 1172 -0.0163428 0.0355818 -0.0418417 -0.0037482 2.73675 131.675 
0.380311 0.540258 87308 1 -0.777083 0.706731 240 1 1174 -0.0168946 0.0359432 -0.0442323 0.000578997 2.75068 131.624 
0.436849 0.608223 87388 1 -0.777083 0.706731 241 1 1176 -0.0153341 0.0382184 -0.0469527 0.0122254 2.76997 131.677 
0.45595 0.689133 87470 1 -0.777083 0.706731 242 1 1178 -0.017191 0.0418492 -0.0473166 0.0368507 2.77015 131.574 
0.460682 0.715135 87548 1 -0.777083 0.706731 243 1 1180 -0.015983 0.0406407 -0.0477455 0.0236306 2.77694 131.625 
0.775241 1.20178 87628 1 -0.777083 0.706731 244 0 1182 -0.0171807 0.0429519 -0.0471105 0.0389307 2.77366 131.619 
0.793775 1.23969 87709 1 -0.777083 0.706731 245 0 1184 -0.016908 0.0419748 -0.0469325 0.0372855 2.78042 131.622 
0.774469 1.25524 87789 1 -0.777083 0.706731 246 0 1186 -0.0173086 0.0397226 -0.0462547 0.0161463 2.77411 131.654 
0.783694 1.23774 87871 1 -0.777083 0.706731 247 0 1188 -0.0170776 0.0404978 -0.0495642 0.0148031 2.79591 131.652 
0.773754 1.21859 87949 1 -0.777083 0.706731 248 0 1190 -0.018389 0.0434427 -0.053312 0.0221975 2.81348 131.536 
0.693345 1.09007 87989 1 -0.777083 0.706731 249 1 1191 -0.0178721 0.0422356 -0.0544643 0.0018498 2.82792 131.574 
0.418436 0.319449 88069 1 -0.777083 0.706731 250 1 1193 -0.0196859 0.044538 -0.0532291 0.0201104 2.81879 131.454 
0.416349 0.308673 88150 1 -0.777083 0.706731 251 1 1195 -0.0182365 0.0445041 -0.0544201 0.0230124 2.82929 131.529 
0.417519 0.281998 88229 1 -0.777083 0.706731 252 1 1197 -0.0175616 0.044494 -0.057104 0.0238606 2.84958 131.546 
0.425531 0.243805 88310 1 -0.777083 0.706731 253 1 1199 -0.0190842 0.0445235 -0.0547293 0.0217185 2.82058 131.51 
0.435448 0.270214 88390 1 -0.777083 0.706731 254 1 1201 -0.0194428 0.0465518 -0.0532601 0.0417368 2.80819 131.518 
0.428193 0.203367 88470 1 -0.777083 0.706731 255 1 1203 -0.0189869 0.0462581 -0.0549485 0.0498307 2.82044 131.521 
0.428541 0.18318 88510 1 -0.777083 0.706731 256 1 1204 -0.0180095 0.0454887 -0.0556952 0.0498721 2.83341 131.554 
0.449748 0.204251 88590 1 -0.777083 0.706731 257 1 1206 -0.0184489 0.046028 -0.0542098 0.0705445 2.82456 131.551 
0.450737 0.207211 88670 1 -0.777083 0.706731 258 1 1208 -0.0175171 0.0409036 -0.0528993 0.0479323 2.81472 131.596 
0.446374 0.179053 88750 1 -0.777083 0.706731 259 1 1210 -0.0183997 0.041462 -0.0559125 0.0695877 2.83456 131.514 
0.481055 0.22084 88831 1 -0.777083 0.706731 260 1 1212 -0.0183406 0.0427246 -0.0586043 0.0895392 2.83948 131.444 
0.472088 0.206344 88871 1 -0.777083 0.706731 261 1 1213 -0.0175027 0.042844 -0.0571954 0.0924326 2.82067 131.473 
0.479814 0.239681 88951 1 -0.777083 0.706731 262 1 1215 -0.0178994 0.0439786 -0.0591819 0.10372 2.83034 131.45 
0.469623 0.357598 89031 1 -0.777083 0.706731 263 1 1217 -0.0175268 0.045725 -0.0600629 0.124245 2.8502 131.589 
0.432417 0.377464 89111 1 -0.777083 0.706731 264 1 1219 -0.0164661 0.044556 -0.0602509 0.120377 2.84133 131.56 
0.423779 0.398499 89192 1 -0.777083 0.706731 265 1 1221 -0.0168993 0.0455073 -0.0619582 0.128202 2.83912 131.439 
0.434131 0.471558 89272 1 -0.777083 0.706731 266 1 1223 -0.0175114 0.0463246 -0.0643627 0.116999 2.85965 131.462 
0.42794 0.488225 89312 1 -0.777083 0.706731 267 1 1224 -0.0182928 0.0460973 -0.0637224 0.0972469 2.85936 131.531 
0.448238 0.475456 89391 1 -0.777083 0.706731 268 1 1226 -0.018931 0.0486676 -0.0664706 0.099738 2.88754 131.551 
0.451536 0.539053 89472 1 -0.777083 0.706731 269 1 1228 -0.0197238 0.0487432 -0.0651833 0.0965169 2.87028 131.426 
0.43877 0.735319 89512 1 -0.777083 0.706731 270 1 1229 -0.0191022 0.0480283 -0.0646449 0.0934881 2.87001 131.505 
0.440023 0.818367 89632 1 -0.777083 0.706731 271 1 1232 -0.0179216 0.0428859 -0.063805 0.0791202 2.87083 131.515 
0.444892 0.826881 89672 1 -0.777083 0.706731 272 1 1233 -0.0171996 0.0429966 -0.0648063 0.0872862 2.87791 131.483 
0.453563 0.956135 89752 1 -0.777083 0.706731 273 1 1235 -0.0165248 0.0441056 -0.0655134 0.10382 2.87661 131.462 
0.401608 0.980749 89832 1 -0.777083 0.706731 274 1 1237 -0.0178576 0.0439675 -0.0649444 0.0829667 2.85217 131.473 
0.401608 0.980749 89832 1 -0.777083 0.706731 275 1 1237 -0.0178576 0.0439675 -0.0649444 0.0829667 2.85217 131.473 
0.412739 0.970773 89953 1 -0.777083 0.706731 276 1 1240 -0.0167591 0.0470336 -0.0664567 0.081535 2.86341 131.491 
0.432239 1.01602 90033 1 -0.777083 0.706731 277 1 1242 -0.0179899 0.0487741 -0.0668905 0.0924506 2.86753 131.419 
0.429244 1.02121 90074 1 -0.777083 0.706731 278 1 1243 -0.0176522 0.0485966 -0.0664074 0.0897587 2.86211 131.421 
0.419592 1.00598 90153 1 -0.777083 0.706731 279 1 1245 -0.0177521 0.0475973 -0.0672889 0.077561 2.87148 131.426 
0.419592 1.00598 90153 1 -0.777083 0.706731 280 1 1245 -0.0177521 0.0475973 -0.0672889 0.077561 2.87148 131.426 
0.364289 0.948504 90314 1 -0.777083 0.706731 281 1 1249 -0.0180945 0.0481364 -0.0684398 0.0734439 2.89857 131.431 
0.348982 0.944789 90396 1 -0.777083 0.706731 282 1 1251 -0.0185274 0.0497232 -0.0683499 0.0824666 2.9017 131.455 
0.328336 0.663502 90475 1 -0.777083 0.706731 283 1 1253 -0.0183467 0.0497954 -0.071401 0.0919477 2.92955 131.379 
0.328336 0.663502 90475 1 -0.777083 0.706731 284 1 1253 -0.0183467 0.0497954 -0.071401 0.0919477 2.92955 131.379 
0.358721 0.52743 90634 1 -0.777083 0.706731 285 1 1257 -0.0169421 0.0468218 -0.0700909 0.0863213 2.9245 131.415 
0.357741 0.527517 90715 1 -0.777083 0.706731 286 1 1259 -0.0179362 0.0473728 -0.0689475 0.0853545 2.90826 131.423 
0.338785 0.47271 90755 1 -0.777083 0.706731 287 1 1260 -0.0182853 0.0472455 -0.0687502 0.0763166 2.89867 131.398 
0.351659 0.487863 90835 1 -0.777083 0.706731 288 1 1262 -0.0181992 0.047178 -0.0695296 0.0604592 2.89578 131.36 
0.428137 0.364602 90914 1 -0.777083 0.706731 289 1 1264 -0.0198788 0.0474202 -0.0687154 0.0394805 2.8848 131.318 
0.438901 0.362401 90954 1 -0.777083 0.706731 290 1 1265 -0.0198688 0.0478496 -0.0689733 0.0370014 2.89271 131.323 
0.434346 0.338945 91035 1 -0.777083 0.706731 291 1 1267 -0.0187028 0.0482863 -0.0706594 0.0397 2.91002 131.338 
0.417324 0.36223 91115 1 -0.777083 0.706731 292 1 1269 -0.0197207 0.0474441 -0.069548 0.0346346 2.89711 131.361 
0.466842 0.370637 91196 1 -0.777083 0.706731 293 1 1271 -0.0196412 0.0476881 -0.0687598 0.0374483 2.88907 131.358 
0.728721 0.406398 91235 1 -0.777083 0.706731 294 1 1272 -0.0197123 0.0479337 -0.0694729 0.0347164 2.89166 131.32 
0.762787 0.401167 91315 1 -0.777083 0.706731 295 1 1274 -0.0198881 0.048436 -0.0685395 0.0375164 2.88311 131.291 
0.765323 0.375093 91396 1 -0.777083 0.706731 296 1 1276 -0.018902 0.0489749 -0.0702725 0.0469852 2.89921 131.37 
0.78153 0.349945 91476 1 -0.777083 0.706731 297 1 1278 -0.019689 0.0477074 -0.0686666 0.0421593 2.88514 131.324 
0.810603 0.327907 91556 1 -0.777083 0.706731 298 1 1280 -0.0186445 0.0477114 -0.0688897 0.062852 2.88242 131.355 
0.81933 0.328785 91597 1 -0.777083 0.706731 299 1 1281 -0.0177754 0.0459911 -0.0676428 0.0691211 2.87268 131.45 
0.853817 0.313904 91676 1 -0.777083 0.706731 300 1 1283 -0.0165706 0.0441391 -0.0672955 0.0774562 2.86766 131.486 
0.842733 0.296222 91716 1 -0.777083 0.706731 301 1 1284 -0.0162249 0.0443921 -0.0683485 0.0805081 2.87073 131.459 
0.83289 0.144515 91796 1 -0.777083 0.706731 302 1 1286 -0.0176984 0.0449667 -0.0691422 0.0789774 2.84802 131.463 
0.827571 0.165813 91877 1 -0.777083 0.706731 303 1 1288 -0.0179316 0.0470075 -0.0670178 0.0693332 2.79814 131.414 
0.812959 0.178242 91957 1 -0.777083 0.706731 304 1 1290 -0.018986 0.0470314 -0.0681535 0.045962 2.79818 131.452 
0.800223 0.225861 92036 1 -0.777083 0.706731 305 1 1292 -0.0192879 0.0477417 -0.0704294 0.0370013 2.80551 131.449 
0.778752 0.261036 92117 1 -0.777083 0.706731 306 1 1294 -0.0206032 0.0493065 -0.0721392 0.033308 2.80488 131.407 
0.788148 0.273506 92157 1 -0.777083 0.706731 307 1 1295 -0.0207275 0.0502886 -0.073437 0.0351058 2.80622 131.387 
0.836668 0.475524 92238 1 -0.777083 0.706731 308 1 1297 -0.0202111 0.0522024 -0.079416 0.0441763 2.82627 131.242 
0.595592 2.75369 92318 1 -0.777083 0.706731 309 0 1299 -0.021565 0.0510015 -0.0820736 0.0273734 2.77023 130.905 
0.841825 1.13054 92398 1 -0.777083 0.706731 310 0 1301 -0.0194635 0.0528846 -0.0887357 0.0403786 2.70823 130.557 
0.831068 0.953286 92437 1 -0.777083 0.706731 311 0 1302 -0.0183702 0.0521638 -0.0885855 0.038592 2.6479 130.357 
0.818222 0.809472 92518 1 -0.777083 0.706731 312 0 1304 -0.0174213 0.0493132 -0.0921951 0.0139932 2.55231 129.813 
0.764761 1.22006 92598 1 -0.777083 0.706731 313 0 1306 -0.0184175 0.0476142 -0.0966234 -0.00625063 2.52583 129.218 
0.769923 1.25723 92638 1 -0.777083 0.706731 314 0 1307 -0.0195946 0.0466098 -0.0959026 -0.0182359 2.48174 128.908 
0.769923 1.25723 92638 1 -0.777083 0.706731 315 0 1307 -0.0195946 0.0466098 -0.0959026 -0.0182359 2.48174 128.908 
0.743642 1.13273 92798 1 -0.777083 0.706731 316 0 1311 -0.0214723 0.0433943 -0.116429 -0.0229789 2.42759 127.21 
0.706631 1.36633 92919 1 -0.777083 0.706731 317 0 1314 -0.0274997 0.0432206 -0.122418 0.0215099 2.45332 125.969 
0.708202 1.36211 92958 1 -0.777083 0.706731 318 0 1315 -0.0270079 0.0476242 -0.12327 0.0665719 2.47042 125.582 
0.762246 0.788211 93039 1 -0.777083 0.706731 319 0 1317 -0.0281281 0.0575801 -0.117601 0.199274 2.50284 124.734 
0.934023 0.774282 93118 1 -0.777083 0.706731 320 0 1319 -0.0216385 0.0668536 -0.0874983 0.408887 2.43197 123.918 
0.969069 0.942802 93199 1 -0.777083 0.706731 321 0 1321 -0.00949337 0.0564509 -0.0765876 0.476477 2.47061 122.771 
0.904513 1.06454 93239 1 -0.777083 0.706731 322 0 1322 -0.0044461 0.040502 -0.063153 0.378402 2.45248 122.663 
0.931066 1.02594 93279 1 -0.777083 0.706731 323 0 1323 0.000970089 0.0325427 -0.0668856 0.325566 2.64214 122.495 
0.931066 1.02594 93279 1 -0.777083 0.706731 324 0 1323 0.000970089 0.0325427 -0.0668856 0.325566 2.64214 122.495 
0.770144 0.845918 93440 1 -0.777083 0.706731 325 0 1327 0.00250086 0.00308925 -0.100297 -0.0707584 3.27282 124.267 
0.506387 0.404351 93519 1 -0.777083 0.706731 326 1 1329 0.00680398 -0.0040869 -0.125607 -0.257922 3.6255 125.245 
0.323306 0.367627 93600 1 -0.777083 0.706731 327 1 1331 0.00312094 -0.00330636 -0.117175 -0.385637 3.56279 125.142 
0.323306 0.367627 93600 1 -0.777083 0.706731 328 1 1331 0.00312094 -0.00330636 -0.117175 -0.385637 3.56279 125.142 
0.317748 0.355839 93640 1 -0.777083 0.706731 329 1 1332 0.00117411 -0.00188502 -0.121669 -0.42234 3.59955 125.086 
0.185238 0.424529 93800 1 -0.777083 0.706731 330 1 1336 -0.00175334 -0.0158499 -0.113553 -0.617359 3.56571 125.617 
0.172126 0.320215 93880 1 -0.777083 0.706731 331 1 1338 -0.00259016 -0.0142351 -0.121157 -0.575676 3.69342 125.583 
0.201163 0.247185 93960 1 -0.777083 0.706731 332 1 1340 -0.00300793 -0.00671796 -0.129245 -0.444977 3.7642 125.361 
0.143491 0.357399 94041 1 -0.777083 0.706731 333 0 1342 -0.000658502 -0.00913814 -0.125222 -0.437926 3.64309 125.457 
0.156544 0.270137 94081 1 -0.777083 0.706731 334 0 1343 -0.00020516 -0.00817458 -0.137525 -0.403901 3.73891 125.27 
0.194082 0.200955 94161 1 -0.777083 0.706731 335 1 1345 0.00158514 -0.00315385 -0.142977 -0.308119 3.78937 125.091 
0.166355 0.299041 94241 1 -0.777083 0.706731 336 1 1347 0.00366167 -0.00301969 -0.123197 -0.270068 3.68641 125.119 
0.19347 0.172468 94286 1 -0.777083 0.706731 337 1 1348 0.00293936 -0.00179137 -0.132444 -0.2331 3.82978 125.128 
0.240086 0.142506 94401 1 -0.777083 0.706731 338 1 1351 0.0034569 -0.0051069 -0.136625 -0.177117 3.90353 125.16 
0.245937 0.142207 94441 1 -0.777083 0.706731 339 1 1352 0.0042717 -0.00777253 -0.141193 -0.170596 3.93043 125.15 
0.247366 0.206571 94522 1 -0.777083 0.706731 340 0 1354 0.00780243 -0.00590124 -0.138462 -0.111478 3.84813 125.115 
0.246847 0.279544 94602 1 -0.777083 0.706731 341 0 1356 0.00795971 -0.00669984 -0.132011 -0.106488 3.76268 125.221 
0.291151 0.336495 94681 1 -0.777083 0.706731 342 0 1358 0.00540969 -0.00466714 -0.128068 -0.0991728 3.71559 125.348 
0.491271 0.465421 94762 1 -0.777083 0.706731 343 1 1360 0.00377589 -0.00410608 -0.125579 -0.0977479 3.69692 125.411 
0.479976 0.453354 94842 1 -0.76875 0.707692 344 1 1362 0.00294835 -0.00362961 -0.123906 -0.087046 3.66089 125.637 
0.480903 0.428691 94923 1 -0.651563 0.723077 345 1 1364 0.00317281 -0.0044804 -0.127655 -0.0799484 3.67364 125.667 
0.489386 0.394712 94963 1 -0.49375 0.803846 346 1 1365 0.00311804 -0.00312246 -0.132167 -0.0677521 3.70597 125.638 
0.499639 0.398073 95042 1 -0.354687 0.926923 347 1 1367 0.0028369 -0.0012592 -0.130888 -0.0619233 3.69661 125.664 
0.519544 0.425078 95083 1 -0.182812 1.04519 348 1 1368 0.00330387 -0.00143895 -0.130732 -0.0612365 3.69792 125.627 
0.523844 0.428932 95203 1 0.0427083 0.995192 349 1 1371 0.00313523 -0.00156132 -0.130468 -0.060199 3.70031 125.612 
0.500271 0.511754 95283 1 0.249479 0.654808 350 1 1373 0.0031132 -0.00420085 -0.1233 -0.0609578 3.6573 125.641 
0.509477 0.501798 95323 1 0.317188 0.404808 351 1 1374 0.00367594 -0.00616622 -0.124883 -0.0585861 3.67793 125.544 
0.506962 0.48397 95403 1 0.314063 0.350962 352 1 1376 0.00341229 -0.00582257 -0.127436 -0.0393625 3.73252 125.561 
0.339018 0.362922 95484 1 0.319271 0.294231 353 1 1378 0.0026821 -0.00555174 -0.13706 -0.0254604 3.85136 125.467 
0.256762 0.263199 95564 1 0.346354 0.204808 354 1 1380 0.00291761 -0.00630113 -0.144597 -0.02148 3.93833 125.276 
0.259556 0.243147 95604 1 0.401042 0.0961538 355 1 1381 0.00230892 -0.00451014 -0.146781 -0.01162 3.9733 125.271 
0.258262 0.228578 95684 1 0.434375 0.0471154 356 1 1383 0.00102126 -0.0024248 -0.145653 0.00761987 3.98082 125.345 
0.219896 0.270126 95765 1 0.449479 0.0230769 357 1 1385 0.00175483 -0.00477877 -0.138925 -0.0043428 3.93054 125.429 
0.184269 0.316308 95805 1 0.455729 0.0105769 358 1 1386 0.00117276 -0.00834708 -0.133738 -0.0361774 3.88881 125.598 
0.155014 0.305789 95884 1 0.469792 0 359 0 1388 0.000668829 -0.00934115 -0.130612 -0.0507344 3.86324 125.645 
0.131118 0.333825 95965 1 0.486979 0 360 0 1390 0.000806396 -0.0108525 -0.125407 -0.066754 3.81914 125.756 
0.177559 0.397246 96004 1 0.495312 0 361 0 1391 0.00106923 -0.0125274 -0.123941 -0.0811744 3.80504 125.77 
0.470204 0.405892 96085 1 0.496354 0 362 1 1393 0.000599526 -0.0119045 -0.125549 -0.0688447 3.82217 125.702 
0.488689 0.340519 96165 1 0.496354 0.000961538 363 1 1395 0.000786585 -0.0134196 -0.132338 -0.0584327 3.88377 125.636 
0.488986 0.341511 96205 1 0.495833 0.0173077 364 1 1396 0.000744363 -0.0143146 -0.132973 -0.0612432 3.88651 125.659 
0.505646 0.301521 96287 1 0.495833 0.0365385 365 1 1398 0.0011867 -0.0119843 -0.137056 -0.0357925 3.91732 125.671 
0.518257 0.169397 96365 1 0.498437 0.0442308 366 1 1400 0.000746417 -0.00877367 -0.147209 -0.00446763 3.99767 125.563 
0.540186 0.108236 96445 1 0.498958 0.0461538 367 1 1402 0.000339257 -0.00598806 -0.152357 0.0256399 4.03976 125.44 
0.486879 -0.15613 96526 1 0.498958 0.0461538 368 1 1404 0.000253077 -0.00549148 -0.15365 0.0386949 4.05059 125.408 
0.490023 -0.184987 96607 1 0.492708 0.0461538 369 1 1406 0.000853764 -0.00569137 -0.153309 0.0453965 4.05363 125.473 
0.489469 -0.202951 96687 1 0.418229 0.025 370 0 1408 0.00138167 -0.0053064 -0.154405 0.0518635 4.06073 125.498 
0.497836 -0.20534 96726 1 0.302083 0.0115385 371 0 1409 0.00149695 -0.0038641 -0.153227 0.0661751 4.05156 125.556 
0.48681 -0.285602 96806 1 0.269792 0 372 0 1411 0.00224653 -0.00335007 -0.148048 0.0611979 4.00802 125.723 
0.485686 -0.263974 96886 1 0.235937 0 373 0 1413 0.00316947 -0.00323846 -0.144583 0.0642211 3.97579 125.818 
0.333898 -0.368059 96966 1 0.20625 0 374 0 1415 0.00374034 -0.00389078 -0.147677 0.0734986 4.00609 125.731 
0.171659 -0.522128 97046 1 0.183333 0 375 0 1417 0.0039259 -0.00364465 -0.147826 0.0970243 4.00332 125.675 
0.171659 -0.522128 97046 1 0.166146 0 376 0 1417 0.0039259 -0.00364465 -0.147826 0.0970243 4.00332 125.675 
0.171659 -0.522128 97046 1 0.148958 0 377 0 1417 0.0039259 -0.00364465 -0.147826 0.0970243 4.00332 125.675 
-0.212894 -0.678488 97247 1 0.138542 0.00192308 378 0 1422 0.00476745 -0.000506464 -0.153877 0.145005 4.04468 125.716 
-0.161552 -0.729204 97328 1 0.133854 0.00288462 379 0 1424 0.0044078 5.53255e-005 -0.152522 0.135385 4.01529 125.776 
-0.165037 -0.706924 97367 1 0.128646 0.00865385 380 0 1425 0.00410403 0.000759538 -0.150602 0.127984 3.99424 125.798 
-0.19029 -0.713472 97407 1 0.125 0.0134615 381 0 1426 0.00364865 -2.13613e-005 -0.149895 0.108922 3.98625 125.833 
-0.203286 -0.72417 97487 1 0.123438 0.0153846 382 0 1428 0.00244083 0.000985246 -0.149978 0.104315 3.98554 125.832 
-0.19968 -0.646978 97567 1 0.122396 0.0153846 383 0 1430 0.00281345 0.000708671 -0.145762 0.100055 3.93924 125.844 
-0.207189 -0.565096 97648 1 0.122396 0.0153846 384 0 1432 0.00322789 -0.00173489 -0.140361 0.0774469 3.87095 125.916 
-0.248722 -0.452694 97688 1 0.123438 0.0192308 385 0 1433 0.00257075 -0.00464106 -0.132205 0.0409043 3.77874 125.992 
0.334943 0.343308 97848 1 0.173437 0.158654 386 1 1437 -0.00317645 -0.0158473 -0.136134 -0.0309573 3.68612 126.758 
1.26945 2.70466 97930 1 0.228125 0.349038 387 0 1439 -0.00610751 -0.0157884 -0.120239 -0.0356704 3.48442 127.984 
0.231125 1.54789 98011 1 0.248958 0.390385 388 0 1441 -0.00812505 -0.00845844 -0.0663067 0.0171336 3.02476 132.511 
0.231125 1.54789 98011 1 0.255729 0.380769 389 0 1441 -0.00812505 -0.00845844 -0.0663067 0.0171336 3.02476 132.511 
0.735204 2.06008 98168 1 0.248438 0.340385 390 0 1445 0.0115295 0.016465 0.0929762 0.251886 1.88908 136.854 
1.08874 5.06285 98208 1 0.244792 0.309615 391 0 1446 0.0115295 0.016465 0.0929762 0.251886 1.88908 136.854 
1.08874 5.06285 98208 1 0.24375 0.303846 392 0 1446 0.0115295 0.016465 0.0929762 0.251886 1.88908 136.854 
0.53727 10.8452 98330 1 0.24375 0.300962 393 0 1449 0.0199529 -0.00203755 0.125627 0.133189 1.90101 139.261 
0.53727 10.8452 98369 1 0.24375 0.300962 394 0 1450 0.0199529 -0.00203755 0.125627 0.133189 1.90101 139.261 
0.53727 10.8452 98450 1 0.241667 0.309615 395 0 1452 0.0199529 -0.00203755 0.125627 0.133189 1.90101 139.261 
0.53727 10.8452 98569 1 0.240625 0.309615 396 0 1455 0.0199529 -0.00203755 0.125627 0.133189 1.90101 139.261 
0.53727 10.8452 98609 1 0.240625 0.291346 397 0 1456 0.0199529 -0.00203755 0.125627 0.133189 1.90101 139.261 
0.53727 10.8452 98650 1 0.241146 0.285577 398 0 1457 0.0199529 -0.00203755 0.125627 0.133189 1.90101 139.261 
0.53727 10.8452 98770 1 0.241146 0.284615 399 0 1460 0.0199529 -0.00203755 0.125627 0.133189 1.90101 139.261 
0.53727 10.8452 98810 1 0.241146 0.283654 400 0 1461 0.0199529 -0.00203755 0.125627 0.133189 1.90101 139.261 
0.53727 10.8452 98850 1 0.241146 0.283654 401 0 1462 0.0199529 -0.00203755 0.125627 0.133189 1.90101 139.261 
