ImageFile:
0.624634 0.0706471 58971 1 0.246875 0.265385 1 1 556 -0.043421 0.0144078 0.0708964 -2.18688 5.73859 136.27 
0.595954 0.0694513 59052 1 0.246875 0.265385 2 1 558 -0.043098 0.011652 0.0731257 -2.22745 5.7252 136.237 
0.611053 0.0727909 59132 1 0.246875 0.265385 3 1 560 -0.0426842 0.0112888 0.0738751 -2.21804 5.73062 136.263 
0.583376 0.0992456 59212 1 0.246875 0.265385 4 1 562 -0.0433404 0.00736344 0.0764582 -2.25568 5.72701 136.397 
0.62062 0.12069 59292 1 0.246875 0.265385 5 1 564 -0.0433484 0.011344 0.0793425 -2.20088 5.70374 136.357 
0.622224 0.151118 59372 1 0.246875 0.265385 6 1 566 -0.0431679 0.0124932 0.0832734 -2.18725 5.67631 136.364 
0.623953 0.12736 59452 1 0.246875 0.265385 7 1 568 -0.0417793 0.012538 0.0834458 -2.18804 5.6793 136.289 
0.645046 0.195012 59533 1 0.246354 0.297115 8 1 570 -0.0418532 0.00997812 0.0875948 -2.22061 5.62295 136.33 
0.58992 0.217733 59573 1 0.242708 0.419231 9 1 571 -0.0421139 0.00734598 0.0869327 -2.26641 5.61716 136.28 
0.56373 0.212815 59653 1 0.230729 0.557692 10 1 573 -0.0428265 0.00914816 0.0876802 -2.27562 5.59174 136.264 
0.589098 0.144723 59732 1 0.219792 0.646154 11 1 575 -0.0428936 0.0115207 0.0829708 -2.25001 5.6528 136.258 
0.605562 0.19585 59813 1 0.198437 0.700962 12 1 577 -0.0420455 0.0108288 0.0882883 -2.24638 5.58503 136.188 
0.605562 0.19585 59813 1 0.172917 0.728846 13 1 577 -0.0420455 0.0108288 0.0882883 -2.24638 5.58503 136.188 
0.620263 0.295829 59974 1 0.158854 0.722115 14 1 581 -0.0416054 0.00817909 0.0890897 -2.25827 5.51746 135.804 
0.616451 0.283471 60014 1 0.122917 0.708654 15 1 582 -0.0423936 0.00931691 0.0865309 -2.24104 5.53353 135.701 
0.627848 0.245957 60093 1 0.096875 0.682692 16 1 584 -0.0427331 0.00952448 0.084574 -2.23538 5.54621 135.571 
0.636479 0.243472 60174 1 0.0932292 0.661538 17 1 586 -0.0427837 0.00829281 0.0828914 -2.24158 5.56741 135.578 
0.624977 0.246052 60214 1 0.0932292 0.676923 18 1 587 -0.0434035 0.00860251 0.0822059 -2.23561 5.5787 135.556 
0.60592 0.240262 60294 1 0.0911458 0.782692 19 1 589 -0.0422086 0.00774832 0.0823804 -2.2405 5.58488 135.65 
0.612338 0.247942 60374 1 0.0854167 0.867308 20 1 591 -0.0425986 0.00444559 0.0826617 -2.2635 5.58731 135.716 
0.639847 0.273829 60454 1 0.0739583 0.908654 21 1 593 -0.0422304 0.00523809 0.0831344 -2.23954 5.57216 135.737 
0.677444 0.266894 60534 1 0.0671875 0.927885 22 1 595 -0.0413395 0.006635 0.0830352 -2.21046 5.56519 135.804 
0.678664 0.299913 60574 1 0.0723958 0.938462 23 1 596 -0.0413445 0.00475672 0.0849385 -2.22618 5.53244 135.765 
0.674709 0.305558 60655 1 0.0828125 0.958654 24 1 598 -0.0412285 0.00452525 0.0842547 -2.21911 5.53643 135.775 
0.645095 0.322099 60735 1 0.0885417 0.967308 25 1 600 -0.0413664 0.00369177 0.0843997 -2.22167 5.53125 135.76 
0.652302 0.291129 60814 1 0.0885417 0.967308 26 1 602 -0.0400874 0.00611548 0.0819268 -2.16901 5.56002 135.812 
0.665558 0.246827 60895 1 0.0885417 0.967308 27 1 604 -0.0391496 0.00663355 0.0819405 -2.14903 5.553 135.874 
0.665564 0.251573 60935 1 0.0880208 0.968269 28 1 605 -0.0376403 0.00611341 0.0832961 -2.15112 5.52997 135.874 
0.669716 0.328442 61015 1 0.0859375 0.969231 29 1 607 -0.0371491 0.00682441 0.0877011 -2.14354 5.45307 135.852 
0.648598 0.249101 61096 1 0.0838542 0.969231 30 1 609 -0.0387701 0.00536969 0.0826591 -2.16184 5.50307 135.829 
0.657607 0.26268 61178 1 0.0822917 0.969231 31 1 611 -0.0378217 0.00660877 0.0826514 -2.15112 5.49613 135.914 
0.662453 0.293559 61256 1 0.0807292 0.969231 32 1 613 -0.0388224 0.00866442 0.0819573 -2.12794 5.50338 135.871 
0.628261 0.2912 61336 1 0.0807292 0.969231 33 1 615 -0.0394615 0.00734161 0.0823667 -2.15348 5.49758 135.803 
0.658861 0.282507 61416 1 0.0807292 0.969231 34 1 617 -0.0393588 0.00903268 0.0828074 -2.13283 5.49217 135.843 
0.648307 0.272673 61456 1 0.0807292 0.969231 35 1 618 -0.0395199 0.00721793 0.0807847 -2.15246 5.50987 135.767 
0.632459 0.343445 61537 1 0.0807292 0.969231 36 1 620 -0.0399633 0.0055444 0.0844402 -2.17375 5.45293 135.791 
0.600046 0.322821 61617 1 0.0807292 0.969231 37 1 622 -0.0408849 0.00542803 0.0815303 -2.18316 5.48223 135.758 
0.601105 0.363009 61696 1 0.0807292 0.969231 38 1 624 -0.0413621 0.00612336 0.0859859 -2.19354 5.4191 135.772 
0.608054 0.320522 61777 1 0.0807292 0.969231 39 1 626 -0.0421109 0.0070174 0.0813305 -2.19021 5.47493 135.711 
0.601561 0.307832 61857 1 0.0807292 0.969231 40 1 628 -0.0416835 0.0071902 0.0814518 -2.19232 5.47661 135.671 
0.600512 0.298527 61937 1 0.0807292 0.969231 41 1 630 -0.0415704 0.00720941 0.0815374 -2.19254 5.47775 135.65 
0.601568 0.304017 62017 1 0.0807292 0.969231 42 1 632 -0.0415382 0.00717289 0.0815089 -2.19213 5.47737 135.656 
0.615756 0.309509 62097 1 0.0807292 0.969231 43 1 634 -0.041404 0.00680948 0.0815539 -2.18763 5.47787 135.654 
0.625171 0.37687 62178 1 0.0807292 0.969231 44 1 636 -0.0400393 0.00573711 0.0833881 -2.17038 5.44981 135.717 
0.639927 0.380115 62258 1 0.0807292 0.969231 45 1 638 -0.039727 0.00680766 0.083309 -2.14459 5.44188 135.699 
0.6355 0.389745 62338 1 0.0807292 0.969231 46 1 640 -0.0398548 0.00668466 0.0825962 -2.13562 5.4483 135.689 
0.62628 0.349321 62377 1 0.0807292 0.969231 47 1 641 -0.0406417 0.00471247 0.0818427 -2.16588 5.46197 135.678 
0.642559 0.365782 62458 1 0.0807292 0.969231 48 1 643 -0.039706 0.00822347 0.0827511 -2.12874 5.45939 135.714 
0.626255 0.344954 62538 1 0.0807292 0.969231 49 1 645 -0.0392316 0.0047875 0.0829932 -2.17365 5.46385 135.74 
0.628654 0.364949 62619 1 0.0807292 0.969231 50 1 647 -0.0405227 0.00606411 0.0831686 -2.16201 5.46266 135.729 
0.631716 0.375543 62700 1 0.0807292 0.969231 51 1 649 -0.0399733 0.00615418 0.0829453 -2.16371 5.46198 135.7 
0.592184 0.396195 62778 1 0.0807292 0.969231 52 1 651 -0.0395525 0.00233506 0.0839043 -2.21057 5.44352 135.733 
0.625665 0.3819 62859 1 0.0807292 0.969231 53 1 653 -0.0382728 0.00427853 0.0845757 -2.19835 5.41788 135.669 
0.593759 0.442974 62899 1 0.0807292 0.969231 54 1 654 -0.0397236 0.00463213 0.0860491 -2.21084 5.38406 135.58 
0.586205 0.438423 62939 1 0.0807292 0.969231 55 1 655 -0.0400168 0.00381028 0.0842308 -2.23535 5.4022 135.599 
0.542777 0.445599 63060 1 0.0807292 0.969231 56 1 658 -0.0405695 -7.36418e-005 0.0835071 -2.31275 5.39786 135.599 
0.548292 0.415581 63140 1 0.0807292 0.969231 57 1 660 -0.0405935 -0.000345817 0.0815036 -2.30107 5.39793 135.483 
0.566077 0.426201 63219 1 0.0807292 0.969231 58 1 662 -0.0402004 -0.000100957 0.0824078 -2.28621 5.36896 135.45 
0.55685 0.404961 63260 1 0.0807292 0.969231 59 1 663 -0.0403577 6.27681e-005 0.0794448 -2.27701 5.39328 135.373 
0.559992 0.403465 63380 1 0.0807292 0.969231 60 1 666 -0.0395084 -0.00128095 0.077959 -2.28363 5.40125 135.363 
0.573812 0.407026 63460 1 0.0807292 0.969231 61 1 668 -0.0403303 -2.43573e-007 0.0776994 -2.27387 5.39124 135.328 
0.572358 0.421166 63540 1 -0.0270833 0.954808 62 1 670 -0.0411412 0.000411013 0.0757361 -2.25436 5.41568 135.287 
0.572358 0.421166 63540 1 -0.430729 0.906731 63 1 670 -0.0411412 0.000411013 0.0757361 -2.25436 5.41568 135.287 
0.572358 0.421166 63540 1 -0.824479 0.825 64 1 670 -0.0411412 0.000411013 0.0757361 -2.25436 5.41568 135.287 
0.261309 1.15327 63702 1 -0.916667 0.823077 65 0 674 -0.0419935 0.00403128 0.0620804 -2.13049 5.57895 135.174 
0.500339 -0.0215724 63820 1 -0.916667 0.823077 66 1 677 -0.0383536 0.000281064 0.0703554 -2.14968 5.4933 135.424 
0.4816 0.0180846 63901 1 -0.916667 0.823077 67 1 679 -0.036997 -0.00099598 0.0710115 -2.15863 5.48694 135.474 
0.464818 0.0912565 63941 1 -0.916667 0.823077 68 1 680 -0.0368587 -0.00325141 0.0742988 -2.1985 5.44577 135.522 
0.557134 0.221168 64021 1 -0.916667 0.823077 69 1 682 -0.0381302 5.06821e-005 0.0735935 -2.16743 5.44378 135.539 
0.54634 0.292802 64102 1 -0.916667 0.823077 70 1 684 -0.0376637 -0.00169874 0.0739847 -2.2121 5.42867 135.513 
0.577364 0.342703 64182 1 -0.920833 0.822115 71 1 686 -0.0390127 0.000225723 0.0740169 -2.19259 5.41842 135.465 
0.60874 0.359239 64261 1 -0.942708 0.798077 72 1 688 -0.0385477 0.000550637 0.0750849 -2.18194 5.40235 135.544 
0.673834 0.352315 64342 1 -1 0.669231 73 1 690 -0.0373192 0.00518895 0.0749852 -2.09551 5.38622 135.496 
0.668214 0.355715 64422 1 -1 0.375962 74 1 692 -0.0368465 0.00230864 0.0735882 -2.1131 5.39136 135.473 
0.643301 0.369203 64503 1 -0.99375 0.121154 75 1 694 -0.0362996 -0.00189041 0.0723239 -2.15576 5.39236 135.471 
0.609089 0.36308 64582 1 -0.95625 0.00769231 76 1 696 -0.0358871 -0.00408284 0.0706488 -2.18649 5.40257 135.446 
0.608491 0.378969 64622 1 -0.940625 0.00769231 77 1 697 -0.0356053 -0.00293033 0.0703716 -2.16808 5.39335 135.376 
0.611714 0.364024 64702 1 -0.922396 0.00769231 78 1 699 -0.0362949 -0.00220754 0.0680823 -2.15182 5.39902 135.317 
0.586407 0.37461 64783 1 -0.9125 0.00769231 79 1 701 -0.0364845 -0.00442467 0.0672929 -2.16869 5.40335 135.322 
0.61237 0.395087 64823 1 -0.911979 0.00769231 80 1 702 -0.0362063 -0.00218137 0.0673931 -2.13423 5.39475 135.298 
0.627086 0.422453 64904 1 -0.911979 0.00769231 81 1 704 -0.0365096 -0.00108591 0.0672938 -2.10615 5.37766 135.165 
0.599389 0.38781 64983 1 -0.911979 0.00769231 82 1 706 -0.0373116 -0.00351702 0.0634569 -2.13619 5.41565 135.17 
0.625893 0.383735 65063 1 -0.911979 0.00769231 83 1 708 -0.0375131 -0.00163987 0.0629919 -2.11377 5.4148 135.064 
0.621634 0.417829 65143 1 -0.908333 0.00769231 84 1 710 -0.0371581 -0.0015757 0.0655054 -2.12243 5.36467 134.927 
0.632831 0.383289 65224 1 -0.860938 0.00769231 85 1 712 -0.0375261 0.000764385 0.0625223 -2.09605 5.38681 134.88 
0.644702 0.395619 65304 1 -0.731771 0.00769231 86 1 714 -0.0381395 0.0015639 0.0621965 -2.08122 5.38503 134.799 
0.664472 0.351626 65384 1 -0.602083 0.00769231 87 1 716 -0.0379149 0.00202199 0.0597016 -2.06288 5.42434 134.804 
0.675348 0.346275 65424 1 -0.545833 0.00769231 88 1 717 -0.0374898 0.00322976 0.0612987 -2.04463 5.40763 134.794 
0.663577 0.356721 65508 1 -0.510938 0.00769231 89 1 719 -0.0370654 0.0020254 0.0606946 -2.05675 5.40215 134.755 
0.620974 0.353057 65584 1 -0.476042 0.00769231 90 1 721 -0.0377776 8.98561e-005 0.0588572 -2.08718 5.4239 134.707 
0.65415 0.358227 65664 1 -0.452604 0.00865385 91 1 723 -0.0377719 0.00134102 0.0599653 -2.06788 5.40948 134.806 
0.65495 0.354911 65705 1 -0.432292 0.00769231 92 1 724 -0.0375376 0.00257817 0.0578605 -2.05437 5.44106 134.884 
0.55212 4.02736 65785 1 -0.408333 0.00769231 93 0 726 -0.0394285 0.000922573 0.0535366 -2.07386 5.49277 134.924 
0.552015 3.81971 65864 1 -0.395833 0.00769231 94 0 728 -0.0412357 0.00367587 0.0385969 -2.0294 5.66002 134.826 
0.54684 3.75974 65944 1 -0.389062 0.00769231 95 0 730 -0.0434602 0.00482071 0.0345235 -2.00586 5.70818 134.709 
0.517938 3.73354 66030 1 -0.388542 0.00769231 96 0 732 -0.0437853 0.00623581 0.0324932 -1.97397 5.7405 134.735 
0.529068 3.70048 66105 1 -0.388542 0.00769231 97 0 734 -0.0444528 0.00785342 0.030338 -1.95719 5.7835 134.7 
0.555607 3.67766 66145 1 -0.393229 0.0201923 98 0 735 -0.0441355 0.00734925 0.0302899 -1.96466 5.79482 134.738 
0.555607 3.67766 66145 1 -0.414063 0.0875 99 0 735 -0.0441355 0.00734925 0.0302899 -1.96466 5.79482 134.738 
0.604211 3.63825 66345 1 -0.482812 0.266346 100 0 740 -0.0437433 0.00771472 0.0336038 -1.95748 5.78688 134.84 
0.660136 3.81252 66385 1 -0.542188 0.414423 101 0 741 -0.041878 0.00777253 0.0385361 -1.96119 5.73819 135.129 
0.561069 1.20786 66466 1 -0.567708 0.450962 102 0 743 -0.043555 0.00896765 0.0397137 -1.94347 5.73496 135.182 
0.561069 1.20786 66466 1 -0.577083 0.456731 103 0 743 -0.043555 0.00896765 0.0397137 -1.94347 5.73496 135.182 
0.54369 1.22505 66626 1 -0.608854 0.494231 104 0 747 -0.0437527 0.00864194 0.0393798 -1.9406 5.74499 135.18 
0.543409 1.20341 66666 1 -0.648958 0.527885 105 0 748 -0.0437536 0.00792382 0.0380108 -1.94887 5.7674 135.207 
0.553125 1.2037 66746 1 -0.686979 0.533654 106 0 750 -0.043926 0.00831791 0.0397812 -1.94884 5.74858 135.225 
0.521118 1.20336 66786 1 -0.739583 0.534615 107 0 751 -0.0441708 0.00824071 0.0408543 -1.94705 5.73771 135.267 
0.533502 1.22007 66867 1 -0.785937 0.534615 108 0 753 -0.0434992 0.00643876 0.0394016 -1.96785 5.76037 135.216 
0.604492 1.23462 66946 1 -0.810937 0.535577 109 0 755 -0.0433032 0.00829439 0.0392419 -1.95149 5.76907 135.258 
0.543463 1.27259 67027 1 -0.820313 0.536538 110 0 757 -0.0438836 0.00740812 0.0408454 -1.97217 5.75974 135.273 
0.579063 1.25994 67107 1 -0.820833 0.5375 111 0 759 -0.0444953 0.00985228 0.0391859 -1.9395 5.79019 135.341 
0.579063 1.25994 67107 1 -0.820833 0.539423 112 0 759 -0.0444953 0.00985228 0.0391859 -1.9395 5.79019 135.341 
0.557583 1.29369 67227 1 -0.800521 0.539423 113 0 762 -0.0443714 0.00838005 0.0393573 -1.94051 5.78473 135.257 
0.586865 1.32215 67307 1 -0.763542 0.539423 114 0 764 -0.0441549 0.00840042 0.0418922 -1.93664 5.74654 135.033 
0.586298 1.30223 67347 1 -0.726563 0.544231 115 0 765 -0.0448156 0.010784 0.041679 -1.90334 5.74718 134.94 
0.596112 1.27403 67427 1 -0.715104 0.559615 116 0 767 -0.0436583 0.0118543 0.0411108 -1.88014 5.76151 134.903 
0.596112 1.27403 67427 1 -0.713542 0.571154 117 0 767 -0.0436583 0.0118543 0.0411108 -1.88014 5.76151 134.903 
0.484568 1.23917 67589 1 -0.709375 0.581731 118 0 771 -0.043705 0.0126129 0.0446122 -1.8656 5.73041 134.895 
-0.12082 0.503387 67669 1 -0.701562 0.585577 119 1 773 -0.0395094 0.0123854 0.0579045 -1.86984 5.60501 135.033 
-0.277361 0.537599 67748 1 -0.690625 0.586538 120 0 775 -0.0369776 0.00894171 0.0606809 -1.91661 5.56922 134.778 
-0.277361 0.537599 67748 1 -0.675521 0.584615 121 0 775 -0.0369776 0.00894171 0.0606809 -1.91661 5.56922 134.778 
-0.277361 0.537599 67748 1 -0.667708 0.578846 122 0 775 -0.0369776 0.00894171 0.0606809 -1.91661 5.56922 134.778 
-0.448387 0.771556 67949 1 -0.665625 0.574038 123 0 780 -0.0387367 0.00872087 0.0602132 -1.92821 5.59952 135.217 
-0.418339 0.68485 68029 1 -0.665625 0.572115 124 0 782 -0.0382404 0.0106518 0.0610495 -1.89398 5.59787 135.153 
-0.390462 0.723982 68068 1 -0.66875 0.570192 125 0 783 -0.0376662 0.0107377 0.062809 -1.89308 5.57915 135.255 
-0.390462 0.723982 68068 1 -0.688021 0.568269 126 0 783 -0.0376662 0.0107377 0.062809 -1.89308 5.57915 135.255 
-0.42269 0.791101 68109 1 -0.699479 0.567308 127 0 784 -0.0367179 0.00981544 0.0635999 -1.90875 5.56641 135.238 
-0.411749 0.662643 68269 1 -0.702604 0.566346 128 0 788 -0.0369711 0.00896616 0.0644106 -1.92736 5.54897 135.31 
-0.403109 0.637543 68350 1 -0.702604 0.566346 129 0 790 -0.0383543 0.0109939 0.0616743 -1.89722 5.58518 135.364 
-0.416154 0.657017 68390 1 -0.702604 0.566346 130 0 791 -0.0388425 0.00796374 0.0616412 -1.93334 5.58735 135.352 
-0.450891 0.75428 68469 1 -0.699479 0.565385 131 0 793 -0.0394258 0.00709024 0.0624574 -1.93713 5.58843 135.514 
-0.403999 0.704375 68549 1 -0.688021 0.565385 132 0 795 -0.0396273 0.0105452 0.0597918 -1.87487 5.62366 135.484 
-0.400565 0.724454 68590 1 -0.676562 0.565385 133 0 796 -0.0379431 0.00973679 0.0608345 -1.87185 5.61759 135.557 
-0.35624 0.500551 68670 1 -0.670833 0.564423 134 0 798 -0.0368014 0.00666275 0.0591959 -1.90217 5.62692 135.45 
-0.391899 0.58294 68710 1 -0.670833 0.564423 135 0 799 -0.0366566 0.00552905 0.0614202 -1.91311 5.60605 135.54 
-0.471371 0.623015 68830 1 -0.670833 0.564423 136 0 802 -0.0369092 0.00495467 0.0626969 -1.92302 5.59048 135.616 
-0.49872 0.56324 68910 1 -0.658854 0.570192 137 0 804 -0.0373553 0.00731804 0.0602908 -1.88846 5.62378 135.559 
-0.495557 0.547586 68991 1 -0.607292 0.675962 138 0 806 -0.0374262 0.00796157 0.0591653 -1.86533 5.64034 135.486 
-0.48498 0.578009 69030 1 -0.550521 0.819231 139 0 807 -0.0371799 0.00573645 0.0618585 -1.89007 5.60727 135.484 
-0.48498 0.578009 69030 1 -0.516146 0.888462 140 0 807 -0.0371799 0.00573645 0.0618585 -1.89007 5.60727 135.484 
-0.503074 0.617542 69190 1 -0.509375 0.892308 141 0 811 -0.0356702 3.32953e-005 0.0632034 -1.94254 5.58846 135.502 
-0.527484 0.625913 69271 1 -0.509375 0.892308 142 0 813 -0.0355383 -0.00199791 0.0622553 -1.96765 5.59381 135.502 
-0.55356 0.613538 69351 1 -0.503646 0.910577 143 0 815 -0.0363089 -0.00576414 0.0635925 -2.01708 5.57817 135.53 
-0.55356 0.613538 69351 1 -0.498958 0.921154 144 0 815 -0.0363089 -0.00576414 0.0635925 -2.01708 5.57817 135.53 
-0.537821 0.647697 69391 1 -0.497917 0.924038 145 0 816 -0.0366578 -0.00339073 0.0645725 -1.98626 5.5655 135.516 
-0.475599 0.605186 69551 1 -0.497917 0.924038 146 0 820 -0.0368522 -0.00372052 0.0612182 -1.99555 5.61655 135.539 
-0.360468 8.64102 69632 1 -0.497917 0.924038 147 0 822 -0.0373022 -0.000116379 0.0598352 -1.96845 5.64036 135.586 
-0.360468 8.64102 69632 1 -0.497917 0.924038 148 0 822 -0.0373022 -0.000116379 0.0598352 -1.96845 5.64036 135.586 
2.01066 2.3331 69752 1 -0.497917 0.924038 149 0 825 -0.0376578 0.00340611 0.0526702 -1.96114 5.71992 135.278 
1.66807 0.529141 69833 1 -0.497917 0.924038 150 0 827 -0.0371855 0.00658267 0.0627211 -1.92776 5.59856 135.578 
1.6821 0.41092 69872 1 -0.497917 0.924038 151 0 828 -0.0373436 0.00729135 0.063059 -1.92905 5.59093 135.602 
1.68498 0.391156 69952 1 -0.497917 0.924038 152 0 830 -0.0383175 0.00596045 0.0627367 -1.94344 5.58931 135.563 
1.71915 0.381888 69992 1 -0.497396 0.924038 153 0 831 -0.0379243 0.00583123 0.0627221 -1.94468 5.59348 135.557 
1.71915 0.381888 69992 1 -0.497396 0.924038 154 0 831 -0.0379243 0.00583123 0.0627221 -1.94468 5.59348 135.557 
1.69279 0.347101 70153 1 -0.497396 0.924038 155 0 835 -0.0379108 0.00560811 0.0632002 -1.94003 5.60078 135.618 
1.71517 0.385094 70233 1 -0.497396 0.924038 156 0 837 -0.0381576 0.00584798 0.0628844 -1.93725 5.60285 135.551 
1.72326 0.357472 70313 1 -0.497396 0.924038 157 0 839 -0.0384277 0.00356481 0.0629992 -1.98067 5.59948 135.519 
1.72326 0.357472 70313 1 -0.497396 0.924038 158 0 839 -0.0384277 0.00356481 0.0629992 -1.98067 5.59948 135.519 
1.74983 0.368443 70433 1 -0.497396 0.924038 159 0 842 -0.0385372 0.00275338 0.0626264 -1.99059 5.61029 135.544 
1.74233 0.379299 70513 1 -0.497396 0.924038 160 0 844 -0.0383408 0.00424772 0.0642912 -1.97956 5.58319 135.566 
1.73394 0.433332 70554 1 -0.497396 0.924038 161 0 845 -0.0397437 0.0025977 0.0640967 -2.00492 5.58162 135.513 
1.72646 0.389235 70636 1 -0.497396 0.924038 162 0 847 -0.0395029 0.00202999 0.0632 -2.01035 5.60156 135.571 
1.7338 0.391685 70714 1 -0.497396 0.924038 163 0 849 -0.0396257 0.00141522 0.062871 -2.01699 5.60641 135.591 
1.72523 0.367776 70794 1 -0.497396 0.924038 164 0 851 -0.0385939 0.00239292 0.0626869 -1.9975 5.61316 135.625 
1.74084 0.403904 70834 1 -0.497396 0.924038 165 0 852 -0.0388632 0.00212066 0.0622509 -1.99987 5.61844 135.653 
1.73309 0.438216 70914 1 -0.497396 0.924038 166 0 854 -0.0398173 0.00294719 0.0614357 -1.99295 5.63839 135.586 
1.71327 0.413081 70954 1 -0.497396 0.924038 167 0 855 -0.0396026 0.00200255 0.0619346 -2.01552 5.63869 135.639 
1.70247 0.50356 71074 1 -0.497396 0.924038 168 0 858 -0.0395545 -0.000296829 0.0637047 -2.05447 5.62965 135.669 
1.70987 0.526318 71154 1 -0.497396 0.924038 169 0 860 -0.0397614 0.000705403 0.0649346 -2.05335 5.60485 135.701 
1.6944 0.540405 71235 1 -0.497396 0.924038 170 0 862 -0.0401465 -0.000172503 0.0644112 -2.06505 5.60884 135.707 
1.69859 0.538113 71275 1 -0.497396 0.924038 171 0 863 -0.0399482 -0.000849485 0.0639256 -2.0735 5.61785 135.712 
1.69859 0.538113 71275 1 -0.497396 0.924038 172 0 863 -0.0399482 -0.000849485 0.0639256 -2.0735 5.61785 135.712 
1.69201 0.528114 71434 1 -0.497396 0.924038 173 0 867 -0.0400409 -0.00109834 0.0640802 -2.07126 5.61648 135.76 
1.70432 0.539046 71515 1 -0.497396 0.924038 174 0 869 -0.0395162 0.000430927 0.065518 -2.05267 5.58611 135.757 
1.66732 0.453828 71555 1 -0.497396 0.924038 175 0 870 -0.0391539 -0.00189698 0.0667153 -2.08609 5.56827 135.796 
1.64199 0.480596 71595 1 -0.497396 0.924038 176 0 871 -0.0400584 0.000174836 0.0617924 -2.05149 5.63199 135.761 
1.64199 0.480596 71595 1 -0.497396 0.924038 177 0 871 -0.0400584 0.000174836 0.0617924 -2.05149 5.63199 135.761 
0.594616 0.416237 71756 1 -0.497396 0.924038 178 1 875 -0.0396295 0.000299148 0.064889 -2.04959 5.58252 135.793 
0.543239 0.439056 71835 1 -0.497396 0.924038 179 1 877 -0.0400942 0.000405089 0.0651113 -2.05625 5.57167 135.741 
0.52815 0.380673 71916 1 -0.497396 0.924038 180 1 879 -0.0417652 0.00024991 0.0599719 -2.05655 5.64695 135.71 
0.586111 0.40477 71996 1 -0.497396 0.924038 181 1 881 -0.0401726 0.00216046 0.0628385 -2.02777 5.62652 135.757 
0.599269 0.403523 72036 1 -0.497396 0.924038 182 1 882 -0.040248 0.00242345 0.0618086 -2.01861 5.63853 135.752 
0.571438 0.374279 72117 1 -0.497396 0.924038 183 1 884 -0.0413362 0.00242562 0.0593442 -2.00486 5.68932 135.707 
0.594319 0.381712 72196 1 -0.497396 0.924038 184 1 886 -0.0393754 0.00140037 0.0633084 -2.00781 5.63994 135.809 
0.557623 0.390133 72276 1 -0.497396 0.924038 185 1 888 -0.0410807 0.000868464 0.0621467 -2.0108 5.655 135.739 
0.566686 0.412575 72357 1 -0.497396 0.924038 186 1 890 -0.0400006 -0.000981826 0.0654955 -2.04426 5.6032 135.821 
0.554171 0.37099 72437 1 -0.497396 0.924038 187 1 892 -0.0421419 -0.000113777 0.058791 -2.03971 5.6913 135.748 
0.569677 0.369872 72477 1 -0.497396 0.924038 188 1 893 -0.0419514 0.00156967 0.0607863 -2.02426 5.66757 135.761 
0.535947 0.412555 72557 1 -0.497396 0.924038 189 1 895 -0.0425937 -0.000749501 0.0611642 -2.05976 5.66599 135.717 
0.536231 0.35921 72637 1 -0.497396 0.924038 190 1 897 -0.0416347 -0.00180844 0.0604667 -2.07138 5.68815 135.706 
0.521853 0.381382 72717 1 -0.497396 0.924038 191 1 899 -0.0438483 0.000104504 0.0609012 -2.0465 5.6824 135.711 
0.533466 0.377974 72758 1 -0.497396 0.924038 192 1 900 -0.0440719 0.00323681 0.0594197 -2.00041 5.70803 135.692 
0.518342 0.358844 72838 1 -0.497396 0.924038 193 1 902 -0.0425626 0.000608821 0.0629254 -2.03008 5.67694 135.814 
0.534187 0.341645 72918 1 -0.497396 0.924038 194 1 904 -0.0428277 0.00139323 0.0610838 -2.0179 5.70151 135.772 
0.509701 0.352978 72958 1 -0.497396 0.924038 195 1 905 -0.0424009 0.000555344 0.0622061 -2.0332 5.68952 135.768 
0.471179 0.366842 73038 1 -0.497396 0.924038 196 1 907 -0.0441114 0.000963397 0.0625115 -2.02933 5.68733 135.739 
0.472886 0.341345 73119 1 -0.497396 0.924038 197 1 909 -0.0448223 0.00045824 0.0597768 -2.03629 5.74039 135.729 
0.452198 0.339801 73199 1 -0.497396 0.924038 198 1 911 -0.0446756 -0.000975912 0.061523 -2.05402 5.74213 135.861 
0.42125 0.333704 73279 1 -0.497396 0.924038 199 1 913 -0.0453181 -0.000206296 0.0602544 -2.04022 5.78696 135.83 
0.335969 0.0119938 73358 1 -0.497396 0.924038 200 1 915 -0.0445679 -0.000685519 0.0478119 -2.02922 5.98782 136.288 
0.385931 -0.0382146 73439 1 -0.497396 0.924038 201 1 917 -0.0441669 -0.00307289 0.0511828 -2.04168 5.97678 136.28 
0.394187 -0.017856 73479 1 -0.497396 0.924038 202 1 918 -0.0431981 -0.00243823 0.0550987 -2.03172 5.93126 136.322 
0.374236 0.00492937 73562 1 -0.497396 0.924038 203 1 920 -0.0425238 -0.00423894 0.0555908 -2.06032 5.92565 136.336 
0.383618 -0.041348 73640 1 -0.497396 0.924038 204 1 922 -0.0425019 -0.00423993 0.0554703 -2.0613 5.93702 136.317 
0.383507 -0.0196337 73719 1 -0.497396 0.924038 205 1 924 -0.0433494 -0.00247325 0.0568262 -2.04329 5.92237 136.329 
0.400258 -0.115965 73800 1 -0.497396 0.924038 206 1 926 -0.0405893 -0.00393353 0.0551998 -2.05406 5.93153 136.1 
0.377768 -0.146514 73839 1 -0.497396 0.924038 207 0 927 -0.0415795 -0.00369639 0.0598964 -2.05482 5.87982 136.243 
0.440941 -0.0102611 73920 1 -0.497396 0.924038 208 0 929 -0.0411986 -0.0028775 0.0605962 -2.048 5.8607 136.109 
0.440941 -0.0102611 73960 1 -0.497396 0.924038 209 0 930 -0.0411986 -0.0028775 0.0605962 -2.048 5.8607 136.109 
0.442339 -0.00109864 74039 1 -0.497396 0.924038 210 0 932 -0.0411717 -0.00286384 0.0605614 -2.0482 5.86022 136.116 
0.438771 0.0167339 74120 1 -0.497396 0.924038 211 0 934 -0.041064 -0.00276381 0.0605409 -2.04946 5.85994 136.116 
0.442284 0.312198 74201 1 -0.497396 0.924038 212 0 936 -0.0421335 -0.000839738 0.0668733 -2.02422 5.77666 136.214 
0.442284 0.312198 74201 1 -0.497396 0.924038 213 0 936 -0.0421335 -0.000839738 0.0668733 -2.02422 5.77666 136.214 
0.468948 0.217955 74321 1 -0.497396 0.924038 214 0 939 -0.041675 -0.00230469 0.0643201 -2.04209 5.82951 136.275 
0.832657 -0.133612 74400 1 -0.497396 0.924038 215 1 941 -0.0419573 -0.000874967 0.0639524 -2.01996 5.83826 136.207 
0.889017 -0.108203 74440 1 -0.497396 0.924038 216 1 942 -0.0410083 -0.00115292 0.0636995 -2.0244 5.84616 136.266 
0.874973 -0.00857338 74521 1 -0.497396 0.924038 217 1 944 -0.0405764 -0.00519282 0.0687175 -2.08199 5.78014 136.354 
0.874973 -0.00857338 74521 1 -0.497396 0.924038 218 1 944 -0.0405764 -0.00519282 0.0687175 -2.08199 5.78014 136.354 
0.440851 0.405955 74641 1 -0.497396 0.924038 219 1 947 -0.0436431 -0.000742885 0.0591557 -2.01753 5.89239 136.598 
0.450041 0.486572 74724 1 -0.497396 0.924038 220 1 949 -0.0450005 0.000638866 0.0572984 -2.00274 5.88998 136.541 
0.468227 0.454387 74801 1 -0.497396 0.924038 221 1 951 -0.0459455 0.00279767 0.0529334 -1.9797 5.92724 136.437 
0.470381 0.451856 74843 1 -0.497396 0.924038 222 1 952 -0.0467425 0.0026117 0.05243 -1.98262 5.92209 136.338 
0.477506 0.389478 74922 1 -0.497396 0.924038 223 1 954 -0.0465532 0.00556299 0.0475673 -1.94462 5.98344 136.231 
0.472835 0.1358 75042 1 -0.497396 0.924038 224 1 957 -0.0463864 0.00452872 0.0489164 -1.95383 5.9785 136.253 
0.455999 0.144128 75082 1 -0.497396 0.924038 225 1 958 -0.0465313 0.0045832 0.0489805 -1.95511 5.97877 136.224 
0.456911 0.303166 75162 1 -0.497396 0.924038 226 1 960 -0.0477151 0.00421703 0.0487726 -1.95162 5.99551 136.271 
0.487113 0.193951 75242 1 -0.497396 0.924038 227 0 962 -0.0449437 0.00572163 0.0575544 -1.93622 5.87473 136.06 
0.486998 0.13454 75322 1 -0.497396 0.924038 228 0 964 -0.0453832 0.0041617 0.0566664 -1.96123 5.88634 135.998 
0.481876 0.259291 75405 1 -0.497396 0.924038 229 0 966 -0.0449862 0.0056366 0.0597667 -1.95177 5.84436 136.137 
0.494002 0.323926 75483 1 -0.497396 0.924038 230 1 968 -0.0449044 0.00355436 0.0593628 -1.97534 5.84564 136.146 
0.548987 0.250383 75523 1 -0.497396 0.924038 231 0 969 -0.0441966 0.00627764 0.0584349 -1.93752 5.85882 136.155 
0.47353 0.28576 75643 1 -0.497396 0.924038 232 0 972 -0.0434095 0.00246104 0.0576185 -1.9607 5.86095 136.135 
0.469507 0.318178 75683 1 -0.497396 0.924038 233 0 973 -0.0438165 0.00306648 0.0585515 -1.94672 5.84906 136.022 
0.431033 0.375178 75763 1 -0.497396 0.924038 234 0 975 -0.0411794 0.00183753 0.0617889 -1.94814 5.80902 136.076 
0.296352 0.41148 75804 1 -0.497396 0.924038 235 0 976 -0.041528 0.00237668 0.063599 -1.9377 5.78602 136.014 
0.334116 0.480557 75844 1 -0.497396 0.924038 236 0 977 -0.042093 -0.00168654 0.0618151 -1.98541 5.81226 135.999 
0.0499277 0.462911 75963 1 -0.497396 0.924038 237 0 980 -0.0420916 -0.000633956 0.0608046 -1.97715 5.80565 135.942 
0.108849 0.734359 76043 1 -0.497396 0.924038 238 1 982 -0.0416001 0.00105512 0.0612042 -1.95561 5.79926 135.932 
0.00133858 0.707121 76124 1 -0.497396 0.924038 239 0 984 -0.042087 -0.000352419 0.0590705 -1.97055 5.8209 135.912 
0.00133858 0.707121 76124 1 -0.497396 0.924038 240 0 984 -0.042087 -0.000352419 0.0590705 -1.97055 5.8209 135.912 
0.00133858 0.707121 76124 1 -0.497396 0.924038 241 0 984 -0.042087 -0.000352419 0.0590705 -1.97055 5.8209 135.912 
0.137111 0.752675 76284 1 -0.497396 0.924038 242 1 988 -0.0419044 -0.00014063 0.0558165 -1.9512 5.87633 135.901 
0.0784907 0.785996 76366 1 -0.497396 0.924038 243 1 990 -0.0427622 -0.00311218 0.0601379 -1.98377 5.84224 136.084 
0.0410004 0.805925 76445 1 -0.497396 0.924038 244 1 992 -0.0428578 -0.00465484 0.0619286 -2.00192 5.82591 136.215 
-0.023614 0.834553 76525 1 -0.497396 0.924038 245 0 994 -0.0436401 -0.00281234 0.0603044 -1.97914 5.84833 136.307 
-0.0947187 0.812777 76605 1 -0.497396 0.924038 246 0 996 -0.0435182 -0.00408687 0.061483 -1.99583 5.8379 136.301 
-0.123256 0.828003 76685 1 -0.497396 0.924038 247 0 998 -0.0438393 -0.00535382 0.0582475 -2.00823 5.88109 136.183 
-0.108329 0.714302 76765 1 -0.497396 0.924038 248 0 1000 -0.0453293 -0.00556528 0.059975 -2.0076 5.86837 136.369 
-0.0891656 0.768605 76805 1 -0.497396 0.924038 249 0 1001 -0.0444355 -0.00555689 0.0569977 -2.00686 5.90248 136.226 
-0.0819678 0.719772 76845 1 -0.497396 0.924038 250 0 1002 -0.0436779 -0.00573895 0.0566899 -2.01144 5.9107 136.24 
-0.159741 0.754632 76966 1 -0.497396 0.924038 251 0 1005 -0.0459218 -0.00687142 0.0595668 -2.0274 5.87842 136.372 
0.088966 0.673187 77006 1 -0.497396 0.924038 252 1 1006 -0.0441915 -0.00831629 0.0584715 -2.039 5.89183 136.258 
0.0886064 0.681176 77088 1 -0.497396 0.924038 253 1 1008 -0.0441185 -0.00830329 0.0584279 -2.0392 5.89121 136.267 
0.0659772 0.78656 77166 1 -0.497396 0.924038 254 1 1010 -0.0437722 -0.00851856 0.0619549 -2.04263 5.84479 136.341 
0.0659772 0.78656 77166 1 -0.497396 0.924038 255 1 1010 -0.0437722 -0.00851856 0.0619549 -2.04263 5.84479 136.341 
-0.00115544 0.789332 77286 1 -0.497396 0.924038 256 1 1013 -0.0436733 -0.0124872 0.0599966 -2.09361 5.86079 136.215 
-0.0260692 0.747485 77367 1 -0.497396 0.924038 257 1 1015 -0.0447168 -0.0111381 0.061538 -2.0719 5.84893 136.344 
-0.0861618 0.730683 77446 1 -0.497396 0.924038 258 0 1017 -0.0450583 -0.0120496 0.0612042 -2.08179 5.85153 136.374 
-0.0874003 0.729676 77486 1 -0.497396 0.924038 259 0 1018 -0.0449679 -0.0120753 0.0612301 -2.08143 5.85189 136.368 
-0.0669738 0.766404 77607 1 -0.497396 0.924038 260 0 1021 -0.0450305 -0.00941565 0.0609671 -2.02853 5.85932 136.402 
-0.0189914 0.717543 77647 1 -0.497396 0.924038 261 0 1022 -0.0453085 -0.00787601 0.05968 -1.99422 5.88008 136.401 
-0.0471601 0.720191 77767 1 -0.497396 0.924038 262 0 1025 -0.044428 -0.00830863 0.0613362 -1.9967 5.86298 136.439 
-0.235069 1.1322 77807 1 -0.497396 0.924038 263 0 1026 -0.044937 -0.0121281 0.0632268 -2.05057 5.84146 136.462 
-0.185801 1.10363 77887 1 -0.497396 0.924038 264 1 1028 -0.043728 -0.00895797 0.060198 -2.0119 5.87547 136.375 
-0.17776 0.998992 77967 1 -0.497396 0.924038 265 1 1030 -0.0427729 -0.00931096 0.060047 -2.01754 5.88785 136.355 
-0.132511 0.8174 78048 1 -0.497396 0.924038 266 1 1032 -0.0430188 -0.00895995 0.0619268 -2.01311 5.87227 136.397 
-0.132511 0.8174 78088 1 -0.497396 0.924038 267 1 1033 -0.0430188 -0.00895995 0.0619268 -2.01311 5.87227 136.397 
-0.132511 0.8174 78128 1 -0.497396 0.924038 268 1 1034 -0.0430188 -0.00895995 0.0619268 -2.01311 5.87227 136.397 
-0.119242 0.714598 78248 1 -0.497396 0.924038 269 1 1037 -0.0441956 -0.00645171 0.061449 -1.98605 5.88376 136.478 
-0.11876 0.710598 78288 1 -0.497396 0.924038 270 1 1038 -0.0441007 -0.00646729 0.0614866 -1.98586 5.88424 136.472 
0.0936217 0.601347 78368 1 -0.497396 0.924038 271 1 1040 -0.0441746 -0.00887426 0.0625801 -2.01589 5.87052 136.451 
0.0766315 0.568482 78448 1 -0.497396 0.924038 272 1 1042 -0.044853 -0.00821971 0.0609277 -2.01191 5.89498 136.503 
0.0352811 0.588038 78489 1 -0.497396 0.924038 273 0 1043 -0.0446823 -0.00782924 0.0591751 -2.00817 5.9254 136.598 
-0.240057 0.922551 78608 1 -0.497396 0.924038 274 0 1046 -0.04645 -0.00262676 0.041821 -1.93983 6.15082 136.728 
0.418165 1.06929 78649 1 -0.497396 0.924038 275 1 1047 -0.0464939 -0.00373376 0.0455007 -1.95014 6.10969 136.588 
0.469302 0.275271 78729 1 -0.497396 0.924038 276 1 1049 -0.0465704 -0.00276714 0.0509879 -1.92999 6.03353 136.371 
0.426853 0.218079 78769 1 -0.497396 0.924038 277 1 1050 -0.0445134 -0.00324449 0.0518972 -1.94 6.03107 136.467 
0.429116 0.0753522 78850 1 -0.497396 0.924038 278 1 1052 -0.0470642 0.000364802 0.0507343 -1.877 6.04271 136.47 
0.421705 0.206383 78929 1 -0.497396 0.924038 279 1 1054 -0.0432512 -0.00226796 0.052818 -1.90692 6.02053 136.489 
0.40821 0.129078 79011 1 -0.497396 0.924038 280 1 1056 -0.0453121 0.000317998 0.0527923 -1.87013 6.01924 136.572 
0.401486 0.170008 79089 1 -0.497396 0.924038 281 1 1058 -0.0454472 -0.000428725 0.0533531 -1.88061 6.00741 136.623 
0.401486 0.170008 79089 1 -0.497396 0.924038 282 1 1058 -0.0454472 -0.000428725 0.0533531 -1.88061 6.00741 136.623 
0.403806 0.0399355 79211 1 -0.497396 0.924038 283 1 1061 -0.0447995 -0.0022189 0.0519158 -1.90564 6.02762 136.574 
0.403806 0.0399355 79250 1 -0.497396 0.924038 284 1 1062 -0.0447995 -0.0022189 0.0519158 -1.90564 6.02762 136.574 
0.403806 0.0399355 79330 1 -0.497396 0.924038 285 1 1064 -0.0447995 -0.0022189 0.0519158 -1.90564 6.02762 136.574 
0.409103 -0.090154 79410 1 -0.497396 0.924038 286 0 1066 -0.0444342 -0.00340885 0.0537343 -1.92684 6.00344 136.566 
0.407734 0.0401167 79450 1 -0.497396 0.924038 287 1 1067 -0.0456837 -0.00403078 0.0555646 -1.93726 5.96435 136.55 
0.409574 -0.0189429 79531 1 -0.497396 0.924038 288 0 1069 -0.0444924 -0.00389846 0.0544115 -1.93566 5.9759 136.472 
0.417074 0.0229125 79611 1 -0.497396 0.924038 289 0 1071 -0.0442139 -0.00445914 0.0559383 -1.952 5.94692 136.521 
0.362101 0.0709611 79692 1 -0.497396 0.924038 290 0 1073 -0.0455672 -0.00543984 0.0563614 -1.97746 5.93864 136.381 
0.382775 0.0816974 79730 1 -0.497396 0.924038 291 0 1074 -0.0457945 -0.00528715 0.0565786 -1.98248 5.94003 136.387 
0.322874 0.146334 79811 1 -0.497396 0.924038 292 0 1076 -0.0477394 -0.00519107 0.0570631 -1.98767 5.94196 136.457 
0.460276 0.455679 79932 1 -0.497396 0.924038 293 1 1079 -0.046501 -0.00639133 0.054784 -2.00193 5.97597 136.41 
0.453996 0.446075 80011 1 -0.497396 0.924038 294 1 1081 -0.046615 -0.00628595 0.0548751 -2.00322 5.97705 136.393 
0.451697 0.440189 80051 1 -0.497396 0.924038 295 1 1082 -0.0467414 -0.00626115 0.0549306 -2.00352 5.97773 136.384 
0.450314 0.43179 80131 1 -0.497396 0.924038 296 1 1084 -0.0468392 -0.00625381 0.0550082 -2.00362 5.97867 136.371 
0.450104 0.430551 80212 1 -0.497396 0.924038 297 1 1086 -0.0468416 -0.00625089 0.0550206 -2.00365 5.97882 136.369 
0.44894 0.419528 80294 1 -0.497396 0.924038 298 1 1088 -0.0468088 -0.00623738 0.0551281 -2.00387 5.98011 136.348 
0.449047 0.418233 80372 1 -0.497396 0.924038 299 1 1090 -0.0467965 -0.00624033 0.0551407 -2.00384 5.98026 136.345 
0.449199 0.417562 80412 1 -0.497396 0.924038 300 1 1091 -0.0467918 -0.00624413 0.0551473 -2.00379 5.98034 136.344 
0.451206 0.412109 80532 1 -0.497396 0.924038 301 1 1094 -0.0466078 -0.00627726 0.0552008 -2.00346 5.98094 136.331 
0.453308 0.405139 80573 1 -0.497396 0.924038 302 1 1095 -0.0466273 -0.0063364 0.0552696 -2.00276 5.98176 136.318 
0.457567 0.393167 80653 1 -0.497396 0.924038 303 1 1097 -0.0466557 -0.00645095 0.0553893 -2.0014 5.98318 136.296 
0.54444 0.339318 80693 1 -0.497396 0.924038 304 1 1098 -0.0465816 -0.0101382 0.0584303 -2.03229 5.95113 136.244 
0.544785 0.33876 80733 1 -0.497396 0.924038 305 1 1099 -0.0465812 -0.0101463 0.0584363 -2.03219 5.9512 136.244 
0.545177 0.338252 80853 1 -0.497396 0.924038 306 1 1102 -0.0465799 -0.010155 0.058442 -2.03208 5.95127 136.243 
0.991422 0.210236 80933 1 -0.497396 0.924038 307 1 1104 -0.0466651 -0.0125729 0.0626258 -2.06553 5.92959 136.427 
1.04117 0.166134 81013 1 -0.497396 0.924038 308 1 1106 -0.0458431 -0.0110013 0.0625629 -2.0547 5.93601 136.357 
1.03652 0.172056 81094 1 -0.497396 0.924038 309 1 1108 -0.0456097 -0.0115227 0.0659696 -2.07367 5.89775 136.522 
1.08116 0.111679 81173 1 -0.497396 0.924038 310 1 1110 -0.0466564 -0.0112361 0.0642507 -2.06857 5.91711 136.498 
1.09114 0.13529 81213 1 -0.497396 0.924038 311 1 1111 -0.045998 -0.0117957 0.0655364 -2.07778 5.89929 136.511 
1.1046 0.189796 81293 1 -0.497396 0.924038 312 1 1113 -0.0452338 -0.00993422 0.0664676 -2.03568 5.88491 136.534 
1.04852 0.27791 81334 1 -0.497396 0.924038 313 1 1114 -0.0451571 -0.0105222 0.0657919 -2.03471 5.89354 136.578 
1.06082 0.370439 81454 1 -0.497396 0.924038 314 1 1117 -0.0453022 -0.0115934 0.0664243 -2.03927 5.86687 136.616 
1.02701 0.358742 81534 1 -0.497396 0.924038 315 1 1119 -0.0457354 -0.0127877 0.0651889 -2.07771 5.8642 136.697 
0.949726 0.326513 81574 1 -0.497396 0.924038 316 1 1120 -0.046858 -0.0159527 0.0658898 -2.14722 5.84276 136.721 
-1.40938 6.25408 81654 1 -0.497396 0.924038 317 0 1122 -0.0491055 -0.0109906 0.0564982 -2.1227 5.94848 136.982 
-1.40938 6.25408 81654 1 -0.497396 0.924038 318 0 1122 -0.0491055 -0.0109906 0.0564982 -2.1227 5.94848 136.982 
-0.0200112 0.905557 81775 1 -0.497396 0.924038 319 0 1125 -0.0523325 -0.00235286 0.0532545 -2.18993 5.94633 136.814 
0.317867 1.27541 81855 1 -0.497396 0.924038 320 0 1127 -0.0583124 -0.00505751 0.0420716 -2.21775 6.03192 136.586 
0.400714 1.11881 81935 1 -0.497396 0.924038 321 1 1129 -0.0620068 -0.00284223 0.0387771 -2.18272 6.10627 136.871 
0.388905 1.06538 81975 1 -0.497396 0.924038 322 1 1130 -0.0626677 -0.000629205 0.0374269 -2.16045 6.1438 136.967 
0.4059 0.631404 82096 1 -0.497396 0.924038 323 1 1133 -0.0594082 0.000403169 0.045466 -2.10885 6.10233 137.101 
0.430147 0.52807 82135 1 -0.497396 0.924038 324 1 1134 -0.0579179 0.000754815 0.0469566 -2.08753 6.10214 137.151 
0.384044 0.456297 82216 1 -0.497396 0.924038 325 1 1136 -0.0553971 0.000309042 0.0490358 -2.07676 6.10342 136.962 
0.474464 0.377914 82295 1 -0.497396 0.924038 326 1 1138 -0.0540808 0.00525315 0.0543441 -1.95152 6.00533 135.993 
0.5133 0.415972 82335 1 -0.497396 0.924038 327 1 1139 -0.0524293 0.00507476 0.0545466 -1.92714 5.97621 135.423 
0.459455 0.23623 82456 1 -0.497396 0.924038 328 1 1142 -0.0487797 0.00666541 0.0507193 -1.89643 6.07258 136.482 
0.441065 0.229999 82496 1 -0.497396 0.924038 329 1 1143 -0.0474618 0.00463309 0.0547901 -1.91937 6.04045 136.683 
0.331082 0.0456254 82576 1 -0.497396 0.924038 330 1 1145 -0.0461289 0.00382666 0.0549302 -1.90274 6.02366 136.214 
0.0581526 -0.0429894 82617 1 -0.497396 0.924038 331 0 1146 -0.0466073 0.00354782 0.0598696 -1.8968 5.95239 136.259 
0.0581526 -0.0429894 82617 1 -0.497396 0.924038 332 0 1146 -0.0466073 0.00354782 0.0598696 -1.8968 5.95239 136.259 
-0.0423103 0.926464 82777 1 -0.497396 0.924038 333 0 1150 -0.0456412 -0.00705153 0.0612334 -1.95114 5.90177 136.523 
0.311084 0.897272 82857 1 -0.497396 0.924038 334 0 1152 -0.045641 -0.00718868 0.0611988 -1.93647 5.84744 136.529 
0.423908 0.670529 82937 1 -0.497396 0.924038 335 0 1154 -0.0445752 -0.00850412 0.0619367 -1.96452 5.80257 136.608 
0.358934 0.643981 83016 1 -0.497396 0.924038 336 0 1156 -0.0477478 -0.00947818 0.0613665 -1.9927 5.77665 136.595 
0.307479 0.739606 83057 1 -0.497396 0.924038 337 0 1157 -0.0477706 -0.0119444 0.0613617 -2.03783 5.74693 136.524 
0.38837 0.624028 83177 1 -0.497396 0.924038 338 0 1160 -0.0486588 -0.0116884 0.0534516 -2.05928 5.82362 136.367 
0.466579 0.652901 83217 1 -0.497396 0.924038 339 0 1161 -0.0456942 -0.00986636 0.0573116 -2.0344 5.7586 136.282 
0.533171 1.01494 83298 1 -0.497396 0.924038 340 0 1163 -0.046114 -0.00432526 0.0424976 -1.95712 5.88492 135.911 
0.533171 1.01494 83298 1 -0.490104 0.925 341 0 1163 -0.046114 -0.00432526 0.0424976 -1.95712 5.88492 135.911 
0.554734 0.666234 83418 1 -0.489583 0.921154 342 0 1166 -0.0455958 0.000979654 0.0350679 -1.90741 6.01611 135.601 
1.0771 0.124249 83500 1 -0.489583 0.921154 343 1 1168 -0.0381395 -0.00150702 0.0510057 -1.90242 5.83233 135.405 
0.986443 -0.0624393 83578 1 -0.489583 0.921154 344 0 1170 -0.0293871 -0.00568125 0.0518585 -1.93757 5.81173 135.538 
0.950546 0.128033 83618 1 -0.489583 0.921154 345 0 1171 -0.0264139 -0.00372828 0.0576135 -1.93854 5.70853 135.199 
0.924049 0.063135 83659 1 -0.489583 0.921154 346 1 1172 -0.0212676 0.00230801 0.0412546 -1.90078 5.96404 135.217 
1.17214 0.222379 83818 1 -0.489583 0.921154 347 1 1176 0.0277315 0.0643952 0.0837474 -1.7607 5.55425 133.844 
1.25423 0.217988 83858 1 -0.489583 0.921154 348 0 1177 0.0327519 0.0808228 0.0890032 -1.64129 5.54948 133.689 
0.974326 0.662175 83899 1 -0.489583 0.921154 349 0 1178 0.037848 0.0826172 0.0700879 -1.60282 5.85424 133.623 
0.974326 0.662175 83899 1 -0.489583 0.921154 350 0 1178 0.037848 0.0826172 0.0700879 -1.60282 5.85424 133.623 
-0.171052 4.02251 83939 1 -0.489583 0.921154 351 0 1179 0.0380325 0.0883121 0.0668127 -1.44089 5.92615 134.958 
1.08337 -0.0695555 84138 1 -0.489583 0.921154 352 1 1184 0.0510165 0.0266452 0.0962388 -1.94874 5.59241 132.58 
1.04145 0.0048008 84180 1 -0.489583 0.921154 353 1 1185 0.0540345 0.00737682 0.096714 -2.13427 5.56987 132.659 
1.21275 0.160853 84259 1 -0.454167 0.883654 354 0 1187 0.0523305 0.0187603 0.102181 -1.90954 5.49305 132.799 
1.15375 0.0822008 84340 1 -0.297396 0.798077 355 1 1189 0.0489401 0.0199601 0.0978058 -1.85623 5.56863 133.003 
1.209 0.0782379 84420 1 -0.0994792 0.635577 356 0 1191 0.0441627 0.032726 0.0999272 -1.69713 5.55542 133.312 
1.03025 0.6417 84460 1 0.15625 0.306731 357 0 1192 0.0458228 0.0444292 0.0879432 -1.57666 5.76009 133.752 
0.93477 1.25185 84580 1 0.353125 0 358 0 1195 0.0254162 0.080694 0.129524 -1.24595 5.51108 136.785 
0.62819 0.702068 84620 1 0.548958 0 359 1 1196 0.0193963 0.0758009 0.131028 -1.34614 5.49508 134.932 
0.50551 0.460247 84700 1 0.610417 0 360 1 1198 0.0219865 0.0593201 0.134204 -1.64256 5.48795 133.901 
0.265519 0.427477 84781 1 0.615625 0.0298077 361 0 1200 0.0303557 0.0143796 0.117687 -2.22306 5.65519 133.178 
0.437129 0.31838 84861 1 0.583854 0.0932692 362 0 1202 0.034483 0.0105511 0.119052 -2.22561 5.62668 133.179 
0.530918 0.189266 84900 1 0.570313 0.1125 363 0 1203 0.0311349 0.00819703 0.110975 -2.21976 5.69769 133.311 
0.664939 -0.0692988 84981 1 0.544792 0.0942308 364 0 1205 0.0315903 0.0201816 0.103472 -2.01874 5.73973 133.512 
0.604067 0.124164 85061 1 0.510938 0.0740385 365 0 1207 0.0269027 0.0180889 0.106268 -2.02003 5.60888 133.392 
0.615916 0.835405 85141 1 0.502604 0.0480769 366 1 1209 0.0219957 0.0302891 0.0948059 -1.90201 5.76342 133.877 
0.642748 0.988444 85222 1 0.5 0.0432692 367 1 1211 0.0127732 0.034058 0.0904109 -1.93565 5.82952 134.598 
0.766965 0.864688 85301 1 0.5 0.0432692 368 1 1213 0.0148064 0.0422373 0.0905027 -1.91315 5.7691 134.33 
0.712742 0.982559 85381 1 0.493229 0.0625 369 1 1215 0.00253571 0.0408958 0.0858999 -2.05571 5.70077 133.986 
0.295928 0.441786 85502 1 0.485417 0.0634615 370 1 1218 0.0049499 0.00554847 0.0557604 -2.68601 5.93671 132.928 
0.535751 0.426925 85582 1 0.350521 0.0625 371 1 1220 0.00360125 0.0221599 0.0673499 -2.44866 5.73499 133.288 
0.545676 0.485545 85622 1 0.183854 0.0125 372 1 1221 0.00457008 0.0191074 0.0667181 -2.45909 5.72222 132.975 
0.601371 0.513818 85702 1 0.148438 0 373 1 1223 -0.00185663 0.0330938 0.0594731 -2.2542 5.77997 132.807 
0.776161 0.400119 85782 1 0.145833 0 374 1 1225 -0.000952228 0.0472137 0.0676082 -2.01051 5.62525 132.859 
0.89765 0.429639 85822 1 0.144271 0 375 1 1226 -0.00357325 0.0533468 0.0741883 -1.87301 5.47696 132.776 
1.01345 0.460736 85903 1 0.127083 0.00480769 376 1 1228 -0.000615356 0.0634666 0.0651556 -1.67176 5.49168 132.14 
0.954734 0.553123 85983 1 0.120833 0.0105769 377 1 1230 -0.00188643 0.0539876 0.0687624 -1.71386 5.32445 131.758 
1.15927 0.553524 86063 1 0.120833 0.0115385 378 1 1232 0.00185978 0.0710361 0.0673435 -1.41467 5.25607 131.924 
0.564834 0.253244 86143 1 0.11875 0.0125 379 1 1234 0.0016147 0.0741075 0.0718918 -1.28659 5.12996 131.599 
0.327776 0.546595 86223 1 0.11875 0.0125 380 0 1236 -0.00349245 0.0554355 0.0677031 -1.47249 5.09913 131.527 
0.194321 0.348619 86344 1 0.11875 0.0125 381 0 1239 -0.0124065 0.0408469 0.0552092 -1.6991 5.24963 131.883 
0.130207 -0.312583 86423 1 0.19375 0.105769 382 0 1241 -0.0158766 0.0339684 0.0439265 -1.90401 5.50573 132.398 
0.262677 -0.134365 86463 1 0.271354 0.248077 383 0 1242 -0.0185927 0.0318616 0.0524032 -1.92679 5.34791 132.158 
0.178462 1.64853 86584 1 0.295312 0.310577 384 0 1245 -0.0421389 0.000816423 0.0259904 -2.10079 5.23733 129.912 
-0.700341 4.9728 86624 1 0.29375 0.318269 385 0 1246 -0.0421389 0.000816423 0.0259904 -2.10079 5.23733 129.912 
-3.51241 5.56189 86664 1 0.282813 0.316346 386 0 1247 -0.0545669 -0.000100869 0.00302384 -2.01645 5.48202 129.39 
-0.0670946 3.85535 86784 1 0.278646 0.317308 387 0 1250 -0.0559816 -0.00230565 -0.0234085 -1.92999 6.05324 129.205 
0.078093 2.9051 86864 1 0.278125 0.317308 388 0 1252 -0.0539108 -0.00905448 -0.00830952 -2.03995 5.98699 130.173 
