ImageFile:
0.566972 -0.584093 85988 1 0.211458 0.226923 1 0 992 0.0272379 -0.117558 0.201938 -2.47886 -0.387166 142.104 
0.470197 -0.288675 86349 1 0.208854 0.226923 2 0 1001 0.0290813 -0.120318 0.203454 -2.46628 -0.490254 141.987 
0.44874 -0.293595 86429 1 0.195833 0.260577 3 0 1003 0.0307577 -0.123369 0.200073 -2.47309 -0.478918 142.089 
0.430858 -0.357579 86511 1 0.192708 0.335577 4 0 1005 0.031194 -0.126854 0.199974 -2.48951 -0.469233 142.069 
0.430858 -0.357579 86511 1 0.192708 0.454808 5 0 1005 0.031194 -0.126854 0.199974 -2.48951 -0.469233 142.069 
0.456707 -0.404201 86669 1 0.189062 0.622115 6 0 1009 0.0315147 -0.127868 0.20304 -2.49642 -0.483503 141.937 
0.46928 -0.312953 86710 1 0.184375 0.7375 7 0 1010 0.0313682 -0.12546 0.204101 -2.48069 -0.496271 141.902 
0.468931 -0.35151 86792 1 0.173437 0.780769 8 0 1012 0.0304741 -0.122419 0.20576 -2.48615 -0.496454 142.008 
0.536467 -0.345924 86830 1 0.145313 0.833654 9 0 1013 0.0309666 -0.116974 0.204861 -2.44709 -0.478562 142.103 
0.583909 -0.412748 86950 1 0.106771 0.869231 10 0 1016 0.0306818 -0.109523 0.199718 -2.40072 -0.443758 142.321 
0.581023 -0.438814 86990 1 0.0713542 0.877885 11 0 1017 0.0309699 -0.109883 0.197965 -2.41521 -0.43494 142.416 
0.574398 -0.754235 87111 1 0.0666667 0.879808 12 0 1020 0.0308661 -0.107413 0.187684 -2.38772 -0.359632 142.674 
0.629094 -0.793856 87151 1 0.0651042 0.955769 13 0 1021 0.0310179 -0.105992 0.186281 -2.37198 -0.344037 142.747 
0.629094 -0.793856 87151 1 0.0682292 0.985577 14 0 1021 0.0310179 -0.105992 0.186281 -2.37198 -0.344037 142.747 
0.646497 -0.850869 87310 1 0.0682292 0.986538 15 0 1025 0.0309897 -0.109171 0.183437 -2.36818 -0.32808 142.628 
-1.50868 3.63057 87431 1 0.06875 0.986538 16 0 1028 0.0283075 -0.112196 0.181481 -2.34824 -0.406841 139.501 
0.0165619 2.53078 87471 1 0.0692708 0.982692 17 0 1029 0.0255132 -0.127181 0.196058 -2.5108 -0.542634 139.276 
-0.152592 0.591104 87551 1 0.0697917 0.978846 18 1 1031 0.0207635 -0.17285 0.205214 -3.00394 -0.577558 140.344 
-0.209451 0.210539 87632 1 0.0697917 0.978846 19 0 1033 0.0204495 -0.165157 0.198947 -2.93449 -0.514684 140.777 
-0.133549 -0.140309 87711 1 0.0697917 0.978846 20 1 1035 0.0214537 -0.154192 0.187366 -2.839 -0.417726 141.347 
0.0291648 -0.429953 87792 1 0.0697917 0.978846 21 0 1037 0.0246127 -0.143903 0.18402 -2.73037 -0.368653 141.998 
0.0291648 -0.429953 87792 1 0.0697917 0.978846 22 0 1037 0.0246127 -0.143903 0.18402 -2.73037 -0.368653 141.998 
0.348717 -0.607752 87953 1 0.0697917 0.978846 23 0 1041 0.0281803 -0.129498 0.182634 -2.5837 -0.345571 142.317 
0.367436 -0.639662 87993 1 0.0697917 0.978846 24 0 1042 0.0277604 -0.125435 0.180704 -2.55061 -0.323847 142.329 
0.525969 -0.781594 88072 1 0.0697917 0.978846 25 0 1044 0.0294446 -0.115754 0.181001 -2.45146 -0.317829 142.616 
0.594242 -0.77996 88112 1 0.0697917 0.978846 26 0 1045 0.0301245 -0.110275 0.179364 -2.40759 -0.306327 142.698 
0.594242 -0.77996 88112 1 0.0697917 0.978846 27 0 1045 0.0301245 -0.110275 0.179364 -2.40759 -0.306327 142.698 
0.632866 -0.645159 88273 1 0.0697917 0.978846 28 0 1049 0.030025 -0.102253 0.181525 -2.33834 -0.382528 142.748 
0.621331 -0.467744 88393 1 0.0697917 0.978846 29 0 1052 0.029392 -0.107667 0.187596 -2.38654 -0.471797 142.613 
0.623697 -0.461965 88433 1 0.0697917 0.978846 30 0 1053 0.0301314 -0.107562 0.189176 -2.37627 -0.486925 142.56 
0.623697 -0.461965 88433 1 0.0697917 0.978846 31 0 1053 0.0301314 -0.107562 0.189176 -2.37627 -0.486925 142.56 
0.610578 -0.530605 88473 1 0.0697917 0.978846 32 0 1054 0.0305956 -0.10842 0.188331 -2.37968 -0.464389 142.517 
0.714676 -0.699975 88673 1 0.0697917 0.978846 33 0 1059 0.0286044 -0.104187 0.183735 -2.38421 -0.376406 142.673 
0.762147 -0.66075 88754 1 0.0697917 0.978846 34 0 1061 0.0289472 -0.099147 0.182197 -2.33938 -0.356478 142.707 
0.762147 -0.66075 88754 1 0.0697917 0.978846 35 0 1061 0.0289472 -0.099147 0.182197 -2.33938 -0.356478 142.707 
0.762147 -0.66075 88754 1 0.0697917 0.978846 36 0 1061 0.0289472 -0.099147 0.182197 -2.33938 -0.356478 142.707 
0.447656 0.771151 88954 1 0.0697917 0.978846 37 1 1066 0.0291427 -0.121207 0.184885 -2.50543 -0.419586 142.336 
0.329789 -0.042068 89034 1 0.0697917 0.978846 38 1 1068 0.0296761 -0.121698 0.18489 -2.48045 -0.428809 142.212 
0.310217 -0.221277 89075 1 0.0697917 0.978846 39 0 1069 0.0286298 -0.12042 0.18667 -2.46993 -0.43483 142.418 
0.390588 -0.352432 89114 1 0.0697917 0.978846 40 0 1070 0.0293662 -0.116347 0.185718 -2.43557 -0.41894 142.507 
0.580822 -0.520252 89234 1 0.0697917 0.978846 41 0 1073 0.0297795 -0.107178 0.184265 -2.3523 -0.395981 142.621 
0.645293 -0.629461 89314 1 0.0697917 0.978846 42 0 1075 0.0302901 -0.101746 0.183744 -2.32497 -0.385292 142.595 
0.700395 -0.679397 89355 1 0.0697917 0.978846 43 0 1076 0.0304601 -0.101108 0.182577 -2.32797 -0.373434 142.639 
0.726096 -0.674333 89396 1 0.0697917 0.978846 44 0 1077 0.0304234 -0.101477 0.183397 -2.33812 -0.380033 142.582 
0.691381 -0.79475 89555 1 0.0697917 0.978846 45 0 1081 0.0276252 -0.107388 0.180647 -2.4162 -0.339342 142.855 
0.668814 -0.709543 89635 1 0.0697917 0.978846 46 0 1083 0.0281299 -0.106913 0.183072 -2.4073 -0.377033 142.747 
0.661989 -0.704796 89675 1 0.0697917 0.978846 47 0 1084 0.0282533 -0.108008 0.183214 -2.41371 -0.387627 142.707 
0.639483 -0.692564 89716 1 0.0697917 0.978846 48 0 1085 0.0271714 -0.109486 0.184187 -2.41672 -0.401347 142.639 
0.645009 -0.593148 89876 1 0.0697917 0.978846 49 0 1089 0.0283416 -0.113639 0.185109 -2.40268 -0.428449 142.545 
0.603354 -0.574946 89916 1 0.0697917 0.978846 50 0 1090 0.0287955 -0.117143 0.185233 -2.42747 -0.429848 142.409 
0.602445 -0.589574 89996 1 0.0697917 0.978846 51 0 1092 0.0281241 -0.117101 0.184337 -2.42251 -0.420105 142.523 
0.596676 -0.600628 90036 1 0.0697917 0.978846 52 0 1093 0.0289516 -0.117089 0.18594 -2.41973 -0.433056 142.432 
0.58878 -0.680976 90076 1 0.0697917 0.978846 53 0 1094 0.0282892 -0.122011 0.182105 -2.4611 -0.383532 142.477 
0.614105 -0.528519 90237 1 0.0697917 0.978846 54 0 1098 0.0280229 -0.113714 0.18657 -2.40278 -0.451423 142.488 
0.613371 -0.530135 90277 1 0.0697917 0.978846 55 0 1099 0.0279632 -0.111787 0.185166 -2.38942 -0.445471 142.591 
0.569682 -0.46839 90357 1 0.06875 0.978846 56 0 1101 0.028044 -0.116458 0.185046 -2.43749 -0.453771 142.497 
0.569682 -0.46839 90357 1 0.0614583 0.977885 57 0 1101 0.028044 -0.116458 0.185046 -2.43749 -0.453771 142.497 
0.605521 -0.464184 90477 1 -0.0588542 0.906731 58 0 1104 0.0278239 -0.110339 0.1841 -2.39893 -0.450949 142.547 
0.571732 -0.578679 90557 1 -0.348438 0.743269 59 0 1106 0.0276202 -0.114771 0.182267 -2.45281 -0.411447 142.444 
0.594861 -0.695752 90637 1 -0.696354 0.493269 60 0 1108 0.0268692 -0.111827 0.179686 -2.44838 -0.372456 142.764 
0.611143 -0.739249 90677 1 -0.873437 0.360577 61 0 1109 0.0263399 -0.112019 0.178874 -2.4467 -0.361121 142.691 
0.611143 -0.739249 90677 1 -0.873437 0.360577 62 0 1109 0.0263399 -0.112019 0.178874 -2.4467 -0.361121 142.691 
0.56872 -0.614798 90838 1 -0.873437 0.360577 63 0 1113 0.026233 -0.117608 0.182386 -2.46364 -0.400991 142.657 
0.551164 -0.633642 90958 1 -0.873437 0.360577 64 0 1116 0.0258047 -0.11848 0.182117 -2.45989 -0.402802 142.632 
0.536758 -0.653726 90998 1 -0.873437 0.360577 65 0 1117 0.0251066 -0.121318 0.181052 -2.48893 -0.383118 142.682 
0.540657 -0.713301 91078 1 -0.873437 0.360577 66 0 1119 0.0263208 -0.11768 0.181673 -2.46811 -0.377371 142.712 
0.565516 -0.708232 91158 1 -0.873437 0.360577 67 0 1121 0.0267393 -0.116844 0.18051 -2.46136 -0.360622 142.75 
0.607534 -0.747395 91238 1 -0.873437 0.360577 68 0 1123 0.0285497 -0.111231 0.180668 -2.40655 -0.347807 142.693 
0.640763 -0.788269 91319 1 -0.869792 0.363462 69 0 1125 0.0295193 -0.111078 0.1802 -2.39484 -0.33687 142.804 
0.640763 -0.788269 91319 1 -0.865625 0.368269 70 0 1125 0.0295193 -0.111078 0.1802 -2.39484 -0.33687 142.804 
0.622517 -0.722292 91439 1 -0.864583 0.368269 71 0 1128 0.0294988 -0.104606 0.18074 -2.34912 -0.353029 142.847 
0.663443 -0.69557 91519 1 -0.864062 0.368269 72 0 1130 0.0297417 -0.103791 0.181676 -2.34721 -0.370851 142.699 
0.651565 -0.7193 91599 1 -0.864062 0.368269 73 0 1132 0.0285874 -0.102762 0.182437 -2.35312 -0.36862 142.918 
0.635724 -0.755821 91639 1 -0.864062 0.368269 74 0 1133 0.0293865 -0.104734 0.18282 -2.38139 -0.366617 142.971 
0.635724 -0.755821 91639 1 -0.864062 0.368269 75 0 1133 0.0293865 -0.104734 0.18282 -2.38139 -0.366617 142.971 
0.632551 -0.723437 91679 1 -0.864062 0.368269 76 0 1134 0.0288142 -0.104958 0.182742 -2.38798 -0.363376 142.883 
0.575252 -0.841626 91879 1 -0.840625 0.375 77 0 1139 0.0283845 -0.107065 0.179383 -2.45271 -0.315159 143.004 
0.593763 -0.830573 91960 1 -0.78125 0.447115 78 0 1141 0.0278824 -0.106238 0.178412 -2.45699 -0.315008 143.012 
0.566569 -0.845839 92000 1 -0.697917 0.543269 79 0 1142 0.0280921 -0.107307 0.179823 -2.47565 -0.319782 142.982 
0.534034 -0.60677 92120 1 -0.607292 0.646154 80 0 1145 0.0263018 -0.103334 0.182502 -2.46795 -0.400202 142.817 
0.547064 -0.702806 92200 1 -0.547396 0.699038 81 0 1147 0.0253496 -0.111506 0.180998 -2.55508 -0.36921 142.91 
0.557251 -0.634023 92281 1 -0.528646 0.710577 82 0 1149 0.0263462 -0.110949 0.184965 -2.54329 -0.414978 142.812 
0.557251 -0.634023 92281 1 -0.51875 0.716346 83 0 1149 0.0263462 -0.110949 0.184965 -2.54329 -0.414978 142.812 
0.516398 -0.763117 92401 1 -0.510417 0.716346 84 0 1152 0.025043 -0.114198 0.182419 -2.57599 -0.36603 142.956 
0.539625 -0.869533 92481 1 -0.494271 0.718269 85 0 1154 0.0259844 -0.112649 0.179695 -2.55718 -0.322618 143.04 
-0.0346538 -1.2543 92560 1 -0.485938 0.709615 86 0 1156 0.025485 -0.109717 0.178919 -2.52807 -0.305984 143.078 
-0.0140715 -1.23365 92601 1 -0.480208 0.702885 87 0 1157 0.0262665 -0.110199 0.179721 -2.52411 -0.31834 143.077 
-0.0140715 -1.23365 92601 1 -0.477083 0.700962 88 0 1157 0.0262665 -0.110199 0.179721 -2.52411 -0.31834 143.077 
0.000737886 -1.24473 92641 1 -0.459375 0.700962 89 0 1158 0.0266265 -0.109797 0.178582 -2.51177 -0.306846 143.092 
-0.103127 -1.05028 92801 1 -0.438542 0.7 90 0 1162 0.0267894 -0.109009 0.181558 -2.49351 -0.364909 142.939 
-0.135158 -0.858144 92882 1 -0.4375 0.7 91 0 1164 0.0283438 -0.111731 0.181776 -2.51172 -0.38988 142.887 
-0.172103 -0.800731 92962 1 -0.4375 0.7 92 0 1166 0.028536 -0.110727 0.181916 -2.50798 -0.390925 142.87 
-0.20281 -0.805665 93042 1 -0.4375 0.7 93 0 1168 0.0280394 -0.112186 0.179455 -2.52622 -0.36913 142.957 
-0.20281 -0.805665 93042 1 -0.4375 0.7 94 0 1168 0.0280394 -0.112186 0.179455 -2.52622 -0.36913 142.957 
0.162561 -0.474076 93123 1 -0.4375 0.7 95 0 1170 0.0327951 -0.0669375 0.178568 -2.05646 -0.378625 142.328 
-0.0541736 -0.678299 93284 1 -0.4375 0.7 96 0 1174 0.0301844 -0.0887127 0.180767 -2.29038 -0.364519 142.9 
-0.138887 -0.695925 93363 1 -0.4375 0.7 97 0 1176 0.0296748 -0.0992415 0.178354 -2.40495 -0.349032 142.931 
-0.225751 -0.730072 93403 1 -0.4375 0.7 98 0 1177 0.0289404 -0.104837 0.177953 -2.47131 -0.340155 143.012 
-0.225751 -0.730072 93403 1 -0.4375 0.7 99 0 1177 0.0289404 -0.104837 0.177953 -2.47131 -0.340155 143.012 
0.087495 -0.548739 93482 1 -0.4375 0.7 100 0 1179 0.0322764 -0.0747654 0.174917 -2.15383 -0.335072 142.478 
0.087495 -0.548739 93482 1 -0.4375 0.7 101 0 1179 0.0322764 -0.0747654 0.174917 -2.15383 -0.335072 142.478 
0.166588 -0.502565 93643 1 -0.4375 0.7 102 0 1183 0.0346695 -0.0738549 0.173806 -2.10728 -0.32114 142.021 
-0.058107 -0.891597 93803 1 -0.4375 0.7 103 0 1187 0.0301371 -0.0915724 0.174275 -2.30755 -0.275824 142.999 
-0.058107 -0.891597 93803 1 -0.4375 0.7 104 0 1187 0.0301371 -0.0915724 0.174275 -2.30755 -0.275824 142.999 
-0.203053 -0.915057 93924 1 -0.4375 0.7 105 0 1190 0.0290702 -0.10369 0.176131 -2.44157 -0.286813 142.966 
-0.203053 -0.915057 93924 1 -0.4375 0.7 106 0 1190 0.0290702 -0.10369 0.176131 -2.44157 -0.286813 142.966 
-0.198989 -0.87016 94004 1 -0.4375 0.7 107 0 1192 0.0291007 -0.104537 0.177534 -2.45992 -0.303794 142.966 
-0.237471 -0.8862 94084 1 -0.4375 0.7 108 0 1194 0.0283039 -0.102503 0.177041 -2.45468 -0.297849 142.968 
-0.228257 -0.771806 94164 1 -0.4375 0.7 109 0 1196 0.0280186 -0.103992 0.178769 -2.4634 -0.334109 142.937 
-0.262388 -0.773661 94244 1 -0.4375 0.7 110 0 1198 0.0276812 -0.106577 0.177972 -2.4877 -0.3283 142.909 
-0.262388 -0.773661 94244 1 -0.4375 0.7 111 0 1198 0.0276812 -0.106577 0.177972 -2.4877 -0.3283 142.909 
0.0627518 -0.484566 94325 1 -0.4375 0.7 112 0 1200 0.0316724 -0.0778864 0.175272 -2.17083 -0.349661 142.395 
0.0627518 -0.484566 94325 1 -0.4375 0.7 113 0 1200 0.0316724 -0.0778864 0.175272 -2.17083 -0.349661 142.395 
0.0627518 -0.484566 94325 1 -0.4375 0.7 114 0 1200 0.0316724 -0.0778864 0.175272 -2.17083 -0.349661 142.395 
0.0653627 -0.599005 94484 1 -0.4375 0.7 115 0 1204 0.0232973 -0.124581 0.177629 -2.70943 -0.345608 142.706 
0.0690945 -0.878251 94645 1 -0.4375 0.7 116 0 1208 0.0232973 -0.124581 0.177629 -2.70943 -0.345608 142.706 
0.15826 -0.846924 94726 1 -0.4375 0.7 117 0 1210 0.024388 -0.118811 0.180456 -2.65941 -0.376455 142.605 
0.192015 -0.859701 94767 1 -0.4375 0.7 118 0 1211 0.025316 -0.112997 0.178895 -2.60834 -0.374107 142.716 
0.2141 -0.874207 94845 1 -0.4375 0.7 119 0 1213 0.0251857 -0.106727 0.182844 -2.5514 -0.436387 142.556 
0.166105 -0.924983 94925 1 -0.4375 0.7 120 0 1215 0.0249146 -0.106748 0.181217 -2.56164 -0.415616 142.643 
0.150618 -0.920728 95006 1 -0.4375 0.7 121 0 1217 0.0251919 -0.10431 0.182478 -2.53385 -0.438818 142.578 
0.101315 -0.994352 95086 1 -0.4375 0.7 122 0 1219 0.0257191 -0.105432 0.181193 -2.54375 -0.420546 142.558 
0.101315 -0.994352 95086 1 -0.4375 0.7 123 0 1219 0.0257191 -0.105432 0.181193 -2.54375 -0.420546 142.558 
0.114498 -0.974968 95126 1 -0.4375 0.7 124 0 1220 0.0243851 -0.113377 0.181018 -2.62918 -0.441231 142.193 
0.0487732 -0.964125 95286 1 -0.4375 0.7 125 0 1224 0.0237788 -0.111448 0.184059 -2.60621 -0.462656 142.375 
0.043702 -0.906701 95367 1 -0.4375 0.7 126 0 1226 0.0240803 -0.11317 0.182891 -2.60693 -0.455391 142.378 
0.102481 -0.878881 95446 1 -0.4375 0.7 127 0 1228 0.0244669 -0.111028 0.182001 -2.579 -0.462594 142.38 
0.0760575 -0.881239 95527 1 -0.4375 0.7 128 0 1230 0.0240537 -0.118643 0.181166 -2.63706 -0.457549 142.478 
0.0760575 -0.881239 95527 1 -0.4375 0.7 129 0 1230 0.0240537 -0.118643 0.181166 -2.63706 -0.457549 142.478 
0.0626392 -0.93514 95606 1 -0.4375 0.7 130 0 1232 0.0243793 -0.111642 0.180013 -2.6021 -0.449037 142.51 
0.0428611 -0.978113 95767 1 -0.4375 0.7 131 0 1236 0.0239154 -0.106473 0.170642 -2.57783 -0.380893 142.538 
0.0428611 -0.978113 95767 1 -0.4375 0.7 132 0 1236 0.0239154 -0.106473 0.170642 -2.57783 -0.380893 142.538 
0.0689028 -0.973789 95848 1 -0.4375 0.7 133 0 1238 0.0245494 -0.109877 0.17224 -2.59072 -0.390158 142.566 
0.0689028 -0.973789 95848 1 -0.4375 0.7 134 0 1238 0.0245494 -0.109877 0.17224 -2.59072 -0.390158 142.566 
-0.0373929 -0.978682 95927 1 -0.4375 0.7 135 0 1240 0.0239938 -0.121083 0.168395 -2.67352 -0.366345 142.187 
-0.0279799 -0.917363 96087 1 -0.4375 0.7 136 0 1244 0.0231332 -0.121622 0.169217 -2.67504 -0.378434 142.022 
0.0269358 -0.947552 96248 1 -0.4375 0.7 137 0 1248 0.0239858 -0.112844 0.169457 -2.63476 -0.376703 142.505 
0.0269358 -0.947552 96248 1 -0.4375 0.7 138 0 1248 0.0239858 -0.112844 0.169457 -2.63476 -0.376703 142.505 
0.0792344 -0.969764 96289 1 -0.4375 0.7 139 0 1249 0.0242559 -0.109685 0.171106 -2.60325 -0.388833 142.564 
0.0875196 -0.995976 96368 1 -0.4375 0.7 140 0 1251 0.0247909 -0.109883 0.171841 -2.59828 -0.38509 142.563 
0.349884 -0.849105 96449 1 -0.4375 0.7 141 0 1253 0.0248147 -0.111977 0.172039 -2.60434 -0.38365 142.537 
0.665645 -0.516028 96528 1 -0.4375 0.7 142 0 1255 0.0250346 -0.114809 0.172478 -2.62233 -0.388074 142.489 
0.621106 -0.422789 96609 1 -0.4375 0.7 143 0 1257 0.0239866 -0.118064 0.172948 -2.6527 -0.392216 142.461 
0.597279 -0.361768 96689 1 -0.4375 0.7 144 0 1259 0.0238855 -0.116582 0.174798 -2.647 -0.409639 142.407 
0.598952 -0.36269 96769 1 -0.4375 0.7 145 0 1261 0.024341 -0.116504 0.175006 -2.64612 -0.406014 142.441 
0.606425 -0.5017 96849 1 -0.4375 0.7 146 0 1263 0.0243403 -0.110954 0.168867 -2.61131 -0.363138 142.636 
0.606425 -0.5017 96849 1 -0.4375 0.7 147 0 1263 0.0243403 -0.110954 0.168867 -2.61131 -0.363138 142.636 
0.579598 -0.512017 96890 1 -0.4375 0.7 148 0 1264 0.0226479 -0.124724 0.163742 -2.74239 -0.340915 142.045 
0.579598 -0.512017 96890 1 -0.4375 0.7 149 0 1264 0.0226479 -0.124724 0.163742 -2.74239 -0.340915 142.045 
0.649865 -0.536084 97049 1 -0.4375 0.7 150 0 1268 0.0227121 -0.122364 0.164021 -2.72632 -0.348116 142.159 
0.649865 -0.536084 97049 1 -0.4375 0.7 151 0 1268 0.0227121 -0.122364 0.164021 -2.72632 -0.348116 142.159 
0.67059 -0.638691 97210 1 -0.4375 0.7 152 0 1272 0.0230422 -0.12079 0.160217 -2.735 -0.315624 142.312 
0.67059 -0.638691 97210 1 -0.4375 0.7 153 0 1272 0.0230422 -0.12079 0.160217 -2.735 -0.315624 142.312 
0.672552 -0.719985 97370 1 -0.4375 0.7 154 0 1276 0.0231928 -0.115637 0.166217 -2.70096 -0.345218 142.543 
0.672552 -0.719985 97370 1 -0.4375 0.7 155 0 1276 0.0231928 -0.115637 0.166217 -2.70096 -0.345218 142.543 
0.621845 -0.561934 97450 1 -0.4375 0.7 156 0 1278 0.0220586 -0.12408 0.164784 -2.79017 -0.327816 142.27 
0.621845 -0.561934 97450 1 -0.4375 0.7 157 0 1278 0.0220586 -0.12408 0.164784 -2.79017 -0.327816 142.27 
0.576171 -0.575762 97610 1 -0.4375 0.7 158 0 1282 0.020496 -0.126151 0.164599 -2.83368 -0.330513 142.217 
0.602431 -0.61153 97731 1 -0.4375 0.7 159 0 1285 0.021675 -0.12191 0.167428 -2.80028 -0.348979 142.619 
0.602431 -0.61153 97731 1 -0.4375 0.7 160 0 1285 0.021675 -0.12191 0.167428 -2.80028 -0.348979 142.619 
0.634187 -0.503771 97851 1 -0.4375 0.7 161 0 1288 0.0213463 -0.120247 0.16771 -2.77238 -0.346563 142.129 
0.651004 -0.472239 97971 1 -0.4375 0.7 162 0 1291 0.0214452 -0.119791 0.17333 -2.76512 -0.391516 142.491 
0.651004 -0.472239 97971 1 -0.4375 0.7 163 0 1291 0.0214452 -0.119791 0.17333 -2.76512 -0.391516 142.491 
0.651004 -0.472239 97971 1 -0.4375 0.7 164 0 1291 0.0214452 -0.119791 0.17333 -2.76512 -0.391516 142.491 
0.656518 -0.460242 98051 1 -0.4375 0.7 165 0 1293 0.0220567 -0.121584 0.168791 -2.76285 -0.334616 142.22 
0.656518 -0.460242 98051 1 -0.4375 0.7 166 0 1293 0.0220567 -0.121584 0.168791 -2.76285 -0.334616 142.22 
0.571519 -0.389476 98211 1 -0.4375 0.7 167 0 1297 0.0229092 -0.124066 0.166596 -2.74424 -0.336045 142.145 
0.624044 -0.428303 98372 1 -0.4375 0.7 168 0 1301 0.0229735 -0.119997 0.17261 -2.72269 -0.373652 142.597 
0.624044 -0.428303 98372 1 -0.4375 0.7 169 0 1301 0.0229735 -0.119997 0.17261 -2.72269 -0.373652 142.597 
0.380133 -0.700845 98572 1 -0.4375 0.7 170 0 1306 0.023789 -0.113336 0.168472 -2.69247 -0.341698 142.652 
0.381946 -0.684868 98613 1 -0.4375 0.7 171 0 1307 0.0238337 -0.110165 0.167332 -2.66619 -0.333319 142.696 
0.359345 -0.668902 98692 1 -0.4375 0.7 172 0 1309 0.0242732 -0.112413 0.168369 -2.68088 -0.337511 142.671 
0.359345 -0.668902 98692 1 -0.4375 0.7 173 0 1309 0.0242732 -0.112413 0.168369 -2.68088 -0.337511 142.671 
0.359345 -0.668902 98692 1 -0.4375 0.7 174 0 1309 0.0242732 -0.112413 0.168369 -2.68088 -0.337511 142.671 
0.227871 -0.27491 98774 1 -0.4375 0.7 175 0 1311 0.0251476 -0.107455 0.169734 -2.6176 -0.386645 142.07 
0.207992 -0.59209 98932 1 -0.4375 0.7 176 0 1315 0.0231563 -0.110174 0.159105 -2.67063 -0.282003 142.788 
0.207992 -0.59209 98932 1 -0.4375 0.7 177 0 1315 0.0231563 -0.110174 0.159105 -2.67063 -0.282003 142.788 
0.182882 -0.449439 99013 1 -0.4375 0.7 178 0 1317 0.0234179 -0.111348 0.160477 -2.69183 -0.300535 142.254 
0.182882 -0.449439 99013 1 -0.4375 0.7 179 0 1317 0.0234179 -0.111348 0.160477 -2.69183 -0.300535 142.254 
0.171999 -0.344523 99133 1 -0.4375 0.7 180 0 1320 0.0231708 -0.111497 0.162813 -2.69719 -0.32735 142.002 
0.218572 -0.555168 99293 1 -0.4375 0.7 181 0 1324 0.0235179 -0.112734 0.165107 -2.71982 -0.315501 142.646 
0.218572 -0.555168 99373 1 -0.4375 0.7 182 0 1326 0.0235179 -0.112734 0.165107 -2.71982 -0.315501 142.646 
0.218572 -0.555168 99414 1 -0.4375 0.7 183 0 1327 0.0235179 -0.112734 0.165107 -2.71982 -0.315501 142.646 
0.244759 -0.345569 99495 1 -0.4375 0.7 184 0 1329 0.0253602 -0.103576 0.167948 -2.61124 -0.360696 142.35 
0.244759 -0.345569 99495 1 -0.4375 0.7 185 0 1329 0.0253602 -0.103576 0.167948 -2.61124 -0.360696 142.35 
0.285606 -0.545838 99694 1 -0.4375 0.7 186 0 1334 0.0246408 -0.106029 0.16251 -2.6449 -0.297647 142.651 
0.285606 -0.545838 99737 1 -0.4375 0.7 187 0 1335 0.0246408 -0.106029 0.16251 -2.6449 -0.297647 142.651 
0.285606 -0.545838 99737 1 -0.4375 0.7 188 0 1335 0.0246408 -0.106029 0.16251 -2.6449 -0.297647 142.651 
0.225059 -0.319488 99815 1 -0.4375 0.7 189 0 1337 0.0241738 -0.107125 0.170472 -2.66059 -0.372352 142.189 
0.266437 -0.532723 99935 1 -0.4375 0.7 190 0 1340 0.0233864 -0.112068 0.173403 -2.71606 -0.364488 142.591 
0.266437 -0.532723 100015 1 -0.4375 0.7 191 0 1342 0.0233864 -0.112068 0.173403 -2.71606 -0.364488 142.591 
0.266437 -0.532723 100136 1 -0.4375 0.7 192 0 1345 0.0233864 -0.112068 0.173403 -2.71606 -0.364488 142.591 
0.266437 -0.532723 100175 1 -0.4375 0.7 193 0 1346 0.0233864 -0.112068 0.173403 -2.71606 -0.364488 142.591 
0.266437 -0.532723 100256 1 -0.4375 0.7 194 0 1348 0.0233864 -0.112068 0.173403 -2.71606 -0.364488 142.591 
0.266437 -0.532723 100377 1 -0.4375 0.7 195 0 1351 0.0233864 -0.112068 0.173403 -2.71606 -0.364488 142.591 
0.266437 -0.532723 100417 1 -0.4375 0.7 196 0 1352 0.0233864 -0.112068 0.173403 -2.71606 -0.364488 142.591 
0.266437 -0.532723 100536 1 -0.4375 0.7 197 0 1355 0.0233864 -0.112068 0.173403 -2.71606 -0.364488 142.591 
0.266437 -0.532723 100536 1 -0.4375 0.7 198 0 1355 0.0233864 -0.112068 0.173403 -2.71606 -0.364488 142.591 
-0.109781 -0.724165 100576 1 -0.4375 0.7 199 0 1356 0.0189988 -0.116447 0.147965 -2.80058 -0.266453 141.658 
-0.109781 -0.724165 100576 1 -0.4375 0.7 200 0 1356 0.0189988 -0.116447 0.147965 -2.80058 -0.266453 141.658 
-0.114676 -0.824544 100696 1 -0.4375 0.7 201 0 1359 0.0187685 -0.114324 0.152649 -2.78334 -0.296234 141.663 
-0.114676 -0.824544 100696 1 -0.4375 0.7 202 0 1359 0.0187685 -0.114324 0.152649 -2.78334 -0.296234 141.663 
-0.10779 -0.870185 100896 1 -0.4375 0.7 203 0 1364 0.018848 -0.10753 0.152624 -2.73258 -0.281117 141.743 
-0.10779 -0.870185 100896 1 -0.4375 0.7 204 0 1364 0.018848 -0.10753 0.152624 -2.73258 -0.281117 141.743 
-0.122138 -0.832987 101017 1 -0.4375 0.7 205 0 1367 0.0191194 -0.112997 0.16075 -2.79276 -0.34549 141.691 
-0.148318 -0.911192 101098 1 -0.4375 0.7 206 0 1369 0.0186459 -0.109889 0.157204 -2.74976 -0.306693 141.64 
-0.148318 -0.911192 101098 1 -0.4375 0.7 207 0 1369 0.0186459 -0.109889 0.157204 -2.74976 -0.306693 141.64 
-0.148318 -0.911192 101098 1 -0.4375 0.7 208 0 1369 0.0186459 -0.109889 0.157204 -2.74976 -0.306693 141.64 
-0.143846 -1.11823 101258 1 -0.4375 0.7 209 0 1373 0.0193945 -0.115662 0.157094 -2.79719 -0.315212 141.773 
-0.143846 -1.11823 101258 1 -0.4375 0.7 210 0 1373 0.0193945 -0.115662 0.157094 -2.79719 -0.315212 141.773 
-0.174538 -1.13272 101419 1 -0.4375 0.7 211 0 1377 0.0200904 -0.116769 0.15382 -2.80261 -0.311654 141.703 
-0.174538 -1.13272 101419 1 -0.4375 0.7 212 0 1377 0.0200904 -0.116769 0.15382 -2.80261 -0.311654 141.703 
-0.154863 -1.13407 101577 1 -0.4375 0.7 213 0 1381 0.0195774 -0.118996 0.150415 -2.83628 -0.298256 141.689 
-0.154863 -1.13407 101577 1 -0.4375 0.7 214 0 1381 0.0195774 -0.118996 0.150415 -2.83628 -0.298256 141.689 
-0.160253 -1.20911 101699 1 -0.4375 0.7 215 0 1384 0.0190865 -0.118343 0.155837 -2.83403 -0.329283 141.641 
-0.160253 -1.20911 101699 1 -0.4375 0.7 216 0 1384 0.0190865 -0.118343 0.155837 -2.83403 -0.329283 141.641 
-0.160253 -1.20911 101699 1 -0.4375 0.7 217 0 1384 0.0190865 -0.118343 0.155837 -2.83403 -0.329283 141.641 
-0.190315 -1.2884 101859 1 -0.4375 0.7 218 0 1388 0.0187668 -0.122987 0.159684 -2.86859 -0.336132 141.666 
-0.190315 -1.2884 101859 1 -0.4375 0.7 219 0 1388 0.0187668 -0.122987 0.159684 -2.86859 -0.336132 141.666 
-0.665768 -1.11738 102018 1 -0.4375 0.7 220 0 1392 0.0178305 -0.137251 0.165463 -2.98433 -0.38972 141.472 
-0.665768 -1.11738 102018 1 -0.4375 0.7 221 0 1392 0.0178305 -0.137251 0.165463 -2.98433 -0.38972 141.472 
-0.536899 -1.24102 102219 1 -0.4375 0.7 222 0 1397 0.0177485 -0.128414 0.160245 -2.9073 -0.349622 141.596 
-0.536899 -1.24102 102219 1 -0.4375 0.7 223 0 1397 0.0177485 -0.128414 0.160245 -2.9073 -0.349622 141.596 
-0.311276 -1.25956 102379 1 -0.4375 0.7 224 0 1401 0.0171521 -0.13 0.162596 -2.9131 -0.355969 141.653 
-0.311276 -1.25956 102379 1 -0.4375 0.7 225 0 1401 0.0171521 -0.13 0.162596 -2.9131 -0.355969 141.653 
-0.311276 -1.25956 102379 1 -0.4375 0.7 226 0 1401 0.0171521 -0.13 0.162596 -2.9131 -0.355969 141.653 
-0.337237 -1.25884 102540 1 -0.4375 0.7 227 0 1405 0.0175047 -0.133291 0.163826 -2.93134 -0.358322 141.579 
-0.337237 -1.25884 102540 1 -0.4375 0.7 228 0 1405 0.0175047 -0.133291 0.163826 -2.93134 -0.358322 141.579 
-0.340423 -1.25098 102661 1 -0.4375 0.7 229 0 1408 0.0171435 -0.133163 0.165178 -2.93092 -0.362768 141.533 
-0.340423 -1.25098 102661 1 -0.4375 0.7 230 0 1408 0.0171435 -0.133163 0.165178 -2.93092 -0.362768 141.533 
-0.457448 -0.965222 102820 1 -0.4375 0.7 231 0 1412 0.0143951 -0.136671 0.166494 -3.00313 -0.398266 141.334 
-0.457448 -0.965222 102820 1 -0.4375 0.7 232 0 1412 0.0143951 -0.136671 0.166494 -3.00313 -0.398266 141.334 
-0.100302 -0.958585 102981 1 -0.4375 0.7 233 0 1416 0.018572 -0.111635 0.155403 -2.77143 -0.278649 141.631 
-0.151759 -0.882227 103141 1 -0.4375 0.7 234 0 1420 0.0169187 -0.122126 0.163261 -2.86327 -0.341963 141.383 
-0.151759 -0.882227 103222 1 -0.4375 0.7 235 0 1422 0.0169187 -0.122126 0.163261 -2.86327 -0.341963 141.383 
-0.151759 -0.882227 103262 1 -0.4375 0.7 236 0 1423 0.0169187 -0.122126 0.163261 -2.86327 -0.341963 141.383 
-0.204545 -0.901651 103342 1 -0.4375 0.7 237 0 1425 0.0186032 -0.114493 0.158275 -2.7874 -0.283301 141.558 
-0.21642 -0.844849 103461 1 -0.4375 0.7 238 0 1428 0.0171619 -0.11867 0.166462 -2.8489 -0.355278 141.417 
-0.21642 -0.844849 103542 1 -0.4375 0.7 239 0 1430 0.0171619 -0.11867 0.166462 -2.8489 -0.355278 141.417 
-0.21642 -0.844849 103581 1 -0.4375 0.7 240 0 1431 0.0171619 -0.11867 0.166462 -2.8489 -0.355278 141.417 
-0.21642 -0.844849 103581 1 -0.4375 0.7 241 0 1431 0.0171619 -0.11867 0.166462 -2.8489 -0.355278 141.417 
0.0841572 -0.449721 103623 1 -0.4375 0.7 242 0 1432 0.0252028 -0.108916 0.160843 -2.69423 -0.3124 141.67 
-0.0220683 -0.593649 103783 1 -0.4375 0.7 243 0 1436 0.0232529 -0.125207 0.160637 -2.8008 -0.329381 141.316 
-0.132488 -0.548657 103862 1 -0.4375 0.7 244 0 1438 0.0226081 -0.113635 0.150709 -2.71292 -0.243754 141.564 
-0.132488 -0.548657 103862 1 -0.4375 0.7 245 0 1438 0.0226081 -0.113635 0.150709 -2.71292 -0.243754 141.564 
-0.132488 -0.548657 103862 1 -0.4375 0.7 246 0 1438 0.0226081 -0.113635 0.150709 -2.71292 -0.243754 141.564 
-0.162717 -0.75947 103982 1 -0.4375 0.7 247 0 1441 0.022218 -0.113535 0.152272 -2.73586 -0.268824 141.473 
-0.162717 -0.75947 103982 1 -0.4375 0.7 248 0 1441 0.022218 -0.113535 0.152272 -2.73586 -0.268824 141.473 
-0.112664 -0.824294 104183 1 -0.4375 0.7 249 0 1446 0.0201354 -0.113096 0.152629 -2.77681 -0.293452 141.584 
-0.112664 -0.824294 104183 1 -0.4375 0.7 250 0 1446 0.0201354 -0.113096 0.152629 -2.77681 -0.293452 141.584 
-0.177531 -0.873056 104343 1 -0.4375 0.7 251 0 1450 0.0192062 -0.115308 0.155475 -2.80951 -0.290701 141.527 
-0.177531 -0.873056 104343 1 -0.4375 0.7 252 0 1450 0.0192062 -0.115308 0.155475 -2.80951 -0.290701 141.527 
-0.177531 -0.873056 104343 1 -0.4375 0.7 253 0 1450 0.0192062 -0.115308 0.155475 -2.80951 -0.290701 141.527 
-0.0944843 -0.617552 104504 1 -0.4375 0.7 254 0 1454 0.0173072 -0.112662 0.15712 -2.7947 -0.270653 141.665 
-0.0944843 -0.617552 104504 1 -0.4375 0.7 255 0 1454 0.0173072 -0.112662 0.15712 -2.7947 -0.270653 141.665 
-0.131883 -0.951919 104664 1 -0.4375 0.7 256 0 1458 0.019538 -0.110681 0.153308 -2.76106 -0.247079 141.589 
-0.131883 -0.951919 104664 1 -0.4375 0.7 257 0 1458 0.019538 -0.110681 0.153308 -2.76106 -0.247079 141.589 
-0.126405 -1.01458 104784 1 -0.4375 0.7 258 0 1461 0.0188537 -0.11032 0.154003 -2.7766 -0.268341 141.733 
-0.126405 -1.01458 104784 1 -0.4375 0.7 259 0 1461 0.0188537 -0.11032 0.154003 -2.7766 -0.268341 141.733 
-0.1421 -0.949505 104984 1 -0.4375 0.7 260 0 1466 0.018982 -0.110106 0.155246 -2.76423 -0.27914 141.666 
-0.1421 -0.949505 104984 1 -0.4375 0.7 261 0 1466 0.018982 -0.110106 0.155246 -2.76423 -0.27914 141.666 
-0.153035 -0.81242 105105 1 -0.4375 0.7 262 0 1469 0.0179974 -0.115356 0.162485 -2.81909 -0.351522 141.345 
-0.153035 -0.81242 105105 1 -0.4375 0.7 263 0 1469 0.0179974 -0.115356 0.162485 -2.81909 -0.351522 141.345 
-0.153035 -0.81242 105105 1 -0.4375 0.7 264 0 1469 0.0179974 -0.115356 0.162485 -2.81909 -0.351522 141.345 
-0.177718 -0.995231 105265 1 -0.4375 0.7 265 0 1473 0.0193015 -0.106645 0.154588 -2.73016 -0.277823 141.867 
-0.177718 -0.995231 105265 1 -0.4375 0.7 266 0 1473 0.0193015 -0.106645 0.154588 -2.73016 -0.277823 141.867 
-0.100506 -0.707017 105465 1 -0.4375 0.7 267 0 1478 0.0207161 -0.115686 0.156166 -2.82712 -0.350108 141.687 
-0.0909122 -0.670937 105626 1 -0.4375 0.7 268 0 1482 0.0171427 -0.114241 0.155944 -2.83843 -0.348784 141.357 
-0.0909122 -0.670937 105626 1 -0.4375 0.7 269 0 1482 0.0171427 -0.114241 0.155944 -2.83843 -0.348784 141.357 
-0.0482482 -0.739073 105706 1 -0.4375 0.7 270 0 1484 0.0193992 -0.112035 0.156546 -2.8227 -0.340727 141.742 
-0.0482482 -0.739073 105706 1 -0.4375 0.7 271 0 1484 0.0193992 -0.112035 0.156546 -2.8227 -0.340727 141.742 
-0.161648 -0.915523 105826 1 -0.4375 0.7 272 0 1487 0.0180462 -0.107867 0.156925 -2.78427 -0.312653 141.772 
-0.118824 -0.857004 105988 1 -0.4375 0.7 273 0 1491 0.0192891 -0.111781 0.159154 -2.81828 -0.344828 141.647 
-0.118824 -0.857004 105988 1 -0.4375 0.7 274 0 1491 0.0192891 -0.111781 0.159154 -2.81828 -0.344828 141.647 
-0.0778991 -0.809546 106067 1 -0.4375 0.7 275 0 1493 0.0180918 -0.110751 0.158706 -2.8296 -0.3444 141.938 
-0.0465327 -0.800655 106186 1 -0.4375 0.7 276 0 1496 0.0192091 -0.113408 0.155205 -2.84939 -0.329041 141.741 
-0.139233 -0.915334 106267 1 -0.4375 0.7 277 0 1498 0.0173146 -0.114995 0.154914 -2.87678 -0.292771 141.847 
-0.139233 -0.915334 106267 1 -0.4375 0.7 278 0 1498 0.0173146 -0.114995 0.154914 -2.87678 -0.292771 141.847 
-0.140357 -0.908073 106427 1 -0.4375 0.7 279 0 1502 0.0179015 -0.115171 0.157129 -2.86604 -0.302702 141.796 
-0.140357 -0.908073 106427 1 -0.4375 0.7 280 0 1502 0.0179015 -0.115171 0.157129 -2.86604 -0.302702 141.796 
-0.108674 -0.904988 106587 1 -0.4375 0.7 281 0 1506 0.0179188 -0.111394 0.155295 -2.81282 -0.293703 141.861 
-0.108674 -0.904988 106587 1 -0.4375 0.7 282 0 1506 0.0179188 -0.111394 0.155295 -2.81282 -0.293703 141.861 
-0.0652691 -0.690737 106708 1 -0.4375 0.7 283 0 1509 0.0190509 -0.113134 0.155651 -2.83633 -0.354525 141.777 
-0.0652691 -0.690737 106708 1 -0.4375 0.7 284 0 1509 0.0190509 -0.113134 0.155651 -2.83633 -0.354525 141.777 
-0.0652691 -0.690737 106708 1 -0.4375 0.7 285 0 1509 0.0190509 -0.113134 0.155651 -2.83633 -0.354525 141.777 
-0.150404 -0.64404 106868 1 -0.4375 0.7 286 0 1513 0.0180366 -0.117873 0.15533 -2.87622 -0.36874 141.853 
-0.150404 -0.64404 106868 1 -0.4375 0.7 287 0 1513 0.0180366 -0.117873 0.15533 -2.87622 -0.36874 141.853 
-0.0900075 -0.656776 107069 1 -0.4375 0.7 288 0 1518 0.0182149 -0.116367 0.155046 -2.8816 -0.345574 141.764 
-0.0900075 -0.656776 107069 1 -0.4375 0.7 289 0 1518 0.0182149 -0.116367 0.155046 -2.8816 -0.345574 141.764 
-0.061999 -0.760709 107228 1 -0.4375 0.7 290 0 1522 0.0165669 -0.111216 0.151932 -2.84975 -0.291445 141.731 
-0.061999 -0.760709 107228 1 -0.4375 0.7 291 0 1522 0.0165669 -0.111216 0.151932 -2.84975 -0.291445 141.731 
-0.061999 -0.760709 107228 1 -0.4375 0.7 292 0 1522 0.0165669 -0.111216 0.151932 -2.84975 -0.291445 141.731 
-0.0404052 -0.699548 107389 1 -0.4375 0.7 293 0 1526 0.0175965 -0.112998 0.154752 -2.84582 -0.332935 141.835 
-0.0404052 -0.699548 107389 1 -0.4375 0.7 294 0 1526 0.0175965 -0.112998 0.154752 -2.84582 -0.332935 141.835 
-0.0641932 -0.633407 107549 1 -0.4375 0.7 295 0 1530 0.0176736 -0.115896 0.156818 -2.86796 -0.359038 141.696 
-0.0641932 -0.633407 107549 1 -0.4375 0.7 296 0 1530 0.0176736 -0.115896 0.156818 -2.86796 -0.359038 141.696 
-0.0513928 -0.639445 107710 1 -0.4375 0.7 297 0 1534 0.0173454 -0.111348 0.155475 -2.83363 -0.344382 141.734 
-0.0513928 -0.639445 107710 1 -0.4375 0.7 298 0 1534 0.0173454 -0.111348 0.155475 -2.83363 -0.344382 141.734 
-0.118319 -0.734646 107871 1 -0.4375 0.7 299 0 1538 0.017075 -0.111044 0.156373 -2.83021 -0.324926 141.727 
-0.118319 -0.734646 107871 1 -0.4375 0.7 300 0 1538 0.017075 -0.111044 0.156373 -2.83021 -0.324926 141.727 
-0.152005 -0.849665 108030 1 -0.4375 0.7 301 0 1542 0.0179107 -0.110256 0.149638 -2.81771 -0.270728 141.733 
-0.152005 -0.849665 108030 1 -0.4375 0.7 302 0 1542 0.0179107 -0.110256 0.149638 -2.81771 -0.270728 141.733 
-0.171949 -0.731549 108191 1 -0.4375 0.7 303 0 1546 0.0172488 -0.106742 0.14526 -2.80806 -0.25555 141.723 
-0.171949 -0.731549 108191 1 -0.4375 0.7 304 0 1546 0.0172488 -0.106742 0.14526 -2.80806 -0.25555 141.723 
-0.192959 -0.889866 108350 1 -0.4375 0.7 305 0 1550 0.0156881 -0.110839 0.149092 -2.88784 -0.250008 141.837 
-0.192959 -0.889866 108350 1 -0.4375 0.7 306 0 1550 0.0156881 -0.110839 0.149092 -2.88784 -0.250008 141.837 
-0.118461 -0.928233 108471 1 -0.4375 0.7 307 0 1553 0.0163053 -0.108149 0.150239 -2.8522 -0.248806 141.803 
-0.118461 -0.928233 108471 1 -0.4375 0.7 308 0 1553 0.0163053 -0.108149 0.150239 -2.8522 -0.248806 141.803 
-0.200597 -0.263161 108632 1 -0.4375 0.7 309 0 1557 0.0167443 -0.103689 0.151762 -2.77889 -0.254139 141.615 
-0.200597 -0.263161 108632 1 -0.4375 0.7 310 0 1557 0.0167443 -0.103689 0.151762 -2.77889 -0.254139 141.615 
-0.200597 -0.263161 108632 1 -0.4375 0.7 311 0 1557 0.0167443 -0.103689 0.151762 -2.77889 -0.254139 141.615 
-0.149671 -0.911532 108791 1 -0.4375 0.7 312 0 1561 0.0167575 -0.0993091 0.145989 -2.74672 -0.230828 141.758 
-0.149671 -0.911532 108791 1 -0.4375 0.7 313 0 1561 0.0167575 -0.0993091 0.145989 -2.74672 -0.230828 141.758 
-0.213913 -0.883955 108952 1 -0.4375 0.7 314 0 1565 0.0164963 -0.100886 0.145486 -2.77437 -0.238604 141.743 
-0.213913 -0.883955 108952 1 -0.4375 0.7 315 0 1565 0.0164963 -0.100886 0.145486 -2.77437 -0.238604 141.743 
0.0706336 -0.53131 109112 1 -0.4375 0.7 316 0 1569 0.0122959 -0.113555 0.142245 -2.89795 -0.233525 141.322 
0.0706336 -0.53131 109112 1 -0.4375 0.7 317 0 1569 0.0122959 -0.113555 0.142245 -2.89795 -0.233525 141.322 
0.172883 -0.580317 109273 1 -0.4375 0.7 318 0 1573 0.017493 -0.111284 0.149394 -2.87942 -0.317464 141.883 
0.172883 -0.580317 109273 1 -0.4375 0.7 319 0 1573 0.017493 -0.111284 0.149394 -2.87942 -0.317464 141.883 
0.120979 -0.773865 109432 1 -0.4375 0.7 320 0 1577 0.0170611 -0.108319 0.1494 -2.85775 -0.315147 141.839 
0.120979 -0.773865 109432 1 -0.4375 0.7 321 0 1577 0.0170611 -0.108319 0.1494 -2.85775 -0.315147 141.839 
0.148348 -0.807108 109553 1 -0.4375 0.7 322 0 1580 0.016541 -0.107824 0.140841 -2.85512 -0.229125 141.803 
0.148348 -0.807108 109553 1 -0.4375 0.7 323 0 1580 0.016541 -0.107824 0.140841 -2.85512 -0.229125 141.803 
0.148348 -0.807108 109553 1 -0.4375 0.7 324 0 1580 0.016541 -0.107824 0.140841 -2.85512 -0.229125 141.803 
0.123136 -0.33247 109914 1 -0.4375 0.7 325 0 1589 0.0143814 -0.12097 0.151544 -3.00371 -0.281819 141.638 
0.117884 -0.389212 109994 1 -0.4375 0.7 326 0 1591 0.013151 -0.124837 0.151283 -3.03893 -0.260481 141.829 
0.172264 -0.324467 110034 1 -0.4375 0.7 327 0 1592 0.0133583 -0.122894 0.151243 -3.01712 -0.270279 141.688 
0.0916409 -0.359185 110116 1 -0.4375 0.7 328 0 1594 0.0128025 -0.126066 0.147915 -3.04785 -0.257217 141.825 
0.141771 -0.33205 110194 1 -0.4375 0.7 329 0 1596 0.0128904 -0.12526 0.15021 -3.04613 -0.274456 141.785 
0.173766 -0.329419 110274 1 -0.4375 0.7 330 0 1598 0.0122324 -0.126797 0.150951 -3.05736 -0.276085 141.778 
0.173766 -0.329419 110274 1 -0.4375 0.7 331 0 1598 0.0122324 -0.126797 0.150951 -3.05736 -0.276085 141.778 
0.191742 -0.34986 110355 1 -0.4375 0.7 332 0 1600 0.0119927 -0.127407 0.153498 -3.06557 -0.289674 141.753 
0.0210201 -0.667816 110475 1 -0.4375 0.7 333 0 1603 0.0130323 -0.126004 0.153158 -3.04285 -0.290546 141.715 
0.0409609 -0.715939 110515 1 -0.4375 0.7 334 0 1604 0.0132912 -0.126772 0.155293 -3.04 -0.309667 141.625 
0.0939404 -0.822463 110595 1 -0.4375 0.7 335 0 1606 0.0131274 -0.123966 0.152285 -3.01329 -0.295686 141.633 
0.0939404 -0.822463 110595 1 -0.4375 0.7 336 0 1606 0.0131274 -0.123966 0.152285 -3.01329 -0.295686 141.633 
0.0939404 -0.822463 110595 1 -0.4375 0.7 337 0 1606 0.0131274 -0.123966 0.152285 -3.01329 -0.295686 141.633 
0.137287 -0.833393 110836 1 -0.4375 0.7 338 0 1612 0.0124772 -0.120498 0.150164 -3.02177 -0.292027 141.816 
0.0875174 -0.956262 110876 1 -0.4375 0.7 339 0 1613 0.0125804 -0.120627 0.150605 -3.02916 -0.304139 141.821 
0.164061 -0.966455 110916 1 -0.4375 0.7 340 0 1614 0.0130284 -0.120637 0.150845 -3.03231 -0.314357 141.704 
0.164061 -0.966455 110916 1 -0.4375 0.7 341 0 1614 0.0130284 -0.120637 0.150845 -3.03231 -0.314357 141.704 
0.258229 -0.988779 111116 1 -0.4375 0.7 342 0 1619 0.0141358 -0.122337 0.150053 -3.03064 -0.318798 141.674 
0.254944 -1.09225 111196 1 -0.4375 0.7 343 0 1621 0.0141379 -0.122644 0.152963 -3.02459 -0.329725 141.633 
0.241197 -1.0849 111237 1 -0.4375 0.7 344 0 1622 0.0134674 -0.121565 0.151687 -3.01749 -0.318084 141.687 
0.241197 -1.0849 111237 1 -0.4375 0.7 345 0 1622 0.0134674 -0.121565 0.151687 -3.01749 -0.318084 141.687 
0.236511 -1.07752 111277 1 -0.4375 0.7 346 0 1623 0.013325 -0.120034 0.153887 -3.004 -0.336862 141.589 
0.239559 -1.0845 111477 1 -0.4375 0.7 347 0 1628 0.0132402 -0.120836 0.150556 -3.0185 -0.311807 141.758 
0.227193 -1.03792 111517 1 -0.4375 0.7 348 0 1629 0.0131079 -0.119857 0.152046 -3.01365 -0.329971 141.695 
0.211524 -1.02897 111557 1 -0.4375 0.7 349 0 1630 0.0131398 -0.121229 0.151796 -3.028 -0.327328 141.724 
0.211524 -1.02897 111557 1 -0.4375 0.7 350 0 1630 0.0131398 -0.121229 0.151796 -3.028 -0.327328 141.724 
0.236016 -1.09642 111717 1 -0.4375 0.7 351 0 1634 0.0133878 -0.123213 0.154815 -3.04781 -0.33692 141.669 
0.269465 -1.11029 111837 1 -0.4375 0.7 352 0 1637 0.0130261 -0.118918 0.153541 -3.00828 -0.327612 141.731 
0.279274 -1.04873 111878 1 -0.4375 0.7 353 0 1638 0.0126975 -0.120649 0.152468 -3.02064 -0.324362 141.753 
0.266797 -0.908654 111918 1 -0.4375 0.7 354 0 1639 0.0127936 -0.119317 0.153932 -3.00788 -0.35958 141.673 
0.0273512 -0.876634 112037 1 -0.4375 0.7 355 0 1642 0.0131447 -0.121851 0.152331 -3.03423 -0.37522 141.767 
-0.074825 -0.827338 112118 1 -0.4375 0.7 356 0 1644 0.0133271 -0.122486 0.153073 -3.04922 -0.404759 141.714 
-0.131218 -0.80482 112198 1 -0.4375 0.7 357 0 1646 0.0128976 -0.125122 0.156047 -3.07681 -0.442478 141.591 
-0.131218 -0.80482 112198 1 -0.4375 0.7 358 0 1646 0.0128976 -0.125122 0.156047 -3.07681 -0.442478 141.591 
-0.185747 -0.89208 112238 1 -0.4375 0.7 359 0 1647 0.0127463 -0.127443 0.154882 -3.1029 -0.429426 141.626 
-0.0384924 -1.13133 112438 1 -0.4375 0.7 360 0 1652 0.0122196 -0.12637 0.152889 -3.0909 -0.359019 141.578 
0.0252976 -1.22871 112478 1 -0.4375 0.7 361 0 1653 0.0121466 -0.127568 0.15378 -3.10047 -0.348231 141.536 
0.0912479 -1.2909 112519 1 -0.4375 0.7 362 0 1654 0.0130524 -0.124598 0.153031 -3.0687 -0.325018 141.635 
0.0912479 -1.2909 112519 1 -0.4375 0.7 363 0 1654 0.0130524 -0.124598 0.153031 -3.0687 -0.325018 141.635 
0.286837 -0.995306 112719 1 -0.4375 0.7 364 0 1659 0.0144695 -0.119304 0.149105 -2.99461 -0.29907 141.617 
0.249069 -0.901046 112799 1 -0.4375 0.7 365 0 1661 0.0137465 -0.115932 0.150041 -2.96278 -0.332998 141.554 
0.27026 -0.859318 112839 1 -0.4375 0.7 366 0 1662 0.0157652 -0.114167 0.150141 -2.94237 -0.34757 141.676 
0.269961 -0.786109 112920 1 -0.4375 0.7 367 0 1664 0.0169285 -0.10382 0.14788 -2.84591 -0.362381 141.718 
0.142548 -0.993659 113000 1 -0.4375 0.7 368 0 1666 0.0169689 -0.106141 0.147483 -2.87682 -0.365408 141.771 
0.111487 -0.565589 113080 1 -0.4375 0.7 369 0 1668 0.0176259 -0.111311 0.150112 -2.92121 -0.397161 141.838 
0.0472774 -0.874229 113162 1 -0.4375 0.7 370 0 1670 0.0167992 -0.107355 0.148392 -2.87299 -0.391944 141.776 
0.0472774 -0.874229 113162 1 -0.4375 0.7 371 0 1670 0.0167992 -0.107355 0.148392 -2.87299 -0.391944 141.776 
-0.0362428 -0.428944 113320 1 -0.4375 0.7 372 0 1674 0.0141757 -0.125944 0.150503 -3.05666 -0.408354 141.717 
0.037 -0.776888 113401 1 -0.4375 0.7 373 0 1676 0.0156843 -0.118033 0.149919 -2.97842 -0.398057 141.78 
0.0496665 -0.892829 113441 1 -0.4375 0.7 374 0 1677 0.0152584 -0.118727 0.150573 -2.98307 -0.394074 141.786 
0.0633438 -0.954559 113481 1 -0.4375 0.7 375 0 1678 0.01547 -0.115767 0.150959 -2.96408 -0.394087 141.777 
0.0633438 -0.954559 113481 1 -0.4375 0.7 376 0 1678 0.01547 -0.115767 0.150959 -2.96408 -0.394087 141.777 
0.0600624 -0.94429 113521 1 -0.4375 0.7 377 0 1679 0.0161315 -0.112566 0.150738 -2.94344 -0.398518 141.761 
0.0600624 -0.94429 113521 1 -0.4375 0.7 378 0 1679 0.0161315 -0.112566 0.150738 -2.94344 -0.398518 141.761 
0.0600624 -0.94429 113521 1 -0.4375 0.7 379 0 1679 0.0161315 -0.112566 0.150738 -2.94344 -0.398518 141.761 
0.0336106 -0.416479 113681 1 -0.4375 0.7 380 0 1683 0.0114931 -0.119529 0.146555 -3.04961 -0.364765 141.676 
0.250077 -0.281366 113843 1 -0.4375 0.7 381 0 1687 0.0148743 -0.119349 0.148498 -3.02792 -0.414347 141.509 
0.0221642 -0.646688 113921 1 -0.4375 0.7 382 0 1689 0.0150624 -0.122121 0.149806 -3.03556 -0.414075 141.589 
0.0221642 -0.646688 113921 1 -0.4375 0.7 383 0 1689 0.0150624 -0.122121 0.149806 -3.03556 -0.414075 141.589 
-0.037203 -0.465516 114002 1 -0.4375 0.7 384 0 1691 0.0137301 -0.116334 0.144745 -2.98316 -0.353115 141.739 
-0.037203 -0.465516 114002 1 -0.4375 0.7 385 0 1691 0.0137301 -0.116334 0.144745 -2.98316 -0.353115 141.739 
-0.0851615 -0.5405 114122 1 -0.4375 0.7 386 0 1694 0.0137395 -0.120675 0.145495 -3.01225 -0.360516 141.822 
-0.0851615 -0.5405 114122 1 -0.4375 0.7 387 0 1694 0.0137395 -0.120675 0.145495 -3.01225 -0.360516 141.822 
-0.0440273 -0.519871 114282 1 -0.4375 0.7 388 0 1698 0.0145759 -0.10266 0.143335 -2.83542 -0.356524 141.876 
-0.143361 -0.723052 114442 1 -0.4375 0.7 389 0 1702 0.0161099 -0.106185 0.147211 -2.87222 -0.401187 141.731 
-0.143361 -0.723052 114442 1 -0.4375 0.7 390 0 1702 0.0161099 -0.106185 0.147211 -2.87222 -0.401187 141.731 
-0.185691 -0.481221 114523 1 -0.4375 0.7 391 0 1704 0.0141707 -0.102091 0.143766 -2.83751 -0.354902 141.846 
-0.185691 -0.481221 114523 1 -0.4375 0.7 392 0 1704 0.0141707 -0.102091 0.143766 -2.83751 -0.354902 141.846 
-0.319649 -0.74102 114683 1 -0.441146 0.693269 393 0 1708 0.0158531 -0.108714 0.149382 -2.89234 -0.411247 141.725 
-0.438333 -0.980625 114764 1 -0.445833 0.693269 394 0 1710 0.0155002 -0.110076 0.149093 -2.90542 -0.422478 141.769 
-0.593324 -1.07605 114844 1 -0.458333 0.703846 395 0 1712 0.0134087 -0.126282 0.15043 -3.07903 -0.433225 141.798 
-0.494625 -0.944301 114964 1 -0.455729 0.702885 396 0 1715 0.011997 -0.129443 0.150956 -3.12856 -0.465701 141.592 
-0.494625 -0.944301 114964 1 -0.453646 0.702885 397 0 1715 0.011997 -0.129443 0.150956 -3.12856 -0.465701 141.592 
-0.234339 -0.56078 115044 1 -0.453646 0.702885 398 0 1717 0.0137255 -0.0996737 0.139586 -2.84076 -0.331796 141.857 
-0.219168 -0.769071 115204 1 -0.453646 0.702885 399 0 1721 0.015379 -0.105904 0.149161 -2.90091 -0.426086 141.733 
-0.211244 -0.93866 115244 1 -0.453646 0.702885 400 0 1722 0.0150861 -0.113468 0.147486 -2.96831 -0.41504 141.772 
-0.211244 -0.93866 115244 1 -0.453646 0.702885 401 0 1722 0.0150861 -0.113468 0.147486 -2.96831 -0.41504 141.772 
-0.199291 -0.853267 115365 1 -0.453646 0.702885 402 0 1725 0.0129869 -0.12518 0.151647 -3.08987 -0.448031 141.655 
-0.199291 -0.853267 115365 1 -0.453646 0.702885 403 0 1725 0.0129869 -0.12518 0.151647 -3.08987 -0.448031 141.655 
-0.129732 -0.693432 115444 1 -0.453646 0.702885 404 0 1727 0.0127369 -0.112208 0.142583 -2.94482 -0.338213 142.346 
-0.0579266 -0.725294 115564 1 -0.453646 0.702885 405 0 1730 0.0154402 -0.108779 0.146287 -2.90737 -0.419734 141.726 
-0.0474844 -0.788746 115645 1 -0.453646 0.702885 406 0 1732 0.0149495 -0.113205 0.147157 -2.95213 -0.423805 141.763 
-0.0468567 -0.807069 115725 1 -0.453646 0.702885 407 0 1734 0.0149405 -0.113436 0.146427 -2.96482 -0.41634 141.836 
-0.0468567 -0.807069 115725 1 -0.453646 0.702885 408 0 1734 0.0149405 -0.113436 0.146427 -2.96482 -0.41634 141.836 
-0.0360224 -0.533582 115805 1 -0.453646 0.702885 409 0 1736 0.0120463 -0.117036 0.143296 -3.00447 -0.362006 142.119 
-0.134948 -0.680163 115965 1 -0.453646 0.702885 410 0 1740 0.0138491 -0.11981 0.149512 -3.02701 -0.425709 141.774 
-0.134948 -0.680163 115965 1 -0.453646 0.702885 411 0 1740 0.0138491 -0.11981 0.149512 -3.02701 -0.425709 141.774 
-0.0711557 -0.498794 116046 1 -0.453646 0.702885 412 0 1742 0.0124197 -0.119439 0.144569 -3.04004 -0.37175 141.907 
-0.149216 -0.685703 116165 1 -0.453646 0.702885 413 0 1745 0.0137328 -0.122725 0.14907 -3.06212 -0.411416 141.755 
-0.149216 -0.685703 116165 1 -0.453646 0.702885 414 0 1745 0.0137328 -0.122725 0.14907 -3.06212 -0.411416 141.755 
-0.089554 -0.566977 116245 1 -0.453646 0.702885 415 0 1747 0.0110591 -0.117641 0.143654 -3.03568 -0.344579 141.992 
-0.089554 -0.566977 116245 1 -0.453646 0.702885 416 0 1747 0.0110591 -0.117641 0.143654 -3.03568 -0.344579 141.992 
-0.012866 -0.603219 116406 1 -0.453646 0.702885 417 0 1751 0.0103128 -0.116561 0.144836 -3.0845 -0.347162 141.968 
-0.012866 -0.603219 116406 1 -0.453646 0.702885 418 0 1751 0.0103128 -0.116561 0.144836 -3.0845 -0.347162 141.968 
0.0201704 -0.618282 116566 1 -0.453646 0.702885 419 0 1755 0.0106652 -0.111246 0.143629 -3.03285 -0.337779 141.949 
0.0201704 -0.618282 116566 1 -0.453646 0.702885 420 0 1755 0.0106652 -0.111246 0.143629 -3.03285 -0.337779 141.949 
-0.0852996 -0.707438 116728 1 -0.453646 0.702885 421 0 1759 0.0126101 -0.117093 0.150392 -3.04359 -0.433163 141.572 
-0.0852996 -0.707438 116728 1 -0.453646 0.702885 422 0 1759 0.0126101 -0.117093 0.150392 -3.04359 -0.433163 141.572 
0.0472403 -0.989796 116887 1 -0.453646 0.702885 423 0 1763 0.0152237 -0.114883 0.105959 -3.00919 -0.00353671 141.901 
0.0472403 -0.989796 116887 1 -0.453646 0.702885 424 0 1763 0.0152237 -0.114883 0.105959 -3.00919 -0.00353671 141.901 
0.0389816 -0.682585 117047 1 -0.453646 0.702885 425 0 1767 0.014894 -0.104386 0.146957 -2.92213 -0.418257 141.677 
0.0389816 -0.682585 117047 1 -0.453646 0.702885 426 0 1767 0.014894 -0.104386 0.146957 -2.92213 -0.418257 141.677 
0.0389816 -0.682585 117047 1 -0.453646 0.702885 427 0 1767 0.014894 -0.104386 0.146957 -2.92213 -0.418257 141.677 
-0.0431715 -0.83182 117208 1 -0.453646 0.702885 428 0 1771 0.0132368 -0.113632 0.149559 -3.01532 -0.414839 141.785 
-0.0431715 -0.83182 117208 1 -0.453646 0.702885 429 0 1771 0.0132368 -0.113632 0.149559 -3.01532 -0.414839 141.785 
0.0427358 -0.951524 117369 1 -0.453646 0.702885 430 0 1775 0.0144796 -0.111468 0.116254 -2.99456 -0.0698882 141.918 
0.0427358 -0.951524 117369 1 -0.453646 0.702885 431 0 1775 0.0144796 -0.111468 0.116254 -2.99456 -0.0698882 141.918 
-0.0535528 -0.620187 117528 1 -0.453646 0.702885 432 0 1779 0.0114644 -0.115819 0.144101 -3.03718 -0.338896 141.926 
-0.18038 -0.798427 117688 1 -0.453646 0.702885 433 0 1783 0.0133747 -0.115762 0.149917 -3.02392 -0.4313 141.556 
-0.18038 -0.798427 117688 1 -0.453646 0.702885 434 0 1783 0.0133747 -0.115762 0.149917 -3.02392 -0.4313 141.556 
-0.149 -0.653082 117769 1 -0.453646 0.702885 435 0 1785 0.0113666 -0.110708 0.143074 -2.99124 -0.336774 142.071 
-0.149 -0.653082 117769 1 -0.453646 0.702885 436 0 1785 0.0113666 -0.110708 0.143074 -2.99124 -0.336774 142.071 
-0.149 -0.653082 117769 1 -0.453646 0.702885 437 0 1785 0.0113666 -0.110708 0.143074 -2.99124 -0.336774 142.071 
-0.147775 -0.723398 117929 1 -0.453646 0.702885 438 0 1789 0.0106852 -0.109762 0.143869 -2.98956 -0.310171 141.989 
-0.147775 -0.723398 117929 1 -0.453646 0.702885 439 0 1789 0.0106852 -0.109762 0.143869 -2.98956 -0.310171 141.989 
-0.0797623 -0.723662 118089 1 -0.453646 0.702885 440 0 1793 0.0121511 -0.106164 0.149268 -2.91769 -0.340684 141.823 
-0.140559 -0.724152 118250 1 -0.453646 0.702885 441 0 1797 0.0130741 -0.113682 0.152313 -2.96397 -0.397888 141.608 
-0.140559 -0.724152 118250 1 -0.453646 0.702885 442 0 1797 0.0130741 -0.113682 0.152313 -2.96397 -0.397888 141.608 
-0.0451776 -0.587839 118331 1 -0.453646 0.702885 443 0 1799 0.0132393 -0.101248 0.148538 -2.85985 -0.380086 142.01 
-0.0451776 -0.587839 118331 1 -0.453646 0.702885 444 0 1799 0.0132393 -0.101248 0.148538 -2.85985 -0.380086 142.01 
-0.0725546 -0.652629 118490 1 -0.453646 0.702885 445 0 1803 0.0118286 -0.105374 0.141543 -2.9205 -0.319536 142.07 
-0.0725546 -0.652629 118490 1 -0.453646 0.702885 446 0 1803 0.0118286 -0.105374 0.141543 -2.9205 -0.319536 142.07 
-0.169469 -0.780635 118650 1 -0.453646 0.702885 447 0 1807 0.0143527 -0.109166 0.147633 -2.93364 -0.425358 141.683 
-0.169469 -0.780635 118650 1 -0.453646 0.702885 448 0 1807 0.0143527 -0.109166 0.147633 -2.93364 -0.425358 141.683 
-0.286301 -0.943353 118810 1 -0.453646 0.702885 449 0 1811 0.0143617 -0.117919 0.145969 -3.00209 -0.422976 141.76 
-0.286301 -0.943353 118810 1 -0.453646 0.702885 450 0 1811 0.0143617 -0.117919 0.145969 -3.00209 -0.422976 141.76 
-4.07308 0.863861 118971 1 -0.453646 0.702885 451 0 1815 0.0143617 -0.117919 0.145969 -3.00209 -0.422976 141.76 
-4.07308 0.863861 118971 1 -0.453646 0.702885 452 0 1815 0.0143617 -0.117919 0.145969 -3.00209 -0.422976 141.76 
0.136292 -1.06491 119091 1 -0.453646 0.702885 453 0 1818 0.0123274 -0.107651 0.130541 -2.96338 -0.349942 141.896 
0.136292 -1.06491 119091 1 -0.453646 0.702885 454 0 1818 0.0123274 -0.107651 0.130541 -2.96338 -0.349942 141.896 
-0.0553756 -0.609854 119251 1 -0.453646 0.702885 455 0 1822 0.0087304 -0.115138 0.134672 -3.00748 -0.419585 141.492 
-0.0553756 -0.609854 119251 1 -0.453646 0.702885 456 0 1822 0.0087304 -0.115138 0.134672 -3.00748 -0.419585 141.492 
-0.0657455 -0.777886 119412 1 -0.453646 0.702885 457 0 1826 0.0136909 -0.11268 0.131194 -2.97779 -0.371646 141.889 
-0.0699204 -0.771252 119532 1 -0.453646 0.702885 458 0 1829 0.0128684 -0.118218 0.136573 -3.03852 -0.41353 141.91 
-0.0699204 -0.771252 119532 1 -0.453646 0.702885 459 0 1829 0.0128684 -0.118218 0.136573 -3.03852 -0.41353 141.91 
-0.0615264 -0.851916 119612 1 -0.453646 0.702885 460 0 1831 0.0131701 -0.108198 0.130983 -2.93899 -0.338618 141.915 
-0.0615264 -0.851916 119612 1 -0.453646 0.702885 461 0 1831 0.0131701 -0.108198 0.130983 -2.93899 -0.338618 141.915 
-0.0806795 -0.889822 119773 1 -0.453646 0.702885 462 0 1835 0.01226 -0.110695 0.129763 -2.9817 -0.325989 141.905 
-0.0806795 -0.889822 119773 1 -0.453646 0.702885 463 0 1835 0.01226 -0.110695 0.129763 -2.9817 -0.325989 141.905 
-0.131212 -0.873573 119932 1 -0.453646 0.702885 464 0 1839 0.012201 -0.108016 0.131936 -2.96669 -0.332674 141.883 
-0.131212 -0.873573 119932 1 -0.453646 0.702885 465 0 1839 0.012201 -0.108016 0.131936 -2.96669 -0.332674 141.883 
-0.128597 -0.954511 120093 1 -0.453646 0.702885 466 0 1843 0.0123281 -0.119004 0.137962 -3.04813 -0.401147 141.814 
-0.128597 -0.954511 120093 1 -0.453646 0.702885 467 0 1843 0.0123281 -0.119004 0.137962 -3.04813 -0.401147 141.814 
-0.128597 -0.954511 120093 1 -0.453646 0.702885 468 0 1843 0.0123281 -0.119004 0.137962 -3.04813 -0.401147 141.814 
-0.231008 -1.10705 120254 1 -0.453646 0.702885 469 0 1847 0.0130521 -0.123656 0.133797 -3.0818 -0.377997 141.928 
-0.231008 -1.10705 120254 1 -0.453646 0.702885 470 0 1847 0.0130521 -0.123656 0.133797 -3.0818 -0.377997 141.928 
0.367047 -0.933709 120414 1 -0.453646 0.702885 471 0 1851 0.0261852 -0.0524863 0.118391 -2.35906 -0.264909 141.544 
0.367047 -0.933709 120414 1 -0.453646 0.702885 472 0 1851 0.0261852 -0.0524863 0.118391 -2.35906 -0.264909 141.544 
-0.0787286 -1.27816 120574 1 -0.453646 0.702885 473 0 1855 0.0184371 -0.085059 0.118815 -2.72521 -0.201432 142.213 
-0.0787286 -1.27816 120574 1 -0.453646 0.702885 474 0 1855 0.0184371 -0.085059 0.118815 -2.72521 -0.201432 142.213 
-0.521454 -1.40027 120694 1 -0.453646 0.702885 475 0 1858 0.0181438 -0.100915 0.113929 -2.88843 -0.148829 142.113 
-0.521454 -1.40027 120694 1 -0.453646 0.702885 476 0 1858 0.0181438 -0.100915 0.113929 -2.88843 -0.148829 142.113 
-0.521454 -1.40027 120694 1 -0.453646 0.702885 477 0 1858 0.0181438 -0.100915 0.113929 -2.88843 -0.148829 142.113 
-0.619123 -1.12519 120855 1 -0.453646 0.702885 478 0 1862 0.0171277 -0.108399 0.116872 -2.96352 -0.169843 141.848 
-1.18188 -0.611741 121015 1 -0.453646 0.702885 479 0 1866 0.0124076 -0.104582 0.11888 -2.93122 -0.247552 141.066 
-1.18188 -0.611741 121015 1 -0.453646 0.702885 480 0 1866 0.0124076 -0.104582 0.11888 -2.93122 -0.247552 141.066 
-1.18188 -0.611741 121015 1 -0.453646 0.702885 481 0 1866 0.0124076 -0.104582 0.11888 -2.93122 -0.247552 141.066 
-0.901411 -1.0496 121175 1 -0.453646 0.702885 482 0 1870 0.0131947 -0.119351 0.122273 -3.12561 -0.284517 141.524 
-0.901411 -1.0496 121175 1 -0.453646 0.702885 483 0 1870 0.0131947 -0.119351 0.122273 -3.12561 -0.284517 141.524 
-0.200312 -0.919683 121336 1 -0.453646 0.702885 484 0 1874 0.0227606 -0.0935426 0.101735 -2.81267 -0.0894365 141.424 
-0.200312 -0.919683 121336 1 -0.453646 0.702885 485 0 1874 0.0227606 -0.0935426 0.101735 -2.81267 -0.0894365 141.424 
-0.419127 -0.885253 121455 1 -0.453646 0.702885 486 0 1877 0.0163484 -0.108662 0.119687 -2.95068 -0.268301 141.602 
-0.419127 -0.885253 121455 1 -0.453646 0.702885 487 0 1877 0.0163484 -0.108662 0.119687 -2.95068 -0.268301 141.602 
-0.575527 -0.878199 121616 1 -0.453646 0.702885 488 0 1881 0.0142215 -0.120341 0.121715 -3.07926 -0.287316 141.463 
-0.575527 -0.878199 121616 1 -0.453646 0.702885 489 0 1881 0.0142215 -0.120341 0.121715 -3.07926 -0.287316 141.463 
-0.771868 -0.882267 121777 1 -0.453646 0.702885 490 0 1885 0.0123415 -0.124352 0.125103 -3.15728 -0.340918 141.357 
-0.771868 -0.882267 121777 1 -0.453646 0.702885 491 0 1885 0.0123415 -0.124352 0.125103 -3.15728 -0.340918 141.357 
0.00804315 -0.697135 121936 1 -0.453646 0.702885 492 0 1889 0.0130719 -0.0512277 0.119242 -2.37107 -0.254456 140.299 
0.00804315 -0.697135 121936 1 -0.453646 0.702885 493 0 1889 0.0130719 -0.0512277 0.119242 -2.37107 -0.254456 140.299 
-0.426389 -1.22185 122097 1 -0.453646 0.702885 494 0 1893 0.0150986 -0.0913656 0.126228 -2.79515 -0.282139 141.734 
-0.426389 -1.22185 122097 1 -0.453646 0.702885 495 0 1893 0.0150986 -0.0913656 0.126228 -2.79515 -0.282139 141.734 
-0.562996 -1.21565 122217 1 -0.453646 0.702885 496 0 1896 0.0149917 -0.103047 0.125568 -2.89234 -0.263096 141.797 
-0.562996 -1.21565 122217 1 -0.453646 0.702885 497 0 1896 0.0149917 -0.103047 0.125568 -2.89234 -0.263096 141.797 
-0.156005 -0.0824255 122419 1 -0.453646 0.702885 498 0 1901 0.0216663 -0.0404991 0.118023 -2.19073 -0.224952 140.664 
-0.156005 -0.0824255 122419 1 -0.453646 0.702885 499 0 1901 0.0216663 -0.0404991 0.118023 -2.19073 -0.224952 140.664 
-0.207396 -1.19507 122578 1 -0.453646 0.702885 500 0 1905 0.0192393 -0.0751508 0.12231 -2.58008 -0.243893 142.083 
-0.207396 -1.19507 122578 1 -0.453646 0.702885 501 0 1905 0.0192393 -0.0751508 0.12231 -2.58008 -0.243893 142.083 
-0.39477 -1.34584 122699 1 -0.453646 0.702885 502 0 1908 0.0174533 -0.106808 0.125671 -2.89542 -0.277469 141.967 
-0.39477 -1.34584 122699 1 -0.453646 0.702885 503 0 1908 0.0174533 -0.106808 0.125671 -2.89542 -0.277469 141.967 
-0.39477 -1.34584 122699 1 -0.453646 0.702885 504 0 1908 0.0174533 -0.106808 0.125671 -2.89542 -0.277469 141.967 
0.203992 -0.964063 122859 1 -0.453646 0.702885 505 0 1912 0.0218392 -0.0367762 0.129418 -2.13582 -0.303285 140.801 
0.203992 -0.964063 122859 1 -0.453646 0.702885 506 0 1912 0.0218392 -0.0367762 0.129418 -2.13582 -0.303285 140.801 
0.262718 -0.911737 123059 1 -0.453646 0.702885 507 0 1917 0.022448 -0.0329367 0.135695 -2.08556 -0.358158 140.901 
0.262718 -0.911737 123059 1 -0.453646 0.702885 508 0 1917 0.022448 -0.0329367 0.135695 -2.08556 -0.358158 140.901 
-0.0926787 -1.38613 123219 1 -0.453646 0.702885 509 0 1921 0.0198909 -0.0767718 0.133554 -2.5646 -0.309335 142.035 
-0.0926787 -1.38613 123219 1 -0.453646 0.702885 510 0 1921 0.0198909 -0.0767718 0.133554 -2.5646 -0.309335 142.035 
-0.426169 -1.26958 123339 1 -0.453646 0.702885 511 0 1924 0.0157903 -0.108665 0.13735 -2.90001 -0.348716 141.882 
-0.645033 -1.19603 123540 1 -0.453646 0.702885 512 0 1929 0.0135867 -0.124789 0.139827 -3.05901 -0.384802 141.764 
-0.645033 -1.19603 123621 1 -0.453646 0.702885 513 0 1931 0.0135867 -0.124789 0.139827 -3.05901 -0.384802 141.764 
-0.645033 -1.19603 123621 1 -0.453646 0.702885 514 0 1931 0.0135867 -0.124789 0.139827 -3.05901 -0.384802 141.764 
0.289664 -0.786116 123659 1 -0.453646 0.702885 515 0 1932 0.0226067 -0.0330271 0.137796 -2.07626 -0.392966 140.746 
0.289664 -0.786116 123659 1 -0.453646 0.702885 516 0 1932 0.0226067 -0.0330271 0.137796 -2.07626 -0.392966 140.746 
-0.0688546 -1.29859 123780 1 -0.453646 0.702885 517 0 1935 0.0185097 -0.0759578 0.131749 -2.56136 -0.309731 142.012 
-0.502348 -1.24184 123941 1 -0.453646 0.702885 518 0 1939 0.0150727 -0.109172 0.135811 -2.92082 -0.347983 141.892 
-0.502348 -1.24184 123941 1 -0.453646 0.702885 519 0 1939 0.0150727 -0.109172 0.135811 -2.92082 -0.347983 141.892 
0.202741 -0.904876 124022 1 -0.453646 0.702885 520 0 1941 0.0223084 -0.0364957 0.132906 -2.14428 -0.347358 140.957 
0.202741 -0.904876 124022 1 -0.453646 0.702885 521 0 1941 0.0223084 -0.0364957 0.132906 -2.14428 -0.347358 140.957 
-0.155536 -1.34552 124181 1 -0.453646 0.702885 522 0 1945 0.0186286 -0.079618 0.134549 -2.61403 -0.3345 142.032 
-0.155536 -1.34552 124262 1 -0.453646 0.702885 523 0 1947 0.0186286 -0.079618 0.134549 -2.61403 -0.3345 142.032 
-0.155536 -1.34552 124262 1 -0.453646 0.702885 524 0 1947 0.0186286 -0.079618 0.134549 -2.61403 -0.3345 142.032 
-0.528286 -1.29261 124382 1 -0.453646 0.702885 525 0 1950 0.0157 -0.110449 0.13354 -2.94214 -0.327991 142.022 
-0.547402 -1.18862 124542 1 -0.453646 0.702885 526 0 1954 0.0137477 -0.117112 0.132864 -3.06154 -0.342075 141.877 
-0.547402 -1.18862 124542 1 -0.453646 0.702885 527 0 1954 0.0137477 -0.117112 0.132864 -3.06154 -0.342075 141.877 
-0.547402 -1.18862 124542 1 -0.453646 0.702885 528 0 1954 0.0137477 -0.117112 0.132864 -3.06154 -0.342075 141.877 
0.334029 -0.897066 124622 1 -0.453646 0.702885 529 0 1956 0.0206554 -0.0428795 0.128126 -2.27713 -0.308741 140.858 
0.0419684 -1.20172 124743 1 -0.453646 0.702885 530 0 1959 0.0164953 -0.0783101 0.133039 -2.68676 -0.317751 141.902 
-0.179793 -0.478735 124822 1 -0.453646 0.702885 531 0 1961 0.0210617 -0.0641419 0.115874 -2.51169 -0.156067 141.222 
-0.179793 -0.478735 124822 1 -0.453646 0.702885 532 0 1961 0.0210617 -0.0641419 0.115874 -2.51169 -0.156067 141.222 
0.0769138 -0.678632 124983 1 -0.453646 0.702885 533 0 1965 0.0185083 -0.0479262 0.135498 -2.33476 -0.355292 140.68 
-0.289146 -1.18997 125103 1 -0.453646 0.702885 534 0 1968 0.0173835 -0.0838271 0.137471 -2.7519 -0.332186 142.083 
-0.289146 -1.18997 125103 1 -0.453646 0.702885 535 0 1968 0.0173835 -0.0838271 0.137471 -2.7519 -0.332186 142.083 
-0.109229 -0.36785 125182 1 -0.453646 0.702885 536 0 1970 0.019676 -0.0556699 0.123405 -2.45972 -0.214489 141.408 
-0.109229 -0.36785 125182 1 -0.453646 0.702885 537 0 1970 0.019676 -0.0556699 0.123405 -2.45972 -0.214489 141.408 
-0.0271359 -0.798907 125303 1 -0.453646 0.702885 538 0 1973 0.0170107 -0.0544238 0.134119 -2.44824 -0.347728 140.645 
-0.23095 -1.30965 125464 1 -0.453646 0.702885 539 0 1977 0.0169559 -0.0852877 0.13765 -2.78003 -0.340286 142.058 
-0.23095 -1.30965 125543 1 -0.453646 0.702885 540 0 1979 0.0169559 -0.0852877 0.13765 -2.78003 -0.340286 142.058 
-0.23095 -1.30965 125624 1 -0.453646 0.702885 541 0 1981 0.0169559 -0.0852877 0.13765 -2.78003 -0.340286 142.058 
-0.23095 -1.30965 125664 1 -0.453646 0.702885 542 0 1982 0.0169559 -0.0852877 0.13765 -2.78003 -0.340286 142.058 
-0.23095 -1.30965 125664 1 -0.453646 0.702885 543 0 1982 0.0169559 -0.0852877 0.13765 -2.78003 -0.340286 142.058 
-0.0148714 -0.906092 125704 1 -0.453646 0.702885 544 0 1983 0.0211863 -0.0712919 0.112682 -2.64553 -0.0800555 142.265 
-0.0148714 -0.906092 125704 1 -0.453646 0.702885 545 0 1983 0.0211863 -0.0712919 0.112682 -2.64553 -0.0800555 142.265 
-0.471055 -0.457596 125864 1 -0.453646 0.702885 546 0 1987 0.0106956 -0.0994005 0.127522 -2.9299 -0.259752 141.755 
-0.372019 -0.741493 126024 1 -0.453646 0.702885 547 0 1991 0.0153213 -0.109041 0.136799 -3.02967 -0.344345 141.952 
-0.372019 -0.741493 126145 1 -0.453646 0.702885 548 0 1994 0.0153213 -0.109041 0.136799 -3.02967 -0.344345 141.952 
-0.372019 -0.741493 126145 1 -0.453646 0.702885 549 0 1994 0.0153213 -0.109041 0.136799 -3.02967 -0.344345 141.952 
-0.0380738 -0.0174987 126186 1 -0.453646 0.702885 550 1 1995 0.0187997 -0.0499841 0.135953 -2.37088 -0.352473 140.707 
-0.0380738 -0.0174987 126186 1 -0.453646 0.702885 551 1 1995 0.0187997 -0.0499841 0.135953 -2.37088 -0.352473 140.707 
-0.0955959 -0.395401 126345 1 -0.453646 0.702885 552 0 1999 0.0198937 -0.0581389 0.127169 -2.46136 -0.243104 141.264 
-0.0955959 -0.395401 126345 1 -0.453646 0.702885 553 0 1999 0.0198937 -0.0581389 0.127169 -2.46136 -0.243104 141.264 
0.111311 -0.521478 126465 1 -0.453646 0.702885 554 0 2002 0.0263855 -0.0476436 0.125144 -2.34263 -0.204532 141.497 
-0.0479692 -0.728667 126626 1 -0.453646 0.702885 555 0 2006 0.0197059 -0.0686343 0.13693 -2.59035 -0.318963 142.2 
-0.126286 -0.988289 126705 1 -0.453646 0.702885 556 0 2008 0.0183436 -0.0806498 0.135946 -2.71872 -0.31432 142.072 
-0.126286 -0.988289 126705 1 -0.453646 0.702885 557 0 2008 0.0183436 -0.0806498 0.135946 -2.71872 -0.31432 142.072 
-0.126286 -0.988289 126705 1 -0.453646 0.702885 558 0 2008 0.0183436 -0.0806498 0.135946 -2.71872 -0.31432 142.072 
0.0558876 -0.195909 126786 1 -0.453646 0.702885 559 1 2010 0.0191779 -0.035472 0.133654 -2.23067 -0.317819 140.785 
-0.0915593 -0.402169 126946 1 -0.453646 0.702885 560 0 2014 0.0194575 -0.0573705 0.129268 -2.44962 -0.249623 141.198 
-0.0915593 -0.402169 126946 1 -0.453646 0.702885 561 0 2014 0.0194575 -0.0573705 0.129268 -2.44962 -0.249623 141.198 
-0.0734456 -0.598773 127106 1 -0.453646 0.702885 562 0 2018 0.0179636 -0.0761663 0.138199 -2.66399 -0.303085 142.133 
-0.0734456 -0.598773 127106 1 -0.453646 0.702885 563 0 2018 0.0179636 -0.0761663 0.138199 -2.66399 -0.303085 142.133 
-0.0734456 -0.598773 127106 1 -0.453646 0.702885 564 0 2018 0.0179636 -0.0761663 0.138199 -2.66399 -0.303085 142.133 
-0.0572909 -0.597693 127227 1 -0.453646 0.702885 565 0 2021 0.0166179 -0.0799547 0.134433 -2.71519 -0.272774 142.199 
-0.0572909 -0.597693 127227 1 -0.453646 0.702885 566 0 2021 0.0166179 -0.0799547 0.134433 -2.71519 -0.272774 142.199 
-0.0470963 -0.148387 127388 1 -0.453646 0.702885 567 1 2025 0.0172549 -0.0485301 0.126992 -2.40883 -0.273101 141.321 
-0.0470963 -0.148387 127388 1 -0.453646 0.702885 568 1 2025 0.0172549 -0.0485301 0.126992 -2.40883 -0.273101 141.321 
0.1075 -0.69832 127547 1 -0.453646 0.702885 569 0 2029 0.015575 -0.0624861 0.12976 -2.58782 -0.33065 141.028 
0.1075 -0.69832 127547 1 -0.453646 0.702885 570 0 2029 0.015575 -0.0624861 0.12976 -2.58782 -0.33065 141.028 
0.217398 -0.886492 127708 1 -0.453646 0.702885 571 0 2033 0.017487 -0.0472176 0.119045 -2.41696 -0.228481 141.319 
0.217398 -0.886492 127708 1 -0.453646 0.702885 572 0 2033 0.017487 -0.0472176 0.119045 -2.41696 -0.228481 141.319 
0.166501 -0.628954 127867 1 -0.453646 0.702885 573 0 2037 0.0184474 -0.038139 0.127206 -2.29488 -0.316259 140.739 
0.166501 -0.628954 127867 1 -0.453646 0.702885 574 0 2037 0.0184474 -0.038139 0.127206 -2.29488 -0.316259 140.739 
0.22096 -0.732366 128028 1 -0.453646 0.702885 575 0 2041 0.0188939 -0.033335 0.123803 -2.23564 -0.285031 140.682 
0.22096 -0.732366 128028 1 -0.453646 0.702885 576 0 2041 0.0188939 -0.033335 0.123803 -2.23564 -0.285031 140.682 
-0.0222697 -1.1377 128188 1 -0.453646 0.702885 577 0 2045 0.0196122 -0.0647702 0.126869 -2.61512 -0.305526 142.17 
-0.0222697 -1.1377 128188 1 -0.453646 0.702885 578 0 2045 0.0196122 -0.0647702 0.126869 -2.61512 -0.305526 142.17 
-0.0222697 -1.1377 128188 1 -0.453646 0.702885 579 0 2045 0.0196122 -0.0647702 0.126869 -2.61512 -0.305526 142.17 
-0.138565 -0.953387 128389 1 -0.453646 0.702885 580 0 2050 0.0157137 -0.0989932 0.127699 -2.97612 -0.314858 142.199 
-0.138565 -0.953387 128389 1 -0.453646 0.702885 581 0 2050 0.0157137 -0.0989932 0.127699 -2.97612 -0.314858 142.199 
-0.0958392 -0.924516 128549 1 -0.453646 0.702885 582 0 2054 0.014883 -0.104301 0.128756 -3.03158 -0.322326 142.105 
-0.3006 -0.648603 128709 1 -0.453646 0.702885 583 0 2058 0.0118287 -0.118937 0.132207 -3.17729 -0.384192 141.878 
-0.3006 -0.648603 128709 1 -0.453646 0.702885 584 0 2058 0.0118287 -0.118937 0.132207 -3.17729 -0.384192 141.878 
-0.114662 -0.591933 128790 1 -0.453646 0.702885 585 0 2060 0.0104057 -0.0983712 0.129058 -2.98372 -0.379505 141.847 
-0.114662 -0.591933 128790 1 -0.453646 0.702885 586 0 2060 0.0104057 -0.0983712 0.129058 -2.98372 -0.379505 141.847 
-0.114662 -0.591933 128790 1 -0.453646 0.702885 587 0 2060 0.0104057 -0.0983712 0.129058 -2.98372 -0.379505 141.847 
-0.0159853 -0.676531 128949 1 -0.453646 0.702885 588 0 2064 0.0101659 -0.101384 0.125438 -3.02257 -0.332275 141.856 
-0.0159853 -0.676531 128949 1 -0.453646 0.702885 589 0 2064 0.0101659 -0.101384 0.125438 -3.02257 -0.332275 141.856 
-0.141965 -0.757246 129110 1 -0.453646 0.702885 590 0 2068 0.0101106 -0.0982415 0.122396 -2.98313 -0.282511 141.808 
-0.141965 -0.757246 129110 1 -0.453646 0.702885 591 0 2068 0.0101106 -0.0982415 0.122396 -2.98313 -0.282511 141.808 
-0.229777 -0.80602 129272 1 -0.453646 0.702885 592 0 2072 0.0109552 -0.115563 0.127503 -3.13476 -0.315046 141.757 
-0.229777 -0.80602 129272 1 -0.453646 0.702885 593 0 2072 0.0109552 -0.115563 0.127503 -3.13476 -0.315046 141.757 
-0.102665 -0.766541 129431 1 -0.453646 0.702885 594 0 2076 0.0110944 -0.103383 0.123352 -2.99954 -0.297106 141.848 
-0.141718 -0.57654 129592 1 -0.453646 0.702885 595 0 2080 0.0119049 -0.110709 0.130435 -3.08239 -0.380961 141.86 
-0.141718 -0.57654 129592 1 -0.453646 0.702885 596 0 2080 0.0119049 -0.110709 0.130435 -3.08239 -0.380961 141.86 
-0.141718 -0.57654 129592 1 -0.453646 0.702885 597 0 2080 0.0119049 -0.110709 0.130435 -3.08239 -0.380961 141.86 
-0.132292 -0.621731 129671 1 -0.453646 0.702885 598 0 2082 0.0103515 -0.109753 0.126056 -3.07439 -0.333788 141.828 
-0.132292 -0.621731 129671 1 -0.453646 0.702885 599 0 2082 0.0103515 -0.109753 0.126056 -3.07439 -0.333788 141.828 
-0.132384 -0.591732 129832 1 -0.453646 0.702885 600 0 2086 0.00994301 -0.1105 0.126429 -3.07118 -0.337846 141.72 
-0.132384 -0.591732 129832 1 -0.453646 0.702885 601 0 2086 0.00994301 -0.1105 0.126429 -3.07118 -0.337846 141.72 
-0.132384 -0.591732 129832 1 -0.453646 0.702885 602 0 2086 0.00994301 -0.1105 0.126429 -3.07118 -0.337846 141.72 
-0.134139 -0.6769 129992 1 -0.453646 0.702885 603 0 2090 0.0111589 -0.105204 0.124359 -3.01073 -0.313713 141.77 
-0.134139 -0.6769 129992 1 -0.453646 0.702885 604 0 2090 0.0111589 -0.105204 0.124359 -3.01073 -0.313713 141.77 
-0.0454231 -0.959397 130192 1 -0.453646 0.702885 605 0 2095 0.013171 -0.0972118 0.122524 -2.97296 -0.302463 142.068 
-0.0454231 -0.959397 130192 1 -0.453646 0.702885 606 0 2095 0.013171 -0.0972118 0.122524 -2.97296 -0.302463 142.068 
-0.155692 -0.771261 130353 1 -0.453646 0.702885 607 0 2099 0.00952813 -0.0967277 0.12502 -2.9858 -0.317076 141.844 
-0.153255 -0.779861 130513 1 -0.453646 0.702885 608 0 2103 0.0131935 -0.114357 0.131459 -3.13815 -0.368465 141.911 
-0.136921 -0.828061 130593 1 -0.453646 0.702885 609 0 2105 0.0116789 -0.118214 0.132203 -3.16943 -0.371086 141.911 
-0.136921 -0.828061 130593 1 -0.453646 0.702885 610 0 2105 0.0116789 -0.118214 0.132203 -3.16943 -0.371086 141.911 
-0.121021 -0.86237 130674 1 -0.453646 0.702885 611 0 2107 0.0110436 -0.121972 0.131544 -3.20538 -0.363386 141.881 
-0.0401179 -0.850755 130833 1 -0.453646 0.702885 612 0 2111 0.0102693 -0.125674 0.131575 -3.25058 -0.352782 141.854 
-0.0401179 -0.850755 130833 1 -0.453646 0.702885 613 0 2111 0.0102693 -0.125674 0.131575 -3.25058 -0.352782 141.854 
-0.0524677 -0.736357 130914 1 -0.453646 0.702885 614 0 2113 0.0162508 -0.0981412 0.107047 -2.98299 -0.0736043 142.739 
-0.0524677 -0.736357 130914 1 -0.453646 0.702885 615 0 2113 0.0162508 -0.0981412 0.107047 -2.98299 -0.0736043 142.739 
-0.0524677 -0.736357 130914 1 -0.453646 0.702885 616 0 2113 0.0162508 -0.0981412 0.107047 -2.98299 -0.0736043 142.739 
-0.171047 -0.310064 131034 1 -0.453646 0.702885 617 0 2116 0.0123855 -0.106423 0.121096 -3.05694 -0.229857 142.105 
-0.202894 -0.731606 131234 1 -0.453646 0.702885 618 0 2121 0.0106101 -0.115299 0.120291 -3.13334 -0.225551 141.971 
-0.202894 -0.731606 131234 1 -0.453646 0.702885 619 0 2121 0.0106101 -0.115299 0.120291 -3.13334 -0.225551 141.971 
-0.202894 -0.731606 131234 1 -0.453646 0.702885 620 0 2121 0.0106101 -0.115299 0.120291 -3.13334 -0.225551 141.971 
-0.2462 -0.575507 131355 1 -0.453646 0.702885 621 0 2124 0.00852667 -0.113925 0.125799 -3.1072 -0.283929 141.622 
-0.2462 -0.575507 131355 1 -0.453646 0.702885 622 0 2124 0.00852667 -0.113925 0.125799 -3.1072 -0.283929 141.622 
0.434088 -0.668811 131554 1 -0.453646 0.702885 623 0 2129 0.00800457 -0.119935 0.118314 -3.18903 -0.21037 142.162 
0.434088 -0.668811 131554 1 -0.453646 0.702885 624 0 2129 0.00800457 -0.119935 0.118314 -3.18903 -0.21037 142.162 
0.434088 -0.668811 131554 1 -0.453646 0.702885 625 0 2129 0.00800457 -0.119935 0.118314 -3.18903 -0.21037 142.162 
0.422135 -0.54482 131675 1 -0.453646 0.702885 626 0 2132 0.00801175 -0.124861 0.121472 -3.2373 -0.230896 142.066 
0.422135 -0.54482 131675 1 -0.453646 0.702885 627 0 2132 0.00801175 -0.124861 0.121472 -3.2373 -0.230896 142.066 
0.794648 -0.78322 131876 1 -0.453646 0.702885 628 0 2137 0.0100781 -0.0760305 0.0725216 -2.74835 0.16348 141.416 
0.794648 -0.78322 131876 1 -0.453646 0.702885 629 0 2137 0.0100781 -0.0760305 0.0725216 -2.74835 0.16348 141.416 
-0.117162 -0.726852 132036 1 -0.453646 0.702885 630 0 2141 0.00875019 -0.117432 0.1247 -3.11617 -0.29405 141.684 
-0.117162 -0.726852 132036 1 -0.453646 0.702885 631 0 2141 0.00875019 -0.117432 0.1247 -3.11617 -0.29405 141.684 
0.0167972 -0.674414 132196 1 -0.453646 0.702885 632 0 2145 0.0107124 -0.0971282 0.126749 -2.918 -0.343292 141.603 
-0.111879 -0.730543 132356 1 -0.453646 0.702885 633 0 2149 0.0113547 -0.115781 0.130717 -3.10388 -0.366562 141.743 
-0.111879 -0.730543 132356 1 -0.453646 0.702885 634 0 2149 0.0113547 -0.115781 0.130717 -3.10388 -0.366562 141.743 
-0.162072 -0.846716 132437 1 -0.453646 0.702885 635 0 2151 0.013381 -0.105919 0.125342 -3.01481 -0.304498 142.034 
-0.162072 -0.846716 132437 1 -0.453646 0.702885 636 0 2151 0.013381 -0.105919 0.125342 -3.01481 -0.304498 142.034 
-0.163674 -0.959629 132598 1 -0.453646 0.702885 637 0 2155 0.0147121 -0.100405 0.124117 -2.95255 -0.288065 142.038 
-0.163674 -0.959629 132598 1 -0.453646 0.702885 638 0 2155 0.0147121 -0.100405 0.124117 -2.95255 -0.288065 142.038 
-0.132843 -0.713451 132757 1 -0.453646 0.702885 639 0 2159 0.0104023 -0.107888 0.125333 -3.03647 -0.326593 141.857 
-0.132843 -0.713451 132757 1 -0.453646 0.702885 640 0 2159 0.0104023 -0.107888 0.125333 -3.03647 -0.326593 141.857 
-0.174929 -0.617777 132918 1 -0.453646 0.702885 641 0 2163 0.00911743 -0.106561 0.126909 -3.0565 -0.368522 141.694 
-0.174929 -0.617777 132918 1 -0.453646 0.702885 642 0 2163 0.00911743 -0.106561 0.126909 -3.0565 -0.368522 141.694 
-0.174929 -0.617777 132918 1 -0.453646 0.702885 643 0 2163 0.00911743 -0.106561 0.126909 -3.0565 -0.368522 141.694 
0.0683887 -0.815808 133077 1 -0.453646 0.702885 644 0 2167 0.0148903 -0.0896381 0.123774 -2.8893 -0.326498 141.99 
0.0683887 -0.815808 133077 1 -0.453646 0.702885 645 0 2167 0.0148903 -0.0896381 0.123774 -2.8893 -0.326498 141.99 
-0.222585 -0.723386 133238 1 -0.453646 0.702885 646 0 2171 0.00806739 -0.112411 0.12521 -3.09853 -0.320126 141.897 
-0.222585 -0.723386 133238 1 -0.453646 0.702885 647 0 2171 0.00806739 -0.112411 0.12521 -3.09853 -0.320126 141.897 
-0.222585 -0.723386 133238 1 -0.453646 0.702885 648 0 2171 0.00806739 -0.112411 0.12521 -3.09853 -0.320126 141.897 
-0.232406 -0.632864 133398 1 -0.453646 0.702885 649 0 2175 0.00934401 -0.11463 0.1266 -3.10385 -0.341131 141.697 
-0.0938223 -0.501964 133560 1 -0.453646 0.702885 650 0 2179 0.00964898 -0.114368 0.126007 -3.12373 -0.381555 141.543 
-0.0938223 -0.501964 133560 1 -0.453646 0.702885 651 0 2179 0.00964898 -0.114368 0.126007 -3.12373 -0.381555 141.543 
-0.0938223 -0.501964 133560 1 -0.453646 0.702885 652 0 2179 0.00964898 -0.114368 0.126007 -3.12373 -0.381555 141.543 
-0.0937088 -0.638496 133720 1 -0.453646 0.702885 653 0 2183 0.0120455 -0.104622 0.128401 -3.03669 -0.374352 142.028 
-0.0937088 -0.638496 133720 1 -0.453646 0.702885 654 0 2183 0.0120455 -0.104622 0.128401 -3.03669 -0.374352 142.028 
-0.00609859 -0.699645 133879 1 -0.453646 0.702885 655 0 2187 0.0104919 -0.0973876 0.123551 -2.94991 -0.322086 141.675 
-0.291166 -0.964722 134040 1 -0.453646 0.702885 656 0 2191 0.0125631 -0.113195 0.132399 -3.10538 -0.407691 142.003 
-0.291166 -0.964722 134040 1 -0.453646 0.702885 657 0 2191 0.0125631 -0.113195 0.132399 -3.10538 -0.407691 142.003 
-0.291166 -0.964722 134040 1 -0.453646 0.702885 658 0 2191 0.0125631 -0.113195 0.132399 -3.10538 -0.407691 142.003 
-0.167191 -0.986309 134160 1 -0.453646 0.702885 659 0 2194 0.0145974 -0.0819504 0.116429 -2.81087 -0.270084 142.165 
0.434172 -0.719307 134320 1 -0.453646 0.702885 660 0 2198 0.0207875 -0.0237806 0.113716 -2.16762 -0.253855 140.975 
0.0248739 -0.93617 134441 1 -0.453646 0.702885 661 0 2201 0.0181057 -0.0669069 0.125357 -2.64183 -0.334974 142.113 
0.0248739 -0.93617 134441 1 -0.453646 0.702885 662 0 2201 0.0181057 -0.0669069 0.125357 -2.64183 -0.334974 142.113 
0.1899 -0.473869 134521 1 -0.453646 0.702885 663 0 2203 0.0141296 -0.0422973 0.124556 -2.35522 -0.352454 140.299 
0.1899 -0.473869 134521 1 -0.453646 0.702885 664 0 2203 0.0141296 -0.0422973 0.124556 -2.35522 -0.352454 140.299 
0.1899 -0.473869 134521 1 -0.453646 0.702885 665 0 2203 0.0141296 -0.0422973 0.124556 -2.35522 -0.352454 140.299 
0.384119 -0.641572 134681 1 -0.453646 0.702885 666 0 2207 0.0205035 -0.0245048 0.116864 -2.17187 -0.25995 140.762 
0.0113388 -0.87291 134841 1 -0.453646 0.702885 667 0 2211 0.0187806 -0.0662747 0.123975 -2.64074 -0.311769 142.203 
0.0113388 -0.87291 134841 1 -0.453646 0.702885 668 0 2211 0.0187806 -0.0662747 0.123975 -2.64074 -0.311769 142.203 
0.357943 -0.555837 134921 1 -0.453646 0.702885 669 0 2213 0.0194574 -0.0318158 0.11677 -2.2525 -0.268728 140.863 
0.224222 -0.205206 135081 1 -0.453646 0.702885 670 0 2217 0.0218407 -0.0329209 0.11931 -2.27579 -0.256941 141.037 
0.224222 -0.205206 135081 1 -0.453646 0.702885 671 0 2217 0.0218407 -0.0329209 0.11931 -2.27579 -0.256941 141.037 
0.289129 -0.262636 135242 1 -0.453646 0.702885 672 0 2221 0.0205416 -0.0213191 0.11835 -2.15459 -0.239312 140.715 
0.289129 -0.262636 135242 1 -0.453646 0.702885 673 0 2221 0.0205416 -0.0213191 0.11835 -2.15459 -0.239312 140.715 
-0.0453991 -0.722061 135362 1 -0.453646 0.702885 674 0 2224 0.0195935 -0.0616412 0.125864 -2.60658 -0.305773 141.996 
-0.0453991 -0.722061 135443 1 -0.453646 0.702885 675 0 2226 0.0195935 -0.0616412 0.125864 -2.60658 -0.305773 141.996 
-0.0453991 -0.722061 135443 1 -0.453646 0.702885 676 0 2226 0.0195935 -0.0616412 0.125864 -2.60658 -0.305773 141.996 
-0.0132174 -0.610086 135603 1 -0.453646 0.702885 677 0 2230 0.0146045 -0.0589561 0.10997 -2.59509 -0.177039 141.757 
-0.0132174 -0.610086 135603 1 -0.453646 0.702885 678 0 2230 0.0146045 -0.0589561 0.10997 -2.59509 -0.177039 141.757 
-0.12414 -0.021308 135724 1 -0.453646 0.702885 679 1 2233 0.0157407 -0.0501732 0.112649 -2.51708 -0.190011 141.426 
-0.232869 -0.645493 135883 1 -0.453646 0.702885 680 0 2237 0.0161876 -0.0783327 0.127561 -2.79479 -0.330529 141.881 
-0.232869 -0.645493 135883 1 -0.453646 0.702885 681 0 2237 0.0161876 -0.0783327 0.127561 -2.79479 -0.330529 141.881 
0.262668 -0.984534 135964 1 -0.453646 0.702885 682 0 2239 0.0155064 -0.0628827 0.115876 -2.60544 -0.213091 141.404 
0.188483 -0.943297 136083 1 -0.453646 0.702885 683 0 2242 0.0158201 -0.0820668 0.126342 -2.81747 -0.319341 142.065 
0.188483 -0.943297 136164 1 -0.453646 0.702885 684 0 2244 0.0158201 -0.0820668 0.126342 -2.81747 -0.319341 142.065 
0.188483 -0.943297 136164 1 -0.453646 0.702885 685 0 2244 0.0158201 -0.0820668 0.126342 -2.81747 -0.319341 142.065 
0.0869318 -0.80519 136204 1 -0.453646 0.702885 686 0 2245 0.0100169 -0.0991232 0.122912 -3.01174 -0.312205 141.824 
0.0869318 -0.80519 136204 1 -0.453646 0.702885 687 0 2245 0.0100169 -0.0991232 0.122912 -3.01174 -0.312205 141.824 
-0.17943 -0.561107 136364 1 -0.453646 0.702885 688 0 2249 0.0080515 -0.112671 0.12408 -3.17502 -0.344188 141.602 
-0.17943 -0.561107 136364 1 -0.453646 0.702885 689 0 2249 0.0080515 -0.112671 0.12408 -3.17502 -0.344188 141.602 
0.00216111 -0.691497 136484 1 -0.453646 0.702885 690 0 2252 0.00122627 -0.0935666 0.120538 -2.97763 -0.280223 141.308 
0.00216111 -0.691497 136484 1 -0.453646 0.702885 691 0 2252 0.00122627 -0.0935666 0.120538 -2.97763 -0.280223 141.308 
-0.0973758 -0.951695 136645 1 -0.453646 0.702885 692 0 2256 0.00227921 -0.116264 0.110343 -3.19229 -0.133779 140.146 
-0.123516 -0.877776 136804 1 -0.453646 0.702885 693 0 2260 0.00595178 -0.133115 0.116453 -3.32897 -0.199912 140.006 
-0.123516 -0.877776 136804 1 -0.453646 0.702885 694 0 2260 0.00595178 -0.133115 0.116453 -3.32897 -0.199912 140.006 
-0.10556 -0.802394 136885 1 -0.453646 0.702885 695 0 2262 0.0137243 -0.100722 0.119642 -3.01433 -0.257014 141.772 
-0.10556 -0.802394 136885 1 -0.453646 0.702885 696 0 2262 0.0137243 -0.100722 0.119642 -3.01433 -0.257014 141.772 
-1.34035 1.57371 137045 1 -0.453646 0.702885 697 0 2266 0.0137243 -0.100722 0.119642 -3.01433 -0.257014 141.772 
-0.0997283 -0.480952 137165 1 -0.453646 0.702885 698 0 2269 0.00864614 -0.112434 0.0949243 -3.02976 -0.191604 138.514 
-0.0997283 -0.480952 137165 1 -0.453646 0.702885 699 0 2269 0.00864614 -0.112434 0.0949243 -3.02976 -0.191604 138.514 
-0.0997283 -0.480952 137286 1 -0.453646 0.702885 700 0 2272 0.00864614 -0.112434 0.0949243 -3.02976 -0.191604 138.514 
-0.0204544 -0.450878 137407 1 -0.453646 0.702885 701 0 2275 0.0142365 -0.109471 0.120475 -2.98261 -0.563019 141.926 
-0.0204544 -0.450878 137407 1 -0.453646 0.702885 702 0 2275 0.0142365 -0.109471 0.120475 -2.98261 -0.563019 141.926 
-0.119423 -0.503789 137486 1 -0.453646 0.702885 703 0 2277 0.00630035 -0.107273 0.12069 -2.95766 -0.564879 141.971 
-0.0760498 -0.553037 137606 1 -0.453646 0.702885 704 0 2280 0.012879 -0.100333 0.12715 -2.91886 -0.611852 141.814 
-0.0760498 -0.553037 137606 1 -0.453646 0.702885 705 0 2280 0.012879 -0.100333 0.12715 -2.91886 -0.611852 141.814 
-0.135542 -0.633279 137687 1 -0.453646 0.702885 706 0 2282 0.00559081 -0.102193 0.122964 -2.93751 -0.519307 141.715 
-0.135542 -0.633279 137687 1 -0.453646 0.702885 707 0 2282 0.00559081 -0.102193 0.122964 -2.93751 -0.519307 141.715 
-0.335706 -0.701261 137848 1 -0.453646 0.702885 708 0 2286 0.00351817 -0.111933 0.118969 -3.0089 -0.397393 141.11 
-0.313554 -0.829539 138007 1 -0.453646 0.702885 709 0 2290 0.00911613 -0.12709 0.126471 -3.12891 -0.435757 140.937 
-0.313554 -0.829539 138088 1 -0.453646 0.702885 710 0 2292 0.00911613 -0.12709 0.126471 -3.12891 -0.435757 140.937 
-0.313554 -0.829539 138128 1 -0.453646 0.702885 711 0 2293 0.00911613 -0.12709 0.126471 -3.12891 -0.435757 140.937 
0.0130936 -0.9126 138208 1 -0.453646 0.702885 712 0 2295 0.0177338 -0.0633218 0.0985504 -2.44954 -0.14997 140.977 
-0.14385 -0.780033 138328 1 -0.453646 0.702885 713 0 2298 0.0163725 -0.0836222 0.111043 -2.66217 -0.324756 141.139 
-0.14385 -0.780033 138409 1 -0.453646 0.702885 714 0 2300 0.0163725 -0.0836222 0.111043 -2.66217 -0.324756 141.139 
-0.14385 -0.780033 138409 1 -0.453646 0.702885 715 0 2300 0.0163725 -0.0836222 0.111043 -2.66217 -0.324756 141.139 
0.0206773 -0.878742 138489 1 -0.453646 0.701923 716 0 2302 0.0198805 -0.0666373 0.0991857 -2.48787 -0.159747 141.345 
-0.0530055 -0.608337 138609 1 -0.451042 0.683654 717 0 2305 0.0170297 -0.091008 0.122155 -2.72657 -0.377138 140.874 
-0.0530055 -0.608337 138689 1 -0.452083 0.686538 718 0 2307 0.0170297 -0.091008 0.122155 -2.72657 -0.377138 140.874 
-0.0530055 -0.608337 138689 1 -0.452604 0.688462 719 0 2307 0.0170297 -0.091008 0.122155 -2.72657 -0.377138 140.874 
-0.0115815 -0.508209 138728 1 -0.445313 0.682692 720 0 2308 0.0142027 -0.103128 0.124596 -2.85852 -0.365224 140.699 
-0.0115815 -0.508209 138728 1 -0.299479 0.440385 721 0 2308 0.0142027 -0.103128 0.124596 -2.85852 -0.365224 140.699 
-0.0185365 -0.626716 138889 1 0.111979 0 722 0 2312 0.0141123 -0.0996816 0.121344 -2.80939 -0.324463 140.848 
0.0109034 -0.554061 139049 1 0.478646 0 723 0 2316 0.016343 -0.10487 0.126284 -2.87092 -0.393998 140.771 
0.0109034 -0.554061 139130 1 0.547396 0 724 0 2318 0.016343 -0.10487 0.126284 -2.87092 -0.393998 140.771 
0.0109034 -0.554061 139130 1 0.536979 0 725 0 2318 0.016343 -0.10487 0.126284 -2.87092 -0.393998 140.771 
0.0109034 -0.554061 139130 1 0.5875 0 726 0 2318 0.016343 -0.10487 0.126284 -2.87092 -0.393998 140.771 
0.145189 -1.0072 139251 1 0.581771 0.0192308 727 0 2321 0.0179073 -0.0956826 0.10397 -2.8015 -0.15188 141.379 
0.145189 -1.0072 139251 1 0.555729 0.0644231 728 0 2321 0.0179073 -0.0956826 0.10397 -2.8015 -0.15188 141.379 
-0.127747 -0.50251 139450 1 0.51875 0.104808 729 0 2326 0.0101236 -0.107237 0.121851 -2.92249 -0.343395 140.723 
-0.183494 -0.528148 139610 1 0.475 0.123077 730 0 2330 0.0128714 -0.116664 0.120243 -3.05466 -0.372805 140.728 
-0.183494 -0.528148 139610 1 0.475 0.113462 731 0 2330 0.0128714 -0.116664 0.120243 -3.05466 -0.372805 140.728 
-0.183494 -0.528148 139650 1 0.481771 0.0923077 732 0 2331 0.0128714 -0.116664 0.120243 -3.05466 -0.372805 140.728 
-0.183494 -0.528148 139650 1 0.486458 0.075 733 0 2331 0.0128714 -0.116664 0.120243 -3.05466 -0.372805 140.728 
-0.227793 -0.427328 139810 1 0.490104 0.0692308 734 0 2335 0.00998632 -0.117957 0.116034 -3.09565 -0.335357 140.679 
-0.399455 -0.494236 139931 1 0.491667 0.0644231 735 0 2338 0.00963021 -0.13839 0.124271 -3.29485 -0.403591 140.518 
-0.399455 -0.494236 139931 1 0.491667 0.0644231 736 0 2338 0.00963021 -0.13839 0.124271 -3.29485 -0.403591 140.518 
-0.210235 -0.399783 140012 1 0.491667 0.0644231 737 0 2340 0.00885014 -0.121501 0.120941 -3.13105 -0.354251 140.652 
-0.210235 -0.399783 140012 1 0.485417 0.0653846 738 0 2340 0.00885014 -0.121501 0.120941 -3.13105 -0.354251 140.652 
-0.197529 -0.483861 140171 1 0.360417 0.0519231 739 0 2344 0.00859034 -0.118195 0.118485 -3.07577 -0.344712 140.796 
-0.197529 -0.483861 140171 1 0.191667 0.00288462 740 0 2344 0.00859034 -0.118195 0.118485 -3.07577 -0.344712 140.796 
-0.0559005 -0.92385 140331 1 0.113542 0 741 0 2348 0.0150578 -0.110189 0.0969679 -2.98306 -0.131926 141.432 
-0.0559005 -0.92385 140331 1 0.116146 0 742 0 2348 0.0150578 -0.110189 0.0969679 -2.98306 -0.131926 141.432 
-0.192797 -0.497144 140493 1 0.11875 0 743 0 2352 0.0108572 -0.121642 0.112441 -3.11394 -0.313201 140.865 
-0.192797 -0.497144 140493 1 0.115104 0.00288462 744 0 2352 0.0108572 -0.121642 0.112441 -3.11394 -0.313201 140.865 
-0.217115 -0.479892 140613 1 0.115104 0.0144231 745 0 2355 0.0104932 -0.121874 0.112347 -3.12388 -0.316101 140.898 
-0.0706615 -0.425654 140773 1 0.115625 0.0144231 746 0 2359 0.0114969 -0.115585 0.118528 -3.05074 -0.351768 140.854 
-0.0706615 -0.425654 140773 1 0.115625 0.0144231 747 0 2359 0.0114969 -0.115585 0.118528 -3.05074 -0.351768 140.854 
-0.0511391 -0.448032 140893 1 0.117188 0.0144231 748 0 2362 0.0129292 -0.105995 0.111579 -2.96901 -0.296512 140.993 
-0.0511391 -0.448032 140893 1 0.11875 0.0125 749 0 2362 0.0129292 -0.105995 0.111579 -2.96901 -0.296512 140.993 
0.390645 -0.236539 141053 1 0.11875 0.0115385 750 0 2366 0.0160232 -0.0729878 0.0986555 -2.64422 -0.106323 141.694 
0.390645 -0.236539 141053 1 0.11875 0.0115385 751 0 2366 0.0160232 -0.0729878 0.0986555 -2.64422 -0.106323 141.694 
0.160577 -0.147041 141173 1 0.119271 0.0115385 752 1 2369 0.00801206 -0.103949 0.125414 -2.95876 -0.41219 140.72 
0.160577 -0.147041 141173 1 0.158854 0.205769 753 1 2369 0.00801206 -0.103949 0.125414 -2.95876 -0.41219 140.72 
0.136942 -0.32304 141335 1 0.213021 0.376923 754 0 2373 0.0110188 -0.103678 0.127002 -2.96297 -0.398647 141.088 
-0.0195441 -0.947428 141534 1 0.232813 0.424038 755 0 2378 0.0134058 -0.100281 0.0964444 -2.93145 -0.106033 141.711 
-0.0195441 -0.947428 141534 1 0.242188 0.419231 756 0 2378 0.0134058 -0.100281 0.0964444 -2.93145 -0.106033 141.711 
-0.0500789 -0.464016 141653 1 0.242188 0.375962 757 0 2381 0.0132999 -0.113793 0.114317 -3.07264 -0.3006 141.143 
-0.0500789 -0.464016 141653 1 0.242188 0.347115 758 0 2381 0.0132999 -0.113793 0.114317 -3.07264 -0.3006 141.143 
0.218656 -0.649906 141815 1 0.244792 0.324038 759 0 2385 0.0127561 -0.0897384 0.115541 -2.83437 -0.302103 140.91 
0.218656 -0.649906 141815 1 0.245312 0.311538 760 0 2385 0.0127561 -0.0897384 0.115541 -2.83437 -0.302103 140.91 
0.485358 -1.02219 141975 1 0.245833 0.300962 761 0 2389 0.0153588 -0.0589371 0.104781 -2.51977 -0.160448 141.312 
0.485358 -1.02219 141975 1 0.245833 0.3 762 0 2389 0.0153588 -0.0589371 0.104781 -2.51977 -0.160448 141.312 
