ImageFile:
0.386828 0.375139 68130 1 0.146354 0.269231 1 1 691 -0.0216645 0.0141692 -0.0306801 2.25812 3.59389 112.156 
0.389528 0.375976 68210 1 0.146354 0.269231 2 1 693 -0.0215538 0.0141292 -0.0306618 2.25858 3.59409 112.154 
0.392589 0.376832 68291 1 0.173437 0.269231 3 1 695 -0.0214266 0.0140972 -0.0306468 2.25899 3.59421 112.152 
0.397619 0.373908 68330 1 0.440625 0.269231 4 1 696 -0.0212454 0.0140205 -0.0305575 2.26017 3.59486 112.13 
0.401436 0.375707 68412 1 0.729688 0.267308 5 1 698 -0.0211631 0.0139807 -0.0305162 2.26064 3.59523 112.129 
0.406403 0.375863 68491 1 0.7875 0.266346 6 1 700 -0.0209971 0.0139083 -0.0304678 2.26153 3.5957 112.125 
0.423435 0.389418 68531 1 0.7875 0.266346 7 1 701 -0.0199643 0.0150592 -0.0278784 2.27893 3.57232 112.198 
0.415006 0.384142 68611 1 0.794792 0.2625 8 1 703 -0.019335 0.0146666 -0.0268524 2.27864 3.55945 112.178 
0.395761 0.348144 68691 1 0.820833 0.225 9 1 705 -0.0197729 0.0129623 -0.0254552 2.27763 3.54533 112.163 
-0.0353745 2.16776 68771 1 0.846875 0.197115 10 0 707 -0.0188554 0.0122038 -0.0228994 2.27588 3.51821 112.194 
0.142547 3.05307 68811 1 0.864583 0.166346 11 0 708 -0.0178652 0.0135232 -0.0259638 2.30655 3.55959 112.192 
0.263284 0.873562 68891 1 0.872396 0.131731 12 1 710 -0.0160283 0.0105606 -0.0208723 2.28055 3.50418 112.256 
0.29227 0.703696 68932 1 0.873437 0.117308 13 1 711 -0.0165721 0.00991726 -0.0217397 2.27407 3.51458 112.249 
0.327725 0.603749 69012 1 0.872917 0.1125 14 1 713 -0.0168624 0.00990978 -0.0213546 2.28273 3.51094 112.149 
0.361145 0.56185 69092 1 0.872396 0.1125 15 1 715 -0.0162168 0.00906377 -0.021851 2.28684 3.51904 112.118 
0.38475 0.540245 69172 1 0.872396 0.1125 16 1 717 -0.0166304 0.00836206 -0.0229716 2.28896 3.53807 112.042 
0.380659 0.512653 69253 1 0.864062 0.130769 17 1 719 -0.0176898 0.00719571 -0.0251295 2.27172 3.56842 111.924 
0.425843 0.449804 69332 1 0.808333 0.195192 18 1 721 -0.0177545 0.0121538 -0.0317125 2.29641 3.66098 111.733 
0.414803 0.398773 69413 1 0.544792 0.4625 19 1 723 -0.0185345 0.0104619 -0.0335712 2.27871 3.71377 111.75 
0.439395 0.404577 69452 1 0.545312 0.464423 20 1 724 -0.0181898 0.0113145 -0.0333361 2.2837 3.72691 111.771 
0.521228 0.483924 69493 1 0.545312 0.464423 21 1 725 -0.0185897 0.0121378 -0.033028 2.29497 3.73262 111.749 
0.521228 0.483924 69493 1 0.556771 0.446154 22 1 725 -0.0185897 0.0121378 -0.033028 2.29497 3.73262 111.749 
0.558207 0.542663 69653 1 0.535417 0.450962 23 1 729 -0.0164059 0.0101 -0.0239434 2.27704 3.67578 111.972 
0.570226 0.540681 69733 1 0.421875 0.570192 24 1 731 -0.0158326 0.00977703 -0.0217811 2.27563 3.65714 112.059 
0.574653 0.544775 69813 1 0.310417 0.660577 25 1 733 -0.0155708 0.0137218 -0.0188889 2.33007 3.62285 112.324 
0.573301 0.546464 69853 1 0.259896 0.718269 26 1 734 -0.0154398 0.0137484 -0.0189736 2.32979 3.62192 112.339 
0.582835 0.552211 69934 1 0.18125 0.743269 27 1 736 -0.0142233 0.0134881 -0.0192102 2.33371 3.61885 112.351 
0.586188 0.559276 70014 1 0.0203125 0.792308 28 1 738 -0.0137434 0.0130708 -0.0194202 2.35091 3.61538 112.185 
0.583161 0.597661 70094 1 0.0177083 0.806731 29 1 740 -0.0136952 0.0155235 -0.0207276 2.35843 3.62798 111.99 
0.586781 0.598397 70134 1 0.0229167 0.869231 30 1 741 -0.014352 0.0158939 -0.0205666 2.35363 3.62982 111.973 
0.599048 0.58831 70214 1 0.0229167 0.946154 31 1 743 -0.015406 0.0150771 -0.0218703 2.32289 3.64905 111.983 
0.586724 0.603114 70294 1 0.0234375 1.00385 32 1 745 -0.0166435 0.0091619 -0.0171509 2.27607 3.60619 112.056 
0.584451 0.603821 70346 1 0.0364583 1.01154 33 1 746 -0.0172207 0.0089435 -0.0171558 2.27935 3.60569 112.065 
0.583966 0.613585 70414 1 0.0375 0.991346 34 1 748 -0.0166814 0.00988926 -0.0148596 2.29524 3.58096 112.077 
0.273256 0.399233 70494 1 0.0395833 0.972115 35 1 750 -0.016692 0.00825659 -0.0132667 2.27361 3.55825 111.997 
0.273256 0.399233 70536 1 0.0427083 0.963462 36 1 751 -0.016692 0.00825659 -0.0132667 2.27361 3.55825 111.997 
0.279099 0.451267 70615 1 0.0447917 0.959615 37 1 753 -0.0175614 0.00836359 -0.0130569 2.27095 3.55588 111.926 
0.218105 0.378931 70695 1 0.046875 0.961538 38 1 755 -0.0185545 0.00815823 -0.0125264 2.27776 3.55151 111.865 
0.218105 0.378931 70735 1 0.0515625 0.970192 39 1 756 -0.0185545 0.00815823 -0.0125264 2.27776 3.55151 111.865 
0.218346 0.373451 70815 1 0.05625 0.975962 40 1 758 -0.0180877 0.00799282 -0.0123468 2.27898 3.55329 111.853 
0.210102 0.378288 70895 1 0.0572917 0.980769 41 1 760 -0.0168448 0.0101775 -0.0124844 2.28884 3.55182 111.826 
0.207859 0.377762 70935 1 0.0645833 0.981731 42 1 761 -0.0170146 0.0102135 -0.0125064 2.28847 3.5516 111.833 
0.202461 0.376127 71016 1 0.06875 0.980769 43 1 763 -0.0178544 0.0102959 -0.0125178 2.28795 3.55179 111.829 
0.202817 0.374207 71096 1 0.0697917 0.979808 44 1 765 -0.0178652 0.0102053 -0.0125205 2.28896 3.55177 111.833 
0.204055 0.3717 71136 1 0.0697917 0.979808 45 1 766 -0.0178504 0.0100843 -0.0125198 2.29028 3.55178 111.835 
0.20332 0.368988 71217 1 0.0697917 0.979808 46 1 768 -0.0178 0.00997987 -0.0125315 2.29151 3.55161 111.84 
0.204571 0.363452 71296 1 0.0697917 0.979808 47 1 770 -0.0178697 0.00984507 -0.0124571 2.29295 3.55244 111.822 
0.205383 0.367802 71336 1 0.0697917 0.979808 48 1 771 -0.0177855 0.00952872 -0.0123653 2.29599 3.5535 111.783 
0.205383 0.367802 71417 1 0.0697917 0.979808 49 1 773 -0.0177855 0.00952872 -0.0123653 2.29599 3.5535 111.783 
0.167764 0.384812 71497 1 0.0697917 0.979808 50 1 775 -0.0171392 0.00643117 -0.0123318 2.27497 3.55329 111.817 
0.168336 0.37622 71537 1 0.0697917 0.979808 51 1 776 -0.0164771 0.00722725 -0.0109055 2.2856 3.5371 111.851 
0.172128 0.369937 71616 1 0.0697917 0.979808 52 1 778 -0.0161353 0.00916402 -0.0129445 2.29802 3.56217 111.829 
0.179692 0.386952 71697 1 0.0697917 0.979808 53 1 780 -0.0165048 0.00967437 -0.0123921 2.29615 3.55318 111.868 
0.178418 0.387607 71737 1 0.0697917 0.979808 54 1 781 -0.0164954 0.00971781 -0.0124055 2.29565 3.55303 111.871 
0.175788 0.359968 71817 1 0.0697917 0.979808 55 1 783 -0.0173274 0.0118837 -0.0135203 2.30659 3.56533 111.962 
0.178479 0.364862 71897 1 0.0697917 0.979808 56 1 785 -0.0171594 0.00978878 -0.0139432 2.28738 3.56432 111.911 
0.178479 0.364862 71938 1 0.0697917 0.979808 57 1 786 -0.0171594 0.00978878 -0.0139432 2.28738 3.56432 111.911 
0.186711 0.386458 72017 1 0.122396 0.976923 58 1 788 -0.0175023 0.0137857 -0.0107757 2.32681 3.53393 112.021 
0.206053 0.38561 72097 1 0.435937 0.910577 59 1 790 -0.0173172 0.0156691 -0.0113338 2.34188 3.54399 112.018 
0.234035 0.396388 72137 1 0.717187 0.851923 60 1 791 -0.0180891 0.0161925 -0.0114219 2.33712 3.54109 112.009 
0.234792 0.399941 72218 1 0.7375 0.851923 61 1 793 -0.0183005 0.0164731 -0.0113585 2.33335 3.54174 112.021 
0.235567 0.398869 72298 1 0.7375 0.851923 62 1 795 -0.0182729 0.0164506 -0.0113801 2.33343 3.54147 112.03 
0.252737 0.332093 72338 1 0.7375 0.851923 63 1 796 -0.0179617 0.0164734 -0.0134128 2.33789 3.56397 112.126 
0.191882 0.314696 72418 1 0.725521 0.845192 64 1 798 -0.0174299 0.0118706 -0.0130042 2.28319 3.55067 112.149 
0.179114 0.297763 72458 1 0.891146 0.827885 65 1 799 -0.0180076 0.0118002 -0.0132193 2.284 3.54847 112.173 
0.180995 0.298233 72538 1 1.07969 0.833654 66 1 801 -0.0179603 0.0117391 -0.013234 2.28467 3.54829 112.172 
0.18231 0.295334 72619 1 1.28854 0.838462 67 1 803 -0.0178106 0.0116493 -0.0132424 2.28563 3.54817 112.167 
0.18231 0.295334 72619 1 1.41823 0.839423 68 1 803 -0.0178106 0.0116493 -0.0132424 2.28563 3.54817 112.167 
0.178827 0.273818 72739 1 1.47552 0.839423 69 1 806 -0.0179441 0.0114449 -0.0135578 2.28802 3.54499 112.125 
0.189871 0.265983 72819 1 1.48594 0.839423 70 1 808 -0.0185198 0.013202 -0.0146526 2.30799 3.5496 112.054 
0.188531 0.278781 72859 1 1.52656 0.829808 71 1 809 -0.0182644 0.011556 -0.0143348 2.28994 3.54161 111.964 
0.191966 0.279594 72979 1 1.56146 0.764423 72 1 812 -0.018198 0.0113599 -0.0143545 2.29214 3.54141 111.972 
0.191858 0.279545 73019 1 1.56146 0.763462 73 1 813 -0.0181545 0.0112986 -0.0143753 2.29291 3.54123 111.975 
0.191217 0.278498 73100 1 1.56146 0.763462 74 1 815 -0.0180867 0.0111653 -0.0144425 2.29448 3.54053 111.982 
0.19029 0.279061 73180 1 1.56146 0.763462 75 1 817 -0.0183798 0.0105779 -0.0144791 2.30112 3.5406 111.954 
0.189721 0.280076 73219 1 1.59583 0.745192 76 1 818 -0.0183096 0.0105461 -0.014499 2.30154 3.54043 111.957 
0.238419 0.284557 73300 1 1.6776 0.718269 77 1 820 -0.0182436 0.0108694 -0.0197248 2.31342 3.59287 111.884 
0.238419 0.284557 73340 1 1.72917 0.688462 78 1 821 -0.0182436 0.0108694 -0.0197248 2.31342 3.59287 111.884 
0.246285 0.301405 73460 1 1.74323 0.675962 79 1 824 -0.0179077 0.0113793 -0.0189688 2.31647 3.58413 111.887 
0.224291 0.28253 73500 1 1.75417 0.671154 80 1 825 -0.017522 0.0114809 -0.0189861 2.31556 3.58366 111.9 
0.20827 0.283827 73580 1 1.77448 0.670192 81 1 827 -0.017603 0.0118511 -0.0191678 2.31151 3.58161 111.901 
0.192559 0.266463 73620 1 1.77708 0.667308 82 1 828 -0.0180726 0.0120743 -0.0193613 2.31004 3.5793 111.896 
0.187769 0.26718 73701 1 1.78021 0.657692 83 1 830 -0.0181843 0.0121379 -0.0194748 2.30947 3.57803 111.915 
0.187769 0.26718 73741 1 1.78125 0.652885 84 1 831 -0.0181843 0.0121379 -0.0194748 2.30947 3.57803 111.915 
0.187505 0.267164 73821 1 1.78177 0.65 85 1 833 -0.018179 0.0121392 -0.0194818 2.30946 3.57795 111.917 
0.197575 0.243063 73942 1 1.78177 0.65 86 1 836 -0.0188755 0.0144733 -0.0196165 2.3298 3.56768 111.911 
0.19713 0.263696 73981 1 1.78177 0.65 87 1 837 -0.0188115 0.0126832 -0.018566 2.31104 3.54977 111.887 
0.197069 0.266551 74061 1 1.78177 0.65 88 1 839 -0.018731 0.0126933 -0.0185866 2.31093 3.54958 111.891 
0.283915 0.325786 74141 1 1.78177 0.65 89 1 841 -0.0195954 0.0118119 -0.0187167 2.29553 3.55 111.902 
0.622131 0.722766 74182 1 1.78177 0.65 90 1 842 -0.0202639 0.010232 -0.0149001 2.26932 3.5119 112.032 
0.645169 0.566329 74262 1 1.78177 0.65 91 1 844 -0.0204808 0.0127227 -0.0154906 2.28458 3.51862 112.04 
0.661376 0.550248 74302 1 1.78177 0.65 92 1 845 -0.0206191 0.0127238 -0.0156594 2.28572 3.51887 112.045 
0.790728 1.03196 74382 1 1.78177 0.65 93 1 847 -0.0189993 0.0120184 -0.0156549 2.27918 3.52987 112.105 
0.773589 0.977071 74462 1 1.78177 0.65 94 1 849 -0.0189502 0.0114037 -0.0154813 2.2703 3.53195 112.208 
0.76951 0.96015 74502 1 1.78177 0.65 95 1 850 -0.0185413 0.0114678 -0.0154594 2.26727 3.53235 112.212 
0.765956 0.873199 74582 1 1.78177 0.65 96 1 852 -0.0184483 0.0110097 -0.0141947 2.24904 3.51664 112.315 
0.756761 0.871751 74663 1 1.78177 0.65 97 1 854 -0.0191433 0.0113632 -0.0141408 2.24521 3.5171 112.293 
0.756772 0.872119 74702 1 1.78177 0.65 98 1 855 -0.0191493 0.0113701 -0.0141422 2.24513 3.51709 112.293 
0.747825 0.864905 74782 1 1.78177 0.65 99 1 857 -0.0193062 0.0104786 -0.0154729 2.23098 3.53165 112.278 
0.749296 0.877345 74863 1 1.78177 0.65 100 1 859 -0.0190515 0.012006 -0.0150196 2.23856 3.5276 112.283 
0.755102 0.864087 74904 1 1.78177 0.65 101 1 860 -0.0195264 0.012057 -0.015614 2.23927 3.53535 112.294 
0.757971 0.864297 74983 1 1.78177 0.65 102 1 862 -0.0197944 0.0121936 -0.0155771 2.23892 3.53554 112.277 
0.771117 0.842236 75064 1 1.78177 0.65 103 1 864 -0.0196959 0.0118196 -0.0169373 2.22846 3.55065 112.214 
0.771157 0.842177 75104 1 1.78177 0.65 104 1 865 -0.0196982 0.0118212 -0.0169342 2.22844 3.55068 112.213 
0.771019 0.837491 75183 1 1.78177 0.65 105 1 867 -0.0201205 0.0118023 -0.016865 2.22889 3.55134 112.181 
0.768743 0.829726 75263 1 1.78177 0.65 106 1 869 -0.0199719 0.0124118 -0.017552 2.23118 3.56065 112.159 
0.780623 0.866905 75303 1 1.78177 0.65 107 1 870 -0.0198466 0.0126257 -0.0162574 2.2338 3.55073 112.157 
0.786161 0.859784 75384 1 1.78177 0.65 108 1 872 -0.020005 0.0113824 -0.0159386 2.22953 3.55225 112.29 
0.775349 0.863821 75465 1 1.78177 0.65 109 1 874 -0.0190672 0.0103881 -0.0134656 2.22115 3.52516 112.326 
0.778103 0.85144 75504 1 1.78177 0.65 110 1 875 -0.0186506 0.0115158 -0.0145734 2.23724 3.5361 112.311 
0.763955 0.847532 75584 1 1.78177 0.65 111 1 877 -0.0187586 0.0104171 -0.0137735 2.22818 3.52593 112.384 
0.78474 0.865669 75664 1 1.78177 0.65 112 1 879 -0.018159 0.0092846 -0.0142501 2.23098 3.52591 112.357 
0.793762 0.866413 75706 1 1.78177 0.65 113 1 880 -0.0181683 0.00899474 -0.0142502 2.2339 3.52565 112.337 
0.793762 0.866413 75706 1 1.78177 0.65 114 1 880 -0.0181683 0.00899474 -0.0142502 2.2339 3.52565 112.337 
0.785712 0.892127 75866 1 1.78177 0.65 115 1 884 -0.017867 0.0109176 -0.0129008 2.24134 3.5092 112.399 
0.788976 0.916399 75946 1 1.78177 0.65 116 1 886 -0.0186382 0.0113032 -0.0121416 2.24269 3.50049 112.416 
0.787114 0.913433 76025 1 1.78177 0.65 117 1 888 -0.0183575 0.0104367 -0.0115659 2.23306 3.49598 112.497 
0.782433 0.930865 76065 1 1.78177 0.65 118 1 889 -0.0183897 0.0101365 -0.0100869 2.23173 3.48024 112.526 
0.196068 0.915316 76145 1 1.78177 0.65 119 1 891 -0.015246 0.0135552 -0.00732655 2.30416 3.44661 112.508 
0.206885 0.915369 76226 1 1.78177 0.65 120 1 893 -0.0146116 0.0132287 -0.00739245 2.30806 3.44572 112.513 
0.212458 0.910701 76266 1 1.78177 0.65 121 1 894 -0.0141016 0.0148124 -0.010411 2.3386 3.47646 112.405 
0.226597 0.923119 76347 1 1.78177 0.65 122 1 896 -0.0138041 0.0144851 -0.0103209 2.34208 3.47743 112.368 
0.226528 0.923364 76426 1 1.78177 0.65 123 1 898 -0.0138121 0.0144835 -0.0103197 2.3421 3.47744 112.367 
0.226229 0.920585 76506 1 1.78177 0.65 124 1 900 -0.0131141 0.0144837 -0.0108604 2.34276 3.48403 112.439 
0.226229 0.920585 76546 1 1.78177 0.65 125 1 901 -0.0131141 0.0144837 -0.0108604 2.34276 3.48403 112.439 
0.223575 0.924137 76627 1 1.78177 0.65 126 1 903 -0.0133383 0.0145496 -0.0108864 2.342 3.48375 112.426 
0.224121 0.926662 76706 1 1.78177 0.65 127 1 905 -0.013426 0.0144886 -0.0109093 2.34267 3.48348 112.427 
0.224057 0.926883 76746 1 1.78177 0.65 128 1 906 -0.0134316 0.0144855 -0.0109111 2.3427 3.48346 112.427 
0.191676 0.914891 76826 1 1.78177 0.65 129 1 908 -0.013573 0.0148691 -0.0130436 2.34954 3.50209 112.423 
0.211402 0.928388 76867 1 1.78177 0.65 130 1 909 -0.0138374 0.0173963 -0.0125564 2.38238 3.48964 112.349 
0.206601 0.961417 76947 1 1.78177 0.65 131 1 911 -0.0140676 0.0138856 -0.0117853 2.35278 3.47969 112.326 
0.20604 0.965692 77027 1 1.78177 0.65 132 1 913 -0.0140782 0.0138826 -0.0117436 2.35281 3.48018 112.307 
0.207315 0.968098 77067 1 1.78177 0.65 133 1 914 -0.0140829 0.0138589 -0.0116871 2.35308 3.48083 112.292 
0.209933 0.968598 77148 1 1.78177 0.65 134 1 916 -0.0140956 0.0137704 -0.0116202 2.35402 3.4816 112.273 
0.215793 0.968489 77227 1 1.78177 0.65 135 1 918 -0.0139398 0.0136008 -0.0114574 2.35541 3.48345 112.207 
0.193028 1.01401 77308 1 1.78177 0.65 136 1 920 -0.0133144 0.0149725 -0.0105313 2.36322 3.47915 112.246 
0.192345 1.01381 77348 1 1.78177 0.65 137 1 921 -0.0133931 0.0149903 -0.0105322 2.36297 3.47912 112.245 
0.185495 0.992371 77428 1 1.78177 0.65 138 1 923 -0.0148069 0.0164286 -0.011537 2.36165 3.48738 112.29 
0.190247 0.972473 77507 1 1.79479 0.643269 139 1 925 -0.0146761 0.0174083 -0.0119582 2.36742 3.48932 112.334 
0.193572 0.971044 77548 1 1.80885 0.640385 140 1 926 -0.0148083 0.0175045 -0.011468 2.36651 3.47961 112.312 
0.191717 0.969787 77628 1 1.79844 0.692308 141 1 928 -0.0148493 0.0149953 -0.0106601 2.34546 3.46867 112.265 
0.191717 0.969787 77668 1 1.76458 0.753846 142 1 929 -0.0148493 0.0149953 -0.0106601 2.34546 3.46867 112.265 
0.195285 0.969909 77748 1 1.73177 0.765385 143 1 931 -0.014932 0.0148887 -0.0105844 2.34664 3.46954 112.239 
0.19592 0.973774 77829 1 1.71771 0.75 144 1 933 -0.0150332 0.0148958 -0.0105506 2.34662 3.46994 112.229 
0.196317 0.975031 77869 1 1.72344 0.732692 145 1 934 -0.015189 0.0149251 -0.0104829 2.34631 3.47076 112.206 
0.211614 0.988853 77949 1 1.79115 0.675 146 1 936 -0.0151491 0.0168185 -0.0138792 2.36727 3.51431 112.117 
0.197138 0.974853 78029 1 1.80313 0.660577 147 1 938 -0.0151474 0.0155607 -0.0123461 2.34969 3.50242 112.181 
0.215941 0.972794 78069 1 1.80313 0.660577 148 1 939 -0.0149641 0.0179155 -0.0116671 2.37755 3.4905 112.174 
0.720774 0.345248 78149 1 1.80677 0.655769 149 1 941 -0.0201272 0.0101376 -0.013254 2.26076 3.48339 112.115 
0.680742 0.289471 78230 1 1.80833 0.653846 150 1 943 -0.0216238 0.00859295 -0.0143756 2.23348 3.48625 112.087 
0.68067 0.290196 78269 1 1.81563 0.648077 151 1 944 -0.0216481 0.00859458 -0.0143793 2.23345 3.48621 112.088 
0.681603 0.299595 78349 1 1.82552 0.648077 152 1 946 -0.0221816 0.00871949 -0.0143972 2.23194 3.48615 112.083 
0.685768 0.304724 78431 1 1.82552 0.648077 153 1 948 -0.0226579 0.00879435 -0.0143449 2.23091 3.48687 112.063 
0.686144 0.306748 78469 1 1.82552 0.648077 154 1 949 -0.0229006 0.00888207 -0.0143294 2.22975 3.48713 112.054 
0.683709 0.314527 78550 1 1.82552 0.648077 155 1 951 -0.0231826 0.00918378 -0.0143893 2.22616 3.48659 112.062 
0.682857 0.3181 78630 1 1.82552 0.648077 156 1 953 -0.0232595 0.00933733 -0.0144229 2.22433 3.48631 112.066 
0.682545 0.319752 78670 1 1.82552 0.648077 157 1 954 -0.023392 0.00943898 -0.0144337 2.22317 3.48623 112.067 
0.682881 0.323618 78750 1 1.82552 0.648077 158 1 956 -0.0235344 0.00950915 -0.0144967 2.22229 3.4856 112.08 
0.682799 0.323918 78790 1 1.82552 0.648077 159 1 957 -0.0235422 0.00951911 -0.0145021 2.22218 3.48554 112.081 
0.682799 0.323918 78830 1 1.82552 0.648077 160 1 958 -0.0235422 0.00951911 -0.0145021 2.22218 3.48554 112.081 
0.682799 0.323918 78830 1 1.82552 0.648077 161 1 958 -0.0235422 0.00951911 -0.0145021 2.22218 3.48554 112.081 
0.681473 0.325339 79031 1 1.82552 0.648077 162 1 963 -0.023586 0.00957867 -0.0145259 2.22149 3.4853 112.086 
0.681473 0.325339 79070 1 1.82552 0.648077 163 1 964 -0.023586 0.00957867 -0.0145259 2.22149 3.4853 112.086 
0.682934 0.327781 79151 1 1.82552 0.648077 164 1 966 -0.0235335 0.00962637 -0.0145824 2.22083 3.48467 112.099 
0.682934 0.327781 79191 1 1.82552 0.648077 165 1 967 -0.0235335 0.00962637 -0.0145824 2.22083 3.48467 112.099 
0.682841 0.32827 79271 1 1.82552 0.648077 166 1 969 -0.0235332 0.00963578 -0.0145919 2.22072 3.48457 112.101 
0.683602 0.340342 79351 1 1.82552 0.648077 167 1 971 -0.0229484 0.00972321 -0.0148566 2.21908 3.48178 112.153 
0.705828 0.337249 79431 1 1.82552 0.648077 168 1 973 -0.0226076 0.00810398 -0.0162803 2.21017 3.48721 112.131 
0.705828 0.337249 79472 1 1.82552 0.648077 169 1 974 -0.0226076 0.00810398 -0.0162803 2.21017 3.48721 112.131 
0.706083 0.337401 79552 1 1.82552 0.648077 170 1 976 -0.0226108 0.00809444 -0.0162814 2.21028 3.4872 112.131 
0.707839 0.336609 79631 1 1.82552 0.648077 171 1 978 -0.0226625 0.00803007 -0.01627 2.21094 3.48734 112.124 
0.707839 0.336609 79671 1 1.82552 0.648077 172 1 979 -0.0226625 0.00803007 -0.01627 2.21094 3.48734 112.124 
0.713456 0.335635 79753 1 1.82552 0.648077 173 1 981 -0.0227423 0.00785426 -0.0162166 2.21283 3.48797 112.099 
0.701428 0.319418 79832 1 1.82552 0.648077 174 1 983 -0.0226734 0.00667924 -0.0182973 2.20183 3.50973 112.099 
0.701428 0.319418 79873 1 1.82552 0.648077 175 1 984 -0.0226734 0.00667924 -0.0182973 2.20183 3.50973 112.099 
0.724547 0.324639 79953 1 1.82552 0.648077 176 1 986 -0.0222718 0.00947153 -0.0190632 2.2379 3.51293 112.031 
0.697243 0.340477 80032 1 1.82552 0.648077 177 1 988 -0.0221607 0.00427796 -0.0167302 2.18736 3.48917 112.127 
0.672443 0.321906 80074 1 1.82552 0.648077 178 1 989 -0.0208499 0.00616598 -0.0164304 2.20955 3.48675 112.203 
0.488175 0.500163 80153 1 1.82552 0.648077 179 1 991 -0.018603 0.00884 -0.0146223 2.25379 3.46904 112.131 
0.488175 0.500163 80193 1 1.82552 0.648077 180 1 992 -0.018603 0.00884 -0.0146223 2.25379 3.46904 112.131 
0.488175 0.500163 80273 1 1.82552 0.648077 181 1 994 -0.018603 0.00884 -0.0146223 2.25379 3.46904 112.131 
0.488175 0.500163 80354 1 1.82552 0.648077 182 1 996 -0.018603 0.00884 -0.0146223 2.25379 3.46904 112.131 
0.504818 0.497352 80433 1 1.82552 0.648077 183 1 998 -0.0177539 0.00833778 -0.0145268 2.2593 3.46999 112.174 
0.504818 0.497352 80473 1 1.82552 0.648077 184 1 999 -0.0177539 0.00833778 -0.0145268 2.2593 3.46999 112.174 
0.505182 0.49804 80554 1 1.82552 0.648077 185 1 1001 -0.0177187 0.0083323 -0.0145323 2.25936 3.46993 112.177 
0.506115 0.503054 80594 1 1.82552 0.648077 186 1 1002 -0.017132 0.00833843 -0.0145839 2.25967 3.4691 112.24 
0.506115 0.503054 80674 1 1.82552 0.648077 187 1 1004 -0.017132 0.00833843 -0.0145839 2.25967 3.4691 112.24 
0.506115 0.503054 80754 1 1.82552 0.648077 188 1 1006 -0.017132 0.00833843 -0.0145839 2.25967 3.4691 112.24 
0.505942 0.504 80835 1 1.82552 0.648077 189 1 1008 -0.0171174 0.00835489 -0.0145901 2.25949 3.46903 112.244 
0.534589 0.556792 80874 1 1.82552 0.648077 190 1 1009 -0.0166316 0.0123558 -0.0157907 2.2874 3.4816 112.382 
0.546128 0.579278 80954 1 1.82552 0.648077 191 1 1011 -0.0174018 0.0127983 -0.0123471 2.29128 3.44787 112.34 
0.573137 0.576749 81035 1 1.82552 0.648077 192 1 1013 -0.015974 0.006981 -0.0115268 2.26741 3.45058 112.377 
0.590035 0.611933 81075 1 1.82552 0.648077 193 1 1014 -0.0151738 0.00770254 -0.00920782 2.28601 3.42813 112.366 
0.572012 0.650672 81154 1 1.82552 0.648077 194 1 1016 -0.0133927 0.00772772 -0.00483234 2.27466 3.37633 112.472 
0.585003 0.583106 81235 1 1.82552 0.648077 195 1 1018 -0.0142541 0.0113746 -0.00934132 2.31843 3.41432 112.469 
0.584261 0.585667 81276 1 1.82552 0.648077 196 1 1019 -0.0142568 0.0114034 -0.00941427 2.31807 3.41352 112.479 
0.558216 0.537396 81355 1 1.82552 0.648077 197 1 1021 -0.0144199 0.0099489 -0.0140248 2.2935 3.45043 112.505 
0.565344 0.502921 81436 1 1.82552 0.648077 198 1 1023 -0.0156187 0.0131546 -0.0196423 2.32726 3.50172 112.434 
0.559651 0.500707 81476 1 1.82552 0.648077 199 1 1024 -0.0151588 0.0129566 -0.0207996 2.32223 3.50692 112.375 
0.560878 0.501131 81555 1 1.82552 0.648077 200 1 1026 -0.0153212 0.0129195 -0.0208269 2.32232 3.50657 112.33 
0.570882 0.51309 81636 1 1.82552 0.648077 201 1 1028 -0.0154136 0.0127499 -0.0208336 2.32444 3.50668 112.314 
0.57279 0.512448 81677 1 1.82552 0.648077 202 1 1029 -0.0154745 0.0127154 -0.0207904 2.32484 3.50718 112.298 
0.57411 0.512583 81756 1 1.82552 0.648077 203 1 1031 -0.0155701 0.0126854 -0.020765 2.32514 3.50744 112.286 
0.564665 0.512205 81837 1 1.82552 0.648077 204 1 1033 -0.0165234 0.0103618 -0.0211063 2.30127 3.5094 112.223 
0.564298 0.511402 81877 1 1.82552 0.648077 205 1 1034 -0.016497 0.0103811 -0.0210919 2.30103 3.50955 112.219 
0.563198 0.513139 81956 1 1.82552 0.648077 206 1 1036 -0.0164387 0.0104772 -0.0210925 2.29999 3.50958 112.214 
0.563198 0.513139 81956 1 1.82552 0.648077 207 1 1036 -0.0164387 0.0104772 -0.0210925 2.29999 3.50958 112.214 
0.58605 0.460311 82117 1 1.82552 0.648077 208 1 1040 -0.0157043 0.0142778 -0.0283438 2.32864 3.5952 112.109 
0.586562 0.448456 82157 1 1.82552 0.648077 209 1 1041 -0.0157136 0.014436 -0.0283933 2.33618 3.59893 112.132 
0.595376 0.443607 82237 1 1.82552 0.648077 210 1 1043 -0.0157148 0.0142571 -0.0292158 2.33898 3.60696 112.033 
0.59677 0.444716 82317 1 1.82552 0.648077 211 1 1045 -0.0155418 0.0141281 -0.0292388 2.34037 3.60669 112.041 
0.574582 0.419573 82357 1 1.82552 0.648077 212 1 1046 -0.0154388 0.01219 -0.027462 2.3238 3.58553 112.075 
0.569037 0.428831 82439 1 1.82552 0.648077 213 1 1048 -0.0152991 0.0123925 -0.0276355 2.32138 3.58366 112.096 
0.565265 0.428951 82518 1 1.82552 0.648077 214 1 1050 -0.0158153 0.0124658 -0.0276586 2.32048 3.58338 112.088 
0.565187 0.429057 82558 1 1.82552 0.648077 215 1 1051 -0.015816 0.0124682 -0.0276606 2.32045 3.58336 112.089 
0.43543 0.434824 82637 1 1.82552 0.648077 216 1 1053 -0.0151861 0.0144318 -0.02728 2.34872 3.57333 112.06 
0.42286 0.397844 82718 1 1.82552 0.648077 217 1 1055 -0.0154307 0.0160455 -0.0308085 2.36213 3.6094 112.052 
0.272928 0.400346 82758 1 1.82552 0.648077 218 1 1056 -0.0145768 0.0153517 -0.0319297 2.36317 3.61861 111.999 
0.238038 0.3956 82838 1 1.82552 0.648077 219 1 1058 -0.0138334 0.021086 -0.031879 2.43693 3.61154 111.919 
0.228525 3.00984 82918 1 1.82552 0.648077 220 0 1060 -0.0142256 0.0157855 -0.0336339 2.38223 3.63597 111.977 
-0.399992 2.81751 82958 1 1.82552 0.648077 221 0 1061 -0.0127234 0.0177135 -0.0340201 2.39529 3.64632 111.877 
-0.01225 0.938713 83038 1 1.82552 0.648077 222 1 1063 -0.0123885 0.0231176 -0.0265958 2.44875 3.58035 112.006 
0.0492291 0.651719 83118 1 1.82552 0.648077 223 1 1065 -0.0124946 0.0201413 -0.0263919 2.4045 3.57487 112.031 
0.0458036 0.586187 83160 1 1.82552 0.648077 224 1 1066 -0.0134301 0.0190061 -0.0274208 2.39214 3.58758 111.983 
0.0690333 0.536205 83239 1 1.82552 0.648077 225 1 1068 -0.0133838 0.0179876 -0.0261316 2.38684 3.57968 112.044 
0.169845 0.391451 83319 1 1.82552 0.648077 226 1 1070 -0.0138357 0.0165053 -0.0266663 2.37346 3.58254 112.043 
0.168538 0.392062 83359 1 1.82552 0.648077 227 1 1071 -0.0139783 0.0166078 -0.0267613 2.37235 3.58151 112.056 
0.16513 0.393809 83439 1 1.82552 0.648077 228 1 1073 -0.0139804 0.0168137 -0.026888 2.37014 3.58009 112.073 
0.172924 0.43474 83519 1 1.82552 0.648077 229 1 1075 -0.0145129 0.0205078 -0.0271799 2.40563 3.58054 111.999 
0.148705 0.487739 83561 1 1.82552 0.648077 230 1 1076 -0.0138957 0.0208124 -0.0298149 2.41268 3.61107 111.969 
0.147909 0.509084 83639 1 1.82552 0.648077 231 1 1078 -0.0137361 0.019295 -0.0287537 2.40304 3.60536 111.941 
0.144305 0.482305 83720 1 1.82552 0.648077 232 1 1080 -0.0134888 0.0196079 -0.0296385 2.41491 3.61359 111.902 
0.14255 0.459417 83759 1 1.82552 0.648077 233 1 1081 -0.0133781 0.0180765 -0.0318862 2.40279 3.63801 111.872 
0.13437 0.470736 83840 1 1.82552 0.648077 234 1 1083 -0.0128957 0.017804 -0.0294989 2.40207 3.61446 111.925 
0.133274 0.447213 83921 1 1.82552 0.648077 235 1 1085 -0.0129876 0.0166891 -0.0328104 2.39266 3.65228 111.923 
0.13326 0.471917 83962 1 1.82552 0.648077 236 1 1086 -0.0124783 0.0183224 -0.0315027 2.40634 3.63577 111.898 
0.124002 0.470721 84040 1 1.82552 0.648077 237 1 1088 -0.0126601 0.0179329 -0.032455 2.39893 3.64593 111.887 
0.12321 0.470443 84121 1 1.82552 0.648077 238 1 1090 -0.0127179 0.0179632 -0.03244 2.39858 3.64609 111.884 
0.124611 0.479107 84160 1 1.82552 0.648077 239 1 1091 -0.0129719 0.0179985 -0.0321988 2.39729 3.64691 111.892 
0.197203 0.624087 84240 1 1.82552 0.648077 240 1 1093 -0.0127809 0.0190539 -0.0287613 2.41041 3.61401 111.944 
0.199525 0.643989 84322 1 1.82552 0.648077 241 1 1095 -0.0123903 0.0166528 -0.0286643 2.39677 3.62405 111.959 
0.197523 0.701269 84402 1 1.82552 0.648077 242 1 1097 -0.0117153 0.0170726 -0.0236696 2.40452 3.57672 112.06 
0.202704 0.713675 84441 1 1.82552 0.648077 243 1 1098 -0.0117246 0.0170244 -0.02289 2.40946 3.57147 112.092 
0.234264 0.693386 84521 1 1.82552 0.648077 244 1 1100 -0.011137 0.0176659 -0.025636 2.41682 3.60016 112.089 
0.260158 0.702524 84601 1 1.82552 0.648077 245 1 1102 -0.0110403 0.0177009 -0.0256201 2.41577 3.60042 112.076 
0.263986 0.703105 84643 1 1.82552 0.648077 246 1 1103 -0.0110355 0.017646 -0.02561 2.41637 3.60054 112.076 
0.268341 0.65092 84722 1 1.82552 0.648077 247 1 1105 -0.0113524 0.0150879 -0.0272391 2.40305 3.6185 112.126 
0.194879 0.324349 84802 1 1.82552 0.648077 248 1 1107 -0.0119617 0.0122481 -0.0282406 2.3729 3.61313 112.074 
0.194786 0.334185 84842 1 1.82552 0.648077 249 1 1108 -0.0121655 0.0124325 -0.0284023 2.37134 3.61147 112.064 
0.194786 0.334185 84922 1 1.82552 0.648077 250 1 1110 -0.0121655 0.0124325 -0.0284023 2.37134 3.61147 112.064 
0.201826 0.360026 85002 1 1.82552 0.648077 251 1 1112 -0.0127529 0.0136421 -0.0267032 2.39281 3.5868 112.004 
0.203996 0.369299 85083 1 1.82552 0.648077 252 1 1114 -0.0130188 0.0155808 -0.0270895 2.4231 3.59155 112.018 
0.203996 0.369299 85083 1 1.82552 0.648077 253 1 1114 -0.0130188 0.0155808 -0.0270895 2.4231 3.59155 112.018 
0.205676 0.354286 85122 1 1.82552 0.648077 254 1 1115 -0.0127983 0.0146698 -0.0286676 2.41469 3.60968 111.973 
0.17984 0.355492 85283 1 1.82552 0.648077 255 1 1119 -0.0120804 0.0154799 -0.029305 2.41562 3.61402 112.051 
0.144252 0.422651 85323 1 1.82552 0.648077 256 1 1120 -0.0113303 0.0161612 -0.0290712 2.41923 3.61235 112.103 
0.13053 0.407945 85403 1 1.82552 0.648077 257 1 1122 -0.0117275 0.0134057 -0.030743 2.3941 3.62946 112.136 
0.129567 0.400507 85483 1 1.82552 0.648077 258 1 1124 -0.0116985 0.0146029 -0.0325643 2.41053 3.64383 112.109 
0.129273 0.400312 85523 1 1.82552 0.648077 259 1 1125 -0.0115861 0.0145619 -0.0325982 2.41094 3.64343 112.114 
0.117382 0.415025 85603 1 1.82552 0.648077 260 1 1127 -0.011558 0.0122986 -0.0321021 2.39809 3.63046 112.061 
0.120059 0.459573 85684 1 1.82552 0.648077 261 1 1129 -0.0118908 0.0111381 -0.0326869 2.3929 3.63933 112.025 
0.123382 0.468208 85724 1 1.82552 0.648077 262 1 1130 -0.0112731 0.0101786 -0.0321369 2.39021 3.63746 111.982 
0.112096 0.473141 85803 1 1.82552 0.648077 263 1 1132 -0.0103323 0.00919325 -0.0317009 2.37757 3.63845 111.989 
0.128735 0.487514 85884 1 1.82552 0.648077 264 1 1134 -0.0111398 0.012137 -0.0293212 2.40044 3.61477 112.003 
0.132205 0.507936 85924 1 1.82552 0.648077 265 1 1135 -0.0110548 0.0124822 -0.0294817 2.4032 3.61856 111.994 
0.122967 0.494686 86005 1 1.82552 0.648077 266 1 1137 -0.0112781 0.0126649 -0.0298819 2.39853 3.62619 112.009 
0.107907 0.507023 86085 1 1.82552 0.648077 267 1 1139 -0.0113699 0.0102161 -0.029348 2.36757 3.62009 111.992 
0.112046 0.506761 86124 1 1.82552 0.648077 268 1 1140 -0.0117775 0.0120984 -0.0284466 2.38721 3.61236 112.041 
0.00259451 0.392417 86205 1 1.82552 0.648077 269 1 1142 -0.0114512 0.012797 -0.0320928 2.39848 3.65327 112.002 
-0.0120045 0.412856 86284 1 1.82552 0.648077 270 1 1144 -0.0118597 0.0104576 -0.0305252 2.37158 3.63431 111.959 
-0.00450625 0.416425 86324 1 1.82552 0.648077 271 1 1145 -0.0124147 0.0122964 -0.0302216 2.3953 3.6342 111.977 
-0.000971504 0.422472 86405 1 1.82552 0.648077 272 1 1147 -0.0108494 0.0104944 -0.0297518 2.37722 3.62846 111.957 
-0.000971504 0.422472 86445 1 1.82552 0.648077 273 1 1148 -0.0108494 0.0104944 -0.0297518 2.37722 3.62846 111.957 
0.457687 0.615808 86525 1 1.82552 0.648077 274 1 1150 -0.0130558 0.0115223 -0.0269833 2.36433 3.59925 111.998 
0.457687 0.615808 86605 1 1.82552 0.648077 275 1 1152 -0.0130558 0.0115223 -0.0269833 2.36433 3.59925 111.998 
0.52442 0.520459 86685 1 1.82552 0.648077 276 1 1154 -0.0143379 0.0105362 -0.0288945 2.35213 3.62282 112.041 
0.535274 0.524929 86725 1 1.82552 0.648077 277 1 1155 -0.0145897 0.0100775 -0.0273364 2.34688 3.60964 112.119 
0.546602 0.516959 86805 1 1.82552 0.648077 278 1 1157 -0.0147913 0.0101003 -0.0290565 2.34834 3.62666 112.179 
0.569479 0.537325 86886 1 1.82552 0.648077 279 1 1159 -0.0147785 0.0103759 -0.0313211 2.3511 3.64989 112.159 
0.589539 0.788256 86926 1 1.82552 0.648077 280 1 1160 -0.0146236 0.00996382 -0.0305276 2.34221 3.64949 112.229 
0.597386 0.901873 87006 1 1.82552 0.648077 281 1 1162 -0.0144214 0.0120503 -0.0285418 2.36444 3.63939 112.221 
0.591065 0.92317 87086 1 1.82552 0.648077 282 1 1164 -0.013889 0.0121591 -0.0283219 2.36303 3.64181 112.216 
0.591105 0.939266 87126 1 1.82552 0.648077 283 1 1165 -0.0138365 0.0119964 -0.0282212 2.3651 3.643 112.249 
0.584749 0.943223 87206 1 1.82552 0.648077 284 1 1167 -0.0132132 0.01223 -0.0282437 2.3625 3.6426 112.283 
0.535093 1.02136 87287 1 1.82552 0.648077 285 1 1169 -0.0126376 0.0134941 -0.026177 2.37156 3.62044 112.306 
0.521638 0.994232 87327 1 1.82552 0.648077 286 1 1170 -0.0126548 0.0154052 -0.0263167 2.38764 3.62483 112.409 
0.512058 0.987776 87407 1 1.82552 0.648077 287 1 1172 -0.0124931 0.014973 -0.0276826 2.38078 3.63533 112.408 
0.479794 1.00729 87486 1 1.82552 0.648077 288 1 1174 -0.0134654 0.0158714 -0.0302189 2.38211 3.65758 112.493 
0.459924 0.992043 87527 1 1.82552 0.648077 289 1 1175 -0.0136445 0.014475 -0.0313221 2.36345 3.67069 112.477 
0.467039 1.00304 87607 1 1.82552 0.648077 290 1 1177 -0.0132009 0.0163396 -0.030469 2.38056 3.65632 112.462 
0.466921 1.00314 87647 1 1.82552 0.648077 291 1 1178 -0.0132055 0.0163424 -0.0304704 2.38053 3.65631 112.462 
0.460427 1.01674 87727 1 1.82552 0.648077 292 1 1180 -0.0131972 0.0164119 -0.0309463 2.36962 3.65787 112.404 
0.558922 1.01577 87808 1 1.82552 0.648077 293 1 1182 -0.0151227 0.0172075 -0.0327611 2.36947 3.67885 112.427 
0.551723 1.03533 87887 1 1.82552 0.648077 294 1 1184 -0.0145484 0.0169356 -0.0313692 2.36032 3.66638 112.454 
0.577996 1.03646 87927 1 1.82552 0.648077 295 1 1185 -0.0152805 0.0178467 -0.0301177 2.37354 3.65423 112.453 
0.55957 1.06424 88008 1 1.82552 0.648077 296 1 1187 -0.014427 0.0175973 -0.0297508 2.3668 3.64923 112.437 
0.55957 1.06424 88048 1 1.82552 0.648077 297 1 1188 -0.014427 0.0175973 -0.0297508 2.3668 3.64923 112.437 
0.550596 1.06175 88128 1 1.82552 0.648077 298 1 1190 -0.014057 0.0155678 -0.0298711 2.34224 3.65043 112.432 
0.532009 1.0178 88208 1 1.82552 0.648077 299 1 1192 -0.014792 0.0150819 -0.0313021 2.33654 3.664 112.434 
0.532009 1.0178 88208 1 1.82552 0.648077 300 1 1192 -0.014792 0.0150819 -0.0313021 2.33654 3.664 112.434 
0.532009 1.0178 88208 1 1.82552 0.648077 301 1 1192 -0.014792 0.0150819 -0.0313021 2.33654 3.664 112.434 
0.545623 1.04647 88410 1 1.82552 0.648077 302 1 1197 -0.0152085 0.0161502 -0.0318051 2.35082 3.67061 112.4 
0.571374 1.03613 88489 1 1.82552 0.648077 303 1 1199 -0.0140201 0.0181138 -0.0308258 2.37277 3.66938 112.379 
0.515524 0.995102 88569 1 1.82552 0.648077 304 1 1201 -0.0135344 0.0168027 -0.0291173 2.36535 3.65401 112.366 
0.508518 0.943474 88609 1 1.82552 0.648077 305 1 1202 -0.0137987 0.0164696 -0.0290623 2.35985 3.65316 112.308 
0.505636 0.945891 88689 1 1.82552 0.648077 306 1 1204 -0.01388 0.0165281 -0.0290708 2.3593 3.65305 112.311 
0.498542 0.953273 88769 1 1.82552 0.648077 307 1 1206 -0.013432 0.0167668 -0.02916 2.35756 3.65181 112.369 
0.474242 0.915724 88809 1 1.82552 0.648077 308 1 1207 -0.0139045 0.0178149 -0.0300655 2.36861 3.66003 112.425 
0.483456 0.902717 88889 1 1.82552 0.648077 309 1 1209 -0.0139508 0.0185142 -0.0320614 2.37965 3.67941 112.346 
0.624643 0.747861 88970 1 1.82552 0.648077 310 1 1211 -0.0147951 0.0148933 -0.0325221 2.34243 3.68246 112.378 
0.736567 0.592573 89010 1 1.82552 0.648077 311 1 1212 -0.0165864 0.0124763 -0.031365 2.3136 3.66031 112.323 
0.752904 0.574706 89090 1 1.82552 0.648077 312 1 1214 -0.0169429 0.0097964 -0.030489 2.2908 3.65336 112.248 
0.789651 0.629325 89169 1 1.82552 0.648077 313 1 1216 -0.0171056 0.0107137 -0.028823 2.3047 3.64286 112.311 
0.824276 0.636416 89211 1 1.82552 0.648077 314 1 1217 -0.0176237 0.00905985 -0.030551 2.27793 3.66434 112.312 
0.82474 0.67112 89290 1 1.82552 0.648077 315 1 1219 -0.0181295 0.0113345 -0.0251766 2.28363 3.61044 112.333 
0.845596 0.644429 89370 1 1.82552 0.648077 316 1 1221 -0.0187211 0.0130385 -0.0259354 2.30215 3.62759 112.386 
0.751798 0.531656 89410 1 1.82552 0.648077 317 1 1222 -0.0175331 0.0109151 -0.0248383 2.27651 3.61669 112.421 
0.734169 0.486812 89492 1 1.82552 0.648077 318 1 1224 -0.0176335 0.00941749 -0.0250204 2.264 3.61871 112.454 
0.734169 0.486812 89570 1 1.82552 0.648077 319 1 1226 -0.0176335 0.00941749 -0.0250204 2.264 3.61871 112.454 
0.725919 0.493366 89652 1 1.82552 0.648077 320 1 1228 -0.0167377 0.0100624 -0.0261423 2.26308 3.62647 112.527 
0.727591 0.488958 89731 1 1.82552 0.648077 321 1 1230 -0.0175085 0.0098845 -0.0261879 2.26564 3.62596 112.528 
0.7279 0.48219 89771 1 1.82552 0.648077 322 1 1231 -0.017745 0.0109912 -0.0266955 2.27944 3.62754 112.558 
0.702864 0.332033 89851 1 1.82552 0.648077 323 1 1233 -0.0182796 0.00998941 -0.0246604 2.27479 3.5963 112.583 
0.682299 0.279612 89931 1 1.82552 0.648077 324 1 1235 -0.0187775 0.0105227 -0.0281911 2.28223 3.61316 112.482 
0.669233 0.29 89971 1 1.82552 0.648077 325 1 1236 -0.0189131 0.00905428 -0.0263298 2.26041 3.58929 112.497 
0.657782 0.247817 90051 1 1.82552 0.648077 326 1 1238 -0.0185634 0.00897424 -0.0270884 2.25659 3.58769 112.47 
0.656239 0.252205 90132 1 1.82552 0.648077 327 1 1240 -0.0188704 0.00899628 -0.0272203 2.25626 3.58601 112.476 
0.67437 0.214921 90172 1 1.82552 0.648077 328 1 1241 -0.0192056 0.0101019 -0.0299919 2.27276 3.60466 112.374 
0.631839 0.134508 90253 1 1.82552 0.648077 329 1 1243 -0.0177825 0.0107138 -0.0328483 2.29549 3.6259 112.229 
0.569869 0.135523 90332 1 1.82552 0.648077 330 1 1245 -0.0173096 0.010479 -0.0346411 2.30793 3.64205 112.189 
0.571837 0.137162 90372 1 1.82552 0.648077 331 1 1246 -0.0173726 0.010389 -0.0346156 2.30898 3.64232 112.172 
0.57508 0.14248 90452 1 1.82552 0.648077 332 1 1248 -0.0173851 0.0102511 -0.0345203 2.31057 3.64344 112.136 
0.579975 0.14809 90532 1 1.82552 0.648077 333 1 1250 -0.0172974 0.0100468 -0.0344061 2.31284 3.64473 112.103 
0.581014 0.152464 90572 1 1.82552 0.648077 334 1 1251 -0.0170565 0.0100143 -0.0343878 2.31318 3.645 112.1 
0.604745 0.336087 90653 1 1.82552 0.648077 335 1 1253 -0.0144976 0.00958168 -0.034823 2.31447 3.65786 112.165 
0.572659 0.281878 90733 1 1.82552 0.648077 336 1 1255 -0.0141636 0.0109585 -0.0370144 2.32681 3.69647 112.283 
0.575867 0.298216 90814 1 1.82552 0.648077 337 1 1257 -0.0139681 0.0128483 -0.0346382 2.34481 3.67906 112.337 
0.575867 0.298216 90853 1 1.82552 0.648077 338 1 1258 -0.0139681 0.0128483 -0.0346382 2.34481 3.67906 112.337 
0.582677 0.415265 90933 1 1.82552 0.648077 339 1 1260 -0.0135297 0.0110438 -0.0330814 2.32768 3.66936 112.427 
0.587491 0.430975 91014 1 1.82552 0.648077 340 1 1262 -0.0137472 0.0118361 -0.0311539 2.33401 3.64603 112.402 
0.587491 0.430975 91054 1 1.82552 0.648077 341 1 1263 -0.0137472 0.0118361 -0.0311539 2.33401 3.64603 112.402 
0.595852 0.434868 91134 1 1.82552 0.648077 342 1 1265 -0.0139823 0.0115766 -0.0307328 2.33505 3.63951 112.239 
0.605155 0.48275 91215 1 1.82552 0.648077 343 1 1267 -0.0129842 0.0106365 -0.0297948 2.33876 3.63228 112.307 
0.610738 0.494728 91294 1 1.82552 0.648077 344 1 1269 -0.0129807 0.0127026 -0.0301186 2.36092 3.63413 112.291 
0.609254 0.489429 91334 1 1.82552 0.648077 345 1 1270 -0.0127238 0.013957 -0.0318191 2.37426 3.65478 112.264 
0.609254 0.489429 91334 1 1.82552 0.648077 346 1 1270 -0.0127238 0.013957 -0.0318191 2.37426 3.65478 112.264 
0.608719 0.501563 91495 1 1.82552 0.648077 347 1 1274 -0.0128522 0.0133438 -0.0314798 2.36483 3.65093 112.262 
0.600157 0.499323 91574 1 1.82552 0.648077 348 1 1276 -0.0124718 0.0128229 -0.0313847 2.35423 3.64813 112.286 
0.606649 0.494723 91614 1 1.82552 0.648077 349 1 1277 -0.0129882 0.0125063 -0.0307303 2.35327 3.64406 112.347 
0.614181 0.509421 91695 1 1.82552 0.648077 350 1 1279 -0.0131385 0.0125942 -0.0304364 2.35132 3.64033 112.346 
0.603902 0.510816 91735 1 1.82552 0.648077 351 1 1280 -0.0125334 0.0107522 -0.0309577 2.32617 3.64411 112.31 
0.617354 0.507651 91815 1 1.82552 0.648077 352 1 1282 -0.01352 0.0118299 -0.0307509 2.34467 3.64288 112.285 
0.593524 0.657768 91895 1 1.82552 0.648077 353 1 1284 -0.0121688 0.0136938 -0.0330823 2.36786 3.67269 112.279 
0.592607 0.66058 91935 1 1.82552 0.648077 354 1 1285 -0.0122052 0.0136845 -0.0330648 2.36796 3.67289 112.28 
0.589345 0.663894 92015 1 1.82552 0.648077 355 1 1287 -0.0119124 0.0138833 -0.0330084 2.36586 3.67342 112.286 
0.60264 0.695577 92095 1 1.82552 0.648077 356 1 1289 -0.0119377 0.0145621 -0.031925 2.37188 3.66441 112.3 
0.570028 0.702714 92176 1 1.82552 0.648077 357 1 1291 -0.012311 0.0135993 -0.0306028 2.35516 3.65089 112.377 
0.570028 0.702714 92216 1 1.82552 0.648077 358 1 1292 -0.012311 0.0135993 -0.0306028 2.35516 3.65089 112.377 
0.559248 0.708377 92297 1 1.82552 0.648077 359 1 1294 -0.0125425 0.0138888 -0.0307154 2.35164 3.64997 112.404 
0.545293 0.681978 92376 1 1.82552 0.648077 360 1 1296 -0.0125182 0.0147713 -0.0307989 2.36143 3.65003 112.406 
0.535275 0.689294 92456 1 1.82552 0.648077 361 1 1298 -0.0126277 0.0146471 -0.0323436 2.36226 3.66567 112.369 
0.539644 0.697999 92496 1 1.82552 0.648077 362 1 1299 -0.0114886 0.0137728 -0.0313114 2.35432 3.65522 112.299 
0.523923 0.526343 92577 1 1.82552 0.648077 363 1 1301 -0.012594 0.015308 -0.0301821 2.37681 3.64118 112.33 
0.521501 0.512378 92657 1 1.82552 0.648077 364 1 1303 -0.012834 0.0140958 -0.0320309 2.36298 3.66289 112.345 
0.521338 0.514445 92696 1 1.82552 0.648077 365 1 1304 -0.0125101 0.0141342 -0.0320918 2.36247 3.66229 112.343 
0.521056 0.53751 92777 1 1.82552 0.648077 366 1 1306 -0.0131954 0.0132774 -0.0306159 2.36476 3.64556 112.385 
0.532796 0.526667 92857 1 1.82552 0.648077 367 1 1308 -0.0126689 0.0132266 -0.0317604 2.36871 3.65091 112.334 
0.533606 0.528994 92897 1 1.82552 0.648077 368 1 1309 -0.0126226 0.013078 -0.0318169 2.37038 3.65006 112.335 
0.544794 0.509922 92977 1 1.82552 0.648077 369 1 1311 -0.0128363 0.013336 -0.0319135 2.36726 3.6488 112.346 
0.58125 0.470376 93058 1 1.82552 0.648077 370 1 1313 -0.0138979 0.0136696 -0.0323213 2.36533 3.64135 112.378 
0.565206 0.472988 93097 1 1.82552 0.648077 371 1 1314 -0.0141214 0.0119967 -0.0305903 2.34315 3.61522 112.391 
0.599365 0.452966 93177 1 1.82552 0.648077 372 1 1316 -0.0140463 0.0141344 -0.0352739 2.37859 3.66193 112.335 
0.62078 0.475018 93258 1 1.82552 0.648077 373 1 1318 -0.0131099 0.0153858 -0.0340423 2.3941 3.64623 112.347 
0.618362 0.476728 93298 1 1.82552 0.648077 374 1 1319 -0.0141417 0.0136747 -0.0333495 2.37402 3.63578 112.296 
0.633102 0.46106 93378 1 1.82552 0.648077 375 1 1321 -0.0136443 0.0148707 -0.0339732 2.3817 3.63912 112.317 
0.649661 0.411925 93458 1 1.82552 0.648077 376 1 1323 -0.0149913 0.0144843 -0.0377109 2.37401 3.68239 112.277 
0.652841 0.416135 93498 1 1.82552 0.648077 377 1 1324 -0.0144376 0.0148759 -0.0351169 2.37738 3.65394 112.304 
0.532569 0.180019 93578 1 1.82552 0.648077 378 1 1326 -0.0154213 0.0115307 -0.0339007 2.33375 3.62717 112.273 
0.53025 0.182935 93618 1 1.82552 0.648077 379 1 1327 -0.0155877 0.011585 -0.0339847 2.33314 3.62627 112.281 
0.533412 0.186291 93699 1 1.82552 0.648077 380 1 1329 -0.0167527 0.0145358 -0.0366663 2.35744 3.64186 111.992 
0.57954 0.168459 93779 1 1.82552 0.648077 381 1 1331 -0.0208731 0.0219413 -0.0418554 2.44671 3.66025 111.063 
0.593434 0.134914 93859 1 1.82552 0.648077 382 1 1333 -0.021205 0.0250163 -0.0507451 2.47942 3.74794 110.954 
0.580983 0.231458 93899 1 1.82552 0.648077 383 1 1334 -0.0212452 0.0197293 -0.0423954 2.42893 3.64811 111.332 
0.564005 0.22331 93979 1 1.82552 0.648077 384 1 1336 -0.0189912 0.0123961 -0.0414172 2.36398 3.63564 111.602 
0.306095 0.344838 94019 1 1.82552 0.648077 385 1 1337 -0.0161164 0.00966169 -0.0407738 2.34627 3.63175 111.816 
0.223459 0.429704 94099 1 1.82552 0.648077 386 1 1339 -0.0141399 0.00800441 -0.0404323 2.36691 3.6344 112.018 
0.211105 0.373958 94180 1 1.82552 0.648077 387 1 1341 -0.0118183 0.00391452 -0.0340893 2.30978 3.5663 112.104 
0.20771 0.401924 94220 1 1.82552 0.648077 388 1 1342 -0.0133591 0.00750433 -0.0277128 2.3388 3.50034 112.041 
0.221698 0.395351 94300 1 1.82552 0.648077 389 1 1344 -0.0124219 0.00780486 -0.0265412 2.32274 3.48892 112.105 
0.296679 0.460214 94380 1 1.82552 0.648077 390 1 1346 -0.0138655 0.00276939 -0.0252348 2.24752 3.47893 112.438 
0.31586 0.462967 94421 1 1.82552 0.648077 391 1 1347 -0.0146227 0.00308069 -0.0250743 2.24436 3.47966 112.459 
0.31586 0.462967 94421 1 1.82552 0.648077 392 1 1347 -0.0146227 0.00308069 -0.0250743 2.24436 3.47966 112.459 
0.36959 0.452641 94580 1 1.82552 0.648077 393 1 1351 -0.0153302 0.00706002 -0.024022 2.28933 3.48453 112.301 
0.36959 0.452641 94621 1 1.81979 0.646154 394 1 1352 -0.0153302 0.00706002 -0.024022 2.28933 3.48453 112.301 
0.369911 0.452087 94701 1 1.80208 0.642308 395 1 1354 -0.0153442 0.0070585 -0.0240069 2.28934 3.48471 112.298 
0.371645 0.44827 94780 1 1.67083 0.635577 396 1 1356 -0.0155805 0.00710047 -0.0238467 2.28888 3.48659 112.267 
0.371312 0.442992 94822 1 1.5375 0.615385 397 1 1357 -0.015972 0.00712597 -0.0237208 2.28856 3.48858 112.237 
0.386624 0.439644 94901 1 1.48177 0.6125 398 1 1359 -0.015523 0.00803389 -0.0261286 2.30377 3.52006 112.201 
0.383004 0.37426 94981 1 1.53229 0.685577 399 1 1361 -0.0153952 0.0100015 -0.0299288 2.3239 3.56461 112.172 
0.383004 0.37426 95022 1 1.63594 0.713462 400 1 1362 -0.0153952 0.0100015 -0.0299288 2.3239 3.56461 112.172 
0.735452 0.234596 95101 1 1.66354 0.711538 401 1 1364 -0.0190022 0.00515434 -0.028408 2.23973 3.54238 112.245 
0.795529 0.196362 95181 1 1.59896 0.668269 402 1 1366 -0.0212716 0.00248347 -0.0320002 2.18954 3.57579 112.142 
0.805615 0.203097 95261 1 1.24688 0.625962 403 1 1368 -0.0213063 0.00366612 -0.032834 2.20707 3.58892 112.144 
0.614546 0.354528 95302 1 0.940104 0.625962 404 1 1369 -0.0182717 0.00719236 -0.030633 2.2627 3.57259 112.16 
0.376757 0.548283 95382 1 0.8125 0.665385 405 1 1371 -0.0148016 0.0140097 -0.0332322 2.36012 3.6137 112.202 
0.398784 0.452201 95422 1 0.733333 0.714423 406 1 1372 -0.0158398 0.0126618 -0.032955 2.34687 3.6082 112.136 
0.398717 0.446621 95502 1 0.732812 0.716346 407 1 1374 -0.0157632 0.0127068 -0.0330114 2.34647 3.60756 112.141 
0.396537 0.442725 95582 1 0.732812 0.716346 408 1 1376 -0.0157683 0.0127869 -0.0330523 2.34551 3.60708 112.141 
0.396458 0.442865 95622 1 0.732812 0.716346 409 1 1377 -0.0157646 0.0127896 -0.0330548 2.34548 3.60706 112.142 
0.396458 0.442865 95702 1 0.732812 0.716346 410 1 1379 -0.0157646 0.0127896 -0.0330548 2.34548 3.60706 112.142 
0.396458 0.442865 95742 1 0.732812 0.716346 411 1 1380 -0.0157646 0.0127896 -0.0330548 2.34548 3.60706 112.142 
0.399376 0.43829 95823 1 0.732812 0.716346 412 1 1382 -0.0159688 0.0126883 -0.0330163 2.34654 3.60753 112.126 
0.556968 0.76267 95903 1 0.732812 0.716346 413 1 1384 -0.0150584 0.0125602 -0.0334011 2.34553 3.63144 112.144 
0.588254 0.787881 95984 1 0.732812 0.716346 414 1 1386 -0.0144411 0.0153324 -0.0321079 2.37066 3.64102 112.259 
0.57242 0.79457 96063 1 0.732812 0.716346 415 1 1388 -0.0142363 0.0159127 -0.0322944 2.37279 3.65611 112.376 
0.545835 0.844373 96143 1 0.753125 0.716346 416 1 1390 -0.0147568 0.0113861 -0.0272441 2.32879 3.61428 112.442 
0.525902 0.931233 96183 1 0.753125 0.716346 417 1 1391 -0.0139085 0.0102728 -0.0251584 2.31593 3.59453 112.506 
0.511164 0.869271 96264 1 0.753125 0.716346 418 1 1393 -0.0137199 0.0117106 -0.0276447 2.33449 3.6259 112.543 
0.50953 0.850202 96304 1 0.753125 0.715385 419 1 1394 -0.0135819 0.00868194 -0.0273008 2.30628 3.62553 112.585 
0.51735 0.692525 96383 1 0.753125 0.714423 420 1 1396 -0.0135723 0.0102532 -0.0256719 2.32116 3.60425 112.587 
0.471005 0.571018 96464 1 0.749479 0.713462 421 1 1398 -0.0138366 0.00793407 -0.0247126 2.29758 3.58961 112.567 
0.421504 0.235755 96504 1 0.749479 0.713462 422 1 1399 -0.014674 0.00765373 -0.0249233 2.30043 3.58749 112.557 
0.431957 0.228724 96584 1 0.749479 0.713462 423 1 1401 -0.0165264 0.0064782 -0.0268681 2.29215 3.59161 112.454 
0.434705 0.233291 96665 1 0.646354 0.699038 424 1 1403 -0.0163542 0.00643108 -0.0269454 2.29255 3.59077 112.458 
0.56011 0.20865 96745 1 0.4625 0.677885 425 1 1405 -0.0162287 0.00725628 -0.0309925 2.30505 3.61349 112.376 
0.571161 0.230578 96824 1 0.435937 0.670192 426 1 1407 -0.0167245 0.00753656 -0.0313731 2.30106 3.60995 112.325 
0.556725 0.223697 96905 1 0.4375 0.668269 427 1 1409 -0.0166277 0.00760257 -0.0343646 2.29669 3.63404 112.293 
0.303175 0.316958 96945 1 0.447396 0.65 428 1 1410 -0.016332 0.00737676 -0.0343633 2.29984 3.63408 112.277 
0.357895 0.291844 97025 1 0.492708 0.626923 429 1 1412 -0.0148282 0.0109541 -0.0346696 2.36565 3.6325 112.295 
0.380681 0.274788 97105 1 0.496354 0.614423 430 1 1414 -0.0141528 0.00887633 -0.0362989 2.36557 3.64345 112.244 
0.395417 0.276336 97145 1 0.441146 0.55 431 1 1415 -0.0138925 0.00832447 -0.036329 2.37147 3.64306 112.232 
0.253424 0.173987 97225 1 0.283854 0.430769 432 1 1417 -0.0126764 0.00539158 -0.0343939 2.3611 3.60788 112.17 
0.246202 0.196352 97305 1 0.234896 0.375962 433 1 1419 -0.0132956 0.00245356 -0.0361318 2.34312 3.61758 112.101 
0.246929 0.201374 97346 1 0.248438 0.381731 434 1 1420 -0.0129014 0.00419042 -0.0342539 2.3616 3.58849 112.064 
0.14302 0.182783 97426 1 0.248438 0.381731 435 1 1422 -0.0133977 -0.000376492 -0.0357684 2.3176 3.60356 112.038 
0.110831 0.186752 97505 1 0.248958 0.381731 436 1 1424 -0.0138167 0.00103324 -0.0366991 2.34208 3.61762 112.047 
0.108059 0.195271 97546 1 0.228646 0.361538 437 1 1425 -0.0130055 0.000237834 -0.0364135 2.33236 3.61328 111.995 
0.108059 0.195271 97546 1 0.199479 0.326923 438 1 1425 -0.0130055 0.000237834 -0.0364135 2.33236 3.61328 111.995 
0.0265718 0.172071 97706 1 0.199479 0.326923 439 1 1429 -0.0126628 -0.000290763 -0.0380031 2.33517 3.6462 111.945 
0.0217653 0.161794 97746 1 0.199479 0.326923 440 1 1430 -0.0120376 -0.0012045 -0.0396386 2.32829 3.66759 111.932 
