ImageFile:
-0.039297 0.310846 71024 1 0.136458 0.242308 1 1 736 0.015914 -0.136429 0.349178 -5.13705 -7.21943 77.3298 
-0.047734 0.296013 71136 1 0.136458 0.242308 2 1 739 0.0161652 -0.136053 0.347298 -5.13777 -7.19959 77.3623 
-0.0460827 0.281883 71184 1 0.175521 0.243269 3 1 741 0.0159831 -0.135751 0.348135 -5.13237 -7.19858 77.3165 
0.0764065 0.345983 71295 1 0.235937 0.253846 4 1 744 0.0158999 -0.135107 0.349267 -5.12443 -7.20963 77.3178 
0.159677 0.362221 71327 1 0.255208 0.273077 5 1 745 0.0155762 -0.136605 0.348652 -5.14373 -7.20484 77.352 
0.164427 0.383081 71424 1 0.286458 0.303846 6 1 748 0.0154445 -0.13858 0.349137 -5.16594 -7.20892 77.3139 
0.135398 0.450567 71504 1 0.423958 0.316346 7 1 750 0.0149589 -0.138368 0.349863 -5.16926 -7.21273 77.2744 
0.13227 0.394565 71568 1 0.557813 0.318269 8 1 752 0.0152085 -0.138946 0.350001 -5.17549 -7.21019 77.2506 
0.133918 0.398615 71631 1 0.643229 0.342308 9 1 754 0.0152544 -0.139032 0.350663 -5.17447 -7.21092 77.2051 
0.140258 0.382043 71696 1 0.664583 0.375 10 1 756 0.0152545 -0.138464 0.349991 -5.17195 -7.20355 77.2597 
0.16585 0.407604 71776 1 0.668229 0.375962 11 1 758 0.0149885 -0.138897 0.350775 -5.1763 -7.20359 77.1913 
0.337594 0.406884 71840 1 0.668229 0.375962 12 1 760 0.0150659 -0.139727 0.350786 -5.18856 -7.19855 77.1629 
0.710411 0.357827 71936 1 0.669271 0.375 13 1 763 0.0150901 -0.138544 0.351165 -5.1783 -7.19684 77.133 
0.69259 0.340706 72032 1 0.748437 0.295192 14 1 766 0.0149645 -0.138717 0.350527 -5.19108 -7.18407 77.1195 
0.698912 0.337422 72064 1 0.8375 0.198077 15 1 767 0.0151247 -0.137226 0.350881 -5.17691 -7.18771 77.1443 
0.894457 0.288341 72143 1 0.85625 0.172115 16 1 769 0.0153089 -0.138143 0.351525 -5.18949 -7.19443 77.1222 
0.89511 0.286032 72210 1 0.856771 0.155769 17 1 771 0.0152679 -0.138108 0.351466 -5.1899 -7.19502 77.1183 
0.894365 0.287278 72304 1 0.857292 0.135577 18 1 774 0.0153978 -0.137982 0.351225 -5.19141 -7.19814 77.1186 
0.894411 0.289073 72368 1 0.859896 0.126923 19 1 776 0.0153936 -0.137983 0.351188 -5.19139 -7.19857 77.1186 
0.893643 0.286734 72447 1 0.864583 0.126923 20 1 778 0.0153827 -0.137982 0.351153 -5.19137 -7.19902 77.1188 
0.893479 0.286435 72511 1 0.865625 0.126923 21 1 780 0.0153868 -0.137981 0.35115 -5.19138 -7.19905 77.1187 
0.891878 0.284731 72576 1 0.865625 0.126923 22 1 782 0.0154112 -0.137993 0.351093 -5.19126 -7.19977 77.119 
0.893445 0.290356 72656 1 0.865625 0.126923 23 1 784 0.0156571 -0.138068 0.350878 -5.19061 -7.20308 77.1322 
0.861226 0.281604 72704 1 0.865625 0.126923 24 1 786 0.0159692 -0.139016 0.353705 -5.19803 -7.23307 77.1053 
0.863557 0.283334 72880 1 0.865625 0.126923 25 1 791 0.016213 -0.138159 0.352444 -5.1864 -7.22508 77.1373 
0.861832 0.284106 72976 1 0.865625 0.126923 26 1 794 0.0159869 -0.138164 0.352371 -5.18639 -7.2259 77.1382 
0.853656 0.328957 73056 1 0.865625 0.127885 27 1 796 0.0186037 -0.133555 0.346695 -5.1048 -7.13776 76.7631 
0.435731 0.435588 73121 1 0.815104 0.200962 28 1 798 0.0185699 -0.13554 0.347417 -5.12143 -7.14829 76.7318 
0.328203 0.484855 73183 1 0.644271 0.428846 29 1 800 0.0181401 -0.134469 0.346829 -5.1124 -7.15312 76.7769 
0.330669 0.494077 73247 1 0.440625 0.707692 30 1 802 0.0183422 -0.133763 0.346887 -5.10139 -7.15362 76.7734 
0.422756 0.624954 73344 1 0.290625 0.873077 31 1 805 0.0185112 -0.132837 0.346937 -5.08549 -7.15162 76.7451 
0.422756 0.624954 73392 1 0.25625 0.903846 32 1 806 0.0185112 -0.132837 0.346937 -5.08549 -7.15162 76.7451 
0.426958 0.62488 73457 1 0.228646 0.934615 33 1 808 0.0186194 -0.132917 0.346912 -5.08497 -7.15198 76.7539 
0.428933 0.624363 73520 1 0.184896 0.960577 34 1 810 0.0184956 -0.132971 0.346909 -5.0845 -7.15198 76.7581 
0.429538 0.608774 73615 1 0.132292 0.981731 35 1 813 0.0183038 -0.134646 0.344827 -5.10069 -7.13001 76.8113 
0.429505 0.608851 73664 1 0.0927083 1 36 1 814 0.0183044 -0.134647 0.344828 -5.10068 -7.13 76.8115 
0.429505 0.608851 73664 1 0.0765625 0.996154 37 1 814 0.0183044 -0.134647 0.344828 -5.10068 -7.13 76.8115 
0.409163 0.561562 73856 1 0.0744792 0.991346 38 1 820 0.0163878 -0.136991 0.352666 -5.14273 -7.20854 77.1512 
0.41291 0.578228 73887 1 0.0723958 0.990385 39 1 821 0.0168564 -0.135683 0.352099 -5.12718 -7.20633 77.1665 
0.114484 0.596768 73951 1 0.0697917 0.989423 40 1 823 0.0166171 -0.135035 0.353183 -5.11667 -7.21378 77.1146 
0.106436 0.588315 74064 1 0.0682292 0.988462 41 1 826 0.0166808 -0.135115 0.353279 -5.11636 -7.21248 77.1098 
0.0715644 0.691574 74128 1 0.0682292 0.988462 42 1 828 0.0167356 -0.134949 0.35212 -5.11715 -7.20075 77.1306 
-0.0326954 1.01 74193 1 0.0682292 0.988462 43 1 830 0.0173765 -0.134365 0.350139 -5.1027 -7.17971 77.0516 
-0.0303543 1.01301 74223 1 0.0682292 0.988462 44 1 831 0.0179769 -0.134537 0.350192 -5.10276 -7.18039 77.0494 
-0.0296058 1.01905 74335 1 0.0682292 0.988462 45 1 834 0.0178031 -0.134657 0.350147 -5.10177 -7.18126 77.0576 
-0.0244678 1.0277 74400 1 0.0682292 0.988462 46 1 836 0.0178754 -0.134952 0.350153 -5.09918 -7.18154 77.0692 
-0.0251716 1.0273 74464 1 0.0682292 0.988462 47 1 838 0.0178723 -0.134979 0.350167 -5.09888 -7.1814 77.0713 
-0.172175 0.441067 74544 1 0.0682292 0.988462 48 1 840 0.0176743 -0.134652 0.351561 -5.09692 -7.18874 77.1036 
-0.153545 0.343186 74607 1 0.0682292 0.988462 49 1 842 0.0174029 -0.134492 0.352259 -5.09861 -7.18976 77.1409 
-0.156239 0.357348 74674 1 0.0682292 0.988462 50 1 844 0.0170128 -0.135123 0.352791 -5.106 -7.19392 77.1329 
-0.154137 0.370036 74736 1 0.0682292 0.988462 51 1 846 0.0171722 -0.134662 0.352777 -5.10106 -7.19201 77.1322 
-0.146399 0.37934 74769 1 0.0682292 0.988462 52 1 847 0.0172355 -0.134406 0.352898 -5.09695 -7.19235 77.118 
-0.139499 0.377735 74864 1 0.0682292 0.988462 53 1 850 0.0173052 -0.13429 0.352682 -5.09557 -7.18851 77.1126 
-0.137273 0.367895 74944 1 0.0682292 0.988462 54 1 852 0.0179233 -0.134503 0.352116 -5.09189 -7.18054 77.1158 
-0.135379 0.354664 75008 1 0.0682292 0.988462 55 1 854 0.0176592 -0.133646 0.351601 -5.08652 -7.17636 77.1464 
-0.147525 0.363557 75071 1 0.0682292 0.988462 56 1 856 0.0172422 -0.134003 0.352199 -5.09321 -7.18102 77.1461 
-0.142004 0.364033 75136 1 0.0682292 0.988462 57 1 858 0.0178787 -0.133264 0.352201 -5.08451 -7.18094 77.1076 
-0.147574 0.399825 75216 1 0.0682292 0.988462 58 1 860 0.0176143 -0.133613 0.355716 -5.09415 -7.2219 77.0642 
-0.148211 0.393173 75313 1 0.0682292 0.988462 59 1 863 0.0173478 -0.134668 0.355837 -5.11412 -7.22398 77.0784 
-0.150206 0.411182 75377 1 0.0682292 0.988462 60 1 865 0.0170811 -0.135026 0.357137 -5.11769 -7.2352 77.0053 
-0.143453 0.405396 75472 1 0.0682292 0.988462 61 1 868 0.0170588 -0.13455 0.357241 -5.11707 -7.2377 77.0529 
-0.147585 0.408949 75552 1 0.0682292 0.988462 62 1 870 0.0171174 -0.134806 0.357779 -5.11475 -7.24255 77.006 
-0.143995 0.38775 75648 1 0.0682292 0.988462 63 1 873 0.0167393 -0.134875 0.354864 -5.12267 -7.22539 77.1156 
-0.13891 0.392494 75711 1 0.0682292 0.988462 64 1 875 0.0174059 -0.13365 0.357454 -5.1114 -7.25603 77.1233 
-0.146587 0.37704 75775 1 0.0682292 0.988462 65 1 877 0.0169235 -0.134915 0.354338 -5.13317 -7.23564 77.2208 
-0.151156 0.385776 75855 1 0.0682292 0.988462 66 1 879 0.0167219 -0.135974 0.352636 -5.14594 -7.22241 77.1973 
-0.154845 0.381486 75920 1 0.0682292 0.988462 67 1 881 0.0162403 -0.136231 0.353457 -5.1477 -7.23019 77.17 
-0.135653 0.376982 75984 1 0.0682292 0.988462 68 1 883 0.0163518 -0.135178 0.350999 -5.13367 -7.2132 77.1866 
-0.16045 0.359751 76048 1 0.0682292 0.988462 69 1 885 0.0165571 -0.138664 0.347488 -5.17159 -7.19221 77.2163 
-0.127297 0.382556 76111 1 0.0682292 0.988462 70 1 887 0.0176803 -0.134949 0.345767 -5.11183 -7.18918 77.126 
-0.140071 0.371553 76191 1 0.0682292 0.988462 71 1 889 0.0180596 -0.134003 0.34575 -5.09533 -7.19579 77.1545 
-0.137572 0.356825 76256 1 0.0682292 0.988462 72 1 891 0.0177529 -0.133079 0.34441 -5.08518 -7.18643 77.193 
-0.135526 0.352139 76320 1 0.0682292 0.988462 73 1 893 0.0185466 -0.134439 0.342835 -5.09799 -7.1723 77.2392 
-0.136808 0.329248 76385 1 0.0244792 0.989423 74 1 895 0.0179345 -0.134975 0.342165 -5.10162 -7.16162 77.2357 
-0.131081 0.334584 76495 1 -0.263542 0.967308 75 1 898 0.0175562 -0.132677 0.345976 -5.06933 -7.17925 77.1798 
-0.139907 0.354841 76559 1 -0.617188 0.875 76 1 900 0.0174791 -0.132853 0.346614 -5.07093 -7.1839 77.174 
-0.150815 0.341354 76656 1 -0.853646 0.758654 77 1 903 0.0171745 -0.134103 0.34515 -5.08689 -7.16496 77.1975 
-0.150022 0.350228 76736 1 -0.977604 0.708654 78 1 905 0.0173652 -0.13435 0.345485 -5.0886 -7.16929 77.2119 
-0.145904 0.329139 76800 1 -0.983333 0.704808 79 1 907 0.0178046 -0.134623 0.344457 -5.09231 -7.15613 77.2486 
-0.145904 0.329139 76800 1 -0.983333 0.704808 80 1 907 0.0178046 -0.134623 0.344457 -5.09231 -7.15613 77.2486 
-0.143747 0.335442 76833 1 -0.983333 0.704808 81 1 908 0.0179913 -0.134276 0.346628 -5.08616 -7.17222 77.214 
-0.145289 0.344184 77024 1 -0.983333 0.704808 82 1 914 0.0175891 -0.133354 0.347337 -5.06938 -7.16615 77.1531 
-0.157832 0.351473 77104 1 -0.983333 0.704808 83 1 916 0.0175338 -0.134975 0.349186 -5.08528 -7.17852 77.1142 
-0.148149 0.347264 77168 1 -0.983333 0.704808 84 1 918 0.0176753 -0.133794 0.34906 -5.06939 -7.17289 77.0966 
-0.145871 0.344848 77232 1 -0.984375 0.703846 85 1 920 0.0182331 -0.133521 0.347636 -5.06938 -7.15714 77.1321 
-0.147171 0.343395 77296 1 -0.999479 0.7 86 1 922 0.0178986 -0.134343 0.348691 -5.07462 -7.16296 77.1048 
-0.141049 0.329663 77376 1 -1 0.694231 87 1 924 0.0176732 -0.134765 0.348353 -5.07652 -7.15386 77.0746 
-0.148893 0.334191 77440 1 -1 0.661538 88 1 926 0.0174762 -0.135096 0.349296 -5.08104 -7.16187 77.0875 
-0.131663 0.338403 77504 1 -1 0.596154 89 1 928 0.0173482 -0.134321 0.348901 -5.07379 -7.15892 77.1316 
-0.189476 0.919744 77568 1 -1 0.534615 90 1 930 0.0178014 -0.134338 0.346726 -5.06895 -7.14005 77.0744 
-0.265093 0.964678 77631 1 -1 0.527885 91 0 932 0.0179796 -0.134563 0.348905 -5.06695 -7.15938 76.9813 
-0.18355 0.789408 77712 1 -1 0.529808 92 1 934 0.0182873 -0.133816 0.348746 -5.05901 -7.14954 76.943 
-0.158702 0.629901 77775 1 -1 0.529808 93 1 936 0.0182319 -0.135605 0.345528 -5.08491 -7.11631 77.0264 
-0.17596 0.609063 77872 1 -1 0.489423 94 1 939 0.0175349 -0.135925 0.347601 -5.09105 -7.13303 76.9866 
-0.176065 0.56987 77936 1 -1 0.376923 95 1 941 0.0172508 -0.135821 0.347585 -5.09042 -7.13478 76.9907 
-0.174431 0.558384 78015 1 -1 0.324038 96 1 943 0.0174797 -0.135456 0.348649 -5.08614 -7.14661 76.941 
-0.179716 0.553372 78079 1 -0.975521 0.301923 97 1 945 0.0172948 -0.135131 0.348412 -5.08322 -7.14262 76.936 
-0.179273 0.539976 78143 1 -0.888021 0.313462 98 1 947 0.0172236 -0.135446 0.348738 -5.08932 -7.14157 76.906 
-0.185376 0.511168 78208 1 -0.811979 0.343269 99 1 949 0.0170322 -0.136564 0.34666 -5.10405 -7.12171 76.9398 
-0.183487 0.512343 78322 1 -0.810937 0.343269 100 1 952 0.017094 -0.13693 0.348713 -5.10456 -7.13892 76.8996 
-0.0660592 0.530412 78384 1 -0.810937 0.343269 101 1 954 0.0170295 -0.137181 0.349714 -5.10631 -7.14972 76.8606 
0.844413 0.434076 78447 1 -0.810937 0.343269 102 1 956 0.0179139 -0.137157 0.347767 -5.10099 -7.13576 76.8624 
0.88443 0.407247 78544 1 -0.810417 0.343269 103 1 959 0.0176618 -0.137188 0.347768 -5.10083 -7.13627 76.8581 
0.884315 0.407667 78594 1 -0.806771 0.344231 104 1 960 0.0176804 -0.137184 0.347762 -5.10089 -7.1364 76.8579 
0.946696 0.40837 78656 1 -0.803125 0.343269 105 1 962 0.017859 -0.138841 0.351225 -5.1157 -7.17639 76.832 
0.979089 0.41351 78751 1 -0.769792 0.343269 106 1 965 0.0190316 -0.136094 0.35221 -5.07643 -7.19069 76.8127 
0.990254 0.411031 78816 1 -0.698438 0.343269 107 1 967 0.0189939 -0.135158 0.351461 -5.06307 -7.19135 76.8516 
0.996948 0.405214 78913 1 -0.645312 0.336538 108 1 970 0.0194712 -0.135213 0.351008 -5.04882 -7.1958 76.9287 
0.993217 0.402029 78960 1 -0.614062 0.336538 109 1 971 0.019593 -0.135852 0.350285 -5.05315 -7.19214 76.9495 
0.993362 0.402404 79024 1 -0.607812 0.336538 110 1 973 0.0196049 -0.135865 0.350278 -5.05303 -7.1922 76.949 
0.98745 0.401553 79087 1 -0.607812 0.336538 111 1 975 0.0193157 -0.135066 0.348591 -5.04448 -7.17632 76.9957 
0.991482 0.424029 79183 1 -0.607812 0.336538 112 1 978 0.0197408 -0.134375 0.350007 -5.03291 -7.17794 76.9275 
0.982107 0.417054 79231 1 -0.607812 0.336538 113 1 979 0.0195688 -0.135148 0.351183 -5.04343 -7.18678 76.9252 
0.986221 0.40876 79296 1 -0.607812 0.336538 114 1 981 0.0201279 -0.134417 0.349738 -5.03762 -7.17353 76.9755 
0.990082 0.421186 79360 1 -0.607812 0.336538 115 1 983 0.0196309 -0.13402 0.350754 -5.03293 -7.17843 76.9341 
0.983157 0.407509 79424 1 -0.607812 0.336538 116 1 985 0.0190251 -0.134054 0.350998 -5.03586 -7.1756 76.9205 
0.981494 0.408051 79503 1 -0.607812 0.336538 117 1 987 0.0191791 -0.134089 0.351104 -5.03575 -7.17465 76.9121 
0.987 0.421452 79567 1 -0.607812 0.336538 118 1 989 0.0193544 -0.134257 0.351463 -5.03617 -7.17791 76.8987 
0.98335 0.409052 79632 1 -0.607812 0.336538 119 1 991 0.0196255 -0.133991 0.351394 -5.0342 -7.17712 76.9062 
0.983416 0.412858 79696 1 -0.607812 0.336538 120 1 993 0.0195973 -0.134085 0.351424 -5.03374 -7.17687 76.9019 
0.969403 0.398888 79776 1 -0.607812 0.336538 121 1 995 0.0194679 -0.135286 0.350273 -5.04708 -7.16152 76.8838 
0.980499 0.407212 79825 1 -0.607812 0.336538 122 1 997 0.0198084 -0.133674 0.35158 -5.03163 -7.17347 76.922 
0.996827 0.404782 79904 1 -0.607812 0.336538 123 1 999 0.0201881 -0.132461 0.351011 -5.01484 -7.16449 76.9196 
0.997128 0.402825 79935 1 -0.607812 0.336538 124 1 1000 0.0201626 -0.132471 0.351051 -5.01474 -7.16412 76.9222 
0.997128 0.402825 79935 1 -0.607812 0.336538 125 1 1000 0.0201626 -0.132471 0.351051 -5.01474 -7.16412 76.9222 
0.997933 0.396321 80096 1 -0.607812 0.336538 126 1 1005 0.0200804 -0.132504 0.351137 -5.01442 -7.16323 76.9294 
0.998526 0.392683 80176 1 -0.607812 0.336538 127 1 1007 0.0199793 -0.132538 0.351186 -5.01409 -7.16271 76.9339 
0.995047 0.382516 80239 1 -0.607812 0.336538 128 1 1009 0.0199348 -0.132985 0.350026 -5.02025 -7.14916 76.9436 
0.943362 0.382378 80336 1 -0.607812 0.336538 129 1 1012 0.0199449 -0.132073 0.35082 -5.0112 -7.15346 76.9402 
0.0884646 0.786449 80416 1 -0.607812 0.336538 130 1 1014 0.0190595 -0.133829 0.349938 -5.03011 -7.14507 76.8549 
-0.0493923 0.983275 80480 1 -0.607812 0.336538 131 1 1016 0.0197289 -0.131919 0.350398 -5.00651 -7.15105 76.8295 
-0.0758586 0.930656 80545 1 -0.607812 0.336538 132 1 1018 0.0198934 -0.132136 0.349112 -5.00989 -7.14121 76.8437 
-0.0621154 0.925218 80607 1 -0.607812 0.336538 133 1 1020 0.0199056 -0.131685 0.349497 -5.00137 -7.14374 76.8375 
-0.0864871 0.928256 80672 1 -0.607812 0.336538 134 1 1022 0.0198885 -0.131903 0.349747 -5.00376 -7.14694 76.8438 
-0.104062 0.972308 80752 1 -0.607812 0.336538 135 1 1024 0.0199882 -0.130606 0.350201 -4.98633 -7.14233 76.8185 
-0.103429 0.940657 80816 1 -0.607812 0.336538 136 1 1026 0.0198507 -0.13079 0.350258 -4.98262 -7.13546 76.7609 
-0.0953148 0.950857 80848 1 -0.607812 0.336538 137 1 1027 0.019805 -0.130831 0.350272 -4.98222 -7.13539 76.7655 
-0.086904 0.920411 80944 1 -0.607812 0.336538 138 1 1030 0.0202321 -0.129663 0.351183 -4.97234 -7.14469 76.7979 
-0.0878642 0.90795 81007 1 -0.607812 0.336538 139 1 1032 0.0204627 -0.129442 0.349841 -4.97144 -7.13491 76.8326 
-0.0972842 0.90837 81071 1 -0.607812 0.336538 140 1 1034 0.0204419 -0.130042 0.35023 -4.97719 -7.13993 76.8249 
-0.102462 0.937458 81184 1 -0.607812 0.336538 141 1 1037 0.02023 -0.132076 0.35219 -4.98636 -7.15075 76.6999 
-0.100771 0.851349 81248 1 -0.607812 0.336538 142 1 1039 0.0225818 -0.133719 0.341614 -4.99227 -7.0136 76.5551 
-0.101692 0.841018 81313 1 -0.607812 0.336538 143 1 1041 0.0220323 -0.13298 0.339911 -4.98918 -7.00654 76.61 
-0.0938226 0.859054 81343 1 -0.607812 0.336538 144 1 1042 0.0221335 -0.132445 0.342715 -4.97649 -7.03653 76.5461 
-0.0966808 0.849774 81457 1 -0.607812 0.336538 145 1 1045 0.0221639 -0.131961 0.341527 -4.97317 -7.04397 76.6279 
-0.101939 0.855857 81520 1 -0.607812 0.336538 146 1 1047 0.0223077 -0.131117 0.343262 -4.96535 -7.07877 76.7417 
-0.0977343 0.861205 81584 1 -0.607812 0.336538 147 1 1049 0.0216956 -0.131743 0.34227 -4.97123 -7.07701 76.7457 
-0.0954326 0.876804 81666 1 -0.607812 0.336538 148 1 1051 0.0215587 -0.132618 0.343572 -4.97712 -7.09734 76.6577 
-0.0954905 0.893208 81727 1 -0.607812 0.336538 149 1 1053 0.0215431 -0.132276 0.343669 -4.97114 -7.1034 76.6219 
-0.0908019 0.911856 81791 1 -0.607812 0.336538 150 1 1055 0.0206982 -0.132047 0.342734 -4.95696 -7.09647 76.4649 
-0.0462069 0.888166 81857 1 -0.607812 0.336538 151 1 1057 0.0209861 -0.127731 0.332569 -4.8878 -7.01815 76.3547 
-0.0340831 0.68694 81937 1 -0.607812 0.336538 152 1 1059 0.0214867 -0.129005 0.307584 -4.89272 -6.84369 76.4786 
-0.0535297 0.697427 81984 1 -0.607812 0.336538 153 1 1061 0.0215988 -0.133672 0.301404 -4.91439 -6.86398 76.352 
-0.0779748 0.81733 82066 1 -0.607812 0.336538 154 1 1063 0.0211436 -0.132367 0.31107 -4.88536 -7.0232 76.4468 
-0.052874 0.85474 82127 1 -0.607812 0.336538 155 1 1065 0.0223142 -0.130784 0.314584 -4.85612 -7.06711 76.4665 
-0.0531445 0.903101 82224 1 -0.607812 0.336538 156 1 1068 0.0220752 -0.128734 0.317395 -4.82926 -7.0548 76.362 
-0.0485348 0.832309 82304 1 -0.607812 0.336538 157 1 1070 0.0220277 -0.126993 0.313645 -4.81343 -6.9954 76.4291 
-0.058934 0.855006 82368 1 -0.607812 0.336538 158 1 1072 0.022333 -0.129601 0.31329 -4.83988 -6.95369 76.4265 
-0.0519186 0.891037 82432 1 -0.607812 0.336538 159 1 1074 0.0221691 -0.129455 0.317817 -4.83382 -6.98267 76.3372 
-0.0367727 0.905164 82496 1 -0.607812 0.336538 160 1 1076 0.0220066 -0.12922 0.323263 -4.83401 -7.00507 76.2768 
0.0575061 0.863186 82576 1 -0.604167 0.334615 161 1 1078 0.0219508 -0.127684 0.325161 -4.825 -7.0085 76.2854 
0.0646893 0.847581 82639 1 -0.604167 0.334615 162 1 1080 0.0221415 -0.1268 0.327076 -4.82202 -7.00498 76.2454 
0.0649429 0.836217 82704 1 -0.604167 0.334615 163 1 1082 0.0216793 -0.125912 0.327994 -4.82376 -7.00616 76.2967 
0.041775 0.840821 82768 1 -0.604167 0.334615 164 1 1084 0.0210192 -0.128585 0.330163 -4.85192 -7.01699 76.2673 
0.041166 0.852351 82831 1 -0.604167 0.334615 165 1 1086 0.0211522 -0.128083 0.33225 -4.84958 -7.02688 76.2952 
0.0509946 0.850743 82911 1 -0.59375 0.334615 166 1 1088 0.0211298 -0.127529 0.332712 -4.84454 -7.02882 76.322 
0.0546579 0.825988 82975 1 -0.45625 0.373077 167 1 1090 0.0214783 -0.126824 0.334218 -4.84075 -7.03919 76.3955 
0.0447551 0.837858 83040 1 -0.167708 0.428846 168 1 1092 0.0212112 -0.127666 0.336593 -4.85292 -7.06309 76.4356 
0.0447551 0.837858 83040 1 0.148958 0.450962 169 1 1092 0.0212112 -0.127666 0.336593 -4.85292 -7.06309 76.4356 
0.0326905 0.859146 83184 1 0.372917 0.471154 170 1 1096 0.0211902 -0.127855 0.3412 -4.86245 -7.1112 76.4777 
0.0497327 0.861023 83231 1 0.45625 0.472115 171 1 1098 0.0209666 -0.126433 0.340747 -4.85017 -7.10152 76.4996 
0.0400535 0.88514 83344 1 0.457292 0.468269 172 1 1101 0.0212487 -0.127225 0.343863 -4.85388 -7.13179 76.4431 
0.395661 0.672899 83408 1 0.454688 0.466346 173 1 1103 0.0207985 -0.129166 0.343846 -4.87826 -7.13304 76.5104 
0.474006 0.600584 83472 1 0.454167 0.466346 174 1 1105 0.0210424 -0.128385 0.34594 -4.86972 -7.14723 76.5062 
0.572475 0.569436 83552 1 0.454167 0.466346 175 1 1107 0.0216207 -0.127804 0.346676 -4.86147 -7.14612 76.4932 
0.959448 0.364963 83615 1 0.454167 0.466346 176 1 1109 0.0221183 -0.127804 0.346181 -4.86336 -7.13998 76.5417 
0.941881 0.311832 83679 1 0.454167 0.466346 177 1 1111 0.0217898 -0.129758 0.346391 -4.88935 -7.13755 76.5923 
0.95366 0.248237 83743 1 0.454167 0.466346 178 1 1113 0.0216211 -0.130006 0.344877 -4.89446 -7.12319 76.6225 
1.03335 0.250032 83824 1 0.454167 0.466346 179 1 1115 0.0206701 -0.133302 0.354078 -4.9411 -7.25254 76.8799 
0.885633 0.333664 83920 1 0.454167 0.466346 180 1 1118 0.0200032 -0.135587 0.350651 -4.96832 -7.2148 76.912 
0.719224 0.56068 83986 1 0.454167 0.466346 181 1 1120 0.0200562 -0.135126 0.348396 -4.95771 -7.18474 76.8564 
0.729411 0.563218 84048 1 0.454167 0.466346 182 1 1122 0.0200114 -0.135516 0.346704 -4.96792 -7.16573 76.9004 
0.96501 0.710222 84113 1 0.454167 0.466346 183 1 1124 0.0203319 -0.134073 0.347122 -4.95642 -7.16675 76.8612 
0.973998 0.729483 84192 1 0.453646 0.466346 184 1 1126 0.0201181 -0.134152 0.346803 -4.95855 -7.16568 76.8596 
0.971492 0.73899 84256 1 0.444271 0.466346 185 1 1128 0.0211524 -0.133613 0.347321 -4.95649 -7.17304 76.8657 
0.954519 0.744394 84351 1 0.271875 0.458654 186 1 1131 0.0214851 -0.134074 0.345036 -4.96741 -7.1524 76.9068 
0.965432 0.769994 84415 1 -0.110417 0.4375 187 1 1133 0.0214232 -0.132095 0.345873 -4.94298 -7.15714 76.8658 
0.811354 0.771355 84463 1 -0.51875 0.429808 188 1 1134 0.0209282 -0.133733 0.346019 -4.96017 -7.15617 76.838 
0.408035 0.586431 84559 1 -0.708854 0.413462 189 1 1137 0.0209204 -0.133975 0.346967 -4.96716 -7.16176 76.8867 
0.393492 0.585167 84624 1 -0.747396 0.407692 190 1 1139 0.0211677 -0.133371 0.346499 -4.9607 -7.15491 76.913 
0.418952 0.571722 84688 1 -0.747917 0.407692 191 1 1141 0.0211429 -0.132841 0.345033 -4.95476 -7.14408 76.967 
0.430311 0.577157 84752 1 -0.747917 0.407692 192 1 1143 0.0211235 -0.131993 0.344802 -4.94715 -7.14461 76.9803 
0.445191 0.585223 84831 1 -0.747917 0.407692 193 1 1145 0.0207414 -0.134083 0.345846 -4.96677 -7.15277 76.949 
0.45322 0.593431 84896 1 -0.756771 0.406731 194 1 1147 0.021167 -0.133093 0.345969 -4.95508 -7.15245 76.9188 
0.448077 0.625466 84992 1 -0.879687 0.394231 195 1 1150 0.0212655 -0.133192 0.346906 -4.95299 -7.16168 76.8731 
0.446793 0.616387 85024 1 -1 0.389423 196 1 1151 0.0214001 -0.133138 0.346728 -4.95579 -7.15956 76.8899 
0.458513 0.60764 85136 1 -1 0.376923 197 1 1154 0.0217361 -0.131993 0.345913 -4.94632 -7.15173 76.9312 
0.471999 0.616261 85200 1 -1 0.3375 198 1 1156 0.0217314 -0.131976 0.345992 -4.94643 -7.1533 76.9416 
0.474214 0.614218 85264 1 -0.99375 0.325962 199 1 1158 0.0214237 -0.131917 0.344236 -4.94923 -7.14485 77.0021 
0.472435 0.60215 85328 1 -0.990625 0.325962 200 1 1160 0.0214956 -0.133232 0.344767 -4.96246 -7.14976 77.0012 
0.479749 0.597815 85392 1 -0.990625 0.325962 201 1 1162 0.0216848 -0.133258 0.344792 -4.95838 -7.15103 77.0152 
0.46619 0.591125 85471 1 -0.990625 0.325962 202 1 1164 0.0214357 -0.133931 0.343891 -4.96396 -7.14324 77.038 
0.462449 0.579091 85537 1 -0.969792 0.317308 203 1 1166 0.0214124 -0.13439 0.344386 -4.96732 -7.1493 77.061 
0.465515 0.580345 85567 1 -0.928646 0.314423 204 1 1167 0.0219206 -0.135179 0.343745 -4.97192 -7.14309 77.0897 
0.475673 0.588554 85664 1 -0.876563 0.315385 205 1 1170 0.0224641 -0.135205 0.344591 -4.95228 -7.14734 77.0446 
0.469732 0.6112 85744 1 -0.816667 0.316346 206 1 1172 0.0217862 -0.136436 0.346928 -4.95211 -7.17542 77.0348 
0.47188 0.617035 85808 1 -0.768229 0.318269 207 1 1174 0.0223733 -0.136086 0.346782 -4.93705 -7.17531 77.0089 
0.475405 0.614704 85871 1 -0.721354 0.319231 208 1 1176 0.0217577 -0.135727 0.347744 -4.9252 -7.17887 76.9751 
0.489228 0.598361 85935 1 -0.673438 0.319231 209 1 1178 0.0214909 -0.132961 0.34739 -4.88019 -7.15218 76.8811 
0.484155 0.629752 86048 1 -0.6375 0.319231 210 1 1181 0.0228903 -0.133008 0.351472 -4.86314 -7.15891 76.8139 
0.479692 0.620435 86080 1 -0.600521 0.319231 211 1 1182 0.0229997 -0.133171 0.350919 -4.86021 -7.14707 76.8205 
0.472152 0.601055 86144 1 -0.584896 0.315385 212 1 1184 0.0227527 -0.133913 0.349488 -4.86998 -7.12639 76.8306 
0.472152 0.601055 86144 1 -0.576562 0.308654 213 1 1184 0.0227527 -0.133913 0.349488 -4.86998 -7.12639 76.8306 
0.484235 0.603124 86306 1 -0.553125 0.288462 214 1 1189 0.0249337 -0.131547 0.342574 -4.83757 -7.04758 76.8165 
0.477028 0.594674 86383 1 -0.536458 0.269231 215 1 1191 0.0244415 -0.132273 0.342059 -4.8505 -7.04112 76.8294 
0.459989 0.569077 86448 1 -0.530208 0.264423 216 1 1193 0.0241708 -0.133528 0.342615 -4.86925 -7.04404 76.8464 
0.47462 0.452898 86512 1 -0.529167 0.264423 217 1 1195 0.0240794 -0.133728 0.34021 -4.87898 -7.0165 76.917 
0.472743 0.428256 86575 1 -0.529167 0.264423 218 1 1197 0.0237724 -0.134478 0.340603 -4.88736 -7.01824 76.8936 
0.458018 0.406006 86655 1 -0.529167 0.264423 219 1 1199 0.0237034 -0.134115 0.34326 -4.88211 -7.04143 76.8232 
0.43943 0.410312 86719 1 -0.529167 0.264423 220 1 1201 0.0235694 -0.134976 0.343086 -4.89413 -7.04084 76.8452 
0.435221 0.408828 86784 1 -0.529167 0.264423 221 1 1203 0.023779 -0.134365 0.34407 -4.88825 -7.05013 76.8734 
0.436119 0.409172 86848 1 -0.529167 0.264423 222 1 1205 0.0240088 -0.133364 0.344352 -4.87422 -7.04998 76.8363 
0.194125 0.424085 86960 1 -0.529167 0.264423 223 1 1208 0.0237585 -0.134051 0.342398 -4.88141 -7.02606 76.837 
0.201906 0.431255 87023 1 -0.529167 0.264423 224 1 1210 0.0239549 -0.133845 0.341786 -4.88142 -7.01834 76.8719 
0.190217 0.430606 87087 1 -0.529167 0.264423 225 1 1212 0.0237593 -0.133785 0.342809 -4.88068 -7.02699 76.8579 
0.190506 0.415063 87151 1 -0.528646 0.261538 226 1 1214 0.0238444 -0.133619 0.341883 -4.88013 -7.01707 76.8731 
0.0826553 0.419249 87232 1 -0.528646 0.255769 227 1 1216 0.0243581 -0.13273 0.341345 -4.86683 -7.00926 76.8525 
0.0569471 0.449976 87327 1 -0.529167 0.250962 228 1 1219 0.024103 -0.132422 0.340765 -4.86492 -7.0025 76.8471 
0.0643752 0.455558 87391 1 -0.529167 0.25 229 1 1221 0.024055 -0.131385 0.342509 -4.85114 -7.01724 76.8504 
0.0685137 0.453265 87455 1 -0.529167 0.25 230 1 1223 0.0243885 -0.131627 0.342019 -4.85147 -7.01036 76.8357 
0.0781293 0.452218 87538 1 -0.529167 0.25 231 1 1225 0.0243294 -0.131377 0.34198 -4.84519 -7.00889 76.7919 
0.0851597 0.447748 87600 1 -0.529167 0.25 232 1 1227 0.0243961 -0.130997 0.341885 -4.83976 -7.00807 76.783 
0.0956777 0.459005 87664 1 -0.529167 0.25 233 1 1229 0.0244593 -0.131514 0.343776 -4.84155 -7.02659 76.7409 
0.107936 0.444097 87728 1 -0.529167 0.25 234 1 1231 0.0245172 -0.132556 0.343855 -4.85123 -7.02671 76.7411 
0.127046 0.486155 87791 1 -0.529167 0.25 235 1 1233 0.0245028 -0.130949 0.342643 -4.83459 -7.01661 76.7669 
0.0193508 0.71552 87872 1 -0.529167 0.25 236 1 1235 0.0242708 -0.132211 0.341706 -4.84754 -7.00799 76.7158 
0.0196656 0.719961 87936 1 -0.529167 0.25 237 1 1237 0.0243062 -0.13331 0.340264 -4.85927 -6.99928 76.7116 
0.0147905 0.742769 88000 1 -0.529167 0.25 238 1 1239 0.0246714 -0.133576 0.342493 -4.86662 -7.0295 76.7462 
0.0265663 0.730569 88095 1 -0.529167 0.25 239 1 1242 0.0244952 -0.134833 0.342812 -4.88367 -7.03766 76.7597 
0.0766034 0.74145 88144 1 -0.529167 0.25 240 1 1243 0.024355 -0.135714 0.342533 -4.89448 -7.03348 76.7621 
0.0993747 0.761192 88207 1 -0.529167 0.25 241 1 1245 0.0249163 -0.134029 0.342011 -4.87932 -7.03676 76.7714 
0.107685 0.761918 88272 1 -0.529167 0.25 242 1 1247 0.0243536 -0.135772 0.342427 -4.90114 -7.04459 76.7624 
0.253166 0.461806 88336 1 -0.529167 0.25 243 1 1249 0.0240743 -0.136708 0.341757 -4.91609 -7.04046 76.7872 
0.254457 0.398263 88416 1 -0.529167 0.25 244 1 1251 0.0239644 -0.136357 0.341466 -4.91574 -7.0366 76.8318 
1.42695 0.644528 88463 1 -0.529167 0.25 245 0 1253 0.0240284 -0.136727 0.341205 -4.91957 -7.03828 76.8288 
3.28013 1.5231 88543 1 -0.529167 0.25 246 0 1255 0.0229431 -0.137353 0.342558 -4.92665 -7.07235 76.874 
0.114593 0.779788 88641 1 -0.529167 0.25 247 1 1258 0.0237552 -0.135168 0.343766 -4.89083 -7.08992 76.8227 
0.137148 0.726173 88704 1 -0.529167 0.25 248 1 1260 0.0236352 -0.134972 0.343625 -4.88742 -7.08797 76.8355 
0.147038 0.693107 88784 1 -0.529167 0.25 249 1 1262 0.023687 -0.135668 0.345279 -4.89383 -7.10113 76.8367 
0.146113 0.647235 88847 1 -0.529167 0.25 250 1 1264 0.0235943 -0.136161 0.34556 -4.89889 -7.10301 76.8187 
0.158393 0.625065 88911 1 -0.529167 0.25 251 1 1266 0.0233072 -0.135936 0.345729 -4.89657 -7.09933 76.7799 
0.132744 0.560161 88975 1 -0.529167 0.25 252 1 1268 0.0233147 -0.135894 0.34548 -4.89923 -7.09835 76.8191 
0.142912 0.532563 89056 1 -0.529167 0.25 253 1 1270 0.0236327 -0.135501 0.345034 -4.89559 -7.09201 76.8658 
0.142626 0.518687 89121 1 -0.529167 0.25 254 1 1272 0.0235184 -0.135142 0.345029 -4.89217 -7.08908 76.8638 
0.428343 0.444749 89183 1 -0.529167 0.25 255 1 1274 0.024413 -0.133423 0.34462 -4.86594 -7.08125 76.8578 
0.423674 0.39907 89247 1 -0.529167 0.25 256 1 1276 0.0235062 -0.13431 0.343866 -4.87808 -7.06896 76.8891 
0.432785 0.3936 89280 1 -0.529167 0.25 257 1 1277 0.0237933 -0.133268 0.34326 -4.86514 -7.05898 76.9053 
0.432785 0.3936 89280 1 -0.529167 0.25 258 1 1277 0.0237933 -0.133268 0.34326 -4.86514 -7.05898 76.9053 
0.410505 0.361116 89456 1 -0.529167 0.25 259 1 1282 0.0234275 -0.133572 0.34315 -4.87183 -7.05358 76.9768 
0.427383 0.365519 89520 1 -0.529167 0.25 260 1 1284 0.0237928 -0.132299 0.343247 -4.85715 -7.05224 76.9564 
0.414463 0.332476 89615 1 -0.529167 0.25 261 1 1287 0.023303 -0.133422 0.343114 -4.88248 -7.0449 77.0095 
0.399846 0.308616 89647 1 -0.529167 0.25 262 1 1288 0.0224784 -0.134385 0.34296 -4.90129 -7.04506 77.0972 
0.596853 0.317944 89760 1 -0.529167 0.25 263 1 1291 0.0235219 -0.132053 0.34191 -4.87186 -7.01912 77.0008 
0.953296 0.310316 89824 1 -0.529167 0.25 264 1 1293 0.0232986 -0.133597 0.343089 -4.88588 -7.0294 76.9647 
0.970401 0.31581 89888 1 -0.529167 0.25 265 1 1295 0.0230204 -0.132884 0.344082 -4.87716 -7.0412 76.9737 
0.975883 0.293238 89951 1 -0.529167 0.25 266 1 1297 0.023266 -0.132301 0.342546 -4.87108 -7.02592 77.0319 
0.969455 0.291636 90031 1 -0.529167 0.25 267 1 1299 0.0233896 -0.132782 0.343502 -4.87441 -7.03306 76.9821 
0.979417 0.365046 90095 1 -0.529167 0.25 268 1 1301 0.0228281 -0.133856 0.342267 -4.89053 -7.01995 76.9892 
0.966265 0.358667 90160 1 -0.529167 0.25 269 1 1303 0.022481 -0.134375 0.342967 -4.89978 -7.02419 76.9902 
0.932512 0.402798 90224 1 -0.529167 0.25 270 1 1305 0.0224794 -0.13334 0.344847 -4.88995 -7.03653 77.0054 
0.932934 0.383663 90303 1 -0.529167 0.25 271 1 1307 0.0220221 -0.133389 0.343508 -4.88723 -7.02067 77.0115 
0.927754 0.391527 90352 1 -0.529167 0.25 272 1 1309 0.0220943 -0.134374 0.3453 -4.89191 -7.03822 76.9759 
0.92703 0.401357 90463 1 -0.529167 0.25 273 1 1312 0.0221116 -0.134384 0.346166 -4.88889 -7.04604 76.9582 
0.917854 0.408787 90527 1 -0.529167 0.25 274 1 1314 0.0220617 -0.134169 0.345721 -4.88874 -7.04573 76.9777 
0.923683 0.426036 90592 1 -0.529167 0.25 275 1 1316 0.0228011 -0.133647 0.346294 -4.8789 -7.04969 76.9055 
0.920965 0.430963 90671 1 -0.529167 0.25 276 1 1318 0.0226721 -0.134611 0.346303 -4.88884 -7.05145 76.9227 
0.920718 0.429023 90735 1 -0.529167 0.25 277 1 1320 0.0226797 -0.133949 0.345794 -4.88427 -7.04854 76.9399 
0.920072 0.453168 90799 1 -0.529167 0.25 278 1 1322 0.0233131 -0.133458 0.346918 -4.87554 -7.05945 76.8789 
0.918526 0.464803 90866 1 -0.529167 0.25 279 1 1324 0.0232937 -0.133841 0.347438 -4.881 -7.06583 76.8783 
0.92498 0.463551 90946 1 -0.529167 0.25 280 1 1326 0.0232732 -0.133004 0.346258 -4.87134 -7.05194 76.9007 
0.908267 0.445559 91009 1 -0.529167 0.25 281 1 1328 0.0229389 -0.133577 0.34613 -4.8804 -7.04857 76.9369 
0.576485 0.481713 91073 1 -0.529167 0.25 282 1 1330 0.0229815 -0.132859 0.345748 -4.86908 -7.03456 76.891 
0.578014 0.454906 91137 1 -0.529167 0.25 283 1 1332 0.0229753 -0.133855 0.345339 -4.8841 -7.03284 76.9618 
0.551529 0.427539 91231 1 -0.529167 0.25 284 1 1335 0.0226072 -0.135484 0.344304 -4.91179 -7.02722 77.038 
0.525136 0.43459 91280 1 -0.529167 0.25 285 1 1336 0.0226091 -0.134794 0.343524 -4.90276 -7.01964 77.0395 
0.495506 0.442715 91344 1 -0.529167 0.25 286 1 1338 0.0229037 -0.135875 0.344174 -4.92152 -7.03024 77.0548 
0.524138 0.435198 91410 1 -0.529167 0.25 287 1 1340 0.0226236 -0.135182 0.342918 -4.91662 -7.02116 77.1172 
0.496747 0.409414 91472 1 -0.529167 0.25 288 1 1342 0.0216993 -0.1369 0.341654 -4.94222 -7.00645 77.1184 
0.501674 0.43493 91551 1 -0.529167 0.25 289 1 1344 0.02182 -0.136634 0.342794 -4.93784 -7.01711 77.0615 
0.340877 0.422229 91615 1 -0.529167 0.25 290 1 1346 0.0223317 -0.135826 0.345104 -4.93589 -7.05197 77.1395 
0.32723 0.44103 91680 1 -0.529167 0.25 291 1 1348 0.0220067 -0.136364 0.3419 -4.94015 -7.0168 77.1385 
0.330988 0.43101 91744 1 -0.529167 0.25 292 1 1350 0.0221307 -0.135881 0.339973 -4.93441 -7.01025 77.0554 
0.329644 0.471947 91825 1 -0.529167 0.25 293 1 1352 0.0218443 -0.135898 0.342307 -4.93644 -7.03957 77.0889 
0.303181 0.472514 91871 1 -0.529167 0.25 294 1 1354 0.0215895 -0.134923 0.342156 -4.9278 -7.03536 77.1112 
0.292621 0.471603 91952 1 -0.529167 0.25 295 1 1356 0.0216452 -0.135783 0.342023 -4.93612 -7.03345 77.0969 
0.274327 0.481156 92048 1 -0.529167 0.25 296 1 1359 0.0217834 -0.13505 0.342792 -4.92561 -7.04125 77.0791 
0.305019 0.476331 92112 1 -0.529167 0.25 297 1 1361 0.0214711 -0.135641 0.341447 -4.93252 -7.03387 77.1071 
0.32534 0.474279 92144 1 -0.529167 0.25 298 1 1362 0.0216285 -0.135953 0.342999 -4.9309 -7.04598 77.0904 
0.325561 0.488978 92223 1 -0.529167 0.25 299 1 1364 0.0214134 -0.136511 0.342586 -4.93774 -7.04524 77.1231 
0.326808 0.49436 92321 1 -0.529167 0.25 300 1 1367 0.0212201 -0.136415 0.34136 -4.93139 -7.02991 77.0956 
0.327271 0.494377 92383 1 -0.529167 0.25 301 1 1369 0.021228 -0.136021 0.340943 -4.92438 -7.02454 77.0813 
0.327271 0.494377 92383 1 -0.529167 0.25 302 1 1369 0.021228 -0.136021 0.340943 -4.92438 -7.02454 77.0813 
0.335558 0.513494 92529 1 -0.529167 0.25 303 1 1373 0.0213692 -0.134997 0.340752 -4.90693 -7.0206 77.0472 
0.335717 0.519824 92624 1 -0.529167 0.25 304 1 1376 0.0215263 -0.135082 0.340288 -4.90618 -7.01724 77.0774 
0.346672 0.509665 92688 1 -0.529167 0.25 305 1 1378 0.0217883 -0.134729 0.340736 -4.89968 -7.01839 77.0825 
0.365792 0.509973 92752 1 -0.529167 0.25 306 1 1380 0.0223063 -0.133109 0.340945 -4.87425 -7.01347 77.0338 
0.437449 0.488321 92832 1 -0.529167 0.25 307 1 1382 0.0211568 -0.134125 0.339405 -4.88042 -6.98579 76.9848 
0.453915 0.496939 92927 1 -0.529167 0.25 308 1 1385 0.0211948 -0.13435 0.339575 -4.88554 -6.98841 77.038 
0.461164 0.520829 92991 1 -0.529167 0.25 309 1 1387 0.0213507 -0.134209 0.341577 -4.88241 -7.00882 77.0173 
0.464864 0.519916 93055 1 -0.529167 0.25 310 1 1389 0.0218019 -0.132651 0.341556 -4.86573 -7.01075 77.0536 
0.454189 0.506782 93103 1 -0.529167 0.25 311 1 1390 0.0214878 -0.133171 0.34025 -4.87281 -6.99656 77.068 
0.540504 0.541072 93201 1 -0.529167 0.25 312 1 1393 0.0224629 -0.131508 0.342114 -4.84956 -7.00501 76.9735 
0.543704 0.535379 93264 1 -0.529167 0.25 313 1 1395 0.0222598 -0.133809 0.342888 -4.87901 -7.01323 76.9699 
0.49202 0.54499 93327 1 -0.529167 0.25 314 1 1397 0.0217474 -0.133617 0.343699 -4.8739 -7.01531 76.941 
0.442646 0.540114 93391 1 -0.529167 0.25 315 1 1399 0.0215513 -0.13419 0.343578 -4.88347 -7.01478 76.9532 
0.466767 0.545117 93473 1 -0.529167 0.25 316 1 1401 0.0225743 -0.131352 0.342207 -4.84706 -7.00237 76.9637 
0.463034 0.549348 93536 1 -0.529167 0.25 317 1 1403 0.0223531 -0.131812 0.343712 -4.85008 -7.01723 76.9245 
0.460269 0.557181 93601 1 -0.529167 0.25 318 1 1405 0.02247 -0.130665 0.344447 -4.83469 -7.02188 76.929 
0.46778 0.544211 93665 1 -0.529167 0.25 319 1 1407 0.0223441 -0.13044 0.344078 -4.83051 -7.01592 76.9263 
0.488434 0.543836 93743 1 -0.529167 0.25 320 1 1409 0.0228913 -0.128502 0.343437 -4.80063 -7.00759 76.9168 
0.471575 0.545007 93808 1 -0.529167 0.25 321 1 1411 0.0226723 -0.129003 0.343317 -4.80604 -7.00429 76.912 
0.460418 0.545495 93871 1 -0.529167 0.25 322 1 1413 0.0223876 -0.13022 0.341967 -4.8203 -6.99534 76.9385 
0.46667 0.688205 93936 1 -0.529167 0.25 323 1 1415 0.0222801 -0.131313 0.342176 -4.82726 -6.99647 76.9189 
0.457508 0.695049 94033 1 -0.529167 0.25 324 1 1418 0.0219894 -0.132529 0.343556 -4.83949 -7.00967 76.9136 
0.453514 0.691048 94079 1 -0.529167 0.25 325 1 1419 0.0221064 -0.132554 0.343573 -4.83907 -7.00974 76.9123 
0.444498 0.677711 94146 1 -0.529167 0.25 326 1 1421 0.0226194 -0.133245 0.342511 -4.84713 -6.98968 76.893 
0.438325 0.68456 94208 1 -0.529167 0.25 327 1 1423 0.0224461 -0.132435 0.343758 -4.83892 -7.00344 76.8508 
0.431984 0.673749 94272 1 -0.529167 0.25 328 1 1425 0.0223093 -0.133224 0.344059 -4.85217 -7.00682 76.8807 
0.42305 0.66899 94352 1 -0.529167 0.25 329 1 1427 0.0227755 -0.133099 0.34353 -4.85383 -7.0048 76.9262 
0.412769 0.669349 94415 1 -0.529167 0.25 330 1 1429 0.0229715 -0.134426 0.343727 -4.86635 -7.00442 76.8597 
0.433305 0.681655 94479 1 -0.529167 0.25 331 1 1431 0.0233853 -0.132196 0.343119 -4.83747 -6.9975 76.8304 
0.415821 0.746838 94544 1 -0.529167 0.25 332 1 1433 0.0216011 -0.130973 0.34915 -4.85225 -7.06657 77.1622 
0.3554 1.44319 94576 1 -0.529167 0.25 333 0 1434 0.0206647 -0.134112 0.352658 -4.90568 -7.10941 77.4178 
0.467712 1.62416 94656 1 -0.529167 0.25 334 0 1436 0.0202592 -0.14035 0.350728 -4.9998 -7.08779 77.5878 
0.411049 1.1749 94752 1 -0.529167 0.25 335 1 1439 0.022303 -0.135368 0.344028 -4.92185 -7.03446 77.0058 
0.415806 1.16318 94783 1 -0.529167 0.25 336 1 1440 0.0223848 -0.135856 0.344806 -4.92122 -7.0448 77.0086 
0.429162 1.00972 94895 1 -0.529167 0.25 337 1 1443 0.0244032 -0.133986 0.344269 -4.87328 -7.04851 77.0072 
0.465831 1.00167 94943 1 -0.529167 0.25 338 1 1445 0.0242906 -0.132385 0.344795 -4.84567 -7.05261 77.002 
0.461295 0.925476 95024 1 -0.529167 0.25 339 1 1447 0.024379 -0.132513 0.34368 -4.84571 -7.04052 76.999 
0.457813 0.92731 95088 1 -0.529167 0.25 340 1 1449 0.0241144 -0.133239 0.344003 -4.85547 -7.04612 77.0258 
0.449761 0.955162 95153 1 -0.529167 0.25 341 1 1451 0.0245194 -0.133361 0.344508 -4.86609 -7.05449 77.0119 
0.456258 0.950007 95216 1 -0.529167 0.25 342 1 1453 0.0240299 -0.134092 0.345065 -4.88918 -7.0655 77.0248 
0.455317 0.963283 95296 1 -0.529167 0.25 343 1 1455 0.0237021 -0.133805 0.343931 -4.88965 -7.05935 77.0071 
0.452786 0.952083 95360 1 -0.529167 0.25 344 1 1457 0.0231987 -0.133949 0.343514 -4.8955 -7.05967 77.0318 
0.476324 0.969863 95456 1 -0.529167 0.25 345 1 1460 0.0246323 -0.131546 0.341532 -4.86022 -7.03695 77.0644 
0.485199 0.991082 95488 1 -0.529167 0.25 346 1 1461 0.0249415 -0.130607 0.343013 -4.83968 -7.04919 77.0397 
0.485199 0.991082 95488 1 -0.529167 0.25 347 1 1461 0.0249415 -0.130607 0.343013 -4.83968 -7.04919 77.0397 
0.512418 0.947392 95664 1 -0.529167 0.25 348 1 1466 0.0252772 -0.1296 0.343049 -4.81211 -7.04502 76.9762 
0.468292 0.91642 95727 1 -0.529167 0.25 349 1 1468 0.0250553 -0.130604 0.344745 -4.81894 -7.06243 76.926 
0.453737 0.881136 95792 1 -0.529167 0.25 350 1 1470 0.0252728 -0.131638 0.343678 -4.8292 -7.05055 76.9499 
0.454332 0.883759 95872 1 -0.529167 0.25 351 1 1472 0.0249395 -0.131653 0.343603 -4.82888 -7.05154 76.9595 
0.440468 0.83833 95935 1 -0.529167 0.25 352 1 1474 0.0247133 -0.130528 0.344103 -4.81207 -7.05763 76.9409 
0.439525 0.808276 95999 1 -0.529167 0.25 353 1 1476 0.0251222 -0.129326 0.344292 -4.79913 -7.05866 76.943 
0.441074 0.799576 96063 1 -0.529167 0.25 354 1 1478 0.0247578 -0.12872 0.345846 -4.78922 -7.06644 76.8743 
0.44061 0.764984 96128 1 -0.529167 0.25 355 1 1480 0.0248057 -0.129619 0.344161 -4.80478 -7.05005 76.9617 
0.443189 0.765826 96192 1 -0.529167 0.25 356 1 1482 0.0251961 -0.12951 0.342953 -4.80148 -7.03878 76.9489 
0.452117 0.768001 96272 1 -0.529167 0.25 357 1 1484 0.0252724 -0.128491 0.343198 -4.78787 -7.03907 76.9369 
0.431468 0.727683 96368 1 -0.529167 0.25 358 1 1487 0.0238387 -0.131276 0.342649 -4.82185 -7.02391 76.97 
0.45451 0.503321 96432 1 -0.529167 0.25 359 1 1489 0.0236021 -0.130505 0.343441 -4.81156 -7.02219 76.9229 
0.463219 0.419801 96513 1 -0.529167 0.25 360 1 1491 0.0234795 -0.129817 0.343149 -4.80801 -7.01465 76.9977 
0.459869 0.426298 96576 1 -0.529167 0.25 361 1 1493 0.0234239 -0.130306 0.34195 -4.82166 -6.99898 77.0524 
0.431451 0.40734 96640 1 -0.529167 0.25 362 1 1495 0.0223079 -0.13134 0.344783 -4.84685 -7.02514 77.0274 
0.410114 0.383171 96703 1 -0.529167 0.25 363 1 1497 0.0223314 -0.13323 0.34489 -4.87425 -7.02506 77.0381 
0.410142 0.366007 96784 1 -0.529167 0.25 364 1 1499 0.0227345 -0.132387 0.344313 -4.86936 -7.01478 77.0802 
0.414651 0.350044 96880 1 -0.529167 0.25 365 1 1502 0.0228163 -0.132745 0.343725 -4.87713 -7.00509 77.1 
0.424805 0.337735 96944 1 -0.529167 0.25 366 1 1504 0.0226225 -0.131993 0.343223 -4.87201 -6.99768 77.1569 
0.426553 0.32928 97009 1 -0.529167 0.25 367 1 1506 0.0228904 -0.131472 0.342079 -4.87056 -6.98658 77.2018 
0.429371 0.324609 97071 1 -0.529167 0.25 368 1 1508 0.0229338 -0.132326 0.341837 -4.87995 -6.9846 77.1964 
0.447011 0.32956 97151 1 -0.529167 0.25 369 1 1510 0.0231321 -0.132199 0.342575 -4.8787 -6.99266 77.1976 
0.454158 0.322719 97216 1 -0.529167 0.25 370 1 1512 0.0230405 -0.129945 0.341617 -4.84875 -6.9782 77.1988 
0.449957 0.324565 97279 1 -0.529167 0.25 371 1 1514 0.0228493 -0.131574 0.342787 -4.85615 -6.98477 77.1398 
0.459218 0.329226 97344 1 -0.529167 0.25 372 1 1516 0.023485 -0.128976 0.344211 -4.81811 -6.99138 77.0723 
0.431446 0.318743 97423 1 -0.529167 0.25 373 1 1518 0.0233068 -0.131538 0.343542 -4.84173 -6.98266 77.0702 
0.435916 0.321375 97487 1 -0.529167 0.25 374 1 1520 0.0233317 -0.130773 0.344848 -4.82922 -6.99219 77.0506 
0.28007 0.389558 97551 1 -0.529167 0.25 375 1 1522 0.0240226 -0.13026 0.34475 -4.82114 -6.99408 77.0486 
0.274172 0.416431 97648 1 -0.529167 0.25 376 1 1525 0.0242655 -0.129138 0.344954 -4.80731 -7.00002 77.0589 
0.279079 0.403461 97712 1 -0.529167 0.25 377 1 1527 0.0247446 -0.128628 0.34334 -4.8012 -6.9821 77.0699 
0.280799 0.415152 97760 1 -0.529167 0.25 378 1 1528 0.0250405 -0.127399 0.343958 -4.78564 -6.98543 77.0365 
0.259988 0.41315 97855 1 -0.529167 0.25 379 1 1531 0.0248906 -0.127171 0.344065 -4.78339 -6.98483 77.0357 
0.252445 0.422012 97919 1 -0.529167 0.25 380 1 1533 0.0251189 -0.128866 0.344197 -4.80171 -6.98885 77.0273 
0.409989 0.448222 97985 1 -0.529167 0.25 381 1 1535 0.0247458 -0.130424 0.344291 -4.81924 -6.99509 77.0559 
0.430263 0.463072 98065 1 -0.529167 0.25 382 1 1537 0.0255678 -0.128951 0.34577 -4.80091 -7.00946 77.0062 
0.421376 0.442054 98128 1 -0.529167 0.25 383 1 1539 0.0246429 -0.130758 0.343658 -4.82989 -6.9957 77.1168 
0.421054 0.451204 98191 1 -0.529167 0.25 384 1 1541 0.024658 -0.130625 0.343639 -4.8275 -6.99632 77.0934 
0.403581 0.455341 98288 1 -0.529167 0.25 385 1 1544 0.0245066 -0.130639 0.34361 -4.82678 -6.99641 77.0923 
0.380148 0.477629 98337 1 -0.529167 0.25 386 1 1545 0.0243783 -0.130323 0.343763 -4.82051 -6.99656 77.0619 
0.379925 0.477285 98400 1 -0.529167 0.25 387 1 1547 0.0246021 -0.129784 0.343027 -4.81958 -6.99587 77.12 
0.375334 0.489441 98464 1 -0.529167 0.25 388 1 1549 0.0245642 -0.130968 0.343289 -4.83139 -7.00125 77.1004 
0.222359 0.42091 98528 1 -0.529167 0.25 389 1 1551 0.0240344 -0.130822 0.342532 -4.83262 -6.99579 77.1043 
0.21315 0.408158 98591 1 -0.529167 0.25 390 1 1553 0.0236041 -0.129812 0.342158 -4.82567 -6.99709 77.1521 
0.219401 0.39243 98625 1 -0.529167 0.25 391 1 1554 0.0237224 -0.130051 0.340654 -4.82789 -6.98448 77.1566 
0.219401 0.39243 98625 1 -0.529167 0.25 392 1 1554 0.0237224 -0.130051 0.340654 -4.82789 -6.98448 77.1566 
0.145001 0.431812 98833 1 -0.529167 0.25 393 1 1560 0.0237059 -0.126932 0.340611 -4.78835 -6.9824 77.1392 
0.142179 0.445093 98895 1 -0.529167 0.25 394 1 1562 0.0236116 -0.127191 0.34133 -4.78838 -6.99246 77.0801 
0.188182 0.45601 98992 1 -0.529167 0.25 395 1 1565 0.0242739 -0.125936 0.341015 -4.76988 -6.98941 77.0385 
0.16736 0.468653 99039 1 -0.529167 0.25 396 1 1566 0.0240055 -0.127124 0.341641 -4.78229 -6.99616 77.0264 
0.173892 0.435018 99136 1 -0.529167 0.25 397 1 1569 0.0233368 -0.12792 0.342992 -4.7868 -6.98804 76.9517 
0.365506 0.538685 99168 1 -0.529167 0.25 398 1 1570 0.023629 -0.125928 0.342209 -4.76643 -6.98489 77.0211 
0.450925 0.631471 99264 1 -0.529167 0.25 399 1 1573 0.0237223 -0.126669 0.3433 -4.77139 -6.98937 76.9454 
0.452613 0.635997 99343 1 -0.529167 0.25 400 1 1575 0.0240272 -0.127616 0.343295 -4.78026 -6.99043 76.9273 
0.450885 0.62224 99407 1 -0.529167 0.25 401 1 1577 0.0236287 -0.128063 0.34192 -4.79099 -6.97964 77.0243 
0.452253 0.603314 99472 1 -0.529167 0.25 402 1 1579 0.0239017 -0.128468 0.341513 -4.79481 -6.96871 77.0234 
0.462422 0.624735 99536 1 -0.529167 0.25 403 1 1581 0.0239103 -0.126815 0.342385 -4.77635 -6.97584 77.0262 
0.46922 0.654497 99616 1 -0.529167 0.25 404 1 1583 0.0235629 -0.12783 0.344728 -4.77662 -6.99157 76.9514 
0.470781 0.63799 99679 1 -0.529167 0.25 405 1 1585 0.0235691 -0.12777 0.344727 -4.77054 -6.98591 76.9632 
0.4724 0.636025 99775 1 -0.529167 0.25 406 1 1588 0.0230069 -0.127606 0.344066 -4.76805 -6.97696 76.9688 
0.471298 0.640238 99807 1 -0.529167 0.25 407 1 1589 0.0230028 -0.127728 0.343999 -4.76953 -6.97587 76.9852 
0.460695 0.642616 99920 1 -0.529167 0.25 408 1 1592 0.0236544 -0.129242 0.344522 -4.78645 -6.97679 76.9701 
0.464085 0.651619 99984 1 -0.529167 0.25 409 1 1594 0.0235168 -0.129673 0.345006 -4.78919 -6.97861 76.9487 
0.467409 0.669977 100048 1 -0.529167 0.25 410 1 1596 0.0237805 -0.128369 0.347895 -4.76526 -6.99104 76.8071 
0.465419 0.662448 100111 1 -0.529167 0.25 411 1 1598 0.0239006 -0.129616 0.347043 -4.78145 -6.98851 76.8822 
0.464834 0.663042 100191 1 -0.529167 0.25 412 1 1600 0.0239011 -0.129601 0.347045 -4.78162 -6.98852 76.8796 
0.464915 0.667156 100257 1 -0.529167 0.25 413 1 1602 0.0236841 -0.130132 0.347106 -4.78884 -6.98876 76.8748 
0.464953 0.663595 100352 1 -0.529167 0.25 414 1 1605 0.0238281 -0.130421 0.346764 -4.78865 -6.98273 76.8921 
0.464132 0.652488 100384 1 -0.529167 0.25 415 1 1606 0.0238618 -0.129107 0.346149 -4.77554 -6.97482 76.8962 
0.457258 0.654391 100447 1 -0.529167 0.25 416 1 1608 0.0238847 -0.130049 0.345553 -4.78935 -6.97223 76.9131 
0.453567 0.660231 100511 1 -0.529167 0.25 417 1 1610 0.0239499 -0.130489 0.346491 -4.79821 -6.97965 76.8849 
0.456341 0.685591 100624 1 -0.529167 0.25 418 1 1613 0.0237625 -0.130222 0.347869 -4.79124 -6.98841 76.8466 
0.450868 0.688231 100688 1 -0.529167 0.25 419 1 1615 0.0236915 -0.130553 0.347603 -4.79667 -6.98569 76.8241 
0.451853 0.692804 100752 1 -0.529167 0.25 420 1 1617 0.0238392 -0.130629 0.348029 -4.79548 -6.98868 76.7997 
0.451331 0.694186 100783 1 -0.529167 0.25 421 1 1618 0.0240354 -0.130537 0.348041 -4.79555 -6.9898 76.8036 
0.445552 0.69032 100895 1 -0.529167 0.25 422 1 1621 0.0240853 -0.13014 0.348297 -4.79 -6.9864 76.7899 
0.44344 0.683717 100960 1 -0.529167 0.25 423 1 1623 0.0242627 -0.131014 0.346904 -4.80002 -6.97353 76.8096 
0.445375 0.677746 101024 1 -0.529167 0.25 424 1 1625 0.0240455 -0.131201 0.346798 -4.80207 -6.97243 76.8404 
0.443479 0.66971 101104 1 -0.529167 0.25 425 1 1627 0.0238216 -0.132687 0.34585 -4.81904 -6.96169 76.8794 
0.447789 0.657949 101151 1 -0.529167 0.25 426 1 1629 0.0240153 -0.131605 0.346579 -4.80895 -6.96976 76.9021 
0.443713 0.641394 101231 1 -0.529167 0.25 427 1 1631 0.0241274 -0.132095 0.344762 -4.81538 -6.95732 76.943 
0.444593 0.653531 101296 1 -0.529167 0.25 428 1 1633 0.0238805 -0.131913 0.346183 -4.81262 -6.97427 76.9347 
0.43596 0.647864 101392 1 -0.529167 0.25 429 1 1636 0.0235756 -0.132605 0.345881 -4.82007 -6.97257 76.9476 
0.437838 0.636576 101472 1 -0.529167 0.25 430 1 1638 0.0234534 -0.132147 0.346531 -4.81894 -6.97941 76.9807 
0.441975 0.631451 101535 1 -0.529167 0.25 431 1 1640 0.0233552 -0.13242 0.345842 -4.82339 -6.97477 76.995 
0.441109 0.658971 101599 1 -0.529167 0.25 432 1 1642 0.0240022 -0.132136 0.345554 -4.82654 -6.98114 76.9761 
0.441381 0.679932 101664 1 -0.529167 0.25 433 1 1644 0.0240036 -0.132026 0.3458 -4.82244 -6.98652 76.9212 
0.443677 0.69746 101744 1 -0.529167 0.25 434 1 1646 0.0244064 -0.131232 0.345833 -4.81407 -6.99237 76.903 
0.443677 0.69746 101744 1 -0.529167 0.25 435 1 1646 0.0244064 -0.131232 0.345833 -4.81407 -6.99237 76.903 
0.453218 0.704375 101903 1 -0.529167 0.25 436 1 1651 0.0243028 -0.129664 0.345349 -4.79356 -6.98903 76.8785 
0.456338 0.710382 101967 1 -0.529167 0.25 437 1 1653 0.0242602 -0.129862 0.345519 -4.79108 -6.98953 76.8369 
0.456467 0.710911 102016 1 -0.529167 0.25 438 1 1654 0.0242833 -0.129866 0.345508 -4.79105 -6.98965 76.8369 
0.465558 0.710237 102081 1 -0.529167 0.25 439 1 1656 0.0243994 -0.130104 0.345956 -4.78824 -6.99711 76.8595 
0.469938 0.712239 102145 1 -0.529167 0.25 440 1 1658 0.024269 -0.130268 0.345884 -4.78649 -6.99806 76.8619 
0.451816 0.663937 102240 1 -0.529167 0.25 441 1 1661 0.0244969 -0.12965 0.345502 -4.76848 -6.99507 76.8968 
0.453974 0.669147 102303 1 -0.529167 0.25 442 1 1663 0.0244191 -0.130179 0.345804 -4.76785 -6.99777 76.869 
0.445294 0.666857 102386 1 -0.529167 0.25 443 1 1665 0.0243848 -0.130258 0.345785 -4.76643 -6.99802 76.8671 
0.432058 0.67227 102448 1 -0.529167 0.25 444 1 1667 0.0244375 -0.130229 0.346331 -4.7615 -6.99951 76.8265 
0.42599 0.673437 102513 1 -0.529167 0.25 445 1 1669 0.024142 -0.12953 0.347008 -4.7544 -7.00228 76.8165 
0.445464 0.697369 102576 1 -0.529167 0.25 446 1 1671 0.0240533 -0.129165 0.346476 -4.74823 -6.99842 76.7943 
0.449397 0.696098 102671 1 -0.529167 0.25 447 1 1674 0.0238805 -0.130081 0.346334 -4.77242 -6.99506 76.8548 
0.451275 0.686764 102719 1 -0.529167 0.25 448 1 1675 0.0231126 -0.130671 0.345884 -4.78568 -6.99129 76.8994 
0.453011 0.65594 102815 1 -0.529167 0.25 449 1 1678 0.0234126 -0.131656 0.344692 -4.80953 -6.95995 76.8877 
0.45154 0.664924 102848 1 -0.529167 0.25 450 1 1679 0.0229574 -0.131824 0.346003 -4.80871 -6.95958 76.7955 
0.461532 0.692199 102944 1 -0.529167 0.25 451 1 1682 0.0232968 -0.131661 0.346885 -4.80614 -6.97151 76.7858 
0.466539 0.687635 103023 1 -0.529167 0.25 452 1 1684 0.0236486 -0.131073 0.345581 -4.79851 -6.95849 76.7894 
0.467989 0.688042 103087 1 -0.529167 0.25 453 1 1686 0.0236808 -0.131111 0.345633 -4.79815 -6.958 76.7927 
0.468186 0.688182 103152 1 -0.529167 0.25 454 1 1688 0.023694 -0.131119 0.34566 -4.79805 -6.95775 76.7949 
0.468699 0.687472 103215 1 -0.529167 0.25 455 1 1690 0.0237985 -0.131125 0.345714 -4.79797 -6.95725 76.7995 
0.479587 0.739382 103296 1 -0.529167 0.25 456 1 1692 0.0237942 -0.130874 0.346248 -4.7938 -6.96018 76.7879 
0.467942 0.839136 103360 1 -0.529167 0.25 457 1 1694 0.0234207 -0.130706 0.345569 -4.79478 -6.95427 76.7596 
0.496714 0.922902 103424 1 -0.529167 0.25 458 1 1696 0.0236969 -0.13101 0.344875 -4.79888 -6.95235 76.7485 
0.492361 0.937685 103487 1 -0.529167 0.25 459 1 1698 0.0235506 -0.13223 0.345943 -4.81311 -6.9696 76.7887 
0.505419 0.93671 103584 1 -0.529167 0.25 460 1 1701 0.0236404 -0.131602 0.345574 -4.80095 -6.9593 76.7271 
0.469127 0.867278 103632 1 -0.529167 0.25 461 1 1702 0.0239031 -0.130332 0.345036 -4.78712 -6.95045 76.7151 
0.455962 0.850035 103728 1 -0.529167 0.25 462 1 1705 0.0230133 -0.131285 0.344999 -4.79903 -6.94849 76.725 
0.457077 0.851193 103760 1 -0.529167 0.25 463 1 1706 0.0231829 -0.131313 0.344963 -4.79879 -6.94894 76.7273 
0.456533 0.841471 103824 1 -0.529167 0.25 464 1 1708 0.0232163 -0.131313 0.344982 -4.79877 -6.94881 76.7308 
0.455538 0.818385 103903 1 -0.529167 0.25 465 1 1710 0.0234214 -0.13123 0.344996 -4.79915 -6.94911 76.7428 
0.455283 0.819017 103967 1 -0.529167 0.25 466 1 1712 0.0234431 -0.131221 0.344989 -4.79924 -6.9492 76.7417 
0.455369 0.819333 104032 1 -0.529167 0.25 467 1 1714 0.0234648 -0.131224 0.344983 -4.79922 -6.94929 76.7418 
0.459903 0.802869 104096 1 -0.529167 0.25 468 1 1716 0.0237771 -0.131128 0.344623 -4.79674 -6.94665 76.795 
0.452592 0.786892 104175 1 -0.529167 0.25 469 1 1718 0.0235381 -0.131159 0.344755 -4.79643 -6.94534 76.7864 
0.454814 0.723666 104271 1 -0.529167 0.25 470 1 1721 0.0232344 -0.131118 0.343961 -4.79602 -6.93573 76.79 
0.471632 0.743873 104336 1 -0.529167 0.25 471 1 1723 0.0238589 -0.130613 0.345912 -4.78698 -6.9617 76.7507 
0.462914 0.767445 104400 1 -0.529167 0.25 472 1 1725 0.0239006 -0.131292 0.346573 -4.79368 -6.96916 76.7435 
0.465495 0.736515 104464 1 -0.529167 0.25 473 1 1727 0.0237646 -0.130737 0.345552 -4.79444 -6.96448 76.7903 
0.467862 0.715801 104543 1 -0.529167 0.25 474 1 1729 0.0237241 -0.131245 0.344906 -4.80237 -6.95766 76.8386 
0.463355 0.70934 104607 1 -0.529167 0.25 475 1 1731 0.0237472 -0.131589 0.344874 -4.80772 -6.95612 76.8412 
0.455418 0.758515 104672 1 -0.529167 0.25 476 1 1733 0.0233927 -0.13209 0.345527 -4.81411 -6.96305 76.8545 
0.44944 0.779757 104736 1 -0.529167 0.25 477 1 1735 0.0233321 -0.132506 0.345449 -4.8193 -6.96607 76.8667 
0.449574 0.752418 104816 1 -0.529167 0.25 478 1 1737 0.0231701 -0.13341 0.343198 -4.83471 -6.94851 76.9611 
0.453437 0.768632 104832 1 -0.529167 0.25 479 1 1738 0.0237613 -0.13317 0.344572 -4.8375 -6.96947 77.0129 
0.453437 0.768632 104832 1 -0.529167 0.25 480 1 1738 0.0237613 -0.13317 0.344572 -4.8375 -6.96947 77.0129 
0.453437 0.768632 104832 1 -0.529167 0.25 481 1 1738 0.0237613 -0.13317 0.344572 -4.8375 -6.96947 77.0129 
0.509216 0.869765 105073 1 -0.529167 0.25 482 1 1745 0.0237421 -0.128628 0.344237 -4.7829 -6.97508 76.8338 
0.513693 0.85957 105103 1 -0.529167 0.25 483 1 1746 0.0240925 -0.128938 0.3447 -4.78813 -6.98029 76.8581 
0.511967 0.885807 105184 1 -0.529167 0.25 484 1 1748 0.0236367 -0.129193 0.345014 -4.79256 -6.98695 76.845 
0.499386 0.887972 105248 1 -0.529167 0.25 485 1 1750 0.023813 -0.128591 0.344051 -4.79219 -6.98498 76.8992 
0.466767 0.898667 105311 1 -0.529167 0.25 486 1 1752 0.0241298 -0.129643 0.342329 -4.80899 -6.98756 76.9857 
0.471996 0.914144 105376 1 -0.529167 0.25 487 1 1754 0.0239208 -0.128959 0.342327 -4.79337 -6.98298 76.8777 
0.485765 0.924001 105474 1 -0.529167 0.25 488 1 1757 0.0234804 -0.128083 0.344239 -4.78246 -7.00286 76.8741 
0.472255 0.913958 105552 1 -0.529167 0.25 489 1 1759 0.0230544 -0.130656 0.344109 -4.81215 -6.99618 76.8873 
0.496897 0.902912 105616 1 -0.529167 0.25 490 1 1761 0.0233195 -0.129938 0.343272 -4.8 -6.98729 76.8987 
0.4892 0.911963 105695 1 -0.529167 0.25 491 1 1763 0.0231275 -0.130982 0.344075 -4.80818 -6.99003 76.8731 
0.494251 0.894461 105743 1 -0.529167 0.25 492 1 1765 0.0230521 -0.130779 0.344131 -4.8025 -6.98846 76.8551 
0.500798 0.891106 105824 1 -0.529167 0.25 493 1 1767 0.0235139 -0.130143 0.343697 -4.79554 -6.98303 76.8928 
0.502514 0.898757 105888 1 -0.529167 0.25 494 1 1769 0.0235274 -0.129733 0.343426 -4.79066 -6.9788 76.8915 
0.496475 0.90866 105954 1 -0.529167 0.25 495 1 1771 0.0237786 -0.130299 0.344337 -4.791 -6.9834 76.7975 
0.435907 0.890615 106015 1 -0.529167 0.25 496 1 1773 0.0231495 -0.129806 0.346111 -4.78261 -6.98783 76.7269 
0.204105 0.632609 106095 1 -0.529167 0.25 497 1 1775 0.0228515 -0.12925 0.346068 -4.78126 -6.98511 76.8127 
0.187746 0.566 106192 1 -0.529167 0.25 498 1 1778 0.0229076 -0.130242 0.345123 -4.79609 -6.97726 76.8881 
0.172663 0.545319 106256 1 -0.529167 0.25 499 1 1780 0.0231284 -0.130199 0.345218 -4.79665 -6.97676 76.9001 
0.141993 0.545528 106288 1 -0.529167 0.25 500 1 1781 0.0231783 -0.129666 0.344986 -4.78961 -6.97572 76.9197 
0.142334 0.540097 106352 1 -0.529167 0.25 501 1 1783 0.0232096 -0.129694 0.345037 -4.78932 -6.97523 76.924 
0.135322 0.509949 106463 1 -0.529167 0.25 502 1 1786 0.023463 -0.13098 0.343823 -4.80546 -6.95438 76.9348 
0.127001 0.502312 106530 1 -0.529167 0.25 503 1 1788 0.0235446 -0.130979 0.343886 -4.80529 -6.954 76.9278 
0.153294 0.461101 106593 1 -0.529167 0.25 504 1 1790 0.0235269 -0.130222 0.344444 -4.79725 -6.95727 76.9299 
0.15306 0.461968 106672 1 -0.529167 0.25 505 1 1792 0.0235373 -0.130216 0.344429 -4.79733 -6.95745 76.9294 
0.152695 0.462727 106704 1 -0.529167 0.25 506 1 1793 0.0235381 -0.130206 0.344417 -4.79744 -6.95758 76.9287 
0.147238 0.465803 106799 1 -0.529167 0.25 507 1 1796 0.0230401 -0.129654 0.344417 -4.79496 -6.96067 76.9444 
0.145951 0.459845 106863 1 -0.529167 0.25 508 1 1798 0.0231724 -0.129847 0.344992 -4.7974 -6.96356 76.9369 
0.14987 0.425106 106895 1 -0.529167 0.25 509 1 1799 0.0227873 -0.130213 0.343074 -4.80534 -6.946 77.0068 
0.149405 0.424573 106992 1 -0.529167 0.25 510 1 1802 0.0228171 -0.130194 0.343092 -4.80554 -6.94584 77.007 
0.161022 0.37577 107072 1 -0.529167 0.25 511 1 1804 0.0224113 -0.128919 0.336281 -4.80612 -6.91385 77.1906 
0.140815 0.406187 107135 1 -0.529167 0.25 512 1 1806 0.0212807 -0.132396 0.339376 -4.8306 -6.97957 77.0906 
0.150997 0.42646 107232 1 -0.529167 0.25 513 1 1809 0.0220534 -0.132106 0.345527 -4.80922 -7.0518 76.8622 
0.145529 0.490448 107312 1 -0.529167 0.25 514 1 1811 0.0232451 -0.132597 0.346987 -4.80466 -7.07798 76.7506 
0.147884 0.430347 107376 1 -0.529167 0.25 515 1 1813 0.0230492 -0.133727 0.340861 -4.82611 -7.04091 76.8287 
0.163405 0.429564 107441 1 -0.529167 0.25 516 1 1815 0.023551 -0.129217 0.334481 -4.77765 -6.9976 76.8283 
0.196443 0.367986 107503 1 -0.529167 0.25 517 1 1817 0.025734 -0.130345 0.317792 -4.77999 -6.84182 76.6358 
0.209542 0.396092 107583 1 -0.529167 0.25 518 1 1819 0.0253133 -0.131205 0.32134 -4.79543 -6.88482 76.549 
0.211124 0.430272 107631 1 -0.529167 0.25 519 1 1821 0.0286423 -0.130634 0.329584 -4.80851 -6.96912 76.6188 
0.198437 0.476378 107712 1 -0.529167 0.25 520 1 1823 0.0301397 -0.129376 0.338283 -4.83097 -7.0318 76.746 
0.443858 0.481798 107777 1 -0.529167 0.25 521 1 1825 0.029885 -0.125888 0.342914 -4.79974 -7.05634 76.5883 
0.472843 0.306393 107856 1 -0.529167 0.25 522 1 1827 0.0192013 -0.123743 0.341784 -4.79922 -7.06848 76.7592 
0.506294 0.228099 107904 1 -0.529167 0.25 523 1 1829 0.0191627 -0.120585 0.336928 -4.76786 -7.11615 76.7286 
0.405696 0.291398 107983 1 -0.529167 0.25 524 1 1831 0.0209534 -0.129524 0.345159 -4.91098 -7.27695 76.7509 
0.405696 0.291398 107983 1 -0.529167 0.25 525 1 1831 0.0209534 -0.129524 0.345159 -4.91098 -7.27695 76.7509 
0.36647 0.30031 108017 1 -0.529167 0.25 526 1 1832 0.0201035 -0.133951 0.356659 -4.99446 -7.40814 77.0281 
0.321807 0.737904 108226 1 -0.529167 0.25 527 1 1838 0.0146557 -0.140009 0.423832 -5.1303 -8.05519 77.1307 
0.340427 0.700402 108288 1 -0.529167 0.25 528 1 1840 0.0176499 -0.139671 0.42415 -5.09139 -7.98416 76.8151 
0.351607 0.697458 108351 1 -0.529167 0.25 529 1 1842 0.0204655 -0.138657 0.422483 -5.05309 -7.89585 76.8026 
0.395521 0.658447 108415 1 -0.529167 0.25 530 1 1844 0.0226574 -0.129483 0.423241 -4.94099 -7.85535 76.8429 
0.357183 0.712423 108496 1 -0.529167 0.25 531 1 1846 0.0230971 -0.13248 0.423386 -4.96777 -7.85696 76.8544 
0.369374 0.687772 108560 1 -0.529167 0.25 532 1 1848 0.0242467 -0.132124 0.424167 -4.95195 -7.85803 76.7864 
0.376162 0.576209 108625 1 -0.529167 0.25 533 1 1850 0.0244678 -0.127909 0.411244 -4.96042 -7.69384 77.0732 
0.347417 0.581567 108687 1 -0.529167 0.25 534 1 1852 0.0237337 -0.131422 0.407839 -5.04618 -7.67178 77.159 
0.341829 0.593643 108751 1 -0.529167 0.25 535 1 1854 0.0215392 -0.13536 0.405694 -5.08588 -7.68614 77.1739 
0.356757 0.567664 108783 1 -0.529167 0.25 536 1 1855 0.0208137 -0.134666 0.402859 -5.08076 -7.66234 77.2611 
0.354049 0.551487 108897 1 -0.529167 0.25 537 1 1858 0.0200036 -0.131372 0.401108 -5.06439 -7.64215 77.3087 
0.413478 0.616342 108962 1 -0.529167 0.25 538 1 1860 0.0196284 -0.131377 0.402611 -5.01743 -7.67023 77.2433 
0.361427 0.519329 109057 1 -0.529167 0.25 539 1 1863 0.0172611 -0.134349 0.40083 -5.06955 -7.62472 77.2793 
0.414664 0.598355 109136 1 -0.529167 0.25 540 1 1865 0.0193869 -0.129875 0.403751 -4.97121 -7.65645 77.1029 
0.394102 0.610517 109151 1 -0.529167 0.25 541 1 1866 0.020987 -0.134159 0.40164 -5.01224 -7.66154 77.2494 
0.371457 0.588822 109264 1 -0.529167 0.25 542 1 1869 0.0223149 -0.130549 0.402399 -4.99243 -7.66741 77.2278 
0.388275 0.595183 109328 1 -0.529167 0.25 543 1 1871 0.0226375 -0.130805 0.403254 -4.98116 -7.68007 77.2542 
0.400734 0.609863 109391 1 -0.529167 0.25 544 1 1873 0.0236498 -0.129856 0.400716 -4.9661 -7.66351 77.2387 
0.401397 0.520747 109423 1 -0.529167 0.25 545 1 1874 0.0241165 -0.128552 0.391518 -4.98162 -7.56192 77.3696 
0.414884 0.505049 109503 1 -0.529167 0.25 546 1 1876 0.0239243 -0.128045 0.386645 -4.99314 -7.49542 77.3086 
0.421481 0.634388 109567 1 -0.529167 0.25 547 1 1878 0.0220268 -0.131623 0.383548 -5.00887 -7.46633 77.2422 
0.44044 0.728627 109632 1 -0.529167 0.25 548 1 1880 0.0219537 -0.13348 0.375721 -5.03953 -7.36866 77.2306 
0.41471 0.688571 109696 1 -0.529167 0.25 549 1 1882 0.0207294 -0.133788 0.372676 -5.06106 -7.32257 77.3761 
0.465571 0.699384 109791 1 -0.529167 0.25 550 1 1885 0.0221028 -0.133479 0.372716 -5.00483 -7.34215 77.3137 
0.404802 0.692698 109871 1 -0.529167 0.25 551 1 1887 0.0215775 -0.134097 0.368139 -5.03953 -7.28137 77.335 
0.3964 0.6947 109904 1 -0.529167 0.25 552 1 1888 0.0219862 -0.135482 0.366603 -5.04956 -7.25762 77.3687 
0.423062 0.713955 109967 1 -0.529167 0.25 553 1 1890 0.0234278 -0.13533 0.367253 -5.01331 -7.26983 77.3412 
0.373314 0.697076 110065 1 -0.529167 0.25 554 1 1893 0.02265 -0.132753 0.366349 -5.01121 -7.24725 77.2719 
0.398056 0.664482 110143 1 -0.529167 0.25 555 1 1895 0.0235275 -0.133589 0.365449 -5.00154 -7.21593 77.1865 
0.364459 0.714432 110207 1 -0.529167 0.25 556 1 1897 0.0223956 -0.1351 0.367134 -5.00109 -7.2549 77.197 
0.365919 0.667127 110272 1 -0.529167 0.25 557 1 1899 0.0220134 -0.133283 0.361834 -5.00824 -7.17734 77.1251 
0.352198 0.613259 110336 1 -0.529167 0.25 558 1 1901 0.0210873 -0.135618 0.356399 -5.041 -7.13165 77.3293 
0.396234 0.63964 110448 1 -0.529167 0.25 559 1 1904 0.0233587 -0.133584 0.360329 -4.98837 -7.16277 77.0743 
0.362294 0.599382 110511 1 -0.529167 0.25 560 1 1906 0.0222723 -0.132145 0.356387 -5.02259 -7.10575 77.1982 
0.378759 0.613976 110575 1 -0.529167 0.25 561 1 1908 0.021657 -0.132888 0.355754 -5.00439 -7.10617 77.1733 
0.381964 0.74672 110655 1 -0.529167 0.25 562 1 1910 0.0227635 -0.134756 0.356849 -5.02564 -7.13633 77.1844 
0.370663 0.74667 110720 1 -0.529167 0.25 563 1 1912 0.0220307 -0.135929 0.355618 -5.06225 -7.11593 77.2044 
0.372194 0.677746 110784 1 -0.529167 0.25 564 1 1914 0.0223444 -0.134391 0.354424 -5.03693 -7.10408 77.2378 
0.370657 0.687027 110848 1 -0.507292 0.1375 565 1 1916 0.02196 -0.134507 0.355561 -5.03321 -7.11552 77.1712 
0.400586 0.686065 110911 1 -0.335417 0.00769231 566 1 1918 0.0229285 -0.131418 0.355274 -5.0103 -7.07251 77.0347 
0.397494 0.663423 110992 1 -0.254167 0.00961538 567 1 1920 0.0217569 -0.132379 0.353096 -5.02088 -7.05839 77.1563 
0.404409 0.653598 111056 1 -0.11875 0.139423 568 1 1922 0.0225784 -0.13045 0.354541 -4.991 -7.09696 77.1642 
0.390582 0.681891 111119 1 0.0395833 0.206731 569 1 1924 0.0224023 -0.133253 0.357701 -5.0304 -7.11207 77.0184 
0.390582 0.681891 111119 1 0.196354 0.209615 570 1 1924 0.0224023 -0.133253 0.357701 -5.0304 -7.11207 77.0184 
0.35379 0.585809 111313 1 0.285417 0.227885 571 1 1930 0.0209517 -0.134457 0.353353 -5.07463 -7.08908 77.3107 
0.300164 0.512206 111359 1 0.334896 0.260577 572 1 1931 0.0218754 -0.132894 0.352411 -5.05441 -7.08113 77.3174 
0.0752449 0.268986 111456 1 0.351563 0.263462 573 1 1934 0.0223172 -0.132271 0.35418 -5.01609 -7.14344 77.3426 
0.0579576 0.298249 111488 1 0.359896 0.257692 574 1 1935 0.0219158 -0.133432 0.354755 -5.03392 -7.14919 77.2683 
0.325342 0.324654 111584 1 0.370312 0.255769 575 1 1938 0.0230275 -0.130366 0.356174 -5.01224 -7.14348 77.2502 
0.292817 0.257167 111631 1 0.370312 0.255769 576 1 1939 0.0218204 -0.132332 0.353144 -5.0436 -7.13383 77.4605 
0.295764 0.323918 111727 1 0.370312 0.255769 577 1 1942 0.0213359 -0.132524 0.356069 -5.05165 -7.1755 77.2854 
0.295372 0.309147 111792 1 0.370312 0.255769 578 1 1944 0.0218207 -0.13371 0.354645 -5.06924 -7.15625 77.3478 
0.311906 0.308428 111856 1 0.378646 0.227885 579 1 1946 0.0215656 -0.132233 0.356403 -5.0329 -7.17883 77.3383 
0.271202 0.310048 111952 1 0.416667 0.192308 580 1 1949 0.0209595 -0.13127 0.356424 -5.04536 -7.16882 77.3148 
0.283547 0.2687 111999 1 0.448958 0.139423 581 1 1950 0.0217067 -0.132045 0.354317 -5.0471 -7.14947 77.3491 
0.292845 0.289971 112063 1 0.474479 0.0942308 582 1 1952 0.0222697 -0.133821 0.354236 -5.04488 -7.15721 77.3663 
0.301595 0.281045 112127 1 0.483854 0.0605769 583 1 1954 0.0209304 -0.134225 0.356428 -5.06736 -7.17175 77.4032 
0.343781 0.265644 112191 1 0.486979 0.0403846 584 1 1956 0.0218307 -0.131128 0.357294 -5.02287 -7.14074 77.251 
0.37609 0.220719 112272 1 0.490625 0.0192308 585 1 1958 0.0221273 -0.131549 0.354467 -5.01623 -7.11883 77.3881 
0.443221 0.122123 112368 1 0.490625 0.0182692 586 1 1961 0.0215335 -0.131656 0.356593 -5.02734 -7.10337 77.1931 
0.440899 0.0860164 112432 1 0.490625 0.0182692 587 1 1963 0.0211714 -0.132641 0.35414 -5.04535 -7.08671 77.4305 
0.429783 0.089074 112495 1 0.491667 0.0182692 588 1 1965 0.0214529 -0.13249 0.354771 -5.03646 -7.09568 77.4269 
0.413582 0.0456349 112576 1 0.491667 0.0192308 589 1 1967 0.0216178 -0.133073 0.353109 -5.05873 -7.0548 77.4203 
0.426325 0.0415713 112640 1 0.492708 0.0278846 590 1 1969 0.0207174 -0.132844 0.353485 -5.04544 -7.05156 77.4446 
0.43152 0.0468612 112704 1 0.492708 0.0692308 591 1 1971 0.0213392 -0.132731 0.352576 -5.02414 -7.05446 77.4446 
0.417725 0.118403 112767 1 0.500521 0.126923 592 1 1973 0.0206682 -0.134171 0.351143 -5.06634 -7.03607 77.5409 
0.414524 0.181191 112833 1 0.507813 0.114423 593 1 1975 0.0210808 -0.133448 0.350313 -5.03871 -7.01026 77.4205 
0.413733 0.144105 112912 1 0.504167 0 594 1 1977 0.0216628 -0.133707 0.348358 -5.03484 -7.00348 77.4588 
0.382654 0.149968 112976 1 0.498437 0 595 1 1979 0.020229 -0.13474 0.349058 -5.06177 -7.00232 77.464 
0.387311 0.170633 113040 1 0.492708 0 596 1 1981 0.0214112 -0.134239 0.348216 -5.04778 -6.982 77.34 
0.398166 0.203996 113103 1 0.492708 0 597 1 1983 0.0214186 -0.133936 0.344492 -5.01546 -6.97054 77.2676 
0.424525 0.0311461 113183 1 0.492708 0 598 1 1985 0.0216141 -0.133147 0.342128 -5.00253 -6.9427 77.0217 
0.426162 0.0616236 113247 1 0.494271 0.00192308 599 1 1987 0.0216183 -0.130497 0.32996 -4.96728 -6.84938 76.8505 
0.441002 0.107215 113311 1 0.497917 0.0240385 600 1 1989 0.0268939 -0.131525 0.323002 -4.97117 -6.92177 76.9124 
0.401125 0.169676 113375 1 0.497917 0.0471154 601 1 1991 0.0284909 -0.136512 0.325048 -5.06112 -7.0239 76.8754 
0.45553 0.190736 113473 1 0.497917 0.0528846 602 1 1994 0.0295238 -0.130792 0.323928 -5.04725 -7.05699 77.0134 
0.43972 0.142809 113519 1 0.497917 0.0586538 603 1 1995 0.0293686 -0.133363 0.314175 -5.08831 -6.98475 77.056 
0.42423 0.180091 113583 1 0.497917 0.0586538 604 1 1997 0.0264726 -0.130679 0.317787 -5.08763 -7.0912 76.9911 
0.456608 0.170663 113649 1 0.498437 0.0586538 605 1 1999 0.0227145 -0.12892 0.326675 -5.07715 -7.21692 77.1338 
0.464853 0.27563 113744 1 0.498437 0.0586538 606 1 2002 0.0260817 -0.133606 0.32906 -5.04899 -7.28171 76.9484 
0.468633 0.264173 113824 1 0.510417 0.0576923 607 1 2004 0.0276302 -0.132662 0.33508 -5.02354 -7.28382 76.7965 
0.454 0.258265 113919 1 0.577083 0.0509615 608 1 2007 0.0292661 -0.132258 0.331353 -4.99587 -7.22967 77.15 
0.294908 0.192534 113983 1 0.653646 0.0403846 609 1 2009 0.0240412 -0.13069 0.337533 -4.96277 -7.25514 76.9917 
0.253137 0.171751 114063 1 0.718229 0.0317308 610 1 2011 0.0190222 -0.128766 0.337902 -4.96907 -7.2606 77.1864 
0.26247 0.245321 114112 1 0.773958 0.0278846 611 1 2013 0.0208006 -0.130779 0.333117 -4.96459 -7.23856 76.9775 
0.260281 0.265122 114193 1 0.825521 0.0278846 612 1 2015 0.0213896 -0.131206 0.335254 -4.95946 -7.25303 76.8043 
0.84376 0.208666 114255 1 0.864583 0.025 613 1 2017 0.0218574 -0.134079 0.342383 -5.05681 -7.32556 77.2456 
0.84376 0.208666 114255 1 0.883854 0.0173077 614 1 2017 0.0218574 -0.134079 0.342383 -5.05681 -7.32556 77.2456 
0.961304 0.0860404 114432 1 0.889583 0.0134615 615 1 2022 0.0251039 -0.135779 0.331743 -5.09583 -7.27838 77.6231 
0.940159 0.152188 114497 1 0.889583 0.0125 616 1 2024 0.0258796 -0.134479 0.328788 -5.09944 -7.23526 77.4177 
0.977812 0.103814 114560 1 0.889583 0.0115385 617 1 2026 0.0270457 -0.134038 0.324818 -5.08975 -7.2315 77.6509 
0.934436 0.120448 114704 1 0.885938 0.0115385 618 1 2030 0.0232532 -0.131368 0.338684 -5.06072 -7.27063 77.0938 
0.981983 0.157067 114800 1 0.824479 0.0980769 619 1 2033 0.0238761 -0.132411 0.336825 -5.03307 -7.29294 77.3118 
0.938387 0.197765 114864 1 0.81875 0.108654 620 1 2035 0.02451 -0.134785 0.337422 -5.0668 -7.3062 77.2178 
0.867034 0.222994 114928 1 0.847396 0.106731 621 1 2037 0.0257182 -0.133911 0.333029 -5.05441 -7.23832 77.1553 
0.524457 0.295923 115039 1 0.88125 0.107692 622 1 2040 0.0237869 -0.134413 0.329679 -5.04605 -7.1923 77.2185 
0.428758 0.356979 115103 1 0.921354 0.109615 623 1 2042 0.0242248 -0.133006 0.329108 -5.03992 -7.16898 77.1028 
0.282734 0.34238 115200 1 0.933854 0.107692 624 1 2045 0.0221334 -0.138674 0.324294 -5.07916 -7.14446 77.219 
0.304103 0.350696 115264 1 0.933854 0.106731 625 1 2047 0.0232722 -0.137706 0.323984 -5.03489 -7.14244 77.1602 
0.23501 0.342615 115344 1 0.933854 0.105769 626 1 2049 0.0231333 -0.134747 0.324607 -4.94724 -7.08504 76.9638 
0.238333 0.338552 115407 1 0.933854 0.105769 627 1 2051 0.0256547 -0.134145 0.322819 -4.88661 -7.07051 77.1152 
0.82632 0.293574 115504 1 0.932292 0.105769 628 1 2054 0.0256367 -0.134725 0.322798 -4.85719 -7.0598 76.9471 
0.865348 0.245392 115584 1 0.930208 0.105769 629 1 2056 0.0254074 -0.134932 0.320844 -4.8624 -7.02354 76.9328 
0.909591 0.225097 115632 1 0.928125 0.104808 630 1 2058 0.0260158 -0.133094 0.322152 -4.84224 -7.03919 76.9446 
0.867137 0.245266 115744 1 0.926042 0.104808 631 1 2061 0.0243368 -0.13616 0.323694 -4.9271 -7.01632 76.8515 
0.89471 0.188079 115807 1 0.926042 0.104808 632 1 2063 0.0236385 -0.134628 0.321878 -4.92658 -7.00703 77.0253 
0.940759 0.167344 115904 1 0.926042 0.104808 633 1 2066 0.0245196 -0.133578 0.31972 -4.91895 -7.00541 77.023 
0.919072 0.165627 115952 1 0.905729 0.120192 634 1 2067 0.0230302 -0.136511 0.317817 -4.96319 -6.9665 76.9811 
0.699874 0.227174 116048 1 0.771875 0.217308 635 1 2070 0.0240317 -0.137247 0.319706 -4.95966 -6.97348 76.9122 
0.124627 0.422871 116143 1 0.590104 0.304808 636 1 2073 0.0238917 -0.134061 0.318083 -4.89833 -6.95318 76.8092 
0.110295 0.417234 116175 1 0.411979 0.310577 637 1 2074 0.0240996 -0.134023 0.319301 -4.89647 -6.9525 76.7502 
0.0828827 0.34297 116271 1 0.324479 0.309615 638 1 2077 0.0236457 -0.133616 0.320893 -4.89679 -7.01633 77.0313 
0.0379687 0.34406 116352 1 0.295312 0.310577 639 1 2079 0.0240683 -0.133156 0.320104 -4.88395 -6.99913 76.8668 
0.0274571 0.343642 116416 1 0.254688 0.323077 640 1 2081 0.0239297 -0.132591 0.32015 -4.88489 -6.98898 76.8449 
0.0331884 0.341649 116495 1 0.219792 0.321154 641 1 2083 0.0247766 -0.133418 0.318832 -4.89181 -6.9879 76.882 
0.0320572 0.378144 116543 1 0.20625 0.314423 642 1 2085 0.025106 -0.132251 0.321319 -4.87646 -7.00966 76.8407 
0.0664796 0.330465 116656 1 0.198958 0.311538 643 1 2088 0.0243707 -0.133603 0.320008 -4.89955 -6.98355 76.908 
