ImageFile:
-0.10554 -0.840748 68349 1 0.141146 0.254808 1 0 798 0.0589343 -0.294058 0.0525688 -0.476789 -4.36299 108.469 
-0.10364 -0.27482 68589 1 0.153646 0.253846 2 0 804 0.0577612 -0.286208 0.0716799 -0.413796 -4.47482 108.272 
-0.10364 -0.27482 68589 1 0.330729 0.252885 3 0 804 0.0577612 -0.286208 0.0716799 -0.413796 -4.47482 108.272 
-0.104044 -0.535593 68710 1 0.486458 0.25 4 0 807 0.0597105 -0.290678 0.0532776 -0.441975 -4.35766 108.465 
-0.130156 -0.631838 68871 1 0.523438 0.254808 5 0 811 0.0582833 -0.301789 0.0553652 -0.549921 -4.36643 108.425 
-0.130156 -0.631838 68871 1 0.523438 0.254808 6 0 811 0.0582833 -0.301789 0.0553652 -0.549921 -4.36643 108.425 
-0.498174 -0.726299 68991 1 0.522917 0.254808 7 0 814 0.0581235 -0.299702 0.054862 -0.538056 -4.36623 108.433 
-0.498174 -0.726299 68991 1 0.481771 0.250962 8 0 814 0.0581235 -0.299702 0.054862 -0.538056 -4.36623 108.433 
-0.487493 -0.892512 69111 1 0.580208 0.0807692 9 0 817 0.0583261 -0.297221 0.0523102 -0.525822 -4.32299 108.482 
-0.487493 -0.892512 69111 1 0.613542 0.0317308 10 0 817 0.0583261 -0.297221 0.0523102 -0.525822 -4.32299 108.482 
-0.942345 1.14089 69271 1 0.676042 0.0317308 11 0 821 0.0583261 -0.297221 0.0523102 -0.525822 -4.32299 108.482 
-0.942345 1.14089 69271 1 0.736979 0.0865385 12 0 821 0.0583261 -0.297221 0.0523102 -0.525822 -4.32299 108.482 
-0.104024 -0.701432 69392 1 0.750521 0.100962 13 0 824 0.0582726 -0.300843 0.0513249 -0.554792 -4.31874 108.488 
-0.0927673 -1.16717 69552 1 0.723437 0.151923 14 0 828 0.0580459 -0.306946 0.0357432 -0.526035 -4.28889 107.966 
-0.0927673 -1.16717 69552 1 0.729688 0.161538 15 0 828 0.0580459 -0.306946 0.0357432 -0.526035 -4.28889 107.966 
-0.113952 -1.06688 69671 1 0.803125 0.145192 16 0 831 0.058169 -0.304568 0.0451177 -0.517062 -4.39062 107.63 
-0.113952 -1.06688 69671 1 0.844792 0.140385 17 0 831 0.058169 -0.304568 0.0451177 -0.517062 -4.39062 107.63 
0.143177 -1.02883 69833 1 0.845313 0.138462 18 0 835 0.0563192 -0.31539 0.0489066 -0.501454 -4.45455 107.177 
0.143177 -1.02883 69833 1 0.845313 0.138462 19 0 835 0.0563192 -0.31539 0.0489066 -0.501454 -4.45455 107.177 
0.136445 -0.900822 69952 1 0.846354 0.138462 20 0 838 0.0544818 -0.328189 0.0511774 -0.503067 -4.5063 106.503 
0.136445 -0.900822 69952 1 0.86875 0.1375 21 0 838 0.0544818 -0.328189 0.0511774 -0.503067 -4.5063 106.503 
-0.119244 -0.801448 70072 1 0.875521 0.134615 22 0 841 0.0538357 -0.325831 0.0549204 -0.512578 -4.5529 106.389 
-0.119244 -0.801448 70072 1 0.880729 0.134615 23 0 841 0.0538357 -0.325831 0.0549204 -0.512578 -4.5529 106.389 
-0.0578458 -0.550947 70193 1 0.88125 0.134615 24 0 844 0.0558491 -0.300527 0.0537517 -0.397467 -4.57371 106.819 
-0.0578458 -0.550947 70193 1 0.882813 0.132692 25 0 844 0.0558491 -0.300527 0.0537517 -0.397467 -4.57371 106.819 
-0.150835 0.121542 70354 1 0.882813 0.132692 26 1 848 0.0570997 -0.323017 0.046911 -0.529664 -4.42959 106.77 
-0.0373189 -0.707818 70513 1 0.882813 0.132692 27 0 852 0.0590071 -0.303913 0.0559614 -0.344419 -4.50522 107.254 
-0.0373189 -0.707818 70513 1 0.503125 0.556731 28 0 852 0.0590071 -0.303913 0.0559614 -0.344419 -4.50522 107.254 
-0.048105 -0.602589 70674 1 0.503125 0.556731 29 0 856 0.0590767 -0.305597 0.0560647 -0.401864 -4.48561 107.401 
-0.048105 -0.602589 70674 1 0.503125 0.556731 30 0 856 0.0590767 -0.305597 0.0560647 -0.401864 -4.48561 107.401 
-0.0566063 -0.807772 70833 1 0.503125 0.556731 31 0 860 0.0570291 -0.302807 0.0498524 -0.456515 -4.42856 107.531 
-0.0566063 -0.807772 70833 1 0.484896 0.551923 32 0 860 0.0570291 -0.302807 0.0498524 -0.456515 -4.42856 107.531 
0.209262 -0.722712 70994 1 0.435417 0.593269 33 0 864 0.0585427 -0.241501 0.0719483 -0.0270469 -4.5677 107.832 
0.209262 -0.722712 70994 1 0.384896 0.674038 34 0 864 0.0585427 -0.241501 0.0719483 -0.0270469 -4.5677 107.832 
0.371311 -0.738131 71115 1 0.358854 0.733654 35 0 867 0.0602527 -0.251044 0.0695937 -0.0961826 -4.55848 107.923 
0.371311 -0.738131 71115 1 0.321875 0.850962 36 0 867 0.0602527 -0.251044 0.0695937 -0.0961826 -4.55848 107.923 
0.353698 -0.853347 71275 1 0.284375 0.896154 37 0 871 0.0600008 -0.255293 0.0631863 -0.109404 -4.48264 108.005 
0.353698 -0.853347 71275 1 0.254167 0.878846 38 0 871 0.0600008 -0.255293 0.0631863 -0.109404 -4.48264 108.005 
-0.000726734 0.301698 71395 1 0.20625 0.855769 39 0 874 0.0589106 -0.302937 0.0497054 -0.449529 -4.32452 107.6 
0.00927119 0.233431 71555 1 0.169792 0.859615 40 1 878 0.0569285 -0.294403 0.0626321 -0.42175 -4.42057 108.078 
0.0349148 -0.604572 71756 1 0.13125 0.907692 41 0 883 0.0614534 -0.296546 0.0478337 -0.427225 -4.26407 107.964 
-0.381414 -0.00111311 71836 1 0.104167 0.946154 42 0 885 0.0625024 -0.319359 0.0605497 -0.545735 -4.37578 107.764 
-0.398066 -0.0815485 71917 1 0.0833333 0.977885 43 0 887 0.0623908 -0.318076 0.0600442 -0.526084 -4.35789 107.864 
-0.304537 -0.165143 71956 1 0.075 0.988462 44 0 888 0.0620037 -0.31796 0.0615917 -0.518427 -4.37343 107.842 
-0.145674 -0.514959 72036 1 0.0723958 0.995192 45 0 890 0.0618758 -0.317388 0.0627258 -0.490706 -4.38759 107.861 
-0.287109 -0.637013 72117 1 0.0682292 1.00192 46 0 892 0.0627489 -0.316222 0.0650109 -0.475939 -4.41226 107.801 
-0.287109 -0.637013 72117 1 0.065625 1.00096 47 0 892 0.0627489 -0.316222 0.0650109 -0.475939 -4.41226 107.801 
-0.287109 -0.637013 72117 1 0.0604167 0.983654 48 0 892 0.0627489 -0.316222 0.0650109 -0.475939 -4.41226 107.801 
-0.430443 -1.15873 72316 1 0.0588542 0.975962 49 0 897 0.061428 -0.317413 0.062575 -0.500383 -4.39028 107.765 
-0.477394 -1.24907 72397 1 0.0588542 0.970192 50 0 899 0.0624764 -0.316474 0.0618998 -0.472855 -4.39761 107.998 
-0.48812 -1.21251 72437 1 0.0588542 0.969231 51 0 900 0.0623728 -0.31612 0.0630643 -0.459548 -4.40423 107.98 
-0.48812 -1.21251 72437 1 0.0588542 0.969231 52 0 900 0.0623728 -0.31612 0.0630643 -0.459548 -4.40423 107.98 
-0.488447 -1.2495 72477 1 0.0583333 0.973077 53 0 901 0.0629233 -0.314391 0.0632303 -0.452847 -4.41102 107.988 
-0.483639 -1.29245 72638 1 0.0583333 0.973077 54 0 905 0.0623441 -0.314964 0.0632796 -0.469607 -4.39847 108.042 
-0.492732 -0.556817 72717 1 0.0583333 0.974038 55 0 907 0.0620351 -0.318617 0.0625524 -0.497487 -4.37979 107.878 
-1.2219 0.981596 72757 1 0.0583333 0.974038 56 0 908 0.0620351 -0.318617 0.0625524 -0.497487 -4.37979 107.878 
-1.2219 0.981596 72757 1 0.0583333 0.974038 57 0 908 0.0620351 -0.318617 0.0625524 -0.497487 -4.37979 107.878 
-0.443522 -0.650753 72919 1 0.0583333 0.974038 58 0 912 0.064105 -0.317751 0.0644605 -0.45805 -4.39839 107.887 
-0.437085 -1.1635 72998 1 0.0583333 0.974038 59 0 914 0.0639596 -0.31785 0.0644429 -0.452054 -4.39544 107.928 
-0.502498 -1.24081 73078 1 0.0583333 0.974038 60 0 916 0.0635493 -0.316471 0.0630597 -0.446805 -4.40694 108.059 
-0.502498 -1.24081 73078 1 0.0583333 0.974038 61 0 916 0.0635493 -0.316471 0.0630597 -0.446805 -4.40694 108.059 
-0.479126 -1.23698 73118 1 0.0583333 0.974038 62 0 917 0.0638447 -0.316542 0.0638715 -0.44543 -4.4118 108.003 
-0.51352 -1.29141 73280 1 0.0583333 0.974038 63 0 921 0.0627153 -0.314655 0.0611847 -0.473557 -4.37725 107.997 
-0.491339 -1.40493 73359 1 0.0583333 0.974038 64 0 923 0.0624201 -0.314488 0.0596252 -0.495085 -4.35269 108.1 
-0.552664 -1.40475 73400 1 0.0583333 0.974038 65 0 924 0.0618865 -0.313697 0.0588858 -0.496733 -4.36217 108.078 
-0.552664 -1.40475 73400 1 0.0583333 0.974038 66 0 924 0.0618865 -0.313697 0.0588858 -0.496733 -4.36217 108.078 
-0.511194 -1.39979 73439 1 0.0583333 0.974038 67 0 925 0.0620332 -0.314439 0.0598388 -0.508552 -4.37292 108.05 
-0.528135 -1.3916 73640 1 0.0583333 0.974038 68 0 930 0.0624366 -0.315764 0.0591272 -0.500923 -4.36888 108.065 
-0.455369 -1.41896 73680 1 0.0583333 0.974038 69 0 931 0.0626291 -0.316042 0.0617566 -0.498113 -4.38242 107.974 
0.456515 0.561759 73720 1 0.0583333 0.974038 70 1 932 0.0633287 -0.315773 0.0614315 -0.49504 -4.3823 107.964 
0.456515 0.561759 73720 1 0.0583333 0.974038 71 1 932 0.0633287 -0.315773 0.0614315 -0.49504 -4.3823 107.964 
0.350547 0.495217 73760 1 0.0583333 0.974038 72 1 933 0.0631908 -0.31629 0.0596708 -0.505146 -4.37642 107.964 
-0.990688 1.10375 73960 1 0.0583333 0.974038 73 0 938 0.0632699 -0.319552 0.0619807 -0.52746 -4.393 107.842 
-0.0449782 0.355118 74041 1 0.0515625 0.959615 74 0 940 0.0630487 -0.321391 0.0589872 -0.526769 -4.37434 107.882 
-0.339854 -0.16177 74081 1 0 0.920192 75 0 941 0.0638242 -0.319481 0.0618545 -0.513101 -4.40157 107.797 
-0.457925 -1.20295 74161 1 0.00260417 0.909615 76 0 943 0.0628605 -0.321578 0.059907 -0.537756 -4.37333 107.716 
-0.542808 -1.41741 74240 1 0.228125 0.8625 77 0 945 0.0629405 -0.318081 0.059034 -0.519801 -4.35926 107.923 
-0.552726 -1.40789 74280 1 0.788542 0.826923 78 0 946 0.0631671 -0.320162 0.0577511 -0.53349 -4.33998 107.971 
-0.552726 -1.40789 74280 1 1.55677 0.903846 79 0 946 0.0631671 -0.320162 0.0577511 -0.53349 -4.33998 107.971 
-0.556051 -1.44215 74441 1 1.88802 1.03558 80 0 950 0.0629121 -0.319032 0.0573378 -0.499753 -4.34436 108.026 
-0.527093 -1.45271 74521 1 1.89479 1.0375 81 0 952 0.0632787 -0.315794 0.057661 -0.480211 -4.35361 108.073 
-0.567617 -1.41127 74601 1 1.89479 1.0375 82 0 954 0.0628788 -0.316966 0.0582566 -0.501457 -4.36155 108.04 
-0.567617 -1.41127 74601 1 1.89479 1.0375 83 0 954 0.0628788 -0.316966 0.0582566 -0.501457 -4.36155 108.04 
-0.567617 -1.41127 74601 1 1.89479 1.0375 84 0 954 0.0628788 -0.316966 0.0582566 -0.501457 -4.36155 108.04 
0.426792 0.576491 74802 1 1.89479 1.0375 85 1 959 0.0620688 -0.318278 0.0600042 -0.505342 -4.34315 108.05 
0.351945 0.491958 74842 1 1.89479 1.0375 86 1 960 0.0623909 -0.317999 0.0611126 -0.485746 -4.35512 108.065 
-0.500224 -1.42648 74922 1 1.89479 1.0375 87 0 962 0.0616346 -0.318329 0.0610007 -0.476544 -4.35835 108.131 
-0.500224 -1.42648 74922 1 1.89479 1.0375 88 0 962 0.0616346 -0.318329 0.0610007 -0.476544 -4.35835 108.131 
-0.50607 -1.43423 75082 1 1.89896 1.03173 89 0 966 0.0615247 -0.316225 0.0618729 -0.459888 -4.37947 108.132 
-0.530712 -1.47155 75163 1 1.93333 1.01827 90 0 968 0.0616609 -0.317052 0.0602902 -0.475778 -4.36808 108.066 
-0.546416 -1.29275 75243 1 1.99948 1.01058 91 0 970 0.0609544 -0.318304 0.0602311 -0.489846 -4.36463 108.079 
-0.561615 -1.40627 75283 1 1.99948 1.01058 92 0 971 0.0614969 -0.317503 0.0611326 -0.47182 -4.36005 108.134 
-0.561615 -1.40627 75283 1 1.99948 1.00962 93 0 971 0.0614969 -0.317503 0.0611326 -0.47182 -4.36005 108.134 
-0.498302 -1.42984 75444 1 1.98698 0.981731 94 0 975 0.0637066 -0.319199 0.0635557 -0.429533 -4.36745 108.16 
-0.463156 -1.54847 75523 1 1.63125 0.736538 95 0 977 0.0637734 -0.318866 0.0679452 -0.414743 -4.39768 108.078 
0.434299 0.508097 75604 1 1.57448 0.711538 96 1 979 0.0639487 -0.321538 0.0666638 -0.427633 -4.37924 108.105 
0.434299 0.508097 75604 1 1.57604 0.714423 97 1 979 0.0639487 -0.321538 0.0666638 -0.427633 -4.37924 108.105 
0.434299 0.508097 75604 1 1.57604 0.714423 98 1 979 0.0639487 -0.321538 0.0666638 -0.427633 -4.37924 108.105 
-0.490832 -1.4065 75804 1 1.57708 0.717308 99 0 984 0.0638183 -0.319064 0.0683671 -0.403986 -4.38308 108.195 
-0.491894 -1.28424 75884 1 1.57917 0.707692 100 0 986 0.0643937 -0.31967 0.070243 -0.400072 -4.38733 108.181 
-0.16048 -1.04323 75925 1 1.50885 0.594231 101 0 987 0.0642456 -0.32098 0.0723892 -0.401714 -4.38507 108.035 
0.733598 -0.372678 76004 1 1.41719 0.457692 102 0 989 0.0646605 -0.324466 0.0723194 -0.430546 -4.37505 107.84 
0.691711 -0.336768 76084 1 1.39844 0.45 103 0 991 0.0643881 -0.321998 0.0692143 -0.444293 -4.35605 107.794 
0.715622 -0.379919 76165 1 1.39792 0.45 104 0 993 0.0630266 -0.318518 0.0693397 -0.450694 -4.35009 107.829 
0.715622 -0.379919 76165 1 1.39688 0.446154 105 0 993 0.0630266 -0.318518 0.0693397 -0.450694 -4.35009 107.829 
0.715622 -0.379919 76165 1 1.39688 0.457692 106 0 993 0.0630266 -0.318518 0.0693397 -0.450694 -4.35009 107.829 
-0.479043 1.32721 76365 1 1.40052 0.470192 107 0 998 0.0638643 -0.318552 0.0704905 -0.451325 -4.34562 107.863 
-0.936534 2.03151 76405 1 1.40052 0.470192 108 0 999 0.063336 -0.316246 0.0697667 -0.442467 -4.36135 107.999 
0.27888 0.350069 76485 1 1.40052 0.470192 109 1 1001 0.0623345 -0.316823 0.068019 -0.479293 -4.34784 107.927 
0.27888 0.350069 76485 1 1.40052 0.470192 110 1 1001 0.0623345 -0.316823 0.068019 -0.479293 -4.34784 107.927 
0.534823 -0.1413 76525 1 1.40052 0.470192 111 1 1002 0.0613766 -0.317365 0.067343 -0.497764 -4.34803 107.928 
0.730913 -0.523572 76726 1 1.40104 0.470192 112 0 1007 0.0617362 -0.317666 0.0653194 -0.505714 -4.34448 107.958 
0.734981 -0.506361 76766 1 1.40104 0.470192 113 0 1008 0.0620078 -0.317399 0.0643502 -0.510615 -4.34052 107.94 
0.7407 -0.495862 76847 1 1.40104 0.470192 114 0 1010 0.0611625 -0.31748 0.064105 -0.532927 -4.34817 107.963 
0.733499 -0.527749 76926 1 1.40104 0.470192 115 0 1012 0.0610372 -0.317602 0.0614068 -0.565106 -4.33015 107.974 
0.739645 -0.519001 76966 1 1.40104 0.470192 116 0 1013 0.0605102 -0.316104 0.0623997 -0.57023 -4.34621 107.952 
0.734933 -0.519928 77046 1 1.40104 0.470192 117 0 1015 0.0605333 -0.315142 0.0599731 -0.580936 -4.33361 107.944 
0.734933 -0.519928 77046 1 1.40104 0.470192 118 0 1015 0.0605333 -0.315142 0.0599731 -0.580936 -4.33361 107.944 
0.719208 -0.535419 77086 1 1.40104 0.470192 119 0 1016 0.0597712 -0.315126 0.0594484 -0.585128 -4.31942 107.958 
0.738196 -0.532956 77246 1 1.40104 0.470192 120 0 1020 0.0595034 -0.321269 0.0592115 -0.586909 -4.3058 107.716 
0.732766 -0.522734 77326 1 1.40104 0.470192 121 0 1022 0.0601756 -0.324903 0.0557803 -0.600881 -4.29358 107.623 
0.723411 -0.533071 77366 1 1.40104 0.470192 122 0 1023 0.0602016 -0.324092 0.0571347 -0.599676 -4.30325 107.652 
0.723411 -0.533071 77366 1 1.40104 0.470192 123 0 1023 0.0602016 -0.324092 0.0571347 -0.599676 -4.30325 107.652 
0.71329 -0.540342 77528 1 1.40104 0.470192 124 0 1027 0.0600711 -0.326691 0.0580687 -0.620614 -4.29184 107.612 
0.731753 -0.526028 77610 1 1.40104 0.470192 125 0 1029 0.0601777 -0.326671 0.0585147 -0.61284 -4.28286 107.594 
0.717613 -0.542243 77692 1 1.40104 0.470192 126 0 1031 0.060534 -0.326949 0.0577282 -0.620817 -4.27965 107.597 
0.717613 -0.542243 77692 1 1.40104 0.470192 127 0 1031 0.060534 -0.326949 0.0577282 -0.620817 -4.27965 107.597 
0.717613 -0.542243 77692 1 1.40104 0.470192 128 0 1031 0.060534 -0.326949 0.0577282 -0.620817 -4.27965 107.597 
0.647095 -0.499781 77888 1 1.40104 0.470192 129 0 1036 0.0602174 -0.32474 0.0568004 -0.630475 -4.25539 107.579 
-0.452467 -0.497518 77968 1 1.40104 0.470192 130 0 1038 0.0595425 -0.32647 0.0574455 -0.643858 -4.26301 107.563 
-0.440874 -0.573374 78007 1 1.40104 0.470192 131 0 1039 0.05944 -0.32492 0.0568919 -0.62995 -4.25714 107.615 
-0.440874 -0.573374 78007 1 1.40104 0.470192 132 0 1039 0.05944 -0.32492 0.0568919 -0.62995 -4.25714 107.615 
-0.453774 -0.596748 78048 1 1.40104 0.470192 133 0 1040 0.0590442 -0.325487 0.0577838 -0.633903 -4.25792 107.589 
-0.462085 -0.658704 78209 1 1.40104 0.470192 134 0 1044 0.0600621 -0.327882 0.0589108 -0.621632 -4.27003 107.585 
-0.47271 -0.652192 78289 1 1.40104 0.470192 135 0 1046 0.0601386 -0.330199 0.0570786 -0.631062 -4.27021 107.515 
-0.495772 -0.643916 78328 1 1.40104 0.470192 136 0 1047 0.059694 -0.333082 0.0589711 -0.652436 -4.27995 107.415 
-0.495772 -0.643916 78328 1 1.40104 0.470192 137 0 1047 0.059694 -0.333082 0.0589711 -0.652436 -4.27995 107.415 
-0.6456 -0.696786 78490 1 1.40104 0.470192 138 0 1051 0.0592088 -0.361816 0.0535522 -0.891009 -4.17104 106.509 
-0.556567 -0.712088 78569 1 1.40104 0.470192 139 0 1053 0.0618409 -0.345455 0.0582781 -0.759556 -4.25053 107.398 
-0.547686 -0.744135 78609 1 1.40104 0.470192 140 0 1054 0.0625604 -0.340833 0.0581815 -0.724501 -4.2592 107.576 
-0.534774 -0.713815 78649 1 1.40104 0.470192 141 0 1055 0.0633767 -0.339838 0.0595635 -0.727281 -4.27419 107.544 
-0.534774 -0.713815 78649 1 1.40104 0.470192 142 0 1055 0.0633767 -0.339838 0.0595635 -0.727281 -4.27419 107.544 
-0.640246 -0.626212 78809 1 1.40104 0.470192 143 0 1059 0.0649916 -0.363042 0.0648992 -0.941915 -4.249 106.352 
-0.655333 -0.607344 78889 1 1.40104 0.470192 144 0 1061 0.0666922 -0.366523 0.0664563 -0.941902 -4.22477 106.163 
-0.646875 -0.447263 78930 1 1.40104 0.470192 145 0 1062 0.0647161 -0.368423 0.0621928 -0.950885 -4.18551 106.068 
-0.520388 0.38994 78970 1 1.40104 0.470192 146 0 1063 0.0632932 -0.371253 0.0568903 -0.964079 -4.15426 106.071 
-0.520388 0.38994 78970 1 1.40104 0.470192 147 0 1063 0.0632932 -0.371253 0.0568903 -0.964079 -4.15426 106.071 
-0.453215 -0.082872 79170 1 1.40104 0.470192 148 0 1068 0.0585178 -0.352311 0.0485484 -0.81465 -4.13443 106.621 
-0.485057 -0.276177 79210 1 1.40104 0.470192 149 0 1069 0.0575457 -0.35113 0.0474258 -0.787571 -4.13065 106.77 
-0.559953 -0.400489 79290 1 1.40104 0.470192 150 0 1071 0.0580124 -0.357545 0.0485919 -0.813415 -4.15006 106.619 
-0.559953 -0.400489 79290 1 1.40104 0.470192 151 0 1071 0.0580124 -0.357545 0.0485919 -0.813415 -4.15006 106.619 
-0.557886 -0.411974 79330 1 1.40104 0.470192 152 0 1072 0.0587684 -0.359143 0.051744 -0.817593 -4.17676 106.591 
-0.467641 -0.413779 79490 1 1.40104 0.470192 153 0 1076 0.0619023 -0.341894 0.0600934 -0.682057 -4.25799 107.198 
-0.435584 -0.458535 79572 1 1.40104 0.470192 154 0 1078 0.0611645 -0.33584 0.0632359 -0.62091 -4.27211 107.396 
-0.431529 -0.483093 79611 1 1.40104 0.470192 155 0 1079 0.0605508 -0.335879 0.0627728 -0.615897 -4.26127 107.421 
-0.431529 -0.483093 79611 1 1.40104 0.470192 156 0 1079 0.0605508 -0.335879 0.0627728 -0.615897 -4.26127 107.421 
-0.435263 -0.511462 79651 1 1.40104 0.470192 157 0 1080 0.0609642 -0.335679 0.0623082 -0.611065 -4.25494 107.476 
-0.435263 -0.511462 79651 1 1.40104 0.470192 158 0 1080 0.0609642 -0.335679 0.0623082 -0.611065 -4.25494 107.476 
-0.386231 -0.473525 79772 1 1.40104 0.470192 159 0 1083 0.0601719 -0.318531 0.0627682 -0.447597 -4.26757 107.774 
-0.386231 -0.473525 79772 1 1.40104 0.470192 160 0 1083 0.0601719 -0.318531 0.0627682 -0.447597 -4.26757 107.774 
0.000154521 -0.432047 79891 1 1.40104 0.470192 161 0 1086 0.0642946 -0.289972 0.0698347 -0.233341 -4.32803 107.76 
0.000154521 -0.432047 79891 1 1.40104 0.470192 162 0 1086 0.0642946 -0.289972 0.0698347 -0.233341 -4.32803 107.76 
1.10506 -1.08223 80052 1 1.40104 0.470192 163 0 1090 0.0642946 -0.289972 0.0698347 -0.233341 -4.32803 107.76 
1.10506 -1.08223 80052 1 1.40104 0.470192 164 0 1090 0.0642946 -0.289972 0.0698347 -0.233341 -4.32803 107.76 
0.951283 -1.47407 80173 1 1.40104 0.470192 165 0 1093 0.0632504 -0.328775 0.062115 -0.571861 -4.23378 107.921 
0.951283 -1.47407 80173 1 1.40104 0.470192 166 0 1093 0.0632504 -0.328775 0.062115 -0.571861 -4.23378 107.921 
0.927467 -1.39101 80292 1 1.40104 0.470192 167 0 1096 0.0620982 -0.330867 0.060796 -0.582742 -4.24637 107.776 
0.927467 -1.39101 80292 1 1.40104 0.470192 168 0 1096 0.0620982 -0.330867 0.060796 -0.582742 -4.24637 107.776 
0.936956 -1.2844 80412 1 1.40104 0.470192 169 0 1099 0.0621311 -0.329311 0.0605791 -0.592678 -4.25002 107.821 
0.936956 -1.2844 80412 1 1.40104 0.470192 170 0 1099 0.0621311 -0.329311 0.0605791 -0.592678 -4.25002 107.821 
0.950484 -1.4972 80572 1 1.40104 0.470192 171 0 1103 0.0623216 -0.331613 0.0616326 -0.6129 -4.24461 107.846 
0.950484 -1.4972 80572 1 1.40104 0.470192 172 0 1103 0.0623216 -0.331613 0.0616326 -0.6129 -4.24461 107.846 
0.927499 -0.975625 80693 1 1.40104 0.470192 173 0 1106 0.0590252 -0.319646 0.0528987 -0.535946 -4.18332 107.96 
0.927499 -0.975625 80693 1 1.40104 0.470192 174 0 1106 0.0590252 -0.319646 0.0528987 -0.535946 -4.18332 107.96 
0.890372 -0.931522 80813 1 1.40104 0.470192 175 0 1109 0.0594579 -0.321227 0.0563311 -0.529003 -4.21247 107.883 
0.890372 -0.931522 80813 1 1.40104 0.470192 176 0 1109 0.0594579 -0.321227 0.0563311 -0.529003 -4.21247 107.883 
0.907086 -0.887704 80973 1 1.40104 0.470192 177 0 1113 0.0590482 -0.322934 0.0547203 -0.555781 -4.20922 107.965 
0.907086 -0.887704 80973 1 1.40104 0.470192 178 0 1113 0.0590482 -0.322934 0.0547203 -0.555781 -4.20922 107.965 
0.886796 -0.927625 81094 1 1.40104 0.470192 179 0 1116 0.0627374 -0.329232 0.0595615 -0.620924 -4.24331 107.854 
0.886796 -0.927625 81094 1 1.40104 0.470192 180 0 1116 0.0627374 -0.329232 0.0595615 -0.620924 -4.24331 107.854 
0.902278 -1.08865 81255 1 1.40104 0.470192 181 0 1120 0.0626522 -0.329806 0.0595101 -0.63738 -4.2456 107.816 
0.902278 -1.08865 81255 1 1.40104 0.470192 182 0 1120 0.0626522 -0.329806 0.0595101 -0.63738 -4.2456 107.816 
0.94368 -1.15619 81375 1 1.40104 0.470192 183 0 1123 0.0630847 -0.329875 0.0607221 -0.639702 -4.26797 107.795 
0.94368 -1.15619 81375 1 1.40104 0.470192 184 0 1123 0.0630847 -0.329875 0.0607221 -0.639702 -4.26797 107.795 
0.94368 -1.15619 81375 1 1.40104 0.470192 185 0 1123 0.0630847 -0.329875 0.0607221 -0.639702 -4.26797 107.795 
0.924389 -1.18177 81535 1 1.40104 0.470192 186 0 1127 0.06283 -0.329327 0.0610046 -0.628972 -4.26307 107.852 
0.924389 -1.18177 81535 1 1.40104 0.470192 187 0 1127 0.06283 -0.329327 0.0610046 -0.628972 -4.26307 107.852 
0.957988 -1.18555 81655 1 1.40104 0.470192 188 0 1130 0.0626322 -0.321642 0.064836 -0.582234 -4.29002 107.858 
0.957988 -1.18555 81655 1 1.40104 0.470192 189 0 1130 0.0626322 -0.321642 0.064836 -0.582234 -4.29002 107.858 
0.827543 -1.60871 81815 1 1.40104 0.470192 190 0 1134 0.0635953 -0.329033 0.0598397 -0.642364 -4.25674 107.889 
0.827543 -1.60871 81815 1 1.40104 0.470192 191 0 1134 0.0635953 -0.329033 0.0598397 -0.642364 -4.25674 107.889 
0.0380443 -0.422846 81936 1 1.40104 0.470192 192 0 1137 0.0583515 -0.328504 0.0529348 -0.628042 -4.20169 107.723 
0.0380443 -0.422846 81936 1 1.40104 0.470192 193 0 1137 0.0583515 -0.328504 0.0529348 -0.628042 -4.20169 107.723 
-1.50688 1.87364 82096 1 1.40104 0.470192 194 0 1141 0.0583515 -0.328504 0.0529348 -0.628042 -4.20169 107.723 
-1.50688 1.87364 82096 1 1.40104 0.470192 195 0 1141 0.0583515 -0.328504 0.0529348 -0.628042 -4.20169 107.723 
0.0847917 -0.460264 82216 1 1.40104 0.470192 196 0 1144 0.0608657 -0.311558 0.0618599 -0.502165 -4.27481 107.805 
0.0847917 -0.460264 82216 1 1.40104 0.470192 197 0 1144 0.0608657 -0.311558 0.0618599 -0.502165 -4.27481 107.805 
0.169178 -0.714647 82376 1 1.40104 0.470192 198 0 1148 0.061115 -0.312335 0.0637357 -0.500424 -4.28129 107.981 
0.169178 -0.714647 82376 1 1.40104 0.470192 199 0 1148 0.061115 -0.312335 0.0637357 -0.500424 -4.28129 107.981 
0.199024 -0.744575 82496 1 1.40104 0.470192 200 0 1151 0.0607253 -0.309455 0.069102 -0.469435 -4.3172 108.011 
0.199024 -0.744575 82496 1 1.40104 0.470192 201 0 1151 0.0607253 -0.309455 0.069102 -0.469435 -4.3172 108.011 
0.184932 -0.81328 82616 1 1.40104 0.470192 202 0 1154 0.062344 -0.307068 0.06185 -0.457971 -4.25584 108.115 
0.184932 -0.81328 82616 1 1.40104 0.470192 203 0 1154 0.062344 -0.307068 0.06185 -0.457971 -4.25584 108.115 
-1.20318 1.96743 82738 1 1.40104 0.470192 204 0 1157 0.062344 -0.307068 0.06185 -0.457971 -4.25584 108.115 
-1.20318 1.96743 82738 1 1.40104 0.470192 205 0 1157 0.062344 -0.307068 0.06185 -0.457971 -4.25584 108.115 
0.133406 -0.628127 82897 1 1.40104 0.470192 206 0 1161 0.0615364 -0.311935 0.0585619 -0.484878 -4.2328 108.208 
0.133406 -0.628127 82897 1 1.40104 0.470192 207 0 1161 0.0615364 -0.311935 0.0585619 -0.484878 -4.2328 108.208 
0.180268 -0.727731 83017 1 1.40104 0.470192 208 0 1164 0.0618713 -0.306778 0.0642022 -0.440181 -4.27484 108.224 
0.180268 -0.727731 83017 1 1.40104 0.470192 209 0 1164 0.0618713 -0.306778 0.0642022 -0.440181 -4.27484 108.224 
0.146738 -0.732623 83138 1 1.40104 0.470192 210 0 1167 0.0610559 -0.310555 0.066402 -0.47886 -4.30212 108.3 
0.146738 -0.732623 83138 1 1.40104 0.470192 211 0 1167 0.0610559 -0.310555 0.066402 -0.47886 -4.30212 108.3 
0.203256 -0.782501 83298 1 1.40104 0.470192 212 0 1171 0.0607947 -0.309308 0.0634505 -0.490918 -4.2809 108.14 
0.203256 -0.782501 83298 1 1.40104 0.470192 213 0 1171 0.0607947 -0.309308 0.0634505 -0.490918 -4.2809 108.14 
0.164822 -0.835504 83458 1 1.40104 0.470192 214 0 1175 0.0606452 -0.309173 0.0620363 -0.49029 -4.26594 108.19 
0.164822 -0.835504 83458 1 1.40104 0.470192 215 0 1175 0.0606452 -0.309173 0.0620363 -0.49029 -4.26594 108.19 
0.184204 -0.641364 83579 1 1.40104 0.470192 216 0 1178 0.0606722 -0.310117 0.0668779 -0.492889 -4.30966 108.177 
-0.591507 1.06822 83698 1 1.40104 0.470192 217 0 1181 0.0606722 -0.310117 0.0668779 -0.492889 -4.30966 108.177 
-0.591507 1.06822 83698 1 1.40104 0.470192 218 0 1181 0.0606722 -0.310117 0.0668779 -0.492889 -4.30966 108.177 
0.278196 -0.696278 83819 1 1.40104 0.470192 219 0 1184 0.0634616 -0.284868 0.0839627 -0.339715 -4.42854 108.458 
0.278196 -0.696278 83819 1 1.40104 0.470192 220 0 1184 0.0634616 -0.284868 0.0839627 -0.339715 -4.42854 108.458 
0.303013 -0.943265 83980 1 1.40104 0.470192 221 0 1188 0.063381 -0.280656 0.0828148 -0.324879 -4.40572 108.45 
0.303013 -0.943265 83980 1 1.40104 0.470192 222 0 1188 0.063381 -0.280656 0.0828148 -0.324879 -4.40572 108.45 
0.251436 -1.1949 84100 1 1.40104 0.470192 223 0 1191 0.0580327 -0.311489 0.0621143 -0.515897 -4.20864 108.055 
0.251436 -1.1949 84100 1 1.40104 0.470192 224 0 1191 0.0580327 -0.311489 0.0621143 -0.515897 -4.20864 108.055 
-0.048277 -1.21445 84220 1 1.40104 0.470192 225 0 1194 0.0593941 -0.312535 0.0709473 -0.531058 -4.26847 107.876 
-0.048277 -1.21445 84220 1 1.40104 0.470192 226 0 1194 0.0593941 -0.312535 0.0709473 -0.531058 -4.26847 107.876 
-0.107409 -1.09833 84380 1 1.40104 0.470192 227 0 1198 0.0631038 -0.274584 0.0931503 -0.247166 -4.48956 108.536 
-0.107409 -1.09833 84380 1 1.40104 0.470192 228 0 1198 0.0631038 -0.274584 0.0931503 -0.247166 -4.48956 108.536 
-0.185287 -1.09087 84500 1 1.40104 0.470192 229 0 1201 0.0620513 -0.282004 0.0889236 -0.291859 -4.44998 108.484 
-0.185287 -1.09087 84500 1 1.40104 0.470192 230 0 1201 0.0620513 -0.282004 0.0889236 -0.291859 -4.44998 108.484 
-0.285725 -1.10979 84621 1 1.40104 0.470192 231 0 1204 0.0612756 -0.250929 0.0790112 -0.0542182 -4.38951 108.618 
-0.285725 -1.10979 84621 1 1.40104 0.470192 232 0 1204 0.0612756 -0.250929 0.0790112 -0.0542182 -4.38951 108.618 
-0.363448 -1.18255 84741 1 1.40104 0.470192 233 0 1207 0.0600138 -0.253026 0.0758019 -0.0575493 -4.34716 108.526 
-0.266971 -1.26293 84901 1 1.40104 0.470192 234 0 1211 0.0633868 -0.262885 0.0848079 -0.0741369 -4.43484 108.738 
-0.266971 -1.26293 84901 1 1.40104 0.470192 235 0 1211 0.0633868 -0.262885 0.0848079 -0.0741369 -4.43484 108.738 
-0.500369 -1.69116 85022 1 1.40104 0.470192 236 0 1214 0.0612426 -0.320513 0.0539465 -0.450517 -4.15101 108.153 
-0.500369 -1.69116 85022 1 1.40104 0.470192 237 0 1214 0.0612426 -0.320513 0.0539465 -0.450517 -4.15101 108.153 
-0.315557 -1.16487 85141 1 1.40104 0.470192 238 0 1217 0.0611296 -0.254801 0.0765976 0.0759429 -4.37619 108.713 
-0.315557 -1.16487 85141 1 1.40104 0.470192 239 0 1217 0.0611296 -0.254801 0.0765976 0.0759429 -4.37619 108.713 
-0.348107 -1.19178 85262 1 1.40104 0.470192 240 0 1220 0.061468 -0.25938 0.0796024 0.0350359 -4.35574 108.539 
-0.348107 -1.19178 85262 1 1.40104 0.470192 241 0 1220 0.061468 -0.25938 0.0796024 0.0350359 -4.35574 108.539 
-0.309128 -1.05284 85383 1 1.40104 0.470192 242 0 1223 0.0623838 -0.254419 0.0968479 0.076324 -4.47918 108.568 
-0.309128 -1.05284 85383 1 1.40104 0.470192 243 0 1223 0.0623838 -0.254419 0.0968479 0.076324 -4.47918 108.568 
-0.374714 -1.11733 85542 1 1.40104 0.470192 244 0 1227 0.0623844 -0.259727 0.0905109 0.0104945 -4.41562 108.396 
-0.374714 -1.11733 85542 1 1.40104 0.470192 245 0 1227 0.0623844 -0.259727 0.0905109 0.0104945 -4.41562 108.396 
-0.567132 -1.20113 85663 1 1.40104 0.470192 246 0 1230 0.062778 -0.267281 0.0852803 -0.0417138 -4.3857 108.411 
-0.567132 -1.20113 85663 1 1.40104 0.470192 247 0 1230 0.062778 -0.267281 0.0852803 -0.0417138 -4.3857 108.411 
-0.855349 -1.6117 85823 1 1.40104 0.470192 248 0 1234 0.0621375 -0.327424 0.0595693 -0.453552 -4.15695 108.067 
-0.52003 -0.8461 85943 1 1.40104 0.470192 249 0 1237 0.0644375 -0.267523 0.0828344 -0.0285446 -4.36148 108.378 
-0.52003 -0.8461 85943 1 1.40104 0.470192 250 0 1237 0.0644375 -0.267523 0.0828344 -0.0285446 -4.36148 108.378 
-0.544452 0.852289 86063 1 1.40104 0.470192 251 0 1240 0.0620231 -0.327323 0.0594574 -0.459954 -4.1534 108.054 
-0.544452 0.852289 86063 1 1.40104 0.470192 252 0 1240 0.0620231 -0.327323 0.0594574 -0.459954 -4.1534 108.054 
-0.544452 0.852289 86063 1 1.40104 0.470192 253 0 1240 0.0620231 -0.327323 0.0594574 -0.459954 -4.1534 108.054 
-0.53039 -1.04583 86223 1 1.40104 0.470192 254 0 1244 0.0625258 -0.266935 0.083507 -0.0141541 -4.37961 108.357 
-0.53039 -1.04583 86223 1 1.40104 0.470192 255 0 1244 0.0625258 -0.266935 0.083507 -0.0141541 -4.37961 108.357 
-0.107422 -0.998695 86384 1 1.40104 0.470192 256 0 1248 0.065903 -0.25831 0.0907196 0.0376228 -4.44169 108.329 
-0.183378 -1.08413 86505 1 1.40104 0.470192 257 0 1251 0.0638626 -0.275109 0.0849023 -0.0891845 -4.38504 108.135 
-0.183378 -1.08413 86505 1 1.40104 0.470192 258 0 1251 0.0638626 -0.275109 0.0849023 -0.0891845 -4.38504 108.135 
-0.0970378 -1.04686 86665 1 1.40104 0.470192 259 0 1255 0.0651873 -0.260022 0.0901546 0.0138152 -4.43614 108.332 
-0.0970378 -1.04686 86665 1 1.40104 0.470192 260 0 1255 0.0651873 -0.260022 0.0901546 0.0138152 -4.43614 108.332 
-0.142486 -1.11628 86786 1 1.40104 0.470192 261 0 1258 0.064267 -0.270774 0.0804084 -0.0689732 -4.36347 108.187 
-0.142486 -1.11628 86786 1 1.40104 0.470192 262 0 1258 0.064267 -0.270774 0.0804084 -0.0689732 -4.36347 108.187 
-0.490763 -1.16095 86907 1 1.40104 0.470192 263 0 1261 0.0640812 -0.266832 0.0896741 -0.0434099 -4.43458 108.339 
-0.490763 -1.16095 86907 1 1.40104 0.470192 264 0 1261 0.0640812 -0.266832 0.0896741 -0.0434099 -4.43458 108.339 
-0.879352 -1.69375 87025 1 1.40104 0.470192 265 0 1264 0.0633864 -0.329805 0.054404 -0.490031 -4.14652 108.048 
-0.879352 -1.69375 87025 1 1.40104 0.470192 266 0 1264 0.0633864 -0.329805 0.054404 -0.490031 -4.14652 108.048 
-0.587706 -1.20608 87185 1 1.40104 0.470192 267 0 1268 0.0626275 -0.264533 0.0917188 -0.0190375 -4.4479 108.286 
-0.587706 -1.20608 87185 1 1.40104 0.470192 268 0 1268 0.0626275 -0.264533 0.0917188 -0.0190375 -4.4479 108.286 
-0.914938 -1.72055 87308 1 1.40104 0.470192 269 0 1271 0.0622957 -0.320938 0.0589122 -0.42885 -4.1785 108.097 
-0.914938 -1.72055 87308 1 1.40104 0.470192 270 0 1271 0.0622957 -0.320938 0.0589122 -0.42885 -4.1785 108.097 
-0.53676 -1.10773 87425 1 1.40104 0.470192 271 0 1274 0.0620512 -0.251952 0.0994716 0.0666855 -4.53991 108.552 
-0.53676 -1.10773 87425 1 1.40104 0.470192 272 0 1274 0.0620512 -0.251952 0.0994716 0.0666855 -4.53991 108.552 
-0.546279 -1.12196 87546 1 1.40104 0.470192 273 0 1277 0.0622923 -0.258924 0.0865909 -0.0159536 -4.42704 108.428 
-0.546279 -1.12196 87546 1 1.40104 0.470192 274 0 1277 0.0622923 -0.258924 0.0865909 -0.0159536 -4.42704 108.428 
-0.474677 -1.21453 87707 1 1.40104 0.470192 275 0 1281 0.0618491 -0.243803 0.0822094 0.116584 -4.3728 108.497 
-0.474677 -1.21453 87707 1 1.40104 0.470192 276 0 1281 0.0618491 -0.243803 0.0822094 0.116584 -4.3728 108.497 
-0.899122 -1.6305 87826 1 1.40104 0.470192 277 0 1284 0.0627322 -0.328498 0.0539213 -0.477829 -4.14215 108.068 
-0.577028 -1.13389 87987 1 1.40104 0.470192 278 0 1288 0.0611362 -0.26869 0.0902277 -0.0113652 -4.4303 108.346 
-0.577028 -1.13389 87987 1 1.40104 0.470192 279 0 1288 0.0611362 -0.26869 0.0902277 -0.0113652 -4.4303 108.346 
-0.577028 -1.13389 87987 1 1.40104 0.470192 280 0 1288 0.0611362 -0.26869 0.0902277 -0.0113652 -4.4303 108.346 
-0.43981 -1.45617 88107 1 1.40104 0.470192 281 0 1291 0.0609708 -0.330666 0.0637008 -0.450648 -4.19588 108.096 
-0.163807 -1.13146 88228 1 1.40104 0.470192 282 0 1294 0.0650944 -0.26723 0.0920616 0.00271621 -4.43819 108.414 
-0.163807 -1.13146 88228 1 1.40104 0.470192 283 0 1294 0.0650944 -0.26723 0.0920616 0.00271621 -4.43819 108.414 
-0.145674 -1.14526 88388 1 1.40104 0.470192 284 0 1298 0.0653096 -0.271448 0.0893766 -0.0361084 -4.41901 108.316 
-0.145674 -1.14526 88388 1 1.40104 0.470192 285 0 1298 0.0653096 -0.271448 0.0893766 -0.0361084 -4.41901 108.316 
-0.431277 -1.52835 88507 1 1.40104 0.470192 286 0 1301 0.0615811 -0.331299 0.0577826 -0.466195 -4.16674 108.092 
-0.431277 -1.52835 88507 1 1.40104 0.470192 287 0 1301 0.0615811 -0.331299 0.0577826 -0.466195 -4.16674 108.092 
-0.431277 -1.52835 88507 1 1.40104 0.470192 288 0 1301 0.0615811 -0.331299 0.0577826 -0.466195 -4.16674 108.092 
-0.319169 -0.265503 88628 1 1.40104 0.470192 289 0 1304 0.0579481 -0.318354 0.0674493 -0.368952 -4.24338 108.289 
-0.319169 -0.265503 88628 1 1.40104 0.470192 290 0 1304 0.0579481 -0.318354 0.0674493 -0.368952 -4.24338 108.289 
-0.620706 0.0175202 88789 1 1.40104 0.470192 291 0 1308 0.0588432 -0.339916 0.0643871 -0.511605 -4.20211 107.952 
-0.38985 -0.6569 88908 1 1.40104 0.470192 292 0 1311 0.0626653 -0.279622 0.0912739 -0.0697703 -4.42908 108.215 
-0.38985 -0.6569 88908 1 1.40104 0.470192 293 0 1311 0.0626653 -0.279622 0.0912739 -0.0697703 -4.42908 108.215 
-0.382994 -0.876226 89070 1 1.40104 0.470192 294 0 1315 0.0631545 -0.276534 0.0922648 -0.0519822 -4.43377 108.3 
-0.382994 -0.876226 89070 1 1.40104 0.470192 295 0 1315 0.0631545 -0.276534 0.0922648 -0.0519822 -4.43377 108.3 
-0.374255 -0.864065 89190 1 1.40104 0.470192 296 0 1318 0.0638172 -0.272843 0.0888404 -0.0259319 -4.41094 108.255 
-0.374255 -0.864065 89190 1 1.40104 0.470192 297 0 1318 0.0638172 -0.272843 0.0888404 -0.0259319 -4.41094 108.255 
-0.316165 -0.80639 89309 1 1.40104 0.470192 298 0 1321 0.06409 -0.270867 0.0908663 0.0162626 -4.44689 108.222 
-0.316165 -0.80639 89309 1 1.40104 0.470192 299 0 1321 0.06409 -0.270867 0.0908663 0.0162626 -4.44689 108.222 
-0.510419 -1.63261 89430 1 1.40104 0.470192 300 0 1324 0.0638586 -0.337923 0.0556763 -0.473797 -4.16419 107.921 
-0.510419 -1.63261 89430 1 1.40104 0.470192 301 0 1324 0.0638586 -0.337923 0.0556763 -0.473797 -4.16419 107.921 
-0.663626 -1.47827 89591 1 1.40104 0.470192 302 0 1328 0.0640075 -0.333271 0.0532883 -0.484875 -4.16047 107.864 
-0.663626 -1.47827 89591 1 1.40104 0.470192 303 0 1328 0.0640075 -0.333271 0.0532883 -0.484875 -4.16047 107.864 
-0.4411 -1.45364 89710 1 1.40104 0.470192 304 0 1331 0.0637861 -0.333695 0.0538107 -0.50398 -4.14645 107.888 
-0.06923 -1.25595 89830 1 1.40104 0.470192 305 0 1334 0.0679526 -0.269142 0.0922754 -0.0343521 -4.46573 108.28 
-0.06923 -1.25595 89830 1 1.40104 0.470192 306 0 1334 0.0679526 -0.269142 0.0922754 -0.0343521 -4.46573 108.28 
-0.297455 -1.62299 89951 1 1.40104 0.470192 307 0 1337 0.0600263 -0.334157 0.0617327 -0.480942 -4.17994 107.969 
-0.297455 -1.62299 89951 1 1.40104 0.470192 308 0 1337 0.0600263 -0.334157 0.0617327 -0.480942 -4.17994 107.969 
-0.353207 -1.3382 90071 1 1.40104 0.470192 309 0 1340 0.0637676 -0.334833 0.0575073 -0.483223 -4.14543 107.974 
-0.330665 -1.3765 90191 1 1.40104 0.470192 310 0 1343 0.0626765 -0.331322 0.0573363 -0.473259 -4.13485 108.02 
-0.330665 -1.3765 90191 1 1.40104 0.470192 311 0 1343 0.0626765 -0.331322 0.0573363 -0.473259 -4.13485 108.02 
-0.312186 -1.31387 90352 1 1.40104 0.470192 312 0 1347 0.0631216 -0.332954 0.0601124 -0.46434 -4.15844 107.982 
-0.312186 -1.31387 90352 1 1.40104 0.470192 313 0 1347 0.0631216 -0.332954 0.0601124 -0.46434 -4.15844 107.982 
-0.426663 -1.35862 90471 1 1.40104 0.470192 314 0 1350 0.0633207 -0.331984 0.0578172 -0.475993 -4.14402 108.046 
-0.426663 -1.35862 90471 1 1.40104 0.470192 315 0 1350 0.0633207 -0.331984 0.0578172 -0.475993 -4.14402 108.046 
0.240785 -1.49162 90592 1 1.40104 0.470192 316 0 1353 0.0611745 -0.333833 0.058442 -0.482964 -4.16235 107.992 
0.372249 0.354153 90712 1 1.40104 0.470192 317 0 1356 0.0610391 -0.33743 0.0550475 -0.521815 -4.13713 107.902 
0.372249 0.354153 90712 1 1.40104 0.470192 318 0 1356 0.0610391 -0.33743 0.0550475 -0.521815 -4.13713 107.902 
0.0273781 0.110297 90832 1 1.40104 0.470192 319 0 1359 0.0617841 -0.334341 0.0554599 -0.501747 -4.13209 108.004 
0.0273781 0.110297 90832 1 1.40104 0.470192 320 0 1359 0.0617841 -0.334341 0.0554599 -0.501747 -4.13209 108.004 
0.386554 -0.728231 90953 1 1.40104 0.470192 321 0 1362 0.0647579 -0.28716 0.0746445 -0.185675 -4.32202 108.162 
0.386554 -0.728231 90953 1 1.40104 0.470192 322 0 1362 0.0647579 -0.28716 0.0746445 -0.185675 -4.32202 108.162 
0.296157 -0.60108 91073 1 1.40104 0.470192 323 0 1365 0.0628275 -0.294524 0.0744559 -0.250115 -4.31992 108.142 
0.296157 -0.60108 91073 1 1.40104 0.470192 324 0 1365 0.0628275 -0.294524 0.0744559 -0.250115 -4.31992 108.142 
0.284629 -0.515814 91193 1 1.40104 0.470192 325 0 1368 0.0647813 -0.292251 0.0720544 -0.205297 -4.28833 108.19 
0.284629 -0.515814 91193 1 1.40104 0.470192 326 0 1368 0.0647813 -0.292251 0.0720544 -0.205297 -4.28833 108.19 
0.152563 -0.41505 91313 1 1.40104 0.470192 327 0 1371 0.0634214 -0.315732 0.090324 -0.376744 -4.43297 108.368 
0.223618 -0.571306 91434 1 1.40104 0.470192 328 0 1374 0.06611 -0.297918 0.0680419 -0.235748 -4.23171 108.175 
0.223618 -0.571306 91434 1 1.40104 0.470192 329 0 1374 0.06611 -0.297918 0.0680419 -0.235748 -4.23171 108.175 
0.0913307 -0.478971 91553 1 1.40104 0.470192 330 0 1377 0.064329 -0.322919 0.0773498 -0.427477 -4.28928 108.137 
0.0913307 -0.478971 91553 1 1.40104 0.470192 331 0 1377 0.064329 -0.322919 0.0773498 -0.427477 -4.28928 108.137 
0.0918287 -0.332957 91674 1 1.40104 0.470192 332 0 1380 0.0649134 -0.317216 0.0754569 -0.365924 -4.2816 108.166 
0.0918287 -0.332957 91674 1 1.40104 0.470192 333 0 1380 0.0649134 -0.317216 0.0754569 -0.365924 -4.2816 108.166 
0.16449 -0.342622 91794 1 1.40104 0.470192 334 0 1383 0.0635125 -0.303042 0.0782799 -0.281593 -4.27719 108.097 
0.16449 -0.342622 91794 1 1.40104 0.470192 335 0 1383 0.0635125 -0.303042 0.0782799 -0.281593 -4.27719 108.097 
0.175032 -0.267736 91914 1 1.40104 0.470192 336 0 1386 0.0648472 -0.297558 0.0853062 -0.241662 -4.33385 108.262 
0.175032 -0.267736 91914 1 1.40104 0.470192 337 0 1386 0.0648472 -0.297558 0.0853062 -0.241662 -4.33385 108.262 
0.131719 -0.247829 92035 1 1.40104 0.470192 338 0 1389 0.0636391 -0.308587 0.0822997 -0.309336 -4.3251 108.231 
0.430368 -0.311887 92155 1 1.40104 0.470192 339 0 1392 0.0651271 -0.294881 0.0852307 -0.219203 -4.3477 108.333 
0.430368 -0.311887 92155 1 1.40104 0.470192 340 0 1392 0.0651271 -0.294881 0.0852307 -0.219203 -4.3477 108.333 
0.42074 -0.275333 92315 1 1.40104 0.470192 341 0 1396 0.0655765 -0.288852 0.0786883 -0.190785 -4.29292 108.36 
0.42074 -0.275333 92315 1 1.40104 0.470192 342 0 1396 0.0655765 -0.288852 0.0786883 -0.190785 -4.29292 108.36 
-1.04024 2.20846 92436 1 1.40104 0.470192 343 0 1399 0.0655765 -0.288852 0.0786883 -0.190785 -4.29292 108.36 
-1.04024 2.20846 92436 1 1.40104 0.470192 344 0 1399 0.0655765 -0.288852 0.0786883 -0.190785 -4.29292 108.36 
0.168004 -0.336943 92675 1 1.40104 0.470192 345 0 1405 0.0613162 -0.335587 0.0570158 -0.502207 -4.08514 107.968 
0.202025 -0.286704 92756 1 1.40104 0.470192 346 0 1407 0.0620532 -0.331281 0.0601514 -0.471851 -4.11118 107.949 
0.204253 -0.309637 92797 1 1.40104 0.470192 347 0 1408 0.0621014 -0.33117 0.0603921 -0.472707 -4.10927 107.956 
0.23032 -0.35428 92876 1 1.40104 0.470192 348 0 1410 0.0620645 -0.330966 0.0610814 -0.461895 -4.09935 107.941 
0.21308 -0.310866 92957 1 1.40104 0.470192 349 0 1412 0.0621902 -0.334475 0.0597086 -0.472253 -4.09188 107.951 
0.108768 -0.374325 93036 1 1.40104 0.470192 350 0 1414 0.0606162 -0.336571 0.0583371 -0.480903 -4.08475 107.972 
0.165952 -0.453134 93077 1 1.40104 0.470192 351 0 1415 0.061922 -0.332316 0.0598507 -0.461201 -4.0969 108.002 
0.165952 -0.453134 93077 1 1.40104 0.470192 352 0 1415 0.061922 -0.332316 0.0598507 -0.461201 -4.0969 108.002 
0.195555 -0.615493 93197 1 1.40104 0.470192 353 0 1418 0.0618882 -0.332872 0.0584086 -0.472448 -4.0817 107.973 
0.207298 -0.760148 93277 1 1.40104 0.470192 354 0 1420 0.0603452 -0.336666 0.0590108 -0.500656 -4.08184 107.985 
0.234722 -0.797507 93357 1 1.40104 0.470192 355 0 1422 0.0616597 -0.33353 0.060866 -0.479945 -4.0941 108 
0.259227 -0.847763 93397 1 1.40104 0.470192 356 0 1423 0.0606575 -0.335559 0.0601452 -0.48861 -4.08082 108.014 
0.259227 -0.847763 93397 1 1.40104 0.470192 357 0 1423 0.0606575 -0.335559 0.0601452 -0.48861 -4.08082 108.014 
-0.64208 0.984278 93558 1 1.40104 0.470192 358 0 1427 0.0622048 -0.330893 0.060375 -0.459448 -4.08955 108.083 
0.184166 -0.615601 93637 1 1.40104 0.470192 359 0 1429 0.0599795 -0.334705 0.0598261 -0.486147 -4.11251 108.076 
0.342812 -1.28566 93718 1 1.40104 0.470192 360 0 1431 0.0622911 -0.330998 0.058666 -0.461551 -4.10733 108.093 
0.342812 -1.28566 93718 1 1.40104 0.470192 361 0 1431 0.0622911 -0.330998 0.058666 -0.461551 -4.10733 108.093 
0.342812 -1.28566 93718 1 1.40104 0.470192 362 0 1431 0.0622911 -0.330998 0.058666 -0.461551 -4.10733 108.093 
0.162337 -1.4458 93919 1 1.40104 0.470192 363 0 1436 0.0605957 -0.331424 0.0571608 -0.458301 -4.11628 108.117 
0.156008 -1.42532 93958 1 1.40104 0.470192 364 0 1437 0.0607629 -0.329638 0.0578849 -0.443558 -4.12673 108.101 
0.177337 -1.44349 94039 1 1.40104 0.470192 365 0 1439 0.0605704 -0.330257 0.0569957 -0.438536 -4.12285 108.105 
0.177337 -1.44349 94039 1 1.40104 0.470192 366 0 1439 0.0605704 -0.330257 0.0569957 -0.438536 -4.12285 108.105 
0.382722 -1.40113 94198 1 1.40104 0.470192 367 0 1443 0.0607043 -0.333988 0.0566025 -0.451198 -4.12389 108.097 
0.375795 -1.42244 94279 1 1.40104 0.470192 368 0 1445 0.0607152 -0.331801 0.057067 -0.433211 -4.12972 108.11 
0.659212 -1.24915 94359 1 1.40104 0.470192 369 0 1447 0.0608316 -0.33182 0.0571117 -0.43313 -4.12937 108.11 
0.659212 -1.24915 94359 1 1.40104 0.470192 370 0 1447 0.0608316 -0.33182 0.0571117 -0.43313 -4.12937 108.11 
0.659212 -1.24915 94359 1 1.40104 0.470192 371 0 1447 0.0608316 -0.33182 0.0571117 -0.43313 -4.12937 108.11 
0.648441 -1.22762 94559 1 1.40104 0.470192 372 0 1452 0.0601477 -0.337715 0.0546077 -0.473683 -4.09945 108.016 
0.6658 -1.12618 94600 1 1.40104 0.470192 373 0 1453 0.0603355 -0.338141 0.0551354 -0.474743 -4.10418 107.994 
0.683891 -1.12178 94680 1 1.40104 0.470192 374 0 1455 0.0613418 -0.333052 0.0570881 -0.442439 -4.11323 108.017 
0.683891 -1.12178 94680 1 1.40104 0.470192 375 0 1455 0.0613418 -0.333052 0.0570881 -0.442439 -4.11323 108.017 
0.590595 -1.27733 94841 1 1.40104 0.470192 376 0 1459 0.0621782 -0.330666 0.056646 -0.432282 -4.11639 108.046 
0.701132 -1.24943 94920 1 1.40104 0.470192 377 0 1461 0.0611519 -0.331799 0.0545424 -0.457645 -4.12246 107.976 
1.1709 1.12059 94960 1 1.40104 0.470192 378 0 1462 0.0610411 -0.334272 0.0508954 -0.489756 -4.10776 107.935 
1.67639 0.623653 95000 1 1.40104 0.470192 379 0 1463 0.0612278 -0.334271 0.0492049 -0.501188 -4.0968 107.926 
1.67639 0.623653 95000 1 1.40104 0.470192 380 0 1463 0.0612278 -0.334271 0.0492049 -0.501188 -4.0968 107.926 
2.27714 1.24864 95161 1 1.40104 0.470192 381 0 1467 0.0614237 -0.331017 0.0506876 -0.494114 -4.10194 107.985 
0.780673 1.04859 95240 1 1.40104 0.470192 382 0 1469 0.0605471 -0.330449 0.0515786 -0.495189 -4.12219 107.975 
1.23569 0.925981 95280 1 1.40104 0.470192 383 0 1470 0.0605544 -0.332997 0.0491156 -0.517493 -4.10287 107.952 
2.14187 0.868884 95321 1 1.40104 0.470192 384 0 1471 0.0605544 -0.332997 0.0491156 -0.517493 -4.10287 107.952 
2.14187 0.868884 95321 1 1.40104 0.470192 385 0 1471 0.0605544 -0.332997 0.0491156 -0.517493 -4.10287 107.952 
0.359924 1.12859 95482 1 1.40104 0.470192 386 0 1475 0.0594189 -0.337002 0.046719 -0.540142 -4.07821 107.992 
0.218921 0.456056 95562 1 1.40104 0.470192 387 0 1477 0.0607047 -0.338299 0.0501212 -0.545753 -4.11858 107.953 
-0.366279 0.755133 95641 1 1.40104 0.470192 388 0 1479 0.0615465 -0.341851 0.050178 -0.569634 -4.12974 107.849 
-0.366279 0.755133 95641 1 1.40104 0.470192 389 0 1479 0.0615465 -0.341851 0.050178 -0.569634 -4.12974 107.849 
-0.366279 0.755133 95641 1 1.40104 0.470192 390 0 1479 0.0615465 -0.341851 0.050178 -0.569634 -4.12974 107.849 
0.945873 -1.41324 95842 1 1.40104 0.470192 391 0 1484 0.0615807 -0.3369 0.0507026 -0.542095 -4.14825 107.901 
1.0397 -1.40929 95922 1 1.40104 0.470192 392 0 1486 0.061505 -0.338048 0.0498219 -0.559313 -4.13867 107.928 
1.00056 -1.39594 96002 1 1.40104 0.470192 393 0 1488 0.0614831 -0.336742 0.0478904 -0.577999 -4.12688 107.924 
1.00899 -1.44443 96042 1 1.40104 0.470192 394 0 1489 0.0610985 -0.336924 0.0479623 -0.576199 -4.12631 107.916 
1.00485 -1.42434 96122 1 1.40104 0.470192 395 0 1491 0.0612716 -0.33572 0.0482479 -0.565353 -4.1178 107.975 
1.00398 -1.49764 96203 1 1.40104 0.470192 396 0 1493 0.0615489 -0.335518 0.0470641 -0.572428 -4.11714 107.967 
1.00398 -1.49764 96203 1 1.40104 0.470192 397 0 1493 0.0615489 -0.335518 0.0470641 -0.572428 -4.11714 107.967 
1.00398 -1.49764 96203 1 1.40104 0.470192 398 0 1493 0.0615489 -0.335518 0.0470641 -0.572428 -4.11714 107.967 
0.888073 -1.3948 96403 1 1.40104 0.470192 399 0 1498 0.0616748 -0.33672 0.0456114 -0.592127 -4.07976 108.125 
1.17122 -1.7727 96443 1 1.40104 0.470192 400 0 1499 0.0607801 -0.333467 0.0482116 -0.569527 -4.09199 108.144 
1.27343 0.938086 96523 1 1.40104 0.470192 401 0 1501 0.0613147 -0.332261 0.0477532 -0.54923 -4.08827 108.247 
1.27343 0.938086 96523 1 1.40104 0.470192 402 0 1501 0.0613147 -0.332261 0.0477532 -0.54923 -4.08827 108.247 
1.4681 0.979105 96564 1 1.40104 0.470192 403 0 1502 0.0615419 -0.331616 0.0502576 -0.538904 -4.09795 108.282 
1.44672 0.930918 96724 1 1.40104 0.470192 404 0 1506 0.0613247 -0.329315 0.0503172 -0.533852 -4.10489 108.46 
1.37927 0.968578 96804 1 1.40104 0.470192 405 0 1508 0.0609228 -0.327927 0.0556829 -0.499518 -4.14546 108.5 
0.967701 0.935798 96844 1 1.40104 0.470192 406 0 1509 0.0605947 -0.326675 0.0559494 -0.495852 -4.14754 108.553 
0.967701 0.935798 96844 1 1.40104 0.470192 407 0 1509 0.0605947 -0.326675 0.0559494 -0.495852 -4.14754 108.553 
1.04191 -0.767939 96884 1 1.40104 0.470192 408 0 1510 0.0601339 -0.329682 0.056743 -0.519961 -4.14516 108.461 
0.647849 -0.65857 97044 1 1.40104 0.470192 409 0 1514 0.0608644 -0.326888 0.0577198 -0.498854 -4.14369 108.578 
0.847084 -1.17409 97125 1 1.40104 0.470192 410 0 1516 0.0604166 -0.326545 0.057713 -0.506406 -4.12874 108.52 
0.827352 -1.20995 97164 1 1.40104 0.470192 411 0 1517 0.0602133 -0.325476 0.0566786 -0.513962 -4.125 108.525 
0.827352 -1.20995 97164 1 1.40104 0.470192 412 0 1517 0.0602133 -0.325476 0.0566786 -0.513962 -4.125 108.525 
0.911745 -1.14722 97325 1 1.40104 0.470192 413 0 1521 0.0609097 -0.325277 0.0565563 -0.527952 -4.1152 108.589 
0.918456 -1.14982 97405 1 1.40104 0.470192 414 0 1523 0.0613078 -0.325869 0.0546797 -0.537365 -4.09824 108.504 
0.926849 -1.12818 97445 1 1.40104 0.470192 415 0 1524 0.0610118 -0.325739 0.0539808 -0.543013 -4.0877 108.485 
0.933454 -1.12491 97486 1 1.40104 0.470192 416 0 1525 0.0614821 -0.325147 0.0541884 -0.532803 -4.09456 108.487 
0.933454 -1.12491 97486 1 1.40104 0.470192 417 0 1525 0.0614821 -0.325147 0.0541884 -0.532803 -4.09456 108.487 
0.897622 -1.11548 97645 1 1.40104 0.470192 418 0 1529 0.0610822 -0.326849 0.0523327 -0.580753 -4.06136 108.429 
0.903343 -1.11541 97726 1 1.40104 0.470192 419 0 1531 0.0612545 -0.32841 0.0543859 -0.59362 -4.06976 108.4 
0.893734 -1.11165 97806 1 1.40104 0.470192 420 0 1533 0.0608617 -0.331255 0.052882 -0.598877 -4.07099 108.311 
0.893734 -1.11165 97806 1 1.40104 0.470192 421 0 1533 0.0608617 -0.331255 0.052882 -0.598877 -4.07099 108.311 
0.893734 -1.11165 97806 1 1.40104 0.470192 422 0 1533 0.0608617 -0.331255 0.052882 -0.598877 -4.07099 108.311 
0.888049 -1.08519 97966 1 1.40104 0.470192 423 0 1537 0.0596915 -0.335701 0.0545921 -0.629003 -4.07714 108.065 
0.854724 -1.05156 98046 1 1.40104 0.470192 424 0 1539 0.0588067 -0.338594 0.055823 -0.659681 -4.07737 107.76 
0.871292 -1.10314 98126 1 1.40104 0.470192 425 0 1541 0.0597819 -0.338614 0.0533011 -0.658129 -4.04373 107.724 
0.871292 -1.10314 98126 1 1.40104 0.470192 426 0 1541 0.0597819 -0.338614 0.0533011 -0.658129 -4.04373 107.724 
0.871292 -1.10314 98126 1 1.40104 0.470192 427 0 1541 0.0597819 -0.338614 0.0533011 -0.658129 -4.04373 107.724 
-0.0704313 -0.124706 98326 1 1.40104 0.470192 428 1 1546 0.0601119 -0.318648 0.053424 -0.495866 -4.07366 108.417 
-0.0332936 -0.662109 98366 1 1.40104 0.470192 429 0 1547 0.061415 -0.331858 0.0566962 -0.610966 -4.04317 107.583 
-0.185861 -1.27146 98447 1 1.40104 0.470192 430 0 1549 0.0645322 -0.365364 0.0513769 -0.86042 -3.86592 106.078 
-0.185861 -1.27146 98447 1 1.40104 0.470192 431 0 1549 0.0645322 -0.365364 0.0513769 -0.86042 -3.86592 106.078 
-0.151868 -0.83972 98567 1 1.40104 0.470192 432 0 1552 0.0683456 -0.306314 0.0675916 -0.455385 -4.12583 107.727 
-0.116312 -0.842232 98648 1 1.40104 0.470192 433 0 1554 0.0656885 -0.296746 0.0659096 -0.346798 -4.2179 108.967 
-0.481418 -1.16792 98727 1 1.40104 0.470192 434 0 1556 0.0634475 -0.296868 0.0752729 -0.326859 -4.26122 108.858 
-0.544703 -1.30223 98769 1 1.40104 0.470192 435 0 1557 0.0622542 -0.304506 0.0754605 -0.369133 -4.26227 108.778 
-0.544703 -1.30223 98769 1 1.40104 0.470192 436 0 1557 0.0622542 -0.304506 0.0754605 -0.369133 -4.26227 108.778 
-0.971752 -1.58282 98928 1 1.40104 0.470192 437 0 1561 0.0662371 -0.330284 0.0697005 -0.46777 -4.1722 108.169 
-1.0541 -1.69181 99009 1 1.40104 0.470192 438 0 1563 0.0657282 -0.330179 0.0721498 -0.472105 -4.17364 108.195 
-1.21452 -1.7948 99048 1 1.40104 0.470192 439 0 1564 0.0646777 -0.327368 0.075206 -0.440119 -4.19768 108.195 
-1.46378 -2.04268 99088 1 1.40104 0.470192 440 0 1565 0.0654356 -0.329098 0.0732912 -0.446582 -4.19035 108.236 
-1.46378 -2.04268 99088 1 1.40104 0.470192 441 0 1565 0.0654356 -0.329098 0.0732912 -0.446582 -4.19035 108.236 
-1.51313 -2.03792 99248 1 1.40104 0.470192 442 0 1569 0.0634194 -0.328162 0.0744509 -0.411024 -4.20024 108.213 
-1.48697 -2.38615 99329 1 1.40104 0.470192 443 0 1571 0.0651829 -0.328307 0.0736927 -0.407107 -4.19371 108.206 
-1.57418 -2.54891 99369 1 1.40104 0.470192 444 0 1572 0.0651611 -0.328442 0.0734225 -0.403032 -4.19372 108.251 
-1.21813 -2.71723 99409 1 1.40104 0.470192 445 0 1573 0.0628638 -0.328277 0.0772531 -0.406872 -4.21766 108.288 
-1.21813 -2.71723 99409 1 1.40104 0.470192 446 0 1573 0.0628638 -0.328277 0.0772531 -0.406872 -4.21766 108.288 
-1.27571 2.84665 99448 1 1.40104 0.470192 447 0 1574 0.0628675 -0.329693 0.0770569 -0.419415 -4.1938 108.426 
0.0554637 1.8114 99651 1 1.40104 0.470192 448 0 1579 0.0623466 -0.333941 0.0828429 -0.469873 -4.15214 108.312 
-0.288969 1.07005 99730 1 1.40104 0.470192 449 0 1581 0.0632367 -0.340627 0.0813007 -0.536977 -4.11628 108.107 
-0.371297 0.432869 99770 1 1.40104 0.470192 450 0 1582 0.0630234 -0.335494 0.0775204 -0.510062 -4.09122 108.114 
-0.371297 0.432869 99770 1 1.40104 0.470192 451 0 1582 0.0630234 -0.335494 0.0775204 -0.510062 -4.09122 108.114 
-1.496 -2.54091 99929 1 1.40104 0.470192 452 0 1586 0.0634711 -0.33436 0.0766546 -0.51556 -4.09612 108.032 
-0.678377 -1.96061 100010 1 1.40104 0.470192 453 0 1588 0.0667468 -0.349028 0.0603908 -0.6741 -4.05203 107.872 
-0.658614 -1.98817 100090 1 1.40104 0.470192 454 0 1590 0.0667652 -0.344909 0.0585622 -0.69411 -4.08516 107.833 
-0.657158 -1.93781 100132 1 1.40104 0.470192 455 0 1591 0.065777 -0.34342 0.0574192 -0.70016 -4.08827 107.719 
-0.657158 -1.93781 100132 1 1.40104 0.470192 456 0 1591 0.065777 -0.34342 0.0574192 -0.70016 -4.08827 107.719 
-0.72069 -1.85443 100290 1 1.40104 0.470192 457 0 1595 0.0732549 -0.352645 0.0503708 -0.686559 -4.08595 107.202 
-0.698185 -1.826 100371 1 1.40104 0.470192 458 0 1597 0.0729122 -0.346961 0.0557314 -0.603704 -4.11559 107.418 
-0.65841 -1.76746 100411 1 1.40104 0.470192 459 0 1598 0.0728983 -0.346215 0.0556278 -0.595094 -4.10584 107.462 
-0.741731 -1.83745 100451 1 1.40104 0.470192 460 0 1599 0.0731784 -0.347449 0.0537907 -0.613482 -4.08182 107.519 
-0.741731 -1.83745 100451 1 1.40104 0.470192 461 0 1599 0.0731784 -0.347449 0.0537907 -0.613482 -4.08182 107.519 
0.416782 0.782554 100651 1 1.40104 0.470192 462 1 1604 0.0696446 -0.356753 0.0484057 -0.687488 -3.98116 107.319 
0.344123 0.726204 100691 1 1.40104 0.470192 463 0 1605 0.0703222 -0.356261 0.0494999 -0.689609 -3.98146 107.318 
0.325227 -0.375113 100771 1 1.40104 0.470192 464 0 1607 0.0705293 -0.356058 0.0511646 -0.711729 -3.98193 107.323 
0.325227 -0.375113 100771 1 1.40104 0.470192 465 0 1607 0.0705293 -0.356058 0.0511646 -0.711729 -3.98193 107.323 
-0.406202 -0.226367 100811 1 1.40104 0.470192 466 0 1608 0.0681131 -0.35917 0.0519638 -0.755546 -3.9787 107.207 
-0.512411 -1.55124 100972 1 1.40104 0.470192 467 0 1612 0.0679019 -0.34969 0.0514197 -0.778878 -3.96157 107.446 
-0.74474 -1.81158 101053 1 1.40104 0.470192 468 0 1614 0.069381 -0.340484 0.0484739 -0.763494 -3.95749 107.71 
-0.731513 -1.85057 101092 1 1.40104 0.470192 469 0 1615 0.0697794 -0.339268 0.0470591 -0.772301 -3.94448 107.769 
-0.731513 -1.85057 101092 1 1.40104 0.470192 470 0 1615 0.0697794 -0.339268 0.0470591 -0.772301 -3.94448 107.769 
-0.80619 -1.89995 101253 1 1.40104 0.470192 471 0 1619 0.0694855 -0.33897 0.0504338 -0.726319 -3.95265 107.803 
-0.864581 -1.89779 101333 1 1.40104 0.470192 472 0 1621 0.069787 -0.340101 0.0503205 -0.714369 -3.95607 107.746 
-0.823575 -1.83874 101373 1 1.40104 0.470192 473 0 1622 0.0698553 -0.340113 0.0503545 -0.71434 -3.95584 107.749 
-0.765897 -1.83713 101413 1 1.40104 0.470192 474 0 1623 0.0698217 -0.339405 0.0505451 -0.714078 -3.95363 107.763 
-0.765897 -1.83713 101413 1 1.40104 0.470192 475 0 1623 0.0698217 -0.339405 0.0505451 -0.714078 -3.95363 107.763 
0.416973 1.11529 101614 1 1.40104 0.470192 476 1 1628 0.0683043 -0.347679 0.0491069 -0.743417 -3.93462 107.613 
0.0440179 1.39647 101694 1 1.40104 0.470192 477 0 1630 0.0674134 -0.351257 0.0482633 -0.758478 -3.92931 107.478 
-3.52898 4.68431 101734 1 1.40104 0.470192 478 0 1631 0.066431 -0.352434 0.0480009 -0.764478 -3.92901 107.474 
-3.52898 4.68431 101734 1 1.40104 0.470192 479 0 1631 0.066431 -0.352434 0.0480009 -0.764478 -3.92901 107.474 
0.347315 1.18514 101773 1 1.40104 0.470192 480 1 1632 0.0669422 -0.353263 0.048967 -0.760958 -3.93509 107.511 
-1.17675 1.08637 101974 1 1.40104 0.470192 481 0 1637 0.0688763 -0.346433 0.0541273 -0.729081 -3.97377 107.616 
-0.861121 1.01245 102014 1 1.40104 0.470192 482 0 1638 0.0687208 -0.346344 0.0548283 -0.731088 -3.9756 107.694 
-0.555999 -0.673745 102095 1 1.40104 0.470192 483 0 1640 0.0668515 -0.353525 0.0490346 -0.782636 -3.91434 107.354 
-0.742703 -1.68952 102174 1 1.40104 0.470192 484 0 1642 0.0700509 -0.343624 0.0507715 -0.709661 -3.96163 107.861 
-0.73205 -1.77214 102214 1 1.40104 0.470192 485 0 1643 0.0704285 -0.341225 0.0532949 -0.694424 -3.98621 107.833 
-0.722732 -1.80525 102294 1 1.40104 0.470192 486 0 1645 0.0702982 -0.343938 0.0505956 -0.718168 -3.96812 107.849 
-0.722732 -1.80525 102294 1 1.40104 0.470192 487 0 1645 0.0702982 -0.343938 0.0505956 -0.718168 -3.96812 107.849 
-0.807464 -1.86057 102455 1 1.40104 0.470192 488 0 1649 0.0705841 -0.345149 0.0515827 -0.709612 -3.96035 107.842 
-0.813906 -1.88527 102495 1 1.40104 0.470192 489 0 1650 0.0705298 -0.345227 0.0516386 -0.709036 -3.95991 107.846 
-0.796166 -1.87535 102575 1 1.40104 0.470192 490 0 1652 0.0702428 -0.343835 0.0512711 -0.682106 -3.96408 107.893 
-0.937603 -1.82719 102615 1 1.40104 0.470192 491 0 1653 0.0695569 -0.344632 0.0486266 -0.6846 -3.94873 107.862 
-0.937603 -1.82719 102615 1 1.40104 0.470192 492 0 1653 0.0695569 -0.344632 0.0486266 -0.6846 -3.94873 107.862 
0.477639 0.825649 102775 1 1.40104 0.470192 493 1 1657 0.0668032 -0.353676 0.0461293 -0.758346 -3.91392 107.662 
0.438947 1.04523 102856 1 1.40104 0.470192 494 1 1659 0.0672924 -0.355172 0.0462843 -0.760732 -3.91891 107.566 
0.434465 1.09134 102896 1 1.40104 0.470192 495 1 1660 0.0667167 -0.353429 0.0492182 -0.73836 -3.93599 107.598 
0.45842 1.16671 102936 1 1.40104 0.470192 496 1 1661 0.0670846 -0.354545 0.0461687 -0.745371 -3.90641 107.546 
0.45842 1.16671 102936 1 1.40104 0.470192 497 1 1661 0.0670846 -0.354545 0.0461687 -0.745371 -3.90641 107.546 
0.679581 1.07391 103138 1 1.40104 0.470192 498 1 1666 0.0687084 -0.354065 0.049646 -0.710618 -3.92138 107.551 
0.645463 0.966502 103216 1 1.40104 0.470192 499 1 1668 0.0682315 -0.35546 0.0479563 -0.727437 -3.91142 107.542 
0.621425 0.888474 103256 1 1.40104 0.470192 500 1 1669 0.0685426 -0.355231 0.0473641 -0.725353 -3.90356 107.497 
0.531583 0.898377 103337 1 1.40104 0.470192 501 1 1671 0.068006 -0.357499 0.049101 -0.743638 -3.9098 107.479 
0.489055 0.649922 103416 1 1.40104 0.470192 502 0 1673 0.0678282 -0.35618 0.0497356 -0.734107 -3.90997 107.535 
0.294181 -0.342577 103456 1 1.40104 0.470192 503 0 1674 0.0682985 -0.360555 0.0445088 -0.771299 -3.87375 107.518 
-0.405911 -1.6192 103537 1 1.40104 0.470192 504 0 1676 0.0708068 -0.344746 0.0508962 -0.658416 -3.9472 107.915 
-0.367177 -1.57778 103617 1 1.40104 0.470192 505 0 1678 0.0706852 -0.343476 0.0521487 -0.651002 -3.96034 107.936 
-0.342357 -1.55502 103657 1 1.40104 0.470192 506 0 1679 0.0703755 -0.342528 0.0521481 -0.650841 -3.96398 107.948 
-0.270413 -1.4864 103738 1 1.40104 0.470192 507 0 1681 0.0703755 -0.342528 0.0521481 -0.650841 -3.96398 107.948 
-0.257251 -1.48021 103817 1 1.40104 0.470192 508 0 1683 0.0707259 -0.3438 0.0512381 -0.654752 -3.97271 107.907 
-0.257251 -1.48021 103817 1 1.40104 0.470192 509 0 1683 0.0707259 -0.3438 0.0512381 -0.654752 -3.97271 107.907 
-0.252824 -1.45078 103937 1 1.40104 0.470192 510 0 1686 0.0706446 -0.347486 0.0509048 -0.671845 -3.9697 107.883 
-0.0998794 -0.133933 104018 1 1.40104 0.470192 511 1 1688 0.0691241 -0.348835 0.0525793 -0.676482 -3.98449 107.745 
-0.401584 0.725012 104099 1 1.40104 0.470192 512 0 1690 0.0700772 -0.349625 0.0525687 -0.679454 -3.98249 107.749 
-0.252175 -0.037647 104137 1 1.40104 0.470192 513 0 1691 0.0679918 -0.355852 0.0499209 -0.719399 -3.96558 107.605 
-0.252175 -0.037647 104137 1 1.40104 0.470192 514 0 1691 0.0679918 -0.355852 0.0499209 -0.719399 -3.96558 107.605 
-0.235314 -1.51504 104299 1 1.40104 0.470192 515 0 1695 0.0706359 -0.348521 0.0472017 -0.676243 -3.94718 107.888 
-0.17257 -1.5141 104378 1 1.40104 0.470192 516 0 1697 0.0707821 -0.349333 0.0491086 -0.673023 -3.95906 107.923 
-0.193165 -1.50854 104420 1 1.40104 0.470192 517 0 1698 0.0704879 -0.349504 0.0498182 -0.675352 -3.96548 107.89 
-0.190049 -1.54718 104459 1 1.40104 0.470192 518 0 1699 0.0711384 -0.349357 0.0483446 -0.671617 -3.96216 107.899 
-0.190049 -1.54718 104459 1 1.40104 0.470192 519 0 1699 0.0711384 -0.349357 0.0483446 -0.671617 -3.96216 107.899 
-0.161669 -1.50356 104659 1 1.40104 0.470192 520 0 1704 0.0710092 -0.349921 0.050212 -0.664015 -3.97971 107.847 
-0.243008 -1.25332 104739 1 1.40104 0.470192 521 0 1706 0.0710849 -0.35105 0.0494744 -0.680979 -3.97083 107.878 
-0.248366 -1.24209 104779 1 1.40104 0.470192 522 0 1707 0.0706643 -0.350901 0.0495014 -0.682636 -3.96864 107.885 
-0.248366 -1.24209 104779 1 1.40104 0.470192 523 0 1707 0.0706643 -0.350901 0.0495014 -0.682636 -3.96864 107.885 
-0.229401 -1.35932 104900 1 1.40104 0.470192 524 0 1710 0.0679323 -0.359354 0.0464421 -0.74468 -3.93922 107.636 
-0.296527 -1.24123 105020 1 1.40104 0.470192 525 0 1713 0.0706958 -0.349691 0.0489761 -0.681882 -3.94907 107.877 
-0.272905 -1.21801 105061 1 1.40104 0.470192 526 0 1714 0.0707709 -0.349671 0.0490528 -0.682012 -3.94853 107.883 
-0.303274 -1.25694 105100 1 1.40104 0.470192 527 0 1715 0.0706969 -0.348181 0.050388 -0.663838 -3.95389 107.934 
-0.303274 -1.25694 105100 1 1.40104 0.470192 528 0 1715 0.0706969 -0.348181 0.050388 -0.663838 -3.95389 107.934 
-0.30423 -1.22023 105260 1 1.40104 0.470192 529 0 1719 0.0709809 -0.351029 0.0517654 -0.666001 -3.97899 107.832 
0.154957 -1.29915 105340 1 1.40104 0.470192 530 0 1721 0.0717228 -0.351234 0.0525259 -0.665529 -3.97304 107.918 
0.192354 -1.34876 105420 1 1.40104 0.470192 531 0 1723 0.0717228 -0.351234 0.0525259 -0.665529 -3.97304 107.918 
0.192354 -1.34876 105420 1 1.40104 0.470192 532 0 1723 0.0717228 -0.351234 0.0525259 -0.665529 -3.97304 107.918 
0.158352 -1.38664 105461 1 1.40104 0.470192 533 0 1724 0.0717474 -0.351248 0.0525928 -0.66546 -3.97253 107.924 
0.114282 -1.4246 105621 1 1.40104 0.470192 534 0 1728 0.0720809 -0.348676 0.0525961 -0.642669 -3.96021 108.053 
0.0617427 -1.30934 105701 1 1.40104 0.470192 535 0 1730 0.0709146 -0.349157 0.0542856 -0.632965 -3.97676 107.981 
0.0975386 -1.38582 105741 1 1.40104 0.470192 536 0 1731 0.0709943 -0.349175 0.0537912 -0.626264 -3.97728 107.944 
0.0975386 -1.38582 105741 1 1.40104 0.470192 537 0 1731 0.0709943 -0.349175 0.0537912 -0.626264 -3.97728 107.944 
0.056396 -1.43908 105902 1 1.40104 0.470192 538 0 1735 0.0705748 -0.348402 0.0542375 -0.625508 -3.96999 108.021 
0.0829899 -1.43668 105942 1 1.40104 0.470192 539 0 1736 0.0715004 -0.347458 0.0562169 -0.622559 -3.97841 108.023 
0.11448 -1.46695 106022 1 1.40104 0.470192 540 0 1738 0.0707675 -0.348508 0.055344 -0.63421 -3.97589 107.997 
0.133506 -1.46172 106061 1 1.40104 0.470192 541 0 1739 0.0713591 -0.346575 0.05398 -0.629721 -3.9594 108.014 
0.133506 -1.46172 106061 1 1.40104 0.470192 542 0 1739 0.0713591 -0.346575 0.05398 -0.629721 -3.9594 108.014 
0.655576 0.419767 106222 1 1.40104 0.470192 543 1 1743 0.0693027 -0.352673 0.0527151 -0.670377 -3.92242 107.992 
0.638142 0.377906 106302 1 1.40104 0.470192 544 0 1745 0.0688609 -0.356807 0.0523839 -0.69981 -3.92745 107.697 
0.608857 0.377739 106342 1 1.40104 0.470192 545 0 1746 0.0686962 -0.357763 0.0502354 -0.707552 -3.92016 107.699 
0.574077 0.408978 106382 1 1.40104 0.470192 546 0 1747 0.0684916 -0.357558 0.050739 -0.711782 -3.92435 107.675 
0.574077 0.408978 106382 1 1.40104 0.470192 547 0 1747 0.0684916 -0.357558 0.050739 -0.711782 -3.92435 107.675 
0.808232 0.322807 106542 1 1.40104 0.470192 548 0 1751 0.0706964 -0.346721 0.0533361 -0.651274 -3.94235 108.131 
0.649081 0.512852 106623 1 1.40104 0.470192 549 0 1753 0.0689031 -0.356454 0.0525249 -0.711132 -3.92461 107.754 
0.172679 0.152028 106703 1 1.40104 0.470192 550 1 1755 0.0682746 -0.361186 0.0505678 -0.756979 -3.90757 107.48 
0.172679 0.152028 106703 1 1.40104 0.470192 551 1 1755 0.0682746 -0.361186 0.0505678 -0.756979 -3.90757 107.48 
0.172679 0.152028 106703 1 1.40104 0.470192 552 1 1755 0.0682746 -0.361186 0.0505678 -0.756979 -3.90757 107.48 
0.06878 -0.867698 106863 1 1.40104 0.470192 553 0 1759 0.0683311 -0.360994 0.0475298 -0.75564 -3.91055 107.522 
0.0528626 -1.46452 106943 1 1.40104 0.470192 554 0 1761 0.0703058 -0.346236 0.0500439 -0.663329 -3.95647 108.018 
0.0639874 -1.44515 107023 1 1.40104 0.470192 555 0 1763 0.0704227 -0.344424 0.0501924 -0.648404 -3.95905 108.04 
0.0799566 -1.30736 107104 1 1.40104 0.470192 556 0 1765 0.070482 -0.341624 0.0526376 -0.626032 -3.98173 108.028 
0.137988 -1.51094 107184 1 1.40104 0.470192 557 0 1767 0.07077 -0.341488 0.0533784 -0.628817 -3.97616 108.052 
0.144481 -1.49672 107223 1 1.40104 0.470192 558 0 1768 0.0708276 -0.341494 0.0534442 -0.628858 -3.97569 108.055 
0.144481 -1.49672 107223 1 1.40104 0.470192 559 0 1768 0.0708276 -0.341494 0.0534442 -0.628858 -3.97569 108.055 
0.0508933 -1.40662 107384 1 1.40104 0.470192 560 0 1772 0.0705588 -0.349015 0.0501617 -0.673468 -3.96798 107.925 
0.0741687 -1.38526 107424 1 1.40104 0.470192 561 0 1773 0.0705588 -0.349015 0.0501617 -0.673468 -3.96798 107.925 
0.0447469 -1.3982 107506 1 1.40104 0.470192 562 0 1775 0.0705556 -0.349056 0.0502178 -0.673183 -3.96754 107.928 
0.0459511 -1.36883 107545 1 1.40104 0.470192 563 0 1776 0.0696546 -0.350224 0.0496696 -0.675501 -3.96796 107.914 
0.0459511 -1.36883 107545 1 1.40104 0.470192 564 0 1776 0.0696546 -0.350224 0.0496696 -0.675501 -3.96796 107.914 
0.73189 -1.19742 107704 1 1.40104 0.470192 565 0 1780 0.0690238 -0.360154 0.0466948 -0.737483 -3.91439 107.656 
0.708694 -1.15893 107785 1 1.40104 0.470192 566 0 1782 0.0676594 -0.364978 0.0465802 -0.771325 -3.89059 107.469 
0.719444 -1.1513 107825 1 1.40104 0.470192 567 0 1783 0.067693 -0.363794 0.048363 -0.762053 -3.90386 107.508 
0.720714 -1.13716 107865 1 1.40104 0.470192 568 0 1784 0.0678078 -0.364578 0.0462598 -0.766426 -3.89396 107.425 
0.720714 -1.13716 107865 1 1.40104 0.470192 569 0 1784 0.0678078 -0.364578 0.0462598 -0.766426 -3.89396 107.425 
0.71158 -1.11417 108025 1 1.40104 0.470192 570 0 1788 0.0680145 -0.364462 0.0482931 -0.766943 -3.90887 107.522 
0.709405 -1.12589 108105 1 1.40104 0.470192 571 0 1790 0.0671434 -0.363809 0.0457467 -0.76792 -3.89892 107.534 
0.585703 -0.982966 108145 1 1.40104 0.470192 572 0 1791 0.0671202 -0.363759 0.0450598 -0.77124 -3.89891 107.492 
0.419876 -0.891929 108186 1 1.40104 0.470192 573 0 1792 0.0671708 -0.365372 0.0444746 -0.778167 -3.89702 107.395 
0.419876 -0.891929 108186 1 1.40104 0.470192 574 0 1792 0.0671708 -0.365372 0.0444746 -0.778167 -3.89702 107.395 
0.213685 -0.907711 108345 1 1.40104 0.470192 575 0 1796 0.0677556 -0.364481 0.0460584 -0.746229 -3.89955 107.452 
0.031039 -0.9174 108426 1 1.40104 0.470192 576 0 1798 0.0678162 -0.364447 0.048733 -0.734399 -3.91455 107.452 
0.0213129 -0.907597 108506 1 1.40104 0.470192 577 0 1800 0.0682414 -0.360422 0.0500907 -0.696734 -3.93724 107.497 
0.0213129 -0.907597 108506 1 1.40104 0.470192 578 0 1800 0.0682414 -0.360422 0.0500907 -0.696734 -3.93724 107.497 
0.019766 -0.905021 108546 1 1.40104 0.470192 579 0 1801 0.0680537 -0.362417 0.0508788 -0.709892 -3.9395 107.48 
-0.981965 1.49887 108706 1 1.40104 0.466346 580 0 1805 0.0673651 -0.363972 0.0516533 -0.715107 -3.95014 107.416 
-0.314678 0.861783 108746 1 1.40104 0.466346 581 0 1806 0.0676421 -0.364372 0.0498123 -0.716377 -3.93333 107.434 
0.0374278 -0.484564 108827 1 1.40104 0.466346 582 0 1808 0.0679826 -0.36226 0.050392 -0.699648 -3.94739 107.533 
0.0374278 -0.484564 108827 1 1.40104 0.466346 583 0 1808 0.0679826 -0.36226 0.050392 -0.699648 -3.94739 107.533 
0.145063 -0.910886 108988 1 1.40104 0.466346 584 0 1812 0.0684147 -0.357961 0.054349 -0.669079 -3.96572 107.554 
0.149078 -0.934789 109028 1 1.40104 0.466346 585 0 1813 0.0682717 -0.360233 0.0507207 -0.683319 -3.93429 107.508 
0.0578863 -0.857305 109107 1 1.40104 0.466346 586 0 1815 0.0681989 -0.358698 0.0539101 -0.683039 -3.94816 107.526 
0.0328602 -0.879869 109188 1 1.40104 0.466346 587 0 1817 0.0675418 -0.35977 0.0530272 -0.691031 -3.92688 107.559 
0.0328602 -0.879869 109188 1 1.40104 0.466346 588 0 1817 0.0675418 -0.35977 0.0530272 -0.691031 -3.92688 107.559 
0.0328602 -0.879869 109188 1 1.40104 0.466346 589 0 1817 0.0675418 -0.35977 0.0530272 -0.691031 -3.92688 107.559 
0.171931 -1.15181 109388 1 1.40104 0.466346 590 0 1822 0.0679568 -0.360762 0.0531861 -0.703926 -3.90914 107.626 
0.138227 -0.918553 109428 1 1.40104 0.466346 591 0 1823 0.0671134 -0.360945 0.0529276 -0.709829 -3.90431 107.58 
-1.0052 1.5343 109508 1 1.40104 0.466346 592 0 1825 0.069378 -0.346425 0.0600854 -0.605462 -3.97359 107.984 
-1.0052 1.5343 109508 1 1.40104 0.466346 593 0 1825 0.069378 -0.346425 0.0600854 -0.605462 -3.97359 107.984 
-0.327077 0.7728 109548 1 1.40104 0.466346 594 0 1826 0.069714 -0.34828 0.0559979 -0.616069 -3.95231 108.025 
0.174041 -0.963915 109709 1 1.40104 0.466346 595 0 1830 0.0679136 -0.359134 0.0554683 -0.687308 -3.93394 107.662 
0.205237 -1.09817 109789 1 1.40104 0.466346 596 0 1832 0.0687301 -0.359981 0.053935 -0.698395 -3.92188 107.627 
0.247222 -1.12575 109829 1 1.40104 0.466346 597 0 1833 0.0686054 -0.358894 0.0542156 -0.692558 -3.92035 107.66 
0.247222 -1.12575 109829 1 1.40104 0.466346 598 0 1833 0.0686054 -0.358894 0.0542156 -0.692558 -3.92035 107.66 
0.253926 -1.21175 109948 1 1.40104 0.466346 599 0 1836 0.0681059 -0.361262 0.0515004 -0.717516 -3.90082 107.646 
0.13007 -1.19205 110029 1 1.40104 0.466346 600 0 1838 0.067825 -0.361406 0.0522839 -0.713007 -3.91407 107.613 
0.109211 -1.24314 110109 1 1.40104 0.466346 601 0 1840 0.0683653 -0.361873 0.0510059 -0.722538 -3.91687 107.621 
0.119069 -1.22668 110149 1 1.40104 0.466346 602 0 1841 0.0678417 -0.360056 0.053099 -0.709463 -3.92541 107.6 
0.119069 -1.22668 110149 1 1.40104 0.466346 603 0 1841 0.0678417 -0.360056 0.053099 -0.709463 -3.92541 107.6 
0.138933 -1.44552 110310 1 1.40104 0.466346 604 0 1845 0.0705121 -0.346965 0.0535866 -0.613979 -3.97232 108.066 
0.137725 -1.48672 110391 1 1.40104 0.466346 605 0 1847 0.0701571 -0.346619 0.0531726 -0.622659 -3.96421 108.101 
0.48032 -1.42307 110470 1 1.40104 0.466346 606 0 1849 0.0702468 -0.346436 0.0540127 -0.624927 -3.96105 108.136 
0.48032 -1.42307 110470 1 1.40104 0.466346 607 0 1849 0.0702468 -0.346436 0.0540127 -0.624927 -3.96105 108.136 
0.48032 -1.42307 110470 1 1.40104 0.466346 608 0 1849 0.0702468 -0.346436 0.0540127 -0.624927 -3.96105 108.136 
0.48526 -1.38498 110671 1 1.40104 0.466346 609 0 1854 0.0706818 -0.348128 0.0522798 -0.638829 -3.96197 108.075 
0.467985 -1.42816 110710 1 1.40104 0.466346 610 0 1855 0.0717247 -0.350309 0.0513051 -0.652969 -3.94488 108.01 
0.677775 -1.33162 110790 1 1.40104 0.466346 611 0 1857 0.074415 -0.357295 0.0548327 -0.687704 -3.95952 107.806 
0.677775 -1.33162 110790 1 1.40104 0.466346 612 0 1857 0.074415 -0.357295 0.0548327 -0.687704 -3.95952 107.806 
0.677775 -1.33162 110790 1 1.40104 0.466346 613 0 1857 0.074415 -0.357295 0.0548327 -0.687704 -3.95952 107.806 
0.630338 -1.11367 110991 1 1.40104 0.466346 614 0 1862 0.0753857 -0.398633 0.0344669 -1.14241 -3.84821 106.386 
0.659653 -1.14746 111031 1 1.40104 0.466346 615 0 1863 0.0759855 -0.388536 0.0358959 -1.09969 -3.91609 106.922 
-0.0338471 0.349106 111111 1 1.40104 0.466346 616 1 1865 0.0775112 -0.399239 0.0227705 -1.2135 -3.97999 106.177 
-0.0338471 0.349106 111111 1 1.40104 0.466346 617 1 1865 0.0775112 -0.399239 0.0227705 -1.2135 -3.97999 106.177 
-0.0338471 0.349106 111111 1 1.40104 0.466346 618 1 1865 0.0775112 -0.399239 0.0227705 -1.2135 -3.97999 106.177 
1.03525 -1.15441 111312 1 1.40104 0.466346 619 0 1870 0.0805317 -0.358353 0.015871 -0.947191 -4.17374 107.01 
1.22343 -1.5207 111392 1 1.40156 0.465385 620 0 1872 0.0791633 -0.342374 0.0189937 -0.818909 -4.19505 107.965 
1.28849 -1.5672 111471 1 1.40208 0.471154 621 0 1874 0.0820386 -0.331456 0.0233542 -0.756177 -4.27566 108.564 
1.03327 -1.28119 111511 1 1.40208 0.471154 622 0 1875 0.0805313 -0.326893 0.0212163 -0.771815 -4.3099 108.737 
1.01727 -1.26968 111592 1 1.40208 0.471154 623 0 1877 0.0832521 -0.317838 0.0206571 -0.809375 -4.42446 108.775 
0.941081 -1.26604 111674 1 1.40208 0.471154 624 0 1879 0.084184 -0.328078 0.0140069 -0.915649 -4.43097 108.669 
0.941081 -1.26604 111674 1 1.40208 0.471154 625 0 1879 0.084184 -0.328078 0.0140069 -0.915649 -4.43097 108.669 
0.941081 -1.26604 111674 1 1.40208 0.471154 626 0 1879 0.084184 -0.328078 0.0140069 -0.915649 -4.43097 108.669 
0.747728 -1.25099 111872 1 1.40208 0.471154 627 0 1884 0.0804323 -0.349666 0.00277213 -1.15387 -4.33968 107.824 
0.979202 -1.63912 111913 1 1.40208 0.471154 628 0 1885 0.0811487 -0.352773 0.00136539 -1.19311 -4.325 107.713 
0.923117 -1.58857 111953 1 1.40208 0.471154 629 0 1886 0.0802389 -0.355449 -0.00216171 -1.24827 -4.29302 107.449 
0.923117 -1.58857 111953 1 1.40208 0.471154 630 0 1886 0.0802389 -0.355449 -0.00216171 -1.24827 -4.29302 107.449 
-1.80377 1.23016 112113 1 1.40208 0.471154 631 0 1890 0.0779469 -0.354813 -0.00618042 -1.31467 -4.2885 107.249 
-0.52535 -0.667955 112194 1 1.40208 0.471154 632 0 1892 0.07749 -0.345955 -0.00881477 -1.28356 -4.45629 107.444 
-0.453374 -1.51242 112273 1 1.40208 0.471154 633 0 1894 0.0796249 -0.33432 -0.00620286 -1.13094 -4.67432 107.405 
-1.07692 -1.4704 112353 1 1.40208 0.471154 634 0 1896 0.082351 -0.365029 -0.0119002 -1.2897 -4.6741 106.548 
-1.04207 -1.46852 112394 1 1.40208 0.471154 635 0 1897 0.0820215 -0.362219 -0.00949842 -1.24874 -4.66943 106.472 
-0.912024 -1.51738 112474 1 1.40208 0.471154 636 0 1899 0.0818285 -0.354381 -0.00744183 -1.17697 -4.64282 106.532 
-1.00551 -1.56318 112514 1 1.40208 0.471154 637 0 1900 0.0817277 -0.354447 -0.00742192 -1.17641 -4.6427 106.529 
-1.00551 -1.56318 112514 1 1.4026 0.471154 638 0 1900 0.0817277 -0.354447 -0.00742192 -1.17641 -4.6427 106.529 
-1.62533 -1.8751 112674 1 1.40365 0.471154 639 0 1904 0.0764775 -0.352338 -0.00374225 -1.12712 -4.64799 106.356 
-1.89051 -1.92056 112755 1 1.34219 0.463462 640 0 1906 0.0751406 -0.361817 -0.000920365 -1.18787 -4.66049 106.194 
-1.57602 -1.56702 112794 1 1.28906 0.455769 641 0 1907 0.075719 -0.362745 -0.00138615 -1.19357 -4.67304 106.142 
-1.5496 1.0052 112834 1 1.26198 0.463462 642 0 1908 0.0749448 -0.36715 -0.00300197 -1.22933 -4.67537 105.832 
-1.5496 1.0052 112834 1 1.25469 0.474038 643 0 1908 0.0749448 -0.36715 -0.00300197 -1.22933 -4.67537 105.832 
-2.89442 2.77779 112875 1 1.25469 0.474038 644 0 1909 0.0765545 -0.364496 -0.00983087 -1.2463 -4.62954 105.591 
-0.204227 -0.912165 113074 1 1.25469 0.474038 645 0 1914 0.074987 -0.354539 -0.00783506 -1.2018 -4.61292 105.847 
-0.242755 -1.01847 113155 1 1.25469 0.474038 646 0 1916 0.0689511 -0.351519 -0.000440715 -1.12993 -4.6107 106.099 
-0.199304 -1.08922 113195 1 1.28542 0.460577 647 0 1917 0.0664888 -0.362764 -0.00660871 -1.20716 -4.53532 106.113 
-0.199304 -1.08922 113195 1 1.20938 0.440385 648 0 1917 0.0664888 -0.362764 -0.00660871 -1.20716 -4.53532 106.113 
-0.0947468 -1.17136 113357 1 0.867188 0.418269 649 0 1921 0.0682377 -0.352955 -0.0044381 -1.15522 -4.50404 106.315 
0.0371364 -0.181027 113396 1 0.605729 0.408654 650 1 1922 0.0676739 -0.334812 0.000756686 -1.02249 -4.54356 106.358 
-1.43523 1.36342 113476 1 0.553125 0.405769 651 0 1924 0.0669818 -0.35294 -0.00447285 -1.18256 -4.47627 106.365 
-0.329429 0.404254 113516 1 0.533854 0.441346 652 0 1925 0.0670277 -0.335057 -0.00182523 -1.0638 -4.5108 106.443 
-0.329429 0.404254 113516 1 0.521354 0.457692 653 0 1925 0.0670277 -0.335057 -0.00182523 -1.0638 -4.5108 106.443 
-0.00943623 -0.818882 113676 1 0.540104 0.445192 654 0 1929 0.0649413 -0.339301 -0.00120703 -1.12969 -4.47729 106.513 
-0.0229692 -0.977731 113756 1 0.557813 0.438462 655 0 1931 0.0641107 -0.34601 -0.00557557 -1.22555 -4.42966 106.525 
-0.0332998 -0.991629 113837 1 0.557813 0.438462 656 0 1933 0.062809 -0.344983 -0.00736167 -1.24915 -4.41078 106.422 
-0.0332998 -0.991629 113837 1 0.557813 0.438462 657 0 1933 0.062809 -0.344983 -0.00736167 -1.24915 -4.41078 106.422 
-0.0332998 -0.991629 113837 1 0.557813 0.438462 658 0 1933 0.062809 -0.344983 -0.00736167 -1.24915 -4.41078 106.422 
0.0206938 -1.10681 114036 1 0.557813 0.438462 659 0 1938 0.0628196 -0.343468 -0.00427205 -1.24589 -4.36618 106.736 
0.0284179 -1.13365 114076 1 0.557813 0.438462 660 0 1939 0.0616305 -0.345242 -0.00231016 -1.23212 -4.36185 106.699 
0.0296288 -1.16749 114157 1 0.565625 0.438462 661 0 1941 0.0638071 -0.345893 0.000230394 -1.20633 -4.36612 106.693 
0.0296288 -1.16749 114157 1 0.576562 0.439423 662 0 1941 0.0638071 -0.345893 0.000230394 -1.20633 -4.36612 106.693 
0.15978 -1.06083 114318 1 0.576562 0.439423 663 0 1945 0.0649712 -0.345664 0.00494831 -1.16651 -4.36044 106.739 
0.183095 -1.06821 114398 1 0.578646 0.439423 664 0 1947 0.0664006 -0.347197 0.0107961 -1.15075 -4.38187 107.155 
0.178468 -1.09903 114437 1 0.588021 0.426923 665 0 1948 0.067146 -0.349115 0.0140623 -1.17925 -4.4092 107.344 
0.136112 -1.05763 114478 1 0.538021 0.385577 666 0 1949 0.0689268 -0.351958 0.0174898 -1.22498 -4.45512 107.552 
0.136112 -1.05763 114478 1 0.444792 0.331731 667 0 1949 0.0689268 -0.351958 0.0174898 -1.22498 -4.45512 107.552 
-0.999072 0.634369 114638 1 0.366667 0.2875 668 0 1953 0.0689609 -0.353806 0.0248199 -1.50285 -4.53668 108.027 
0.189879 -0.919912 114718 1 0.323437 0.285577 669 0 1955 0.0704573 -0.328616 0.0411696 -1.39262 -4.40087 108.25 
0.257494 -1.45612 114799 1 0.292187 0.286538 670 0 1957 0.0879746 -0.312419 0.0795988 -1.1378 -4.322 109.494 
0.257494 -1.45612 114799 1 0.305729 0.294231 671 0 1957 0.0879746 -0.312419 0.0795988 -1.1378 -4.322 109.494 
-0.163598 -1.9186 114918 1 0.305729 0.294231 672 0 1960 0.121398 -0.238589 0.135297 -0.663229 -4.164 109.968 
-1.22966 -2.78122 114999 1 0.305729 0.290385 673 0 1962 0.116981 -0.278571 0.0305865 -1.21363 -3.47079 112.132 
-0.422132 -3.48937 115079 1 0.254688 0.296154 674 0 1964 0.131004 -0.139895 -0.12014 -0.456385 -2.52364 115.557 
0.933494 0.0425644 115119 1 0.21875 0.301923 675 0 1965 0.143893 0.0361272 -0.191809 0.556597 -2.02018 118.075 
1.24903 -0.552177 115158 1 0.213021 0.304808 676 0 1966 0.155149 0.153989 -0.249021 1.231 -1.53215 117.994 
2.19666 0.361421 115320 1 0.201563 0.311538 677 0 1970 0.193288 0.160181 -0.359307 1.09641 -1.0186 119.255 
5.60223 -0.333195 115359 1 0.191146 0.318269 678 0 1971 0.191616 0.162043 -0.316864 1.11365 -1.35108 119.428 
0.920326 1.24474 115440 1 0.188021 0.325 679 0 1973 0.181534 0.201044 -0.273354 1.1094 -1.84663 123.123 
0.920326 1.24474 115440 1 0.188021 0.325 680 0 1973 0.181534 0.201044 -0.273354 1.1094 -1.84663 123.123 
