ImageFile:
-0.131775 0.680028 69641 1 0.155208 0.193269 1 1 670 0.00147734 -0.019925 -0.059356 -0.20733 7.41999 156.239 
-0.108592 0.68676 69721 1 0.155208 0.193269 2 1 672 0.00188556 -0.0179929 -0.0591591 -0.175063 7.4176 156.241 
-0.113182 0.693175 69762 1 0.155208 0.193269 3 1 673 0.00167778 -0.017917 -0.0591433 -0.175909 7.4178 156.237 
-0.106248 0.642217 69842 1 0.155208 0.193269 4 1 675 0.00121655 -0.015525 -0.0576685 -0.155517 7.3897 156.209 
0.13354 0.143114 69922 1 0.155208 0.193269 5 1 677 -9.61204e-005 -0.0126751 -0.0586183 -0.0961995 7.40685 156.143 
0.146316 0.157805 70002 1 0.155208 0.199038 6 1 679 0.000247305 -0.011028 -0.0599536 -0.0708166 7.41867 156.12 
0.144869 0.175375 70042 1 0.159375 0.2625 7 1 680 0.000547543 -0.0110888 -0.0598207 -0.0698942 7.42035 156.093 
0.124597 0.174171 70122 1 0.192708 0.426923 8 1 682 0.000943028 -0.0107416 -0.0609941 -0.0752245 7.42902 156.042 
0.156104 0.138537 70203 1 0.196354 0.560577 9 1 684 0.000695986 -0.0105225 -0.0617037 -0.0826001 7.4361 155.9 
0.112391 0.0543762 70243 1 0.185417 0.684615 10 1 685 0.000865527 -0.0155208 -0.0641266 -0.164766 7.45925 155.62 
0.130975 0.0158312 70326 1 0.15 0.790385 11 1 687 0.00154308 -0.011804 -0.0670193 -0.127347 7.48318 155.232 
0.0102845 0.343739 70402 1 0.108854 0.866346 12 1 689 0.00219931 -0.0109883 -0.0671806 -0.136518 7.4887 154.832 
0.0194243 0.272049 70483 1 0.0833333 0.898077 13 1 691 0.00133793 -0.00712111 -0.0746987 -0.10411 7.55463 154.315 
0.0626416 0.350601 70563 1 0.0755208 0.917308 14 1 693 -0.000646644 -0.00459016 -0.0742495 -0.0704526 7.52983 154.433 
0.884773 4.04206 70684 1 0.0744792 0.939423 15 0 696 -0.00100444 -0.00363068 -0.065549 -0.0493453 7.41577 155.133 
-0.452498 2.44149 70763 1 0.0739583 0.944231 16 0 698 0.000992234 -0.00516982 -0.0570284 -0.0850653 7.3151 156.094 
-0.364292 2.15207 70803 1 0.0729167 0.950962 17 0 699 0.000741138 -0.00551054 -0.0538401 -0.0853635 7.27229 156.224 
-0.183891 2.0654 70884 1 0.0713542 0.960577 18 0 701 -0.000626545 -0.00127703 -0.0523937 -0.029104 7.27143 156.436 
-0.381438 2.04271 70964 1 0.0713542 0.9625 19 0 703 -0.000157178 -0.00302759 -0.0528229 -0.0319664 7.2938 156.485 
-0.352641 2.1031 71044 1 0.0713542 0.966346 20 0 705 -0.000445989 -0.00422246 -0.0461323 -0.0288969 7.2229 156.635 
-0.352641 2.1031 71044 1 0.0713542 0.969231 21 0 705 -0.000445989 -0.00422246 -0.0461323 -0.0288969 7.2229 156.635 
-0.340577 1.97164 71205 1 0.0713542 0.969231 22 0 709 0.000813868 -0.00534099 -0.047907 -0.0239757 7.26664 156.845 
-0.340344 2.0895 71285 1 0.0713542 0.969231 23 0 711 0.00165332 -0.00434724 -0.0440998 -0.0156114 7.23983 156.865 
0.0517284 2.09816 71365 1 0.0713542 0.969231 24 0 713 0.000371274 -0.0118308 -0.042911 -0.128613 7.20522 156.745 
0.0517284 2.09816 71365 1 0.0713542 0.969231 25 0 713 0.000371274 -0.0118308 -0.042911 -0.128613 7.20522 156.745 
0.799185 2.15376 71405 1 0.0713542 0.969231 26 0 714 0.000240031 -0.0140751 -0.0417519 -0.162521 7.17865 156.734 
-0.079106 0.641189 71565 1 0.0713542 0.969231 27 1 718 -0.000472271 -0.01143 -0.045697 -0.124382 7.26985 157.032 
-0.00533026 0.46602 71645 1 0.0713542 0.969231 28 1 720 0.000249248 -0.00913486 -0.0486282 -0.082618 7.31852 156.947 
-0.00250641 0.45206 71686 1 0.0713542 0.969231 29 1 721 0.00071114 -0.00837236 -0.0472644 -0.0744752 7.31467 157.142 
-0.00250641 0.45206 71686 1 0.0713542 0.969231 30 1 721 0.00071114 -0.00837236 -0.0472644 -0.0744752 7.31467 157.142 
-0.362098 1.8315 71845 1 0.0713542 0.969231 31 0 725 0.00127119 -0.00790788 -0.0433811 -0.0711945 7.29313 157.183 
-0.346527 1.8769 71925 1 0.0713542 0.969231 32 0 727 0.00112866 -0.00864998 -0.0413271 -0.0747087 7.27855 157.114 
-0.337345 1.8794 72006 1 0.0713542 0.969231 33 0 729 0.00160094 -0.00708666 -0.0428182 -0.0519209 7.30887 157.137 
-0.34896 1.8731 72046 1 0.0713542 0.969231 34 0 730 0.00210676 -0.00784706 -0.0434599 -0.0649246 7.31881 157.099 
-0.360368 1.90146 72126 1 0.0713542 0.969231 35 0 732 0.00234086 -0.00790331 -0.0429016 -0.068994 7.31032 156.975 
-0.369229 1.88519 72206 1 0.0713542 0.969231 36 0 734 0.00146501 -0.00579632 -0.044367 -0.0566959 7.33428 156.786 
-0.299326 1.8008 72246 1 0.0713542 0.969231 37 0 735 0.00172352 -0.00339723 -0.0458054 -0.0227809 7.34158 156.679 
-0.299326 1.8008 72246 1 0.0713542 0.969231 38 0 735 0.00172352 -0.00339723 -0.0458054 -0.0227809 7.34158 156.679 
-0.481767 1.77503 72407 1 0.0713542 0.969231 39 0 739 0.00220604 -0.00586445 -0.0477907 -0.0454338 7.34225 156.751 
-0.222108 0.728052 72487 1 0.0713542 0.969231 40 0 741 0.00273992 -0.00710739 -0.0473309 -0.0572518 7.33685 156.681 
-0.180067 0.484057 72567 1 0.0713542 0.969231 41 1 743 0.00259526 -0.00685138 -0.0489951 -0.0379647 7.35839 156.671 
-0.180067 0.484057 72567 1 0.0713542 0.969231 42 1 743 0.00259526 -0.00685138 -0.0489951 -0.0379647 7.35839 156.671 
-0.180067 0.484057 72567 1 0.0713542 0.969231 43 1 743 0.00259526 -0.00685138 -0.0489951 -0.0379647 7.35839 156.671 
-0.0122972 0.203749 72767 1 0.0713542 0.969231 44 1 748 0.00294402 -0.00582792 -0.0474902 -0.0280045 7.31957 156.656 
-0.0271384 0.275571 72848 1 0.0713542 0.969231 45 1 750 0.00220364 -0.0100438 -0.0474862 -0.0999643 7.29868 156.393 
-0.0389333 0.1793 72928 1 0.0713542 0.969231 46 1 752 0.00172994 -0.00774483 -0.0547941 -0.0815658 7.37421 156.372 
-0.0227069 0.103529 72967 1 0.0713542 0.969231 47 1 753 0.00162324 -0.00769496 -0.0554133 -0.0842788 7.37942 156.289 
-0.185499 -0.0290754 73088 1 0.0713542 0.969231 48 1 756 0.00183274 -0.0109208 -0.0635821 -0.156028 7.44813 155.742 
-0.25973 -0.0168647 73168 1 0.0713542 0.969231 49 0 758 0.00177533 -0.0141052 -0.0627323 -0.213287 7.42857 155.566 
-0.38799 -0.00618651 73249 1 0.0713542 0.969231 50 0 760 0.000398007 -0.0166452 -0.0614672 -0.222155 7.40917 155.646 
-0.399063 0.0504845 73289 1 0.0713542 0.969231 51 0 761 0.00121498 -0.0182392 -0.0593584 -0.230925 7.39151 155.79 
-0.366842 0.0715345 73368 1 0.0713542 0.969231 52 0 763 0.000605197 -0.0182393 -0.0574939 -0.205025 7.37885 156.157 
-0.307234 0.14945 73449 1 0.0713542 0.969231 53 0 765 -0.000305574 -0.0160043 -0.0533132 -0.155678 7.32991 156.348 
-0.31209 0.0436188 73489 1 0.0713542 0.969231 54 0 766 -0.00017177 -0.0151105 -0.0539406 -0.151783 7.34889 156.476 
-0.31209 0.0436188 73489 1 0.0713542 0.969231 55 0 766 -0.00017177 -0.0151105 -0.0539406 -0.151783 7.34889 156.476 
-1.92058 2.56024 73649 1 0.0713542 0.969231 56 0 770 6.5353e-005 -0.0118424 -0.050338 -0.117298 7.32543 156.809 
0.732602 1.97291 73729 1 0.0713542 0.969231 57 0 772 0.000122251 -0.0168117 -0.0411528 -0.220096 7.21288 156.982 
-0.187342 0.725882 73809 1 0.0713542 0.969231 58 1 774 -0.000762192 -0.01294 -0.0427306 -0.172608 7.25254 157.006 
-0.187342 0.725882 73809 1 0.0713542 0.969231 59 1 774 -0.000762192 -0.01294 -0.0427306 -0.172608 7.25254 157.006 
0.0530127 0.202244 73970 1 0.0713542 0.969231 60 1 778 -0.000909426 -0.0107839 -0.0415532 -0.129194 7.2391 157.026 
0.0517417 0.212263 74050 1 0.0713542 0.969231 61 1 780 -0.000575483 -0.0107075 -0.0417592 -0.130507 7.23593 157.023 
0.0340977 0.0845925 74132 1 0.0713542 0.969231 62 1 782 -0.000135383 -0.0123917 -0.0455463 -0.15413 7.29399 157.025 
0.00487838 0.088747 74210 1 0.0713542 0.969231 63 1 784 0.000985884 -0.0142358 -0.0468032 -0.203619 7.32769 157.025 
0.027705 0.0251082 74250 1 0.0713542 0.969231 64 1 785 0.000574793 -0.0149091 -0.0454678 -0.209831 7.31617 157.012 
-0.118852 0.277454 74331 1 0.0713542 0.969231 65 1 787 0.00237551 -0.0137153 -0.0470637 -0.204534 7.33831 156.967 
-0.391392 1.59297 74411 1 0.0713542 0.969231 66 0 789 0.00163967 -0.0137527 -0.0454956 -0.212012 7.31109 156.919 
-0.363503 1.58197 74491 1 0.0713542 0.969231 67 0 791 0.00261685 -0.0113565 -0.0479942 -0.159212 7.3382 156.88 
-0.35602 1.66297 74570 1 0.0713542 0.969231 68 0 793 0.00307351 -0.0104449 -0.0485222 -0.134559 7.34619 156.917 
-0.349654 1.76891 74651 1 0.0713542 0.969231 69 0 795 0.00329419 -0.0105424 -0.0485943 -0.131237 7.34286 156.854 
-0.358143 1.79221 74692 1 0.0713542 0.969231 70 0 796 0.00202148 -0.00894882 -0.0487266 -0.106062 7.33264 156.797 
-0.348468 1.85412 74771 1 0.0713542 0.969231 71 0 798 0.00176214 -0.0111198 -0.05035 -0.131058 7.33989 156.392 
-0.348468 1.85412 74771 1 0.0713542 0.969231 72 0 798 0.00176214 -0.0111198 -0.05035 -0.131058 7.33989 156.392 
0.586845 2.27163 74891 1 0.0713542 0.969231 73 0 801 -0.00042889 -0.00849748 -0.052682 -0.109939 7.37234 155.714 
-0.168549 0.293604 75012 1 0.0713542 0.969231 74 1 804 0.000402787 -0.00755087 -0.0586584 -0.0737215 7.47369 155.209 
-0.0344691 0.136503 75052 1 0.0755208 0.964423 75 1 805 -0.000708185 -0.00639168 -0.0602737 -0.0614923 7.4814 154.948 
0.114971 -0.0710967 75092 1 0.0755208 0.964423 76 1 806 -0.000344781 -0.00583053 -0.0638826 -0.0536723 7.52065 154.755 
0.114971 -0.0710967 75092 1 0.0755208 0.964423 77 1 806 -0.000344781 -0.00583053 -0.0638826 -0.0536723 7.52065 154.755 
0.183873 -0.096126 75252 1 0.0755208 0.964423 78 1 810 -0.00220081 -0.00112162 -0.0625442 -0.00117085 7.49346 154.642 
0.183997 -0.0564506 75332 1 0.065625 0.965385 79 1 812 -0.0029516 -0.00120678 -0.062213 0.000143053 7.49715 154.708 
0.185841 0.131321 75413 1 -0.028125 0.919231 80 1 814 -0.000390115 -0.00547896 -0.0497307 -0.049209 7.34027 155.56 
0.163785 0.16985 75493 1 -0.353125 0.769231 81 1 816 -0.000624165 -0.00492202 -0.0494435 -0.0510542 7.33437 155.72 
0.199261 0.242561 75572 1 -0.753646 0.485577 82 1 818 -0.00124185 -0.00501537 -0.0480491 -0.0448609 7.3033 155.933 
0.170796 0.215249 75613 1 -0.977604 0.326923 83 1 819 -0.00146559 -0.00741041 -0.0469007 -0.0639945 7.29987 156.059 
0.122675 0.256979 75693 1 -0.989062 0.309615 84 1 821 -0.000986403 -0.00990548 -0.0483999 -0.104546 7.30758 156.165 
0.144956 0.261925 75773 1 -0.989062 0.309615 85 1 823 -0.000250634 -0.0108482 -0.0470162 -0.110835 7.29371 156.365 
0.131134 0.274731 75853 1 -0.986458 0.315385 86 1 825 0.000356549 -0.0128273 -0.0449368 -0.136647 7.27371 156.429 
0.11687 0.291589 75934 1 -0.986458 0.305769 87 1 827 0.00118694 -0.0131002 -0.0446812 -0.132987 7.27772 156.458 
0.116371 0.278749 75975 1 -1 0.116346 88 1 828 0.00105761 -0.0131017 -0.0443465 -0.133041 7.28199 156.465 
0.126758 0.243818 76053 1 -1 0.00769231 89 1 830 0.000919663 -0.01141 -0.0451254 -0.111833 7.2887 156.77 
0.129948 0.241841 76134 1 -0.991146 0.00769231 90 1 832 0.000382213 -0.0103178 -0.0461895 -0.0978517 7.32658 156.892 
0.137298 0.221438 76214 1 -0.953125 0.00769231 91 1 834 0.00134528 -0.0120887 -0.0448931 -0.119061 7.32035 156.996 
0.146348 0.211848 76254 1 -0.933854 0.00769231 92 1 835 0.00188252 -0.0124018 -0.0447917 -0.115029 7.32159 156.896 
0.138384 0.231742 76334 1 -0.907813 0.00769231 93 1 837 0.00232325 -0.0122769 -0.0445081 -0.11669 7.32565 156.803 
0.135403 0.198973 76414 1 -0.839583 0.00769231 94 1 839 0.00245635 -0.0122038 -0.0444313 -0.116702 7.32466 156.773 
0.139639 0.218142 76494 1 -0.839063 0.00769231 95 1 841 0.00221874 -0.0123378 -0.0441641 -0.11511 7.32836 156.665 
0.114077 0.226367 76577 1 -0.839063 0.00769231 96 1 843 0.00207452 -0.0149292 -0.0455088 -0.1448 7.33799 156.514 
0.133244 0.16489 76655 1 -0.839063 0.00769231 97 1 845 0.00351584 -0.0136115 -0.0464478 -0.131814 7.37232 156.761 
0.105836 0.228487 76734 1 -0.855729 0.00769231 98 1 847 0.00210033 -0.0146827 -0.0437027 -0.137447 7.31167 156.574 
0.0995099 0.20113 76815 1 -0.919792 0.00769231 99 1 849 0.00170637 -0.0145573 -0.043276 -0.138986 7.31712 156.496 
0.0995254 0.201469 76855 1 -0.942708 0.00769231 100 1 850 0.00170177 -0.0145583 -0.0432789 -0.138974 7.31708 156.497 
0.105689 0.203556 76935 1 -0.942708 0.00769231 101 1 852 0.00185091 -0.0146679 -0.0432274 -0.137583 7.31773 156.49 
0.107064 0.202813 77016 1 -0.942708 0.00769231 102 1 854 0.00171063 -0.014666 -0.0431286 -0.137603 7.31903 156.471 
1.05691 0.888411 77096 1 -0.832292 0.00769231 103 1 856 0.00363152 -0.0144151 -0.0457849 -0.147177 7.3822 156.506 
1.05867 0.887417 77136 1 -0.490104 0.00769231 104 1 857 0.00359719 -0.0143989 -0.0457271 -0.147379 7.3829 156.496 
1.04928 0.91879 77256 1 -0.258854 0.00769231 105 1 860 0.00277403 -0.0138085 -0.0455573 -0.155523 7.38477 156.48 
1.02197 1.01576 77336 1 -0.208333 0.00769231 106 1 862 0.00263783 -0.0158374 -0.0438382 -0.195772 7.36168 156.502 
1.11817 0.982233 77416 1 -0.208333 0.00769231 107 1 864 0.00392819 -0.0136318 -0.047411 -0.185482 7.41042 156.618 
1.11533 0.934401 77456 1 -0.205729 0.00769231 108 1 865 0.00310442 -0.0105502 -0.0483233 -0.163722 7.43318 156.551 
1.12989 0.959543 77536 1 -0.198437 0.00769231 109 1 867 0.00373672 -0.011445 -0.0470857 -0.161028 7.4121 156.515 
1.13611 0.959518 77617 1 -0.184375 0.00769231 110 1 869 0.00239545 -0.00909107 -0.0484527 -0.137319 7.43658 156.405 
1.13006 0.956936 77679 1 -0.182812 0.00769231 111 1 870 0.00256794 -0.0087694 -0.0483897 -0.141253 7.43721 156.352 
1.11762 0.976865 77736 1 -0.182812 0.00769231 112 1 872 0.00192807 -0.00661871 -0.0482918 -0.109071 7.42811 156.204 
1.10572 0.985818 77817 1 -0.2125 0.0519231 113 1 874 0.00313079 -0.00801522 -0.0483129 -0.122053 7.43223 156.212 
1.12166 1.03004 77897 1 -0.310417 0.208654 114 1 876 0.00254385 -0.00582867 -0.0466474 -0.0920431 7.4004 156.113 
1.12205 1.05002 77977 1 -0.469271 0.457692 115 1 878 0.00295065 -0.00594026 -0.0476829 -0.098141 7.39978 156.044 
1.17143 1.02439 78057 1 -0.510417 0.476923 116 1 880 0.00216319 -0.00520936 -0.0481567 -0.106648 7.41232 156.002 
1.14112 0.979701 78137 1 -0.519271 0.476923 117 1 882 0.00220214 -0.00792447 -0.0499315 -0.148933 7.44149 155.995 
1.16761 0.9586 78177 1 -0.531771 0.475962 118 1 883 0.00342827 -0.00665093 -0.0518866 -0.129452 7.46177 155.969 
1.15136 0.956557 78218 1 -0.554688 0.475 119 1 884 0.00322443 -0.00644357 -0.0513444 -0.132136 7.46149 156.055 
1.15136 0.956557 78218 1 -0.566667 0.460577 120 1 884 0.00322443 -0.00644357 -0.0513444 -0.132136 7.46149 156.055 
1.08026 1.01349 78418 1 -0.572396 0.439423 121 1 889 0.00254709 -0.0113348 -0.0505133 -0.228987 7.43485 155.974 
1.10782 1.00114 78458 1 -0.575521 0.398077 122 1 890 0.0030515 -0.00800989 -0.0492444 -0.187065 7.4177 155.972 
1.13508 0.998643 78538 1 -0.565625 0.341346 123 1 892 0.00358996 -0.0082526 -0.0518672 -0.180656 7.43238 156.007 
0.984862 0.996016 78619 1 -0.55625 0.329808 124 1 894 0.00379295 -0.00713192 -0.0516667 -0.16751 7.42038 156.077 
1.01826 0.998556 78659 1 -0.55 0.335577 125 1 895 0.00448813 -0.00680195 -0.0496669 -0.164304 7.38715 155.967 
0.970432 1.06542 78739 1 -0.540104 0.351923 126 1 897 0.00436779 -0.00853271 -0.0474961 -0.211509 7.37727 155.968 
1.13753 1.0776 78818 1 -0.526563 0.3625 127 1 899 0.00511814 -0.00758919 -0.0469686 -0.198136 7.37729 156.041 
1.06872 1.10567 78899 1 -0.526042 0.3625 128 1 901 0.00288142 -0.00724126 -0.0471229 -0.215849 7.37009 155.978 
1.08293 1.0743 78939 1 -0.526042 0.3625 129 1 902 0.0041532 -0.00895489 -0.0469617 -0.25033 7.36457 156.086 
1.07959 1.07637 79019 1 -0.526042 0.3625 130 1 904 0.0040516 -0.00893636 -0.0469524 -0.250529 7.3647 156.082 
0.00153776 1.16444 79100 1 -0.526042 0.3625 131 1 906 0.00188331 -0.00621481 -0.0467098 -0.193699 7.35678 156.028 
-0.0164837 1.11914 79140 1 -0.526042 0.3625 132 1 907 0.00242733 -0.00752244 -0.0490351 -0.198884 7.38827 156.058 
-0.0432025 1.13641 79222 1 -0.526042 0.3625 133 1 909 0.0024007 -0.00914144 -0.048554 -0.20636 7.3935 156.135 
0.0105904 1.18933 79300 1 -0.526042 0.3625 134 1 911 0.00329691 -0.00904975 -0.0480421 -0.195766 7.37953 156.192 
0.00505418 1.19579 79380 1 -0.526042 0.3625 135 1 913 0.00317844 -0.00825504 -0.0501493 -0.197704 7.41103 156.151 
0.00538367 1.12644 79460 1 -0.526042 0.3625 136 1 915 0.00371292 -0.0100413 -0.051476 -0.212396 7.44604 156.066 
0.0129121 1.14233 79501 1 -0.526042 0.3625 137 1 916 0.0040023 -0.0101462 -0.0511692 -0.211155 7.44932 156.047 
-0.00809329 1.18824 79580 1 -0.526042 0.3625 138 1 918 0.00379947 -0.00991576 -0.0466393 -0.215299 7.39084 156.203 
0.0365749 1.19459 79660 1 -0.526042 0.3625 139 1 920 0.00303739 -0.00710382 -0.0487608 -0.169864 7.41585 156.109 
0.0259269 1.21227 79741 1 -0.526042 0.3625 140 0 922 0.00484731 -0.0124863 -0.0474293 -0.215337 7.40161 156.102 
0.0473909 1.21161 79821 1 -0.527083 0.3625 141 0 924 0.00420616 -0.0115587 -0.0474858 -0.186477 7.40935 156.174 
0.0574537 1.23084 79861 1 -0.527083 0.3625 142 0 925 0.00486967 -0.0107617 -0.0465393 -0.173619 7.39689 156.195 
0.074946 1.25974 79941 1 -0.527083 0.3625 143 0 927 0.00622968 -0.0107929 -0.0464026 -0.165123 7.4 156.189 
0.0933891 1.26353 79981 1 -0.527083 0.3625 144 0 928 0.0058737 -0.0108245 -0.0461706 -0.164869 7.40299 156.142 
0.0721315 1.27125 80101 1 -0.527083 0.3625 145 0 931 0.00564515 -0.0110238 -0.0458254 -0.162722 7.40725 156.121 
0.0721315 1.27125 80101 1 -0.527083 0.3625 146 0 931 0.00564515 -0.0110238 -0.0458254 -0.162722 7.40725 156.121 
0.0721315 1.27125 80141 1 -0.527083 0.3625 147 0 932 0.00564515 -0.0110238 -0.0458254 -0.162722 7.40725 156.121 
0.0721315 1.27125 80301 1 -0.527083 0.3625 148 0 936 0.00564515 -0.0110238 -0.0458254 -0.162722 7.40725 156.121 
0.0738997 1.27065 80381 1 -0.527604 0.3625 149 0 938 0.00564296 -0.0110725 -0.0457718 -0.162159 7.40792 156.114 
0.0727388 1.27227 80422 1 -0.528125 0.3625 150 0 939 0.00563191 -0.0110988 -0.0457056 -0.161906 7.40872 156.105 
0.0727388 1.27227 80422 1 -0.533333 0.370192 151 0 939 0.00563191 -0.0110988 -0.0457056 -0.161906 7.40872 156.105 
0.0720749 1.27306 80623 1 -0.539583 0.448077 152 0 944 0.00563048 -0.011089 -0.0457039 -0.162029 7.40874 156.105 
-0.066499 1.34384 80704 1 -0.541667 0.527885 153 0 946 0.00603031 -0.0166041 -0.0441786 -0.266675 7.39423 156.016 
-0.0346701 1.3336 80742 1 -0.559896 0.552885 154 0 947 0.00547899 -0.0155407 -0.0443055 -0.243346 7.40039 155.995 
-0.0346701 1.3336 80742 1 -0.603646 0.600962 155 0 947 0.00547899 -0.0155407 -0.0443055 -0.243346 7.40039 155.995 
-0.0291536 1.31656 80943 1 -0.640104 0.664423 156 0 952 0.00544133 -0.0143625 -0.0440488 -0.219383 7.40686 155.99 
-0.0466434 1.28944 80983 1 -0.636979 0.691346 157 0 953 0.00642065 -0.0141413 -0.0443816 -0.209243 7.4105 155.988 
0.829968 0.404808 81063 1 -0.631771 0.731731 158 1 955 0.00623065 -0.0166344 -0.0435517 -0.217965 7.39378 155.972 
0.829968 0.404808 81063 1 -0.605208 0.783654 159 1 955 0.00623065 -0.0166344 -0.0435517 -0.217965 7.39378 155.972 
1.0293 0.109454 81103 1 -0.591667 0.855769 160 1 956 0.00645917 -0.0166226 -0.0449366 -0.215254 7.39748 155.915 
1.27485 -0.0585725 81264 1 -0.596354 0.898077 161 0 960 0.00685315 -0.0157134 -0.0465636 -0.219757 7.41393 155.907 
1.29937 -0.0561301 81344 1 -0.607812 0.926923 162 0 962 0.00508357 -0.0133907 -0.0467925 -0.215613 7.43897 155.794 
1.31123 -0.0906757 81423 1 -0.610417 0.932692 163 0 964 0.00660108 -0.0134917 -0.0464949 -0.213045 7.43443 155.777 
1.30507 -0.0949482 81463 1 -0.614583 0.938462 164 0 965 0.00596772 -0.0140599 -0.0475119 -0.22368 7.44494 155.723 
1.29188 -0.0979346 81544 1 -0.619271 0.95 165 0 967 0.00636372 -0.0137324 -0.0474228 -0.238216 7.4556 155.758 
1.3034 -0.0920445 81624 1 -0.620313 0.956731 166 0 969 0.00621508 -0.0147255 -0.0467666 -0.240999 7.43828 155.694 
1.3034 -0.0920445 81624 1 -0.620313 0.956731 167 0 969 0.00621508 -0.0147255 -0.0467666 -0.240999 7.43828 155.694 
1.29478 -0.0683468 81664 1 -0.620313 0.956731 168 0 970 0.00717467 -0.0140839 -0.0470954 -0.232235 7.44348 155.658 
1.27631 -0.119101 81826 1 -0.620313 0.956731 169 0 974 0.00717958 -0.0146249 -0.0485538 -0.250171 7.45036 155.614 
1.26781 -0.0629376 81905 1 -0.620313 0.958654 170 0 976 0.00705873 -0.0132837 -0.0475575 -0.256723 7.42157 155.653 
1.26531 -0.0934378 81945 1 -0.619792 0.959615 171 0 977 0.00730063 -0.0132712 -0.0467682 -0.259314 7.40987 155.667 
1.26531 -0.0934378 81945 1 -0.619792 0.959615 172 0 977 0.00730063 -0.0132712 -0.0467682 -0.259314 7.40987 155.667 
1.24008 -0.110874 82105 1 -0.619792 0.959615 173 0 981 0.00709852 -0.012952 -0.0464832 -0.297725 7.39328 155.637 
1.24581 -0.0580868 82185 1 -0.619792 0.959615 174 0 983 0.00701554 -0.0124478 -0.046374 -0.304159 7.39495 155.617 
1.20564 -0.0505392 82265 1 -0.618229 0.959615 175 0 985 0.00562521 -0.012725 -0.0468736 -0.330385 7.3786 155.556 
1.20564 -0.0505392 82265 1 -0.605208 0.961538 176 0 985 0.00562521 -0.012725 -0.0468736 -0.330385 7.3786 155.556 
1.20564 -0.0505392 82265 1 -0.589063 0.961538 177 0 985 0.00562521 -0.012725 -0.0468736 -0.330385 7.3786 155.556 
1.2127 -0.0394901 82467 1 -0.583854 0.961538 178 0 990 0.00563273 -0.0113183 -0.0487506 -0.312028 7.3793 155.639 
1.21771 0.0159532 82545 1 -0.581771 0.961538 179 0 992 0.00587718 -0.0107827 -0.0491074 -0.300165 7.36509 155.664 
1.23454 -0.00614652 82585 1 -0.581771 0.961538 180 0 993 0.00579613 -0.010951 -0.0491513 -0.297672 7.36448 155.671 
1.23454 -0.00614652 82585 1 -0.58125 0.960577 181 0 993 0.00579613 -0.010951 -0.0491513 -0.297672 7.36448 155.671 
1.24668 -0.00725403 82626 1 -0.580729 0.960577 182 0 994 0.00598178 -0.0116101 -0.0498755 -0.300942 7.38509 155.762 
1.25692 -0.0136937 82786 1 -0.580729 0.960577 183 0 998 0.00579695 -0.0116921 -0.0492315 -0.282598 7.38488 155.649 
1.23013 -0.0186447 82867 1 -0.580729 0.960577 184 0 1000 0.00506726 -0.0126465 -0.050589 -0.300667 7.39373 155.723 
1.20834 -0.0556163 82906 1 -0.579688 0.960577 185 0 1001 0.00511887 -0.0130453 -0.0514604 -0.313931 7.40884 155.709 
1.20834 -0.0556163 82906 1 -0.570833 0.963462 186 0 1001 0.00511887 -0.0130453 -0.0514604 -0.313931 7.40884 155.709 
0.627598 0.444322 83107 1 -0.563542 0.964423 187 1 1006 0.00572595 -0.00851438 -0.0489679 -0.243243 7.39805 155.731 
0.604852 0.437399 83147 1 -0.554167 0.964423 188 1 1007 0.00517834 -0.0115531 -0.0499811 -0.279824 7.4101 155.788 
0.534956 0.540166 83227 1 -0.549479 0.964423 189 1 1009 0.0054411 -0.0121075 -0.0508875 -0.286897 7.4265 155.699 
0.534956 0.540166 83227 1 -0.541667 0.964423 190 1 1009 0.0054411 -0.0121075 -0.0508875 -0.286897 7.4265 155.699 
0.534956 0.540166 83227 1 -0.533854 0.963462 191 1 1009 0.0054411 -0.0121075 -0.0508875 -0.286897 7.4265 155.699 
0.531387 0.529132 83427 1 -0.520312 0.961538 192 1 1014 0.00598048 -0.013452 -0.0533311 -0.285664 7.50066 155.6 
0.496683 0.568871 83508 1 -0.511458 0.961538 193 1 1016 0.00710202 -0.0159997 -0.0541526 -0.312481 7.51685 155.639 
0.492999 0.597728 83589 1 -0.505729 0.961538 194 1 1018 0.00606747 -0.0149523 -0.0528747 -0.302004 7.4941 155.623 
0.510297 0.564891 83628 1 -0.501563 0.961538 195 1 1019 0.00572103 -0.0151 -0.0532828 -0.300842 7.49667 155.637 
0.527936 0.575436 83708 1 -0.5 0.961538 196 1 1021 0.00610509 -0.0125556 -0.0542188 -0.263969 7.51885 155.632 
0.50642 0.542211 83788 1 -0.5 0.961538 197 1 1023 0.00630249 -0.0140182 -0.0554043 -0.288309 7.53676 155.625 
0.513998 0.534622 83869 1 -0.5 0.961538 198 1 1025 0.0063683 -0.0142301 -0.0541331 -0.304678 7.51551 155.603 
0.514383 0.575826 83949 1 -0.5 0.961538 199 1 1027 0.00570386 -0.0138404 -0.0535502 -0.29377 7.49962 155.619 
0.476284 0.612453 84028 1 -0.5 0.961538 200 1 1029 0.00516323 -0.0129204 -0.0518554 -0.300406 7.48072 155.544 
0.50015 0.60337 84109 1 -0.495833 0.960577 201 1 1031 0.00531528 -0.0125276 -0.053609 -0.281276 7.49611 155.544 
0.503148 0.627588 84189 1 -0.483854 0.959615 202 1 1033 0.00532412 -0.0134825 -0.0527512 -0.286705 7.48392 155.563 
0.513935 0.61543 84230 1 -0.475521 0.958654 203 1 1034 0.00527061 -0.0111003 -0.0529315 -0.264912 7.47675 155.486 
0.536903 0.631677 84309 1 -0.467708 0.959615 204 1 1036 0.00574231 -0.0105995 -0.0535479 -0.248224 7.47968 155.456 
0.565215 0.628345 84390 1 -0.461458 0.959615 205 1 1038 0.00573788 -0.010238 -0.0534527 -0.229507 7.47621 155.465 
0.568238 0.589481 84429 1 -0.453646 0.959615 206 1 1039 0.00572819 -0.0122464 -0.0538575 -0.247834 7.49129 155.529 
0.553978 0.593641 84509 1 -0.443229 0.960577 207 1 1041 0.00589405 -0.0120272 -0.0538485 -0.25053 7.49141 155.536 
0.553978 0.593641 84549 1 -0.4375 0.960577 208 1 1042 0.00589405 -0.0120272 -0.0538485 -0.25053 7.49141 155.536 
0.53156 0.623464 84670 1 -0.433854 0.960577 209 1 1045 0.00492291 -0.0117375 -0.0525743 -0.268066 7.48053 155.477 
0.529417 0.640737 84710 1 -0.430208 0.960577 210 1 1046 0.0050063 -0.0109811 -0.0520408 -0.263493 7.46939 155.455 
0.532389 0.632999 84790 1 -0.420833 0.960577 211 1 1048 0.00556635 -0.0101405 -0.0532333 -0.244482 7.47626 155.44 
0.505252 0.654472 84870 1 -0.404687 0.959615 212 1 1050 0.00581638 -0.0115153 -0.0529929 -0.277357 7.4746 155.548 
0.719024 3.2739 84951 1 -0.388542 0.957692 213 0 1052 0.00526784 -0.0108395 -0.0543377 -0.279352 7.47877 155.332 
0.84974 1.76997 84991 1 -0.377083 0.954808 214 0 1053 0.0108025 -0.013896 -0.0668925 -0.339308 7.61019 154.971 
0.353959 0.643711 85111 1 -0.372917 0.954808 215 1 1056 0.0105565 -0.0171933 -0.0745439 -0.384874 7.70061 154.884 
0.350584 0.545541 85191 1 -0.370312 0.953846 216 1 1058 0.0102592 -0.0157395 -0.0730021 -0.374545 7.67085 154.938 
0.370646 0.533827 85271 1 -0.369792 0.953846 217 1 1060 0.00960292 -0.0170448 -0.0742978 -0.394008 7.6824 155.011 
0.369889 0.472599 85311 1 -0.369792 0.953846 218 1 1061 0.009743 -0.0167826 -0.0742036 -0.397497 7.68316 154.977 
0.125847 0.264334 85391 1 -0.369792 0.953846 219 1 1063 0.0108301 -0.0147154 -0.0731554 -0.391725 7.66389 154.946 
0.187436 0.186594 85472 1 -0.372917 0.919231 220 1 1065 0.00898262 -0.0165697 -0.0736836 -0.395202 7.65804 154.927 
0.0787151 -0.229534 85551 1 -0.273438 0.773077 221 0 1067 0.0107885 -0.0152914 -0.0710311 -0.395158 7.60348 155.124 
0.0810153 -0.216682 85591 1 -0.122917 0.536538 222 0 1068 0.0107098 -0.0153023 -0.0710756 -0.394996 7.60295 155.131 
0.0881566 -0.173924 85672 1 -0.00104167 0.394231 223 1 1070 0.010073 -0.0164642 -0.0738665 -0.389017 7.61963 155.116 
0.09003 -0.182706 85752 1 0.0416667 0.346154 224 1 1072 0.00900267 -0.0177266 -0.0721324 -0.389427 7.6123 155.043 
0.082393 -0.171618 85792 1 0.0177083 0.334615 225 1 1073 0.00913151 -0.0179747 -0.0720083 -0.386292 7.61368 155.039 
0.0321489 -0.16781 85873 1 -0.0177083 0.328846 226 1 1075 0.00882011 -0.0136411 -0.0717235 -0.31281 7.61113 155.052 
0.0270706 -0.16254 85953 1 -0.0354167 0.338462 227 1 1077 0.00865075 -0.0160203 -0.071625 -0.334403 7.62467 155.093 
-0.0580489 -0.136666 86032 1 -0.0427083 0.341346 228 1 1079 0.00858206 -0.0156615 -0.0722647 -0.336421 7.64753 155.016 
-0.181821 -0.059114 86113 1 -0.0583333 0.342308 229 1 1081 0.00900392 -0.0177563 -0.0727856 -0.348674 7.66908 155.066 
-0.1916 -0.0385501 86193 1 -0.090625 0.349038 230 1 1083 0.0080437 -0.0171922 -0.0720332 -0.342574 7.6469 154.968 
-0.186392 -0.029743 86233 1 -0.105729 0.352885 231 1 1084 0.00816683 -0.0171806 -0.0720138 -0.342705 7.64721 154.963 
-0.0941301 -0.0823551 86313 1 -0.107292 0.353846 232 1 1086 0.00905152 -0.0175087 -0.0718501 -0.338724 7.64934 154.952 
0.0567843 -0.149258 86353 1 -0.109896 0.354808 233 1 1087 0.00919611 -0.0184736 -0.0717304 -0.343945 7.6455 154.995 
0.0567843 -0.149258 86353 1 -0.115625 0.360577 234 1 1087 0.00919611 -0.0184736 -0.0717304 -0.343945 7.6455 154.995 
0.08489 -0.233715 86514 1 -0.115625 0.360577 235 0 1091 0.00967712 -0.0196969 -0.072547 -0.336939 7.67329 155.049 
0.0939706 -0.237816 86554 1 -0.115625 0.360577 236 0 1092 0.0100164 -0.0212507 -0.0740233 -0.347697 7.69143 155.004 
0.0633912 -0.211099 86634 1 -0.115625 0.360577 237 0 1094 0.00890361 -0.0198429 -0.0725092 -0.355086 7.68112 155.034 
0.0868368 -0.229048 86713 1 -0.115625 0.360577 238 0 1096 0.00905548 -0.0199203 -0.0724204 -0.352272 7.68146 155.031 
0.156633 -0.24283 86794 1 -0.115625 0.360577 239 0 1098 0.00916104 -0.0197203 -0.0723989 -0.355544 7.68205 155.03 
0.179038 -0.233669 86874 1 -0.115625 0.360577 240 0 1100 0.0085487 -0.0181762 -0.0725007 -0.347136 7.68065 155.038 
0.179038 -0.233669 86874 1 -0.115625 0.360577 241 0 1100 0.0085487 -0.0181762 -0.0725007 -0.347136 7.68065 155.038 
0.161457 -0.153438 87034 1 -0.115625 0.360577 242 1 1104 0.00885681 -0.0204203 -0.0743626 -0.351139 7.71092 154.982 
-0.00752796 0.296747 87114 1 -0.115625 0.360577 243 1 1106 0.00834076 -0.0211718 -0.0748272 -0.360818 7.71442 154.991 
-0.0276925 0.327374 87195 1 -0.115625 0.360577 244 1 1108 0.0096182 -0.021193 -0.0735357 -0.358033 7.68184 155.034 
-0.0276925 0.327374 87195 1 -0.115625 0.360577 245 1 1108 0.0096182 -0.021193 -0.0735357 -0.358033 7.68184 155.034 
-0.0276925 0.327374 87195 1 -0.115625 0.360577 246 1 1108 0.0096182 -0.021193 -0.0735357 -0.358033 7.68184 155.034 
-0.0560979 0.397274 87396 1 -0.115625 0.360577 247 1 1113 0.00841328 -0.0195992 -0.0748994 -0.362878 7.70724 154.905 
-0.013012 0.331072 87435 1 -0.115625 0.360577 248 1 1114 0.0083497 -0.0174558 -0.0747949 -0.33432 7.71014 154.898 
-0.0348204 0.429006 87515 1 -0.115625 0.360577 249 1 1116 0.00831104 -0.0176103 -0.0745066 -0.33245 7.6974 154.917 
-0.00367319 0.369447 87596 1 -0.115625 0.360577 250 1 1118 0.0086461 -0.0186269 -0.0765018 -0.323108 7.73425 154.783 
-0.0167768 0.38754 87676 1 -0.115625 0.360577 251 1 1120 0.00943706 -0.0176092 -0.0775034 -0.295235 7.7435 154.806 
-0.0143887 0.380706 87716 1 -0.115625 0.360577 252 1 1121 0.00948229 -0.0176448 -0.0774492 -0.2948 7.74418 154.793 
-0.00194236 0.378344 87796 1 -0.115625 0.360577 253 1 1123 0.00957446 -0.0176595 -0.0773984 -0.294664 7.74483 154.783 
0.118864 0.36805 87876 1 -0.115625 0.360577 254 1 1125 0.0101271 -0.0186285 -0.0783156 -0.31616 7.75642 154.725 
0.175484 0.34054 87957 1 -0.115625 0.360577 255 1 1127 0.00912994 -0.0204802 -0.079666 -0.373938 7.79195 154.652 
0.166175 0.336411 88037 1 -0.115625 0.360577 256 1 1129 0.00976517 -0.0180173 -0.0800906 -0.345798 7.79032 154.469 
-0.0095136 0.340745 88117 1 -0.115625 0.360577 257 1 1131 0.010527 -0.0166116 -0.0794713 -0.333756 7.77507 154.526 
-0.0108877 0.357975 88199 1 -0.115625 0.360577 258 1 1133 0.0101189 -0.0154684 -0.0794386 -0.309988 7.76648 154.619 
-0.137002 0.358157 88277 1 -0.115625 0.360577 259 1 1135 0.0101897 -0.0150726 -0.0788252 -0.295353 7.75074 154.537 
-0.107363 0.347289 88317 1 -0.115625 0.360577 260 1 1136 0.010346 -0.0148659 -0.077647 -0.280792 7.73626 154.672 
-0.114779 0.381271 88397 1 -0.115625 0.360577 261 1 1138 0.0109598 -0.0141392 -0.0772316 -0.264452 7.73125 154.705 
-0.15063 0.394012 88480 1 -0.115625 0.360577 262 1 1140 0.0112342 -0.0170622 -0.0778312 -0.292454 7.7217 154.759 
-0.190807 0.401195 88557 1 -0.115625 0.360577 263 1 1142 0.00979129 -0.0150093 -0.0765469 -0.288736 7.70833 154.703 
-0.185475 0.410377 88638 1 -0.115625 0.360577 264 1 1144 0.0091406 -0.0148442 -0.0761863 -0.297972 7.68382 154.751 
-0.209189 0.438192 88718 1 -0.115625 0.360577 265 0 1146 0.00943417 -0.0151654 -0.0757473 -0.310181 7.68596 154.861 
-0.0968178 0.365322 88801 1 -0.115625 0.360577 266 1 1148 0.00896737 -0.0163094 -0.0761241 -0.326441 7.65612 154.809 
0.122289 0.323372 88878 1 -0.115625 0.360577 267 1 1150 0.00941039 -0.018966 -0.0775829 -0.34584 7.66948 154.791 
0.160899 0.322734 88958 1 -0.115625 0.360577 268 1 1152 0.00989182 -0.0205103 -0.0775772 -0.348016 7.66896 154.822 
0.0506494 0.5374 89038 1 -0.115625 0.360577 269 1 1154 0.00942054 -0.0230005 -0.0774373 -0.375863 7.67974 154.777 
0.0331503 0.769151 89118 1 -0.115625 0.360577 270 1 1156 0.0100603 -0.0217938 -0.0781272 -0.365292 7.68131 154.747 
0.00850037 0.776076 89201 1 -0.115625 0.360577 271 1 1158 0.0106619 -0.0221733 -0.0784421 -0.375894 7.69233 154.703 
-0.0113521 0.789135 89278 1 -0.115625 0.360577 272 1 1160 0.0100004 -0.0221357 -0.0775357 -0.38355 7.68554 154.771 
-0.026085 0.798133 89359 1 -0.115625 0.360577 273 1 1162 0.0105332 -0.0244603 -0.0784469 -0.401631 7.70687 154.763 
0.0165816 0.795154 89439 1 -0.115625 0.360577 274 1 1164 0.00989351 -0.0242099 -0.0788931 -0.386239 7.71384 154.662 
0.0164644 0.787674 89519 1 -0.115625 0.360577 275 1 1166 0.0102183 -0.0254276 -0.0794474 -0.403078 7.72699 154.649 
-0.00185769 0.836317 89600 1 -0.115625 0.360577 276 1 1168 0.0105754 -0.0264685 -0.0788876 -0.41825 7.72174 154.733 
-0.000693586 0.819884 89640 1 -0.115625 0.360577 277 1 1169 0.0101563 -0.0264787 -0.0787886 -0.417734 7.72315 154.688 
0.0121641 0.817905 89719 1 -0.115625 0.360577 278 1 1171 0.0100061 -0.0259287 -0.0787455 -0.421754 7.72269 154.731 
0.0403389 0.868062 89800 1 -0.115625 0.360577 279 1 1173 0.0106475 -0.0244399 -0.0788986 -0.393856 7.71916 154.779 
0.0283704 0.832451 89840 1 -0.115625 0.360577 280 1 1174 0.0096773 -0.0241747 -0.0787291 -0.397188 7.72149 154.744 
-0.39272 0.870807 89920 1 -0.115625 0.360577 281 0 1176 0.0103658 -0.0218599 -0.0802999 -0.365267 7.74691 154.77 
-0.489647 0.811988 90001 1 -0.115625 0.360577 282 0 1178 0.0108931 -0.0233988 -0.0811306 -0.360114 7.76326 154.695 
-0.473787 0.789882 90080 1 -0.115625 0.360577 283 0 1180 0.0109777 -0.0234416 -0.0811377 -0.36001 7.77239 154.706 
-0.437808 0.726391 90160 1 -0.115625 0.360577 284 0 1182 0.0117783 -0.0248623 -0.0832343 -0.365144 7.81595 154.627 
-0.451424 0.735971 90200 1 -0.115625 0.360577 285 0 1183 0.0114448 -0.025807 -0.0822183 -0.37257 7.80746 154.601 
-0.442898 0.734693 90281 1 -0.115625 0.360577 286 0 1185 0.0118768 -0.0250403 -0.0817445 -0.366996 7.81141 154.64 
-0.410962 0.768356 90321 1 -0.115625 0.360577 287 0 1186 0.0120557 -0.0244129 -0.0814348 -0.364591 7.8071 154.631 
-0.410962 0.768356 90321 1 -0.115625 0.360577 288 0 1186 0.0120557 -0.0244129 -0.0814348 -0.364591 7.8071 154.631 
-0.458712 0.773154 90481 1 -0.115625 0.360577 289 0 1190 0.0104899 -0.0272184 -0.0819237 -0.411926 7.80454 154.593 
-0.429348 0.776539 90561 1 -0.115625 0.360577 290 0 1192 0.0110837 -0.0236732 -0.0812752 -0.366438 7.80283 154.582 
-0.405998 0.763678 90642 1 -0.115625 0.360577 291 0 1194 0.0120735 -0.0213847 -0.0816082 -0.319252 7.81399 154.528 
-0.405998 0.763678 90642 1 -0.115625 0.360577 292 0 1194 0.0120735 -0.0213847 -0.0816082 -0.319252 7.81399 154.528 
-0.405998 0.763678 90642 1 -0.115625 0.360577 293 0 1194 0.0120735 -0.0213847 -0.0816082 -0.319252 7.81399 154.528 
0.473396 0.611499 90842 1 -0.115625 0.360577 294 1 1199 0.0117628 -0.0257294 -0.0826267 -0.380288 7.81771 154.508 
0.501418 0.63153 90881 1 -0.115625 0.360577 295 1 1200 0.0117423 -0.0230943 -0.0823313 -0.352384 7.81982 154.482 
0.508815 0.574259 90962 1 -0.115625 0.360577 296 1 1202 0.0109075 -0.0247336 -0.0832094 -0.363808 7.83747 154.346 
0.508815 0.574259 90962 1 -0.115625 0.360577 297 1 1202 0.0109075 -0.0247336 -0.0832094 -0.363808 7.83747 154.346 
0.560141 0.474533 91123 1 -0.115625 0.360577 298 1 1206 0.0114088 -0.0222412 -0.0835967 -0.341628 7.84715 154.216 
0.543205 0.464423 91163 1 -0.115625 0.360577 299 1 1207 0.0108517 -0.0219813 -0.0834251 -0.34502 7.84909 154.207 
0.536255 0.438888 91242 1 -0.115625 0.360577 300 1 1209 0.0109328 -0.0218333 -0.0831862 -0.346737 7.85203 154.18 
0.555236 -0.346426 91323 1 -0.115625 0.360577 301 0 1211 0.0124744 -0.0217167 -0.0822867 -0.348429 7.83762 154.277 
0.548729 -0.348074 91403 1 -0.115625 0.360577 302 0 1213 0.0120846 -0.0215747 -0.0823719 -0.350185 7.83649 154.292 
0.551202 -0.386652 91443 1 -0.115625 0.360577 303 0 1214 0.0116789 -0.0212722 -0.0826449 -0.353677 7.83294 154.351 
0.5508 -0.395803 91523 1 -0.115625 0.360577 304 0 1216 0.0108595 -0.0204104 -0.0822825 -0.352419 7.78111 154.264 
0.578483 -0.39762 91603 1 -0.115625 0.360577 305 0 1218 0.0114913 -0.0192909 -0.0823932 -0.350056 7.77451 154.305 
0.557251 -0.303737 91683 1 -0.115625 0.360577 306 0 1220 0.0108412 -0.0188936 -0.0812848 -0.359446 7.72867 154.314 
0.520469 -0.344726 91723 1 -0.115625 0.360577 307 0 1221 0.010882 -0.0187484 -0.0822493 -0.371123 7.73269 154.362 
0.520469 -0.344726 91723 1 -0.115625 0.360577 308 0 1221 0.010882 -0.0187484 -0.0822493 -0.371123 7.73269 154.362 
0.514479 0.0923131 91924 1 -0.115625 0.360577 309 1 1226 0.0097819 -0.0177726 -0.0792854 -0.378889 7.69599 154.511 
0.526305 0.0827382 91963 1 -0.115625 0.360577 310 1 1227 0.00971356 -0.0184612 -0.0794108 -0.387046 7.68932 154.491 
0.533994 0.0972538 92044 1 -0.115625 0.360577 311 1 1229 0.00943874 -0.0193601 -0.0799808 -0.395867 7.6633 154.613 
0.513535 0.0859037 92125 1 -0.115625 0.360577 312 1 1231 0.00870105 -0.0215793 -0.0828868 -0.408643 7.68641 154.616 
0.52226 0.15812 92207 1 -0.115625 0.360577 313 1 1233 0.00929553 -0.0195179 -0.0833668 -0.358398 7.68419 154.571 
0.540876 0.132479 92284 1 -0.115625 0.360577 314 1 1235 0.0100968 -0.0233177 -0.0834474 -0.372044 7.70651 154.65 
0.493358 0.144407 92364 1 -0.115625 0.360577 315 1 1237 0.0111728 -0.0234272 -0.0839012 -0.368557 7.70439 154.623 
0.493358 0.144407 92364 1 -0.115625 0.360577 316 1 1237 0.0111728 -0.0234272 -0.0839012 -0.368557 7.70439 154.623 
0.257309 0.245578 92525 1 -0.115625 0.360577 317 1 1241 0.0100798 -0.0250766 -0.0846807 -0.391025 7.71912 154.716 
0.243278 0.225099 92565 1 -0.115625 0.360577 318 1 1242 0.00966744 -0.0248742 -0.0844651 -0.393485 7.72183 154.689 
0.216551 0.228918 92645 1 -0.115625 0.360577 319 1 1244 0.0100941 -0.0231653 -0.0835973 -0.406755 7.71601 154.654 
0.214656 0.207473 92685 1 -0.115625 0.360577 320 1 1245 0.00976515 -0.0221469 -0.0836046 -0.406993 7.71056 154.638 
0.214656 0.207473 92685 1 -0.115625 0.360577 321 1 1245 0.00976515 -0.0221469 -0.0836046 -0.406993 7.71056 154.638 
0.380578 -0.0553186 92846 1 -0.115625 0.360577 322 1 1249 0.00991053 -0.0223025 -0.084555 -0.409607 7.72042 154.635 
0.459636 -0.358884 92926 1 -0.115625 0.360577 323 0 1251 0.00966905 -0.0245122 -0.0851408 -0.421355 7.73657 154.621 
0.48348 -0.360527 92966 1 -0.115625 0.360577 324 0 1252 0.00980459 -0.0233061 -0.0849269 -0.401365 7.73209 154.647 
0.466181 -0.348014 93045 1 -0.115625 0.360577 325 0 1254 0.0112654 -0.0264088 -0.0847009 -0.435619 7.73496 154.714 
0.473485 -0.323985 93126 1 -0.115625 0.360577 326 0 1256 0.00944292 -0.025498 -0.0834943 -0.435184 7.72502 154.694 
0.486542 -0.332219 93166 1 -0.115625 0.360577 327 0 1257 0.00919055 -0.025014 -0.0840367 -0.431032 7.73104 154.625 
0.519347 -0.340711 93249 1 -0.115625 0.360577 328 0 1259 0.00961267 -0.0236659 -0.0842626 -0.409814 7.74447 154.636 
0.519347 -0.340711 93249 1 -0.115625 0.360577 329 0 1259 0.00961267 -0.0236659 -0.0842626 -0.409814 7.74447 154.636 
0.494893 -0.336482 93406 1 -0.115625 0.360577 330 0 1263 0.00987564 -0.0253139 -0.0830833 -0.43679 7.73986 154.65 
0.510036 -0.307594 93446 1 -0.115625 0.360577 331 0 1264 0.0103007 -0.0227743 -0.0811498 -0.405285 7.71788 154.655 
0.551515 -0.26293 93527 1 -0.115625 0.360577 332 0 1266 0.00952618 -0.0233111 -0.0810397 -0.398667 7.72308 154.695 
0.584669 -0.187537 93567 1 -0.115625 0.360577 333 1 1267 0.0102478 -0.0248566 -0.0812929 -0.416416 7.7313 154.696 
0.584669 -0.187537 93567 1 -0.115625 0.360577 334 1 1267 0.0102478 -0.0248566 -0.0812929 -0.416416 7.7313 154.696 
0.626465 -0.129137 93727 1 -0.115625 0.360577 335 1 1271 0.0109457 -0.0254146 -0.082051 -0.415097 7.76783 154.667 
0.45258 0.0246789 93807 1 -0.115625 0.360577 336 1 1273 0.0102294 -0.0248433 -0.0823372 -0.421797 7.7915 154.611 
0.416212 0.0701265 93887 1 -0.115625 0.360577 337 1 1275 0.0108914 -0.0261613 -0.082015 -0.442261 7.79572 154.574 
0.400121 0.0997642 93927 1 -0.115625 0.360577 338 1 1276 0.0109134 -0.0272154 -0.0831111 -0.45331 7.81431 154.657 
0.402681 0.150786 94008 1 -0.115625 0.360577 339 1 1278 0.0100513 -0.0267025 -0.0830965 -0.456672 7.80459 154.581 
0.384532 0.203249 94088 1 -0.115625 0.360577 340 1 1280 0.0104681 -0.0263579 -0.0824184 -0.453347 7.79228 154.561 
1.0101 -0.294411 94168 1 -0.115625 0.360577 341 0 1282 0.0107525 -0.0253395 -0.0831293 -0.441584 7.80521 154.555 
1.11724 -0.421444 94248 1 -0.115625 0.360577 342 0 1284 0.010574 -0.0253411 -0.0817485 -0.444018 7.7862 154.603 
1.11975 -0.469864 94328 1 -0.115625 0.360577 343 0 1286 0.00981669 -0.0245186 -0.0844163 -0.43129 7.81859 154.376 
1.10499 -0.419088 94409 1 -0.115625 0.360577 344 0 1288 0.00882691 -0.0259404 -0.0848274 -0.468183 7.83786 154.325 
1.0729 -0.185394 94449 1 -0.115625 0.360577 345 1 1289 0.00960343 -0.0253208 -0.0846108 -0.479977 7.84031 154.339 
1.03578 -0.117347 94528 1 -0.115625 0.360577 346 1 1291 0.0102825 -0.0220046 -0.0833311 -0.435357 7.82303 154.359 
1.10709 -0.312822 94608 1 -0.115625 0.360577 347 0 1293 0.0105104 -0.0218493 -0.0838924 -0.43762 7.8184 154.35 
1.30505 -0.729377 94689 1 -0.115625 0.360577 348 0 1295 0.0107722 -0.0193635 -0.0871289 -0.411298 7.84331 154.149 
1.27081 -0.751558 94769 1 -0.115625 0.360577 349 0 1297 0.0107108 -0.0204176 -0.0860944 -0.42021 7.82922 154.305 
1.26795 -0.738622 94850 1 -0.115625 0.360577 350 0 1299 0.0112591 -0.0195058 -0.0857903 -0.414818 7.8171 154.294 
0.754889 -0.526792 94929 1 -0.119271 0.358654 351 0 1301 0.0104137 -0.0178421 -0.0846664 -0.397584 7.7814 154.379 
0.219929 -0.374227 94969 1 -0.119271 0.358654 352 0 1302 0.0104773 -0.0171591 -0.0834565 -0.395909 7.75445 154.37 
0.226232 -0.322465 95050 1 -0.119271 0.358654 353 0 1304 0.00957292 -0.0161703 -0.0838271 -0.376003 7.74866 154.428 
0.237958 -0.3013 95132 1 -0.120313 0.359615 354 0 1306 0.00906303 -0.0138595 -0.0837027 -0.372394 7.73098 154.291 
0.212897 -0.274939 95211 1 -0.127083 0.3875 355 0 1308 0.00845728 -0.0141206 -0.08426 -0.37971 7.73494 154.399 
0.320715 0.041643 95290 1 -0.139583 0.419231 356 1 1310 0.00760271 -0.00916367 -0.0816715 -0.332668 7.6783 154.718 
0.320715 0.041643 95290 1 -0.192188 0.502885 357 1 1310 0.00760271 -0.00916367 -0.0816715 -0.332668 7.6783 154.718 
0.320715 0.041643 95290 1 -0.253646 0.570192 358 1 1310 0.00760271 -0.00916367 -0.0816715 -0.332668 7.6783 154.718 
0.327907 0.309798 95450 1 -0.267188 0.572115 359 1 1314 0.0047846 -0.00715719 -0.0774311 -0.272665 7.55648 155.14 
0.285134 0.316627 95531 1 -0.290625 0.574038 360 1 1316 0.00576678 -0.0140653 -0.0834905 -0.320765 7.62838 154.866 
0.210231 0.49161 95612 1 -0.326562 0.585577 361 1 1318 0.00576441 -0.0120164 -0.0873683 -0.265264 7.67336 154.693 
0.19254 0.55482 95650 1 -0.364583 0.583654 362 1 1319 0.00577359 -0.0127628 -0.0876414 -0.249907 7.68609 154.8 
0.134609 0.6823 95731 1 -0.385937 0.540385 363 1 1321 0.00602815 -0.0162837 -0.0850672 -0.269888 7.66934 155.278 
0.092273 0.794281 95812 1 -0.4 0.4625 364 1 1323 0.00618581 -0.0161661 -0.0841657 -0.25886 7.67711 155.585 
-0.119825 0.706597 95892 1 -0.420312 0.378846 365 1 1325 0.00594817 -0.0178266 -0.0817206 -0.282262 7.67933 155.911 
-0.133292 0.755477 95932 1 -0.433333 0.356731 366 1 1326 0.00369544 -0.0172753 -0.0784976 -0.283379 7.63138 155.955 
-0.170021 0.823569 96012 1 -0.433854 0.356731 367 1 1328 0.00242721 -0.0143885 -0.076221 -0.254449 7.61058 156.175 
-0.134776 0.852535 96091 1 -0.428646 0.365385 368 1 1330 0.00144823 -0.0140962 -0.0771348 -0.235718 7.59884 155.98 
-0.153107 0.541188 96172 1 -0.407813 0.365385 369 1 1332 0.0040793 -0.0159037 -0.0761945 -0.2461 7.62486 156.239 
-0.147926 0.478613 96252 1 -0.399479 0.366346 370 1 1334 0.00319168 -0.0126262 -0.0771217 -0.192169 7.62128 155.986 
-0.134175 0.448289 96333 1 -0.417187 0.391346 371 1 1336 0.00425605 -0.0148166 -0.0783997 -0.208619 7.65606 155.893 
-0.167707 0.439118 96412 1 -0.444792 0.464423 372 1 1338 0.00516694 -0.0157287 -0.0779038 -0.227017 7.65867 155.808 
-0.166586 0.44125 96452 1 -0.457292 0.581731 373 1 1339 0.00523372 -0.0157716 -0.0778293 -0.226488 7.65953 155.795 
-0.237127 0.48806 96532 1 -0.468229 0.688462 374 0 1341 0.00652544 -0.0175752 -0.0778828 -0.239566 7.68823 155.838 
-0.100558 0.993124 96613 1 -0.475 0.794231 375 1 1343 0.00625739 -0.0185255 -0.0732434 -0.265866 7.63335 155.781 
-0.0279565 1.07392 96695 1 -0.488021 0.845192 376 1 1345 0.00700513 -0.0183348 -0.0728319 -0.26888 7.63802 155.767 
0.0553957 1.13927 96772 1 -0.489583 0.849038 377 1 1347 0.00719465 -0.0184504 -0.0727314 -0.268573 7.63924 155.751 
0.0640448 1.11713 96812 1 -0.485938 0.861538 378 1 1348 0.00744526 -0.0223556 -0.0731934 -0.322218 7.66062 155.713 
0.0640448 1.11713 96893 1 -0.482292 0.890385 379 1 1350 0.00744526 -0.0223556 -0.0731934 -0.322218 7.66062 155.713 
0.114228 1.06961 96973 1 -0.48125 0.925 380 1 1352 0.00793449 -0.0224574 -0.0731953 -0.312266 7.66584 155.682 
0.110734 1.06851 97054 1 -0.482812 0.950962 381 1 1354 0.00784175 -0.0223807 -0.0731136 -0.313205 7.66673 155.666 
0.122696 1.0125 97134 1 -0.482812 0.950962 382 1 1356 0.0078353 -0.0225784 -0.0726799 -0.310611 7.67234 155.584 
0.134633 1.00395 97173 1 -0.482812 0.950962 383 1 1357 0.00798498 -0.0227604 -0.0725936 -0.308116 7.67352 155.583 
0.133655 1.03849 97254 1 -0.482812 0.952885 384 1 1359 0.00815612 -0.0227296 -0.0728001 -0.308439 7.67111 155.623 
0.145604 1.04377 97334 1 -0.483333 0.954808 385 1 1361 0.00811583 -0.0227478 -0.0727432 -0.308205 7.6718 155.606 
0.145992 1.04356 97415 1 -0.483333 0.956731 386 1 1363 0.0081289 -0.0227529 -0.072742 -0.308142 7.67182 155.606 
0.150469 1.03832 97454 1 -0.483333 0.956731 387 1 1364 0.00820336 -0.0227971 -0.0726973 -0.30762 7.67238 155.594 
0.426986 1.02753 97534 1 -0.482812 0.958654 388 1 1366 0.00887609 -0.0222322 -0.0751405 -0.307174 7.68739 155.496 
0.808196 0.64123 97614 1 -0.479687 0.9625 389 1 1368 0.0097845 -0.0275496 -0.0755368 -0.380223 7.68865 155.484 
0.826025 0.581329 97695 1 -0.479687 0.9625 390 1 1370 0.00821912 -0.0259153 -0.0751597 -0.369582 7.69517 155.362 
0.876115 0.47749 97775 1 -0.479687 0.9625 391 1 1372 0.00829772 -0.0248437 -0.0765424 -0.368575 7.72138 155.25 
0.900749 0.310064 97858 1 -0.479167 0.9625 392 1 1374 0.00914413 -0.0244234 -0.0792725 -0.357624 7.76181 155.176 
0.895133 0.307979 97935 1 -0.444792 0.9625 393 1 1376 0.00930487 -0.023339 -0.0806191 -0.352348 7.77948 155.103 
0.938159 0.286976 98015 1 -0.441146 0.9625 394 1 1378 0.00912065 -0.0201843 -0.0810813 -0.313506 7.78161 155.01 
0.952111 0.315659 98055 1 -0.4375 0.9625 395 1 1379 0.00921728 -0.0212329 -0.0816696 -0.328494 7.7827 154.981 
1.14189 0.407143 98136 1 -0.432812 0.9625 396 1 1381 0.00966717 -0.0230923 -0.0811525 -0.366417 7.77927 154.872 
1.11108 0.443204 98216 1 -0.430208 0.9625 397 1 1383 0.00994171 -0.0226993 -0.0822315 -0.38021 7.78535 154.911 
1.11451 0.445552 98295 1 -0.427604 0.9625 398 1 1385 0.00960195 -0.0198435 -0.0830703 -0.354307 7.7797 154.77 
0.698582 0.372139 98376 1 -0.415104 0.9625 399 1 1387 0.0094226 -0.0203297 -0.0820661 -0.37362 7.75787 154.857 
0.471863 0.114479 98416 1 -0.380729 0.9625 400 1 1388 0.00933211 -0.0189912 -0.0823904 -0.366851 7.74423 154.792 
0.471863 0.114479 98416 1 -0.358854 0.9625 401 1 1388 0.00933211 -0.0189912 -0.0823904 -0.366851 7.74423 154.792 
0.52413 0.0911399 98577 1 -0.358854 0.9625 402 1 1392 0.00906831 -0.0166936 -0.0865404 -0.336489 7.73274 154.965 
0.535677 0.0709533 98617 1 -0.358854 0.9625 403 1 1393 0.00902355 -0.0178272 -0.0893897 -0.33569 7.75124 154.913 
0.488308 -0.0483096 98696 1 -0.352604 0.943269 404 1 1395 0.0092074 -0.0186895 -0.0891467 -0.33947 7.73302 155.047 
0.531793 -0.400407 98776 1 -0.317708 0.739423 405 0 1397 0.00938468 -0.0182072 -0.0879639 -0.322065 7.7052 155.058 
0.528783 -0.404206 98857 1 -0.294792 0.5375 406 0 1399 0.00865421 -0.0228863 -0.0880005 -0.355841 7.6885 155.131 
0.50774 -0.398072 98897 1 -0.301042 0.480769 407 0 1400 0.0085752 -0.0205901 -0.0863511 -0.317325 7.65626 155.113 
0.135364 -0.309003 98977 1 -0.297396 0.460577 408 0 1402 0.00982619 -0.0234227 -0.0860994 -0.330844 7.64263 155.178 
0.146824 -0.297866 99057 1 -0.270833 0.407692 409 0 1404 0.00997533 -0.024453 -0.0860247 -0.332337 7.64543 155.207 
0.132159 -0.250874 99097 1 -0.251563 0.379808 410 0 1405 0.00938371 -0.0235697 -0.0848287 -0.309936 7.63433 155.162 
0.120168 -0.234522 99137 1 -0.247917 0.371154 411 0 1406 0.00896722 -0.0230884 -0.0845134 -0.289951 7.63924 155.166 
0.120168 -0.234522 99137 1 -0.23125 0.369231 412 0 1406 0.00896722 -0.0230884 -0.0845134 -0.289951 7.63924 155.166 
0.122328 -0.226243 99338 1 -0.208333 0.368269 413 0 1411 0.00943845 -0.0230469 -0.086229 -0.2736 7.63531 155.433 
0.153362 -0.237704 99378 1 -0.205729 0.367308 414 0 1412 0.00972956 -0.02346 -0.086027 -0.262381 7.62291 155.442 
0.105188 -0.338527 99458 1 -0.204167 0.3625 415 0 1414 0.0103555 -0.0271642 -0.0915935 -0.290208 7.68595 155.017 
0.105188 -0.338527 99458 1 -0.204687 0.360577 416 0 1414 0.0103555 -0.0271642 -0.0915935 -0.290208 7.68595 155.017 
-0.273472 -0.192771 99619 1 -0.205208 0.359615 417 0 1418 0.01185 -0.0262714 -0.100601 -0.301913 7.78679 154.331 
-0.293851 -0.17216 99659 1 -0.205208 0.359615 418 0 1419 0.0116463 -0.0260106 -0.100868 -0.312695 7.79671 154.229 
-0.175365 -0.0826877 99739 1 -0.205208 0.359615 419 1 1421 0.0113256 -0.0241856 -0.0997534 -0.289814 7.79956 154.324 
-0.0803384 -0.0246276 99819 1 -0.205208 0.359615 420 1 1423 0.0123287 -0.0246164 -0.0965039 -0.263181 7.78895 154.457 
-0.0917957 0.0367128 99859 1 -0.205208 0.359615 421 1 1424 0.0124854 -0.0237664 -0.0953811 -0.243315 7.77561 154.495 
-0.0508618 0.0844901 99939 1 -0.205208 0.359615 422 1 1426 0.0120663 -0.0236649 -0.0934222 -0.213157 7.75442 154.544 
0.177649 0.0812694 100019 1 -0.205208 0.359615 423 1 1428 0.0122295 -0.0266769 -0.0945794 -0.252264 7.77995 154.487 
0.223179 0.0584023 100100 1 -0.205208 0.359615 424 1 1430 0.0126174 -0.025723 -0.0937733 -0.236746 7.77735 154.494 
0.272801 0.0684783 100140 1 -0.205208 0.359615 425 1 1431 0.0121386 -0.0252142 -0.0932771 -0.246957 7.7864 154.541 
0.261172 -0.0111231 100219 1 -0.205208 0.359615 426 1 1433 0.0122494 -0.0287036 -0.0933955 -0.310849 7.7891 154.604 
0.283864 -0.0442999 100300 1 -0.205208 0.359615 427 1 1435 0.0126298 -0.0289588 -0.0931163 -0.305737 7.79496 154.592 
0.273022 -0.0710617 100340 1 -0.205208 0.359615 428 1 1436 0.0119424 -0.0288644 -0.0928471 -0.307069 7.79863 154.577 
0.271877 -0.068206 100420 1 -0.205208 0.359615 429 1 1438 0.0119377 -0.0287894 -0.0928274 -0.307982 7.79888 154.576 
0.273134 -0.0333199 100501 1 -0.205208 0.359615 430 1 1440 0.0126545 -0.0296747 -0.091486 -0.316846 7.79724 154.707 
0.532254 0.0496431 100580 1 -0.205208 0.359615 431 1 1442 0.0120767 -0.0293191 -0.091488 -0.331248 7.77595 154.719 
0.556794 -0.00259758 100660 1 -0.205208 0.359615 432 1 1444 0.0143699 -0.0277338 -0.0968929 -0.324479 7.83015 154.314 
0.494545 -0.237966 100740 1 -0.205208 0.359615 433 0 1446 0.0147634 -0.0282781 -0.111445 -0.339314 7.95784 152.966 
0.498216 -0.228262 100781 1 -0.205208 0.359615 434 0 1447 0.0152641 -0.0279627 -0.122185 -0.328305 8.07203 152.101 
0.609291 1.12907 100901 1 -0.205208 0.359615 435 0 1450 0.0155534 -0.0164034 -0.135547 -0.0325395 8.12777 151.33 
0.416503 0.458061 100940 1 -0.205208 0.359615 436 1 1451 0.0182775 -0.0260078 -0.135842 0.0126734 8.07018 151.054 
0.3863 -0.029217 101021 1 -0.205208 0.359615 437 1 1453 0.0253299 -0.0375506 -0.135795 0.199403 7.89075 150.535 
0.347499 0.0347816 101101 1 -0.205208 0.359615 438 0 1455 0.0349719 -0.0549021 -0.14135 0.453351 7.68034 150.516 
-0.272117 2.24059 101181 1 -0.205208 0.359615 439 0 1457 0.0381162 -0.0722147 -0.138123 0.54886 7.51494 150.997 
-0.012178 1.40154 101262 1 -0.205208 0.359615 440 0 1459 0.0485503 -0.0926279 -0.156194 0.888159 7.57768 150.584 
0.378259 0.839842 101341 1 -0.205208 0.359615 441 0 1461 0.051438 -0.0991161 -0.118099 1.14985 6.99881 151.105 
0.368689 0.800894 101381 1 -0.205208 0.359615 442 0 1462 0.0504102 -0.101902 -0.107592 1.14538 6.83172 150.163 
0.26771 0.72234 101462 1 -0.205208 0.359615 443 0 1464 0.0305206 -0.129665 -0.0940916 0.834173 6.84321 148.828 
0.185967 0.858219 101502 1 -0.205208 0.359615 444 0 1465 0.0188415 -0.137759 -0.081029 0.735325 6.82691 148.743 
0.185967 0.858219 101502 1 -0.205208 0.359615 445 0 1465 0.0188415 -0.137759 -0.081029 0.735325 6.82691 148.743 
0.739839 3.74958 101662 1 -0.205208 0.359615 446 0 1469 -0.0343347 -0.0499561 0.100187 1.11682 5.82644 161.017 
-0.708954 -0.646146 101742 1 -0.205208 0.359615 447 0 1471 -0.0647834 -0.0139805 0.156054 1.61499 5.78876 169.322 
-0.565114 -0.420243 101782 1 -0.205208 0.359615 448 0 1472 -0.0835867 0.00153936 0.172198 1.85302 5.92117 174.104 
-0.565114 -0.420243 101782 1 -0.205208 0.359615 449 0 1472 -0.0835867 0.00153936 0.172198 1.85302 5.92117 174.104 
1.55603 1.15475 101823 1 -0.205208 0.359615 450 0 1473 -0.118619 0.0233536 0.176392 2.08301 6.12802 178.867 
4.92345 3.6968 101983 1 -0.205208 0.359615 451 0 1477 -0.180333 0.114396 0.252626 2.8061 5.39155 182.368 
1.96086 0.941516 102103 1 -0.205208 0.359615 452 0 1480 -0.203888 0.230587 0.332167 3.66275 4.14104 179.589 
1.87892 1.73976 102143 1 -0.205208 0.359615 453 0 1481 -0.198468 0.223176 0.399417 3.40143 3.13507 175.031 
1.87892 1.73976 102143 1 -0.205208 0.359615 454 0 1481 -0.198468 0.223176 0.399417 3.40143 3.13507 175.031 
2.9414 2.47302 102183 1 -0.205208 0.359615 455 0 1482 -0.183432 0.238374 0.384898 3.57499 3.15862 173.876 
1.91431 -1.5849 102344 1 -0.205208 0.359615 456 0 1486 -0.128285 0.217883 0.380369 4.05627 3.17553 168.779 
2.73535 -0.461496 102384 1 -0.205208 0.359615 457 0 1487 -0.111599 0.184485 0.362702 3.88375 3.38168 168.999 
1.44035 -0.105415 102463 1 -0.205208 0.359615 458 0 1489 -0.0806865 0.140632 0.340686 3.67439 3.43201 166.234 
1.44035 -0.105415 102463 1 -0.205208 0.359615 459 0 1489 -0.0806865 0.140632 0.340686 3.67439 3.43201 166.234 
0.68423 2.43374 102664 1 -0.205208 0.359615 460 0 1494 -0.014169 -0.0322368 0.0876725 2.03397 6.16338 159.005 
0.00267085 1.42551 102745 1 -0.205208 0.359615 461 0 1496 -0.0152544 -0.0803365 0.0527656 1.40907 6.6028 158.368 
-0.155295 1.21797 102784 1 -0.205208 0.359615 462 0 1497 -0.0167115 -0.098798 0.0522663 1.14066 6.64273 157.722 
-0.155295 1.21797 102784 1 -0.205208 0.359615 463 0 1497 -0.0167115 -0.098798 0.0522663 1.14066 6.64273 157.722 
-0.244751 1.05426 102904 1 -0.205208 0.359615 464 0 1500 -0.00799592 -0.110008 0.0385582 0.926654 6.81302 158.632 
-0.050377 0.561977 102985 1 -0.205208 0.359615 465 0 1502 -0.00775734 -0.118264 0.0302342 0.653937 6.921 158.458 
-0.0696976 0.50842 103065 1 -0.203646 0.359615 466 0 1504 -0.0069187 -0.112433 0.01828 0.452863 6.94831 158.38 
-0.0768326 0.260997 103115 1 -0.198958 0.363462 467 0 1505 -0.00857654 -0.113967 0.0134615 0.211505 6.93839 158.211 
-0.0768326 0.260997 103115 1 -0.178125 0.379808 468 0 1505 -0.00857654 -0.113967 0.0134615 0.211505 6.93839 158.211 
0.640552 0.448593 103145 1 -0.05 0.473077 469 0 1506 -0.00833362 -0.0997151 0.0068731 0.157801 7.03764 157.674 
0.580557 0.429102 103345 1 0.248438 0.572115 470 0 1511 -0.0194889 -0.0680141 0.000588053 -0.13125 7.09943 157.04 
0.763855 0.491623 103426 1 0.459896 0.497115 471 1 1513 -0.0218172 -0.0575777 -0.0034954 -0.0627326 7.06844 156.953 
0.763855 0.491623 103426 1 0.625 0.279808 472 1 1513 -0.0218172 -0.0575777 -0.0034954 -0.0627326 7.06844 156.953 
0.446207 0.599864 103545 1 0.709375 0 473 1 1516 -0.0180989 -0.052963 -0.00248412 -0.100542 7.24349 157.26 
0.418094 0.805336 103626 1 0.717187 0 474 1 1518 -0.0263718 -0.0485985 0.000755757 -0.0610515 7.26174 157.229 
0.891661 0.404878 103746 1 0.717187 0 475 0 1521 -0.0242261 -0.042729 -0.00856168 0.0112408 7.36111 157.536 
0.859515 0.36778 103786 1 0.651563 0 476 0 1522 -0.0242728 -0.0440513 -0.0092919 -0.00570326 7.32705 157.491 
0.745818 0.443774 103867 1 0.647396 0 477 0 1524 -0.0227167 -0.0368912 -0.00850256 -0.0194557 7.27864 157.449 
0.76213 0.532583 103906 1 0.607812 0.0134615 478 1 1525 -0.02152 -0.0324277 -0.0122476 -0.0195622 7.27606 157.411 
0.811773 0.1705 103986 1 0.571875 0.0269231 479 1 1527 -0.0215561 -0.0361911 -0.0146292 -0.116374 7.24471 157.341 
0.786574 0.146585 104067 1 0.568229 0.0326923 480 1 1529 -0.0237587 -0.0354502 -0.0153389 -0.166546 7.18447 157.365 
0.708642 0.0843689 104147 1 0.552604 0.0432692 481 1 1531 -0.0250683 -0.0359613 -0.020524 -0.194974 7.23082 157.297 
0.647976 0.0752635 104187 1 0.546354 0.0442308 482 1 1532 -0.0261069 -0.037886 -0.0208403 -0.237105 7.23258 157.121 
0.718755 0.0693952 104270 1 0.533854 0.0451923 483 1 1534 -0.0271328 -0.0336761 -0.0249604 -0.229164 7.25888 157.204 
0.702946 -0.0490461 104347 1 0.521875 0.0528846 484 1 1536 -0.0278965 -0.0379872 -0.0292142 -0.336125 7.32817 157.068 
0.718679 0.0986013 104427 1 0.518229 0.0567308 485 1 1538 -0.0285354 -0.0376253 -0.0286614 -0.363946 7.28076 156.95 
0.71581 0.0252446 104468 1 0.516667 0.0576923 486 1 1539 -0.0286424 -0.037053 -0.0304131 -0.38252 7.27574 156.814 
0.712799 0.0321127 104548 1 0.516146 0.0576923 487 1 1541 -0.0286828 -0.0370193 -0.0303249 -0.382931 7.27693 156.799 
0.67955 0.023965 104628 1 0.516146 0.0576923 488 1 1543 -0.0294078 -0.0365115 -0.0302919 -0.389366 7.27782 156.77 
0.706249 -0.157483 104708 1 0.516146 0.0576923 489 1 1545 -0.0277713 -0.0360173 -0.0371562 -0.3964 7.40935 156.906 
0.695248 -0.132387 104788 1 0.515625 0.0576923 490 1 1547 -0.029011 -0.037215 -0.0368098 -0.392394 7.4044 156.729 
0.683654 -0.0631644 104828 1 0.513542 0.0557692 491 1 1548 -0.0292186 -0.0403502 -0.0360836 -0.447499 7.41947 156.673 
0.721975 0.000993773 104908 1 0.507292 0.0557692 492 1 1550 -0.029328 -0.0387378 -0.0354645 -0.416291 7.39907 156.493 
0.704598 -0.0146464 104989 1 0.505729 0.0557692 493 1 1552 -0.0280922 -0.0406666 -0.0383244 -0.424395 7.43264 156.453 
0.653685 -0.140403 105071 1 0.503646 0.0557692 494 1 1554 -0.0290452 -0.0397145 -0.0380285 -0.430294 7.39889 156.361 
0.647988 -0.215962 105153 1 0.434375 0.0557692 495 0 1556 -0.0278092 -0.0414012 -0.0407147 -0.421184 7.43978 156.395 
1.42448 2.21752 105270 1 0.324479 0.0375 496 0 1559 -0.0274916 -0.040534 -0.0413669 -0.417619 7.4501 156.354 
-0.171479 1.30338 105349 1 0.275 0.0192308 497 0 1561 -0.0284299 -0.0383456 -0.0324147 -0.37328 7.36011 156.683 
0.1094 0.1087 105429 1 0.229687 0.0134615 498 1 1563 -0.0302564 -0.0377212 -0.0333496 -0.35136 7.35214 156.574 
0.108155 -0.0266381 105509 1 0.198958 0.0134615 499 1 1565 -0.0291195 -0.0382894 -0.0364974 -0.334629 7.37068 156.383 
-0.231804 -0.108164 105590 1 0.16875 0.0144231 500 0 1567 -0.0290714 -0.0359568 -0.0386008 -0.276667 7.38194 156.241 
-0.240234 -0.151025 105630 1 0.157292 0.0144231 501 0 1568 -0.0289146 -0.0377705 -0.0390408 -0.306436 7.39264 156.166 
-0.217633 -0.244305 105711 1 0.142187 0.0144231 502 0 1570 -0.0280011 -0.036048 -0.039381 -0.270664 7.41828 155.901 
-0.188522 -0.238006 105790 1 0.128646 0.0144231 503 0 1572 -0.0268369 -0.0349886 -0.0380947 -0.213624 7.40667 155.561 
-0.137672 -0.376722 105870 1 0.125521 0.0144231 504 0 1574 -0.0255897 -0.0383076 -0.0441554 -0.221932 7.46754 155.458 
-0.117196 -0.393857 105950 1 0.125521 0.0144231 505 0 1576 -0.0249436 -0.0413026 -0.0442668 -0.229713 7.45951 155.301 
-0.0800337 -0.41142 105990 1 0.120833 0.0144231 506 0 1577 -0.0247339 -0.0402091 -0.0449819 -0.20412 7.46633 155.214 
-0.0800337 -0.41142 105990 1 0.120833 0.0144231 507 0 1577 -0.0247339 -0.0402091 -0.0449819 -0.20412 7.46633 155.214 
-0.113228 -0.341941 106150 1 0.120833 0.0144231 508 0 1581 -0.0247977 -0.0413788 -0.0507738 -0.216806 7.51733 154.986 
-0.0976906 0.278958 106231 1 0.120833 0.0144231 509 1 1583 -0.0253422 -0.0396152 -0.0515866 -0.222758 7.51465 154.78 
-0.139106 0.369873 106311 1 0.115625 0.0317308 510 1 1585 -0.0254098 -0.0407308 -0.0542246 -0.262771 7.53503 154.618 
-0.139106 0.369873 106311 1 0.0963542 0.130769 511 1 1585 -0.0254098 -0.0407308 -0.0542246 -0.262771 7.53503 154.618 
-0.00220893 0.0755511 106471 1 0.0869792 0.222115 512 1 1589 -0.0250561 -0.0392564 -0.0666914 -0.281016 7.66325 154.278 
0.198196 -0.113108 106552 1 0.0932292 0.268269 513 1 1591 -0.0260447 -0.0375768 -0.0653461 -0.255824 7.60819 154.341 
0.195843 -0.0846047 106631 1 0.106771 0.272115 514 1 1593 -0.027284 -0.0401841 -0.0638023 -0.295912 7.56176 154.418 
0.0858076 -0.125483 106712 1 0.105729 0.261538 515 1 1595 -0.0288663 -0.0386788 -0.06559 -0.257502 7.55654 154.441 
0.0806721 -0.14174 106752 1 0.105729 0.254808 516 1 1596 -0.029234 -0.0393281 -0.0651321 -0.260932 7.54451 154.419 
0.0451015 -0.121115 106832 1 0.105729 0.254808 517 1 1598 -0.0301428 -0.0432552 -0.0635766 -0.310556 7.51522 154.457 
