ImageFile:
0.302047 0.200118 65319 1 0.413021 0.178846 1 1 658 -0.0548738 -0.0925877 0.0779974 0.104206 3.52561 110.905 
0.250077 0.178636 65399 1 0.413021 0.178846 2 1 660 -0.0563551 -0.090549 0.0802407 0.0748798 3.52512 111.168 
0.213485 0.259283 65439 1 0.413021 0.178846 3 1 661 -0.0592276 -0.0872394 0.0805234 0.0854248 3.49808 111.195 
0.21711 0.270286 65558 1 0.413021 0.178846 4 1 664 -0.0596732 -0.0866123 0.074617 0.0698448 3.48837 110.939 
0.314321 0.373933 65639 1 0.413021 0.178846 5 1 666 -0.0581641 -0.0876703 0.0738326 0.0893802 3.5135 110.989 
0.328116 0.477194 65719 1 0.408333 0.184615 6 1 668 -0.0558562 -0.0910469 0.0769224 0.0876777 3.55814 111.215 
0.32524 0.479058 65759 1 0.403646 0.2 7 1 669 -0.0560051 -0.0909703 0.0768941 0.0870366 3.55789 111.22 
0.339642 0.536904 65840 1 0.390104 0.2625 8 1 671 -0.05956 -0.0797779 0.0775101 0.159136 3.49972 111.19 
0.365035 0.544813 65919 1 0.36875 0.4625 9 1 673 -0.0628125 -0.0781381 0.0755823 0.210665 3.499 111.084 
0.411769 0.479954 66000 1 0.294792 0.753846 10 1 675 -0.0593892 -0.083884 0.0758307 0.225813 3.52996 111.101 
0.223071 0.151639 66080 1 0.234896 0.923077 11 1 677 -0.0534673 -0.0915891 0.0779234 0.229636 3.54776 111.267 
0.195357 0.153966 66120 1 0.208854 0.986538 12 1 678 -0.0516602 -0.093412 0.0770915 0.224055 3.55261 111.267 
0.135368 0.203178 66200 1 0.194271 0.990385 13 1 680 -0.0545082 -0.0885711 0.0790067 0.225465 3.52063 111.216 
0.11669 0.26194 66282 1 0.163021 0.986538 14 1 682 -0.0572049 -0.0859029 0.0782248 0.238869 3.48586 111.147 
0.383483 0.512031 66360 1 0.118229 0.986538 15 1 684 -0.0553591 -0.0874345 0.0750753 0.220245 3.52401 111.055 
0.40063 0.612177 66441 1 0.0927083 0.984615 16 1 686 -0.0526846 -0.0896713 0.0756922 0.200151 3.54661 111.129 
0.377606 0.636439 66521 1 0.0864583 0.984615 17 1 688 -0.0529535 -0.0899524 0.0764073 0.170728 3.56622 111.106 
0.372309 0.633268 66561 1 0.084375 0.984615 18 1 689 -0.0531776 -0.0859547 0.0766337 0.18498 3.56732 111.177 
0.404341 0.64633 66641 1 0.0817708 0.984615 19 1 691 -0.0559181 -0.0791519 0.0776735 0.194372 3.53267 111.081 
0.403052 0.648046 66681 1 0.0802083 0.983654 20 1 692 -0.0561487 -0.0791383 0.0776401 0.194312 3.53239 111.079 
0.420681 0.64989 66761 1 0.078125 0.982692 21 1 694 -0.0569573 -0.0794738 0.0764382 0.20948 3.56776 111.052 
0.417601 0.646214 66842 1 0.0770833 0.982692 22 1 696 -0.0526628 -0.0801637 0.078362 0.220183 3.56751 111.168 
0.435838 0.654541 66923 1 0.0755208 0.981731 23 1 698 -0.0505714 -0.0859356 0.0763016 0.193745 3.59125 111.2 
0.435144 0.667984 66962 1 0.075 0.980769 24 1 699 -0.0512895 -0.0880743 0.0751494 0.183954 3.60136 111.176 
0.383681 0.641345 67042 1 0.075 0.980769 25 1 701 -0.0519681 -0.0904615 0.0742812 0.167918 3.58623 111.161 
0.382943 0.658119 67122 1 0.075 0.980769 26 1 703 -0.053286 -0.0882506 0.0745851 0.186277 3.56977 111.112 
0.389369 0.619565 67202 1 0.075 0.980769 27 1 705 -0.0543033 -0.0889053 0.0720905 0.190218 3.61244 111.045 
0.396332 0.654231 67282 1 0.075 0.980769 28 1 707 -0.0525694 -0.0887536 0.0754914 0.192874 3.5987 111.076 
0.40308 0.671859 67322 1 0.075 0.980769 29 1 708 -0.0518825 -0.088241 0.0779243 0.19412 3.5898 111.079 
0.380317 0.650402 67402 1 0.075 0.980769 30 1 710 -0.0526448 -0.0871942 0.0815293 0.182024 3.59488 111.211 
0.388662 0.685075 67483 1 0.075 0.980769 31 1 712 -0.0535583 -0.0835223 0.0813844 0.170359 3.57827 111.211 
0.416669 0.712708 67563 1 0.075 0.980769 32 1 714 -0.0586288 -0.0776371 0.0805206 0.174875 3.55095 111.138 
0.404006 0.722301 67603 1 0.075 0.980769 33 1 715 -0.0610516 -0.0755504 0.0788674 0.18827 3.55872 111.091 
0.426809 0.648418 67683 1 0.075 0.980769 34 1 717 -0.059696 -0.0752026 0.0772478 0.208228 3.58314 111.088 
0.460683 0.657492 67763 1 0.075 0.980769 35 1 719 -0.0554886 -0.079765 0.0804752 0.20961 3.5987 111.104 
0.415282 0.67062 67803 1 0.075 0.980769 36 1 720 -0.0542477 -0.0835593 0.0836081 0.192775 3.58133 111.14 
0.538246 3.38763 67883 1 0.075 0.980769 37 0 722 -0.0526565 -0.080262 0.0961471 0.193416 3.47295 111.354 
1.41062 4.83823 67923 1 0.075 0.980769 38 0 723 -0.0598749 -0.0801925 0.0983837 0.17365 3.43957 111.446 
0.422541 1.44439 68084 1 0.075 0.980769 39 0 727 -0.0591846 -0.0740419 0.131892 0.21622 3.13222 111.363 
0.398629 1.36376 68164 1 0.075 0.980769 40 0 729 -0.0550205 -0.0812302 0.121879 0.192645 3.22191 111.619 
0.385512 1.27654 68203 1 0.075 0.980769 41 0 730 -0.0533332 -0.0828419 0.115395 0.185949 3.28525 111.779 
0.399863 1.22244 68245 1 0.075 0.980769 42 0 731 -0.0538117 -0.0788209 0.114298 0.223365 3.28739 111.954 
0.435585 1.03189 68364 1 0.075 0.979808 43 1 734 -0.0579434 -0.0680761 0.101329 0.291864 3.3248 112.415 
0.456515 1.01367 68445 1 0.075 0.979808 44 1 736 -0.0566735 -0.0683487 0.102278 0.345093 3.33058 112.571 
0.434644 1.02117 68524 1 0.075 0.979808 45 1 738 -0.0489044 -0.0770297 0.107014 0.355626 3.29311 112.733 
0.441307 1.00193 68564 1 0.075 0.979808 46 1 739 -0.045438 -0.0787937 0.10463 0.355794 3.30806 112.738 
0.421566 1.04248 68645 1 0.075 0.979808 47 1 741 -0.0468613 -0.077941 0.103448 0.345587 3.28447 112.635 
0.414908 1.02852 68725 1 0.075 0.979808 48 1 743 -0.0509826 -0.0746339 0.101011 0.315855 3.27204 112.484 
0.437475 1.02333 68805 1 0.075 0.979808 49 1 745 -0.058168 -0.0681216 0.100037 0.337946 3.28613 112.328 
0.451648 0.991777 68885 1 0.075 0.979808 50 1 747 -0.0587813 -0.0680612 0.0961641 0.336497 3.35575 112.269 
0.469511 0.957908 68925 1 0.075 0.979808 51 1 748 -0.056827 -0.0675327 0.0957848 0.349135 3.37951 112.341 
0.474789 0.926596 69046 1 0.075 0.979808 52 1 751 -0.0568407 -0.0664226 0.0967856 0.347763 3.39909 112.274 
0.461026 0.923097 69126 1 0.075 0.979808 53 1 753 -0.0590337 -0.0645443 0.0951076 0.336227 3.40245 112.212 
0.469049 0.913283 69166 1 0.075 0.979808 54 1 754 -0.0591108 -0.0620319 0.0941164 0.350104 3.40139 112.183 
0.489989 0.927166 69206 1 0.075 0.979808 55 1 755 -0.060426 -0.0612573 0.0927767 0.353463 3.40864 112.177 
0.517007 0.926115 69326 1 0.075 0.979808 56 1 758 -0.0596899 -0.0622223 0.0935885 0.36006 3.40841 112.048 
0.516734 0.917732 69366 1 0.075 0.979808 57 1 759 -0.0591648 -0.0623623 0.0936554 0.36125 3.40925 112.042 
0.497214 0.923874 69446 1 0.075 0.979808 58 1 761 -0.0583052 -0.0624994 0.0937987 0.344296 3.4001 111.999 
0.521123 0.93564 69527 1 0.075 0.979808 59 1 763 -0.0592525 -0.0604282 0.093123 0.323753 3.41054 112.003 
0.512178 0.934381 69567 1 0.075 0.979808 60 1 764 -0.0597165 -0.0585021 0.0934699 0.32045 3.40397 112.017 
0.506424 0.914806 69686 1 0.075 0.979808 61 1 767 -0.0633851 -0.05318 0.092352 0.319018 3.39024 111.955 
0.538911 0.941084 69767 1 0.075 0.979808 62 1 769 -0.0634636 -0.0541665 0.0934634 0.342427 3.39187 111.905 
0.51203 0.944494 69807 1 0.0744792 0.979808 63 1 770 -0.0609988 -0.0561423 0.0943734 0.333894 3.38632 111.892 
0.535239 0.94504 69847 1 0.0572917 0.979808 64 1 771 -0.0594451 -0.058033 0.0955676 0.330172 3.37749 111.902 
0.494686 0.949226 69969 1 -0.139063 0.961538 65 1 774 -0.0593532 -0.0619583 0.093801 0.268805 3.38564 111.906 
0.514783 0.988441 70007 1 -0.547396 0.860577 66 1 775 -0.0612235 -0.0579122 0.094986 0.272113 3.37307 111.81 
0.482633 0.934703 70087 1 -0.804688 0.704808 67 1 777 -0.0629009 -0.0583597 0.0938505 0.22963 3.38946 111.817 
0.506222 0.917667 70167 1 -0.804688 0.704808 68 1 779 -0.065106 -0.0575018 0.0944774 0.253489 3.38712 111.772 
0.506222 0.917667 70167 1 -0.804688 0.704808 69 1 779 -0.065106 -0.0575018 0.0944774 0.253489 3.38712 111.772 
0.501768 0.911246 70288 1 -0.804688 0.704808 70 1 782 -0.0603661 -0.0573817 0.0964264 0.36345 3.41397 111.775 
0.490029 0.864587 70367 1 -0.804688 0.704808 71 1 784 -0.0582618 -0.0620086 0.0946342 0.339776 3.4588 111.875 
0.316185 1.82998 70408 1 -0.824479 0.695192 72 0 785 -0.0590571 -0.0632962 0.0955506 0.312537 3.44908 111.874 
0.958421 4.26181 70448 1 -0.840104 0.671154 73 0 786 -0.0580812 -0.0599465 0.10178 0.299697 3.34653 111.539 
2.49349 6.39342 70488 1 -0.864062 0.619231 74 0 787 -0.0623787 -0.0584663 0.0917123 0.279211 3.36028 111.282 
0.367274 1.51555 70569 1 -0.877083 0.567308 75 0 789 -0.0626131 -0.0773254 0.0607128 0.242484 3.3634 110.175 
0.38595 1.24971 70689 1 -0.885938 0.503846 76 0 792 -0.0457198 -0.136207 0.04432 0.181755 3.17709 108.844 
0.354676 1.34049 70768 1 -0.8875 0.444231 77 0 794 -0.0348384 -0.175713 0.0507608 0.0265493 3.1 108.015 
0.299089 1.46765 70810 1 -0.888542 0.424038 78 0 795 -0.0180925 -0.191137 0.0604587 -0.0942872 3.03225 107.566 
0.230835 1.67043 70930 1 -0.888021 0.440385 79 0 798 0.0298656 -0.228195 0.09197 -0.437807 2.96172 107.32 
0.144969 1.54058 71010 1 -0.88125 0.475962 80 0 800 0.0370185 -0.237269 0.0900259 -0.616858 3.02334 107.712 
0.140536 1.58071 71049 1 -0.86875 0.479808 81 0 801 0.0434527 -0.239329 0.0924398 -0.653025 2.96803 107.836 
0.137893 1.49559 71129 1 -0.841146 0.449038 82 0 803 0.0570679 -0.226464 0.0907678 -0.599401 2.94687 108.234 
0.205426 1.50049 71169 1 -0.822917 0.411538 83 0 804 0.0602427 -0.20871 0.08802 -0.489087 2.95839 108.385 
0.197338 1.28163 71290 1 -0.819271 0.391346 84 0 807 0.047727 -0.173539 0.0646948 -0.250375 3.06835 108.345 
0.20416 1.21547 71330 1 -0.825521 0.361538 85 0 808 0.0437208 -0.157466 0.0611349 -0.118171 3.11478 108.276 
0.169022 1.09397 71410 1 -0.832812 0.3 86 1 810 0.0484918 -0.131036 0.0593587 -0.0237743 3.11536 108.953 
0.262405 1.06765 71450 1 -0.839583 0.190385 87 1 811 0.0473175 -0.105931 0.0613706 0.0936936 3.0573 109.443 
0.285584 1.02252 71490 1 -0.853646 0.0567308 88 1 812 0.0368952 -0.0950884 0.060064 0.0858305 3.02583 109.976 
0.290347 1.00423 71650 1 -0.878125 0.00769231 89 1 816 -0.00341952 -0.0631361 0.0403266 0.189467 2.83962 110.499 
0.335423 0.960976 71690 1 -0.917188 0.00769231 90 1 817 0.00337675 -0.0584117 0.0345753 0.253793 2.83623 110.705 
0.261373 0.937802 71771 1 -0.956771 0.00769231 91 1 819 -7.10472e-005 -0.0627875 0.0246587 0.104213 2.82123 110.846 
0.261373 0.937802 71771 1 -0.971875 0.00769231 92 1 819 -7.10472e-005 -0.0627875 0.0246587 0.104213 2.82123 110.846 
-0.158916 0.693398 71931 1 -0.970833 0.00769231 93 1 823 -0.0082219 -0.0395701 0.040968 -0.0946141 2.73691 111.751 
-0.235777 0.466493 71971 1 -0.952083 0.00769231 94 0 824 -0.0178991 -0.0552365 0.0356669 -0.154039 2.8328 111.748 
-0.240922 0.430812 72091 1 -0.836458 0.00865385 95 0 827 -0.0236928 -0.0733274 0.0336125 -0.0420629 2.78785 111.87 
-0.240922 0.430812 72091 1 -0.64375 0.0134615 96 0 827 -0.0236928 -0.0733274 0.0336125 -0.0420629 2.78785 111.87 
-0.24691 0.526409 72212 1 -0.455208 0.0115385 97 0 830 -0.022349 -0.0739856 0.0379073 0.0997996 2.65415 111.338 
-0.233221 0.499277 72291 1 -0.338021 0.00865385 98 0 832 -0.0137664 -0.0844024 0.0353385 0.149276 2.75293 111.247 
-0.224625 0.493913 72374 1 -0.284375 0.00769231 99 0 834 -0.00964967 -0.0880936 0.033366 0.128305 2.8333 110.99 
-0.242234 0.485081 72412 1 -0.257813 0.00769231 100 0 835 -0.0102654 -0.0886537 0.0307243 0.0960687 2.91047 110.873 
-0.208392 0.498069 72452 1 -0.236458 0.00769231 101 0 836 -0.0103243 -0.0921335 0.0311951 0.0335533 2.93295 110.787 
-0.244073 0.474002 72532 1 -0.227604 0.00769231 102 0 838 -0.0134359 -0.0905585 0.0313508 -0.0895218 2.93637 110.594 
-0.195081 0.485821 72612 1 -0.227604 0.00769231 103 1 840 -0.0191003 -0.0786932 0.0274269 -0.183415 2.98409 110.38 
-0.223734 0.480011 72692 1 -0.227604 0.00769231 104 0 842 -0.0255653 -0.0776088 0.0304449 -0.29719 2.99388 110.129 
-0.175017 0.460467 72733 1 -0.230729 0.0105769 105 1 843 -0.0289101 -0.0776135 0.0318235 -0.308584 3.0199 110.132 
-0.175017 0.460467 72733 1 -0.24375 0.0317308 106 1 843 -0.0289101 -0.0776135 0.0318235 -0.308584 3.0199 110.132 
-0.225952 0.371551 72893 1 -0.274479 0.0951923 107 0 847 -0.0301075 -0.0873355 0.0383778 -0.278259 3.06575 110.181 
-0.190383 0.418942 72972 1 -0.336979 0.25 108 1 849 -0.0304672 -0.0898303 0.0397007 -0.235593 3.08657 110.191 
-0.196069 0.466687 73054 1 -0.389583 0.407692 109 1 851 -0.0308223 -0.0923302 0.041616 -0.228093 3.04351 110.183 
-0.199176 0.469388 73104 1 -0.429167 0.527885 110 1 852 -0.0334631 -0.0914734 0.0420307 -0.219652 3.02084 110.195 
-0.163297 0.465174 73173 1 -0.434375 0.570192 111 1 854 -0.036218 -0.0863679 0.0413513 -0.184576 3.01067 110.091 
-0.190991 0.426272 73253 1 -0.427604 0.579808 112 1 856 -0.0325217 -0.0870696 0.0414522 -0.205106 3.05183 110.206 
-0.18473 0.431306 73334 1 -0.426563 0.602885 113 1 858 -0.0341909 -0.0890739 0.042886 -0.243039 3.02673 110.333 
-0.197776 0.454691 73373 1 -0.435417 0.638462 114 1 859 -0.034249 -0.0914626 0.0429193 -0.271547 3.01399 110.303 
-0.192201 0.438855 73453 1 -0.450521 0.657692 115 1 861 -0.0341614 -0.0959757 0.0397881 -0.294864 3.05117 110.243 
-0.202266 0.434787 73537 1 -0.477604 0.658654 116 0 863 -0.0333569 -0.0991857 0.0436138 -0.287637 3.05659 110.236 
-0.197736 0.457705 73574 1 -0.507813 0.661538 117 1 864 -0.0330459 -0.100083 0.0428412 -0.284098 3.08673 110.25 
-0.184768 0.458952 73654 1 -0.540625 0.663462 118 1 866 -0.0372004 -0.100542 0.0437082 -0.270329 3.10559 110.279 
-0.157266 0.453027 73735 1 -0.566667 0.665385 119 1 868 -0.0380585 -0.0993174 0.0458152 -0.260545 3.10706 110.207 
-0.154099 0.446999 73814 1 -0.591667 0.666346 120 1 870 -0.0369843 -0.0990632 0.045602 -0.264952 3.11236 110.236 
0.346983 0.213885 73895 1 -0.610938 0.666346 121 1 872 -0.0348812 -0.0988936 0.0477221 -0.27893 3.10565 110.228 
0.319892 0.12537 73938 1 -0.623958 0.666346 122 1 873 -0.0369775 -0.0956046 0.0477217 -0.262077 3.1077 110.318 
0.274367 0.0884028 74015 1 -0.630208 0.669231 123 1 875 -0.0405136 -0.0932706 0.0465308 -0.30405 3.10044 110.326 
0.30563 0.0844019 74094 1 -0.644792 0.675 124 1 877 -0.0418103 -0.0932851 0.0448592 -0.33495 3.10584 110.232 
0.305206 0.0641908 74136 1 -0.69375 0.677885 125 1 878 -0.0417578 -0.0921942 0.0450111 -0.327577 3.11163 110.193 
0.329994 0.0523468 74215 1 -0.738021 0.678846 126 1 880 -0.0383162 -0.0875638 0.0474321 -0.298934 3.14442 110.384 
0.3371 0.060084 74296 1 -0.786458 0.679808 127 1 882 -0.0394922 -0.0854523 0.0484955 -0.275249 3.11116 110.425 
0.329351 0.0550532 74376 1 -0.811458 0.679808 128 1 884 -0.0406854 -0.0853986 0.0467316 -0.265261 3.11599 110.339 
0.336648 0.05668 74416 1 -0.820313 0.680769 129 1 885 -0.0393514 -0.0839454 0.0464102 -0.254885 3.12684 110.352 
0.338278 0.0737601 74498 1 -0.832812 0.684615 130 1 887 -0.0394468 -0.0844315 0.0499329 -0.252181 3.11316 110.312 
0.31085 0.0211557 74576 1 -0.836979 0.686538 131 1 889 -0.0412662 -0.0848195 0.046542 -0.265963 3.13952 110.476 
0.325362 0.0574818 74616 1 -0.841667 0.694231 132 1 890 -0.0422079 -0.0841795 0.0465485 -0.273333 3.11436 110.385 
0.352591 0.0637206 74696 1 -0.844271 0.696154 133 1 892 -0.0426467 -0.0863194 0.0449841 -0.306877 3.13308 110.22 
0.350376 0.0363349 74777 1 -0.844271 0.696154 134 1 894 -0.0413794 -0.0867632 0.0502539 -0.336938 3.14736 110.268 
0.349124 0.0864004 74817 1 -0.844271 0.696154 135 1 895 -0.0429192 -0.0870701 0.0519774 -0.353632 3.15083 110.266 
0.351662 0.103776 74899 1 -0.844271 0.696154 136 1 897 -0.0447297 -0.084258 0.0513813 -0.394034 3.15599 110.452 
0.373579 0.0670816 74977 1 -0.844271 0.696154 137 1 899 -0.049892 -0.0786582 0.0508619 -0.411805 3.11766 110.341 
0.365102 0.0875964 75017 1 -0.844271 0.696154 138 1 900 -0.0534286 -0.0749296 0.0489341 -0.380302 3.12349 110.309 
0.367441 0.0865324 75099 1 -0.843229 0.700962 139 1 902 -0.0532913 -0.0750123 0.0488675 -0.379556 3.12286 110.31 
0.414279 0.0455543 75177 1 -0.841146 0.706731 140 1 904 -0.0484511 -0.0826939 0.0507234 -0.408586 3.13128 110.359 
0.410006 0.0211958 75217 1 -0.841146 0.706731 141 1 905 -0.0474918 -0.0853486 0.050219 -0.431628 3.15752 110.444 
0.359984 0.0290323 75297 1 -0.841146 0.706731 142 1 907 -0.0500789 -0.0807754 0.0502028 -0.424804 3.15035 110.454 
0.350256 0.041464 75378 1 -0.840625 0.706731 143 1 909 -0.0509309 -0.0796639 0.0477492 -0.428079 3.12761 110.366 
0.366154 0.0320503 75418 1 -0.842187 0.696154 144 1 910 -0.0507232 -0.0809462 0.0460257 -0.424 3.14591 110.285 
0.405362 0.021804 75498 1 -0.843229 0.684615 145 1 912 -0.0473086 -0.0830632 0.0498277 -0.417729 3.1411 110.35 
0.40512 0.00825904 75578 1 -0.847396 0.674038 146 1 914 -0.0446682 -0.0906457 0.0501862 -0.466644 3.15488 110.443 
0.390616 0.0155096 75618 1 -0.847396 0.674038 147 1 915 -0.0445358 -0.0925211 0.0505766 -0.489396 3.14621 110.465 
0.355424 0.0201727 75698 1 -0.847396 0.674038 148 1 917 -0.045998 -0.0885888 0.0469068 -0.49408 3.13357 110.424 
0.339738 0.0262882 75778 1 -0.847396 0.674038 149 1 919 -0.0473642 -0.0857381 0.045748 -0.485736 3.14016 110.346 
0.750128 0.309309 75859 1 -0.847396 0.674038 150 1 921 -0.04634 -0.0879266 0.0474653 -0.500615 3.13953 110.322 
0.750128 0.309309 75859 1 -0.847396 0.674038 151 1 921 -0.04634 -0.0879266 0.0474653 -0.500615 3.13953 110.322 
0.799237 0.346382 75978 1 -0.84375 0.678846 152 1 924 -0.0461421 -0.0863501 0.0491495 -0.50751 3.17883 110.373 
0.781938 0.327352 76058 1 -0.843229 0.678846 153 1 926 -0.048474 -0.0844326 0.045585 -0.548394 3.20216 110.437 
0.836024 0.329231 76139 1 -0.843229 0.678846 154 1 928 -0.0519341 -0.0748159 0.0466386 -0.503605 3.17488 110.296 
0.839401 0.325879 76179 1 -0.843229 0.678846 155 1 929 -0.0516836 -0.075911 0.044697 -0.502835 3.21645 110.26 
0.874133 0.314518 76219 1 -0.843229 0.678846 156 1 930 -0.0511935 -0.0767105 0.044835 -0.483902 3.24053 110.345 
0.848052 0.31717 76340 1 -0.843229 0.678846 157 1 933 -0.0440123 -0.0857238 0.0452557 -0.515035 3.23779 110.407 
0.839608 0.332235 76379 1 -0.843229 0.678846 158 1 934 -0.0430211 -0.0870106 0.0444267 -0.528295 3.24413 110.442 
0.791825 0.346577 76460 1 -0.843229 0.678846 159 1 936 -0.0445089 -0.0823939 0.0443817 -0.53322 3.21146 110.526 
0.81558 0.376758 76499 1 -0.843229 0.678846 160 1 937 -0.0461447 -0.0780969 0.0451544 -0.513194 3.17102 110.444 
0.81558 0.376758 76499 1 -0.843229 0.678846 161 1 937 -0.0461447 -0.0780969 0.0451544 -0.513194 3.17102 110.444 
0.871441 0.337809 76660 1 -0.843229 0.678846 162 1 941 -0.0449218 -0.0841474 0.044368 -0.497581 3.20254 110.331 
0.79519 0.336973 76740 1 -0.843229 0.678846 163 1 943 -0.0409725 -0.0891352 0.0458923 -0.507263 3.22477 110.346 
0.769626 0.344496 76820 1 -0.843229 0.678846 164 1 945 -0.0409413 -0.0911816 0.046607 -0.541645 3.23049 110.4 
0.766909 0.361418 76900 1 -0.843229 0.678846 165 1 947 -0.0428178 -0.0876942 0.0432108 -0.555222 3.22447 110.388 
0.769322 0.363378 76940 1 -0.843229 0.678846 166 1 948 -0.0442642 -0.0855681 0.0435612 -0.536829 3.22123 110.354 
0.782415 0.341046 77021 1 -0.843229 0.678846 167 1 950 -0.0452454 -0.0857977 0.0461222 -0.52585 3.23916 110.376 
0.78548 0.337822 77061 1 -0.843229 0.678846 168 1 951 -0.044168 -0.0855996 0.0474795 -0.526702 3.24207 110.423 
0.758038 0.345417 77141 1 -0.843229 0.678846 169 1 953 -0.0425693 -0.0910143 0.0471748 -0.57744 3.2387 110.426 
0.768861 0.389749 77221 1 -0.843229 0.678846 170 1 955 -0.0438904 -0.091775 0.0464985 -0.603642 3.23852 110.266 
0.766317 0.354561 77261 1 -0.843229 0.678846 171 1 956 -0.0442807 -0.0928605 0.0453823 -0.62132 3.25952 110.34 
0.798234 0.361061 77342 1 -0.843229 0.678846 172 1 958 -0.0450694 -0.0898569 0.047971 -0.601191 3.24434 110.412 
0.814767 0.367626 77422 1 -0.843229 0.678846 173 1 960 -0.0483507 -0.0856211 0.0483221 -0.567901 3.22663 110.476 
0.826616 0.358478 77461 1 -0.843229 0.678846 174 1 961 -0.0473495 -0.0876487 0.0438546 -0.578943 3.2548 110.439 
0.8331 0.335059 77541 1 -0.843229 0.678846 175 1 963 -0.0483337 -0.0873424 0.0438078 -0.559058 3.25785 110.398 
0.81873 0.328915 77622 1 -0.843229 0.678846 176 1 965 -0.0461483 -0.089499 0.0488108 -0.583239 3.24848 110.473 
0.832888 0.384957 77702 1 -0.843229 0.678846 177 1 967 -0.048235 -0.0871035 0.0523975 -0.57312 3.24444 110.468 
0.79469 0.365486 77783 1 -0.843229 0.678846 178 1 969 -0.0496888 -0.087028 0.0527816 -0.622633 3.20874 110.443 
0.771507 0.354774 77822 1 -0.843229 0.678846 179 1 970 -0.0502343 -0.0870893 0.0509234 -0.632365 3.21635 110.419 
0.387603 0.269375 77902 1 -0.843229 0.678846 180 1 972 -0.0515334 -0.0908059 0.0513574 -0.659881 3.22995 110.356 
0.369391 0.278162 77982 1 -0.843229 0.678846 181 1 974 -0.0500619 -0.0891057 0.0547101 -0.648615 3.22862 110.444 
0.368324 0.268081 78023 1 -0.843229 0.678846 182 1 975 -0.0490482 -0.093247 0.0536428 -0.679738 3.25197 110.465 
0.324833 0.317001 78105 1 -0.843229 0.678846 183 1 977 -0.0507384 -0.0952459 0.0548325 -0.713492 3.24974 110.587 
0.280745 0.355061 78183 1 -0.843229 0.678846 184 1 979 -0.0535918 -0.0882943 0.0570971 -0.700801 3.20609 110.575 
0.300424 0.319141 78262 1 -0.843229 0.678846 185 1 981 -0.0555061 -0.0901045 0.0571204 -0.708429 3.21033 110.535 
0.307912 0.308058 78343 1 -0.843229 0.678846 186 1 983 -0.0549464 -0.0899764 0.0578778 -0.701847 3.21089 110.51 
0.321517 0.292198 78423 1 -0.843229 0.678846 187 1 985 -0.0528712 -0.0946334 0.0554092 -0.70268 3.27438 110.555 
0.333634 0.280554 78465 1 -0.843229 0.678846 188 1 986 -0.0525674 -0.0990406 0.0539204 -0.720622 3.31201 110.61 
0.351376 0.288619 78544 1 -0.843229 0.678846 189 1 988 -0.051893 -0.099787 0.0543232 -0.717012 3.31444 110.714 
0.359956 0.301707 78583 1 -0.843229 0.678846 190 1 989 -0.0517999 -0.09669 0.0554375 -0.69017 3.28543 110.654 
0.363793 0.304216 78704 1 -0.843229 0.678846 191 1 992 -0.0534003 -0.093165 0.0553107 -0.644063 3.2709 110.49 
0.365739 0.302416 78744 1 -0.843229 0.678846 192 1 993 -0.0534365 -0.0932406 0.0553479 -0.643301 3.27124 110.485 
0.376271 0.310995 78825 1 -0.843229 0.678846 193 1 995 -0.0511039 -0.0970682 0.0559735 -0.639108 3.29234 110.518 
0.359015 0.291999 78864 1 -0.843229 0.678846 194 1 996 -0.050255 -0.0988296 0.0562224 -0.645469 3.30438 110.569 
0.310577 0.338697 78945 1 -0.843229 0.678846 195 1 998 -0.0503346 -0.0962311 0.0599121 -0.645073 3.29058 110.645 
0.305004 0.31363 79024 1 -0.843229 0.678846 196 1 1000 -0.0525929 -0.0933952 0.0554458 -0.656454 3.29514 110.595 
0.341762 0.305044 79064 1 -0.843229 0.678846 197 1 1001 -0.0546635 -0.0914926 0.054683 -0.644895 3.28719 110.519 
0.402254 0.311907 79145 1 -0.843229 0.678846 198 1 1003 -0.0566034 -0.0885852 0.0560805 -0.587282 3.27863 110.411 
0.415423 0.322152 79227 1 -0.843229 0.678846 199 1 1005 -0.0513919 -0.0947819 0.0585178 -0.594104 3.29311 110.474 
0.374079 0.337245 79265 1 -0.843229 0.678846 200 1 1006 -0.0484012 -0.0974719 0.062883 -0.600414 3.27083 110.463 
0.352967 0.39713 79347 1 -0.843229 0.678846 201 1 1008 -0.0497821 -0.0953073 0.0657932 -0.59834 3.23839 110.496 
0.33908 0.417021 79384 1 -0.843229 0.678846 202 1 1009 -0.0534611 -0.0929913 0.0654699 -0.588371 3.22046 110.514 
0.370092 0.336159 79506 1 -0.843229 0.678846 203 1 1012 -0.0513179 -0.107834 0.0596804 -0.608489 3.28212 110.417 
0.373202 0.358052 79545 1 -0.843229 0.678846 204 1 1013 -0.0486471 -0.107688 0.0639496 -0.585758 3.25494 110.46 
0.362231 0.365635 79626 1 -0.843229 0.678846 205 1 1015 -0.0469653 -0.110676 0.061956 -0.582262 3.27155 110.459 
0.32274 0.371698 79666 1 -0.843229 0.678846 206 1 1016 -0.0481868 -0.110806 0.0631116 -0.579957 3.24354 110.544 
0.369673 0.306318 79785 1 -0.843229 0.678846 207 1 1019 -0.0518437 -0.103487 0.0546845 -0.555073 3.28856 110.021 
0.380772 0.265616 79866 1 -0.843229 0.678846 208 1 1021 -0.0526122 -0.104561 0.0524759 -0.566191 3.30139 110.043 
0.386587 0.256065 79947 1 -0.843229 0.678846 209 1 1023 -0.051388 -0.104591 0.0527178 -0.566135 3.30312 110.066 
0.371603 0.261969 79988 1 -0.843229 0.678846 210 1 1024 -0.050868 -0.104879 0.0530901 -0.582077 3.28866 110.067 
0.104969 0.0974874 80106 1 -0.843229 0.678846 211 1 1027 -0.0543136 -0.100729 0.0518406 -0.573222 3.30081 109.957 
0.0164327 0.0282254 80146 1 -0.843229 0.678846 212 1 1028 -0.0528632 -0.0986323 0.0541701 -0.549956 3.27591 109.937 
-0.0525265 0.00820499 80227 1 -0.843229 0.678846 213 1 1030 -0.0513237 -0.101551 0.0549191 -0.556514 3.27968 109.969 
-0.101878 0.033089 80267 1 -0.843229 0.678846 214 1 1031 -0.0506325 -0.102821 0.0561239 -0.555687 3.28204 110.011 
-0.127434 0.0610626 80390 1 -0.843229 0.678846 215 1 1034 -0.0504276 -0.101801 0.0563831 -0.554007 3.27351 110.069 
-0.118439 0.0707423 80466 1 -0.843229 0.678846 216 1 1036 -0.0530592 -0.0971928 0.0542003 -0.522925 3.28562 110.004 
-0.138168 0.0288499 80547 1 -0.843229 0.678846 217 1 1038 -0.052275 -0.0985653 0.05438 -0.494467 3.29161 109.96 
-0.124755 0.0102955 80587 1 -0.843229 0.678846 218 1 1039 -0.0498905 -0.100423 0.0558993 -0.491784 3.28966 110.008 
0.18399 0.129512 80668 1 -0.843229 0.678846 219 1 1041 -0.045669 -0.107846 0.0555392 -0.536811 3.29777 110.079 
0.272134 0.158504 80748 1 -0.843229 0.678846 220 1 1043 -0.0474175 -0.110603 0.0550274 -0.566626 3.27704 110.044 
0.283187 0.163398 80827 1 -0.843229 0.678846 221 1 1045 -0.0494302 -0.108972 0.0532619 -0.566878 3.29405 110.117 
0.520962 0.210846 80867 1 -0.843229 0.678846 222 1 1046 -0.0511272 -0.109804 0.0520395 -0.578725 3.28671 110.131 
0.531369 0.198262 80908 1 -0.843229 0.678846 223 1 1047 -0.0514008 -0.109813 0.0521798 -0.578273 3.28757 110.106 
0.602724 0.146859 81028 1 -0.843229 0.678846 224 1 1050 -0.0502588 -0.113143 0.0535645 -0.552789 3.31164 110.131 
0.62013 0.144871 81068 1 -0.843229 0.678846 225 1 1051 -0.04923 -0.11379 0.0559056 -0.545165 3.3048 110.163 
0.627955 0.11513 81149 1 -0.843229 0.678846 226 1 1053 -0.0483961 -0.11425 0.0585608 -0.546954 3.29605 110.163 
0.489681 0.0662991 81228 1 -0.843229 0.678846 227 1 1055 -0.0509154 -0.110873 0.0599358 -0.53395 3.26696 110.186 
0.489681 0.0662991 81228 1 -0.843229 0.678846 228 1 1055 -0.0509154 -0.110873 0.0599358 -0.53395 3.26696 110.186 
0.305914 0.0280316 81390 1 -0.843229 0.678846 229 1 1059 -0.0505241 -0.11088 0.0561102 -0.527607 3.28841 110.161 
0.0528642 -0.018516 81469 1 -0.843229 0.678846 230 1 1061 -0.0495129 -0.110626 0.0584319 -0.515099 3.28868 110.322 
0.00508152 -0.0241108 81509 1 -0.843229 0.678846 231 1 1062 -0.0490808 -0.110523 0.0581264 -0.516207 3.28564 110.334 
-0.0435192 -0.00644104 81550 1 -0.843229 0.678846 232 1 1063 -0.0494483 -0.110124 0.0569556 -0.519537 3.27694 110.316 
-0.0541625 0.0289857 81629 1 -0.843229 0.678846 233 1 1065 -0.0513737 -0.105083 0.054775 -0.506336 3.27761 110.274 
-0.0747766 0.0567421 81709 1 -0.843229 0.678846 234 1 1067 -0.0511486 -0.10337 0.0547236 -0.505585 3.26862 110.217 
-0.109175 0.0176176 81790 1 -0.843229 0.678846 235 1 1069 -0.0508962 -0.104151 0.0560071 -0.505323 3.26669 110.17 
-0.10533 -0.00033941 81830 1 -0.843229 0.678846 236 1 1070 -0.0507962 -0.107193 0.0555154 -0.528073 3.28124 110.159 
0.112056 0.0310957 81870 1 -0.843229 0.678846 237 1 1071 -0.0506522 -0.107733 0.0547875 -0.531295 3.29367 110.134 
0.254475 0.0271128 81990 1 -0.843229 0.678846 238 1 1074 -0.0494303 -0.107525 0.0578572 -0.523669 3.27337 110.155 
0.344855 0.011943 82030 1 -0.843229 0.678846 239 1 1075 -0.0487866 -0.109653 0.0554471 -0.537694 3.28899 110.189 
0.398542 0.0822729 82110 1 -0.843229 0.678846 240 1 1077 -0.0503202 -0.105752 0.0563646 -0.532139 3.25262 110.157 
0.403299 0.0549807 82193 1 -0.843229 0.678846 241 1 1079 -0.0528056 -0.102689 0.0550463 -0.534033 3.258 110.078 
0.40581 0.0343828 82231 1 -0.843229 0.678846 242 1 1080 -0.0531958 -0.102641 0.0554614 -0.535303 3.26203 110.063 
0.547577 0.172879 82311 1 -0.843229 0.678846 243 1 1082 -0.0516999 -0.104235 0.0553596 -0.538459 3.28512 110.143 
0.57299 0.182891 82391 1 -0.843229 0.678846 244 1 1084 -0.0509448 -0.105307 0.0559993 -0.543431 3.28493 110.187 
0.547109 0.228814 82471 1 -0.843229 0.678846 245 1 1086 -0.0524556 -0.105339 0.0544658 -0.559281 3.27824 110.147 
0.53628 0.21645 82511 1 -0.843229 0.678846 246 1 1087 -0.0526802 -0.104573 0.0527295 -0.562707 3.28771 110.096 
0.493231 0.138795 82551 1 -0.843229 0.678846 247 1 1088 -0.0526232 -0.102561 0.0532434 -0.547034 3.28904 110.104 
0.431608 0.138973 82672 1 -0.843229 0.678846 248 1 1091 -0.0512494 -0.105529 0.0557118 -0.535534 3.29381 110.212 
0.418678 0.153539 82711 1 -0.843229 0.678846 249 1 1092 -0.0505724 -0.106649 0.0552177 -0.530999 3.2858 110.248 
0.413377 0.287121 82792 1 -0.843229 0.678846 250 1 1094 -0.050278 -0.109422 0.0500115 -0.555085 3.32233 110.209 
0.43753 0.514478 82831 1 -0.843229 0.678846 251 1 1095 -0.051646 -0.108523 0.0507797 -0.55751 3.31487 110.104 
0.438011 0.474349 82954 1 -0.843229 0.678846 252 1 1098 -0.0505495 -0.107386 0.052317 -0.550427 3.32892 110.237 
0.428487 0.486695 83032 1 -0.843229 0.678846 253 1 1100 -0.0511306 -0.107142 0.0539018 -0.555064 3.32049 110.26 
0.431132 0.537183 83112 1 -0.843229 0.678846 254 1 1102 -0.0523357 -0.108138 0.0520684 -0.56217 3.32098 110.192 
0.430036 0.539761 83152 1 -0.843229 0.678846 255 1 1103 -0.0523547 -0.108105 0.0520238 -0.562483 3.32055 110.196 
0.392162 0.211381 83232 1 -0.843229 0.678846 256 1 1105 -0.0523087 -0.104364 0.0538339 -0.526853 3.3073 110.166 
0.404127 0.205166 83312 1 -0.843229 0.678846 257 1 1107 -0.0506083 -0.106119 0.0561173 -0.534563 3.29966 110.217 
0.404902 0.214609 83393 1 -0.843229 0.678846 258 1 1109 -0.0518594 -0.1062 0.0568693 -0.531801 3.29143 110.213 
0.414757 0.172521 83472 1 -0.843229 0.678846 259 1 1111 -0.0513177 -0.104706 0.0558532 -0.519818 3.28733 110.183 
0.414757 0.172521 83472 1 -0.843229 0.678846 260 1 1111 -0.0513177 -0.104706 0.0558532 -0.519818 3.28733 110.183 
0.411125 0.186772 83593 1 -0.843229 0.678846 261 1 1114 -0.0501865 -0.107295 0.0553058 -0.542783 3.28791 110.272 
0.38913 0.196439 83673 1 -0.843229 0.678846 262 1 1116 -0.0527689 -0.10457 0.0544535 -0.550584 3.28524 110.167 
0.415102 0.191717 83754 1 -0.843229 0.678846 263 1 1118 -0.0539876 -0.101955 0.054668 -0.530953 3.295 110.17 
0.439089 0.16926 83794 1 -0.843229 0.678846 264 1 1119 -0.0525822 -0.102236 0.0555512 -0.522984 3.29588 110.215 
0.409329 0.561469 83873 1 -0.843229 0.678846 265 1 1121 -0.0501656 -0.109716 0.055365 -0.567477 3.31356 110.271 
0.376156 0.651472 83953 1 -0.843229 0.678846 266 1 1123 -0.0523843 -0.111331 0.0553074 -0.581295 3.30314 110.184 
0.375371 0.652747 84034 1 -0.843229 0.678846 267 1 1125 -0.0545116 -0.106768 0.0522094 -0.556048 3.32222 110.3 
0.380945 0.669239 84074 1 -0.843229 0.678846 268 1 1126 -0.0550806 -0.104558 0.0522641 -0.53935 3.31327 110.158 
0.401982 0.641799 84114 1 -0.843229 0.678846 269 1 1127 -0.0559659 -0.104461 0.0526383 -0.524887 3.31817 110.107 
0.403399 0.654818 84234 1 -0.843229 0.678846 270 1 1130 -0.0488618 -0.11215 0.0578187 -0.504448 3.31901 110.313 
0.38862 0.450962 84314 1 -0.843229 0.678846 271 1 1132 -0.0471262 -0.114052 0.0606873 -0.508138 3.29648 110.338 
0.408163 0.42248 84403 1 -0.843229 0.678846 272 1 1134 -0.0495312 -0.111078 0.0570833 -0.526612 3.30927 110.338 
0.363217 0.463889 84435 1 -0.843229 0.678846 273 1 1135 -0.0518953 -0.109215 0.0572858 -0.533922 3.28835 110.247 
0.390556 0.243197 84555 1 -0.843229 0.678846 274 1 1138 -0.053534 -0.106725 0.0559819 -0.519433 3.30418 110.183 
0.405917 0.209435 84634 1 -0.843229 0.678846 275 1 1140 -0.0563243 -0.106319 0.0575986 -0.504924 3.31812 110.285 
0.410753 0.246382 84715 1 -0.843229 0.678846 276 1 1142 -0.0563503 -0.105268 0.0592027 -0.510027 3.29619 110.325 
0.401651 0.251535 84755 1 -0.843229 0.678846 277 1 1143 -0.0560508 -0.10402 0.0589687 -0.511217 3.27117 110.322 
0.386196 0.242039 84836 1 -0.843229 0.678846 278 1 1145 -0.0568008 -0.103245 0.0558044 -0.508378 3.2709 110.318 
0.416618 0.213085 84916 1 -0.843229 0.678846 279 1 1147 -0.0547338 -0.104962 0.0547482 -0.488872 3.30261 110.311 
0.4289 0.191222 84995 1 -0.843229 0.678846 280 1 1149 -0.0493722 -0.111513 0.0571421 -0.506295 3.31975 110.382 
0.405477 0.59524 85076 1 -0.843229 0.678846 281 1 1151 -0.0512431 -0.115337 0.0571698 -0.533711 3.32629 110.492 
0.405477 0.59524 85076 1 -0.843229 0.678846 282 1 1151 -0.0512431 -0.115337 0.0571698 -0.533711 3.32629 110.492 
0.393242 0.713344 85238 1 -0.843229 0.678846 283 1 1155 -0.0539299 -0.11318 0.0513159 -0.532042 3.30453 110.244 
0.68829 0.402751 85316 1 -0.843229 0.678846 284 1 1157 -0.0505697 -0.114027 0.0520343 -0.526632 3.31213 110.291 
0.672061 0.207795 85396 1 -0.843229 0.678846 285 1 1159 -0.049488 -0.113573 0.0533008 -0.536543 3.31978 110.286 
0.672061 0.207795 85396 1 -0.843229 0.678846 286 1 1159 -0.049488 -0.113573 0.0533008 -0.536543 3.31978 110.286 
0.899512 0.237044 85516 1 -0.843229 0.678846 287 1 1162 -0.0520644 -0.112262 0.0514289 -0.557667 3.30518 110.271 
0.976304 0.243774 85597 1 -0.843229 0.678846 288 1 1164 -0.0523469 -0.112412 0.0511771 -0.552304 3.29498 110.111 
0.992446 0.21017 85677 1 -0.843229 0.678846 289 1 1166 -0.0507527 -0.114239 0.0535016 -0.536533 3.30503 110.174 
1.02115 0.163688 85717 1 -0.843229 0.678846 290 1 1167 -0.0488809 -0.115972 0.0530872 -0.538663 3.32322 110.254 
0.957065 0.233458 85797 1 -0.843229 0.678846 291 1 1169 -0.0487015 -0.116237 0.0574127 -0.534976 3.30693 110.303 
0.73959 0.268615 85880 1 -0.843229 0.678846 292 1 1171 -0.0507807 -0.114441 0.0530485 -0.534919 3.31093 110.286 
0.713615 0.301291 85917 1 -0.843229 0.678846 293 1 1172 -0.0512984 -0.113675 0.0523422 -0.530306 3.29659 110.224 
0.727356 0.257333 85998 1 -0.843229 0.678846 294 1 1174 -0.0506644 -0.115756 0.0508394 -0.538327 3.322 110.251 
0.725345 0.248805 86040 1 -0.843229 0.678846 295 1 1175 -0.0500883 -0.115648 0.0511071 -0.539473 3.32419 110.246 
0.653066 0.307468 86157 1 -0.843229 0.678846 296 1 1178 -0.0502109 -0.119185 0.0501526 -0.580333 3.33301 110.23 
0.636511 0.342465 86239 1 -0.843229 0.678846 297 1 1180 -0.0525892 -0.113092 0.0489035 -0.569784 3.29802 110.175 
0.724788 0.313511 86319 1 -0.843229 0.678846 298 1 1182 -0.0548461 -0.112182 0.0500614 -0.580049 3.28126 110.141 
0.800983 0.155771 86358 1 -0.843229 0.678846 299 1 1183 -0.0550274 -0.111409 0.0507052 -0.576198 3.28751 110.099 
0.800983 0.155771 86358 1 -0.843229 0.678846 300 1 1183 -0.0550274 -0.111409 0.0507052 -0.576198 3.28751 110.099 
0.878457 0.134721 86518 1 -0.843229 0.678846 301 1 1187 -0.0546142 -0.113502 0.0500763 -0.571873 3.29798 110.128 
0.932835 0.18523 86558 1 -0.843229 0.678846 302 1 1188 -0.0571994 -0.112188 0.0498603 -0.574152 3.30226 110.142 
0.956093 0.192083 86641 1 -0.843229 0.678846 303 1 1190 -0.0601981 -0.105662 0.0513684 -0.565702 3.29492 110.181 
0.952204 0.172611 86679 1 -0.843229 0.678846 304 1 1191 -0.0603248 -0.104661 0.0522511 -0.563144 3.27754 110.173 
0.807654 -0.0782657 86760 1 -0.843229 0.678846 305 1 1193 -0.0585207 -0.106902 0.0525454 -0.56821 3.29153 110.118 
0.707665 -0.0928509 86839 1 -0.843229 0.678846 306 1 1195 -0.0556484 -0.109436 0.0537109 -0.574182 3.28318 110.205 
0.68328 -0.0568434 86919 1 -0.843229 0.678846 307 1 1197 -0.0562933 -0.109251 0.053782 -0.578549 3.28558 110.201 
0.536702 -0.137537 86959 1 -0.843229 0.678846 308 1 1198 -0.0587514 -0.106918 0.0524703 -0.57015 3.30728 110.243 
0.375332 -0.175111 86999 1 -0.843229 0.678846 309 1 1199 -0.0591677 -0.104122 0.0522419 -0.561791 3.30513 110.209 
0.361236 -0.173049 87041 1 -0.843229 0.678846 310 1 1200 -0.0592715 -0.104032 0.0521151 -0.56266 3.30389 110.224 
0.264572 -0.173994 87160 1 -0.843229 0.678846 311 1 1203 -0.0578743 -0.108139 0.0537748 -0.566708 3.31428 110.232 
0.043171 -0.196689 87239 1 -0.843229 0.678846 312 1 1205 -0.055694 -0.109217 0.0540425 -0.566937 3.31517 110.335 
-0.0828365 -0.131158 87320 1 -0.843229 0.678846 313 1 1207 -0.0562145 -0.108803 0.054859 -0.575942 3.29323 110.298 
-0.10687 -0.123705 87360 1 -0.843229 0.678846 314 1 1208 -0.0567729 -0.107101 0.0550685 -0.573658 3.29794 110.285 
-0.179604 -0.122372 87480 1 -0.843229 0.678846 315 1 1211 -0.0564353 -0.106642 0.0561989 -0.540684 3.32047 110.33 
-0.176144 -0.153681 87521 1 -0.843229 0.678846 316 1 1212 -0.0540801 -0.109188 0.0558055 -0.537868 3.3304 110.349 
-0.214438 -0.108817 87600 1 -0.843229 0.678846 317 0 1214 -0.0517118 -0.113686 0.0568215 -0.558867 3.32145 110.355 
-0.237426 -0.0562935 87640 1 -0.843229 0.678846 318 0 1215 -0.0521742 -0.11324 0.0574247 -0.56096 3.30558 110.369 
-0.221077 -0.075558 87721 1 -0.843229 0.678846 319 0 1217 -0.0547905 -0.107166 0.0566149 -0.539743 3.30142 110.406 
-0.195796 -0.060076 87801 1 -0.843229 0.678846 320 1 1219 -0.0553098 -0.104618 0.0577411 -0.538414 3.30234 110.396 
-0.189237 -0.0619011 87882 1 -0.843229 0.678846 321 1 1221 -0.0538493 -0.10712 0.0599256 -0.552079 3.29136 110.467 
-0.190746 -0.0653082 87922 1 -0.843229 0.678846 322 1 1222 -0.053642 -0.106268 0.059702 -0.544153 3.29225 110.51 
-0.201657 -0.0515044 87961 1 -0.843229 0.678846 323 0 1223 -0.0550938 -0.105531 0.0597529 -0.550643 3.28673 110.503 
-0.197982 -0.0309241 88083 1 -0.843229 0.678846 324 1 1226 -0.0562558 -0.103702 0.0587083 -0.542996 3.29675 110.34 
-0.190536 -0.0908144 88162 1 -0.843229 0.678846 325 1 1228 -0.0528254 -0.110058 0.0593269 -0.562062 3.32063 110.462 
-0.191778 -0.118396 88242 1 -0.843229 0.678846 326 1 1230 -0.0500755 -0.116418 0.0600515 -0.596482 3.32366 110.43 
-0.214547 -0.0821637 88282 1 -0.843229 0.678846 327 0 1231 -0.0511094 -0.116788 0.0606498 -0.600566 3.30565 110.391 
-0.233841 -0.0192275 88362 1 -0.843229 0.678846 328 0 1233 -0.052035 -0.116434 0.0568229 -0.605795 3.3165 110.328 
-0.21165 -0.0309619 88442 1 -0.843229 0.678846 329 0 1235 -0.0524247 -0.115558 0.0530833 -0.607735 3.33298 110.355 
-0.196477 -0.0360829 88522 1 -0.843229 0.678846 330 1 1237 -0.051685 -0.11734 0.0518841 -0.622787 3.33032 110.339 
-0.186625 -0.0606996 88563 1 -0.843229 0.678846 331 1 1238 -0.051246 -0.118692 0.0517433 -0.625738 3.33242 110.391 
-0.179198 -0.0517476 88603 1 -0.843229 0.678846 332 1 1239 -0.0507157 -0.119001 0.0527662 -0.623469 3.32451 110.414 
-0.179198 -0.0517476 88603 1 -0.843229 0.678846 333 1 1239 -0.0507157 -0.119001 0.0527662 -0.623469 3.32451 110.414 
-0.17599 -0.0615081 88803 1 -0.843229 0.678846 334 1 1244 -0.0515983 -0.118871 0.0528811 -0.625636 3.30096 110.445 
-0.174103 -0.0702489 88843 1 -0.843229 0.678846 335 1 1245 -0.0517748 -0.118599 0.0540822 -0.621525 3.28507 110.42 
-0.184016 -0.079708 88923 1 -0.843229 0.678846 336 1 1247 -0.0528461 -0.117551 0.0544248 -0.615327 3.2857 110.404 
-0.43724 -0.160959 89004 1 -0.843229 0.678846 337 0 1249 -0.0524972 -0.116216 0.0550784 -0.580473 3.30389 110.492 
-0.435723 -0.205393 89044 1 -0.843229 0.678846 338 0 1250 -0.0515246 -0.115202 0.0569607 -0.559498 3.29413 110.56 
-0.449082 -0.291079 89123 1 -0.843229 0.678846 339 0 1252 -0.0506134 -0.116508 0.058343 -0.552422 3.29205 110.691 
-0.482885 -0.252066 89203 1 -0.843229 0.678846 340 0 1254 -0.0512775 -0.117223 0.0587518 -0.595563 3.28888 110.617 
-0.384019 -0.198038 89286 1 -0.843229 0.678846 341 0 1256 -0.0552856 -0.112803 0.0575086 -0.607884 3.3019 110.581 
-0.254071 -0.151261 89324 1 -0.843229 0.678846 342 0 1257 -0.0560419 -0.111422 0.0577971 -0.613939 3.28857 110.509 
-0.262985 -0.149053 89364 1 -0.843229 0.678846 343 0 1258 -0.0558474 -0.111568 0.0554085 -0.626123 3.31325 110.419 
-0.230798 -0.130391 89484 1 -0.843229 0.678846 344 0 1261 -0.0539069 -0.115105 0.059295 -0.630479 3.31307 110.464 
-0.225001 -0.12583 89524 1 -0.843229 0.678846 345 0 1262 -0.0527752 -0.117018 0.0623524 -0.636615 3.29073 110.486 
-0.23293 -0.106658 89604 1 -0.843229 0.678846 346 0 1264 -0.0515504 -0.120168 0.0624344 -0.666595 3.2882 110.501 
-0.235901 -0.0743239 89645 1 -0.843229 0.678846 347 0 1265 -0.0527863 -0.116254 0.0627867 -0.643251 3.27682 110.566 
-0.246684 -0.0578093 89765 1 -0.843229 0.678846 348 0 1268 -0.0572384 -0.109704 0.060215 -0.627933 3.30145 110.526 
-0.195355 -0.0789615 89847 1 -0.843229 0.678846 349 1 1270 -0.0559782 -0.108448 0.0629587 -0.578906 3.28538 110.614 
-0.242641 -0.154498 89925 1 -0.843229 0.678846 350 0 1272 -0.0506785 -0.118884 0.0613235 -0.621156 3.2951 110.525 
-0.40547 -0.148028 89965 1 -0.843229 0.678846 351 0 1273 -0.0506742 -0.116182 0.0634849 -0.586166 3.27155 110.64 
-0.507231 -0.152427 90005 1 -0.843229 0.678846 352 0 1274 -0.050318 -0.11897 0.0612414 -0.620718 3.28533 110.528 
-0.560616 -0.230966 90126 1 -0.843229 0.678846 353 0 1277 -0.0534158 -0.113244 0.0613162 -0.599995 3.27725 110.606 
-0.559093 -0.257947 90205 1 -0.843229 0.678846 354 0 1279 -0.0546235 -0.111939 0.0603247 -0.600983 3.27698 110.592 
-0.557417 -0.279547 90245 1 -0.843229 0.678846 355 0 1280 -0.0546629 -0.111774 0.0601512 -0.595314 3.28119 110.589 
-0.554738 -0.287809 90286 1 -0.843229 0.678846 356 0 1281 -0.0545117 -0.110754 0.0613855 -0.576335 3.27896 110.584 
-0.539625 -0.352256 90406 1 -0.843229 0.678846 357 0 1284 -0.0521097 -0.113591 0.0650515 -0.60887 3.30058 110.503 
-0.525323 -0.396014 90446 1 -0.843229 0.678846 358 0 1285 -0.0525755 -0.113339 0.0667227 -0.605132 3.3038 110.657 
-0.540489 -0.357788 90530 1 -0.843229 0.678846 359 0 1287 -0.0543293 -0.107425 0.0690365 -0.568326 3.26383 110.654 
-0.556115 -0.292218 90607 1 -0.843229 0.678846 360 0 1289 -0.0551594 -0.106793 0.0647841 -0.571954 3.2571 110.471 
-0.556115 -0.292218 90607 1 -0.843229 0.678846 361 0 1289 -0.0551594 -0.106793 0.0647841 -0.571954 3.2571 110.471 
-0.504146 -0.382153 90726 1 -0.843229 0.678846 362 0 1292 -0.05313 -0.109681 0.0667146 -0.583416 3.32065 110.493 
-0.559527 -0.158108 90807 1 -0.843229 0.678846 363 0 1294 -0.0522813 -0.115718 0.0650543 -0.62841 3.34232 110.561 
-0.585511 -0.115572 90848 1 -0.843229 0.678846 364 0 1295 -0.0523072 -0.115689 0.0633973 -0.639177 3.33257 110.504 
-0.566324 -0.112781 90927 1 -0.843229 0.678846 365 0 1297 -0.0550336 -0.107281 0.0641895 -0.588476 3.2757 110.51 
-0.566324 -0.112781 90927 1 -0.843229 0.678846 366 0 1297 -0.0550336 -0.107281 0.0641895 -0.588476 3.2757 110.51 
-0.546855 -0.170598 91047 1 -0.843229 0.678846 367 0 1300 -0.0543649 -0.111639 0.0598464 -0.636298 3.30721 110.431 
-0.276188 -0.0571632 91128 1 -0.843229 0.678846 368 0 1302 -0.0541527 -0.115489 0.0599836 -0.65662 3.3182 110.402 
-0.225863 -0.044195 91208 1 -0.843229 0.678846 369 0 1304 -0.0538227 -0.113901 0.0611906 -0.645115 3.29494 110.364 
-0.224084 -0.050941 91248 1 -0.843229 0.678846 370 0 1305 -0.0554328 -0.113294 0.0604834 -0.634947 3.30339 110.295 
-0.190144 -0.0655219 91328 1 -0.843229 0.678846 371 1 1307 -0.0546355 -0.114792 0.0618893 -0.618606 3.3018 110.275 
-0.198864 -0.0912773 91407 1 -0.843229 0.678846 372 1 1309 -0.0497827 -0.120796 0.0620923 -0.626891 3.29815 110.287 
-0.238589 -0.0560044 91488 1 -0.843229 0.678846 373 0 1311 -0.0504654 -0.118773 0.0643749 -0.59985 3.26586 110.395 
-0.225021 -0.0474464 91569 1 -0.843229 0.678846 374 0 1313 -0.0533564 -0.112985 0.0629841 -0.588082 3.26591 110.331 
-0.225021 -0.0474464 91569 1 -0.843229 0.678846 375 0 1313 -0.0533564 -0.112985 0.0629841 -0.588082 3.26591 110.331 
-0.171768 -0.0995249 91728 1 -0.843229 0.678846 376 1 1317 -0.0559519 -0.110269 0.0637084 -0.567867 3.29946 110.192 
-0.188113 -0.150982 91809 1 -0.843229 0.678846 377 1 1319 -0.0532042 -0.118578 0.0646085 -0.622075 3.32387 110.247 
-0.22549 -0.144333 91849 1 -0.843229 0.678846 378 0 1320 -0.0525941 -0.120715 0.063717 -0.643788 3.3376 110.277 
-0.235398 -0.144816 91889 1 -0.843229 0.678846 379 0 1321 -0.052618 -0.121014 0.0620717 -0.656286 3.35368 110.277 
-0.228676 -0.0565087 92010 1 -0.843229 0.678846 380 0 1324 -0.0556676 -0.114231 0.0615786 -0.645595 3.34223 110.319 
-0.221896 0.0151442 92049 1 -0.843229 0.678846 381 0 1325 -0.0566352 -0.113356 0.0622448 -0.64271 3.32776 110.318 
-0.216342 0.01979 92129 1 -0.843229 0.678846 382 0 1327 -0.0566509 -0.114494 0.0618539 -0.638215 3.304 110.206 
-0.192174 -0.045857 92210 1 -0.843229 0.678846 383 1 1329 -0.0539425 -0.118298 0.06189 -0.625875 3.32539 110.306 
-0.192174 -0.045857 92210 1 -0.843229 0.678846 384 1 1329 -0.0539425 -0.118298 0.06189 -0.625875 3.32539 110.306 
-0.203097 -0.11258 92330 1 -0.843229 0.678846 385 0 1332 -0.0507609 -0.122157 0.063177 -0.647025 3.32695 110.378 
-0.221222 -0.0727682 92418 1 -0.843229 0.678846 386 0 1334 -0.053175 -0.123038 0.0621978 -0.682185 3.31507 110.376 
-0.228106 -0.0514625 92490 1 -0.796875 0.668269 387 0 1336 -0.0556537 -0.116563 0.0605584 -0.660131 3.305 110.354 
-0.21382 -0.0284586 92530 1 -0.796354 0.667308 388 0 1337 -0.057219 -0.11478 0.0607025 -0.648453 3.2975 110.378 
-0.197687 -0.0237912 92650 1 -0.796354 0.667308 389 1 1340 -0.0551096 -0.118604 0.0604474 -0.646717 3.2898 110.439 
-0.0669739 0.0291078 92730 1 -0.796354 0.667308 390 1 1342 -0.0532806 -0.127734 0.0597897 -0.682727 3.26925 110.52 
0.0363163 0.137413 92810 1 -0.800521 0.692308 391 1 1344 -0.053498 -0.123576 0.0580925 -0.639281 3.24629 110.566 
0.0655166 0.172439 92851 1 -0.811979 0.697115 392 1 1345 -0.0541498 -0.119052 0.0595793 -0.604421 3.21429 110.6 
0.0655166 0.172439 92851 1 -0.813542 0.696154 393 1 1345 -0.0541498 -0.119052 0.0595793 -0.604421 3.21429 110.6 
0.0685577 0.208001 92971 1 -0.810417 0.694231 394 1 1348 -0.0543789 -0.119143 0.0587561 -0.603989 3.20714 110.619 
0.0911122 0.189434 93060 1 -0.798958 0.670192 395 1 1350 -0.0541136 -0.120493 0.0566409 -0.625561 3.22145 110.39 
0.351085 0.268222 93131 1 -0.759896 0.599038 396 1 1352 -0.054459 -0.119098 0.0562794 -0.626293 3.22058 110.491 
0.316287 0.286107 93170 1 -0.691146 0.464423 397 1 1353 -0.0553325 -0.12203 0.0526535 -0.682189 3.2381 110.38 
0.352746 0.291135 93292 1 -0.570833 0.304808 398 1 1356 -0.0589106 -0.119033 0.0510446 -0.722915 3.24681 110.435 
0.340534 0.255283 93372 1 -0.427083 0.159615 399 1 1358 -0.0600738 -0.117713 0.0509142 -0.734488 3.23785 110.412 
0.337907 0.816376 93456 1 -0.352083 0.05 400 0 1360 -0.0608644 -0.118942 0.0472982 -0.746264 3.282 110.398 
0.337907 0.816376 93456 1 -0.348438 0.0365385 401 0 1360 -0.0608644 -0.118942 0.0472982 -0.746264 3.282 110.398 
0.269139 0.167127 93572 1 -0.345313 0.0365385 402 1 1363 -0.0564458 -0.120791 0.0579858 -0.665107 3.27086 110.53 
0.272734 0.0106436 93652 1 -0.294271 0.0346154 403 1 1365 -0.0545056 -0.12632 0.0594454 -0.674757 3.30326 110.496 
0.0661085 -0.0618325 93733 1 -0.231771 0.0336538 404 1 1367 -0.0552513 -0.120683 0.061687 -0.620944 3.28409 110.633 
-0.0526342 -0.0453449 93772 1 -0.202083 0.0336538 405 1 1368 -0.0560977 -0.117852 0.0619425 -0.605551 3.26541 110.581 
-0.0526342 -0.0453449 93772 1 -0.2 0.0326923 406 1 1368 -0.0560977 -0.117852 0.0619425 -0.605551 3.26541 110.581 
-0.111943 -0.102828 93932 1 -0.198437 0.0326923 407 1 1372 -0.0542665 -0.118757 0.0648957 -0.612262 3.28159 110.543 
-0.196312 -0.13554 94012 1 -0.197396 0.0326923 408 1 1374 -0.0544807 -0.119064 0.0676864 -0.628959 3.27461 110.629 
-0.391643 -0.171187 94093 1 -0.197396 0.0326923 409 0 1376 -0.0558673 -0.117641 0.0676796 -0.636991 3.27062 110.666 
-0.389027 -0.177595 94173 1 -0.2 0.0336538 410 0 1378 -0.0568755 -0.113139 0.0664425 -0.62215 3.26491 110.598 
-0.171247 -0.0637697 94254 1 -0.202083 0.0346154 411 1 1380 -0.0583396 -0.11651 0.0645538 -0.651594 3.29941 110.554 
0.366109 0.2969 94293 1 -0.20625 0.0384615 412 1 1381 -0.0582821 -0.11879 0.0644248 -0.670044 3.30607 110.523 
0.425635 0.35115 94373 1 -0.220312 0.0480769 413 1 1383 -0.0559427 -0.126973 0.059982 -0.703649 3.34402 110.377 
0.419527 0.387891 94454 1 -0.251042 0.0576923 414 1 1385 -0.0536702 -0.128851 0.060943 -0.707499 3.33318 110.392 
0.35916 0.513407 94534 1 -0.309375 0.0711538 415 1 1387 -0.0542211 -0.129192 0.0573272 -0.740376 3.34997 110.479 
0.409841 0.505032 94614 1 -0.408854 0.0682692 416 1 1389 -0.0566931 -0.124155 0.055313 -0.734167 3.35521 110.505 
0.407798 0.513063 94694 1 -0.480208 0.0605769 417 1 1391 -0.0572794 -0.122445 0.0543468 -0.729375 3.35291 110.472 
0.397736 0.344021 94775 1 -0.552604 0.0634615 418 1 1393 -0.0564963 -0.125178 0.0549384 -0.735815 3.349 110.363 
0.384234 0.317076 94814 1 -0.589583 0.0653846 419 1 1394 -0.0555783 -0.126122 0.0564264 -0.74214 3.35175 110.475 
0.374976 0.34144 94895 1 -0.589583 0.0653846 420 1 1396 -0.0556175 -0.123593 0.0566678 -0.737887 3.34638 110.483 
0.369623 0.318252 94975 1 -0.589583 0.0653846 421 1 1398 -0.0584933 -0.120329 0.0568898 -0.726975 3.33378 110.346 
0.365847 0.230983 95054 1 -0.589583 0.0653846 422 1 1400 -0.0579933 -0.120731 0.0568695 -0.722834 3.33377 110.324 
0.399164 0.217071 95094 1 -0.589583 0.0653846 423 1 1401 -0.0560521 -0.121245 0.0561128 -0.712149 3.34318 110.328 
0.380099 0.191384 95175 1 -0.588542 0.0711538 424 1 1403 -0.05551 -0.124284 0.0575717 -0.734521 3.34546 110.475 
0.350186 0.211764 95255 1 -0.588542 0.0711538 425 1 1405 -0.0567026 -0.121292 0.0559723 -0.752545 3.34768 110.405 
0.348855 0.211124 95295 1 -0.588542 0.0711538 426 1 1406 -0.0585544 -0.119667 0.0552948 -0.758903 3.34526 110.415 
0.336747 0.230971 95376 1 -0.588542 0.0711538 427 1 1408 -0.0598908 -0.116637 0.0538875 -0.764859 3.34223 110.324 
0.359184 0.210946 95458 1 -0.588542 0.0711538 428 1 1410 -0.0594079 -0.117018 0.0547291 -0.759186 3.34351 110.331 
0.384855 0.18422 95496 1 -0.588542 0.0711538 429 1 1411 -0.0572351 -0.119545 0.0546505 -0.767952 3.35244 110.33 
0.373629 0.198408 95576 1 -0.588542 0.0711538 430 1 1413 -0.0563217 -0.120922 0.055356 -0.770896 3.35376 110.365 
0.340855 0.221371 95656 1 -0.588542 0.0711538 431 1 1415 -0.0571036 -0.120717 0.0568213 -0.785757 3.3344 110.445 
0.322048 0.213293 95696 1 -0.588542 0.0711538 432 1 1416 -0.0590441 -0.119925 0.0555326 -0.792038 3.34241 110.448 
0.398851 0.301547 95777 1 -0.588542 0.0711538 433 1 1418 -0.0612548 -0.117614 0.0532704 -0.786346 3.35958 110.411 
0.416775 0.298137 95856 1 -0.588542 0.0711538 434 1 1420 -0.0591823 -0.121612 0.0537817 -0.783466 3.373 110.439 
0.422964 0.325182 95936 1 -0.588542 0.0711538 435 1 1422 -0.0554184 -0.123513 0.0565019 -0.771921 3.36224 110.524 
0.311872 0.33675 95976 1 -0.588542 0.0711538 436 1 1423 -0.0555682 -0.123583 0.057454 -0.772659 3.36021 110.611 
0.17886 0.379389 96058 1 -0.588542 0.0711538 437 1 1425 -0.0566722 -0.123331 0.0565849 -0.78228 3.35896 110.493 
0.161529 0.360328 96137 1 -0.588542 0.0711538 438 1 1427 -0.0562187 -0.123024 0.0569816 -0.784623 3.36289 110.473 
0.141419 0.346167 96176 1 -0.588542 0.0711538 439 1 1428 -0.0558309 -0.122866 0.057435 -0.777273 3.37325 110.52 
0.120863 0.37163 96257 1 -0.588542 0.0932692 440 1 1430 -0.0538556 -0.124758 0.0571451 -0.787036 3.37277 110.536 
0.113065 0.381328 96337 1 -0.568229 0.273077 441 1 1432 -0.054467 -0.124542 0.0570107 -0.788961 3.37162 110.526 
0.351173 0.501267 96418 1 -0.586979 0.520192 442 1 1434 -0.0547781 -0.126279 0.0578536 -0.809259 3.37411 110.552 
0.350437 0.505379 96458 1 -0.616146 0.729808 443 1 1435 -0.0549783 -0.126286 0.0577789 -0.809185 3.37346 110.552 
0.365098 0.473603 96537 1 -0.620313 0.8 444 1 1437 -0.0544441 -0.127838 0.0549315 -0.794242 3.38303 110.567 
0.334043 0.193074 96617 1 -0.606771 0.841346 445 1 1439 -0.0535065 -0.127885 0.0560354 -0.780373 3.37086 110.52 
0.334448 0.186777 96698 1 -0.589583 0.874038 446 1 1441 -0.0535785 -0.127803 0.0560951 -0.781051 3.37133 110.514 
0.334606 0.18015 96738 1 -0.586458 0.899038 447 1 1442 -0.0536669 -0.127716 0.05617 -0.781828 3.37195 110.511 
0.34839 0.165909 96819 1 -0.580208 0.929808 448 1 1444 -0.0559516 -0.126142 0.0589477 -0.78101 3.35016 110.498 
0.597347 0.193932 96859 1 -0.579167 0.958654 449 1 1445 -0.0562852 -0.126939 0.0598256 -0.797324 3.33608 110.392 
0.679399 0.222526 96898 1 -0.578646 0.960577 450 1 1446 -0.0555802 -0.125753 0.058416 -0.788073 3.35251 110.442 
0.679581 0.222425 96978 1 -0.578646 0.963462 451 1 1448 -0.0555763 -0.125762 0.0584135 -0.787994 3.35248 110.443 
0.697354 0.225509 97099 1 -0.578646 0.963462 452 1 1451 -0.0557472 -0.128613 0.0626346 -0.787988 3.31546 110.523 
0.689005 0.192355 97139 1 -0.578646 0.964423 453 1 1452 -0.0553213 -0.134905 0.0623478 -0.81311 3.32218 110.539 
0.431657 0.0644942 97219 1 -0.578125 0.964423 454 1 1454 -0.0541329 -0.137731 0.0655527 -0.787649 3.30489 110.632 
0.431657 0.0644942 97219 1 -0.575 0.963462 455 1 1454 -0.0541329 -0.137731 0.0655527 -0.787649 3.30489 110.632 
0.387442 0.13501 97379 1 -0.572396 0.963462 456 1 1458 -0.0523861 -0.133335 0.0690424 -0.723687 3.27437 110.699 
0.369272 0.16084 97419 1 -0.570313 0.9625 457 1 1459 -0.0533838 -0.13259 0.0686429 -0.734777 3.27665 110.608 
0.345826 0.252947 97499 1 -0.56875 0.9625 458 1 1461 -0.0541479 -0.136383 0.0624959 -0.805102 3.34565 110.607 
0.341506 0.351918 97540 1 -0.566667 0.961538 459 1 1462 -0.0553162 -0.137305 0.0600268 -0.826381 3.37284 110.629 
0.353173 0.341179 97660 1 -0.563542 0.960577 460 1 1465 -0.0557304 -0.13488 0.0616878 -0.821092 3.35683 110.622 
0.360934 0.321134 97740 1 -0.559896 0.959615 461 1 1467 -0.0563233 -0.133791 0.0622258 -0.814767 3.3496 110.602 
0.328974 0.128149 97780 1 -0.559375 0.959615 462 1 1468 -0.0563119 -0.132121 0.0615612 -0.801922 3.35043 110.61 
0.338264 0.106256 97860 1 -0.559375 0.959615 463 1 1470 -0.0553571 -0.132259 0.0619676 -0.800239 3.35371 110.573 
0.343479 0.0380805 97900 1 -0.559375 0.959615 464 1 1471 -0.0560988 -0.130682 0.065261 -0.784118 3.33351 110.557 
0.340246 0.00177645 98020 1 -0.559375 0.959615 465 1 1474 -0.0553172 -0.129289 0.0638155 -0.773578 3.35187 110.57 
0.340246 0.00177645 98060 1 -0.559375 0.959615 466 1 1475 -0.0553172 -0.129289 0.0638155 -0.773578 3.35187 110.57 
0.485137 -0.0902992 98140 1 -0.559375 0.959615 467 1 1477 -0.0561908 -0.123761 0.0675767 -0.73908 3.32378 110.68 
0.889644 0.0820982 98181 1 -0.559375 0.958654 468 1 1478 -0.0573194 -0.122532 0.0675244 -0.739218 3.32015 110.703 
0.945716 0.0539441 98303 1 -0.580208 0.917308 469 1 1481 -0.0579044 -0.121233 0.0669419 -0.743996 3.30222 110.583 
0.950625 0.0474046 98382 1 -0.625 0.848077 470 1 1483 -0.0572152 -0.121669 0.068673 -0.735538 3.28874 110.591 
0.953719 0.0455388 98421 1 -0.703125 0.735577 471 1 1484 -0.057096 -0.12176 0.0687095 -0.734741 3.28911 110.583 
0.971525 0.0427491 98501 1 -0.739583 0.7 472 1 1486 -0.0565334 -0.122297 0.0687319 -0.730446 3.28944 110.552 
0.971525 0.0427491 98501 1 -0.749479 0.690385 473 1 1486 -0.0565334 -0.122297 0.0687319 -0.730446 3.28944 110.552 
0.816575 0.0691002 98622 1 -0.753646 0.690385 474 1 1489 -0.0581403 -0.125441 0.0661824 -0.7529 3.36422 110.755 
0.782501 0.142381 98702 1 -0.772396 0.677885 475 1 1491 -0.0590698 -0.125314 0.0660768 -0.741347 3.37813 110.858 
0.769874 0.139429 98782 1 -0.8375 0.605769 476 1 1493 -0.0571909 -0.128282 0.0645265 -0.746802 3.38937 110.832 
0.784326 0.132106 98821 1 -0.966146 0.343269 477 1 1494 -0.0563171 -0.128713 0.0646525 -0.743741 3.39032 110.808 
0.482207 0.077951 98862 1 -1 0.136538 478 1 1495 -0.0562846 -0.13296 0.0644831 -0.775213 3.4056 110.876 
0.420971 0.141403 98982 1 -0.999479 0.00769231 479 1 1498 -0.0566077 -0.133412 0.0629058 -0.790275 3.41775 110.724 
0.420971 0.141403 99022 1 -0.989062 0.00769231 480 1 1499 -0.0566077 -0.133412 0.0629058 -0.790275 3.41775 110.724 
0.33347 0.063019 99103 1 -0.98125 0.00769231 481 1 1501 -0.0564238 -0.135279 0.0635559 -0.786221 3.42112 110.767 
0.322567 0.0687316 99142 1 -0.979167 0.00769231 482 1 1502 -0.0549996 -0.135671 0.0640985 -0.779517 3.42403 110.782 
-0.185026 -0.0888444 99263 1 -0.975521 0.00769231 483 1 1505 -0.054244 -0.134798 0.0706521 -0.751262 3.37086 110.731 
-0.209132 -0.15391 99343 1 -0.975521 0.00769231 484 0 1507 -0.0545842 -0.13123 0.0737498 -0.719026 3.34762 110.791 
-0.209588 -0.160417 99423 1 -0.975 0.00769231 485 0 1509 -0.0553968 -0.130646 0.0731941 -0.716092 3.35443 110.821 
-0.300756 -0.185057 99463 1 -0.975 0.00769231 486 0 1510 -0.0558533 -0.129432 0.0735317 -0.700671 3.35342 110.876 
-0.300756 -0.185057 99463 1 -0.975 0.00769231 487 0 1510 -0.0558533 -0.129432 0.0735317 -0.700671 3.35342 110.876 
-0.381444 -0.218043 99583 1 -0.975 0.00769231 488 0 1513 -0.0539323 -0.133971 0.07146 -0.734794 3.37781 110.784 
-0.446633 -0.198338 99663 1 -0.975 0.00769231 489 0 1515 -0.0541027 -0.134301 0.0716942 -0.747879 3.37177 110.776 
-0.578707 -0.232255 99744 1 -0.975 0.00769231 490 0 1517 -0.0543033 -0.132541 0.0700807 -0.746534 3.37747 110.764 
-0.592285 -0.279563 99784 1 -0.975 0.00769231 491 0 1518 -0.0549368 -0.131067 0.0682826 -0.744639 3.39763 110.732 
-0.557828 -0.267339 99864 1 -0.975 0.00769231 492 0 1520 -0.0552046 -0.132454 0.0697705 -0.756064 3.3855 110.655 
-0.389798 -0.178837 99943 1 -0.975 0.00769231 493 0 1522 -0.0543348 -0.134378 0.0694666 -0.752482 3.3775 110.643 
-0.377147 -0.178546 100024 1 -0.975 0.00769231 494 0 1524 -0.0534412 -0.135318 0.0691881 -0.74462 3.37465 110.656 
-0.3767 -0.180641 100104 1 -0.975 0.00769231 495 0 1526 -0.0525797 -0.137134 0.0691381 -0.743727 3.37953 110.737 
-0.3767 -0.180641 100104 1 -0.975 0.00769231 496 0 1526 -0.0525797 -0.137134 0.0691381 -0.743727 3.37953 110.737 
-0.340024 -0.122231 100225 1 -0.975 0.00769231 497 0 1529 -0.0531177 -0.131942 0.0709559 -0.671606 3.35361 110.88 
-0.33245 -0.124511 100304 1 -0.975 0.00769231 498 0 1531 -0.0525807 -0.132486 0.0727379 -0.664437 3.34245 110.872 
-0.332074 -0.146096 100385 1 -0.975 0.00769231 499 0 1533 -0.0532045 -0.131544 0.0736195 -0.667628 3.34354 110.852 
-0.355243 -0.133578 100425 1 -0.975 0.00769231 500 0 1534 -0.0540445 -0.132058 0.0730551 -0.685596 3.34763 110.764 
-0.37635 -0.146097 100465 1 -0.975 0.00769231 501 0 1535 -0.0545503 -0.131755 0.0728266 -0.692551 3.34982 110.738 
-0.480981 -0.195312 100586 1 -0.975 0.00769231 502 0 1538 -0.054824 -0.132044 0.0732913 -0.707887 3.348 110.707 
-0.551985 -0.241989 100626 1 -0.975 0.00769231 503 0 1539 -0.0538311 -0.133674 0.0736653 -0.721467 3.34652 110.678 
-0.549123 -0.219815 100705 1 -0.975 0.00769231 504 0 1541 -0.0535702 -0.131777 0.0762042 -0.709007 3.32011 110.652 
-0.575881 -0.247678 100745 1 -0.975 0.00769231 505 0 1542 -0.0538095 -0.133873 0.0717759 -0.733291 3.35838 110.648 
-0.573431 -0.035097 100866 1 -0.969271 0.0192308 506 0 1545 -0.0550665 -0.131822 0.0730838 -0.727612 3.33894 110.674 
-0.740755 1.36626 100906 1 -0.923958 0.101923 507 0 1546 -0.0545514 -0.135246 0.0686343 -0.76336 3.40202 110.804 
-0.407096 1.2729 100986 1 -0.880208 0.2125 508 0 1548 -0.0520514 -0.13743 0.0665992 -0.769804 3.42062 110.765 
-0.146458 0.353124 101066 1 -0.8125 0.360577 509 1 1550 -0.0506396 -0.138737 0.0680243 -0.780061 3.39902 110.739 
-0.146458 0.353124 101066 1 -0.797917 0.392308 510 1 1550 -0.0506396 -0.138737 0.0680243 -0.780061 3.39902 110.739 
-0.20209 0.107428 101227 1 -0.796875 0.393269 511 0 1554 -0.0562251 -0.133566 0.0645947 -0.797548 3.4088 110.652 
-0.208773 0.0671362 101307 1 -0.796875 0.393269 512 0 1556 -0.0564194 -0.135305 0.0665105 -0.808332 3.41564 110.689 
-0.207701 0.0704154 101386 1 -0.795833 0.407692 513 0 1558 -0.0549738 -0.136034 0.0674865 -0.81635 3.40232 110.755 
-0.207701 0.0704154 101386 1 -0.794271 0.434615 514 0 1558 -0.0549738 -0.136034 0.0674865 -0.81635 3.40232 110.755 
-0.242673 0.0921996 101507 1 -0.79375 0.457692 515 0 1561 -0.0583098 -0.131607 0.061516 -0.80184 3.4191 110.616 
-0.231689 0.0812481 101587 1 -0.793229 0.468269 516 0 1563 -0.0572394 -0.129277 0.0636943 -0.777597 3.40787 110.603 
-0.215012 0.0360584 101668 1 -0.793229 0.468269 517 0 1565 -0.0555169 -0.136109 0.0649587 -0.797097 3.41042 110.651 
-0.213582 0.0426172 101708 1 -0.793229 0.468269 518 0 1566 -0.0547883 -0.136145 0.0669339 -0.781892 3.38864 110.643 
-0.214196 0.0105852 101787 1 -0.793229 0.468269 519 0 1568 -0.0544836 -0.135696 0.0642882 -0.779888 3.40105 110.705 
-0.179237 0.0609985 101867 1 -0.793229 0.468269 520 1 1570 -0.0547368 -0.135267 0.0654918 -0.775905 3.3744 110.666 
0.0711406 0.0993094 101949 1 -0.793229 0.468269 521 1 1572 -0.0557703 -0.134849 0.0642158 -0.78067 3.36901 110.671 
0.0953567 0.062731 102029 1 -0.793229 0.468269 522 1 1574 -0.0570664 -0.133619 0.0650885 -0.780645 3.33316 110.714 
0.0953567 0.062731 102029 1 -0.793229 0.468269 523 1 1574 -0.0570664 -0.133619 0.0650885 -0.780645 3.33316 110.714 
0.0749049 0.108428 102148 1 -0.793229 0.468269 524 1 1577 -0.058507 -0.133704 0.0625261 -0.787867 3.32711 110.701 
0.121759 0.070647 102229 1 -0.793229 0.468269 525 1 1579 -0.0562252 -0.135099 0.0624694 -0.778119 3.33893 110.732 
0.124324 0.0708255 102268 1 -0.793229 0.468269 526 1 1580 -0.0561948 -0.135183 0.0624711 -0.777403 3.33888 110.734 
0.108632 0.0506553 102349 1 -0.793229 0.468269 527 1 1582 -0.0570988 -0.135698 0.063674 -0.768214 3.31958 110.801 
0.108632 0.0506553 102349 1 -0.793229 0.468269 528 1 1582 -0.0570988 -0.135698 0.063674 -0.768214 3.31958 110.801 
-0.165527 -0.108911 102509 1 -0.793229 0.468269 529 1 1586 -0.0545917 -0.135721 0.0677183 -0.72319 3.26795 110.824 
-0.176588 -0.0605837 102590 1 -0.793229 0.468269 530 1 1588 -0.0560725 -0.131162 0.0695786 -0.698033 3.23503 110.834 
-0.397353 -0.11379 102669 1 -0.793229 0.468269 531 0 1590 -0.0575169 -0.130245 0.0642088 -0.721779 3.2743 110.795 
-0.397353 -0.11379 102669 1 -0.793229 0.468269 532 0 1590 -0.0575169 -0.130245 0.0642088 -0.721779 3.2743 110.795 
-0.559765 -0.268157 102790 1 -0.793229 0.468269 533 0 1593 -0.057354 -0.130475 0.0630705 -0.741122 3.28274 110.879 
-0.547767 -0.304465 102870 1 -0.793229 0.468269 534 0 1595 -0.0582283 -0.129358 0.0637693 -0.743926 3.27858 110.882 
-0.537297 -0.295237 102909 1 -0.793229 0.468269 535 0 1596 -0.0585367 -0.127124 0.0644371 -0.733638 3.27813 110.887 
0.0760107 -0.230674 102990 1 -0.793229 0.468269 536 0 1598 -0.059286 -0.127515 0.0663089 -0.745303 3.27251 110.874 
0.216865 -0.183855 103030 1 -0.793229 0.468269 537 1 1599 -0.0589379 -0.128895 0.0663503 -0.755175 3.26233 110.829 
0.428775 -0.184165 103152 1 -0.793229 0.468269 538 1 1602 -0.0588275 -0.131757 0.0629024 -0.78746 3.29461 110.828 
0.736451 0.0557667 103230 1 -0.793229 0.468269 539 1 1604 -0.0594246 -0.128244 0.0641304 -0.776438 3.27696 110.737 
0.768796 0.0750063 103311 1 -0.793229 0.468269 540 1 1606 -0.0592877 -0.125943 0.0656927 -0.769736 3.26648 110.678 
0.768796 0.0750063 103311 1 -0.793229 0.468269 541 1 1606 -0.0592877 -0.125943 0.0656927 -0.769736 3.26648 110.678 
0.774785 0.0759402 103471 1 -0.793229 0.468269 542 1 1610 -0.0594225 -0.126352 0.062839 -0.768341 3.28623 110.705 
0.754411 0.0459949 103553 1 -0.793229 0.468269 543 1 1612 -0.0588122 -0.129637 0.0610616 -0.803238 3.30817 110.575 
0.734354 0.0928441 103631 1 -0.793229 0.468269 544 1 1614 -0.0589568 -0.129779 0.0613816 -0.801959 3.3114 110.537 
0.734354 0.0928441 103631 1 -0.793229 0.468269 545 1 1614 -0.0589568 -0.129779 0.0613816 -0.801959 3.3114 110.537 
0.670297 0.196312 103752 1 -0.793229 0.468269 546 1 1617 -0.060495 -0.128553 0.0529697 -0.799332 3.31394 110.494 
0.542711 -0.0504116 103832 1 -0.793229 0.468269 547 1 1619 -0.059933 -0.130614 0.0543548 -0.818074 3.31309 110.614 
0.542711 -0.0504116 103871 1 -0.793229 0.468269 548 1 1620 -0.059933 -0.130614 0.0543548 -0.818074 3.31309 110.614 
0.49038 0.000334162 103952 1 -0.793229 0.468269 549 1 1622 -0.0612569 -0.127528 0.0544079 -0.827361 3.31278 110.621 
0.467274 0.00289241 103992 1 -0.793229 0.468269 550 1 1623 -0.0615253 -0.127168 0.0544451 -0.838059 3.31085 110.574 
0.861925 0.037848 104112 1 -0.793229 0.468269 551 1 1626 -0.0645462 -0.125552 0.0518062 -0.843422 3.34822 110.477 
0.871091 0.061247 104192 1 -0.793229 0.468269 552 1 1628 -0.0631795 -0.123995 0.0574735 -0.812746 3.3336 110.444 
0.904723 0.0363484 104272 1 -0.793229 0.468269 553 1 1630 -0.0606348 -0.123756 0.0589692 -0.797429 3.34721 110.472 
0.904723 0.0363484 104272 1 -0.793229 0.468269 554 1 1630 -0.0606348 -0.123756 0.0589692 -0.797429 3.34721 110.472 
0.848125 0.282223 104392 1 -0.793229 0.468269 555 1 1633 -0.0644703 -0.12157 0.0602302 -0.804729 3.35964 110.586 
0.848715 0.281779 104432 1 -0.793229 0.468269 556 1 1634 -0.0642824 -0.119772 0.0585987 -0.794136 3.36419 110.535 
0.855194 0.293742 104512 1 -0.793229 0.468269 557 1 1636 -0.0636085 -0.122883 0.0575012 -0.814074 3.36921 110.545 
0.689247 0.192168 104593 1 -0.793229 0.468269 558 1 1638 -0.0618097 -0.127526 0.057192 -0.848118 3.38133 110.535 
0.689247 0.192168 104593 1 -0.793229 0.468269 559 1 1638 -0.0618097 -0.127526 0.057192 -0.848118 3.38133 110.535 
0.65686 0.267138 104713 1 -0.793229 0.468269 560 1 1641 -0.0639852 -0.121781 0.0570508 -0.836862 3.35824 110.59 
0.6419 0.26423 104793 1 -0.793229 0.468269 561 1 1643 -0.065722 -0.11971 0.0561152 -0.839701 3.36074 110.52 
0.817108 0.37085 104874 1 -0.793229 0.468269 562 1 1645 -0.066021 -0.119167 0.05669 -0.838487 3.36499 110.527 
0.833272 0.330178 104913 1 -0.793229 0.468269 563 1 1646 -0.0653967 -0.119885 0.056048 -0.835973 3.38279 110.552 
0.810359 0.348039 104953 1 -0.793229 0.468269 564 1 1647 -0.0654137 -0.121076 0.0587356 -0.843327 3.37451 110.533 
1.03107 0.32023 105074 1 -0.793229 0.468269 565 1 1650 -0.0660895 -0.119433 0.0594209 -0.827176 3.37824 110.595 
1.03585 0.318287 105115 1 -0.793229 0.468269 566 1 1651 -0.0659699 -0.118494 0.0583079 -0.811572 3.37342 110.547 
1.05355 0.311334 105194 1 -0.793229 0.468269 567 1 1653 -0.0656826 -0.116887 0.0580214 -0.795664 3.37945 110.525 
1.05905 0.327663 105234 1 -0.793229 0.468269 568 1 1654 -0.0653259 -0.115928 0.0587714 -0.787725 3.37984 110.541 
1.05905 0.327663 105234 1 -0.793229 0.468269 569 1 1654 -0.0653259 -0.115928 0.0587714 -0.787725 3.37984 110.541 
0.852565 0.102287 105394 1 -0.793229 0.468269 570 1 1658 -0.0649578 -0.117503 0.060348 -0.794607 3.38482 110.667 
0.846074 0.107931 105435 1 -0.793229 0.468269 571 1 1659 -0.0651208 -0.117407 0.0602782 -0.795471 3.38418 110.674 
0.809854 0.180225 105555 1 -0.793229 0.468269 572 1 1662 -0.066265 -0.116791 0.059787 -0.784253 3.38144 110.648 
0.813728 0.172235 105595 1 -0.793229 0.468269 573 1 1663 -0.0653987 -0.118192 0.0599315 -0.784677 3.39556 110.611 
0.618402 -0.00457101 105675 1 -0.793229 0.468269 574 1 1665 -0.0641436 -0.119435 0.0620026 -0.776161 3.40651 110.757 
0.555008 0.0839863 105756 1 -0.793229 0.468269 575 1 1667 -0.0643478 -0.120161 0.0632628 -0.761597 3.39559 110.731 
0.533094 0.114083 105795 1 -0.793229 0.468269 576 1 1668 -0.0642567 -0.12064 0.062236 -0.761635 3.40004 110.716 
0.380385 0.323336 105915 1 -0.793229 0.468269 577 1 1671 -0.062638 -0.12385 0.060574 -0.776041 3.4099 110.78 
0.359479 0.353615 105955 1 -0.793229 0.468269 578 1 1672 -0.0633039 -0.125151 0.0612266 -0.781522 3.40452 110.67 
0.355338 0.46328 106036 1 -0.793229 0.468269 579 1 1674 -0.0624323 -0.122785 0.0590786 -0.771802 3.42815 110.92 
0.347393 0.498616 106079 1 -0.793229 0.468269 580 1 1675 -0.0631551 -0.122846 0.0582661 -0.777554 3.42087 110.905 
0.352092 0.523319 106156 1 -0.793229 0.468269 581 1 1677 -0.0640234 -0.124585 0.0586459 -0.791629 3.41679 110.884 
0.35311 0.532427 106237 1 -0.793229 0.468269 582 1 1679 -0.0625215 -0.122893 0.0595195 -0.78529 3.39567 110.816 
0.356235 0.547679 106316 1 -0.793229 0.468269 583 1 1681 -0.0626065 -0.123141 0.0601342 -0.791039 3.38238 110.766 
0.384265 0.545619 106396 1 -0.793229 0.468269 584 1 1683 -0.0628666 -0.121537 0.0598417 -0.796761 3.38691 110.714 
0.382776 0.53865 106436 1 -0.793229 0.468269 585 1 1684 -0.0637181 -0.121154 0.058381 -0.798029 3.40325 110.713 
0.393348 0.532094 106517 1 -0.793229 0.468269 586 1 1686 -0.0627979 -0.124034 0.0587289 -0.803883 3.39998 110.733 
0.347223 0.428887 106597 1 -0.793229 0.468269 587 1 1688 -0.0610695 -0.12424 0.0597774 -0.792009 3.38443 110.735 
0.331643 0.221868 106676 1 -0.793229 0.468269 588 1 1690 -0.0597801 -0.123306 0.0612262 -0.790395 3.3665 110.673 
0.335506 0.21138 106757 1 -0.793229 0.468269 589 1 1692 -0.0611639 -0.122638 0.0622175 -0.790535 3.36266 110.726 
0.342403 0.178041 106837 1 -0.793229 0.468269 590 1 1694 -0.0622371 -0.123789 0.0632421 -0.788826 3.35095 110.706 
0.372571 0.0953117 106917 1 -0.793229 0.468269 591 1 1696 -0.0614747 -0.125738 0.0636546 -0.77343 3.33754 110.773 
0.39694 0.0969672 106958 1 -0.793229 0.468269 592 1 1697 -0.0608296 -0.126576 0.0635811 -0.767164 3.33729 110.755 
-7.95522 6.93126 107078 1 -0.793229 0.468269 593 0 1700 -0.0611578 -0.132591 0.0628741 -0.813814 3.36455 110.712 
0.315773 0.859485 107117 1 -0.793229 0.468269 594 1 1701 -0.060338 -0.128964 0.0618322 -0.788563 3.3842 110.859 
0.337082 0.385878 107198 1 -0.793229 0.468269 595 1 1703 -0.0619917 -0.125628 0.0622158 -0.772819 3.37742 110.786 
0.15923 0.591216 107238 1 -0.793229 0.468269 596 1 1704 -0.060946 -0.127447 0.0610367 -0.784006 3.40161 110.894 
0.160173 0.586614 107318 1 -0.793229 0.468269 597 1 1706 -0.0607968 -0.127634 0.0610366 -0.782359 3.40167 110.886 
0.147875 0.552925 107398 1 -0.793229 0.468269 598 1 1708 -0.0607495 -0.12548 0.0621135 -0.775974 3.39754 110.846 
0.120597 0.570343 107438 1 -0.793229 0.468269 599 1 1709 -0.0618709 -0.126063 0.0613912 -0.791748 3.39674 110.762 
0.129477 0.526262 107518 1 -0.793229 0.468269 600 1 1711 -0.0620401 -0.125291 0.0605072 -0.791252 3.40164 110.774 
-0.0106696 0.254836 107599 1 -0.793229 0.468269 601 1 1713 -0.0619724 -0.122373 0.0622439 -0.770361 3.37444 110.751 
-0.0601373 0.0189444 107680 1 -0.793229 0.468269 602 1 1715 -0.06218 -0.122949 0.0632401 -0.763696 3.39186 110.797 
-0.0485142 0.00741053 107759 1 -0.793229 0.468269 603 1 1717 -0.0611436 -0.123422 0.0635576 -0.761319 3.3919 110.801 
-0.0522003 0.00315615 107798 1 -0.793229 0.468269 604 1 1718 -0.0611917 -0.123446 0.0635787 -0.761135 3.39209 110.798 
-0.219295 -0.148269 107879 1 -0.793229 0.468269 605 0 1720 -0.0632356 -0.121839 0.0636482 -0.759919 3.41191 110.847 
-0.219295 -0.148269 107919 1 -0.793229 0.468269 606 0 1721 -0.0632356 -0.121839 0.0636482 -0.759919 3.41191 110.847 
-0.107664 -0.118438 107999 1 -0.793229 0.468269 607 1 1723 -0.0617884 -0.1251 0.0614152 -0.751185 3.42095 110.866 
0.0692829 -0.0682843 108080 1 -0.793229 0.468269 608 1 1725 -0.0595447 -0.127454 0.06215 -0.751651 3.41944 110.826 
0.0804598 -0.0974086 108119 1 -0.793229 0.468269 609 1 1726 -0.0598435 -0.128647 0.0621556 -0.752865 3.42967 110.912 
0.0621068 -0.0441869 108199 1 -0.793229 0.468269 610 1 1728 -0.0596877 -0.12895 0.0626221 -0.764259 3.4106 110.949 
0.039052 -0.0241749 108280 1 -0.793229 0.468269 611 1 1730 -0.0616711 -0.125225 0.0638607 -0.748366 3.39121 110.825 
0.0376005 -0.0495336 108360 1 -0.793229 0.468269 612 1 1732 -0.0620529 -0.125831 0.0639773 -0.754173 3.40444 110.902 
0.0376005 -0.0495336 108360 1 -0.793229 0.468269 613 1 1732 -0.0620529 -0.125831 0.0639773 -0.754173 3.40444 110.902 
0.351015 0.0591533 108480 1 -0.793229 0.468269 614 1 1735 -0.0606986 -0.127793 0.0645667 -0.762406 3.42868 110.93 
0.362438 0.0979229 108560 1 -0.793229 0.468269 615 1 1737 -0.0603872 -0.127326 0.0673289 -0.756874 3.39826 110.917 
0.361183 0.0981001 108601 1 -0.793229 0.468269 616 1 1738 -0.0607574 -0.127279 0.0673031 -0.757184 3.39816 110.913 
0.387131 0.0792695 108680 1 -0.793229 0.468269 617 1 1740 -0.0608941 -0.126515 0.0653023 -0.735943 3.41893 110.946 
0.349139 0.0204372 108761 1 -0.793229 0.468269 618 1 1742 -0.05959 -0.130361 0.0638277 -0.752118 3.43254 110.958 
0.331695 0.0221437 108841 1 -0.793229 0.468269 619 1 1744 -0.0599985 -0.129626 0.0643531 -0.75603 3.42761 110.909 
0.322285 0.0247937 108880 1 -0.793229 0.468269 620 1 1745 -0.0606774 -0.127574 0.0634176 -0.743536 3.42162 110.93 
0.320888 0.11899 108961 1 -0.793229 0.468269 621 1 1747 -0.0626638 -0.124933 0.0639421 -0.738493 3.37424 110.824 
0.319303 0.114007 109041 1 -0.793229 0.468269 622 1 1749 -0.0636324 -0.123613 0.065231 -0.735069 3.35649 110.806 
0.371463 0.208443 109081 1 -0.793229 0.468269 623 1 1750 -0.0628871 -0.12606 0.0639392 -0.758907 3.37006 110.853 
0.399797 0.528788 109162 1 -0.793229 0.468269 624 1 1752 -0.0626231 -0.128301 0.0595801 -0.778708 3.43564 111.028 
0.39968 0.529027 109241 1 -0.793229 0.468269 625 1 1754 -0.0626257 -0.128297 0.059587 -0.778737 3.43571 111.028 
0.379719 0.569545 109322 1 -0.793229 0.468269 626 1 1756 -0.0645579 -0.125482 0.0594199 -0.762669 3.46547 110.99 
0.385074 0.560991 109364 1 -0.793229 0.468269 627 1 1757 -0.0642859 -0.125803 0.0600772 -0.760759 3.47028 111.033 
0.395855 0.55501 109442 1 -0.793229 0.468269 628 1 1759 -0.062164 -0.127711 0.0607263 -0.763037 3.46205 111.013 
0.385258 0.541527 109523 1 -0.793229 0.468269 629 1 1761 -0.0629054 -0.128377 0.0622598 -0.771665 3.46183 111.047 
0.37249 0.298522 109562 1 -0.793229 0.468269 630 1 1762 -0.0636334 -0.127421 0.0667087 -0.772926 3.42625 110.933 
0.343581 0.114957 109642 1 -0.793229 0.468269 631 1 1764 -0.0647235 -0.125817 0.0685094 -0.76665 3.41788 110.849 
0.363545 0.0966363 109723 1 -0.793229 0.468269 632 1 1766 -0.0640994 -0.126487 0.0682499 -0.760318 3.41465 110.838 
-0.0129661 -0.192396 109803 1 -0.793229 0.468269 633 1 1768 -0.0622894 -0.127225 0.0648918 -0.743817 3.40983 110.829 
-0.116137 -0.253536 109843 1 -0.793229 0.468269 634 0 1769 -0.0617049 -0.126226 0.0646252 -0.725352 3.41513 110.831 
-0.200874 -0.265775 109923 1 -0.793229 0.468269 635 0 1771 -0.061355 -0.126542 0.0652233 -0.724883 3.42456 110.907 
-0.246059 -0.219811 109963 1 -0.793229 0.468269 636 0 1772 -0.0615048 -0.127557 0.066516 -0.730212 3.40869 110.911 
-0.27389 -0.186742 110043 1 -0.793229 0.468269 637 0 1774 -0.0622181 -0.128184 0.0659094 -0.731636 3.41051 110.896 
-0.269897 -0.197515 110123 1 -0.793229 0.468269 638 0 1776 -0.0606262 -0.12976 0.0648829 -0.736565 3.41055 110.928 
-0.270386 -0.212935 110163 1 -0.793229 0.468269 639 0 1777 -0.0597713 -0.131391 0.063008 -0.749554 3.425 110.912 
-0.280151 -0.204388 110203 1 -0.793229 0.468269 640 0 1778 -0.0603429 -0.13145 0.0647463 -0.758163 3.41584 110.898 
-0.273087 -0.16793 110324 1 -0.793229 0.468269 641 0 1781 -0.06195 -0.127283 0.0648645 -0.74113 3.41733 110.988 
-0.259375 -0.183633 110403 1 -0.793229 0.468269 642 0 1783 -0.0612922 -0.129296 0.0634558 -0.746486 3.42947 110.965 
-0.0441427 -0.0878289 110444 1 -0.793229 0.468269 643 1 1784 -0.0616549 -0.130232 0.0636478 -0.75342 3.4221 110.922 
0.0147933 -0.0646386 110524 1 -0.793229 0.468269 644 1 1786 -0.0604834 -0.131246 0.0640153 -0.743234 3.40756 110.89 
0.0147933 -0.0646386 110524 1 -0.793229 0.468269 645 1 1786 -0.0604834 -0.131246 0.0640153 -0.743234 3.40756 110.89 
0.0426534 -0.0814833 110644 1 -0.793229 0.468269 646 1 1789 -0.0589973 -0.134135 0.0658549 -0.753234 3.39974 110.907 
-0.0461776 -0.151511 110725 1 -0.793229 0.468269 647 1 1791 -0.0613413 -0.132082 0.0650629 -0.734878 3.40534 110.95 
-0.165105 -0.244194 110804 1 -0.793229 0.468269 648 0 1793 -0.0603664 -0.130132 0.0687688 -0.682913 3.3773 111.041 
-0.158365 -0.259316 110844 1 -0.793229 0.468269 649 0 1794 -0.0591755 -0.130081 0.07059 -0.661779 3.3604 111.105 
-0.202158 -0.27773 110885 1 -0.793229 0.468269 650 0 1795 -0.0584311 -0.131605 0.0694199 -0.659969 3.37454 111.206 
-0.2352 -0.157008 111005 1 -0.793229 0.468269 651 0 1798 -0.058266 -0.128913 0.0696877 -0.632797 3.32227 111.219 
-0.191089 -0.0620783 111045 1 -0.793229 0.468269 652 1 1799 -0.058891 -0.126664 0.0715013 -0.61682 3.2801 111.187 
-0.171892 2.07005 111125 1 -0.793229 0.468269 653 0 1801 -0.0579417 -0.133102 0.0681108 -0.693482 3.31167 111.065 
-0.171892 2.07005 111125 1 -0.793229 0.468269 654 0 1801 -0.0579417 -0.133102 0.0681108 -0.693482 3.31167 111.065 
-0.0944592 0.325748 111245 1 -0.793229 0.468269 655 1 1804 -0.058806 -0.125932 0.0697135 -0.628402 3.27884 110.97 
-0.112657 0.0896914 111325 1 -0.793229 0.468269 656 1 1806 -0.0588242 -0.128738 0.0674171 -0.637148 3.32983 110.847 
-0.165324 -0.0186533 111408 1 -0.793229 0.468269 657 1 1808 -0.0586303 -0.129546 0.0669403 -0.634786 3.36302 110.918 
-0.188892 -0.0376395 111485 1 -0.793229 0.468269 658 1 1810 -0.0560299 -0.133669 0.067308 -0.654318 3.34911 110.932 
-0.188892 -0.0376395 111485 1 -0.793229 0.468269 659 1 1810 -0.0560299 -0.133669 0.067308 -0.654318 3.34911 110.932 
-0.219539 -0.0272817 111646 1 -0.793229 0.468269 660 0 1814 -0.0598737 -0.123993 0.0667233 -0.68073 3.29663 110.75 
-0.22972 -0.0127049 111727 1 -0.793229 0.468269 661 0 1816 -0.0625226 -0.118235 0.063555 -0.689038 3.3152 110.624 
-0.240572 -0.0342022 111767 1 -0.793229 0.468269 662 0 1817 -0.0620137 -0.118504 0.0625473 -0.703369 3.32517 110.564 
-0.215844 -0.0613286 111807 1 -0.794271 0.466346 663 0 1818 -0.0621435 -0.119906 0.063252 -0.711564 3.32555 110.547 
-0.205858 -0.0709428 111926 1 -0.796354 0.4625 664 0 1821 -0.0607902 -0.123041 0.0637561 -0.70275 3.35969 110.637 
-0.20755 -0.0541934 112007 1 -0.796354 0.4625 665 0 1823 -0.0583529 -0.127051 0.0648592 -0.689405 3.36428 110.795 
-0.226587 -0.0559232 112047 1 -0.796875 0.461538 666 0 1824 -0.0580202 -0.128336 0.0642656 -0.675117 3.36807 110.876 
-0.228059 0.0623178 112128 1 -0.796875 0.461538 667 0 1826 -0.0577352 -0.127678 0.0648637 -0.635336 3.28919 110.969 
-0.164429 -0.0839242 112170 1 -0.796875 0.461538 668 1 1827 -0.0581673 -0.125971 0.0606569 -0.593809 3.30351 111.128 
-0.155304 -0.0552947 112247 1 -0.796875 0.461538 669 1 1829 -0.0567148 -0.130962 0.0552749 -0.585747 3.30104 111.162 
-0.144255 -0.0494317 112328 1 -0.796875 0.461538 670 1 1831 -0.0538396 -0.129122 0.0542205 -0.542737 3.23904 111.024 
-0.111587 -0.106588 112407 1 -0.796875 0.461538 671 1 1833 -0.0548978 -0.123906 0.0523297 -0.466798 3.20945 111.042 
-0.0915463 -0.163611 112448 1 -0.796875 0.461538 672 1 1834 -0.0543489 -0.124765 0.0516048 -0.453251 3.22285 111.048 
-0.102025 -0.191164 112568 1 -0.796875 0.461538 673 1 1837 -0.0515413 -0.129181 0.0513536 -0.446652 3.24434 110.894 
-0.151096 -0.182025 112648 1 -0.796875 0.461538 674 1 1839 -0.0521591 -0.132294 0.0475741 -0.465922 3.27269 110.863 
0.279765 0.108871 112729 1 -0.796875 0.461538 675 1 1841 -0.0533312 -0.133752 0.0449265 -0.485157 3.30256 110.785 
0.334563 0.112072 112768 1 -0.796875 0.460577 676 1 1842 -0.0536412 -0.130531 0.0497355 -0.448628 3.27003 110.803 
0.332945 0.124705 112889 1 -0.796875 0.460577 677 1 1845 -0.0506964 -0.131533 0.0500716 -0.473704 3.27583 110.833 
0.32395 0.132267 112929 1 -0.796875 0.460577 678 1 1846 -0.0503663 -0.131187 0.0499387 -0.477017 3.27443 110.849 
0.334059 0.164181 113008 1 -0.796875 0.460577 679 1 1848 -0.0504787 -0.130655 0.0510286 -0.516567 3.28327 110.795 
0.263658 0.196766 113089 1 -0.796875 0.460577 680 1 1850 -0.0511045 -0.133443 0.0526262 -0.59916 3.26271 110.453 
0.263658 0.196766 113089 1 -0.796875 0.460577 681 1 1850 -0.0511045 -0.133443 0.0526262 -0.59916 3.26271 110.453 
-0.102167 -0.0520152 113209 1 -0.796875 0.460577 682 1 1853 -0.0539455 -0.125145 0.0483707 -0.544006 3.29855 109.215 
-0.000189393 -0.0115553 113290 1 -0.796875 0.460577 683 1 1855 -0.0549273 -0.106312 0.0475861 -0.312156 3.30403 108.538 
-0.0278284 -0.0440238 113369 1 -0.796875 0.460577 684 1 1857 -0.0530294 -0.106152 0.0432637 -0.272944 3.38762 108.507 
-0.0356289 -0.00359625 113409 1 -0.796875 0.460577 685 1 1858 -0.0510925 -0.112249 0.0483577 -0.319312 3.33267 108.496 
-0.0714746 0.0568289 113449 1 -0.796875 0.460577 686 1 1859 -0.049082 -0.118282 0.0546841 -0.379084 3.25682 108.819 
0.310454 0.424784 113610 1 -0.796875 0.460577 687 1 1863 -0.0541202 -0.118856 0.048636 -0.411836 3.23007 109.097 
-0.342563 1.90918 113650 1 -0.796875 0.460577 688 0 1864 -0.0541202 -0.118856 0.048636 -0.411836 3.23007 109.097 
-21.5532 20.248 113729 1 -0.796875 0.460577 689 0 1866 -0.0501561 -0.139522 0.0586524 -0.59985 3.27281 109.716 
0.265839 1.254 113770 1 -0.796875 0.460577 690 0 1867 -0.0468859 -0.129267 0.0578826 -0.502603 3.27965 109.682 
0.36161 0.684934 113890 1 -0.796875 0.460577 691 1 1870 -0.0527476 -0.119286 0.0475481 -0.494952 3.22971 109.715 
0.388086 0.638674 113930 1 -0.796875 0.460577 692 1 1871 -0.056953 -0.116142 0.0446418 -0.501438 3.21366 109.574 
0.39359 0.572043 114011 1 -0.796875 0.460577 693 1 1873 -0.0588111 -0.112265 0.0403145 -0.478122 3.25654 109.584 
0.388695 0.527811 114053 1 -0.796875 0.460577 694 1 1874 -0.0571964 -0.113451 0.0398417 -0.481244 3.2864 109.869 
0.00720877 0.00292924 114171 1 -0.796875 0.460577 695 1 1877 -0.0552884 -0.118116 0.0508691 -0.450351 3.2934 111.058 
0.00720877 0.00292924 114211 1 -0.796875 0.460577 696 1 1878 -0.0552884 -0.118116 0.0508691 -0.450351 3.2934 111.058 
-0.0950766 -0.0351964 114292 1 -0.796875 0.460577 697 1 1880 -0.0602556 -0.109029 0.0519181 -0.385931 3.24597 111.336 
-0.072527 -0.0262594 114371 1 -0.796875 0.460577 698 1 1882 -0.0601762 -0.102878 0.0524087 -0.324562 3.25742 111.248 
-0.090303 0.000384983 114412 1 -0.796875 0.460577 699 1 1883 -0.0586484 -0.101841 0.0596402 -0.317056 3.2217 111.33 
-0.133759 -0.00459949 114531 1 -0.796875 0.460577 700 1 1886 -0.0557007 -0.108396 0.061458 -0.385135 3.26695 111.424 
-0.164077 0.0647094 114612 1 -0.796875 0.460577 701 1 1888 -0.0591384 -0.104703 0.0606833 -0.395299 3.23874 111.303 
-0.175211 0.110842 114692 1 -0.796875 0.460577 702 1 1890 -0.0605304 -0.101684 0.0592838 -0.382392 3.23239 111.168 
-0.175211 0.110842 114692 1 -0.796875 0.460577 703 1 1890 -0.0605304 -0.101684 0.0592838 -0.382392 3.23239 111.168 
-0.175211 0.110842 114692 1 -0.796875 0.460577 704 1 1890 -0.0605304 -0.101684 0.0592838 -0.382392 3.23239 111.168 
-0.176717 6.75257e-005 114892 1 -0.796875 0.460577 705 1 1895 -0.0553074 -0.112742 0.0581291 -0.43254 3.30846 111.377 
-0.181432 0.00154153 114932 1 -0.796875 0.460577 706 1 1896 -0.0561458 -0.10972 0.0576806 -0.421587 3.29188 111.357 
-0.181071 0.0502557 115012 1 -0.796875 0.460577 707 1 1898 -0.0578501 -0.107011 0.0577562 -0.421801 3.26418 111.214 
-0.195358 0.0584264 115093 1 -0.796875 0.460577 708 1 1900 -0.0573962 -0.107711 0.056441 -0.436572 3.27998 111.196 
-0.185002 0.0515394 115173 1 -0.796875 0.460577 709 1 1902 -0.0556896 -0.108037 0.0577272 -0.440377 3.27522 111.256 
-0.199023 0.0628744 115213 1 -0.796875 0.460577 710 1 1903 -0.0552486 -0.110004 0.0587007 -0.471177 3.26872 111.314 
0.316546 0.145311 115293 1 -0.796875 0.460577 711 1 1905 -0.0601991 -0.104542 0.0577276 -0.499906 3.26154 111.16 
0.335632 0.162069 115373 1 -0.796875 0.460577 712 1 1907 -0.0624648 -0.0997508 0.0571684 -0.477944 3.25408 111.061 
0.350843 0.128825 115413 1 -0.796875 0.460577 713 1 1908 -0.0618085 -0.100291 0.0578755 -0.475166 3.25914 111.036 
0.358334 0.0858475 115494 1 -0.796875 0.460577 714 1 1910 -0.0591699 -0.103893 0.0546451 -0.477144 3.32872 111.085 
0.383345 0.0879629 115574 1 -0.796875 0.460577 715 1 1912 -0.0574257 -0.11274 0.0553017 -0.529318 3.35345 111.081 
0.379739 0.125043 115653 1 -0.796875 0.460577 716 1 1914 -0.0581438 -0.110553 0.0543921 -0.530908 3.36619 111.159 
0.355974 0.13333 115694 1 -0.796354 0.460577 717 1 1915 -0.0602523 -0.106914 0.0543043 -0.520759 3.35177 111.145 
0.383964 0.100955 115774 1 -0.779167 0.4625 718 1 1917 -0.0618915 -0.104749 0.0527546 -0.504828 3.3779 111.079 
0.210527 1.1342 115854 1 -0.636979 0.529808 719 1 1919 -0.0597797 -0.10864 0.0565156 -0.49463 3.37312 111.187 
0.318781 1.42544 115937 1 -0.482292 0.669231 720 0 1921 -0.0553031 -0.11376 0.0578351 -0.479087 3.38055 111.293 
0.37911 0.705523 115974 1 -0.34375 0.831731 721 1 1922 -0.0555754 -0.115495 0.059367 -0.473035 3.3662 111.341 
0.398191 0.354296 116054 1 -0.150521 0.914423 722 1 1924 -0.0555554 -0.113586 0.0569029 -0.4585 3.36478 111.329 
0.402259 0.277163 116135 1 0.0869792 0.825962 723 1 1926 -0.0587411 -0.111467 0.0539444 -0.443859 3.37009 111.245 
0.41271 0.267191 116175 1 0.263021 0.524038 724 1 1927 -0.0595377 -0.111815 0.0540487 -0.438651 3.37198 111.185 
0.0893764 0.0514515 116256 1 0.408333 0.201923 725 1 1929 -0.0556313 -0.114422 0.056872 -0.413507 3.37419 111.261 
-0.0841205 -0.0364635 116335 1 0.460417 0 726 1 1931 -0.0517084 -0.119516 0.0624928 -0.422378 3.33396 111.293 
-0.136549 -0.036809 116415 1 0.436979 0 727 1 1933 -0.0529231 -0.119827 0.0618333 -0.46229 3.33947 111.311 
0.0556289 -0.0177616 116496 1 0.451042 0 728 1 1935 -0.0573043 -0.111628 0.0563919 -0.456344 3.343 111.217 
0.244054 -0.00921882 116535 1 0.515625 0 729 1 1936 -0.0594794 -0.110716 0.0542381 -0.463356 3.35181 111.141 
0.289573 -0.065714 116616 1 0.557813 0.0163462 730 1 1938 -0.0591878 -0.112532 0.0543681 -0.452939 3.36983 111.111 
0.320526 -0.063569 116697 1 0.5625 0.0317308 731 1 1940 -0.0537962 -0.116964 0.0582486 -0.446696 3.3594 111.19 
0.293781 -0.0330823 116779 1 0.545312 0.0365385 732 1 1942 -0.052505 -0.123328 0.0627512 -0.479163 3.33554 111.216 
0.321479 -0.10471 116856 1 0.526042 0.0461538 733 1 1944 -0.0555161 -0.121424 0.0577126 -0.484818 3.34885 111.212 
0.389739 -0.0472016 116936 1 0.517708 0.0461538 734 1 1946 -0.0572674 -0.121139 0.0541156 -0.488867 3.36004 111.186 
0.409374 -0.0416226 116976 1 0.513542 0.0480769 735 1 1947 -0.0568198 -0.122495 0.052894 -0.488252 3.37417 111.148 
0.387724 -0.0113574 117057 1 0.5125 0.0509615 736 1 1949 -0.0557259 -0.123475 0.0562063 -0.469212 3.35491 111.167 
0.335728 0.0370765 117136 1 0.5125 0.0509615 737 1 1951 -0.0527349 -0.130329 0.0546724 -0.52533 3.34369 110.938 
0.343058 0.139198 117217 1 0.509896 0.0528846 738 1 1953 -0.0526959 -0.135764 0.0532821 -0.563277 3.27722 110.78 
0.327401 0.170954 117297 1 0.508854 0.0528846 739 1 1955 -0.0515368 -0.134967 0.057423 -0.586951 3.2754 110.955 
0.294716 0.128571 117337 1 0.432292 0.0471154 740 1 1956 -0.0512046 -0.131451 0.0598184 -0.581979 3.30024 111.069 
0.319031 0.180385 117418 1 0.290625 0.0336538 741 1 1958 -0.0517542 -0.125519 0.0650313 -0.524875 3.32433 111.191 
0.318828 0.238987 117498 1 0.259896 0.0278846 742 1 1960 -0.0512075 -0.127406 0.0680581 -0.506485 3.30822 111.191 
0.344982 0.264712 117577 1 0.334375 0.025 743 1 1962 -0.0499071 -0.128411 0.0674066 -0.498555 3.30176 111.237 
0.337251 0.260296 117658 1 0.472396 0.0298077 744 1 1964 -0.0499053 -0.128292 0.0673933 -0.499652 3.30162 111.242 
-0.111055 0.00229672 117738 1 0.480729 0.0403846 745 1 1966 -0.0511135 -0.124173 0.0676369 -0.500087 3.28144 111.148 
-0.157226 -0.00850015 117778 1 0.478646 0.0461538 746 1 1967 -0.0514083 -0.123584 0.06681 -0.501053 3.28929 111.198 
-0.168352 0.00297385 117819 1 0.478125 0.0557692 747 1 1968 -0.0514887 -0.124112 0.0636849 -0.508674 3.30702 111.203 
0.117105 -0.113021 117938 1 0.498437 0.0576923 748 1 1971 -0.0535507 -0.122862 0.0619832 -0.512087 3.31017 111.114 
0.274796 -0.147902 117978 1 0.507813 0.0576923 749 1 1972 -0.0529234 -0.120368 0.0650082 -0.486808 3.28704 111.054 
0.234835 -0.18188 118059 1 0.507813 0.0576923 750 1 1974 -0.0513118 -0.125361 0.0640381 -0.525164 3.2953 110.969 
0.236895 -0.211479 118139 1 0.495833 0.0538462 751 0 1976 -0.0524902 -0.125714 0.0632068 -0.52014 3.28881 110.942 
0.245744 -0.229981 118218 1 0.361979 0.0413462 752 0 1978 -0.0520111 -0.126692 0.0596953 -0.519692 3.29604 110.941 
0.250311 0.0476148 118338 1 0.0838542 0.0201923 753 1 1981 -0.0511021 -0.13004 0.0586227 -0.537288 3.33828 111.065 
0.171564 0.0474041 118419 1 -0.00104167 0.0153846 754 1 1983 -0.0521085 -0.133134 0.0592263 -0.574609 3.33816 111.179 
0.177057 0.0769641 118460 1 0.025 0.0153846 755 1 1984 -0.0525172 -0.131489 0.0591952 -0.56633 3.34026 111.199 
0.180037 0.0574265 118539 1 0.0395833 0.0192308 756 1 1986 -0.0528242 -0.131463 0.0597451 -0.564969 3.34715 111.183 
0.115199 0.148993 118660 1 0.065625 0.0192308 757 1 1989 -0.0513609 -0.131596 0.0672369 -0.549316 3.30714 111.165 
0.111986 0.169906 118699 1 0.0890625 0.0192308 758 1 1990 -0.0513405 -0.130649 0.0677756 -0.545627 3.31016 111.182 
0.103997 0.163662 118780 1 0.104167 0.0192308 759 1 1992 -0.0528393 -0.128821 0.0674176 -0.542049 3.33154 111.22 
0.270843 0.207118 118820 1 0.114063 0.0192308 760 1 1993 -0.0527439 -0.131063 0.0654133 -0.562661 3.35004 111.207 
0.391107 0.262692 118940 1 0.116146 0.0192308 761 1 1996 -0.0513284 -0.130928 0.0668081 -0.5452 3.33897 111.21 
0.391107 0.262692 118980 1 0.119792 0.0201923 762 1 1997 -0.0513284 -0.130928 0.0668081 -0.5452 3.33897 111.21 
0.371381 0.282952 119061 1 0.120313 0.0201923 763 1 1999 -0.0521441 -0.13185 0.0656608 -0.568808 3.34034 111.171 
0.395569 0.291169 119100 1 0.120313 0.0201923 764 1 2000 -0.0520483 -0.131291 0.0653343 -0.565656 3.33692 111.165 
0.125116 0.130705 119221 1 0.120313 0.0201923 765 1 2003 -0.0513221 -0.131684 0.0675062 -0.546537 3.32437 111.214 
0.13616 0.113263 119341 1 0.148438 0.104808 766 1 2006 -0.0484976 -0.129477 0.0602695 -0.476316 3.40503 110.968 
0.0741597 0.0994061 119421 1 0.199479 0.394231 767 1 2008 -0.0490414 -0.129267 0.0655207 -0.460824 3.36752 111.265 
0.0741597 0.0994061 119421 1 0.216667 0.479808 768 1 2008 -0.0490414 -0.129267 0.0655207 -0.460824 3.36752 111.265 
0.0827756 0.0934101 119461 1 0.229167 0.479808 769 1 2009 -0.0489712 -0.132902 0.0658576 -0.482147 3.36768 111.276 
0.215721 0.115194 119621 1 0.247917 0.441346 770 1 2013 -0.0456532 -0.138706 0.0684896 -0.467146 3.32769 111.273 
0.220523 0.115518 119701 1 0.323958 0.355769 771 1 2015 -0.0453437 -0.139057 0.0683574 -0.464157 3.32636 111.283 
-0.0246742 -0.00370558 119784 1 0.373958 0.2875 772 1 2017 -0.0457601 -0.135263 0.0737063 -0.407882 3.25475 111.397 
-0.125656 -0.0163879 119822 1 0.398958 0.241346 773 1 2018 -0.0462819 -0.137661 0.0748942 -0.409107 3.23875 111.466 
-0.191828 0.0266167 119902 1 0.401562 0.239423 774 1 2020 -0.0436856 -0.149136 0.076104 -0.422159 3.21865 111.572 
-0.0787679 0.00389138 119943 1 0.401562 0.239423 775 1 2021 -0.043629 -0.161729 0.0773911 -0.440098 3.20102 111.702 
0.133381 -0.0565408 120063 1 0.401562 0.239423 776 1 2024 -0.0430287 -0.206944 0.0911097 -0.43155 3.03555 111.927 
