ImageFile:
0.534273 0.532895 62739 1 0.140104 0.155769 1 1 636 -0.0669204 -0.0380863 0.128505 -0.928567 -3.74806 95.0798 
0.533725 0.498109 62818 1 0.301563 0.159615 2 1 638 -0.0660331 -0.0399473 0.128726 -0.946356 -3.73751 95.0851 
0.522812 0.479534 62858 1 0.414063 0.160577 3 1 639 -0.0645623 -0.0427377 0.127976 -0.962628 -3.72179 95.0608 
0.543358 0.482947 62938 1 0.492188 0.147115 4 1 641 -0.0617697 -0.0385866 0.131322 -0.916059 -3.74541 95.0964 
0.541627 0.494742 63019 1 0.60625 0.129808 5 1 643 -0.0606257 -0.0401732 0.133972 -0.909898 -3.75892 95.0746 
0.538628 0.497291 63099 1 0.668229 0.129808 6 1 645 -0.0604331 -0.040485 0.136122 -0.907435 -3.7622 95.0634 
0.533526 0.493417 63138 1 0.691146 0.128846 7 1 646 -0.0604505 -0.0408168 0.13608 -0.910203 -3.75448 95.0678 
0.527444 0.507599 63218 1 0.701562 0.133654 8 1 648 -0.0614865 -0.0436157 0.138417 -0.918675 -3.77287 95.0507 
0.531659 0.496636 63299 1 0.738542 0.155769 9 1 650 -0.0627069 -0.0420001 0.139706 -0.914863 -3.77199 95.0063 
0.542684 0.498432 63339 1 0.76875 0.156731 10 1 651 -0.0631771 -0.0403944 0.140846 -0.907064 -3.7809 95.0654 
0.537437 0.476443 63420 1 0.770312 0.158654 11 1 653 -0.0639944 -0.0389959 0.140536 -0.909871 -3.75989 95.046 
0.55427 0.480127 63499 1 0.785937 0.167308 12 1 655 -0.064239 -0.0374603 0.142461 -0.911129 -3.76551 95.0169 
0.546716 0.448681 63539 1 0.8125 0.161538 13 1 656 -0.064269 -0.038235 0.141356 -0.924847 -3.74743 94.9879 
0.557383 0.445417 63619 1 0.844792 0.148077 14 1 658 -0.063398 -0.0349033 0.141901 -0.901367 -3.74776 95.0035 
0.551187 0.452138 63700 1 0.8625 0.132692 15 1 660 -0.0643393 -0.0353918 0.141685 -0.907061 -3.7497 95.0188 
0.561775 0.45829 63781 1 0.863542 0.128846 16 1 662 -0.064507 -0.0352826 0.142056 -0.908746 -3.75474 95.0605 
0.5414 0.441479 63820 1 0.864062 0.125 17 1 663 -0.0650414 -0.038342 0.13868 -0.937988 -3.71796 95.0246 
0.557969 0.44127 63900 1 0.864062 0.125 18 1 665 -0.0639822 -0.0346405 0.140888 -0.905544 -3.73372 95.0247 
0.545813 0.406177 63981 1 0.864583 0.125 19 1 667 -0.0640013 -0.0386283 0.138055 -0.949032 -3.69903 95.0147 
0.551988 0.415671 64143 1 0.863542 0.118269 20 1 671 -0.0642261 -0.031786 0.138983 -0.914871 -3.70625 95.0503 
0.542046 0.39911 64221 1 0.847917 0.1375 21 1 673 -0.064437 -0.0352432 0.137273 -0.942484 -3.69446 95.0423 
0.515289 0.325822 64344 1 0.753646 0.332692 22 1 676 -0.0686182 -0.03014 0.117482 -0.838169 -3.50143 94.6622 
0.505923 0.314365 64381 1 0.55 0.653846 23 1 677 -0.0684875 -0.0337873 0.116889 -0.855699 -3.4906 94.653 
0.527881 0.348502 64461 1 0.409896 0.763462 24 1 679 -0.0689502 -0.0307813 0.121374 -0.820271 -3.5177 94.6389 
0.487008 0.373688 64542 1 0.3375 0.784615 25 1 681 -0.0727009 -0.0325978 0.122822 -0.855962 -3.53163 94.6774 
0.496319 0.369081 64582 1 0.297396 0.843269 26 1 682 -0.0730491 -0.0310468 0.12168 -0.846204 -3.51978 94.6792 
0.334543 2.50811 64662 1 0.263021 0.911538 27 0 684 -0.0737304 -0.0307878 0.121736 -0.848452 -3.51903 94.7005 
0.417282 1.20866 64742 1 0.23125 0.905769 28 0 686 -0.0762693 -0.034636 0.116166 -0.885499 -3.46344 94.7772 
0.453821 0.670336 64822 1 0.205208 0.890385 29 1 688 -0.0769519 -0.0306098 0.119875 -0.857752 -3.51066 94.6918 
0.465057 0.568894 64902 1 0.195313 0.902885 30 1 690 -0.0784735 -0.0286741 0.117349 -0.859412 -3.48475 94.6871 
0.469181 0.534754 64943 1 0.195313 0.902885 31 1 691 -0.0789345 -0.0279821 0.118856 -0.872907 -3.4857 94.6953 
0.536296 0.582752 65022 1 0.195313 0.902885 32 1 693 -0.0732373 -0.0326542 0.145201 -0.928282 -3.71364 95.1121 
0.41504 0.553425 65102 1 0.183333 0.913462 33 1 695 -0.066098 -0.0401079 0.144797 -0.907898 -3.71589 95.0886 
-0.14837 0.267185 65183 1 0.149479 0.936538 34 1 697 -0.059173 -0.0507559 0.143327 -0.904713 -3.71384 95.0064 
-0.154206 0.180252 65223 1 0.125521 0.945192 35 1 698 -0.0579932 -0.0522016 0.146982 -0.90607 -3.74443 94.994 
-0.292972 -0.0556526 65303 1 0.115625 0.945192 36 0 700 -0.0584863 -0.0545881 0.149925 -0.945043 -3.74406 94.9314 
-0.312272 -0.126266 65383 1 0.0807292 0.944231 37 0 702 -0.0615985 -0.0529986 0.151552 -0.954638 -3.74514 94.9286 
-0.298903 -0.138943 65423 1 0.0661458 0.949038 38 0 703 -0.0625656 -0.0537038 0.15199 -0.954242 -3.75474 94.9462 
-0.298903 -0.138943 65423 1 0.0661458 0.950962 39 0 703 -0.0625656 -0.0537038 0.15199 -0.954242 -3.75474 94.9462 
-0.279712 -0.170888 65584 1 0.0645833 0.963462 40 0 707 -0.0587263 -0.0524249 0.153961 -0.901337 -3.75231 94.8229 
-0.318761 -0.180826 65664 1 0.0645833 0.964423 41 0 709 -0.0607383 -0.0563434 0.157577 -0.931257 -3.75816 94.8991 
-0.318569 -0.182206 65704 1 0.0645833 0.966346 42 0 710 -0.0624527 -0.0566163 0.158105 -0.936779 -3.7668 94.9508 
-0.324701 -0.175494 65744 1 0.0645833 0.973077 43 0 711 -0.0632975 -0.0578683 0.156425 -0.949513 -3.75446 94.9265 
-0.324701 -0.175494 65744 1 0.065625 0.974038 44 0 711 -0.0632975 -0.0578683 0.156425 -0.949513 -3.75446 94.9265 
-0.304333 -0.178678 65904 1 0.0671875 0.975 45 0 715 -0.0617533 -0.0565732 0.15689 -0.895914 -3.77231 94.9621 
-0.316826 -0.175758 65985 1 0.0671875 0.975 46 0 717 -0.0632854 -0.0582231 0.157987 -0.905404 -3.78325 94.9725 
-0.323227 -0.186216 66065 1 0.0671875 0.975 47 0 719 -0.0650655 -0.0564813 0.155347 -0.90775 -3.76436 94.9729 
-0.323227 -0.186216 66065 1 0.0671875 0.975 48 0 719 -0.0650655 -0.0564813 0.155347 -0.90775 -3.76436 94.9729 
-0.323227 -0.186216 66065 1 0.0671875 0.975 49 0 719 -0.0650655 -0.0564813 0.155347 -0.90775 -3.76436 94.9729 
-0.30397 -0.175599 66264 1 0.0671875 0.975 50 0 724 -0.0657634 -0.0549378 0.157776 -0.910119 -3.78022 94.9082 
-0.305521 -0.181499 66304 1 0.0671875 0.975 51 0 725 -0.0653958 -0.0563682 0.157793 -0.924482 -3.77403 94.8925 
-0.306258 -0.189834 66386 1 0.0671875 0.975 52 0 727 -0.0643781 -0.0541138 0.157875 -0.90566 -3.76966 94.9152 
-0.306258 -0.189834 66386 1 0.0671875 0.975 53 0 727 -0.0643781 -0.0541138 0.157875 -0.90566 -3.76966 94.9152 
-0.302414 -0.194274 66425 1 0.0671875 0.975 54 0 728 -0.0644303 -0.0556065 0.156834 -0.917486 -3.76567 94.9396 
-0.289077 -0.180937 66586 1 0.0671875 0.975 55 0 732 -0.0649772 -0.0541198 0.155913 -0.926132 -3.77147 94.8947 
-0.29414 -0.175971 66665 1 0.0671875 0.975 56 0 734 -0.0648965 -0.0526302 0.155931 -0.931165 -3.77687 94.9315 
-0.295405 -0.168061 66705 1 0.0671875 0.975 57 0 735 -0.0650794 -0.0501575 0.15745 -0.918947 -3.7892 94.9111 
-0.295405 -0.168061 66705 1 0.0671875 0.975 58 0 735 -0.0650794 -0.0501575 0.15745 -0.918947 -3.7892 94.9111 
-0.304112 -0.185106 66866 1 0.0671875 0.975 59 0 739 -0.0662818 -0.0474039 0.1555 -0.922734 -3.77911 94.9298 
-0.293599 -0.179348 66946 1 0.0671875 0.975 60 0 741 -0.0661979 -0.047465 0.157135 -0.92601 -3.79163 94.9467 
-0.300888 -0.20822 67026 1 0.0671875 0.975 61 0 743 -0.0653111 -0.0501282 0.157873 -0.938391 -3.79096 94.9227 
-0.300888 -0.20822 67026 1 0.0671875 0.975 62 0 743 -0.0653111 -0.0501282 0.157873 -0.938391 -3.79096 94.9227 
-0.300888 -0.20822 67026 1 0.0671875 0.975 63 0 743 -0.0653111 -0.0501282 0.157873 -0.938391 -3.79096 94.9227 
-0.31474 -0.250726 67227 1 0.0671875 0.975 64 0 748 -0.066172 -0.050488 0.149432 -0.943122 -3.75955 94.9638 
-0.315987 -0.24461 67266 1 0.196354 0.8875 65 0 749 -0.0659404 -0.0486053 0.148389 -0.933389 -3.75804 94.9811 
-0.292323 -0.269342 67347 1 0.360938 0.725 66 0 751 -0.0669305 -0.0462137 0.147815 -0.925047 -3.76188 94.9788 
-0.292323 -0.269342 67347 1 0.360938 0.725 67 0 751 -0.0669305 -0.0462137 0.147815 -0.925047 -3.76188 94.9788 
-0.28972 -0.272644 67387 1 0.360938 0.725 68 0 752 -0.0676846 -0.0467811 0.146109 -0.934951 -3.75424 94.9943 
-0.284215 -0.28167 67547 1 0.360938 0.725 69 0 756 -0.0688283 -0.0440634 0.145713 -0.934959 -3.74553 94.9395 
-0.286554 -0.261463 67628 1 0.360938 0.725 70 0 758 -0.0677036 -0.0462698 0.1472 -0.952828 -3.75815 94.9715 
-0.284011 -0.265833 67667 1 0.360938 0.725 71 0 759 -0.0669904 -0.0449673 0.145193 -0.943021 -3.74075 94.9837 
-0.284011 -0.265833 67667 1 0.402083 0.724038 72 0 759 -0.0669904 -0.0449673 0.145193 -0.943021 -3.74075 94.9837 
-0.30054 -0.25572 67828 1 0.547396 0.686538 73 0 763 -0.0679898 -0.0445234 0.145087 -0.950189 -3.74512 94.9614 
-0.305568 -0.236541 67909 1 0.616146 0.625 74 0 765 -0.0677092 -0.0454266 0.146262 -0.965062 -3.74491 94.9125 
-0.295727 -0.233695 67988 1 0.702083 0.573077 75 0 767 -0.0678348 -0.0458667 0.144717 -0.977091 -3.72784 94.8983 
-0.295727 -0.233695 67988 1 0.736458 0.550962 76 0 767 -0.0678348 -0.0458667 0.144717 -0.977091 -3.72784 94.8983 
-0.295727 -0.233695 67988 1 0.758333 0.542308 77 0 767 -0.0678348 -0.0458667 0.144717 -0.977091 -3.72784 94.8983 
-0.274768 -0.195914 68188 1 0.822396 0.598077 78 0 772 -0.0661308 -0.0444097 0.149092 -0.95643 -3.75428 94.9159 
-0.266394 -0.201626 68228 1 0.983854 0.763462 79 0 773 -0.0657869 -0.0417998 0.148811 -0.92649 -3.74825 94.8812 
-0.302322 -0.219872 68309 1 1.06927 0.931731 80 0 775 -0.0664023 -0.0458315 0.147969 -0.948419 -3.74497 94.9409 
-0.302322 -0.219872 68309 1 1.06198 1.01731 81 0 775 -0.0664023 -0.0458315 0.147969 -0.948419 -3.74497 94.9409 
-0.305406 -0.201971 68349 1 1.04792 1.0375 82 0 776 -0.0671996 -0.0463832 0.149317 -0.953339 -3.75745 94.9172 
-0.305406 -0.201971 68349 1 0.931771 0.998077 83 0 776 -0.0671996 -0.0463832 0.149317 -0.953339 -3.75745 94.9172 
-0.258367 -0.0912927 68468 1 0.977604 0.940385 84 0 779 -0.0780539 -0.0425322 0.166233 -0.890123 -3.91838 95.1775 
-0.258367 -0.0912927 68468 1 1.2901 0.801923 85 0 779 -0.0780539 -0.0425322 0.166233 -0.890123 -3.91838 95.1775 
-0.238706 -0.0796633 68589 1 1.47188 0.669231 86 0 782 -0.0802596 -0.0450879 0.169074 -0.923706 -3.94035 95.1885 
-0.238706 -0.0796633 68589 1 1.51146 0.610577 87 0 782 -0.0802596 -0.0450879 0.169074 -0.923706 -3.94035 95.1885 
-0.226335 -0.068646 68710 1 1.51198 0.598077 88 0 785 -0.0787595 -0.0371671 0.168711 -0.874297 -3.94584 95.2626 
-0.226335 -0.068646 68710 1 1.51302 0.598077 89 0 785 -0.0787595 -0.0371671 0.168711 -0.874297 -3.94584 95.2626 
-0.245155 -0.0738052 68869 1 1.50313 0.611538 90 0 789 -0.0782735 -0.0416466 0.169032 -0.916539 -3.91781 95.1474 
-0.245155 -0.0738052 68869 1 1.49531 0.641346 91 0 789 -0.0782735 -0.0416466 0.169032 -0.916539 -3.91781 95.1474 
-0.234875 -0.0985767 68990 1 1.60052 0.643269 92 0 792 -0.0804457 -0.0417872 0.163263 -0.897467 -3.89999 95.1341 
-0.234875 -0.0985767 68990 1 1.67188 0.640385 93 0 792 -0.0804457 -0.0417872 0.163263 -0.897467 -3.89999 95.1341 
-0.25135 -0.0910307 69150 1 1.66875 0.640385 94 0 796 -0.081972 -0.042123 0.164558 -0.89441 -3.90686 95.1299 
-0.241392 -0.0854232 69271 1 1.66198 0.638462 95 0 799 -0.0792413 -0.0380241 0.165833 -0.881557 -3.92934 95.2384 
-0.241392 -0.0854232 69271 1 1.63385 0.628846 96 0 799 -0.0792413 -0.0380241 0.165833 -0.881557 -3.92934 95.2384 
-0.241392 -0.0854232 69271 1 1.6276 0.625962 97 0 799 -0.0792413 -0.0380241 0.165833 -0.881557 -3.92934 95.2384 
1.2967 0.0694596 69591 1 1.62448 0.622115 98 0 807 -0.0647823 -0.0295893 0.148588 -0.935936 -3.74498 94.7495 
1.31787 0.0617466 69631 1 1.62396 0.614423 99 0 808 -0.06439 -0.0252149 0.150264 -0.890368 -3.76267 94.7295 
1.33539 0.0617147 69711 1 1.62396 0.613462 100 0 810 -0.0644728 -0.0228635 0.150213 -0.866875 -3.76902 94.7054 
1.33399 0.056688 69793 1 1.62396 0.613462 101 0 812 -0.0647516 -0.0229521 0.151112 -0.873635 -3.77552 94.7038 
1.30845 0.0305419 69832 1 1.62396 0.613462 102 0 813 -0.0650646 -0.0282445 0.148123 -0.924102 -3.74882 94.7151 
1.34107 0.0364705 69911 1 1.62396 0.613462 103 0 815 -0.064441 -0.0213399 0.149776 -0.879869 -3.76227 94.7022 
1.34107 0.0364705 69911 1 1.62396 0.613462 104 0 815 -0.064441 -0.0213399 0.149776 -0.879869 -3.76227 94.7022 
1.37645 0.0277047 70112 1 1.62396 0.613462 105 0 820 -0.0652856 -0.0211309 0.150202 -0.923266 -3.76347 94.6676 
1.37273 0.0312633 70152 1 1.62396 0.613462 106 0 821 -0.065475 -0.0217597 0.151227 -0.933894 -3.76926 94.6693 
1.36853 0.0195214 70232 1 1.62396 0.613462 107 0 823 -0.0647104 -0.0207168 0.149682 -0.934735 -3.75311 94.6525 
1.36588 0.0289942 70273 1 1.62396 0.613462 108 0 824 -0.0638991 -0.018802 0.151714 -0.925062 -3.76937 94.6637 
1.36588 0.0289942 70273 1 1.62396 0.613462 109 0 824 -0.0638991 -0.018802 0.151714 -0.925062 -3.76937 94.6637 
1.3714 0.0980082 70473 1 1.62396 0.613462 110 0 829 -0.0642954 -0.014493 0.156723 -0.908872 -3.80167 94.6402 
1.36266 0.0891901 70513 1 1.62396 0.613462 111 0 830 -0.0646557 -0.0172982 0.155515 -0.937439 -3.78743 94.6347 
1.33394 0.0823229 70593 1 1.62396 0.613462 112 0 832 -0.0652113 -0.0189719 0.154837 -0.974668 -3.78473 94.6173 
1.33394 0.0823229 70593 1 1.62396 0.613462 113 0 832 -0.0652113 -0.0189719 0.154837 -0.974668 -3.78473 94.6173 
1.33394 0.0823229 70593 1 1.62396 0.613462 114 0 832 -0.0652113 -0.0189719 0.154837 -0.974668 -3.78473 94.6173 
1.3734 0.102229 70793 1 1.62396 0.613462 115 0 837 -0.0656707 -0.0124844 0.156569 -0.943524 -3.78815 94.5864 
1.43216 0.107021 70874 1 1.62396 0.613462 116 0 839 -0.0654291 -0.0100033 0.156745 -0.918225 -3.78763 94.6474 
1.42546 0.0978301 70914 1 1.62396 0.613462 117 0 840 -0.0658854 -0.012778 0.156723 -0.934635 -3.78349 94.6207 
1.42546 0.0978301 70914 1 1.62396 0.613462 118 0 840 -0.0658854 -0.012778 0.156723 -0.934635 -3.78349 94.6207 
1.43186 0.0719369 71073 1 1.62396 0.613462 119 0 844 -0.0647699 -0.014004 0.157927 -0.933179 -3.78307 94.6299 
1.41683 0.0713309 71113 1 1.62396 0.613462 120 0 845 -0.064962 -0.014961 0.156723 -0.943489 -3.7735 94.6724 
1.41981 0.0671914 71194 1 1.62396 0.613462 121 0 847 -0.0656536 -0.012855 0.156047 -0.934502 -3.77085 94.6987 
1.38946 0.0690522 71234 1 1.62396 0.613462 122 0 848 -0.0664953 -0.014782 0.15621 -0.954575 -3.77184 94.6752 
1.38946 0.0690522 71234 1 1.62396 0.613462 123 0 848 -0.0664953 -0.014782 0.15621 -0.954575 -3.77184 94.6752 
0.000312515 0.817468 71434 1 1.62396 0.613462 124 1 853 -0.0712665 -0.0116332 0.151625 -0.949424 -3.71282 94.7821 
-0.0748451 0.808523 71474 1 1.62396 0.613462 125 1 854 -0.0722911 -0.012604 0.15179 -0.953924 -3.7103 94.7855 
-0.12702 0.75631 71555 1 1.62396 0.613462 126 1 856 -0.0724134 -0.0128388 0.151132 -0.951272 -3.69321 94.771 
-0.120144 0.707941 71635 1 1.62396 0.613462 127 1 858 -0.0716126 -0.0140785 0.149841 -0.946109 -3.67203 94.7964 
-0.125277 0.706161 71676 1 1.62396 0.613462 128 1 859 -0.0715877 -0.0153426 0.15046 -0.951269 -3.67899 94.814 
-0.142269 0.694937 71755 1 1.62396 0.613462 129 1 861 -0.0720402 -0.0162628 0.149392 -0.955574 -3.6731 94.7844 
-0.130873 0.695025 71835 1 1.62396 0.613462 130 1 863 -0.0717466 -0.0159368 0.149387 -0.94649 -3.67301 94.7927 
-0.109023 0.70242 71875 1 1.62396 0.613462 131 1 864 -0.0718052 -0.00932056 0.150757 -0.89619 -3.68291 94.8303 
-0.137648 0.681766 71955 1 1.62396 0.613462 132 1 866 -0.0726786 -0.0161961 0.148088 -0.958295 -3.65618 94.8333 
-0.120532 0.69211 72036 1 1.62396 0.613462 133 1 868 -0.0729066 -0.0138114 0.1492 -0.941947 -3.67271 94.8114 
-0.10336 0.692337 72076 1 1.62396 0.613462 134 1 869 -0.07275 -0.00867362 0.150448 -0.90055 -3.67835 94.7932 
-0.130994 0.698711 72155 1 1.62396 0.613462 135 1 871 -0.073798 -0.0140338 0.149988 -0.945787 -3.67078 94.7797 
-0.151028 0.689603 72196 1 1.62396 0.613462 136 1 872 -0.0735219 -0.0174274 0.149681 -0.976696 -3.66369 94.7726 
-0.13576 0.677133 72276 1 1.62396 0.613462 137 1 874 -0.0735351 -0.016376 0.148837 -0.955303 -3.65591 94.7983 
-0.131056 0.673142 72356 1 1.62396 0.613462 138 1 876 -0.0725969 -0.0160729 0.14932 -0.938676 -3.65664 94.7642 
-0.112068 0.675122 72396 1 1.62396 0.613462 139 1 877 -0.0729577 -0.0155254 0.151375 -0.923017 -3.67189 94.7774 
-0.142989 0.680834 72477 1 1.62396 0.613462 140 1 879 -0.0730543 -0.0210034 0.151607 -0.967844 -3.67379 94.8202 
-0.133052 0.68121 72556 1 1.62396 0.613462 141 1 881 -0.0729947 -0.0175164 0.150549 -0.931392 -3.6695 94.8032 
-0.113751 0.667164 72636 1 1.62396 0.613462 142 1 883 -0.0732677 -0.0144524 0.150469 -0.904911 -3.66873 94.8188 
-0.119021 0.68977 72677 1 1.62396 0.613462 143 1 884 -0.0735601 -0.0146719 0.152406 -0.907882 -3.68978 94.816 
-0.121186 0.672006 72757 1 1.62396 0.613462 144 1 886 -0.0730269 -0.0161108 0.150122 -0.917443 -3.67216 94.8371 
-0.116815 0.6736 72838 1 1.62396 0.613462 145 1 888 -0.074091 -0.0153575 0.149851 -0.914374 -3.67664 94.8565 
-0.123281 0.687779 72877 1 1.62396 0.613462 146 1 889 -0.0741929 -0.0150891 0.151318 -0.917668 -3.69359 94.8613 
-0.137166 0.706425 72957 1 1.62396 0.613462 147 1 891 -0.0741708 -0.0166753 0.151588 -0.939463 -3.70139 94.8268 
-0.127596 0.714768 72997 1 1.62396 0.613462 148 1 892 -0.0740558 -0.0147561 0.152853 -0.924482 -3.71458 94.828 
-0.127411 0.691738 73077 1 1.62396 0.613462 149 1 894 -0.0742627 -0.0156145 0.151229 -0.934229 -3.6946 94.8462 
-0.128137 0.697042 73158 1 1.62396 0.613462 150 1 896 -0.0738853 -0.0153537 0.150257 -0.914999 -3.6846 94.8161 
-0.127618 0.696861 73198 1 1.62396 0.613462 151 1 897 -0.0745036 -0.0171372 0.149448 -0.924837 -3.679 94.8166 
0.0674146 0.724483 73278 1 1.62396 0.613462 152 1 899 -0.0742483 -0.0186867 0.150042 -0.937518 -3.68835 94.8314 
1.12012 0.860234 73358 1 1.62396 0.613462 153 1 901 -0.0735252 -0.0133218 0.151156 -0.915513 -3.6944 94.8644 
1.1257 0.820978 73398 1 1.62396 0.613462 154 1 902 -0.0736456 -0.0158761 0.150022 -0.951233 -3.67997 94.9077 
1.26311 0.764508 73478 1 1.62396 0.613462 155 0 904 -0.0732562 -0.0157524 0.147646 -0.964348 -3.65396 94.869 
1.31274 0.772886 73559 1 1.62396 0.613462 156 0 906 -0.0753302 -0.00352348 0.152808 -0.896557 -3.69926 94.8024 
1.31902 0.753199 73600 1 1.62396 0.613462 157 0 907 -0.076111 -0.00689741 0.150572 -0.957448 -3.68083 94.8515 
1.36348 0.744021 73718 1 1.62396 0.613462 158 0 910 -0.0755277 0.00027475 0.149743 -0.934577 -3.67445 94.8331 
1.37091 0.738142 73759 1 1.62396 0.613462 159 0 911 -0.075219 0.000188193 0.149114 -0.939985 -3.66078 94.782 
1.35723 0.73723 73839 1 1.62396 0.613462 160 0 913 -0.0746134 -0.00118934 0.149752 -0.954737 -3.66115 94.7379 
1.34487 0.742599 73879 1 1.62396 0.613462 161 0 914 -0.0738936 -0.000241303 0.151006 -0.946631 -3.67194 94.7441 
1.34487 0.742599 73879 1 1.62448 0.613462 162 0 914 -0.0738936 -0.000241303 0.151006 -0.946631 -3.67194 94.7441 
1.34958 0.726516 74039 1 1.63177 0.624038 163 0 918 -0.0726738 -0.00080255 0.151628 -0.942118 -3.6709 94.7574 
1.34963 0.727168 74119 1 1.63177 0.624038 164 0 920 -0.0732527 -0.00197302 0.153081 -0.957806 -3.67073 94.7114 
1.37914 0.754935 74200 1 1.63177 0.624038 165 0 922 -0.0727116 0.00145506 0.1559 -0.933545 -3.69376 94.714 
1.37914 0.754935 74200 1 1.63177 0.624038 166 0 922 -0.0727116 0.00145506 0.1559 -0.933545 -3.69376 94.714 
1.37914 0.754935 74200 1 1.66094 0.621154 167 0 922 -0.0727116 0.00145506 0.1559 -0.933545 -3.69376 94.714 
1.34718 0.727363 74400 1 1.69583 0.616346 168 0 927 -0.0744207 0.00486063 0.153222 -0.937129 -3.67602 94.7332 
1.36387 0.738254 74442 1 1.69792 0.609615 169 0 928 -0.0744984 0.00791584 0.154617 -0.913316 -3.68978 94.7157 
1.3547 0.744154 74520 1 1.69792 0.609615 170 0 930 -0.0751378 0.00478477 0.155053 -0.936565 -3.6907 94.7121 
1.3547 0.744154 74520 1 1.69792 0.609615 171 0 930 -0.0751378 0.00478477 0.155053 -0.936565 -3.6907 94.7121 
1.35653 0.72262 74560 1 1.69063 0.607692 172 0 931 -0.074923 0.00586734 0.152471 -0.925871 -3.6666 94.7329 
1.36811 0.73816 74721 1 1.69063 0.607692 173 0 935 -0.0735732 0.00140715 0.153898 -0.939919 -3.68103 94.7546 
1.37556 0.737273 74801 1 1.69063 0.607692 174 0 937 -0.0731541 0.00474732 0.153716 -0.901356 -3.68119 94.7595 
1.36386 0.754399 74841 1 1.69063 0.607692 175 0 938 -0.0741201 0.00125103 0.155483 -0.933257 -3.6967 94.7305 
1.36386 0.754399 74841 1 1.67083 0.606731 176 0 938 -0.0741201 0.00125103 0.155483 -0.933257 -3.6967 94.7305 
1.37351 0.771675 75001 1 1.67083 0.606731 177 0 942 -0.0745176 0.00390954 0.15535 -0.9133 -3.69989 94.7736 
1.36819 0.763543 75082 1 1.67083 0.606731 178 0 944 -0.0747298 0.00343083 0.155242 -0.926365 -3.69381 94.7667 
1.37774 0.765578 75161 1 1.67083 0.606731 179 0 946 -0.0743085 0.00470132 0.154486 -0.918465 -3.69369 94.7986 
1.37774 0.765578 75161 1 1.67083 0.606731 180 0 946 -0.0743085 0.00470132 0.154486 -0.918465 -3.69369 94.7986 
1.37774 0.765578 75161 1 1.67083 0.606731 181 0 946 -0.0743085 0.00470132 0.154486 -0.918465 -3.69369 94.7986 
0.614718 0.575737 75362 1 1.67083 0.606731 182 1 951 -0.0748196 0.000884304 0.155364 -0.924514 -3.70513 94.7718 
0.61439 0.570165 75402 1 1.67083 0.606731 183 1 952 -0.0748888 0.00255585 0.154989 -0.907567 -3.7044 94.7589 
0.618866 0.498577 75482 1 1.6776 0.615385 184 1 954 -0.0748679 0.00161104 0.153954 -0.911876 -3.70251 94.8061 
0.618866 0.498577 75482 1 1.67917 0.615385 185 1 954 -0.0748679 0.00161104 0.153954 -0.911876 -3.70251 94.8061 
0.613869 0.479921 75522 1 1.68073 0.615385 186 1 955 -0.0755829 0.00246667 0.152632 -0.9073 -3.69144 94.791 
0.622225 0.502404 75682 1 1.68073 0.615385 187 1 959 -0.0761532 0.00397091 0.152553 -0.905055 -3.68677 94.7772 
0.610734 0.493272 75764 1 1.68073 0.615385 188 1 961 -0.0764785 0.00224573 0.15525 -0.934644 -3.70614 94.8024 
0.61433 0.495818 75803 1 1.68073 0.615385 189 1 962 -0.0769774 0.00473816 0.153562 -0.913498 -3.69104 94.7891 
0.608379 0.505837 75882 1 1.69583 0.615385 190 1 964 -0.0768135 0.00308642 0.154681 -0.925665 -3.69689 94.7662 
0.609162 0.516475 75963 1 1.72292 0.615385 191 1 966 -0.0755438 0.00293024 0.154891 -0.915963 -3.69559 94.8231 
0.612227 0.513069 76003 1 1.72396 0.615385 192 1 967 -0.0749129 0.000131416 0.154597 -0.929911 -3.69077 94.7926 
0.605995 0.530292 76083 1 1.74427 0.615385 193 1 969 -0.0741954 -0.000759194 0.154991 -0.910175 -3.6957 94.7817 
0.622929 0.522609 76164 1 1.79427 0.614423 194 1 971 -0.0738425 -0.000625701 0.155907 -0.895065 -3.70173 94.7929 
0.615037 0.524891 76204 1 1.8349 0.621154 195 1 972 -0.0746096 -0.00239365 0.155092 -0.90771 -3.69275 94.8152 
0.613135 0.543675 76283 1 1.8401 0.625 196 1 974 -0.0748886 -0.00264282 0.157034 -0.911892 -3.70888 94.8154 
0.616751 0.527384 76364 1 1.83906 0.632692 197 1 976 -0.0749506 -0.00212793 0.155467 -0.905963 -3.69388 94.8066 
0.592335 0.521701 76404 1 1.83854 0.638462 198 1 977 -0.0749602 -0.0052843 0.155948 -0.944699 -3.69705 94.8322 
0.599378 0.527157 76484 1 1.83854 0.638462 199 1 979 -0.0753526 -0.00185721 0.154998 -0.926161 -3.68947 94.8112 
0.604372 0.529386 76565 1 1.83854 0.638462 200 1 981 -0.0757968 -0.000723583 0.155457 -0.923697 -3.69083 94.7789 
0.5954 0.550662 76604 1 1.83854 0.638462 201 1 982 -0.0755825 -0.000910458 0.157002 -0.927793 -3.70277 94.8379 
0.60685 0.55624 76685 1 1.83854 0.638462 202 1 984 -0.0753686 0.000414094 0.158287 -0.908355 -3.70406 94.7969 
0.61917 0.560878 76765 1 1.83854 0.638462 203 1 986 -0.0748452 0.00115933 0.158406 -0.89206 -3.6993 94.8347 
0.611637 0.573833 76805 1 1.83854 0.638462 204 1 987 -0.0755922 0.00100033 0.158914 -0.88823 -3.70283 94.8266 
0.608506 0.571825 76885 1 1.83854 0.638462 205 1 989 -0.0758589 -0.000306317 0.158677 -0.902481 -3.69757 94.8345 
0.60723 0.584737 76966 1 1.83854 0.638462 206 1 991 -0.0755 0.000120066 0.15984 -0.906107 -3.7075 94.8633 
0.603957 0.579708 77004 1 1.83854 0.638462 207 1 992 -0.0753526 -0.00101967 0.159238 -0.914317 -3.70291 94.8339 
0.598732 0.57154 77085 1 1.83854 0.638462 208 1 994 -0.0756838 -0.00225532 0.157706 -0.92776 -3.68609 94.8106 
0.592019 0.478621 77165 1 1.83854 0.638462 209 1 996 -0.0799413 0.00931721 0.138277 -0.827113 -3.50346 94.5666 
0.584169 0.443661 77246 1 1.83854 0.638462 210 1 998 -0.0800522 0.00518122 0.133626 -0.85778 -3.45949 94.6131 
0.59542 0.461776 77286 1 1.83854 0.638462 211 1 999 -0.0798973 0.00769718 0.137055 -0.834613 -3.48969 94.5913 
0.598363 0.448748 77365 1 1.83854 0.638462 212 1 1001 -0.0790955 0.00892753 0.134719 -0.810238 -3.47147 94.6063 
0.586225 0.451844 77445 1 1.83854 0.638462 213 1 1003 -0.0790165 0.00738639 0.136822 -0.811827 -3.4917 94.654 
0.164187 0.312661 77526 1 1.83854 0.638462 214 1 1005 -0.0784073 0.00492047 0.135147 -0.820197 -3.48048 94.6518 
0.149384 0.242601 77606 1 1.83854 0.638462 215 1 1007 -0.0787032 0.00725513 0.136942 -0.801922 -3.50167 94.6067 
0.177746 0.257286 77646 1 1.83854 0.638462 216 1 1008 -0.0786326 0.0119565 0.137253 -0.751692 -3.51388 94.6457 
0.169747 0.247696 77727 1 1.83854 0.638462 217 1 1010 -0.079008 0.012176 0.137134 -0.754097 -3.51491 94.6248 
0.131906 0.177905 77806 1 1.83854 0.638462 218 1 1012 -0.0804152 0.00705258 0.133958 -0.81426 -3.48874 94.6021 
0.567464 -0.00907936 77887 1 1.83854 0.638462 219 1 1014 -0.0798918 0.00757466 0.133465 -0.819581 -3.49079 94.5605 
0.566217 -0.0106698 77927 1 1.83854 0.638462 220 1 1015 -0.0798318 0.00764259 0.133454 -0.820165 -3.49088 94.5569 
0.563587 -0.0246818 78008 1 1.83854 0.638462 221 1 1017 -0.0795644 0.00793596 0.133461 -0.82253 -3.49066 94.5451 
0.586699 -0.0713043 78087 1 1.83854 0.638462 222 1 1019 -0.0790232 0.00789966 0.132753 -0.812468 -3.48082 94.555 
0.574853 -0.0577488 78128 1 1.83854 0.638462 223 1 1020 -0.0780794 0.00733835 0.135826 -0.814435 -3.50793 94.5222 
0.574698 -0.0784486 78208 1 1.83854 0.638462 224 1 1022 -0.0780373 0.00949171 0.133916 -0.796719 -3.48641 94.5737 
0.589791 -0.0462316 78247 1 1.83854 0.638462 225 1 1023 -0.0785689 0.00901125 0.135315 -0.802074 -3.49439 94.597 
0.964262 0.391771 78328 1 1.83854 0.638462 226 1 1025 -0.0796622 0.00997201 0.13513 -0.797895 -3.49433 94.5739 
0.951633 0.381971 78408 1 1.83854 0.638462 227 1 1027 -0.0800648 0.00861831 0.133263 -0.823292 -3.47567 94.5611 
0.952685 0.407999 78448 1 1.83854 0.638462 228 1 1028 -0.0798433 0.00880784 0.134258 -0.829569 -3.48479 94.5767 
0.650609 0.560877 78528 1 1.83854 0.638462 229 1 1030 -0.0797419 0.00941796 0.131666 -0.836955 -3.46134 94.6113 
0.640799 0.600171 78608 1 1.83854 0.638462 230 1 1032 -0.0799589 0.010867 0.132609 -0.823318 -3.46432 94.6293 
0.640799 0.600171 78608 1 1.83854 0.638462 231 1 1032 -0.0799589 0.010867 0.132609 -0.823318 -3.46432 94.6293 
0.604605 0.71169 78769 1 1.83854 0.638462 232 1 1036 -0.0793533 0.00964718 0.132398 -0.809664 -3.44562 94.6367 
0.601536 0.722146 78809 1 1.83854 0.638462 233 1 1037 -0.0800492 0.0073565 0.132326 -0.81649 -3.44625 94.6854 
0.598481 0.658367 78888 1 1.83854 0.638462 234 1 1039 -0.0815803 0.00708234 0.134141 -0.81698 -3.45629 94.6819 
0.613589 0.535872 78968 1 1.83854 0.638462 235 1 1041 -0.0826868 0.00924969 0.131766 -0.79406 -3.43235 94.69 
0.602381 0.55603 79049 1 1.83854 0.638462 236 1 1043 -0.0840405 0.00554651 0.131499 -0.835374 -3.43071 94.7074 
0.616726 0.541897 79089 1 1.83854 0.638462 237 1 1044 -0.08391 0.00852037 0.130545 -0.815807 -3.4227 94.7266 
0.621264 0.54757 79169 1 1.83854 0.638462 238 1 1046 -0.084832 0.0113998 0.130898 -0.799917 -3.42249 94.7126 
0.616091 0.483464 79249 1 1.83854 0.638462 239 1 1048 -0.0847248 0.0122849 0.13066 -0.794231 -3.41279 94.6978 
0.59623 0.467021 79290 1 1.83854 0.638462 240 1 1049 -0.0848217 0.0104139 0.128871 -0.806666 -3.39467 94.6854 
0.587158 0.434643 79369 1 1.83854 0.638462 241 1 1051 -0.0837969 0.00794321 0.131429 -0.816003 -3.41066 94.7013 
0.577525 0.425156 79450 1 1.83854 0.638462 242 1 1053 -0.0831577 0.00671846 0.131034 -0.809421 -3.39986 94.7231 
0.544459 0.410867 79532 1 1.83854 0.638462 243 1 1055 -0.0826857 0.00639608 0.132244 -0.808602 -3.40258 94.6639 
0.553439 0.41806 79570 1 1.83854 0.638462 244 1 1056 -0.0834901 0.00951689 0.132196 -0.780851 -3.40595 94.6983 
0.547487 0.416347 79650 1 1.83854 0.638462 245 1 1058 -0.083049 0.00718314 0.132331 -0.801761 -3.4052 94.6891 
0.584761 0.481765 79732 1 1.83854 0.638462 246 1 1060 -0.083786 0.00735823 0.130307 -0.816305 -3.38167 94.6788 
0.615457 0.530888 79811 1 1.83854 0.638462 247 1 1062 -0.0836202 0.0101059 0.131868 -0.801943 -3.39613 94.7065 
0.619586 0.521819 79850 1 1.83854 0.638462 248 1 1063 -0.0839512 0.0085509 0.131063 -0.817402 -3.3866 94.6928 
0.608478 0.528435 79931 1 1.83854 0.638462 249 1 1065 -0.0831941 0.00912982 0.131157 -0.81317 -3.38104 94.6981 
0.401757 0.39576 80011 1 1.83854 0.638462 250 1 1067 -0.0825151 0.00648008 0.133212 -0.820955 -3.38797 94.6765 
0.208111 0.187232 80050 1 1.83854 0.638462 251 1 1068 -0.0821434 0.0046035 0.133731 -0.826057 -3.38966 94.6169 
0.197267 0.0767492 80131 1 1.83854 0.638462 252 1 1070 -0.0817402 0.00242904 0.13411 -0.823816 -3.39692 94.603 
0.198791 0.0604748 80212 1 1.83854 0.638462 253 1 1072 -0.0818027 0.00326564 0.135531 -0.811614 -3.40803 94.6285 
0.120539 0.099877 80251 1 1.83854 0.638462 254 1 1073 -0.0818413 0.0028109 0.134869 -0.811696 -3.40255 94.6439 
0.110351 0.089107 80331 1 1.83854 0.638462 255 1 1075 -0.082084 0.00202137 0.1335 -0.818536 -3.39057 94.6445 
0.112558 0.111043 80411 1 1.83854 0.638462 256 1 1077 -0.0832867 0.00304134 0.135619 -0.820471 -3.40739 94.6315 
0.032394 0.129326 80451 1 1.83854 0.638462 257 1 1078 -0.0835416 0.00152913 0.134729 -0.840378 -3.39542 94.6472 
-0.0111309 0.142637 80532 1 1.83854 0.638462 258 1 1080 -0.0839419 0.00164469 0.133864 -0.850835 -3.38631 94.6335 
0.0115378 0.141734 80612 1 1.84688 0.6375 259 1 1082 -0.0831608 0.00431771 0.137099 -0.831772 -3.41528 94.631 
0.222398 0.0720336 80692 1 1.85052 0.6375 260 1 1084 -0.082195 0.00906929 0.138685 -0.772131 -3.43667 94.6946 
0.230903 0.0813973 80731 1 1.85052 0.6375 261 1 1085 -0.0824465 0.008661 0.138506 -0.768426 -3.4384 94.6834 
0.187341 0.0570891 80812 1 1.85052 0.6375 262 1 1087 -0.083378 0.00322293 0.13772 -0.800301 -3.43156 94.636 
0.198964 0.052135 80892 1 1.85052 0.627885 263 1 1089 -0.0833179 0.00332142 0.137766 -0.79721 -3.43388 94.6239 
0.203708 0.0492269 80932 1 1.85 0.624038 264 1 1090 -0.083265 0.00350449 0.135959 -0.796091 -3.4185 94.6165 
1.00021 0.21758 81013 1 1.85 0.620192 265 1 1092 -0.0830535 0.00160794 0.133714 -0.828948 -3.39773 94.6439 
1.02611 0.187365 81092 1 1.85 0.620192 266 1 1094 -0.0836417 0.0015593 0.13439 -0.847115 -3.40393 94.597 
1.17861 0.149323 81132 1 1.85 0.620192 267 1 1095 -0.0831554 0.00237085 0.133596 -0.848753 -3.39748 94.5739 
1.26158 0.0170121 81213 1 1.85 0.620192 268 0 1097 -0.0827372 0.00358017 0.13508 -0.858222 -3.40523 94.5042 
1.30471 0.00113268 81293 1 1.85 0.619231 269 0 1099 -0.0814691 0.00573088 0.137534 -0.845062 -3.41705 94.4689 
1.30853 -0.0222539 81373 1 1.85 0.618269 270 0 1101 -0.0802349 0.0065146 0.138837 -0.828465 -3.42123 94.5154 
1.24497 0.0479478 81453 1 1.85 0.618269 271 0 1103 -0.0799894 0.00272751 0.138237 -0.847165 -3.40953 94.4988 
1.20517 0.0588696 81493 1 1.85 0.618269 272 0 1104 -0.0802215 0.00324319 0.138256 -0.840922 -3.40689 94.4982 
0.765233 0.165009 81574 1 1.85 0.618269 273 1 1106 -0.081541 0.00446259 0.140645 -0.829704 -3.42135 94.5555 
0.742977 0.189225 81654 1 1.85 0.618269 274 1 1108 -0.0825809 0.00337839 0.140893 -0.839543 -3.42 94.5426 
0.749567 0.176771 81694 1 1.85 0.618269 275 1 1109 -0.0828331 0.00267347 0.139257 -0.849471 -3.40674 94.5873 
0.74562 0.179585 81734 1 1.85 0.618269 276 1 1110 -0.0830174 0.0031464 0.138952 -0.848991 -3.4021 94.5765 
0.74562 0.179585 81734 1 1.85 0.618269 277 1 1110 -0.0830174 0.0031464 0.138952 -0.848991 -3.4021 94.5765 
0.876666 0.377788 81934 1 1.85 0.618269 278 1 1115 -0.0830656 0.00357289 0.138425 -0.852153 -3.39174 94.5925 
0.880744 0.374023 81974 1 1.85 0.618269 279 1 1116 -0.082476 0.00512836 0.139014 -0.837051 -3.3958 94.6179 
0.873913 0.380062 82055 1 1.85 0.618269 280 1 1118 -0.0822705 0.00273772 0.138806 -0.848542 -3.38911 94.6366 
0.875489 0.387127 82135 1 1.84323 0.618269 281 1 1120 -0.0823655 0.00294698 0.138288 -0.838553 -3.38427 94.656 
0.751586 0.40281 82175 1 1.7849 0.618269 282 1 1121 -0.0828138 0.00331137 0.138217 -0.834958 -3.38125 94.6709 
0.672178 0.422837 82254 1 1.73229 0.617308 283 1 1123 -0.0841431 0.0042425 0.139132 -0.822046 -3.39164 94.6821 
0.664919 0.409503 82335 1 1.70938 0.617308 284 1 1125 -0.0843285 0.00242577 0.137407 -0.83522 -3.37798 94.6782 
0.562581 0.421648 82415 1 1.70885 0.617308 285 1 1127 -0.0840053 0.00294019 0.139863 -0.838881 -3.39955 94.6062 
0.567859 0.43024 82496 1 1.70677 0.617308 286 1 1129 -0.0837414 0.00209493 0.139986 -0.846127 -3.39488 94.5984 
0.569248 0.415473 82536 1 1.69948 0.613462 287 1 1130 -0.0839829 0.00227471 0.139517 -0.841035 -3.38538 94.6108 
0.544867 0.407305 82615 1 1.68906 0.603846 288 1 1132 -0.0830756 0.00264567 0.141929 -0.833248 -3.39476 94.5928 
0.548637 -0.00710375 82696 1 1.68802 0.603846 289 1 1134 -0.0836428 0.00200525 0.143206 -0.826364 -3.40301 94.582 
0.591003 -0.0619406 82736 1 1.6875 0.603846 290 1 1135 -0.0828779 0.00903943 0.145319 -0.754658 -3.42777 94.5758 
0.554158 -0.0993247 82816 1 1.6875 0.603846 291 1 1137 -0.0831639 0.00226628 0.14296 -0.816745 -3.40199 94.5354 
0.572465 -0.0774124 82898 1 1.6875 0.603846 292 1 1139 -0.0838837 0.00879545 0.14798 -0.760102 -3.44975 94.5776 
0.575522 -0.106611 82977 1 1.6875 0.603846 293 1 1141 -0.0837331 0.00210505 0.145401 -0.820237 -3.42318 94.5038 
0.57351 -0.101221 83057 1 1.6875 0.603846 294 1 1143 -0.0831411 0.00433011 0.1462 -0.81053 -3.43648 94.5327 
0.57683 -0.0975738 83137 1 1.6875 0.603846 295 1 1145 -0.082752 0.00502928 0.147507 -0.809868 -3.44504 94.5222 
0.545634 -0.108692 83217 1 1.6875 0.603846 296 1 1147 -0.0836893 0.00135197 0.145058 -0.83934 -3.42726 94.522 
0.548092 -0.10176 83257 1 1.6875 0.603846 297 1 1148 -0.0836783 0.00291906 0.145977 -0.826056 -3.43765 94.5098 
0.55926 -0.0956597 83336 1 1.6875 0.603846 298 1 1150 -0.0827413 0.00377937 0.14629 -0.807621 -3.43998 94.4983 
0.564 -0.0917445 83417 1 1.6875 0.603846 299 1 1152 -0.0823986 0.00214201 0.145863 -0.810657 -3.43956 94.5313 
0.571752 -0.0911929 83497 1 1.6875 0.603846 300 1 1154 -0.0819599 0.00178701 0.145361 -0.802485 -3.44172 94.5452 
0.574099 -0.0877078 83537 1 1.6875 0.608654 301 1 1155 -0.0817702 0.00276129 0.144818 -0.790314 -3.44409 94.5627 
0.567795 -0.0915124 83618 1 1.6875 0.613462 302 1 1157 -0.0826255 0.00155639 0.142581 -0.795476 -3.43076 94.5745 
0.635417 -0.0733815 83698 1 1.6875 0.613462 303 1 1159 -0.0818937 0.00104688 0.142892 -0.796827 -3.44224 94.5535 
0.643652 -0.068683 83737 1 1.6875 0.613462 304 1 1160 -0.0829041 0.00231538 0.143136 -0.789747 -3.45066 94.5627 
0.642455 -0.0685766 83818 1 1.6875 0.613462 305 1 1162 -0.0828529 0.00374507 0.141437 -0.786402 -3.44271 94.5536 
0.640531 -0.0649204 83898 1 1.6875 0.613462 306 1 1164 -0.0830151 0.00374199 0.141188 -0.796012 -3.44706 94.5301 
0.650382 -0.0575442 83979 1 1.6875 0.613462 307 1 1166 -0.0831544 0.00346074 0.142278 -0.805146 -3.44342 94.5246 
0.650554 -0.0472125 84060 1 1.6875 0.613462 308 1 1168 -0.0826464 0.00346967 0.143671 -0.798898 -3.44371 94.5198 
0.195386 0.0863344 84138 1 1.6875 0.613462 309 1 1170 -0.0824792 0.00317988 0.142687 -0.785642 -3.43135 94.5777 
0.173438 0.0743539 84178 1 1.6875 0.613462 310 1 1171 -0.0824485 0.0019753 0.144103 -0.790496 -3.44287 94.5524 
0.170967 0.0543334 84259 1 1.6875 0.613462 311 1 1173 -0.0835275 0.00406786 0.143453 -0.772127 -3.4394 94.5686 
0.161633 0.0763455 84299 1 1.6875 0.613462 312 1 1174 -0.0838327 0.0039921 0.145479 -0.772103 -3.45693 94.5635 
0.19125 0.0816032 84379 1 1.6875 0.613462 313 1 1176 -0.0845571 0.00460398 0.143819 -0.745348 -3.45102 94.6003 
0.109191 0.129125 84459 1 1.6875 0.613462 314 1 1178 -0.0852512 0.00165969 0.14201 -0.779071 -3.42808 94.5678 
0.111565 0.111214 84499 1 1.6875 0.613462 315 1 1179 -0.0853173 0.00177644 0.140929 -0.779155 -3.41512 94.57 
0.110994 0.11683 84580 1 1.6875 0.613462 316 1 1181 -0.0861251 0.00115435 0.141466 -0.787033 -3.41219 94.5333 
0.097727 0.127898 84659 1 1.6875 0.613462 317 1 1183 -0.0855705 -0.00118857 0.141419 -0.804103 -3.40866 94.5492 
0.11375 0.146801 84700 1 1.6875 0.613462 318 1 1184 -0.0848486 -0.000268921 0.142346 -0.792988 -3.41162 94.5157 
0.126605 0.212323 84780 1 1.6875 0.613462 319 1 1186 -0.0851627 -0.00286538 0.143102 -0.803214 -3.41709 94.5415 
0.130269 0.218802 84860 1 1.6875 0.613462 320 1 1188 -0.0843486 -0.00243413 0.142608 -0.792199 -3.41331 94.5435 
0.130269 0.218802 84860 1 1.6875 0.613462 321 1 1188 -0.0843486 -0.00243413 0.142608 -0.792199 -3.41331 94.5435 
0.133328 0.218821 84899 1 1.6875 0.613462 322 1 1189 -0.0842042 -0.00269449 0.141508 -0.78929 -3.40478 94.5581 
-0.0151645 0.234716 85060 1 1.6875 0.613462 323 1 1193 -0.085014 -0.0022148 0.140433 -0.785063 -3.40168 94.5572 
-0.0193963 0.233167 85141 1 1.6875 0.613462 324 1 1195 -0.086101 -0.0035153 0.140098 -0.798846 -3.39777 94.5412 
-0.0197664 0.240309 85220 1 1.6875 0.613462 325 1 1197 -0.0871853 -0.00284199 0.138908 -0.799526 -3.3782 94.5253 
-0.0174113 0.249008 85261 1 1.6875 0.613462 326 1 1198 -0.0868946 -0.000323146 0.141081 -0.783702 -3.39584 94.543 
0.0676551 0.25032 85341 1 1.6875 0.613462 327 1 1200 -0.0876572 -0.00139956 0.140337 -0.79423 -3.38401 94.5509 
0.347123 0.27384 85421 1 1.6875 0.613462 328 1 1202 -0.0872612 -0.00175863 0.139253 -0.797783 -3.36977 94.5355 
0.356567 0.289679 85461 1 1.6875 0.613462 329 1 1203 -0.0865517 -0.000430702 0.140877 -0.784387 -3.38491 94.5436 
0.445875 0.313443 85542 1 1.6875 0.613462 330 1 1205 -0.0857598 -0.00172355 0.140367 -0.790959 -3.37653 94.545 
0.449833 0.319216 85621 1 1.6875 0.613462 331 1 1207 -0.0866027 -0.00393155 0.139741 -0.805053 -3.36914 94.5666 
0.335519 0.335515 85701 1 1.6875 0.613462 332 1 1209 -0.0866227 -0.00196451 0.142742 -0.79223 -3.38751 94.525 
0.242471 0.320732 85741 1 1.6875 0.613462 333 1 1210 -0.0872807 0.00165169 0.140527 -0.760456 -3.36655 94.4935 
0.222066 0.296459 85822 1 1.6875 0.613462 334 1 1212 -0.0881806 -0.002977 0.140558 -0.805812 -3.36536 94.5342 
0.228694 0.300908 85902 1 1.6875 0.613462 335 1 1214 -0.0889829 6.30311e-005 0.140904 -0.794072 -3.36613 94.5132 
0.209499 0.315048 85942 1 1.6875 0.613462 336 1 1215 -0.0885736 0.00287113 0.139784 -0.775178 -3.35335 94.5084 
0.163008 0.385337 86022 1 1.6875 0.613462 337 1 1217 -0.0893947 0.00180667 0.14034 -0.790526 -3.35555 94.5328 
0.162161 0.390197 86102 1 1.6875 0.613462 338 1 1219 -0.0889502 0.00262843 0.142683 -0.7812 -3.37451 94.5358 
0.159625 0.385375 86142 1 1.6875 0.613462 339 1 1220 -0.0894664 0.00118321 0.140712 -0.790932 -3.35489 94.5079 
0.128732 0.166692 86223 1 1.6875 0.613462 340 1 1222 -0.0883455 0.0010283 0.142225 -0.779767 -3.37058 94.5219 
0.123853 0.176838 86303 1 1.6875 0.613462 341 1 1224 -0.0871805 -0.000741674 0.142981 -0.781827 -3.38465 94.5359 
0.124776 0.196271 86342 1 1.6875 0.613462 342 1 1225 -0.0869858 -0.00179607 0.143843 -0.779761 -3.40059 94.5316 
0.140514 0.179739 86424 1 1.6875 0.613462 343 1 1227 -0.0863265 -0.000519888 0.141882 -0.751302 -3.39441 94.5149 
0.175133 0.0123146 86503 1 1.6875 0.613462 344 1 1229 -0.0867547 -0.00671865 0.141453 -0.80485 -3.38886 94.4984 
0.177495 -0.0133435 86584 1 1.6875 0.613462 345 1 1231 -0.0853819 -0.00407765 0.141597 -0.795871 -3.38474 94.5164 
0.191931 -0.0136959 86624 1 1.6875 0.613462 346 1 1232 -0.0857504 -0.00276777 0.140131 -0.782837 -3.3741 94.499 
0.179681 0.00496501 86703 1 1.6875 0.613462 347 1 1234 -0.0863971 -0.00292216 0.143013 -0.795681 -3.41066 94.4914 
0.183594 0.00807024 86783 1 1.6875 0.613462 348 1 1236 -0.0864162 -0.00165777 0.143227 -0.789319 -3.41819 94.4922 
0.509163 0.351446 86864 1 1.6875 0.613462 349 1 1238 -0.0858619 -0.00246733 0.139759 -0.79197 -3.38654 94.5811 
0.52827 0.37087 86904 1 1.6875 0.613462 350 1 1239 -0.0858197 -0.00521261 0.139886 -0.809965 -3.38451 94.5769 
0.524546 0.379501 86985 1 1.6875 0.613462 351 1 1241 -0.0855628 -0.0048821 0.139397 -0.801751 -3.38002 94.5875 
0.536929 0.379346 87064 1 1.6875 0.613462 352 1 1243 -0.0864756 -0.00106114 0.139172 -0.773264 -3.37814 94.5609 
0.545487 0.348071 87104 1 1.6875 0.613462 353 1 1244 -0.0867868 -0.00286388 0.139084 -0.792295 -3.37663 94.5914 
0.547626 0.352977 87185 1 1.6875 0.613462 354 1 1246 -0.0881603 -0.00330132 0.1378 -0.807768 -3.36346 94.5768 
0.585574 0.566793 87264 1 1.6875 0.613462 355 1 1248 -0.0890447 -0.00203726 0.138008 -0.815587 -3.36041 94.5775 
0.614971 0.680025 87345 1 1.6875 0.613462 356 1 1250 -0.0902662 0.00424478 0.136864 -0.77145 -3.34657 94.5993 
0.601596 0.694345 87425 1 1.6875 0.613462 357 1 1252 -0.0911026 0.00204199 0.138598 -0.799041 -3.34932 94.6088 
0.599878 0.72546 87464 1 1.6875 0.613462 358 1 1253 -0.0903836 0.00202299 0.140274 -0.800078 -3.35972 94.6096 
0.606274 0.734778 87544 1 1.6875 0.613462 359 1 1255 -0.0900681 0.00474366 0.140394 -0.762395 -3.35619 94.5951 
0.593382 0.694481 87625 1 1.6875 0.613462 360 1 1257 -0.0896485 -0.000500025 0.139305 -0.786777 -3.34104 94.6068 
0.593745 0.688433 87706 1 1.6875 0.613462 361 1 1259 -0.0906829 -0.00169554 0.13852 -0.792898 -3.33651 94.6229 
0.575468 0.719318 87746 1 1.6875 0.613462 362 1 1260 -0.0907599 -0.0023724 0.140541 -0.799669 -3.35257 94.6038 
0.569679 0.70851 87825 1 1.6875 0.613462 363 1 1262 -0.0914186 -0.00479567 0.138432 -0.819613 -3.33292 94.5934 
0.587158 0.710074 87865 1 1.6875 0.613462 364 1 1263 -0.0919495 -0.00234268 0.138446 -0.801671 -3.33211 94.5964 
0.625889 0.749877 87946 1 1.6875 0.613462 365 1 1265 -0.0924594 -0.00118098 0.141022 -0.807216 -3.35058 94.5894 
0.649686 0.736956 87986 1 1.6875 0.613462 366 1 1266 -0.0920708 0.000222962 0.139199 -0.797863 -3.32859 94.5802 
0.649686 0.736956 87986 1 1.6875 0.613462 367 1 1266 -0.0920708 0.000222962 0.139199 -0.797863 -3.32859 94.5802 
0.529473 0.742726 88187 1 1.6875 0.613462 368 1 1271 -0.0909154 -0.000881096 0.140396 -0.808163 -3.31293 94.5887 
0.538063 0.755047 88226 1 1.6875 0.613462 369 1 1272 -0.0906264 0.00180187 0.141901 -0.777375 -3.32513 94.578 
0.530498 0.745605 88306 1 1.6875 0.613462 370 1 1274 -0.0909805 -0.00201109 0.141892 -0.799816 -3.32118 94.5738 
0.507512 0.756271 88346 1 1.6875 0.613462 371 1 1275 -0.09132 -0.00451937 0.140744 -0.822462 -3.30891 94.5841 
0.515778 0.750497 88427 1 1.6875 0.613462 372 1 1277 -0.0916405 -0.000858078 0.140817 -0.799371 -3.30489 94.5976 
0.511257 0.761176 88507 1 1.6875 0.613462 373 1 1279 -0.0923497 -0.00144538 0.143013 -0.81182 -3.3248 94.5559 
0.592868 0.777215 88587 1 1.6875 0.613462 374 1 1281 -0.0927032 0.00177052 0.143459 -0.802809 -3.33188 94.5833 
0.588008 0.772598 88627 1 1.6875 0.613462 375 1 1282 -0.0925939 0.00182535 0.142814 -0.807694 -3.32629 94.5786 
0.586899 0.763132 88707 1 1.6875 0.613462 376 1 1284 -0.0928462 -0.000293989 0.140974 -0.83073 -3.31395 94.5786 
0.584304 0.759501 88747 1 1.6875 0.613462 377 1 1285 -0.0923748 -0.00143976 0.141232 -0.841144 -3.31456 94.5818 
0.61059 0.778269 88868 1 1.6875 0.613462 378 1 1288 -0.0909738 0.00208884 0.143989 -0.803758 -3.32604 94.5663 
0.658754 0.76468 88908 1 1.6875 0.613462 379 1 1289 -0.0905827 0.000611885 0.142711 -0.806195 -3.31048 94.5697 
0.654226 0.785951 88987 1 1.6875 0.613462 380 1 1291 -0.0894948 0.00159852 0.146063 -0.78156 -3.33043 94.5684 
0.637214 0.780933 89068 1 1.6875 0.613462 381 1 1293 -0.0897684 -0.0016149 0.145797 -0.805124 -3.3217 94.5691 
0.646964 0.771387 89108 1 1.6875 0.613462 382 1 1294 -0.0900506 -0.00363384 0.144528 -0.815249 -3.31214 94.5773 
0.647081 0.76752 89188 1 1.6875 0.613462 383 1 1296 -0.0906562 -0.00360546 0.144276 -0.819808 -3.31617 94.5727 
0.637338 0.776456 89269 1 1.6875 0.613462 384 1 1298 -0.0909554 -0.00178232 0.143348 -0.810933 -3.31956 94.5981 
0.579422 0.783197 89308 1 1.6875 0.613462 385 1 1299 -0.0913026 -0.0021942 0.144477 -0.81984 -3.33069 94.5654 
0.584636 0.776783 89388 1 1.6875 0.613462 386 1 1301 -0.0918985 -9.44065e-005 0.144372 -0.811505 -3.33395 94.5395 
0.577179 0.782346 89468 1 1.6875 0.613462 387 1 1303 -0.0910103 -0.000493107 0.144423 -0.811812 -3.32843 94.5781 
0.583665 0.78537 89549 1 1.6875 0.613462 388 1 1305 -0.0907605 -4.28356e-005 0.146257 -0.797967 -3.34152 94.612 
0.57376 0.790964 89589 1 1.6875 0.613462 389 1 1306 -0.089899 -0.00222287 0.146268 -0.807956 -3.33932 94.6252 
0.572636 0.795788 89670 1 1.6875 0.613462 390 1 1308 -0.0903889 -0.0026637 0.146192 -0.811016 -3.34486 94.6248 
0.568339 0.790427 89749 1 1.6875 0.613462 391 1 1310 -0.0896184 -0.000670463 0.143672 -0.790359 -3.33344 94.61 
0.569353 0.791987 89790 1 1.6875 0.613462 392 1 1311 -0.0902487 -0.000832948 0.144048 -0.792903 -3.34428 94.6308 
0.575793 0.783176 89869 1 1.6875 0.613462 393 1 1313 -0.0921216 -0.00214327 0.142062 -0.809926 -3.3355 94.6174 
0.572012 0.790956 89950 1 1.6875 0.613462 394 1 1315 -0.0927363 -0.000754257 0.142964 -0.805693 -3.34531 94.6057 
0.58632 0.796258 90031 1 1.6875 0.613462 395 1 1317 -0.09258 0.00110034 0.143531 -0.805958 -3.34091 94.5937 
0.58764 0.800805 90069 1 1.6875 0.613462 396 1 1318 -0.0922233 -0.000394508 0.144151 -0.819859 -3.33641 94.58 
0.58278 0.785195 90150 1 1.6875 0.613462 397 1 1320 -0.09081 0.000158191 0.143622 -0.811892 -3.32362 94.616 
0.593927 0.791486 90231 1 1.6875 0.613462 398 1 1322 -0.0896625 0.00288973 0.144167 -0.77442 -3.33162 94.6582 
0.581487 0.810629 90270 1 1.6875 0.613462 399 1 1323 -0.0904761 -0.000323276 0.146709 -0.797122 -3.35233 94.6372 
0.578939 0.686887 90350 1 1.6875 0.613462 400 1 1325 -0.0905626 0.00149873 0.146149 -0.785465 -3.35237 94.6472 
0.573777 0.595839 90430 1 1.6875 0.613462 401 1 1327 -0.0902141 6.39728e-005 0.143817 -0.798892 -3.33686 94.6548 
0.576044 0.619857 90510 1 1.6875 0.613462 402 1 1329 -0.0911817 0.00109798 0.146621 -0.796881 -3.35935 94.6377 
0.585249 0.61467 90550 1 1.6875 0.613462 403 1 1330 -0.0911986 0.00106932 0.146424 -0.801189 -3.35462 94.6351 
0.584385 0.512995 90633 1 1.6875 0.613462 404 1 1332 -0.0906276 -0.000926583 0.147419 -0.824245 -3.35903 94.5807 
0.593487 0.514417 90712 1 1.6875 0.613462 405 1 1334 -0.0893501 0.00156192 0.147323 -0.799871 -3.35531 94.6238 
0.585794 0.523958 90751 1 1.6875 0.613462 406 1 1335 -0.0893034 0.000459143 0.148189 -0.807249 -3.35765 94.6055 
0.604505 0.555963 90831 1 1.6875 0.613462 407 1 1337 -0.0890844 0.0027453 0.151062 -0.768676 -3.39227 94.7106 
0.621007 0.652789 90911 1 1.6875 0.613462 408 1 1339 -0.0880196 0.00434141 0.155183 -0.738424 -3.44467 94.8807 
0.63326 0.664171 90951 1 1.6875 0.613462 409 1 1340 -0.0881564 0.00466694 0.154833 -0.733604 -3.44843 95.0292 
0.619535 0.737891 91033 1 1.6875 0.613462 410 1 1342 -0.0883862 0.00497458 0.160879 -0.740221 -3.51167 95.2151 
0.615698 0.772375 91112 1 1.6875 0.613462 411 1 1344 -0.0885459 0.000706261 0.16415 -0.771228 -3.55144 95.4965 
0.615698 0.772375 91112 1 1.6875 0.613462 412 1 1344 -0.0885459 0.000706261 0.16415 -0.771228 -3.55144 95.4965 
0.615698 0.772375 91112 1 1.6875 0.613462 413 1 1344 -0.0885459 0.000706261 0.16415 -0.771228 -3.55144 95.4965 
0.568461 0.861206 91312 1 1.6875 0.613462 414 1 1349 -0.0891294 -0.00210057 0.173215 -0.835566 -3.66415 95.8743 
0.570673 0.851705 91352 1 1.6875 0.613462 415 1 1350 -0.0890922 -9.41557e-005 0.170734 -0.82791 -3.64728 95.9345 
0.561482 0.848421 91432 1 1.6875 0.613462 416 1 1352 -0.089102 0.000224872 0.171532 -0.834152 -3.65643 95.9012 
0.545037 0.70908 91514 1 1.6875 0.613462 417 1 1354 -0.0888237 -0.00289988 0.170082 -0.857761 -3.64278 95.9303 
0.552048 0.72039 91552 1 1.6875 0.613462 418 1 1355 -0.0880805 0.000921106 0.169772 -0.82743 -3.63986 95.9194 
0.56096 0.714267 91633 1 1.6875 0.613462 419 1 1357 -0.088079 2.62714e-005 0.169991 -0.825505 -3.63879 95.9042 
0.546574 0.699131 91713 1 1.6875 0.613462 420 1 1359 -0.0891767 0.00259368 0.170659 -0.803132 -3.64418 95.8486 
0.536401 0.686889 91753 1 1.6875 0.613462 421 1 1360 -0.0898172 0.00180017 0.169204 -0.811865 -3.62774 95.8252 
0.534757 0.663374 91833 1 1.6875 0.613462 422 1 1362 -0.0913725 0.00201616 0.167075 -0.803547 -3.61311 95.833 
0.550156 0.649909 91914 1 1.6875 0.613462 423 1 1364 -0.0923948 0.00509844 0.163952 -0.787695 -3.58194 95.8046 
0.558202 0.647001 91994 1 1.6875 0.613462 424 1 1366 -0.092622 0.00805451 0.163338 -0.772003 -3.57795 95.7849 
0.581836 0.685627 92074 1 1.6875 0.613462 425 1 1368 -0.0932693 0.0105182 0.163647 -0.755316 -3.57331 95.7425 
0.607773 0.701553 92113 1 1.6875 0.613462 426 1 1369 -0.0930154 0.00930739 0.163971 -0.761839 -3.57262 95.7673 
0.600708 0.724652 92194 1 1.6875 0.613462 427 1 1371 -0.0921156 0.0076945 0.165282 -0.764421 -3.5877 95.779 
0.604359 0.694314 92234 1 1.6875 0.613462 428 1 1372 -0.0914763 0.00651262 0.164036 -0.766483 -3.57953 95.8023 
0.604351 0.682379 92313 1 1.6875 0.613462 429 1 1374 -0.0914003 0.00667284 0.161483 -0.753224 -3.566 95.7854 
0.624784 0.694628 92394 1 1.6875 0.613462 430 1 1376 -0.091698 0.00847098 0.160461 -0.737742 -3.55739 95.7377 
0.620979 0.701667 92474 1 1.6875 0.613462 431 1 1378 -0.0925424 0.00907257 0.161012 -0.732929 -3.56255 95.7309 
0.584777 0.712819 92514 1 1.6875 0.613462 432 1 1379 -0.0937198 0.00804303 0.159128 -0.745676 -3.54277 95.7124 
0.561322 0.722797 92595 1 1.6875 0.613462 433 1 1381 -0.0949576 0.00887141 0.159076 -0.747972 -3.54035 95.7008 
0.546397 0.69543 92674 1 1.6875 0.613462 434 1 1383 -0.0962853 0.00933393 0.157957 -0.756183 -3.53336 95.6374 
0.531425 0.643204 92714 1 1.6875 0.613462 435 1 1384 -0.0961919 0.0103264 0.158477 -0.751582 -3.53894 95.6737 
0.529116 0.639078 92795 1 1.6875 0.613462 436 1 1386 -0.0951472 0.0113125 0.156799 -0.739268 -3.51343 95.6323 
0.519779 0.645425 92875 1 1.6875 0.613462 437 1 1388 -0.0945143 0.00814899 0.159158 -0.752603 -3.5255 95.5956 
0.495788 0.512325 92955 1 1.6875 0.613462 438 1 1390 -0.0934458 0.00706819 0.159007 -0.742664 -3.51918 95.5491 
0.491911 0.5041 92996 1 1.6875 0.613462 439 1 1391 -0.0931188 0.00794057 0.158278 -0.730582 -3.51831 95.5771 
0.490128 0.505405 93075 1 1.6875 0.613462 440 1 1393 -0.0932303 0.00494867 0.156983 -0.748848 -3.50323 95.5151 
0.473976 0.518707 93155 1 1.6875 0.613462 441 1 1395 -0.093685 0.00413872 0.158052 -0.75759 -3.50835 95.5147 
0.486927 0.52131 93196 1 1.6875 0.613462 442 1 1396 -0.0933944 0.00407587 0.157974 -0.754691 -3.50924 95.4764 
0.479887 0.468891 93276 1 1.6875 0.613462 443 1 1398 -0.0949826 0.00605069 0.156829 -0.744361 -3.4976 95.4908 
0.478465 0.471497 93316 1 1.6875 0.613462 444 1 1399 -0.0950923 0.00608755 0.156206 -0.750031 -3.48869 95.4709 
0.481321 0.484733 93396 1 1.6875 0.613462 445 1 1401 -0.0946882 0.0070309 0.15728 -0.751168 -3.49194 95.4121 
0.660748 0.539062 93476 1 1.6875 0.613462 446 1 1403 -0.0941557 0.00670166 0.156911 -0.753768 -3.4804 95.3917 
0.772735 0.576559 93516 1 1.6875 0.613462 447 1 1404 -0.0943707 0.00718259 0.156253 -0.750003 -3.47273 95.4261 
0.777586 0.581552 93596 1 1.6875 0.613462 448 1 1406 -0.0941298 0.00614175 0.157597 -0.754995 -3.4744 95.3915 
0.783413 0.563272 93677 1 1.6875 0.613462 449 1 1408 -0.0933182 0.00905839 0.157636 -0.735163 -3.46688 95.4341 
0.776628 0.554165 93757 1 1.6875 0.613462 450 1 1410 -0.0928054 0.00628471 0.156547 -0.763774 -3.45046 95.4638 
0.767821 0.595431 93796 1 1.6875 0.613462 451 1 1411 -0.0933414 0.00621625 0.157873 -0.768572 -3.46045 95.3911 
0.743964 0.590722 93877 1 1.6875 0.613462 452 1 1413 -0.0924417 0.00515225 0.156255 -0.789737 -3.44799 95.3956 
0.752098 0.589603 93917 1 1.6875 0.613462 453 1 1414 -0.0922193 0.00444916 0.15651 -0.793921 -3.44942 95.3795 
0.742593 0.577022 93997 1 1.6875 0.613462 454 1 1416 -0.0930872 0.00477869 0.153869 -0.80052 -3.42592 95.3762 
0.633458 0.671246 94078 1 1.6875 0.613462 455 1 1418 -0.09286 0.0029706 0.15393 -0.825085 -3.42253 95.3461 
0.636498 0.662162 94118 1 1.6875 0.613462 456 1 1419 -0.0924942 0.00510031 0.154229 -0.808283 -3.42418 95.2724 
0.625111 0.63362 94197 1 1.6875 0.613462 457 1 1421 -0.0923557 0.00315416 0.150845 -0.820181 -3.38244 95.2437 
0.639628 0.656082 94237 1 1.6875 0.613462 458 1 1422 -0.0921247 0.00703214 0.155898 -0.786315 -3.42543 95.2368 
0.639628 0.656082 94237 1 1.6875 0.613462 459 1 1422 -0.0921247 0.00703214 0.155898 -0.786315 -3.42543 95.2368 
0.730579 0.772863 94400 1 1.6875 0.613462 460 1 1426 -0.0944693 0.0018779 0.169326 -0.808793 -3.57327 95.7008 
0.746034 0.760799 94479 1 1.6875 0.613462 461 1 1428 -0.0934971 0.00355149 0.168931 -0.796783 -3.57095 95.7467 
0.765119 0.802139 94558 1 1.6875 0.613462 462 1 1430 -0.0950246 0.00871965 0.169863 -0.757905 -3.60262 95.7153 
0.693044 0.800575 94639 1 1.6875 0.613462 463 1 1432 -0.097963 0.00558998 0.170836 -0.778627 -3.65422 95.837 
0.68802 0.813948 94719 1 1.6875 0.613462 464 1 1434 -0.0990551 0.00538343 0.170627 -0.788506 -3.68013 95.9114 
0.689788 0.826861 94759 1 1.6875 0.613462 465 1 1435 -0.0986073 0.00645801 0.171303 -0.782746 -3.69616 95.9628 
0.646835 0.807999 94840 1 1.6875 0.613462 466 1 1437 -0.0991224 0.00864972 0.17203 -0.776111 -3.70969 95.8607 
0.628352 0.808739 94918 1 1.6875 0.613462 467 1 1439 -0.100527 0.0064046 0.172504 -0.800199 -3.71006 95.7351 
0.63582 0.794147 94959 1 1.6875 0.613462 468 1 1440 -0.102373 0.00654136 0.171909 -0.800337 -3.70375 95.6882 
0.640348 0.735082 95039 1 1.6875 0.613462 469 1 1442 -0.102547 0.0102235 0.168257 -0.757539 -3.6891 95.5025 
0.635496 0.43615 95119 1 1.6875 0.613462 470 1 1444 -0.104002 0.00512939 0.155827 -0.758371 -3.6471 95.2241 
0.63753 0.422769 95159 1 1.6875 0.613462 471 1 1445 -0.105664 0.000628237 0.150212 -0.774231 -3.63512 95.1031 
0.637091 0.305955 95241 1 1.6875 0.613462 472 1 1447 -0.108593 0.00273492 0.142929 -0.732481 -3.6449 94.9771 
0.641944 0.276209 95279 1 1.6875 0.613462 473 1 1448 -0.110332 0.00331502 0.139236 -0.718374 -3.62599 94.9462 
0.641884 0.290812 95359 1 1.6875 0.613462 474 1 1450 -0.111066 0.00149084 0.141136 -0.727295 -3.62007 95.0018 
0.627617 0.194108 95440 1 1.6875 0.613462 475 1 1452 -0.112274 0.00240005 0.145771 -0.736429 -3.62571 95.0337 
0.61766 0.0962926 95520 1 1.6875 0.613462 476 1 1454 -0.113675 0.00316932 0.144513 -0.7354 -3.59283 94.9849 
0.622009 0.0766549 95560 1 1.6875 0.613462 477 1 1455 -0.114653 0.00308129 0.142406 -0.73515 -3.56442 94.9585 
0.614451 0.0702777 95641 1 1.6875 0.613462 478 1 1457 -0.116568 0.00275791 0.142104 -0.744668 -3.55363 94.9778 
0.618906 0.080484 95680 1 1.6875 0.613462 479 1 1458 -0.116982 0.00296114 0.143069 -0.752122 -3.56593 94.9977 
0.6237 0.0934445 95760 1 1.6875 0.613462 480 1 1460 -0.117072 0.00321648 0.141513 -0.747125 -3.56389 95.0571 
0.641511 0.107184 95840 1 1.6875 0.613462 481 1 1462 -0.116331 0.00653652 0.145264 -0.716705 -3.60712 95.0971 
0.651389 0.0961128 95881 1 1.6875 0.613462 482 1 1463 -0.116724 0.00542788 0.144887 -0.729838 -3.59725 95.0488 
0.638927 0.0759582 95961 1 1.6875 0.613462 483 1 1465 -0.116711 0.00673006 0.142218 -0.729336 -3.57282 95.0648 
0.552867 0.10405 96041 1 1.6875 0.613462 484 1 1467 -0.116651 0.00753231 0.143854 -0.727502 -3.59199 95.0514 
0.542417 0.121214 96081 1 1.6875 0.613462 485 1 1468 -0.117322 0.00826052 0.144477 -0.72896 -3.60474 95.0728 
0.54037 0.102344 96162 1 1.6875 0.613462 486 1 1470 -0.118567 0.00932928 0.146015 -0.737981 -3.63038 95.0893 
0.539074 0.102049 96241 1 1.6875 0.613462 487 1 1472 -0.118673 0.00960459 0.145335 -0.760859 -3.62308 95.0275 
0.544175 0.0834661 96322 1 1.6875 0.613462 488 1 1474 -0.11799 0.0122831 0.143681 -0.757871 -3.60278 95.0717 
0.552821 0.0833285 96401 1 1.6875 0.613462 489 1 1476 -0.115935 0.011562 0.142754 -0.761967 -3.59189 95.0705 
0.63729 0.105866 96482 1 1.6875 0.613462 490 1 1478 -0.114295 0.00786989 0.14281 -0.77707 -3.59362 95.1139 
0.86558 0.166924 96562 1 1.6875 0.613462 491 1 1480 -0.113438 0.0106721 0.141025 -0.748884 -3.58192 95.0969 
0.866335 0.16675 96602 1 1.6875 0.613462 492 1 1481 -0.113438 0.0106352 0.141034 -0.748626 -3.58185 95.0961 
0.849436 0.152456 96682 1 1.6875 0.613462 493 1 1483 -0.112839 0.00728734 0.141461 -0.774233 -3.58376 95.0561 
0.851299 0.155265 96764 1 1.6875 0.613462 494 1 1485 -0.113006 0.00765729 0.1419 -0.777822 -3.58566 95.0792 
0.85692 0.142795 96802 1 1.6875 0.613462 495 1 1486 -0.112967 0.00795546 0.141308 -0.78181 -3.57246 95.0603 
0.85369 0.143587 96882 1 1.6875 0.613462 496 1 1488 -0.113314 0.00819551 0.142254 -0.787239 -3.573 95.0602 
0.61069 0.14363 96964 1 1.6875 0.613462 497 1 1490 -0.113396 0.0075443 0.140999 -0.796715 -3.55419 95.043 
0.592654 0.126605 97003 1 1.6875 0.613462 498 1 1491 -0.113192 0.0105494 0.139366 -0.770376 -3.54464 95.1083 
0.593043 0.123336 97083 1 1.6875 0.613462 499 1 1493 -0.112287 0.00827186 0.140574 -0.769973 -3.54564 95.0786 
0.577689 0.123162 97163 1 1.6875 0.613462 500 1 1495 -0.112482 0.00548164 0.13896 -0.779458 -3.52473 95.0817 
0.577989 0.131657 97205 1 1.6875 0.613462 501 1 1496 -0.112229 0.00556763 0.139998 -0.774232 -3.53181 95.073 
0.577239 0.137614 97283 1 1.6875 0.613462 502 1 1498 -0.111819 0.00300543 0.139834 -0.779908 -3.5293 95.0293 
0.550462 0.162995 97366 1 1.6875 0.613462 503 1 1500 -0.112555 0.00284075 0.140398 -0.77926 -3.53792 95.0477 
0.550462 0.162995 97366 1 1.6875 0.613462 504 1 1500 -0.112555 0.00284075 0.140398 -0.77926 -3.53792 95.0477 
0.550462 0.162995 97366 1 1.6875 0.613462 505 1 1500 -0.112555 0.00284075 0.140398 -0.77926 -3.53792 95.0477 
0.500065 -0.0234513 97563 1 1.6875 0.613462 506 1 1505 -0.114471 0.00416594 0.139889 -0.782763 -3.52663 95.0159 
0.510748 -0.0285174 97644 1 1.6875 0.613462 507 1 1507 -0.113918 0.00369416 0.141395 -0.779833 -3.53373 95.0062 
0.499596 -0.00436827 97684 1 1.6875 0.613462 508 1 1508 -0.11326 0.00214708 0.142827 -0.787771 -3.54144 95.0065 
0.533127 0.010667 97764 1 1.6875 0.613462 509 1 1510 -0.113352 -0.00106631 0.144935 -0.808581 -3.5577 94.9855 
0.535958 0.00693858 97845 1 1.6875 0.613462 510 1 1512 -0.11318 -0.00102674 0.145001 -0.808278 -3.55695 94.9829 
0.57167 -0.0150023 97885 1 1.6875 0.613462 511 1 1513 -0.113107 0.00133144 0.14248 -0.777787 -3.54204 95.0092 
0.587379 -0.0146824 97964 1 1.6875 0.613462 512 1 1515 -0.114926 0.00208014 0.142483 -0.777084 -3.54726 95.0044 
0.626958 -0.0242781 98045 1 1.6875 0.613462 513 1 1517 -0.115958 0.00440461 0.141284 -0.76965 -3.5319 95.0299 
0.608019 -0.0198433 98085 1 1.6875 0.613462 514 1 1518 -0.116815 0.00290982 0.142622 -0.791245 -3.5411 95.0059 
0.628259 -0.0122499 98165 1 1.6875 0.613462 515 1 1520 -0.117329 0.00618089 0.14478 -0.782976 -3.55335 95.0325 
0.62227 -0.0073079 98247 1 1.6875 0.613462 516 1 1522 -0.118088 0.00723175 0.147421 -0.788772 -3.56108 95.0212 
0.635218 0.00861895 98325 1 1.6875 0.613462 517 1 1524 -0.117359 0.00802907 0.148631 -0.781967 -3.56852 95.0211 
0.766568 0.0490457 98405 1 1.6875 0.613462 518 1 1526 -0.118082 0.00881963 0.146625 -0.780012 -3.55485 95.0477 
0.770874 0.0491669 98446 1 1.6875 0.613462 519 1 1527 -0.118211 0.00827878 0.146799 -0.790461 -3.56005 95.0579 
0.767941 0.0570238 98526 1 1.6875 0.613462 520 1 1529 -0.118435 0.0098909 0.145689 -0.782449 -3.55594 95.0269 
0.945774 0.0575549 98566 1 1.6875 0.613462 521 1 1530 -0.118855 0.0106918 0.143857 -0.78033 -3.5408 95.0487 
1.15889 0.0634787 98646 1 1.6875 0.613462 522 1 1532 -0.118743 0.0093513 0.144202 -0.814585 -3.54035 95.0469 
1.18026 0.0392532 98726 1 1.6875 0.613462 523 1 1534 -0.117357 0.0105291 0.143924 -0.815417 -3.53914 95.018 
1.17678 0.0541713 98766 1 1.6875 0.613462 524 1 1535 -0.116946 0.0101182 0.145743 -0.827407 -3.55667 95.0232 
1.17719 0.0309885 98847 1 1.6875 0.613462 525 1 1537 -0.116407 0.00959247 0.145313 -0.835392 -3.54753 95.0208 
1.29281 0.0325433 98927 1 1.6875 0.613462 526 0 1539 -0.114427 0.00806474 0.14578 -0.84598 -3.55546 95.0413 
1.2929 0.0213966 98967 1 1.6875 0.613462 527 0 1540 -0.113519 0.00635132 0.146091 -0.85822 -3.5586 95.0321 
1.29256 -0.00882563 99046 1 1.6875 0.613462 528 0 1542 -0.112737 0.0068486 0.14737 -0.855446 -3.56629 95.0045 
1.46058 -0.19993 99126 1 1.6875 0.613462 529 0 1544 -0.111539 0.00663728 0.14788 -0.856648 -3.56687 94.975 
1.46834 -0.270031 99207 1 1.6875 0.613462 530 0 1546 -0.111529 0.00223425 0.147743 -0.907843 -3.56247 94.9816 
1.48166 -0.265545 99287 1 1.6875 0.613462 531 0 1548 -0.109734 0.00152369 0.149659 -0.933651 -3.5825 94.9606 
1.47099 -0.272527 99327 1 1.6875 0.613462 532 0 1549 -0.108944 -0.000477575 0.148813 -0.963356 -3.57572 94.9678 
1.47099 -0.272527 99327 1 1.6875 0.613462 533 0 1549 -0.108944 -0.000477575 0.148813 -0.963356 -3.57572 94.9678 
0.391246 0.167562 99487 1 1.6875 0.613462 534 1 1553 -0.110024 0.00967969 0.146876 -0.871366 -3.54495 95.0656 
0.396836 0.182229 99567 1 1.6875 0.613462 535 1 1555 -0.111616 0.0104643 0.14494 -0.844493 -3.52123 95.0874 
0.290727 0.286067 99648 1 1.6875 0.613462 536 1 1557 -0.112696 0.00557191 0.146134 -0.874548 -3.52392 95.0347 
0.290727 0.286067 99648 1 1.6875 0.613462 537 1 1557 -0.112696 0.00557191 0.146134 -0.874548 -3.52392 95.0347 
0.246696 0.342082 99688 1 1.6875 0.613462 538 1 1558 -0.112026 0.0109777 0.146785 -0.826515 -3.5233 94.9982 
0.216653 0.301389 99848 1 1.6875 0.613462 539 1 1562 -0.113684 0.00718 0.144453 -0.871694 -3.49532 95.0277 
0.209203 0.320455 99928 1 1.6875 0.613462 540 1 1564 -0.11378 0.00631678 0.146019 -0.894471 -3.50783 95.0028 
0.199776 0.327032 100009 1 1.6875 0.613462 541 1 1566 -0.112704 0.00580861 0.146505 -0.908067 -3.50903 94.9866 
0.192503 0.320175 100089 1 1.6875 0.613462 542 1 1568 -0.112428 0.00866901 0.145496 -0.882875 -3.49128 94.9962 
0.183084 0.323033 100129 1 1.6875 0.613462 543 1 1569 -0.112373 0.00716419 0.145506 -0.889918 -3.48691 95.0186 
0.180573 0.324585 100208 1 1.6875 0.613462 544 1 1571 -0.11127 0.00634924 0.14637 -0.881454 -3.48712 95.0183 
0.183258 0.332866 100249 1 1.6875 0.613462 545 1 1572 -0.111381 0.00602882 0.146643 -0.875607 -3.48792 95.0032 
0.0511873 0.297301 100329 1 1.6875 0.613462 546 1 1574 -0.112912 0.00331087 0.1469 -0.894461 -3.48425 94.9795 
0.0448767 0.273748 100410 1 1.6875 0.613462 547 1 1576 -0.11323 0.00148225 0.147146 -0.903934 -3.48881 94.9611 
0.0702334 0.284594 100450 1 1.6875 0.613462 548 1 1577 -0.112511 0.00765683 0.147305 -0.84747 -3.49328 94.905 
-0.0519616 0.17725 100529 1 1.6875 0.613462 549 1 1579 -0.11355 0.00528256 0.146655 -0.878667 -3.48979 94.9241 
-0.0686817 0.16183 100609 1 1.6875 0.613462 550 1 1581 -0.114108 0.00360339 0.145501 -0.896576 -3.47777 94.9054 
-0.0643538 0.158843 100650 1 1.6875 0.613462 551 1 1582 -0.113949 0.00420876 0.145781 -0.893545 -3.47772 94.9213 
0.142218 0.242881 100730 1 1.6875 0.613462 552 1 1584 -0.113484 0.0023363 0.146036 -0.901499 -3.47048 94.8887 
0.133875 0.245875 100810 1 1.6875 0.613462 553 1 1586 -0.112689 -0.000263673 0.145491 -0.909376 -3.46139 94.9025 
0.149793 0.245669 100850 1 1.6875 0.613462 554 1 1587 -0.112079 0.00135612 0.144595 -0.884174 -3.45289 94.9258 
0.19127 0.29523 100930 1 1.6875 0.613462 555 1 1589 -0.112586 0.00325786 0.146849 -0.848436 -3.46694 94.8809 
0.197937 0.300211 101010 1 1.6875 0.613462 556 1 1591 -0.113765 0.00563291 0.147281 -0.817151 -3.46985 94.9321 
0.209825 0.296623 101050 1 1.6875 0.613462 557 1 1592 -0.114557 0.00609306 0.145462 -0.806693 -3.45347 94.9067 
0.19485 0.305023 101131 1 1.6875 0.613462 558 1 1594 -0.116376 0.0047952 0.145807 -0.822174 -3.45755 94.9019 
0.0948882 0.354878 101211 1 1.6875 0.613462 559 1 1596 -0.118044 0.00559935 0.145974 -0.82931 -3.4569 94.9032 
0.0757441 0.346917 101291 1 1.6875 0.613462 560 1 1598 -0.118886 0.00406813 0.146863 -0.85249 -3.4593 94.8974 
0.0765222 0.335558 101331 1 1.6875 0.613462 561 1 1599 -0.119016 0.0028473 0.146585 -0.863671 -3.4525 94.8972 
0.0609134 0.34632 101411 1 1.6875 0.613462 562 1 1601 -0.119266 0.00182845 0.147847 -0.864917 -3.4514 94.9054 
0.0660428 0.359078 101491 1 1.6875 0.613462 563 1 1603 -0.118306 -0.000337943 0.15029 -0.863839 -3.46985 94.9272 
0.0757321 0.361669 101531 1 1.6875 0.613462 564 1 1604 -0.118434 0.000559555 0.150047 -0.845163 -3.47292 94.9434 
0.142947 0.214981 101612 1 1.6875 0.613462 565 1 1606 -0.118107 -0.000784837 0.150086 -0.842159 -3.47395 94.9275 
0.251987 0.163623 101691 1 1.6875 0.613462 566 1 1608 -0.118697 -0.00231397 0.149223 -0.845094 -3.4743 94.9488 
0.2741 0.158745 101731 1 1.6875 0.613462 567 1 1609 -0.118744 -0.00335761 0.14881 -0.847424 -3.47596 94.9532 
0.264864 0.179559 101812 1 1.6875 0.613462 568 1 1611 -0.119537 -0.00325115 0.148338 -0.850941 -3.48085 94.9517 
0.276848 0.154503 101892 1 1.6875 0.613462 569 1 1613 -0.119896 -0.0025366 0.149786 -0.85382 -3.49403 94.9398 
0.277907 0.146077 101973 1 1.6875 0.613462 570 1 1615 -0.121272 -0.00223443 0.148365 -0.859609 -3.48896 94.9436 
0.280431 0.169888 102012 1 1.6875 0.613462 571 1 1616 -0.121652 -0.00193031 0.149927 -0.858918 -3.50442 94.9305 
0.625017 0.510026 102092 1 1.6875 0.613462 572 1 1618 -0.120357 -0.00176189 0.149129 -0.852089 -3.49703 95.0171 
0.629864 0.51782 102132 1 1.6875 0.613462 573 1 1619 -0.119932 -0.00340829 0.149688 -0.86024 -3.49987 94.9599 
0.625008 0.538374 102213 1 1.6875 0.613462 574 1 1621 -0.118508 -0.00370582 0.149071 -0.850978 -3.50347 95.0037 
0.623013 0.536349 102294 1 1.6875 0.613462 575 1 1623 -0.118379 -0.00310888 0.147053 -0.842878 -3.4923 95.0125 
0.619452 0.551217 102333 1 1.6875 0.613462 576 1 1624 -0.118711 -0.00315811 0.148374 -0.845356 -3.50636 95.0007 
0.615607 0.545596 102413 1 1.6875 0.613462 577 1 1626 -0.119074 -0.00194783 0.147652 -0.838752 -3.50015 95.0046 
0.600097 0.49899 102493 1 1.6875 0.613462 578 1 1628 -0.120759 -0.00112999 0.150043 -0.844108 -3.52161 95.0006 
0.582232 0.49283 102574 1 1.6875 0.613462 579 1 1630 -0.121689 0.000162739 0.147831 -0.846323 -3.50285 94.9901 
0.521486 0.43739 102614 1 1.6875 0.613462 580 1 1631 -0.122777 -0.000398284 0.148025 -0.856677 -3.50662 95.0125 
0.523089 0.42656 102694 1 1.6875 0.613462 581 1 1633 -0.12301 -0.000278795 0.14895 -0.864561 -3.50524 94.9738 
0.523144 0.397018 102773 1 1.6875 0.613462 582 1 1635 -0.122138 -0.000163319 0.147677 -0.859871 -3.4796 94.9915 
0.523144 0.397018 102773 1 1.6875 0.613462 583 1 1635 -0.122138 -0.000163319 0.147677 -0.859871 -3.4796 94.9915 
0.376133 0.356128 102814 1 1.6875 0.613462 584 1 1636 -0.121105 -0.00109024 0.148063 -0.858036 -3.48072 94.9845 
0.334488 0.322827 102974 1 1.6875 0.613462 585 1 1640 -0.119827 -0.003002 0.149231 -0.854943 -3.49306 94.9731 
0.314256 0.311174 103054 1 1.6875 0.613462 586 1 1642 -0.120678 -0.00232354 0.150246 -0.843553 -3.4966 94.9572 
0.310495 0.305895 103095 1 1.6875 0.613462 587 1 1643 -0.120982 -0.00542702 0.150186 -0.865307 -3.49469 94.9834 
0.306026 0.312216 103174 1 1.6875 0.613462 588 1 1645 -0.121952 -0.00404203 0.149177 -0.858509 -3.48812 94.9454 
0.323413 0.331613 103254 1 1.6875 0.613462 589 1 1647 -0.122059 -0.00256924 0.14965 -0.85556 -3.48352 94.9492 
0.262612 0.331865 103335 1 1.6875 0.613462 590 1 1649 -0.122526 -0.0037452 0.149346 -0.867062 -3.46993 94.9114 
0.181961 0.343438 103375 1 1.6875 0.613462 591 1 1650 -0.122262 -0.00447078 0.150786 -0.869699 -3.47636 94.9386 
0.170272 0.314642 103455 1 1.6875 0.613462 592 1 1652 -0.121142 -0.00765456 0.150829 -0.875158 -3.47016 94.9242 
0.179002 0.312916 103496 1 1.6875 0.613462 593 1 1653 -0.120359 -0.0097002 0.150855 -0.879575 -3.46956 94.9303 
0.165499 0.318052 103575 1 1.6875 0.613462 594 1 1655 -0.119386 -0.0111514 0.151972 -0.871394 -3.47755 94.9279 
0.151641 0.217362 103656 1 1.6875 0.613462 595 1 1657 -0.119815 -0.0101739 0.151689 -0.840144 -3.48024 94.9506 
0.146547 0.22719 103736 1 1.6875 0.613462 596 1 1659 -0.121734 -0.00943061 0.153656 -0.827657 -3.49577 94.9462 
0.150738 0.24189 103816 1 1.6875 0.613462 597 1 1661 -0.122967 -0.0118001 0.155934 -0.833765 -3.51879 94.9388 
0.145362 0.231231 103857 1 1.6875 0.613462 598 1 1662 -0.124226 -0.011938 0.154087 -0.835505 -3.50302 94.951 
0.142712 0.206068 103936 1 1.6875 0.613462 599 1 1664 -0.126484 -0.0107287 0.153661 -0.839523 -3.49943 94.9705 
0.141899 0.212455 104016 1 1.6875 0.613462 600 1 1666 -0.127708 -0.0117661 0.153053 -0.857483 -3.49639 94.9686 
0.148047 0.204398 104056 1 1.6875 0.613462 601 1 1667 -0.127302 -0.0114088 0.152346 -0.858816 -3.48846 94.955 
0.232822 0.213596 104136 1 1.6875 0.613462 602 1 1669 -0.12683 -0.00980562 0.151919 -0.855588 -3.47904 94.95 
0.259858 0.215991 104217 1 1.6875 0.613462 603 1 1671 -0.125297 -0.0107107 0.154145 -0.867669 -3.48806 94.9353 
0.264233 0.211924 104257 1 1.6875 0.613462 604 1 1672 -0.124711 -0.00981322 0.15316 -0.861745 -3.48086 94.9716 
0.255249 0.22788 104336 1 1.6875 0.613462 605 1 1674 -0.125068 -0.0119426 0.154654 -0.881954 -3.4964 94.9705 
0.265964 0.213056 104418 1 1.6875 0.613462 606 1 1676 -0.124533 -0.00969439 0.154128 -0.868778 -3.49015 94.9824 
0.274703 0.209167 104497 1 1.6875 0.613462 607 1 1678 -0.124382 -0.00808944 0.153705 -0.86268 -3.48271 94.9818 
0.260982 0.225371 104537 1 1.6875 0.613462 608 1 1679 -0.124264 -0.00694929 0.154667 -0.851471 -3.49497 94.9751 
0.150518 0.250022 104618 1 1.6875 0.613462 609 1 1681 -0.125601 -0.00799885 0.153745 -0.863905 -3.49649 94.9995 
0.14756 0.238414 104698 1 1.6875 0.613462 610 1 1683 -0.125668 -0.00670699 0.153049 -0.856976 -3.48855 95.0001 
0.144052 0.205171 104737 1 1.6875 0.613462 611 1 1684 -0.126018 -0.00745385 0.153656 -0.868546 -3.49476 94.9929 
0.14934 0.200318 104818 1 1.6875 0.613462 612 1 1686 -0.125096 -0.00378109 0.153995 -0.847717 -3.49993 95.0131 
0.145839 0.215756 104898 1 1.6875 0.613462 613 1 1688 -0.125636 -0.00637545 0.153983 -0.872637 -3.49199 95.0368 
0.247596 0.483625 104979 1 1.6875 0.613462 614 1 1690 -0.124742 -0.00737533 0.152919 -0.874831 -3.48336 95.0302 
0.260307 0.485819 105017 1 1.6875 0.613462 615 1 1691 -0.124105 -0.00541815 0.151847 -0.85533 -3.47738 95.0535 
0.263491 0.493516 105099 1 1.6875 0.613462 616 1 1693 -0.124339 -0.00642196 0.151635 -0.855082 -3.48517 95.0814 
0.259742 0.500495 105178 1 1.6875 0.613462 617 1 1695 -0.124907 -0.00664656 0.150814 -0.856433 -3.48559 95.1177 
0.259417 0.506654 105259 1 1.6875 0.613462 618 1 1697 -0.124835 -0.00864775 0.150306 -0.865121 -3.48462 95.0961 
0.22023 0.503367 105339 1 1.6875 0.613462 619 1 1699 -0.12531 -0.00737277 0.14904 -0.863275 -3.47129 95.1151 
0.184996 0.511761 105418 1 1.6875 0.613462 620 1 1701 -0.126315 -0.00666743 0.149581 -0.867281 -3.47635 95.081 
0.528611 0.621375 105499 1 1.6875 0.613462 621 1 1703 -0.127122 -0.00491907 0.148834 -0.865266 -3.46929 95.0952 
0.66288 0.656001 105579 1 1.6875 0.613462 622 1 1705 -0.127541 -0.00523235 0.149302 -0.875627 -3.46157 95.0813 
0.661608 0.6694 105620 1 1.6875 0.613462 623 1 1706 -0.127594 -0.00407697 0.150644 -0.869514 -3.46752 95.0597 
0.662378 0.679307 105700 1 1.6875 0.613462 624 1 1708 -0.127401 -0.00465168 0.151364 -0.866564 -3.46811 95.0936 
0.631433 0.551649 105779 1 1.6875 0.613462 625 1 1710 -0.126212 -0.00567467 0.151186 -0.871233 -3.46594 95.0883 
0.634091 0.546254 105819 1 1.6875 0.613462 626 1 1711 -0.125994 -0.00514455 0.150487 -0.867116 -3.45498 95.0629 
0.64049 0.564405 105900 1 1.6875 0.613462 627 1 1713 -0.126071 -0.0042157 0.152681 -0.864986 -3.47045 95.0503 
0.64049 0.564405 105900 1 1.6875 0.613462 628 1 1713 -0.126071 -0.0042157 0.152681 -0.864986 -3.47045 95.0503 
0.64049 0.564405 105900 1 1.6875 0.613462 629 1 1713 -0.126071 -0.0042157 0.152681 -0.864986 -3.47045 95.0503 
0.597723 0.52861 106101 1 1.6875 0.613462 630 1 1718 -0.12677 -0.00252309 0.151744 -0.863442 -3.46005 95.026 
0.598527 0.521726 106181 1 1.6875 0.613462 631 1 1720 -0.127418 -0.00316588 0.15171 -0.873384 -3.45759 95.0379 
0.601281 0.541557 106260 1 1.6875 0.613462 632 1 1722 -0.126073 -0.00263116 0.152635 -0.873752 -3.45496 94.9783 
0.600497 0.558877 106341 1 1.6875 0.613462 633 1 1724 -0.125869 -0.00237875 0.154831 -0.869455 -3.4683 95.0208 
0.606227 0.557361 106381 1 1.6875 0.613462 634 1 1725 -0.125272 -0.00199627 0.155565 -0.862792 -3.4726 95.0364 
0.660597 0.742283 106462 1 1.6875 0.613462 635 1 1727 -0.124959 -0.00327146 0.151947 -0.86656 -3.43258 95.0247 
0.659704 0.746655 106500 1 1.6875 0.613462 636 1 1728 -0.124469 -0.00419925 0.152693 -0.870999 -3.44176 95.0518 
0.659815 0.764904 106581 1 1.6875 0.613462 637 1 1730 -0.124622 -0.00247809 0.153409 -0.85985 -3.44775 95.0288 
0.65152 0.764591 106661 1 1.6875 0.613462 638 1 1732 -0.124845 -0.00202035 0.15356 -0.856329 -3.44783 95.0322 
0.662713 0.76909 106702 1 1.6875 0.613462 639 1 1733 -0.124515 -0.00205938 0.151381 -0.84951 -3.42669 95.0415 
0.648017 0.828308 106782 1 1.6875 0.613462 640 1 1735 -0.12644 -0.00342307 0.152916 -0.871999 -3.43466 95.0614 
0.636328 0.91488 106862 1 1.6875 0.613462 641 1 1737 -0.126559 -0.0034895 0.152696 -0.875172 -3.43044 95.0804 
0.63135 0.925487 106901 1 1.6875 0.613462 642 1 1738 -0.127228 -0.00199633 0.153744 -0.869788 -3.43979 95.0645 
0.627904 0.927468 106982 1 1.6875 0.613462 643 1 1740 -0.127299 -0.00176499 0.153761 -0.871171 -3.43945 95.0551 
0.636029 0.921744 107062 1 1.6875 0.613462 644 1 1742 -0.126885 -0.00251662 0.153958 -0.872248 -3.4397 95.0825 
0.648835 0.864022 107142 1 1.6875 0.613462 645 1 1744 -0.126474 -0.00259385 0.153024 -0.866097 -3.43768 95.0836 
0.651697 0.867491 107223 1 1.6875 0.613462 646 1 1746 -0.126323 -0.00340593 0.153145 -0.867682 -3.44365 95.0902 
0.652593 0.872101 107262 1 1.6875 0.613462 647 1 1747 -0.126297 -0.00161856 0.152994 -0.855315 -3.44566 95.1058 
0.644849 0.886184 107342 1 1.6875 0.613462 648 1 1749 -0.126699 -0.00269848 0.153791 -0.86682 -3.45415 95.074 
0.655045 0.87007 107423 1 1.6875 0.613462 649 1 1751 -0.12594 -0.0020531 0.150378 -0.86025 -3.43187 95.0983 
0.651342 0.893775 107463 1 1.6875 0.613462 650 1 1752 -0.126566 -0.00192164 0.152425 -0.867002 -3.45274 95.0808 
0.664311 0.760182 107543 1 1.6875 0.613462 651 1 1754 -0.127295 -0.000445971 0.151573 -0.862084 -3.44398 95.0681 
0.652914 0.755637 107583 1 1.6875 0.613462 652 1 1755 -0.128034 -0.00209211 0.149967 -0.880053 -3.43162 95.0886 
0.665378 0.76479 107663 1 1.6875 0.613462 653 1 1757 -0.128557 -0.000889714 0.152618 -0.885409 -3.45049 95.0398 
0.666016 0.714486 107744 1 1.6875 0.613462 654 1 1759 -0.127673 0.000108128 0.152485 -0.885092 -3.4389 95.0593 
0.672952 0.733415 107824 1 1.6875 0.613462 655 1 1761 -0.126467 -0.000167874 0.153883 -0.879801 -3.44466 95.0293 
0.674829 0.718107 107904 1 1.6875 0.613462 656 1 1763 -0.125902 -0.000381044 0.153612 -0.871495 -3.44251 95.0246 
0.71585 0.635339 107944 1 1.6875 0.613462 657 1 1764 -0.126683 -0.00215277 0.152419 -0.885787 -3.43082 95.0362 
0.714158 0.619018 108026 1 1.6875 0.613462 658 1 1766 -0.126577 -0.000206369 0.153157 -0.877146 -3.43975 95.0269 
0.750874 0.621066 108105 1 1.6875 0.613462 659 1 1768 -0.127073 -0.000288571 0.152796 -0.873798 -3.44535 95.016 
0.75777 0.592601 108144 1 1.6875 0.613462 660 1 1769 -0.12772 -0.00015833 0.152106 -0.877248 -3.43942 94.9962 
0.780926 0.59139 108225 1 1.6875 0.613462 661 1 1771 -0.127099 -0.000885177 0.15083 -0.895609 -3.42717 94.9755 
0.938299 0.632056 108265 1 1.6875 0.613462 662 1 1772 -0.126122 0.00144475 0.153533 -0.884023 -3.45013 94.9587 
0.955564 0.595558 108345 1 1.6875 0.613462 663 1 1774 -0.125645 0.000410807 0.151591 -0.896811 -3.42477 94.9458 
0.667817 0.459681 108424 1 1.6875 0.613462 664 1 1776 -0.125001 -0.00019233 0.15279 -0.899563 -3.43012 94.9341 
0.606383 0.416001 108464 1 1.6875 0.613462 665 1 1777 -0.124146 0.000912229 0.153552 -0.888125 -3.43574 94.9344 
0.606091 0.389457 108545 1 1.6875 0.613462 666 1 1779 -0.123356 0.00089179 0.153621 -0.874225 -3.43193 94.9291 
0.612425 0.393533 108625 1 1.6875 0.613462 667 1 1781 -0.123467 -0.000268671 0.153806 -0.877327 -3.43541 94.9465 
0.611265 0.386534 108665 1 1.6875 0.613462 668 1 1782 -0.123571 -0.000229893 0.153852 -0.877597 -3.43502 94.9489 
0.602772 0.369757 108745 1 1.6875 0.613462 669 1 1784 -0.123934 0.000171495 0.15403 -0.880309 -3.43346 94.9437 
0.322776 0.277939 108825 1 1.6875 0.613462 670 1 1786 -0.124693 -0.00120524 0.155112 -0.88909 -3.44495 94.9088 
0.31963 0.273789 108865 1 1.6875 0.613462 671 1 1787 -0.124755 -0.00110188 0.155131 -0.889861 -3.44476 94.9076 
0.309118 0.264965 108945 1 1.6875 0.613462 672 1 1789 -0.125204 -0.000678306 0.155206 -0.893049 -3.444 94.905 
0.306537 0.252202 109026 1 1.6875 0.613462 673 1 1791 -0.125232 -0.000568422 0.155297 -0.893859 -3.44318 94.9055 
0.306537 0.252202 109026 1 1.6875 0.613462 674 1 1791 -0.125232 -0.000568422 0.155297 -0.893859 -3.44318 94.9055 
0.306537 0.252202 109026 1 1.6875 0.613462 675 1 1791 -0.125232 -0.000568422 0.155297 -0.893859 -3.44318 94.9055 
0.254614 0.178291 109226 1 1.6875 0.613462 676 1 1796 -0.123333 -0.00244581 0.156802 -0.896638 -3.43985 94.8658 
0.244983 0.152118 109306 1 1.6875 0.613462 677 1 1798 -0.122175 -0.000865538 0.15621 -0.87135 -3.43747 94.9189 
0.200242 0.210325 109387 1 1.6875 0.613462 678 1 1800 -0.122548 -6.1735e-005 0.156767 -0.86828 -3.43993 94.9031 
0.185388 0.2217 109468 1 1.6875 0.613462 679 1 1802 -0.123459 -0.00353901 0.156067 -0.895556 -3.43196 94.8989 
0.188167 0.22828 109506 1 1.6875 0.613462 680 1 1803 -0.123589 -0.003465 0.155643 -0.89291 -3.43305 94.9249 
0.182941 0.232033 109586 1 1.6875 0.613462 681 1 1805 -0.123784 -0.00326617 0.155569 -0.894504 -3.43379 94.9201 
0.178979 0.251481 109667 1 1.6875 0.613462 682 1 1807 -0.124518 -0.00394733 0.156172 -0.901726 -3.44234 94.9352 
0.178796 0.275383 109707 1 1.6875 0.613462 683 1 1808 -0.124737 -0.00238844 0.156233 -0.890404 -3.44409 94.9264 
0.179173 0.282015 109788 1 1.6875 0.613462 684 1 1810 -0.124946 -0.0017338 0.156804 -0.884388 -3.45052 94.9475 
0.193697 0.301239 109867 1 1.6875 0.613462 685 1 1812 -0.124244 -0.00269725 0.158409 -0.880425 -3.46526 94.9241 
0.193576 0.298147 109907 1 1.6875 0.613462 686 1 1813 -0.124956 -0.00167135 0.157017 -0.861012 -3.45921 94.9702 
0.196124 0.33422 109989 1 1.6875 0.613462 687 1 1815 -0.124915 -0.00275399 0.159899 -0.862724 -3.4965 94.9675 
0.203826 0.334527 110027 1 1.6875 0.613462 688 1 1816 -0.124629 -0.00312937 0.159187 -0.859728 -3.49133 94.959 
0.20664 0.351015 110108 1 1.6875 0.613462 689 1 1818 -0.124984 -0.00199922 0.159973 -0.848672 -3.5031 94.9461 
0.189657 0.335557 110189 1 1.6875 0.613462 690 1 1820 -0.125274 -0.00217654 0.160204 -0.844854 -3.51003 94.9344 
0.183238 0.330159 110267 1 1.6875 0.613462 691 1 1822 -0.12536 -0.00228127 0.160077 -0.844269 -3.51122 94.9213 
0.172425 0.24885 110348 1 1.6875 0.613462 692 1 1824 -0.125349 -0.00510836 0.157431 -0.858466 -3.48918 94.902 
0.264031 0.176443 110388 1 1.6875 0.613462 693 1 1825 -0.125625 -0.00414618 0.158014 -0.852384 -3.49394 94.9021 
0.266342 0.15757 110468 1 1.6875 0.613462 694 1 1827 -0.124609 -0.00583773 0.157621 -0.863875 -3.48206 94.9219 
0.2698 0.154026 110549 1 1.6875 0.613462 695 1 1829 -0.124328 -0.00633398 0.158443 -0.864019 -3.48105 94.9341 
0.266128 0.153386 110589 1 1.6875 0.613462 696 1 1830 -0.124908 -0.00735864 0.157748 -0.871838 -3.47541 94.9384 
0.269723 0.157217 110669 1 1.6875 0.613462 697 1 1832 -0.124617 -0.00766084 0.157957 -0.868904 -3.47369 94.9278 
0.367775 0.173371 110749 1 1.6875 0.613462 698 1 1834 -0.124664 -0.00454396 0.159458 -0.84978 -3.48754 94.9602 
0.616572 0.0818337 110790 1 1.6875 0.613462 699 1 1835 -0.125631 -0.00583269 0.159499 -0.86658 -3.48332 94.9393 
0.636237 0.0420113 110870 1 1.6875 0.613462 700 1 1837 -0.12524 -0.00442732 0.159388 -0.856387 -3.47299 94.9641 
0.624996 0.0517337 110950 1 1.6875 0.613462 701 1 1839 -0.124581 -0.00502653 0.159192 -0.85255 -3.47607 95.0124 
0.638239 0.0558739 110989 1 1.6875 0.613462 702 1 1840 -0.12412 -0.00368008 0.159966 -0.835823 -3.48447 95.0303 
0.641976 0.0707145 111069 1 1.6875 0.613462 703 1 1842 -0.123061 -0.00621762 0.158543 -0.837147 -3.48271 95.0262 
0.654236 0.069725 111150 1 1.6875 0.613462 704 1 1844 -0.122452 -0.00671902 0.158784 -0.832528 -3.48047 94.97 
0.644052 0.0669306 111190 1 1.6875 0.613462 705 1 1845 -0.122829 -0.0047984 0.157749 -0.817016 -3.46553 94.9677 
0.599878 0.264512 111270 1 1.6875 0.613462 706 1 1847 -0.124248 -0.00288056 0.158225 -0.814089 -3.46548 94.9786 
0.593263 0.265435 111351 1 1.6875 0.613462 707 1 1849 -0.12382 -0.00381635 0.15996 -0.825956 -3.46597 94.9648 
0.595171 0.255471 111391 1 1.6875 0.613462 708 1 1850 -0.124671 -0.00379728 0.158282 -0.827876 -3.44684 95.0022 
0.656332 0.307556 111470 1 1.6875 0.613462 709 1 1852 -0.124159 -0.00448373 0.159038 -0.838497 -3.4331 95.0065 
0.661832 0.3033 111553 1 1.6875 0.613462 710 1 1854 -0.125276 -0.00606878 0.158079 -0.836259 -3.42113 95.0619 
0.651253 0.308355 111591 1 1.6875 0.613462 711 1 1855 -0.124602 -0.00988349 0.156889 -0.852591 -3.40949 95.0083 
0.61525 0.331829 111671 1 1.6875 0.613462 712 1 1857 -0.124068 -0.00739162 0.159735 -0.803091 -3.42715 95.0337 
0.503486 0.371968 111750 1 1.6875 0.613462 713 1 1859 -0.123837 -0.00944787 0.157564 -0.786985 -3.38243 95.0238 
0.501897 0.386465 111831 1 1.6875 0.613462 714 1 1861 -0.123266 -0.0114785 0.158793 -0.778788 -3.34724 95.0348 
0.483294 0.39581 111911 1 1.6875 0.613462 715 1 1863 -0.121451 -0.0130991 0.162242 -0.751928 -3.32572 95.0922 
0.467105 0.393854 111951 1 1.6875 0.613462 716 1 1864 -0.120659 -0.0175954 0.163566 -0.765556 -3.31102 95.1213 
0.451904 0.406028 112034 1 1.6875 0.613462 717 1 1866 -0.119142 -0.0238506 0.162707 -0.750531 -3.27375 95.2326 
0.195363 0.416752 112111 1 1.6875 0.613462 718 1 1868 -0.118005 -0.0310873 0.160998 -0.738549 -3.25226 95.2991 
0.0882806 0.44297 112151 1 1.6875 0.613462 719 1 1869 -0.117448 -0.032307 0.161667 -0.717371 -3.25604 95.2501 
0.0882806 0.44297 112151 1 1.6875 0.613462 720 1 1869 -0.117448 -0.032307 0.161667 -0.717371 -3.25604 95.2501 
0.0493494 0.425293 112312 1 1.6875 0.613462 721 1 1873 -0.113336 -0.041101 0.162663 -0.695879 -3.24517 95.167 
0.105784 0.48424 112393 1 1.6875 0.613462 722 1 1875 -0.114004 -0.0448764 0.164068 -0.702584 -3.22296 95.1929 
0.110851 0.478131 112433 1 1.6875 0.613462 723 1 1876 -0.11399 -0.0453211 0.165491 -0.695797 -3.22082 95.2418 
0.0919411 0.47972 112512 1 1.6875 0.613462 724 1 1878 -0.115196 -0.052229 0.166411 -0.741353 -3.20396 95.28 
0.641834 0.638922 112594 1 1.6875 0.613462 725 1 1880 -0.115772 -0.0556593 0.166592 -0.752005 -3.19484 95.3513 
0.630291 0.589425 112673 1 1.6875 0.613462 726 1 1882 -0.115041 -0.0634787 0.163476 -0.793534 -3.17741 95.3879 
0.768752 0.521477 112753 1 1.6875 0.613462 727 1 1884 -0.109927 -0.0666641 0.158986 -0.773622 -3.17468 95.3919 
0.746428 0.500267 112795 1 1.6875 0.613462 728 1 1885 -0.106536 -0.0685554 0.157131 -0.746797 -3.17905 95.3602 
0.739041 0.477382 112872 1 1.6875 0.613462 729 1 1887 -0.0987983 -0.0739777 0.157788 -0.701781 -3.19312 95.2545 
0.731833 0.486594 112953 1 1.6875 0.613462 730 1 1889 -0.0900198 -0.0685187 0.156317 -0.582895 -3.17953 95.2352 
0.696799 0.468 112995 1 1.6875 0.613462 731 1 1890 -0.0851372 -0.0755233 0.155824 -0.587227 -3.16126 95.1491 
0.468632 0.412565 113074 1 1.6875 0.613462 732 1 1892 -0.0719783 -0.0958401 0.15539 -0.60911 -3.15222 95.2117 
0.421076 0.401764 113114 1 1.6875 0.613462 733 1 1893 -0.0630433 -0.112733 0.156136 -0.669579 -3.15182 95.1823 
0.308775 0.431717 113196 1 1.6875 0.613462 734 1 1895 -0.0235074 -0.152762 0.160239 -0.790224 -3.21712 95.5338 
0.044398 0.487592 113273 1 1.6875 0.613462 735 1 1897 0.011081 -0.207251 0.166192 -1.04393 -3.24025 95.6654 
-0.0232532 0.552802 113354 1 1.6875 0.613462 736 1 1899 0.0346528 -0.231359 0.17509 -1.20539 -3.37321 95.7638 
-0.0370487 0.289743 113435 1 1.6875 0.613462 737 1 1901 0.0524457 -0.23515 0.17587 -1.23878 -3.48277 95.9179 
-0.00958172 0.0454336 113514 1 1.6875 0.613462 738 1 1903 0.0661946 -0.227534 0.164512 -1.17806 -3.50455 95.9951 
0.0137973 0.000654591 113555 1 1.6875 0.613462 739 1 1904 0.0683581 -0.219943 0.153093 -1.12123 -3.47983 96.2945 
0.0777009 -0.053926 113634 1 1.6875 0.613462 740 1 1906 0.0657827 -0.212066 0.151871 -1.03697 -3.65001 96.3781 
-0.0220055 0.00335567 113674 1 1.6875 0.613462 741 1 1907 0.0631689 -0.214588 0.148151 -1.01892 -3.76071 96.2711 
-0.448631 0.0915466 113754 1 1.6875 0.613462 742 0 1909 0.0592149 -0.223812 0.142795 -0.951128 -4.21441 95.5985 
-0.450321 0.22077 113835 1 1.6875 0.613462 743 0 1911 0.0529239 -0.225807 0.153728 -0.795242 -4.89014 94.5205 
-0.407232 0.240236 113875 1 1.6875 0.613462 744 0 1912 0.0526394 -0.219624 0.152759 -0.737886 -5.21497 94.1501 
-0.319479 0.169773 113955 1 1.6875 0.613462 745 0 1914 0.0526417 -0.202152 0.110246 -0.782542 -5.47282 93.8389 
0.342897 0.537206 114035 1 1.6875 0.613462 746 1 1916 0.0437205 -0.141458 0.0699408 -0.937196 -5.4293 93.065 
0.472858 0.549288 114075 1 1.6875 0.613462 747 1 1917 0.035669 -0.0978533 0.066661 -1.01814 -5.39834 92.9699 
0.41284 0.471133 114155 1 1.6875 0.613462 748 1 1919 0.0177318 -0.0842909 0.0596517 -1.92248 -4.96052 92.307 
0.448357 0.558899 114236 1 1.6875 0.613462 749 1 1921 0.00819594 -0.0622722 0.0673118 -2.6949 -4.84328 92.7901 
0.481724 0.619847 114276 1 1.6875 0.613462 750 1 1922 0.00236929 -0.0414279 0.0767156 -2.95631 -4.87372 92.8569 
0.488062 0.714294 114355 1 1.6875 0.613462 751 1 1924 -0.0203753 -0.0219312 0.0798116 -3.47825 -4.68722 93.5181 
0.471934 0.854128 114436 1 1.6875 0.613462 752 1 1926 -0.0476302 -0.0122298 0.0909909 -3.75798 -4.76035 95.3791 
0.540744 0.869847 114516 1 1.70469 0.575962 753 1 1928 -0.0644965 0.0082293 0.0840202 -3.68577 -4.87311 96.6919 
0.536752 0.857932 114596 1 1.70469 0.575962 754 1 1930 -0.065531 0.0106051 0.0826204 -3.48238 -4.91293 97.7808 
0.530435 0.945242 114637 1 1.70469 0.575962 755 1 1931 -0.0725814 0.00808132 0.101247 -3.31915 -5.07416 98.5959 
0.0961072 0.407172 114716 1 1.66354 0.559615 756 1 1933 -0.0671226 0.00069271 0.110777 -3.07695 -5.24688 100.063 
0.112287 0.373139 114796 1 1.23333 0.5 757 1 1935 -0.0751315 3.52241e-005 0.122395 -2.98831 -5.49878 102.049 
0.148835 0.34674 114877 1 1.00417 0.524038 758 1 1937 -0.0793001 -0.00645308 0.119794 -2.93167 -5.77118 104.276 
0.110608 0.369945 114917 1 0.955729 0.524038 759 1 1938 -0.0864534 -0.0114374 0.123117 -2.88547 -6.00348 105.52 
0.0721771 0.296479 114997 1 0.955729 0.516346 760 1 1940 -0.0809612 -0.0314194 0.111105 -2.86849 -6.27901 108.179 
0.09286 0.246561 115037 1 0.960417 0.468269 761 1 1941 -0.0850544 -0.0384775 0.107192 -2.78358 -6.42317 109.351 
0.654655 0.100952 115157 1 0.95 0.442308 762 1 1944 -0.0753291 -0.0405117 0.111601 -2.37104 -6.83738 112.3 
0.664073 0.00793557 115237 1 0.877083 0.538462 763 1 1946 -0.0758315 -0.0486264 0.114982 -2.12152 -7.08881 114.477 
0.676197 -0.0114267 115278 1 0.873958 0.593269 764 1 1947 -0.0776468 -0.0539089 0.114251 -2.03876 -7.15814 115.426 
0.676197 -0.0114267 115278 1 0.886458 0.608654 765 1 1947 -0.0776468 -0.0539089 0.114251 -2.03876 -7.15814 115.426 
0.683364 0.13477 115438 1 0.864062 0.573077 766 1 1951 -0.075757 -0.0535203 0.193743 -1.48334 -7.73139 119.719 
0.778819 -0.000256835 115518 1 0.790104 0.541346 767 1 1953 -0.0695139 -0.0312417 0.199705 -1.02575 -7.62255 122.356 
0.734754 0.0641887 115558 1 0.727604 0.527885 768 1 1954 -0.0684353 -0.0288515 0.20932 -0.801246 -7.8878 122.918 
0.673511 -0.0963631 115678 1 0.724479 0.522115 769 1 1957 -0.0340482 -0.0580964 0.182647 -0.754216 -7.834 123.785 
0.697148 -0.257681 115759 1 0.724479 0.522115 770 0 1959 -0.0330028 -0.0645954 0.149538 -1.08418 -8.01019 123.693 
0.490312 -0.315571 115838 1 0.724479 0.522115 771 0 1961 -0.0420633 -0.0668732 0.125521 -1.41032 -7.8732 122.589 
0.388131 -0.425346 115918 1 0.731771 0.518269 772 0 1963 -0.044375 -0.0864244 0.107657 -1.84082 -7.82117 122.711 
0.353013 -0.35537 115999 1 0.704167 0.491346 773 0 1965 -0.0390812 -0.0938279 0.100671 -2.08005 -7.9587 122.815 
0.29441 -0.448218 116079 1 0.695313 0.483654 774 0 1967 -0.030872 -0.113588 0.0810769 -2.24046 -7.77898 122.832 
0.294172 -0.520771 116118 1 0.688021 0.483654 775 0 1968 -0.0296555 -0.117582 0.0670472 -2.1976 -7.8046 122.943 
0.455284 -0.601899 116159 1 0.660937 0.481731 776 0 1969 -0.0255683 -0.112638 0.0664627 -1.99453 -7.86745 123.263 
0.493795 -0.545167 116319 1 0.640625 0.460577 777 0 1973 0.0226227 -0.108872 0.0887777 -1.10425 -8.48966 128.516 
0.489701 -0.490989 116360 1 0.619792 0.441346 778 0 1974 0.0312223 -0.113467 0.0938242 -0.95162 -8.60285 130.177 
0.491182 -0.39831 116440 1 0.617188 0.436538 779 0 1976 0.0476441 -0.110816 0.102173 -0.681173 -8.88845 133.538 
0.53488 -0.341162 116481 1 0.613021 0.435577 780 0 1977 0.0556087 -0.102383 0.11198 -0.575211 -9.12863 135.396 
0.330203 -0.471909 116600 1 0.554167 0.416346 781 0 1980 0.0963181 -0.157968 0.126309 -1.2222 -9.26854 139.615 
0.370725 -0.144748 116680 1 0.438021 0.400962 782 0 1982 0.0823303 -0.156115 0.163232 -1.60597 -9.61374 140.77 
0.401697 -0.291164 116760 1 0.344792 0.365385 783 0 1984 0.0630731 -0.141611 0.153847 -1.90915 -9.50287 141.64 
0.401697 -0.291164 116760 1 0.310937 0.35 784 0 1984 0.0630731 -0.141611 0.153847 -1.90915 -9.50287 141.64 
0.433976 -0.525807 116920 1 0.310937 0.336538 785 0 1988 0.0466523 -0.126739 0.099779 -2.0541 -9.22454 139.732 
0.431866 -0.531636 117001 1 0.279167 0.276923 786 0 1990 0.0439371 -0.119879 0.0913472 -2.00977 -9.13674 137.997 
0.52545 -0.380301 117082 1 0.232292 0.210577 787 0 1992 0.0380887 -0.0898798 0.104927 -1.78228 -9.00529 136.84 
0.450276 -0.424444 117121 1 0.210938 0.195192 788 0 1993 0.0358474 -0.0900994 0.107887 -1.80977 -8.98226 136.126 
0.384323 -0.538593 117201 1 0.192708 0.197115 789 0 1995 0.0383111 -0.0917241 0.0976956 -1.78311 -8.92514 134.446 
0.367627 -0.451974 117281 1 0.176042 0.209615 790 0 1997 0.0431033 -0.0969521 0.0986967 -1.75322 -8.91566 131.969 
0.274603 -0.542291 117362 1 0.171875 0.219231 791 0 1999 0.0505378 -0.129828 0.0959533 -2.01837 -8.72616 129.513 
0.306966 -0.406535 117401 1 0.170313 0.223077 792 0 2000 0.0569203 -0.125185 0.108465 -2.01831 -8.6604 128.442 
0.306966 -0.406535 117401 1 0.170313 0.223077 793 0 2000 0.0569203 -0.125185 0.108465 -2.01831 -8.6604 128.442 
