ImageFile:
0.914946 1.10483 72202 1 0.3 0.250962 1 1 1010 0.00330843 -0.141437 0.00522661 -0.925604 3.32286 118.583 
0.904655 1.14294 72282 1 0.3 0.250962 2 1 1012 0.00485779 -0.144442 0.00843921 -0.964687 3.27795 118.672 
0.876043 1.14652 72362 1 0.3 0.250962 3 1 1014 0.00597742 -0.149344 0.0127399 -1.038 3.22589 118.784 
0.873966 1.16225 72402 1 0.3 0.250962 4 1 1015 0.00667111 -0.148424 0.0133323 -1.03635 3.2264 118.909 
0.859018 1.15542 72522 1 0.3 0.250962 5 1 1018 0.00688457 -0.148131 0.0140629 -1.04462 3.22635 118.97 
0.870667 1.13936 72563 1 0.3 0.250962 6 1 1019 0.00631847 -0.147958 0.0144461 -1.03666 3.23173 119.011 
0.897338 0.850754 72643 1 0.296875 0.274038 7 1 1021 0.00235524 -0.14093 0.0114232 -0.958321 3.25752 118.652 
0.830554 0.737334 72722 1 0.291146 0.4 8 1 1023 0.00208624 -0.141873 0.00927405 -0.969224 3.29353 118.579 
0.806969 0.676015 72805 1 0.255208 0.580769 9 1 1025 0.00149425 -0.137057 0.00806051 -0.924377 3.30217 118.417 
0.814529 0.642468 72883 1 0.227604 0.661538 10 1 1027 0.00117936 -0.136905 0.00709771 -0.918272 3.29966 118.346 
0.848795 0.799183 73003 1 0.202083 0.718269 11 1 1030 0.00271593 -0.138859 0.00698988 -0.9387 3.28478 118.404 
0.90936 1.04447 73044 1 0.181771 0.771154 12 1 1031 0.00469796 -0.143444 0.00892742 -0.990276 3.26691 118.554 
0.875431 1.1083 73123 1 0.165625 0.807692 13 1 1033 0.00653569 -0.145779 0.0147718 -1.02806 3.21352 118.777 
0.894814 1.16457 73163 1 0.14375 0.822115 14 1 1034 0.00608841 -0.147978 0.0138413 -1.04779 3.22567 118.851 
1.65782 2.80621 73203 1 0.128646 0.823077 15 0 1035 0.00608841 -0.147978 0.0138413 -1.04779 3.22567 118.851 
1.63094 3.22911 73243 1 0.124479 0.820192 16 0 1036 0.00883661 -0.155348 0.00507795 -1.10951 3.33762 119.019 
1.79369 1.83275 73404 1 0.121875 0.845192 17 0 1040 0.00566953 -0.145511 0.00619259 -1.00289 3.32572 118.636 
1.92181 1.76202 73484 1 0.102083 0.911538 18 0 1042 0.00478612 -0.141971 0.00396181 -0.976063 3.35197 118.582 
1.86991 1.79107 73564 1 0.0880208 0.943269 19 0 1044 0.00413593 -0.140889 0.00246171 -0.972367 3.37643 118.564 
1.93382 1.80146 73644 1 0.0838542 0.947115 20 0 1046 0.00317436 -0.139125 0.000753811 -0.947511 3.38996 118.489 
1.93382 1.80146 73644 1 0.08125 0.954808 21 0 1046 0.00317436 -0.139125 0.000753811 -0.947511 3.38996 118.489 
2.01355 1.75003 73806 1 0.0802083 0.960577 22 0 1050 0.00302597 -0.138811 -0.000830138 -0.926677 3.40982 118.452 
2.03898 1.7986 73844 1 0.0791667 0.969231 23 0 1051 0.00270822 -0.139053 -0.00125045 -0.934718 3.40981 118.384 
0.852578 0.955681 73925 1 0.075 0.984615 24 1 1053 0.00311132 -0.141018 0.000593803 -0.962468 3.39814 118.509 
0.931482 1.04229 73965 1 0.0744792 0.985577 25 1 1054 0.00386384 -0.140769 0.00342394 -0.954208 3.37405 118.568 
0.931482 1.04229 73965 1 0.0744792 0.985577 26 1 1054 0.00386384 -0.140769 0.00342394 -0.954208 3.37405 118.568 
0.922794 1.05693 74005 1 0.0744792 0.985577 27 1 1055 0.00430363 -0.141888 0.00563012 -0.95988 3.35274 118.571 
1.70483 3.36462 74125 1 0.0744792 0.985577 28 0 1058 0.00430363 -0.141888 0.00563012 -0.95988 3.35274 118.571 
-0.208991 3.68526 74166 1 0.0744792 0.984615 29 0 1059 0.0057785 -0.149132 -0.00597469 -1.01178 3.46275 118.716 
1.73921 1.71145 74325 1 0.0744792 0.982692 30 0 1063 0.00321479 -0.14157 -8.55748e-005 -0.93454 3.39032 118.394 
1.77132 1.7135 74406 1 0.0744792 0.981731 31 0 1065 0.0025368 -0.141946 0.000601286 -0.938439 3.3799 118.369 
1.79044 1.68608 74486 1 0.0744792 0.981731 32 0 1067 0.00235255 -0.139184 -0.000517549 -0.915779 3.37925 118.344 
1.87426 1.72728 74567 1 0.0744792 0.981731 33 0 1069 0.00205384 -0.138148 0.000812113 -0.920103 3.34274 118.222 
1.87426 1.72728 74567 1 0.0744792 0.981731 34 0 1069 0.00205384 -0.138148 0.000812113 -0.920103 3.34274 118.222 
1.86308 1.75308 74607 1 0.0744792 0.981731 35 0 1070 0.00221205 -0.138155 0.00142788 -0.924298 3.33251 118.257 
1.91985 1.79367 74766 1 0.0744792 0.981731 36 0 1074 0.00281306 -0.139567 0.00246077 -0.945238 3.33301 118.408 
0.840348 1.07769 74847 1 0.0744792 0.981731 37 1 1076 0.00476143 -0.145823 0.00680243 -1.00652 3.28829 118.617 
0.900555 1.16998 74887 1 0.0744792 0.981731 38 1 1077 0.00586436 -0.145853 0.0101154 -1.00638 3.25696 118.777 
0.900555 1.16998 74887 1 0.0744792 0.981731 39 1 1077 0.00586436 -0.145853 0.0101154 -1.00638 3.25696 118.777 
0.886241 1.20884 75087 1 0.0744792 0.981731 40 0 1082 0.00607657 -0.14901 0.012488 -1.04444 3.23133 118.841 
0.880514 1.21336 75127 1 0.0744792 0.981731 41 0 1083 0.00622934 -0.148713 0.0128573 -1.03975 3.23221 118.902 
0.906163 1.21019 75207 1 0.0744792 0.981731 42 0 1085 0.00742414 -0.148031 0.013205 -1.02188 3.23176 118.928 
0.915817 1.20422 75288 1 0.0744792 0.981731 43 0 1087 0.00744209 -0.147643 0.0124329 -1.01466 3.23342 118.856 
0.883631 1.19991 75368 1 0.0744792 0.981731 44 1 1089 0.00690243 -0.147898 0.0129607 -1.02275 3.2355 118.872 
0.904447 1.21306 75450 1 0.0744792 0.981731 45 0 1091 0.00634624 -0.146469 0.0125588 -1.02855 3.22882 118.834 
0.882152 1.18203 75528 1 0.0744792 0.981731 46 1 1093 0.00701984 -0.145848 0.0123617 -1.02754 3.23393 118.894 
0.862215 1.18001 75568 1 0.0744792 0.981731 47 1 1094 0.00688352 -0.148265 0.0120296 -1.0542 3.23897 118.897 
0.877165 1.19773 75688 1 0.101042 0.979808 48 1 1097 0.00689663 -0.148912 0.0126677 -1.05676 3.24389 118.943 
0.890933 1.1965 75729 1 0.119792 0.979808 49 1 1098 0.00668889 -0.149051 0.0136337 -1.05133 3.23372 118.92 
0.900979 1.1729 75808 1 0.119792 0.979808 50 1 1100 0.00620772 -0.148769 0.0134235 -1.03413 3.25099 118.817 
0.895094 1.14696 75848 1 0.119792 0.979808 51 1 1101 0.00650492 -0.148647 0.0124286 -1.02925 3.2611 118.799 
0.901597 1.14527 75929 1 0.119792 0.979808 52 1 1103 0.00543608 -0.14629 0.0111304 -1.00393 3.27293 118.778 
0.89717 1.1511 76009 1 0.119792 0.979808 53 1 1105 0.0056793 -0.14625 0.00972547 -1.01001 3.27551 118.753 
0.867458 1.16394 76089 1 -0.0223958 0.933654 54 1 1107 0.00616946 -0.147741 0.0133371 -1.03428 3.23567 118.805 
0.875277 1.12496 76169 1 -0.375 0.608654 55 1 1109 0.00618902 -0.146092 0.011278 -1.03224 3.27321 118.824 
0.896035 1.1106 76249 1 -0.753125 0.231731 56 1 1111 0.00557039 -0.145572 0.0109011 -1.0172 3.28261 118.831 
0.911155 1.13858 76333 1 -1 0.00769231 57 1 1113 0.00599282 -0.146144 0.0106074 -1.01313 3.2808 118.715 
0.899269 1.11872 76410 1 -1 0.00769231 58 1 1115 0.00646068 -0.147139 0.0104808 -1.01023 3.27381 118.721 
0.885711 1.16204 76490 1 -1 0.00769231 59 1 1117 0.00585994 -0.147591 0.0111879 -1.00848 3.25233 118.78 
0.916084 1.17551 76571 1 -1 0.00769231 60 1 1119 0.00673236 -0.148187 0.0128174 -1.00543 3.22618 118.822 
0.899751 1.16804 76609 1 -0.998437 0.0105769 61 1 1120 0.00621099 -0.149057 0.0131903 -1.0114 3.22819 118.89 
0.918301 1.20278 76690 1 -1 0.00769231 62 0 1122 0.00631115 -0.149104 0.0151232 -1.00342 3.21261 118.918 
0.926291 1.20151 76770 1 -1 0.00769231 63 0 1124 0.00610383 -0.147713 0.0143324 -0.988378 3.21557 118.89 
0.926394 1.196 76811 1 -1 0.00769231 64 1 1125 0.00624638 -0.148473 0.0133715 -0.998609 3.21968 118.966 
0.916287 1.14749 76891 1 -0.978646 0.00769231 65 1 1127 0.00597812 -0.148343 0.00986397 -0.994854 3.24935 118.805 
0.938455 1.05495 76971 1 -0.977604 0.00769231 66 1 1129 0.00517288 -0.145804 0.00623662 -0.965464 3.27112 118.665 
0.958218 1.07563 77050 1 -0.973958 0.00769231 67 1 1131 0.00526027 -0.146157 0.00810983 -0.975782 3.23897 118.748 
0.935005 1.06088 77134 1 -0.936458 0.00769231 68 1 1133 0.00449837 -0.147562 0.0085431 -0.991284 3.24484 118.882 
0.93225 1.12068 77216 1 -0.763021 0.0105769 69 1 1135 0.00481898 -0.145497 0.0105879 -0.97398 3.22223 118.721 
0.923344 1.11231 77292 1 -0.524479 0.0125 70 1 1137 0.00402894 -0.146738 0.010254 -0.978075 3.23786 118.794 
0.930501 1.20068 77371 1 -0.396875 0.0134615 71 0 1139 0.0052501 -0.149378 0.0143562 -1.00397 3.20375 118.898 
0.952647 1.24182 77453 1 -0.386458 0.0173077 72 0 1141 0.00572019 -0.150156 0.0151296 -1.01351 3.19282 119.015 
1.03348 1.2302 77576 1 -0.385937 0.0173077 73 0 1144 0.00615554 -0.148685 0.0139547 -1.01514 3.19915 118.979 
1.01114 1.2449 77652 1 -0.385937 0.0173077 74 0 1146 0.00493104 -0.149545 0.0156695 -1.02307 3.18118 118.979 
1.01783 1.21183 77736 1 -0.388542 0.0221154 75 0 1148 0.00559692 -0.148824 0.0133534 -1.00755 3.19701 118.963 
1.00009 1.18083 77852 1 -0.417708 0.0759615 76 1 1151 0.00523318 -0.147963 0.011437 -1.0128 3.21211 119.036 
1.14716 0.975557 77933 1 -0.444792 0.114423 77 0 1153 0.00133679 -0.13986 0.0122757 -0.937716 3.21287 118.797 
1.17266 0.927401 78014 1 -0.467187 0.156731 78 0 1155 -0.000223309 -0.136942 0.0091927 -0.905976 3.24481 118.485 
1.17266 0.927401 78014 1 -0.493229 0.246154 79 0 1155 -0.000223309 -0.136942 0.0091927 -0.905976 3.24481 118.485 
1.17604 0.925363 78053 1 -0.606771 0.523077 80 0 1156 -0.000796469 -0.135332 0.0087073 -0.889871 3.24313 118.402 
1.18678 0.883536 78254 1 -0.747396 0.675 81 0 1161 -0.00144581 -0.134644 0.00770544 -0.877497 3.23881 118.36 
1.21622 0.870217 78293 1 -0.773438 0.675 82 0 1162 -0.000311072 -0.13343 0.00436697 -0.867674 3.26923 118.192 
1.21622 0.870217 78293 1 -0.773438 0.675 83 0 1162 -0.000311072 -0.13343 0.00436697 -0.867674 3.26923 118.192 
1.22351 0.829716 78538 1 -0.794271 0.706731 84 0 1168 -0.000468409 -0.136622 0.00610305 -0.890736 3.28662 118.27 
1.23471 0.833628 78615 1 -0.842708 0.730769 85 0 1170 -0.000340188 -0.136299 0.00638378 -0.893952 3.28962 118.245 
1.21216 0.767831 78654 1 -0.864062 0.728846 86 0 1171 -0.00145684 -0.137411 0.00446524 -0.907435 3.31608 118.273 
1.21216 0.767831 78654 1 -0.873958 0.720192 87 0 1171 -0.00145684 -0.137411 0.00446524 -0.907435 3.31608 118.273 
1.22001 0.712566 78898 1 -0.876042 0.719231 88 0 1177 -0.00337503 -0.131455 0.00405594 -0.850524 3.34192 118.124 
1.28282 0.75408 78935 1 -0.880208 0.714423 89 0 1178 -0.00341631 -0.131921 0.00233947 -0.857266 3.36039 118.024 
1.28282 0.75408 78935 1 -0.88125 0.713462 90 0 1178 -0.00341631 -0.131921 0.00233947 -0.857266 3.36039 118.024 
1.21532 0.658997 79135 1 -0.88125 0.713462 91 0 1183 -0.00396874 -0.133024 0.00297261 -0.865787 3.36974 118.181 
1.29958 0.749319 79214 1 -0.880208 0.713462 92 0 1185 -0.00330566 -0.131191 0.00174876 -0.838131 3.37581 118.012 
1.28662 0.69134 79296 1 -0.853646 0.713462 93 0 1187 -0.00375251 -0.131756 8.81518e-005 -0.815271 3.38211 117.98 
1.28662 0.69134 79296 1 -0.845833 0.713462 94 0 1187 -0.00375251 -0.131756 8.81518e-005 -0.815271 3.38211 117.98 
1.27445 0.738282 79455 1 -0.845833 0.713462 95 0 1191 -0.00444928 -0.130449 0.000306889 -0.811648 3.3604 118.018 
1.27393 0.740974 79537 1 -0.845833 0.713462 96 0 1193 -0.00439598 -0.130403 0.000298001 -0.812137 3.36029 118.025 
1.27526 0.747485 79616 1 -0.845833 0.713462 97 0 1195 -0.00437417 -0.130331 0.000212686 -0.812914 3.35941 118.04 
1.27526 0.747485 79616 1 -0.845833 0.713462 98 0 1195 -0.00437417 -0.130331 0.000212686 -0.812914 3.35941 118.04 
1.39301 0.484582 79816 1 -0.845833 0.713462 99 0 1200 -0.00489911 -0.134562 0.00590411 -0.901111 3.28597 117.893 
0.897316 0.107632 79856 1 -0.845833 0.713462 100 1 1201 -0.00485401 -0.130946 0.00487137 -0.869577 3.2903 117.849 
0.896333 0.10465 79937 1 -0.845833 0.713462 101 1 1203 -0.00485374 -0.130929 0.00486588 -0.869755 3.29023 117.852 
0.896333 0.10465 79937 1 -0.845833 0.713462 102 1 1203 -0.00485374 -0.130929 0.00486588 -0.869755 3.29023 117.852 
0.877002 0.074084 79976 1 -0.845833 0.713462 103 1 1204 -0.00414543 -0.136484 0.00653299 -0.932504 3.27923 118.026 
1.69609 2.41277 80098 1 -0.845833 0.713462 104 0 1207 -0.00414543 -0.136484 0.00653299 -0.932504 3.27923 118.026 
1.90178 1.90576 80177 1 -0.845833 0.713462 105 0 1209 9.75713e-005 -0.140534 0.0019069 -0.954805 3.33523 118.183 
1.98566 0.605685 80337 1 -0.845833 0.713462 106 0 1213 -0.00210042 -0.132711 0.00616083 -0.885579 3.28641 118.04 
2.0021 0.555495 80377 1 -0.845833 0.713462 107 0 1214 -0.00253265 -0.131533 0.00718397 -0.878108 3.27907 118.013 
2.01924 0.46953 80497 1 -0.845833 0.713462 108 0 1217 -0.00383606 -0.129478 0.00439146 -0.877585 3.31263 117.939 
2.05486 0.454082 80578 1 -0.845833 0.713462 109 0 1219 -0.0046899 -0.12909 0.00410485 -0.887626 3.3116 117.839 
2.05486 0.454082 80578 1 -0.845833 0.713462 110 0 1219 -0.0046899 -0.12909 0.00410485 -0.887626 3.3116 117.839 
2.05486 0.454082 80578 1 -0.845833 0.713462 111 0 1219 -0.0046899 -0.12909 0.00410485 -0.887626 3.3116 117.839 
2.10541 0.44625 80777 1 -0.845833 0.713462 112 0 1224 -0.00473656 -0.128969 0.00397415 -0.882413 3.32109 117.827 
2.02978 0.255408 80818 1 -0.845833 0.713462 113 0 1225 -0.00379301 -0.125149 0.00526416 -0.846215 3.3095 117.939 
0.727811 -0.0529757 80898 1 -0.845833 0.713462 114 1 1227 -0.00204155 -0.135581 0.0103854 -0.955895 3.27706 118.254 
0.727811 -0.0529757 80898 1 -0.845833 0.713462 115 1 1227 -0.00204155 -0.135581 0.0103854 -0.955895 3.27706 118.254 
0.78477 -0.0447994 80938 1 -0.845833 0.713462 116 1 1228 -0.00265843 -0.135384 0.0101361 -0.947888 3.27765 118.126 
0.798536 -0.168716 81098 1 -0.845833 0.713462 117 1 1232 -0.00342448 -0.135398 0.00979386 -0.930983 3.28861 118.214 
0.882088 -0.0841535 81179 1 -0.845833 0.713462 118 1 1234 -0.00213059 -0.133522 0.00833447 -0.91113 3.30979 118.103 
0.830136 -0.0659908 81259 1 -0.845833 0.713462 119 1 1236 -0.00330428 -0.136387 0.0119257 -0.954031 3.28399 118.283 
0.819096 -0.0747438 81299 1 -0.845833 0.713462 120 1 1237 -0.00228103 -0.138871 0.0126634 -0.983164 3.28754 118.308 
0.820393 -0.08721 81379 1 -0.845833 0.713462 121 1 1239 -0.00223134 -0.138902 0.0128471 -0.982725 3.28938 118.277 
0.839471 -0.000366141 81461 1 -0.845833 0.713462 122 1 1241 -0.00232272 -0.137866 0.0114149 -0.965337 3.31176 118.284 
0.855288 0.00981478 81539 1 -0.845833 0.713462 123 1 1243 -0.00283733 -0.138353 0.0112212 -0.959872 3.31006 118.224 
0.88743 0.0186295 81580 1 -0.845833 0.713462 124 1 1244 -0.00395177 -0.134038 0.00672396 -0.912664 3.32907 118.095 
0.892314 0.0547187 81699 1 -0.845833 0.713462 125 1 1247 -0.00412067 -0.133595 0.00572021 -0.902992 3.3252 117.904 
1.02523 0.0917643 81739 1 -0.845833 0.713462 126 0 1248 -0.00404215 -0.133634 0.00547526 -0.902707 3.32258 117.862 
1.12719 0.122039 81820 1 -0.845833 0.713462 127 0 1250 -0.00284794 -0.135394 0.00686085 -0.922166 3.31087 117.868 
1.10005 0.0994678 81900 1 -0.845833 0.713462 128 0 1252 -0.00253818 -0.135065 0.00707523 -0.925309 3.31286 117.871 
1.07999 0.165509 81940 1 -0.845833 0.713462 129 0 1253 -0.00288754 -0.138966 0.00871009 -0.979121 3.29257 118.019 
1.11299 0.203218 82060 1 -0.845833 0.713462 130 0 1256 -0.0015675 -0.136616 0.00750774 -0.972943 3.29411 118.04 
1.1109 0.20411 82100 1 -0.845833 0.713462 131 0 1257 -0.00160984 -0.136599 0.00748142 -0.973155 3.29385 118.05 
1.1109 0.20411 82100 1 -0.845833 0.713462 132 0 1257 -0.00160984 -0.136599 0.00748142 -0.973155 3.29385 118.05 
1.60614 1.11078 82140 1 -0.845833 0.713462 133 0 1258 -0.000317101 -0.148231 0.00711116 -1.09781 3.30628 118.41 
1.25609 0.651682 82341 1 -0.845833 0.713462 134 0 1263 0.000895347 -0.148533 0.0123746 -1.14135 3.23601 118.51 
1.24154 0.584144 82420 1 -0.845833 0.713462 135 0 1265 0.00121504 -0.147752 0.0128132 -1.13415 3.22661 118.368 
1.24154 0.584144 82420 1 -0.845833 0.713462 136 0 1265 0.00121504 -0.147752 0.0128132 -1.13415 3.22661 118.368 
1.24154 0.584144 82420 1 -0.845833 0.713462 137 0 1265 0.00121504 -0.147752 0.0128132 -1.13415 3.22661 118.368 
1.18492 0.450065 82621 1 -0.845833 0.713462 138 0 1270 0.00167888 -0.147305 0.0121995 -1.10765 3.24738 118.403 
1.18964 0.462474 82702 1 -0.845833 0.713462 139 0 1272 0.00166476 -0.145964 0.0133861 -1.10233 3.22946 118.271 
1.18904 0.462289 82742 1 -0.845833 0.713462 140 0 1273 0.00159822 -0.145919 0.0133486 -1.10278 3.22911 118.282 
1.18904 0.462289 82742 1 -0.845833 0.713462 141 0 1273 0.00159822 -0.145919 0.0133486 -1.10278 3.22911 118.282 
1.18392 0.431686 82902 1 -0.845833 0.713462 142 0 1277 0.00102852 -0.145402 0.0134584 -1.11026 3.23204 118.384 
1.18373 0.432971 82942 1 -0.845833 0.713462 143 0 1278 0.00104267 -0.145406 0.0133871 -1.11024 3.23132 118.396 
1.1678 0.395089 83022 1 -0.845833 0.713462 144 0 1280 0.00191059 -0.147691 0.0129315 -1.13358 3.24288 118.374 
1.16715 0.397247 83062 1 -0.845833 0.713462 145 0 1281 0.00184885 -0.14765 0.0128865 -1.13401 3.24243 118.387 
1.16715 0.397247 83062 1 -0.845833 0.713462 146 0 1281 0.00184885 -0.14765 0.0128865 -1.13401 3.24243 118.387 
1.20854 0.441566 83262 1 -0.845833 0.713462 147 0 1286 0.0020233 -0.145624 0.0131361 -1.099 3.22909 118.361 
1.19013 0.43338 83343 1 -0.845833 0.713462 148 1 1288 0.00169843 -0.146963 0.014002 -1.11983 3.22809 118.597 
1.17935 0.472746 83383 1 -0.845833 0.713462 149 1 1289 0.00207918 -0.148428 0.0163957 -1.13931 3.19945 118.584 
1.17935 0.472746 83383 1 -0.845833 0.713462 150 1 1289 0.00207918 -0.148428 0.0163957 -1.13931 3.19945 118.584 
1.19166 0.427593 83543 1 -0.845833 0.713462 151 1 1293 0.0035604 -0.150172 0.0155086 -1.1313 3.23007 118.53 
1.18952 0.429931 83623 1 -0.845833 0.713462 152 1 1295 0.00352395 -0.150142 0.0154678 -1.13158 3.22966 118.541 
1.16864 0.421372 83703 1 -0.845833 0.713462 153 1 1297 0.00272358 -0.14985 0.0146331 -1.14222 3.2409 118.608 
1.14798 0.395707 83744 1 -0.845833 0.713462 154 1 1298 0.00288048 -0.148867 0.0140449 -1.14797 3.24772 118.645 
0.997724 0.484798 83824 1 -0.845833 0.713462 155 1 1300 0.00130235 -0.143809 0.0102426 -1.11863 3.29745 118.602 
0.86427 0.419844 83904 1 -0.845833 0.713462 156 1 1302 -0.00104557 -0.140622 0.00506251 -1.07971 3.35201 118.384 
0.869089 0.385519 83984 1 -0.845833 0.713462 157 1 1304 -0.00108028 -0.139198 0.00634943 -1.05914 3.35426 118.38 
0.8783 0.401295 84064 1 -0.845833 0.713462 158 1 1306 -0.000814076 -0.139686 0.0065453 -1.05363 3.34193 118.381 
0.900693 0.416433 84144 1 -0.845833 0.713462 159 1 1308 -0.00021326 -0.138408 0.00617246 -1.03325 3.33966 118.4 
0.963146 0.843139 84184 1 -0.845833 0.713462 160 1 1309 0.000379603 -0.143935 0.00628255 -1.08728 3.34434 118.469 
1.67519 2.50453 84225 1 -0.845833 0.713462 161 0 1310 0.000379603 -0.143935 0.00628255 -1.08728 3.34434 118.469 
1.69905 2.99219 84265 1 -0.845833 0.713462 162 0 1311 0.00337223 -0.152208 -0.00280802 -1.13868 3.43952 118.6 
0.948108 0.827787 84425 1 -0.845833 0.713462 163 1 1315 0.00156015 -0.142745 0.0080404 -1.05244 3.34004 118.521 
0.943902 0.558145 84505 1 -0.845833 0.713462 164 1 1317 0.000920081 -0.140604 0.0057377 -1.03775 3.35555 118.502 
0.921825 0.562071 84585 1 -0.845833 0.713462 165 1 1319 0.000770158 -0.142046 0.00723782 -1.04808 3.33122 118.459 
0.890417 0.54815 84666 1 -0.845833 0.713462 166 1 1321 0.000626465 -0.142191 0.00942601 -1.03989 3.30205 118.482 
0.867379 0.561403 84745 1 -0.845833 0.713462 167 1 1323 0.000709933 -0.141525 0.0100936 -1.03679 3.26856 118.434 
0.827955 0.631897 84826 1 -0.845833 0.713462 168 1 1325 0.00112688 -0.144663 0.0113431 -1.08621 3.2413 118.54 
0.82446 0.64301 84866 1 -0.845833 0.713462 169 1 1326 0.000871901 -0.146991 0.0105726 -1.11816 3.24832 118.539 
0.801855 0.590365 84946 1 -0.845833 0.713462 170 1 1328 0.00111283 -0.149176 0.0101049 -1.15253 3.27265 118.532 
0.837143 0.584528 85026 1 -0.845833 0.713462 171 1 1330 0.000658074 -0.147283 0.00910238 -1.1365 3.28725 118.49 
1.49381 1.55581 85066 1 -0.845833 0.713462 172 0 1331 0.000658074 -0.147283 0.00910238 -1.1365 3.28725 118.49 
1.71564 2.48635 85106 1 -0.845833 0.713462 173 0 1332 0.000711169 -0.150349 0.00609919 -1.16304 3.31516 118.551 
1.7691 1.24872 85267 1 -0.845833 0.713462 174 0 1336 -0.00135222 -0.147161 0.00447567 -1.15801 3.35739 118.406 
1.86359 1.16806 85347 1 -0.845833 0.713462 175 0 1338 -0.00244294 -0.141052 0.0031604 -1.12197 3.38029 118.199 
1.95656 1.20372 85426 1 -0.845833 0.713462 176 0 1340 -0.00419019 -0.136624 0.00342247 -1.05992 3.37831 118.064 
2.00488 1.16293 85507 1 -0.845833 0.713462 177 0 1342 -0.00525074 -0.136905 0.00291638 -1.05061 3.36317 117.918 
2.00488 1.16293 85507 1 -0.845833 0.713462 178 0 1342 -0.00525074 -0.136905 0.00291638 -1.05061 3.36317 117.918 
2.00066 1.12612 85547 1 -0.845833 0.713462 179 0 1343 -0.00558804 -0.136519 0.00196497 -1.03768 3.36317 117.898 
0.914607 0.621702 85708 1 -0.845833 0.713462 180 1 1347 -0.00163193 -0.127405 -0.00586616 -0.933974 3.44265 118.358 
0.95333 0.759837 85788 1 -0.845833 0.713462 181 1 1349 0.00180485 -0.126937 -0.00463982 -0.925377 3.44622 118.622 
0.960295 0.769648 85827 1 -0.845833 0.713462 182 1 1350 0.00123028 -0.127133 -0.00482768 -0.92395 3.44467 118.635 
0.960295 0.769648 85827 1 -0.845833 0.713462 183 1 1350 0.00123028 -0.127133 -0.00482768 -0.92395 3.44467 118.635 
0.787363 0.458846 86028 1 -0.845833 0.713462 184 1 1355 0.00195861 -0.1386 0.00325548 -1.05162 3.34027 118.799 
0.761814 0.475054 86068 1 -0.845833 0.713462 185 1 1356 0.00321982 -0.138077 0.00524893 -1.04341 3.32039 118.918 
0.576094 0.500842 86149 1 -0.845833 0.713462 186 1 1358 0.00265922 -0.134849 0.00306721 -1.00626 3.34697 118.845 
0.518564 0.506219 86228 1 -0.845833 0.713462 187 1 1360 0.0027127 -0.135323 0.00520115 -1.01266 3.31546 118.811 
0.523189 0.450681 86268 1 -0.845833 0.713462 188 1 1361 0.00313683 -0.134956 0.00385115 -1.01784 3.34448 118.923 
0.537588 0.394298 86348 1 -0.845833 0.713462 189 1 1363 0.00156191 -0.133394 0.000287906 -1.0069 3.39487 118.893 
0.7511 0.287316 86430 1 -0.845833 0.713462 190 1 1365 0.00156515 -0.13725 -0.00217412 -1.04713 3.4447 118.812 
0.829246 0.28593 86469 1 -0.845833 0.713462 191 1 1366 0.00200705 -0.138159 -0.00134055 -1.05612 3.44004 118.82 
0.827963 0.291509 86548 1 -0.845833 0.713462 192 1 1368 0.00157752 -0.137417 -0.00174622 -1.04029 3.43786 118.854 
0.8453 0.283139 86629 1 -0.845833 0.713462 193 1 1370 0.00286869 -0.136329 -0.00162905 -1.00647 3.44226 118.82 
0.822923 0.297427 86669 1 -0.845833 0.713462 194 1 1371 0.00264801 -0.136971 4.13313e-005 -1.0096 3.42379 118.889 
0.854647 0.325402 86752 1 -0.845833 0.713462 195 1 1373 0.0035896 -0.13709 0.0030339 -0.987752 3.39981 119.024 
0.890081 0.35666 86830 1 -0.845833 0.713462 196 1 1375 0.00438426 -0.134781 0.00388821 -0.955167 3.38557 119.097 
0.663426 0.310893 86910 1 -0.845833 0.713462 197 1 1377 0.00198023 -0.128759 0.00265643 -0.879626 3.40198 119.181 
0.568805 0.36413 86990 1 -0.845833 0.713462 198 1 1379 0.000929411 -0.124153 0.00522403 -0.841101 3.36327 119.167 
0.546844 0.342128 87029 1 -0.845833 0.713462 199 1 1380 -0.000637386 -0.121901 0.00271089 -0.812914 3.37844 119.148 
0.582723 0.352128 87110 1 -0.845833 0.713462 200 1 1382 -0.00261966 -0.112492 -0.00131641 -0.724477 3.38319 119.3 
0.604506 0.369836 87190 1 -0.845833 0.713462 201 1 1384 -0.00393721 -0.109203 -0.00222274 -0.687955 3.3796 119.707 
0.599759 0.386235 87231 1 -0.845833 0.713462 202 1 1385 -0.00437506 -0.111674 0.000163671 -0.72224 3.36192 119.889 
0.483091 0.467789 87310 1 -0.845833 0.713462 203 1 1387 -0.00590098 -0.112601 -0.00311621 -0.746292 3.37679 120.099 
0.468001 0.468193 87390 1 -0.845833 0.713462 204 0 1389 -0.00385162 -0.106912 -0.00630275 -0.688695 3.37579 120.166 
0.448846 0.495532 87470 1 -0.845833 0.713462 205 0 1391 -0.00232639 -0.111316 -0.00150584 -0.716965 3.31991 120.469 
0.408987 0.495809 87513 1 -0.845833 0.713462 206 0 1392 -0.00196799 -0.111677 -0.00132536 -0.71404 3.31583 120.593 
0.381333 0.587096 87591 1 -0.845833 0.713462 207 0 1394 -0.00314713 -0.111981 0.00732307 -0.70435 3.23222 120.745 
0.586344 0.44572 87670 1 -0.845833 0.713462 208 0 1396 -0.00314034 -0.111103 0.00482479 -0.70253 3.25577 120.859 
0.614328 0.441043 87751 1 -0.845833 0.713462 209 1 1398 -0.00309132 -0.112973 0.0112996 -0.724742 3.20619 120.774 
0.648891 0.354319 87831 1 -0.845833 0.713462 210 1 1400 -0.00201125 -0.111611 0.00416875 -0.69675 3.28059 120.886 
0.678043 0.319674 87871 1 -0.845833 0.713462 211 1 1401 -0.00163972 -0.110444 0.00529215 -0.68128 3.29008 120.914 
0.692293 0.28642 87952 1 -0.845833 0.713462 212 1 1403 -0.00158288 -0.105636 0.00166334 -0.637054 3.3426 120.783 
0.729372 0.389764 87992 1 -0.845833 0.713462 213 1 1404 -0.00234404 -0.101003 0.000411943 -0.592321 3.35038 120.583 
0.654004 0.425096 88071 1 -0.845833 0.713462 214 1 1406 -0.00301526 -0.11022 0.00447761 -0.6948 3.32803 120.032 
0.736538 0.387106 88152 1 -0.845833 0.713462 215 1 1408 -0.00481494 -0.09463 -0.00108372 -0.538274 3.39677 119.94 
0.487205 0.379293 88232 1 -0.845833 0.713462 216 1 1410 -0.00837043 -0.0893531 -0.00470699 -0.464747 3.44015 119.69 
0.360567 0.395303 88312 1 -0.845833 0.713462 217 0 1412 -0.00777443 -0.0958887 -0.00275633 -0.514597 3.43106 119.583 
0.389569 0.414618 88393 1 -0.845833 0.713462 218 0 1414 -0.00731619 -0.0930921 -0.00209533 -0.477316 3.43617 119.801 
0.277636 0.500139 88472 1 -0.845833 0.713462 219 0 1416 -0.00721156 -0.0998504 0.000638887 -0.545581 3.39801 119.737 
0.293567 0.482205 88552 1 -0.845833 0.713462 220 0 1418 -0.00841913 -0.0887445 0.000114805 -0.425242 3.42171 120.367 
0.29446 0.469778 88593 1 -0.845833 0.713462 221 0 1419 -0.00734025 -0.0889243 -0.00263706 -0.42438 3.45295 120.614 
0.322584 0.494951 88633 1 -0.845833 0.713462 222 0 1420 -0.00706665 -0.0876555 -0.000582869 -0.403203 3.42939 120.672 
0.322584 0.494951 88633 1 -0.845833 0.713462 223 0 1420 -0.00706665 -0.0876555 -0.000582869 -0.403203 3.42939 120.672 
0.340422 0.542968 88792 1 -0.845833 0.713462 224 0 1424 -0.00633073 -0.0877077 -0.00139659 -0.405985 3.42185 120.711 
0.622229 0.894514 88873 1 -0.845833 0.713462 225 0 1426 -0.00589911 -0.0875886 -0.0131363 -0.409455 3.52813 120.467 
0.607797 0.906579 88953 1 -0.845833 0.713462 226 0 1428 -0.00543596 -0.0883725 -0.0131927 -0.429056 3.53172 120.386 
0.607797 0.906579 88953 1 -0.845833 0.713462 227 0 1428 -0.00543596 -0.0883725 -0.0131927 -0.429056 3.53172 120.386 
0.607797 0.906579 88953 1 -0.845833 0.713462 228 0 1428 -0.00543596 -0.0883725 -0.0131927 -0.429056 3.53172 120.386 
0.805645 0.982231 89154 1 -0.845833 0.713462 229 1 1433 -0.00520976 -0.089259 -0.0127338 -0.454845 3.49444 120.371 
0.80989 1.00245 89234 1 -0.845833 0.713462 230 1 1435 -0.00376819 -0.0926141 -0.011078 -0.486397 3.47819 120.4 
1.11591 1.06228 89274 1 -0.845833 0.713462 231 1 1436 -0.00193698 -0.0970703 -0.011375 -0.528322 3.49263 120.5 
1.11591 1.06228 89274 1 -0.845833 0.713462 232 1 1436 -0.00193698 -0.0970703 -0.011375 -0.528322 3.49263 120.5 
1.1667 1.10954 89435 1 -0.845833 0.713462 233 1 1440 -0.000450511 -0.101591 -0.0120283 -0.553133 3.50597 120.475 
1.10528 1.08712 89515 1 -0.845833 0.713462 234 1 1442 -0.00188853 -0.101774 -0.0137911 -0.553352 3.51571 120.327 
1.07483 1.09518 89594 1 -0.845833 0.713462 235 1 1444 -0.00107415 -0.104298 -0.0106675 -0.566911 3.49255 120.326 
1.05483 1.12217 89675 1 -0.845833 0.713462 236 1 1446 -0.00110282 -0.10608 -0.00985592 -0.596163 3.47783 120.2 
1.08218 1.15742 89755 1 -0.845833 0.713462 237 1 1448 -0.000261452 -0.104003 -0.00981303 -0.587171 3.47943 120.271 
1.06804 1.24786 89836 1 -0.845833 0.713462 238 0 1450 0.00129384 -0.106935 -0.0126498 -0.638396 3.50787 120.297 
1.06579 1.27169 89875 1 -0.845833 0.713462 239 0 1451 0.00153288 -0.107205 -0.0117073 -0.642732 3.5 120.334 
1.02209 1.31115 89955 1 -0.845833 0.713462 240 0 1453 0.0020663 -0.11573 -0.0101301 -0.7233 3.49506 120.174 
1.05199 1.30861 90035 1 -0.845833 0.713462 241 0 1455 0.00203821 -0.109089 -0.0126356 -0.654831 3.50877 120.169 
1.16728 1.35871 90116 1 -0.841667 0.713462 242 0 1457 0.00301895 -0.117444 -0.00744186 -0.743205 3.45672 120.278 
1.17287 1.39737 90196 1 -0.822917 0.713462 243 0 1459 0.00376725 -0.122472 -0.00547474 -0.790698 3.42438 120.443 
1.17287 1.39737 90196 1 -0.807813 0.711538 244 0 1459 0.00376725 -0.122472 -0.00547474 -0.790698 3.42438 120.443 
1.17254 1.37463 90236 1 -0.803125 0.711538 245 0 1460 0.0047139 -0.123302 -0.00374193 -0.793163 3.41497 120.52 
1.06773 1.3705 90397 1 -0.803125 0.711538 246 0 1464 0.00522031 -0.120707 -0.00634603 -0.757014 3.43707 120.539 
1.21037 0.93866 90476 1 -0.802604 0.711538 247 0 1466 0.0028519 -0.112225 -0.00198128 -0.670073 3.3943 120.842 
1.15306 0.774567 90516 1 -0.802604 0.711538 248 1 1467 0.00210467 -0.107244 0.000489074 -0.623334 3.36202 120.866 
1.07566 0.62505 90637 1 -0.802604 0.711538 249 1 1470 0.00263295 -0.11164 0.000670522 -0.66876 3.38962 120.869 
1.08722 0.598916 90716 1 -0.802083 0.711538 250 1 1472 0.00161841 -0.10897 0.000541939 -0.633472 3.39145 120.757 
1.01751 0.598117 90799 1 -0.802083 0.711538 251 1 1474 0.0025951 -0.115925 0.00168355 -0.719398 3.38975 120.551 
1.08544 0.546294 90837 1 -0.802083 0.711538 252 1 1475 0.00115065 -0.108597 -4.24536e-006 -0.644812 3.40992 120.656 
1.08544 0.546294 90837 1 -0.802083 0.711538 253 1 1475 0.00115065 -0.108597 -4.24536e-006 -0.644812 3.40992 120.656 
1.09509 0.296888 90998 1 -0.802083 0.711538 254 1 1479 0.00176638 -0.106595 -0.00064151 -0.622682 3.47239 120.545 
1.13928 0.084293 91077 1 -0.802083 0.711538 255 1 1481 -0.000650987 -0.105987 -0.0032276 -0.612923 3.50163 120.234 
1.1657 0.0663975 91117 1 -0.802083 0.711538 256 1 1482 -0.00126994 -0.101977 -0.00265045 -0.56879 3.50135 120.149 
1.15408 0.031646 91198 1 -0.802083 0.711538 257 1 1484 -0.00184937 -0.101839 -0.00419178 -0.568592 3.51819 119.999 
1.07401 0.0260666 91278 1 -0.802083 0.711538 258 1 1486 -0.00325012 -0.100835 -0.00561807 -0.560627 3.53652 119.957 
1.04746 0.00777461 91318 1 -0.802083 0.711538 259 1 1487 -0.00391383 -0.0992192 -0.00657532 -0.554405 3.53871 119.933 
1.15102 -0.0403703 91399 1 -0.802083 0.711538 260 1 1489 -0.00363845 -0.0986456 -0.00493494 -0.553905 3.53177 119.985 
1.37042 -0.0264134 91478 1 -0.802083 0.711538 261 0 1491 -0.00356559 -0.10248 -0.00385121 -0.593659 3.52552 120.093 
1.3761 -0.0476227 91518 1 -0.802083 0.711538 262 0 1492 -0.0031419 -0.10196 -0.00633561 -0.587743 3.54282 120.138 
1.37993 -0.0108558 91598 1 -0.802083 0.711538 263 0 1494 -0.00226579 -0.100451 -0.00550696 -0.577363 3.51942 120.104 
1.28774 0.0236132 91679 1 -0.802083 0.711538 264 0 1496 -0.00177676 -0.112148 -0.00222883 -0.705226 3.48406 120.158 
1.40901 0.147973 91759 1 -0.802083 0.711538 265 0 1498 -0.000376851 -0.113902 -0.00256934 -0.735212 3.48417 120.203 
1.3507 0.187697 91799 1 -0.802083 0.711538 266 0 1499 -9.35792e-005 -0.121827 -0.000593845 -0.821587 3.4584 120.047 
1.3507 0.187697 91799 1 -0.802083 0.711538 267 0 1499 -9.35792e-005 -0.121827 -0.000593845 -0.821587 3.4584 120.047 
1.31225 0.225216 91959 1 -0.802083 0.711538 268 0 1503 -7.03312e-005 -0.124872 -0.000575262 -0.861054 3.45525 120.043 
1.33814 0.258172 92040 1 -0.802083 0.711538 269 0 1505 -0.000133694 -0.121532 -0.00047784 -0.835729 3.43615 120.027 
1.51715 0.378295 92080 1 -0.802083 0.711538 270 0 1506 0.00108239 -0.11603 -0.00152221 -0.773851 3.45652 120.227 
1.77231 0.541999 92120 1 -0.802083 0.711538 271 0 1507 0.000982603 -0.126299 -0.000544942 -0.876639 3.45503 120.3 
1.77231 0.541999 92120 1 -0.802083 0.711538 272 0 1507 0.000982603 -0.126299 -0.000544942 -0.876639 3.45503 120.3 
1.87461 0.797407 92320 1 -0.802083 0.711538 273 0 1512 0.000434784 -0.128344 0.0063196 -0.902486 3.37264 120.085 
1.89295 0.834504 92400 1 -0.802083 0.711538 274 0 1514 0.000446316 -0.128818 0.00708356 -0.907547 3.37463 120.237 
1.66981 0.828723 92440 1 -0.802083 0.711538 275 0 1515 0.000878613 -0.124392 0.00511072 -0.858223 3.39584 120.236 
1.66981 0.828723 92440 1 -0.802083 0.711538 276 0 1515 0.000878613 -0.124392 0.00511072 -0.858223 3.39584 120.236 
1.22768 0.656776 92600 1 -0.802083 0.711538 277 0 1519 0.000264289 -0.109661 0.000323771 -0.691658 3.44415 119.952 
1.14673 0.354085 92681 1 -0.802083 0.711538 278 1 1521 -0.00200339 -0.101954 -0.000641229 -0.618402 3.43448 119.697 
1.01744 0.242606 92721 1 -0.802083 0.710577 279 1 1522 -0.00211886 -0.111005 0.00351701 -0.711069 3.3893 119.564 
1.01645 0.24189 92761 1 -0.802083 0.710577 280 1 1523 -0.0020381 -0.110968 0.00352648 -0.71146 3.38937 119.563 
1.01645 0.24189 92761 1 -0.802083 0.710577 281 1 1523 -0.0020381 -0.110968 0.00352648 -0.71146 3.38937 119.563 
2.27577 1.94437 92961 1 -0.801562 0.710577 282 0 1528 -0.00158498 -0.106971 0.00157122 -0.65271 3.42162 119.615 
0.35076 2.2976 93001 1 -0.798958 0.707692 283 0 1529 0.00101411 -0.12427 -0.00265008 -0.835142 3.46647 119.638 
1.94499 1.7389 93081 1 -0.799479 0.707692 284 0 1531 0.00139008 -0.125778 0.00130972 -0.867108 3.4346 119.629 
0.986645 0.603968 93162 1 -0.8 0.706731 285 1 1533 0.000451884 -0.117928 0.00196273 -0.775832 3.43021 119.453 
1.00327 0.496188 93242 1 -0.8 0.706731 286 1 1535 2.31117e-005 -0.114603 0.00503179 -0.726391 3.41235 119.337 
0.972098 0.435025 93282 1 -0.8 0.706731 287 1 1536 -0.000959479 -0.119236 0.00430767 -0.767267 3.4313 119.313 
0.887228 0.336417 93361 1 -0.795833 0.706731 288 1 1538 -0.00136925 -0.113004 0.000144848 -0.697709 3.486 119.095 
0.91541 0.283974 93442 1 -0.7875 0.708654 289 1 1540 -0.00500463 -0.104569 0.0011116 -0.608481 3.49081 119.123 
0.872805 0.263079 93522 1 -0.786979 0.708654 290 1 1542 -0.00613031 -0.108003 0.00205399 -0.634042 3.49358 118.912 
0.868037 0.328832 93603 1 -0.786979 0.708654 291 1 1544 -0.00619716 -0.11181 0.00306955 -0.651711 3.50811 118.87 
0.906083 0.327888 93682 1 -0.786979 0.708654 292 1 1546 -0.00612228 -0.109003 0.00332618 -0.593013 3.52247 118.935 
0.858553 0.365993 93725 1 -0.786979 0.708654 293 1 1547 -0.00606566 -0.113907 0.00577151 -0.629614 3.50096 118.867 
0.90859 0.308707 93803 1 -0.786979 0.708654 294 1 1549 -0.0048552 -0.107091 0.00266393 -0.553615 3.54596 118.85 
0.903439 0.303924 93883 1 -0.786979 0.708654 295 1 1551 -0.00529973 -0.106927 0.00225356 -0.546616 3.557 118.764 
0.898135 0.338941 93964 1 -0.786979 0.708654 296 1 1553 -0.00508302 -0.109994 6.18396e-005 -0.612438 3.57278 118.647 
0.901867 0.444366 94042 1 -0.786979 0.708654 297 1 1555 -0.00508039 -0.11453 0.000446753 -0.699808 3.5539 118.58 
0.918951 0.434071 94123 1 -0.786979 0.708654 298 1 1557 -0.00485677 -0.111196 -0.000965654 -0.682025 3.56258 118.55 
0.91213 0.486475 94203 1 -0.786979 0.708654 299 1 1559 -0.00433999 -0.115893 0.000132685 -0.717419 3.54213 118.44 
0.927992 0.470273 94284 1 -0.785937 0.708654 300 1 1561 -0.00389741 -0.119247 0.00381021 -0.729923 3.51438 118.582 
0.965935 0.499605 94364 1 -0.781771 0.704808 301 1 1563 -0.00336809 -0.118675 0.00528623 -0.696813 3.4952 118.644 
0.961148 0.503102 94443 1 -0.781771 0.705769 302 1 1565 -0.00179564 -0.119422 0.00296933 -0.705635 3.50846 118.667 
0.975919 0.540672 94484 1 -0.786979 0.717308 303 1 1566 -0.00159648 -0.117488 0.00165933 -0.684866 3.5074 118.614 
0.948106 0.532422 94564 1 -0.809375 0.717308 304 1 1568 -0.000507698 -0.117375 -0.000764267 -0.69379 3.50538 118.586 
0.954114 0.569309 94644 1 -0.820833 0.717308 305 1 1570 -0.000357511 -0.119829 -0.000295936 -0.709727 3.49233 118.632 
0.968233 0.598788 94684 1 -0.821875 0.717308 306 1 1571 -8.18428e-005 -0.120116 0.000554578 -0.706304 3.47879 118.7 
0.968233 0.598788 94765 1 -0.822396 0.717308 307 1 1573 -8.18428e-005 -0.120116 0.000554578 -0.706304 3.47879 118.7 
1.84528 2.29761 94844 1 -0.822396 0.717308 308 0 1575 0.00062015 -0.122883 -0.00050326 -0.739129 3.49006 118.761 
-0.432743 3.00752 94884 1 -0.816146 0.717308 309 0 1576 0.00402474 -0.131596 -0.00696108 -0.810374 3.58023 119.11 
2.03631 1.67169 94965 1 -0.797396 0.717308 310 0 1578 0.00533007 -0.127318 -0.00502904 -0.752159 3.59168 119.107 
0.847045 0.634449 95046 1 -0.796354 0.717308 311 1 1580 0.0028724 -0.123724 0.000221611 -0.699215 3.53077 118.706 
0.833534 0.61038 95085 1 -0.796354 0.717308 312 1 1581 0.00193965 -0.123078 0.00168328 -0.686566 3.51543 118.708 
0.843111 0.554876 95165 1 -0.796354 0.717308 313 1 1583 0.00186745 -0.122627 0.00109398 -0.676994 3.53584 118.785 
0.601425 0.405766 95245 1 -0.796354 0.717308 314 1 1585 -0.000600162 -0.118314 0.00372364 -0.637623 3.51881 118.586 
0.600683 0.386161 95325 1 -0.796354 0.717308 315 1 1587 -0.000756524 -0.118424 0.00382062 -0.636393 3.5198 118.562 
0.521515 0.271624 95406 1 -0.796354 0.717308 316 1 1589 -0.00079067 -0.112579 0.00257159 -0.571852 3.55172 118.519 
0.522112 0.270013 95446 1 -0.796354 0.717308 317 1 1590 -0.000891159 -0.112611 0.00259554 -0.571551 3.55197 118.513 
0.547132 0.225876 95526 1 -0.796354 0.717308 318 1 1592 -0.00331619 -0.112437 0.0016212 -0.558564 3.5486 118.346 
0.548392 0.224829 95565 1 -0.796354 0.717308 319 1 1593 -0.00335063 -0.112555 0.00164997 -0.557383 3.54888 118.332 
0.527335 0.227515 95646 1 -0.796354 0.717308 320 1 1595 -0.00416614 -0.114029 0.00202094 -0.555151 3.54397 118.3 
0.531323 0.193801 95729 1 -0.796354 0.717308 321 1 1597 -0.00399357 -0.115421 0.00169947 -0.542544 3.55748 118.314 
0.569787 0.258288 95807 1 -0.796354 0.717308 322 1 1599 -0.00368806 -0.11618 0.000458822 -0.537067 3.56355 118.238 
0.586929 0.277491 95847 1 -0.796354 0.717308 323 1 1600 -0.00399564 -0.115305 0.000344216 -0.517952 3.56896 118.231 
0.608195 0.263022 95887 1 -0.796354 0.717308 324 1 1601 -0.00412934 -0.116522 0.000972066 -0.515873 3.56884 118.265 
0.600195 0.253854 95926 1 -0.796354 0.717308 325 1 1602 -0.00375677 -0.115246 -1.44705e-006 -0.489937 3.57274 118.194 
0.577446 0.262405 96087 1 -0.796354 0.717308 326 1 1606 -0.00387844 -0.116021 -0.000271215 -0.457415 3.57133 118.166 
0.581558 0.265502 96167 1 -0.796354 0.717308 327 1 1608 -0.00392807 -0.116145 -0.000322386 -0.456108 3.57083 118.164 
0.537813 0.199159 96247 1 -0.796354 0.717308 328 1 1610 -0.00490061 -0.112688 0.000836762 -0.430353 3.54441 118.009 
0.531137 0.164467 96327 1 -0.796354 0.717308 329 1 1612 -0.00450841 -0.113854 0.000927852 -0.435815 3.55131 118.025 
0.546244 0.16872 96407 1 -0.796354 0.717308 330 1 1614 -0.00434101 -0.113066 0.00177793 -0.419469 3.54182 118.034 
0.533534 0.139522 96448 1 -0.796354 0.717308 331 1 1615 -0.00478597 -0.113221 0.00140702 -0.406078 3.54385 118.034 
0.479067 0.0904561 96528 1 -0.796354 0.717308 332 0 1617 -0.00530085 -0.114049 0.000527321 -0.393805 3.54989 117.987 
-0.0335942 2.93672 96608 1 -0.796354 0.717308 333 0 1619 -0.0045446 -0.116887 -0.00445932 -0.428626 3.59678 117.948 
-0.23815 2.81976 96649 1 -0.796354 0.717308 334 0 1620 -0.00404922 -0.121733 -0.0111416 -0.476746 3.65187 118.037 
1.40379 1.28628 96688 1 -0.796354 0.717308 335 0 1621 -0.00402184 -0.118025 -0.0104431 -0.46457 3.6297 117.915 
0.670001 0.281292 96808 1 -0.796354 0.717308 336 1 1624 -0.00476604 -0.110506 -0.00353073 -0.398071 3.55562 117.948 
0.532962 0.203595 96889 1 -0.796354 0.717308 337 1 1626 -0.00479257 -0.111084 -0.00249446 -0.412902 3.54713 117.958 
0.541005 0.145181 96929 1 -0.796354 0.717308 338 1 1627 -0.00398864 -0.110935 -0.00185673 -0.415754 3.5522 117.981 
0.519456 0.120708 97009 1 -0.796354 0.717308 339 1 1629 -0.00394731 -0.114056 0.00109596 -0.440279 3.55056 118.102 
0.537469 0.101877 97088 1 -0.796354 0.717308 340 1 1631 -0.0034109 -0.11373 0.00252745 -0.42574 3.55381 118.127 
0.510003 0.111454 97169 1 -0.796354 0.717308 341 1 1633 -0.00504141 -0.111982 0.000806613 -0.419764 3.56594 118.121 
0.492869 0.128109 97249 1 -0.796354 0.717308 342 1 1635 -0.00677236 -0.112719 -0.00083003 -0.469838 3.55798 118.06 
0.342697 0.254126 97330 1 -0.796354 0.717308 343 1 1637 -0.00695131 -0.114321 -0.00049704 -0.512112 3.55592 118.164 
0.339717 0.264125 97370 1 -0.796354 0.717308 344 1 1638 -0.00683312 -0.114293 -0.000535791 -0.512386 3.55552 118.168 
0.373729 0.374043 97449 1 -0.796354 0.717308 345 1 1640 -0.00570408 -0.112691 0.000244041 -0.487343 3.54714 118.114 
0.333369 0.371311 97529 1 -0.796354 0.717308 346 0 1642 -0.00381977 -0.113532 0.00169062 -0.486501 3.53396 118.095 
0.34442 0.368707 97570 1 -0.796354 0.717308 347 1 1643 -0.00381068 -0.112331 0.00214943 -0.471197 3.5318 118.148 
0.492608 0.514323 97653 1 -0.796354 0.717308 348 1 1645 -0.00295432 -0.114733 -7.58574e-005 -0.494272 3.56694 118.211 
0.580463 0.599977 97730 1 -0.796354 0.717308 349 1 1647 -0.00285245 -0.114137 -0.000478448 -0.496486 3.58016 118.223 
0.584856 0.597559 97810 1 -0.796354 0.717308 350 1 1649 -0.00307676 -0.114186 -0.000327797 -0.496035 3.58176 118.207 
0.525335 0.801133 97890 1 -0.796354 0.717308 351 1 1651 -0.00860335 -0.117539 -0.00608667 -0.521331 3.59181 118.177 
0.539358 0.915755 97971 1 -0.796354 0.717308 352 1 1653 -0.00700955 -0.118623 -0.00762901 -0.535568 3.58704 118.289 
0.527764 0.947388 98051 1 -0.796354 0.717308 353 1 1655 -0.00631518 -0.120124 -0.00921939 -0.545264 3.59279 118.386 
0.518224 0.961336 98131 1 -0.796354 0.717308 354 1 1657 -0.00401331 -0.121545 -0.00934277 -0.551023 3.58937 118.353 
0.557283 0.983317 98170 1 -0.796354 0.717308 355 1 1658 -0.00420841 -0.120763 -0.00799683 -0.531206 3.58442 118.408 
0.276369 4.92252 98291 1 -0.796354 0.717308 356 0 1661 7.47486e-005 -0.132287 -0.0186185 -0.62049 3.72783 118.85 
-0.0992142 4.17504 98334 1 -0.796354 0.717308 357 0 1662 0.000279431 -0.13177 -0.0213169 -0.619571 3.75195 118.815 
0.843052 1.6243 98412 1 -0.796354 0.717308 358 0 1664 -0.00173756 -0.128864 -0.00480859 -0.59657 3.6038 118.685 
0.907116 1.30768 98492 1 -0.796354 0.717308 359 0 1666 -0.000407194 -0.127002 -0.00461919 -0.559047 3.61958 118.578 
1.16041 1.0975 98571 1 -0.796354 0.717308 360 0 1668 -0.00141115 -0.124099 -0.0075174 -0.505177 3.64462 118.096 
1.28368 0.787265 98611 1 -0.796354 0.717308 361 0 1669 -0.00267739 -0.121466 -0.00803098 -0.472479 3.64987 117.833 
1.28368 0.787265 98611 1 -0.796354 0.717308 362 0 1669 -0.00267739 -0.121466 -0.00803098 -0.472479 3.64987 117.833 
0.611958 0.43884 98812 1 -0.796354 0.717308 363 1 1674 -0.00447802 -0.122087 -0.00867561 -0.473839 3.65914 117.724 
0.442036 0.384486 98893 1 -0.796354 0.717308 364 1 1676 -0.00441848 -0.117887 -0.0104646 -0.414419 3.68092 117.774 
0.389309 0.341404 98972 1 -0.796354 0.717308 365 1 1678 -0.00497449 -0.11819 -0.00969064 -0.406201 3.6886 117.928 
0.39885 0.343169 99012 1 -0.796354 0.717308 366 1 1679 -0.00496538 -0.118428 -0.00970647 -0.403211 3.68797 117.911 
0.377588 0.346536 99093 1 -0.796354 0.717308 367 1 1681 -0.00460594 -0.118106 -0.00904961 -0.394618 3.68604 117.942 
0.510683 0.296429 99173 1 -0.796354 0.717308 368 1 1683 -0.00378852 -0.122279 -0.00577507 -0.423158 3.69548 118.18 
0.5198 0.272761 99213 1 -0.796354 0.717308 369 1 1684 -0.00300894 -0.123286 -0.00541742 -0.429492 3.70787 118.247 
0.55272 0.293646 99294 1 -0.796354 0.717308 370 1 1686 -0.00344254 -0.123268 -1.40232e-005 -0.430673 3.67474 118.275 
0.750164 0.196281 99373 1 -0.796354 0.717308 371 1 1688 -0.00479525 -0.126753 0.00822364 -0.469149 3.59455 117.637 
0.832097 0.0629794 99413 1 -0.796354 0.717308 372 1 1689 -0.00673355 -0.123237 -0.000420252 -0.43637 3.68086 117.14 
0.82273 -0.140063 99534 1 -0.796354 0.717308 373 1 1692 -0.0110891 -0.118831 -0.00661633 -0.40104 3.73538 116.707 
0.845185 -0.13951 99574 1 -0.796354 0.717308 374 1 1693 -0.011722 -0.114469 -0.00636567 -0.349706 3.7295 116.711 
0.816968 -0.0451372 99654 1 -0.796354 0.717308 375 1 1695 -0.00612347 -0.120492 0.00492224 -0.411856 3.59788 117.335 
0.813513 0.037123 99734 1 -0.796354 0.717308 376 1 1697 -0.00110455 -0.127379 0.0132227 -0.478404 3.49957 117.419 
0.831828 0.0631417 99776 1 -0.796354 0.717308 377 1 1698 -0.000703663 -0.126513 0.0131192 -0.467708 3.50499 117.461 
0.819014 0.72452 99857 1 -0.796354 0.717308 378 1 1700 0.0017543 -0.130781 0.0126971 -0.493137 3.52755 118.064 
0.970872 1.31201 99934 1 -0.796354 0.717308 379 0 1702 0.00703339 -0.138461 0.00792761 -0.556233 3.60606 118.783 
1.00561 1.3017 100015 1 -0.796354 0.717308 380 0 1704 0.0079115 -0.138313 0.00547717 -0.556225 3.63921 119.261 
1.00155 1.30618 100054 1 -0.796354 0.717308 381 0 1705 0.00736175 -0.137604 0.00555821 -0.55106 3.63777 119.437 
0.908762 1.3298 100135 1 -0.799479 0.717308 382 0 1707 0.00734949 -0.137242 0.00536157 -0.544286 3.6319 119.368 
0.553178 1.21126 100215 1 -0.801562 0.718269 383 0 1709 0.00371346 -0.130014 0.0037056 -0.481389 3.64193 119.189 
0.557001 1.15397 100295 1 -0.801562 0.718269 384 1 1711 0.00259297 -0.126879 -0.00140721 -0.462228 3.66997 118.928 
0.545616 1.13288 100375 1 -0.801562 0.718269 385 1 1713 0.00198891 -0.127496 -0.0028359 -0.469987 3.68125 118.712 
0.529098 1.07556 100455 1 -0.801562 0.718269 386 1 1715 0.00172707 -0.124556 -0.00336872 -0.43219 3.68905 118.611 
0.200022 0.462966 100535 1 -0.801562 0.718269 387 0 1717 -0.00264373 -0.120412 -0.00239048 -0.391501 3.66988 118.365 
0.00127345 0.406815 100616 1 -0.798438 0.718269 388 0 1719 -0.00248817 -0.11985 -0.000555937 -0.382351 3.66034 118.407 
0.00484746 0.382524 100656 1 -0.797917 0.718269 389 0 1720 -0.00349954 -0.120257 0.00133553 -0.385846 3.65104 118.429 
0.0192608 0.335885 100736 1 -0.807813 0.717308 390 0 1722 -0.00456739 -0.12108 -0.000890578 -0.382146 3.68053 118.552 
0.0322328 0.30744 100816 1 -0.836979 0.719231 391 0 1724 -0.00452608 -0.121612 -0.000686161 -0.376665 3.68272 118.525 
0.499549 0.216427 100896 1 -0.848437 0.736538 392 1 1726 -0.00374341 -0.120407 0.00399875 -0.379028 3.63718 118.382 
0.811734 0.123944 100936 1 -0.814063 0.749038 393 1 1727 -0.00325022 -0.123778 0.00882235 -0.424136 3.58741 118.409 
0.799518 0.02453 101017 1 -0.557813 0.791346 394 1 1729 -0.00377452 -0.121436 0.00605534 -0.416353 3.60426 118.495 
0.823134 -0.0864092 101097 1 -0.180729 0.791346 395 1 1731 -0.00240747 -0.119719 0.00478464 -0.427625 3.61484 118.379 
0.872577 -0.132178 101176 1 0.0015625 0.719231 396 1 1733 -0.0018303 -0.120734 0.0060662 -0.44156 3.60003 118.388 
0.937398 -0.173481 101257 1 0.217708 0.540385 397 1 1735 -0.00232769 -0.120703 0.00412537 -0.430531 3.61821 118.543 
0.92119 -0.126793 101337 1 0.266146 0.428846 398 1 1737 -0.00119367 -0.124055 0.00714229 -0.470277 3.59522 118.446 
1.71588 1.9736 101419 1 0.282292 0.363462 399 0 1739 -0.00105869 -0.123035 0.00553936 -0.463134 3.61013 118.47 
2.62789 1.5539 101497 1 0.280729 0.356731 400 0 1741 -0.000499333 -0.130736 -0.000385414 -0.517194 3.66908 118.768 
0.97904 -0.0671309 101577 1 0.291667 0.299038 401 1 1743 -0.000705353 -0.124168 0.00190524 -0.458431 3.63767 118.65 
0.947423 -0.170201 101617 1 0.315104 0.175962 402 1 1744 -0.000771171 -0.122955 0.00514057 -0.453764 3.60162 118.528 
0.940683 -0.205188 101739 1 0.320833 0.0153846 403 0 1747 -0.000833036 -0.122606 0.00514769 -0.457189 3.60159 118.541 
0.940683 -0.205188 101739 1 0.285938 0 404 0 1747 -0.000833036 -0.122606 0.00514769 -0.457189 3.60159 118.541 
1.03006 0.182505 102059 1 0.216146 0 405 1 1755 0.00399244 -0.128164 0.010522 -0.462008 3.62738 119.281 
1.044 0.175635 102139 1 0.160417 0.00384615 406 1 1757 0.00392427 -0.128626 0.0105632 -0.457259 3.62833 119.305 
1.05637 0.217842 102259 1 0.148438 0.00769231 407 1 1760 0.00462209 -0.129266 0.0108315 -0.446762 3.63446 119.408 
-0.430939 4.20621 102382 1 0.135417 0.00769231 408 0 1763 0.00543078 -0.147037 0.00405275 -0.633583 3.70151 119.64 
1.93548 1.52381 102460 1 0.134896 0.00384615 409 0 1765 0.002328 -0.144968 0.0095836 -0.639302 3.63762 119.332 
0.83067 0.277044 102540 1 0.123958 0.00480769 410 1 1767 -0.00107847 -0.137948 0.0125409 -0.582533 3.60029 118.976 
0.676603 0.422416 102619 1 0.11875 0.00673077 411 1 1769 -0.00381883 -0.13318 0.0110534 -0.54528 3.61451 118.679 
0.676603 0.422416 102659 1 0.113542 0.00961538 412 1 1770 -0.00381883 -0.13318 0.0110534 -0.54528 3.61451 118.679 
0.703996 0.363351 102740 1 0.1125 0.00961538 413 1 1772 -0.00491718 -0.130355 0.00766565 -0.535404 3.63262 118.656 
0.700128 0.397445 102820 1 0.110417 0.00961538 414 1 1774 -0.00533532 -0.131807 0.00998251 -0.556296 3.6119 118.484 
0.894292 0.402943 102899 1 0.108854 0.00961538 415 1 1776 -0.00509281 -0.135638 0.0119704 -0.58521 3.62281 118.747 
0.894234 0.351134 103021 1 0.108333 0.00961538 416 1 1779 -0.00500086 -0.141102 0.0147714 -0.631106 3.56823 118.368 
0.909259 0.3776 103101 1 0.133333 0.0442308 417 1 1781 -0.00287835 -0.135211 0.00687748 -0.559677 3.62822 118.419 
0.903231 0.440709 103181 1 0.20625 0.152885 418 1 1783 -0.00135016 -0.134678 0.0094862 -0.570369 3.6027 118.469 
0.799153 0.486275 103260 1 0.248958 0.224038 419 1 1785 -0.0027093 -0.132068 0.00789872 -0.562021 3.61992 118.503 
0.647386 0.456761 103300 1 0.263542 0.263462 420 1 1786 -0.00363766 -0.131303 0.00834816 -0.55827 3.62068 118.46 
0.758149 0.741782 103381 1 0.264062 0.276923 421 1 1788 -0.00208209 -0.134969 0.00550846 -0.613106 3.66344 118.577 
1.76972 2.19295 103461 1 0.261979 0.291346 422 0 1790 -0.00199004 -0.139594 -0.00326393 -0.657694 3.75608 119.043 
1.15917 0.931311 103542 1 0.261979 0.299038 423 0 1792 -0.00143592 -0.133853 0.00781936 -0.604631 3.62786 118.78 
1.29498 0.47564 103622 1 0.261979 0.3 424 0 1794 -0.00235218 -0.129222 0.00631231 -0.54918 3.61924 118.529 
1.28954 0.452572 103701 1 0.261979 0.3 425 0 1796 -0.00198112 -0.131658 0.00706448 -0.582979 3.60767 118.726 
1.25322 0.449967 103741 1 0.263021 0.301923 426 0 1797 -0.00178366 -0.131519 0.00865087 -0.585651 3.5934 118.844 
1.2097 0.428021 103782 1 0.264062 0.301923 427 0 1798 -0.00234453 -0.131844 0.0104009 -0.594631 3.57433 118.99 
1.2097 0.428021 103782 1 0.265625 0.304808 428 0 1798 -0.00234453 -0.131844 0.0104009 -0.594631 3.57433 118.99 
1.21292 0.382426 103942 1 0.268229 0.307692 429 0 1802 0.000406763 -0.137221 0.0141409 -0.629213 3.56763 119.202 
