ImageFile:
0.954545 0.0581493 91550 1 0.190104 0.306731 1 1 1492 -0.104799 0.0465106 0.0756322 -4.83584 10.9321 151.559 
0.940547 0.0681647 91671 1 0.190104 0.306731 2 1 1495 -0.104279 0.0477551 0.0776949 -4.81452 10.9046 151.505 
0.955911 0.0949624 91751 1 0.190104 0.306731 3 1 1497 -0.102399 0.046023 0.0784306 -4.82692 10.8916 151.444 
1.02712 0.0472604 91831 1 0.190104 0.306731 4 1 1499 -0.103843 0.0466744 0.0802298 -4.82802 10.8832 151.492 
1.05183 0.0505259 91911 1 0.190104 0.306731 5 1 1501 -0.103222 0.0460975 0.0772853 -4.8341 10.8903 151.447 
1.05347 0.0119464 91991 1 0.190104 0.306731 6 1 1503 -0.103823 0.0473295 0.0779555 -4.8349 10.8934 151.566 
0.7784 0.398155 92072 1 0.190104 0.306731 7 1 1505 -0.104759 0.0497955 0.0771473 -4.83431 10.8657 151.36 
0.504712 1.19651 92112 1 0.195313 0.348077 8 1 1506 -0.107709 0.051844 0.0777545 -4.82108 10.8402 151.258 
0.573899 1.11906 92192 1 0.213021 0.524038 9 1 1508 -0.107795 0.0524109 0.0769741 -4.84172 10.8403 151.224 
0.566435 0.959378 92271 1 0.224479 0.755769 10 1 1510 -0.1082 0.05403 0.0765048 -4.86165 10.8382 151.275 
0.813167 0.612397 92312 1 0.204167 0.895192 11 1 1511 -0.108728 0.0530083 0.077735 -4.89124 10.8335 151.292 
1.12128 0.259879 92352 1 0.172396 0.932692 12 1 1512 -0.107748 0.050353 0.0780256 -4.93304 10.8391 151.303 
1.08995 0.142412 92473 1 0.151562 0.931731 13 1 1515 -0.108008 0.0490504 0.0773627 -4.96912 10.8307 151.378 
1.05887 0.14073 92553 1 0.126562 0.907692 14 1 1517 -0.10869 0.0515361 0.0792659 -4.94294 10.7965 151.213 
1.06137 0.128748 92593 1 0.105208 0.913462 15 1 1518 -0.108632 0.0513326 0.0785614 -4.94087 10.8007 151.178 
1.03522 0.0208537 92672 1 0.0776042 0.940385 16 1 1520 -0.107452 0.0493808 0.0771143 -4.96728 10.8557 151.341 
1.03522 0.0208537 92672 1 0.0713542 0.951923 17 1 1520 -0.107452 0.0493808 0.0771143 -4.96728 10.8557 151.341 
0.804183 0.216665 92835 1 0.0697917 0.960577 18 1 1524 -0.108292 0.0503783 0.0768751 -4.91188 10.8473 151.198 
0.491466 0.699232 92914 1 0.06875 0.964423 19 1 1526 -0.107689 0.0508763 0.0807336 -4.88356 10.7709 150.918 
0.466013 0.651655 92994 1 0.0682292 0.965385 20 1 1528 -0.106828 0.0499967 0.0779128 -4.87347 10.8047 150.872 
0.466013 0.651655 92994 1 0.0682292 0.965385 21 1 1528 -0.106828 0.0499967 0.0779128 -4.87347 10.8047 150.872 
0.441529 0.652481 93033 1 0.0682292 0.965385 22 1 1529 -0.10761 0.0491217 0.08122 -4.88259 10.7707 150.849 
1.15929 0.0897912 93193 1 0.0682292 0.967308 23 1 1533 -0.105056 0.0494163 0.0806365 -4.85396 10.7777 150.786 
1.14987 0.0571206 93274 1 0.0692708 0.969231 24 1 1535 -0.105703 0.0504405 0.0814217 -4.84803 10.772 150.849 
1.10464 0.0946089 93354 1 0.0692708 0.969231 25 1 1537 -0.105109 0.0487732 0.0844017 -4.87096 10.7435 150.771 
1.05555 0.110725 93434 1 0.0692708 0.969231 26 1 1539 -0.105738 0.0498392 0.0848654 -4.86765 10.7497 150.779 
1.03399 0.101414 93515 1 0.0692708 0.969231 27 1 1541 -0.105524 0.0486514 0.0854096 -4.88684 10.7516 150.78 
1.02654 -0.0179908 93595 1 0.0692708 0.969231 28 1 1543 -0.10659 0.0489472 0.0854244 -4.89717 10.7702 150.907 
1.02861 -0.0724376 93676 1 0.0692708 0.969231 29 1 1545 -0.107024 0.0535217 0.0877173 -4.86845 10.7494 150.934 
1.00377 0.0106518 93755 1 0.0692708 0.969231 30 1 1547 -0.106412 0.0528901 0.0909112 -4.88411 10.6874 150.729 
0.967533 0.0161827 93834 1 0.0697917 0.969231 31 1 1549 -0.106139 0.0512089 0.0925613 -4.9248 10.6726 150.718 
0.99525 0.0756589 93915 1 0.0723958 0.984615 32 1 1551 -0.106493 0.0546217 0.0985902 -4.89437 10.6131 150.721 
1.01293 0.0702231 93995 1 0.0744792 0.983654 33 1 1553 -0.107275 0.0525105 0.0964221 -4.90869 10.6281 150.731 
1.01852 0.0333094 94117 1 0.0708333 0.941346 34 1 1556 -0.107107 0.0537127 0.0928427 -4.90839 10.6637 150.697 
1.00255 0.0480022 94195 1 0.0697917 0.920192 35 1 1558 -0.109938 0.0544463 0.0973347 -4.91888 10.6309 150.774 
1.02457 0.0975533 94277 1 0.0692708 0.932692 36 1 1560 -0.110112 0.0563345 0.099782 -4.91561 10.5995 150.758 
1.00635 0.167482 94357 1 0.0692708 0.954808 37 1 1562 -0.107226 0.0545288 0.10273 -4.93837 10.5357 150.496 
0.99587 0.198176 94436 1 0.0703125 0.966346 38 1 1564 -0.110684 0.0547843 0.0985136 -4.95767 10.581 150.441 
0.997387 0.351577 94516 1 0.0713542 0.969231 39 1 1566 -0.114116 0.0563604 0.102264 -4.93263 10.461 149.699 
1.00702 0.440391 94597 1 0.0713542 0.971154 40 1 1568 -0.116088 0.054003 0.104128 -4.95771 10.4058 149.407 
1.00782 0.514306 94636 1 0.0713542 0.972115 41 1 1569 -0.116941 0.0540847 0.105357 -4.9669 10.3959 149.443 
1.00892 0.504956 94717 1 0.0713542 0.972115 42 1 1571 -0.116742 0.0577826 0.100327 -4.92407 10.438 149.448 
1.02194 0.503234 94797 1 0.0713542 0.972115 43 1 1573 -0.115945 0.0584803 0.0966266 -4.89747 10.4466 149.355 
1.02812 1.56765 94877 1 0.0713542 0.972115 44 0 1575 -0.114002 0.0567682 0.10139 -4.89267 10.3319 149.071 
1.08419 0.843064 94957 1 0.0713542 0.972115 45 1 1577 -0.110518 0.0560131 0.0948839 -4.90593 10.4152 149.565 
1.04808 0.904415 95037 1 0.0713542 0.972115 46 1 1579 -0.11238 0.0540094 0.100638 -4.93977 10.2784 149.507 
1.06038 1.43874 95077 1 0.0713542 0.972115 47 0 1580 -0.114256 0.0615838 0.10536 -4.84348 10.1855 149.327 
3.28526 2.85407 95157 1 0.0713542 0.972115 48 0 1582 -0.113499 0.0613636 0.10493 -4.81789 10.1825 149.489 
1.00724 1.1849 95238 1 0.0713542 0.972115 49 1 1584 -0.112237 0.0512646 0.0972415 -4.93487 10.2553 149.354 
0.891032 0.92322 95318 1 0.0713542 0.972115 50 0 1586 -0.116868 0.0436691 0.0941424 -5.00596 10.2294 148.758 
0.964206 0.821037 95398 1 0.0713542 0.972115 51 1 1588 -0.117156 0.0507622 0.0918429 -4.92086 10.2752 148.872 
0.927442 0.721491 95478 1 0.0713542 0.972115 52 1 1590 -0.115294 0.0469642 0.088553 -4.93925 10.3199 148.929 
0.933216 0.701636 95518 1 0.0713542 0.972115 53 1 1591 -0.115844 0.0477884 0.0890846 -4.92762 10.3249 149.093 
0.928606 0.680313 95599 1 0.0713542 0.972115 54 1 1593 -0.114856 0.0480629 0.0876589 -4.91706 10.3345 149.056 
0.940874 0.639976 95678 1 0.0713542 0.972115 55 1 1595 -0.11494 0.0488416 0.0859596 -4.89418 10.349 148.975 
0.936438 0.61708 95718 1 0.0713542 0.972115 56 1 1596 -0.115904 0.0475069 0.0873479 -4.90353 10.3213 148.891 
0.972871 0.333679 95799 1 0.0713542 0.972115 57 1 1598 -0.114664 0.0493363 0.0778641 -4.86122 10.4125 148.691 
1.06925 0.259625 95879 1 0.0713542 0.972115 58 1 1600 -0.115515 0.0626828 0.0629395 -4.66037 10.4846 147.952 
1.05505 0.241398 95919 1 0.0713542 0.972115 59 1 1601 -0.116847 0.0634361 0.0550019 -4.63282 10.5233 147.496 
0.897062 0.172706 95999 1 0.0713542 0.972115 60 0 1603 -0.120097 0.0460457 0.0665513 -4.80436 10.3596 146.349 
0.790517 0.323297 96079 1 0.0713542 0.972115 61 0 1605 -0.123767 0.0335445 0.070055 -4.94576 10.3227 146.339 
0.769115 0.235986 96119 1 0.0713542 0.972115 62 0 1606 -0.122978 0.0327125 0.063412 -4.96455 10.4073 146.466 
0.769115 0.235986 96119 1 0.0713542 0.972115 63 0 1606 -0.122978 0.0327125 0.063412 -4.96455 10.4073 146.466 
0.686293 0.358792 96321 1 0.0713542 0.972115 64 0 1611 -0.128752 0.0343145 0.0673404 -4.96923 10.3014 146.776 
0.739671 0.227037 96360 1 0.0713542 0.972115 65 0 1612 -0.125886 0.03727 0.0530501 -4.93951 10.4974 147.367 
0.858281 0.522742 96439 1 0.0713542 0.972115 66 1 1614 -0.119885 0.0455684 0.0650926 -4.85664 10.3851 147.905 
0.757169 0.711594 96480 1 0.0713542 0.972115 67 0 1615 -0.122106 0.0396094 0.0614562 -4.90021 10.438 147.372 
3.35197 3.09212 96560 1 0.0713542 0.972115 68 0 1617 -0.102814 0.0511277 0.08595 -4.69128 10.0445 145.83 
0.655526 1.47517 96640 1 0.0713542 0.972115 69 0 1619 -0.117618 0.0332085 0.0882677 -4.93856 10.0338 146.61 
0.753826 0.53831 96720 1 0.0713542 0.972115 70 0 1621 -0.122583 0.0342601 0.058976 -4.90758 10.4248 146.427 
0.877776 0.619535 96761 1 0.0713542 0.972115 71 0 1622 -0.120299 0.0473294 0.0674063 -4.69954 10.2193 144.998 
0.877776 0.619535 96761 1 0.0713542 0.972115 72 0 1622 -0.120299 0.0473294 0.0674063 -4.69954 10.2193 144.998 
0.716632 0.48603 96920 1 0.0713542 0.971154 73 0 1626 -0.119729 0.0295959 0.0611764 -4.93095 10.3458 145.705 
0.675932 0.498533 97001 1 0.0588542 0.946154 74 0 1628 -0.123351 0.0285314 0.0611628 -4.94057 10.3186 145.768 
0.652464 0.517153 97081 1 -0.065625 0.796154 75 0 1630 -0.125003 0.0305228 0.0607933 -4.91769 10.3011 145.868 
0.652464 0.517153 97081 1 -0.270313 0.5375 76 0 1630 -0.125003 0.0305228 0.0607933 -4.91769 10.3011 145.868 
0.697198 0.565934 97201 1 -0.503646 0.351923 77 0 1633 -0.123646 0.0302433 0.0580386 -4.96227 10.4041 146.984 
0.624713 0.440559 97281 1 -0.533854 0.325962 78 0 1635 -0.121851 0.0373654 0.0664626 -4.87933 10.2571 146.49 
0.626664 0.69058 97362 1 -0.533854 0.325962 79 0 1637 -0.12592 0.04169 0.0799023 -4.81754 9.98779 145.454 
0.723602 0.775101 97402 1 -0.533854 0.325962 80 0 1638 -0.125393 0.0524355 0.0870467 -4.69945 9.87592 145.448 
0.723602 0.775101 97402 1 -0.532292 0.323077 81 0 1638 -0.125393 0.0524355 0.0870467 -4.69945 9.87592 145.448 
0.74562 0.520351 97602 1 -0.601563 0.242308 82 0 1643 -0.120196 0.0510951 0.0571304 -4.71984 10.0695 145.414 
0.715064 0.511745 97642 1 -0.796354 0.00769231 83 0 1644 -0.119243 0.0472328 0.0541915 -4.76998 10.0964 145.343 
0.770785 0.533169 97722 1 -0.903125 0.00769231 84 0 1646 -0.117575 0.0467152 0.0606405 -4.80069 10.0783 145.184 
0.770785 0.533169 97722 1 -0.915625 0.00769231 85 0 1646 -0.117575 0.0467152 0.0606405 -4.80069 10.0783 145.184 
0.766981 0.572396 97883 1 -0.913542 0.00769231 86 0 1650 -0.118162 0.0416285 0.052363 -4.85093 10.2783 146.182 
0.860585 0.291758 97963 1 -0.913021 0.00769231 87 0 1652 -0.116336 0.0507799 0.0428031 -4.70909 10.3105 145.323 
0.822453 0.154323 98003 1 -0.909375 0.00769231 88 0 1653 -0.120971 0.0535094 0.030006 -4.66833 10.4331 145.363 
0.84311 0.169494 98043 1 -0.909375 0.00769231 89 0 1654 -0.118122 0.0578067 0.027435 -4.62175 10.4483 145.547 
0.84311 0.169494 98043 1 -0.908854 0.00769231 90 0 1654 -0.118122 0.0578067 0.027435 -4.62175 10.4483 145.547 
0.80084 0.0539216 98243 1 -0.908854 0.00769231 91 0 1659 -0.114948 0.0561485 0.0158232 -4.53716 10.5578 145.525 
0.808294 0.481903 98323 1 -0.908333 0.00769231 92 0 1661 -0.114449 0.0527071 0.0384014 -4.57891 10.2704 145.538 
0.814905 0.565099 98363 1 -0.9 0.00769231 93 0 1662 -0.118166 0.0545131 0.0426477 -4.56473 10.2256 145.641 
0.814905 0.565099 98363 1 -0.816667 0.0105769 94 0 1662 -0.118166 0.0545131 0.0426477 -4.56473 10.2256 145.641 
0.831605 0.785525 98524 1 -0.727083 0.0105769 95 0 1666 -0.110983 0.0448324 0.0418001 -4.70226 10.2933 147.034 
0.907652 0.998305 98604 1 -0.661458 0.0105769 96 0 1668 -0.10767 0.0522622 0.0532202 -4.65091 10.1524 147.319 
0.895749 1.12996 98684 1 -0.604688 0.0105769 97 0 1670 -0.107489 0.0530092 0.0611185 -4.66778 10.0386 147.216 
0.893333 1.10148 98724 1 -0.546875 0.0105769 98 0 1671 -0.106736 0.0519814 0.0607381 -4.68339 10.0599 147.311 
0.890791 1.08927 98844 1 -0.4875 0.00961538 99 0 1674 -0.106646 0.0511448 0.0592904 -4.69416 10.0707 147.318 
0.850833 3.28132 98926 1 -0.460938 0.00961538 100 0 1676 -0.108019 0.0503551 0.0544244 -4.69323 10.1308 147.234 
1.10152 3.62655 99005 1 -0.455208 0.00961538 101 0 1678 -0.0959264 0.0669601 0.0634781 -4.43011 9.945 145.917 
1.10152 3.62655 99005 1 -0.454167 0.00961538 102 0 1678 -0.0959264 0.0669601 0.0634781 -4.43011 9.945 145.917 
1.10152 3.62655 99005 1 -0.454167 0.00961538 103 0 1678 -0.0959264 0.0669601 0.0634781 -4.43011 9.945 145.917 
1.12065 3.61163 99245 1 -0.454167 0.00961538 104 0 1684 -0.0935832 0.0714745 0.0675957 -4.36162 9.83636 145.498 
1.10293 3.49979 99326 1 -0.454167 0.00961538 105 0 1686 -0.0932716 0.070202 0.0652733 -4.36817 9.85868 145.612 
1.10293 3.49979 99326 1 -0.454167 0.00961538 106 0 1686 -0.0932716 0.070202 0.0652733 -4.36817 9.85868 145.612 
1.10641 3.4264 99445 1 -0.453646 0.0125 107 0 1689 -0.0941879 0.0687183 0.0535052 -4.40702 9.98455 146.071 
1.08749 2.91488 99525 1 -0.463021 0.0913462 108 0 1691 -0.0945945 0.0643736 0.041727 -4.43789 10.1151 145.228 
0.993736 3.1397 99646 1 -0.520833 0.407692 109 0 1694 -0.0922017 0.0576444 0.0635528 -4.5605 9.90758 145.251 
0.993736 3.1397 99646 1 -0.547917 0.516346 110 0 1694 -0.0922017 0.0576444 0.0635528 -4.5605 9.90758 145.251 
0.998134 3.23548 99686 1 -0.55 0.517308 111 0 1695 -0.0916379 0.0538669 0.0602464 -4.60022 9.94691 145.47 
0.908078 2.99979 99807 1 -0.575 0.565385 112 0 1698 -0.0943454 0.0413896 0.0545415 -4.75521 10.0133 145.383 
0.908078 2.99979 99807 1 -0.604688 0.599038 113 0 1698 -0.0943454 0.0413896 0.0545415 -4.75521 10.0133 145.383 
0.543459 1.8598 99887 1 -0.617188 0.610577 114 0 1700 -0.103901 0.0212775 0.0169098 -5.02963 10.5897 145.656 
0.543459 1.8598 99887 1 -0.618229 0.609615 115 0 1700 -0.103901 0.0212775 0.0169098 -5.02963 10.5897 145.656 
0.543459 1.8598 99887 1 -0.619271 0.601923 116 0 1700 -0.103901 0.0212775 0.0169098 -5.02963 10.5897 145.656 
0.655087 1.66082 100007 1 -0.620313 0.596154 117 0 1703 -0.0978916 0.0213829 0.012193 -5.04463 10.7218 146.91 
0.655087 1.66082 100007 1 -0.620313 0.596154 118 0 1703 -0.0978916 0.0213829 0.012193 -5.04463 10.7218 146.91 
1.06949 3.05311 100327 1 -0.61875 0.596154 119 0 1711 -0.09304 0.0513007 0.0435745 -4.60569 10.313 147.857 
1.07619 3.09631 100367 1 -0.597917 0.602885 120 0 1712 -0.0944838 0.0502333 0.0474822 -4.60973 10.2903 147.985 
1.07619 3.09631 100367 1 -0.592708 0.603846 121 0 1712 -0.0944838 0.0502333 0.0474822 -4.60973 10.2903 147.985 
0.900701 1.6397 100449 1 -0.592708 0.603846 122 0 1714 -0.0970131 0.0254237 0.0462791 -4.95867 10.5275 149.232 
0.900701 1.6397 100449 1 -0.592708 0.603846 123 0 1714 -0.0970131 0.0254237 0.0462791 -4.95867 10.5275 149.232 
0.869141 1.38022 100568 1 -0.592708 0.603846 124 0 1717 -0.108958 0.0479041 0.0521038 -4.68215 10.2762 147.695 
0.88828 1.37141 100648 1 -0.592708 0.603846 125 0 1719 -0.106441 0.05155 0.0614924 -4.62359 10.1491 146.989 
0.856621 1.35155 100729 1 -0.592708 0.603846 126 0 1721 -0.104726 0.0506213 0.0655958 -4.60266 10.0531 146.404 
0.856621 1.35155 100729 1 -0.592708 0.603846 127 0 1721 -0.104726 0.0506213 0.0655958 -4.60266 10.0531 146.404 
-0.164028 0.996833 100809 1 -0.592708 0.603846 128 0 1723 -0.103141 0.0463448 0.0265867 -4.63086 10.6372 147.468 
-0.164028 0.996833 100809 1 -0.592708 0.603846 129 0 1723 -0.103141 0.0463448 0.0265867 -4.63086 10.6372 147.468 
-0.344913 1.05282 100928 1 -0.592708 0.603846 130 0 1726 -0.105385 0.0386087 0.0359217 -4.73165 10.5818 147.851 
-0.344913 1.05282 100928 1 -0.592708 0.603846 131 0 1726 -0.105385 0.0386087 0.0359217 -4.73165 10.5818 147.851 
-0.381062 1.01787 101088 1 -0.592708 0.603846 132 0 1730 -0.0996129 0.0332222 0.0317006 -4.80048 10.5939 147.925 
-2.063 3.53163 101250 1 -0.592708 0.603846 133 0 1734 -0.0996129 0.0332222 0.0317006 -4.80048 10.5939 147.925 
-2.063 3.53163 101250 1 -0.592708 0.603846 134 0 1734 -0.0996129 0.0332222 0.0317006 -4.80048 10.5939 147.925 
-0.234985 1.80563 101449 1 -0.592708 0.603846 135 0 1739 -0.0997818 0.0445797 0.0394268 -4.64175 10.4251 148.389 
-0.234985 1.80563 101449 1 -0.592708 0.603846 136 0 1739 -0.0997818 0.0445797 0.0394268 -4.64175 10.4251 148.389 
-0.260535 1.97828 101530 1 -0.592708 0.603846 137 0 1741 -0.0979261 0.0444697 0.0451866 -4.61186 10.3335 148.425 
-0.260535 1.97828 101530 1 -0.592708 0.603846 138 0 1741 -0.0979261 0.0444697 0.0451866 -4.61186 10.3335 148.425 
-0.315546 1.8997 101729 1 -0.592708 0.603846 139 0 1746 -0.098042 0.0332311 0.0537205 -4.69099 10.3497 148.586 
-0.315546 1.8997 101729 1 -0.592708 0.603846 140 0 1746 -0.098042 0.0332311 0.0537205 -4.69099 10.3497 148.586 
-0.315546 1.8997 101729 1 -0.592708 0.603846 141 0 1746 -0.098042 0.0332311 0.0537205 -4.69099 10.3497 148.586 
1.52906 1.64533 101970 1 -0.592708 0.603846 142 0 1752 -0.0898727 0.0232655 0.051594 -4.7259 10.3242 148.548 
1.52906 1.64533 101970 1 -0.592708 0.603846 143 0 1752 -0.0898727 0.0232655 0.051594 -4.7259 10.3242 148.548 
1.52906 1.64533 101970 1 -0.592708 0.603846 144 0 1752 -0.0898727 0.0232655 0.051594 -4.7259 10.3242 148.548 
1.60074 1.05647 102011 1 -0.592708 0.603846 145 0 1753 -0.0829739 0.0218115 0.0405703 -4.78267 10.5609 149.246 
1.66192 1.5117 102171 1 -0.592708 0.603846 146 0 1757 -0.0940912 0.0235293 0.0497569 -4.70425 10.3459 148.493 
1.62144 1.52712 102251 1 -0.592708 0.603846 147 0 1759 -0.0927221 0.0233289 0.0529027 -4.68962 10.3234 148.551 
1.27759 1.3657 102292 1 -0.592708 0.603846 148 0 1760 -0.0914879 0.0256694 0.0530286 -4.65443 10.3221 148.561 
0.306893 1.36742 102372 1 -0.592708 0.603846 149 0 1762 -0.0917768 0.0228219 0.0572589 -4.66812 10.3045 148.671 
0.341838 1.29395 102451 1 -0.592708 0.603846 150 0 1764 -0.0906634 0.0237723 0.054592 -4.64119 10.3205 148.683 
0.348424 1.28449 102531 1 -0.592708 0.603846 151 0 1766 -0.0915231 0.0238876 0.0520989 -4.63399 10.3266 148.645 
1.29053 1.16449 102612 1 -0.592708 0.603846 152 0 1768 -0.0905126 0.0226983 0.0560552 -4.6404 10.2521 148.595 
1.29053 1.16449 102612 1 -0.592708 0.603846 153 0 1768 -0.0905126 0.0226983 0.0560552 -4.6404 10.2521 148.595 
1.37125 0.76391 102692 1 -0.592708 0.603846 154 0 1770 -0.0847742 0.0262654 0.0570333 -4.63176 10.3596 149.445 
1.37125 0.76391 102692 1 -0.592708 0.603846 155 0 1770 -0.0847742 0.0262654 0.0570333 -4.63176 10.3596 149.445 
1.98148 1.25248 102811 1 -0.592708 0.603846 156 0 1773 -0.0816181 0.0181519 0.0407352 -4.76331 10.55 149.352 
1.98148 1.25248 102811 1 -0.592708 0.603846 157 0 1773 -0.0816181 0.0181519 0.0407352 -4.76331 10.55 149.352 
1.86627 1.23106 102932 1 -0.592708 0.603846 158 0 1776 -0.0828198 0.0108764 0.0345807 -4.84503 10.5497 148.627 
1.85134 1.5709 103094 1 -0.592708 0.603846 159 0 1780 -0.0961249 0.0215632 0.0477661 -4.74902 10.4023 148.795 
1.84913 1.58171 103173 1 -0.592708 0.603846 160 0 1782 -0.0980175 0.0211532 0.0465413 -4.76765 10.4254 148.705 
1.87215 1.58917 103213 1 -0.592708 0.603846 161 0 1783 -0.0961964 0.022431 0.0470749 -4.75963 10.4212 148.701 
1.86839 1.60732 103292 1 -0.592708 0.603846 162 0 1785 -0.0969847 0.0233053 0.049357 -4.75844 10.3977 148.662 
1.87318 1.59716 103373 1 -0.592708 0.603846 163 0 1787 -0.0971987 0.0221212 0.0507278 -4.77572 10.3983 148.66 
1.88661 1.6583 103454 1 -0.592708 0.603846 164 0 1789 -0.09775 0.023164 0.0544358 -4.76918 10.3584 148.641 
1.89235 1.675 103534 1 -0.592708 0.603846 165 0 1791 -0.0993907 0.024878 0.052528 -4.75195 10.3899 148.681 
1.94106 1.69742 103576 1 -0.592708 0.603846 166 0 1792 -0.0980806 0.0244398 0.052839 -4.74732 10.392 148.732 
1.93196 1.70169 103654 1 -0.592708 0.603846 167 0 1794 -0.0969119 0.0204692 0.0538805 -4.76866 10.3838 148.768 
1.95598 1.71539 103734 1 -0.592708 0.603846 168 0 1796 -0.0962134 0.0199239 0.0545219 -4.75843 10.4104 148.835 
1.92658 1.71443 103815 1 -0.592708 0.603846 169 0 1798 -0.0968667 0.0233145 0.0556051 -4.7209 10.3973 148.747 
1.91616 1.64458 103855 1 -0.592708 0.603846 170 0 1799 -0.0949271 0.0235416 0.0553815 -4.71498 10.4243 148.828 
1.89305 1.6059 103934 1 -0.592708 0.603846 171 0 1801 -0.0936417 0.0220998 0.0558907 -4.7236 10.4231 148.815 
1.92357 1.55939 103974 1 -0.592708 0.603846 172 0 1802 -0.0913922 0.0219351 0.0537136 -4.72097 10.4649 148.922 
1.79841 1.65303 104055 1 -0.592708 0.603846 173 0 1804 -0.09632 0.020767 0.0616199 -4.74524 10.3775 148.599 
1.81754 1.62586 104135 1 -0.592708 0.603846 174 0 1806 -0.0956333 0.0189499 0.0598744 -4.77987 10.3882 148.579 
1.79412 1.70916 104175 1 -0.592708 0.603846 175 0 1807 -0.0979682 0.0197055 0.0621198 -4.78109 10.3529 148.444 
1.79412 1.70916 104175 1 -0.592708 0.603846 176 0 1807 -0.0979682 0.0197055 0.0621198 -4.78109 10.3529 148.444 
1.77393 1.22369 104256 1 -0.592708 0.603846 177 0 1809 -0.0813394 0.00292316 0.0427034 -4.99979 10.6569 148.122 
1.77393 1.22369 104256 1 -0.592708 0.603846 178 0 1809 -0.0813394 0.00292316 0.0427034 -4.99979 10.6569 148.122 
0.783575 0.350408 104615 1 -0.592708 0.603846 179 1 1818 -0.0960031 0.0289637 0.0690588 -4.75471 10.4347 148.68 
0.790977 0.459158 104695 1 -0.592708 0.603846 180 1 1820 -0.0962962 0.0296418 0.0735585 -4.75456 10.3878 148.69 
0.790977 0.459158 104695 1 -0.592708 0.603846 181 1 1820 -0.0962962 0.0296418 0.0735585 -4.75456 10.3878 148.69 
0.790977 0.459158 104695 1 -0.592708 0.603846 182 1 1820 -0.0962962 0.0296418 0.0735585 -4.75456 10.3878 148.69 
0.65316 1.61809 104896 1 -0.592708 0.603846 183 0 1825 -0.101889 0.0301312 0.0616483 -4.77996 10.4945 148.726 
0.704248 1.48123 104976 1 -0.592708 0.603846 184 0 1827 -0.102446 0.0307422 0.0617918 -4.77686 10.4827 148.733 
0.735747 1.45532 105016 1 -0.592708 0.603846 185 0 1828 -0.0996434 0.0308967 0.0635393 -4.77872 10.4815 148.898 
0.690034 1.48483 105096 1 -0.592708 0.603846 186 0 1830 -0.100045 0.0263794 0.0616932 -4.80868 10.4764 148.797 
0.692248 1.4069 105176 1 -0.592708 0.603846 187 0 1832 -0.0980701 0.0274414 0.0586482 -4.79407 10.5156 148.909 
0.700629 1.5504 105257 1 -0.592708 0.603846 188 0 1834 -0.0987376 0.0271821 0.061774 -4.79296 10.4781 148.877 
0.700629 1.5504 105257 1 -0.592708 0.603846 189 0 1834 -0.0987376 0.0271821 0.061774 -4.79296 10.4781 148.877 
0.700629 1.5504 105257 1 -0.592708 0.603846 190 0 1834 -0.0987376 0.0271821 0.061774 -4.79296 10.4781 148.877 
-0.0210545 1.67196 105416 1 -0.592708 0.603846 191 0 1838 -0.0902726 0.0344108 0.0552922 -4.68578 10.5157 148.826 
-0.183754 0.898742 105497 1 -0.592708 0.603846 192 0 1840 -0.089342 0.0332569 0.0520112 -4.68997 10.5617 148.737 
0.928488 2.73398 105577 1 -0.592708 0.603846 193 0 1842 -0.0893058 0.0341352 0.0577406 -4.68742 10.4895 148.694 
0.928488 2.73398 105577 1 -0.592708 0.603846 194 0 1842 -0.0893058 0.0341352 0.0577406 -4.68742 10.4895 148.694 
0.925436 2.83622 105617 1 -0.592708 0.603846 195 0 1843 -0.0891755 0.0341331 0.0610956 -4.68157 10.4374 148.615 
0.971514 4.67488 105817 1 -0.592708 0.603846 196 0 1848 -0.0895755 0.0310949 0.0581258 -4.69068 10.5189 148.693 
0.643695 3.29861 105898 1 -0.592708 0.603846 197 0 1850 -0.0980967 0.0187013 0.0521641 -4.83434 10.6393 148.892 
0.643695 3.29861 105898 1 -0.592708 0.603846 198 0 1850 -0.0980967 0.0187013 0.0521641 -4.83434 10.6393 148.892 
0.738828 1.82268 106019 1 -0.592708 0.603846 199 0 1853 -0.0990284 0.021944 0.0621107 -4.78203 10.5161 148.891 
0.713655 1.72737 106098 1 -0.592708 0.603846 200 0 1855 -0.0989464 0.0215509 0.0643661 -4.7718 10.503 148.973 
0.761931 1.65247 106178 1 -0.592708 0.603846 201 0 1857 -0.0937937 0.0231651 0.0636727 -4.74523 10.5434 149.164 
0.720874 1.65223 106218 1 -0.592708 0.603846 202 0 1858 -0.0945901 0.0207277 0.0623258 -4.76305 10.5483 149.083 
0.756748 1.71959 106299 1 -0.592708 0.603846 203 0 1860 -0.0918372 0.0226293 0.0680882 -4.73582 10.5093 149.187 
0.744362 1.66529 106379 1 -0.592708 0.603846 204 0 1862 -0.0931071 0.0227747 0.0663263 -4.74042 10.5277 149.174 
0.756006 1.5312 106420 1 -0.592708 0.603846 205 0 1863 -0.0923221 0.0216297 0.0633909 -4.74874 10.5797 149.242 
0.762944 1.52348 106499 1 -0.592708 0.603846 206 0 1865 -0.0920496 0.0218706 0.0639939 -4.75139 10.5845 149.15 
0.765789 1.51827 106539 1 -0.592708 0.603846 207 0 1866 -0.0920497 0.0225343 0.0625117 -4.74666 10.5941 149.284 
0.765789 1.51827 106539 1 -0.592708 0.603846 208 0 1866 -0.0920497 0.0225343 0.0625117 -4.74666 10.5941 149.284 
0.791213 1.371 106739 1 -0.592708 0.603846 209 0 1871 -0.0946975 0.0231765 0.0507804 -4.70295 10.7077 148.619 
0.782031 1.42583 106820 1 -0.592708 0.603846 210 0 1873 -0.0951694 0.0236859 0.0517362 -4.68818 10.7182 148.642 
0.800152 1.45 106860 1 -0.592708 0.603846 211 0 1874 -0.0938023 0.0240605 0.0529178 -4.67552 10.7077 148.618 
0.794805 1.42941 106940 1 -0.592708 0.603846 212 0 1876 -0.094712 0.0232437 0.0511834 -4.6705 10.7266 148.563 
0.800513 1.50978 107020 1 -0.592708 0.603846 213 0 1878 -0.0931598 0.0230434 0.0567601 -4.66035 10.6708 148.609 
0.762117 1.32239 107100 1 -0.592708 0.603846 214 0 1880 -0.0923857 0.0232889 0.0604441 -4.66232 10.6233 148.681 
0.75893 1.31263 107181 1 -0.592708 0.603846 215 0 1882 -0.0935128 0.0244653 0.0569075 -4.66015 10.6439 148.664 
0.75893 1.31263 107181 1 -0.592708 0.603846 216 0 1882 -0.0935128 0.0244653 0.0569075 -4.66015 10.6439 148.664 
0.749737 1.31084 107221 1 -0.592708 0.603846 217 0 1883 -0.0942816 0.0253915 0.0566092 -4.66099 10.6455 148.72 
0.754916 1.64981 107380 1 -0.592708 0.603846 218 0 1887 -0.0947767 0.0247645 0.0539368 -4.68914 10.6737 148.839 
0.732884 1.57131 107461 1 -0.592708 0.603846 219 0 1889 -0.0955069 0.0228025 0.0494953 -4.71854 10.7214 148.844 
0.741937 1.55372 107501 1 -0.592708 0.603846 220 0 1890 -0.0956186 0.0226214 0.0495243 -4.72284 10.715 148.879 
0.741937 1.55372 107501 1 -0.592708 0.603846 221 0 1890 -0.0956186 0.0226214 0.0495243 -4.72284 10.715 148.879 
0.679081 2.05777 107663 1 -0.592708 0.603846 222 0 1894 -0.0965927 0.0225534 0.0477552 -4.72576 10.7277 148.889 
6.60155 1.40682 107741 1 -0.592708 0.603846 223 0 1896 -0.0893752 0.0291537 0.0474748 -4.63292 10.6793 148.827 
0.897029 0.230453 107781 1 -0.592708 0.603846 224 0 1897 -0.0887039 0.0290872 0.0403617 -4.6256 10.7599 148.838 
1.09942 3.3494 107822 1 -0.592708 0.603846 225 0 1898 -0.0890142 0.028906 0.0423542 -4.62889 10.7443 148.775 
1.09942 3.3494 107822 1 -0.592708 0.603846 226 0 1898 -0.0890142 0.028906 0.0423542 -4.62889 10.7443 148.775 
0.948512 2.58337 107862 1 -0.592708 0.603846 227 0 1899 -0.0893813 0.0293729 0.0432411 -4.63177 10.7371 148.887 
0.948512 2.58337 107862 1 -0.592708 0.603846 228 0 1899 -0.0893813 0.0293729 0.0432411 -4.63177 10.7371 148.887 
-0.159077 1.82502 107982 1 -0.592708 0.603846 229 0 1902 -0.0872251 0.0108636 0.0320403 -4.89595 11.0834 150.651 
-0.159077 1.82502 107982 1 -0.592708 0.603846 230 0 1902 -0.0872251 0.0108636 0.0320403 -4.89595 11.0834 150.651 
0.0552216 1.74819 108142 1 -0.592708 0.603846 231 0 1906 -0.098539 0.0218497 0.0331953 -4.61175 10.8489 148.981 
0.437846 1.46348 108344 1 -0.592708 0.603846 232 0 1911 -0.086809 0.0239681 0.0437083 -4.53587 10.7512 149.505 
0.568555 1.42522 108423 1 -0.592708 0.603846 233 0 1913 -0.0877594 0.027682 0.045841 -4.47848 10.782 149.51 
0.568555 1.42522 108423 1 -0.592708 0.603846 234 0 1913 -0.0877594 0.027682 0.045841 -4.47848 10.782 149.51 
1.55274 1.88736 108623 1 -0.592708 0.603846 235 0 1918 -0.0918615 0.0231235 0.0373776 -4.59075 11.0168 150.754 
0.116054 2.65611 108703 1 -0.592708 0.603846 236 0 1920 -0.0875031 0.0372138 0.037425 -4.43436 10.8938 149.837 
0.104044 1.87268 108784 1 -0.592708 0.603846 237 0 1922 -0.0957722 0.0360308 0.0397166 -4.47869 10.8716 149.665 
0.307035 1.62162 108863 1 -0.592708 0.603846 238 0 1924 -0.095152 0.0355417 0.0408285 -4.48555 10.8481 149.693 
0.348809 1.48511 108903 1 -0.592708 0.603846 239 0 1925 -0.0949571 0.0331479 0.0385558 -4.50336 10.8711 149.677 
0.369917 1.34729 108984 1 -0.592708 0.603846 240 0 1927 -0.0961849 0.0355456 0.0365212 -4.46261 10.8932 149.528 
0.371305 1.38712 109024 1 -0.592708 0.603846 241 0 1928 -0.0967808 0.0353467 0.0404457 -4.46271 10.8541 149.428 
0.371305 1.38712 109024 1 -0.592708 0.603846 242 0 1928 -0.0967808 0.0353467 0.0404457 -4.46271 10.8541 149.428 
0.305541 2.11766 109224 1 -0.592708 0.603846 243 0 1933 -0.0954501 0.0374338 0.0458239 -4.4767 10.9123 149.499 
0.299745 2.12088 109264 1 -0.592708 0.603846 244 0 1934 -0.0964822 0.0370044 0.0467982 -4.48198 10.9139 149.47 
0.309578 2.02473 109344 1 -0.592708 0.603846 245 0 1936 -0.0958593 0.0364397 0.0449727 -4.50702 10.98 149.672 
0.309578 2.02473 109344 1 -0.592708 0.603846 246 0 1936 -0.0958593 0.0364397 0.0449727 -4.50702 10.98 149.672 
0.309578 2.02473 109344 1 -0.592708 0.603846 247 0 1936 -0.0958593 0.0364397 0.0449727 -4.50702 10.98 149.672 
0.490357 1.89759 109546 1 -0.592708 0.603846 248 0 1941 -0.0961596 0.0322368 0.044733 -4.56812 10.985 149.87 
0.478643 1.80087 109625 1 -0.592708 0.603846 249 0 1943 -0.0969086 0.0292661 0.0407703 -4.59867 11.0341 149.957 
0.469728 1.7808 109665 1 -0.592708 0.603846 250 0 1944 -0.0967991 0.0287492 0.041077 -4.60316 11.0191 149.896 
0.469728 1.7808 109665 1 -0.592708 0.603846 251 0 1944 -0.0967991 0.0287492 0.041077 -4.60316 11.0191 149.896 
0.256308 1.90088 109825 1 -0.592708 0.603846 252 0 1948 -0.0993539 0.0296103 0.0375311 -4.61831 11.032 149.819 
0.221262 1.86408 109907 1 -0.592708 0.603846 253 0 1950 -0.0998314 0.0300744 0.0367455 -4.62236 11.0328 149.797 
0.233891 1.86227 109986 1 -0.592708 0.603846 254 0 1952 -0.0989136 0.029987 0.0373416 -4.6267 11.0279 149.878 
0.233891 1.86227 109986 1 -0.592708 0.603846 255 0 1952 -0.0989136 0.029987 0.0373416 -4.6267 11.0279 149.878 
0.239543 1.91378 110025 1 -0.592708 0.603846 256 0 1953 -0.100003 0.0303008 0.0405348 -4.62653 10.9961 149.968 
0.173559 1.95117 110187 1 -0.592708 0.603846 257 0 1957 -0.101418 0.0285348 0.0373939 -4.6695 11.056 150.1 
0.167095 2.01988 110266 1 -0.592708 0.603846 258 0 1959 -0.101694 0.0299708 0.0419489 -4.66125 11.0106 149.999 
0.165509 2.03834 110306 1 -0.592708 0.603846 259 0 1960 -0.101936 0.0299196 0.0422643 -4.6604 11.0027 149.972 
0.165509 2.03834 110306 1 -0.592708 0.603846 260 0 1960 -0.101936 0.0299196 0.0422643 -4.6604 11.0027 149.972 
0.17547 2.04821 110346 1 -0.592708 0.603846 261 0 1961 -0.101814 0.0293637 0.0406965 -4.66322 11.01 149.953 
2.18205 0.796592 110550 1 -0.592708 0.603846 262 0 1966 -0.093218 0.0333149 0.0385021 -4.53758 11.0442 149.813 
0.387284 3.59085 110627 1 -0.592708 0.603846 263 0 1968 -0.0916899 0.0339579 0.0383236 -4.50896 11.0453 149.789 
0.387284 3.59085 110627 1 -0.592708 0.603846 264 0 1968 -0.0916899 0.0339579 0.0383236 -4.50896 11.0453 149.789 
0.387284 3.59085 110627 1 -0.592708 0.603846 265 0 1968 -0.0916899 0.0339579 0.0383236 -4.50896 11.0453 149.789 
0.36562 2.35736 110827 1 -0.592708 0.603846 266 0 1973 -0.0899306 0.0336895 0.0414625 -4.48027 11.0064 149.775 
0.240993 2.04235 110907 1 -0.592708 0.603846 267 0 1975 -0.0930516 0.0234396 0.0330657 -4.6093 11.1091 149.539 
0.21865 2.04871 110948 1 -0.592708 0.603846 268 0 1976 -0.0941327 0.024187 0.0355973 -4.61048 11.0737 149.394 
0.203343 1.99982 111028 1 -0.592708 0.603846 269 0 1978 -0.0956163 0.0251131 0.0382256 -4.5992 11.0636 149.53 
0.226387 1.93887 111107 1 -0.592708 0.603846 270 0 1980 -0.0958132 0.0219917 0.0376739 -4.61559 11.0794 149.696 
0.400693 1.77921 111188 1 -0.592708 0.603846 271 0 1982 -0.0965386 0.0238888 0.0376942 -4.59222 11.0698 149.642 
0.414601 1.77713 111268 1 -0.592708 0.603846 272 0 1984 -0.0969163 0.0235159 0.0397173 -4.59384 11.0604 149.651 
0.414601 1.77713 111268 1 -0.592708 0.603846 273 0 1984 -0.0969163 0.0235159 0.0397173 -4.59384 11.0604 149.651 
0.553267 1.81626 111389 1 -0.592708 0.603846 274 0 1987 -0.097554 0.0260473 0.0397867 -4.55887 11.0619 149.623 
0.557227 1.83049 111468 1 -0.592708 0.603846 275 0 1989 -0.0979485 0.0260288 0.0412113 -4.56592 11.0457 149.568 
0.567551 1.82422 111548 1 -0.592708 0.603846 276 0 1991 -0.0982118 0.0282634 0.0413479 -4.55956 11.0449 149.578 
0.55407 1.82858 111589 1 -0.592708 0.603846 277 0 1992 -0.0991595 0.0292614 0.0413446 -4.55581 11.049 149.62 
0.404892 1.87184 111669 1 -0.592708 0.603846 278 0 1994 -0.098337 0.0289603 0.042941 -4.56696 11.0225 149.569 
0.193043 1.87941 111749 1 -0.592708 0.603846 279 0 1996 -0.100199 0.0272123 0.0416822 -4.59397 11.053 149.683 
0.218 1.91683 111829 1 -0.592708 0.603846 280 0 1998 -0.100195 0.0307119 0.0449941 -4.56832 11.0133 149.657 
0.20829 1.90748 111909 1 -0.592708 0.603846 281 0 2000 -0.100049 0.0297888 0.0413592 -4.56783 11.0493 149.63 
0.20829 1.90748 111909 1 -0.592708 0.603846 282 0 2000 -0.100049 0.0297888 0.0413592 -4.56783 11.0493 149.63 
0.20829 1.90748 111909 1 -0.592708 0.603846 283 0 2000 -0.100049 0.0297888 0.0413592 -4.56783 11.0493 149.63 
-0.372907 2.71712 112070 1 -0.592708 0.603846 284 0 2004 -0.0995206 0.0285398 0.041123 -4.57709 11.0482 149.602 
1.45487 0.451771 112110 1 -0.592708 0.603846 285 0 2005 -0.0915845 0.0338775 0.0402944 -4.50992 11.0587 149.853 
1.45487 0.451771 112110 1 -0.592708 0.603846 286 0 2005 -0.0915845 0.0338775 0.0402944 -4.50992 11.0587 149.853 
0.205739 3.5153 112190 1 -0.592708 0.603846 287 0 2007 -0.0937594 0.0364331 0.0366585 -4.49922 11.0981 149.901 
0.451558 2.30312 112310 1 -0.592708 0.603846 288 0 2010 -0.0940441 0.0354416 0.0390949 -4.53014 11.0533 149.845 
0.784555 1.35655 112350 1 -0.592708 0.603846 289 0 2011 -0.0956961 0.0274339 0.0378466 -4.65908 11.1072 150.146 
0.784555 1.35655 112350 1 -0.592708 0.603846 290 0 2011 -0.0956961 0.0274339 0.0378466 -4.65908 11.1072 150.146 
0.803159 1.0142 112590 1 -0.592708 0.603846 291 1 2017 -0.0994093 0.0279629 0.0419911 -4.69167 11.0095 149.856 
0.779378 1.16183 112671 1 -0.592708 0.603846 292 1 2019 -0.100542 0.0253783 0.0409026 -4.72252 11.0322 149.822 
0.785576 1.13726 112751 1 -0.592708 0.603846 293 1 2021 -0.100544 0.0279523 0.0402207 -4.70003 11.0589 149.884 
0.780452 1.14298 112791 1 -0.592708 0.603846 294 1 2022 -0.100622 0.0265284 0.0413368 -4.71263 11.0405 149.835 
0.768453 1.14056 112872 1 -0.592708 0.603846 295 1 2024 -0.100362 0.0244092 0.0411173 -4.7387 11.0581 149.935 
0.742742 1.5563 112951 1 -0.592708 0.603846 296 0 2026 -0.101618 0.0240631 0.0396348 -4.74211 11.0793 149.908 
0.72501 1.69631 112991 1 -0.592708 0.603846 297 0 2027 -0.101729 0.024082 0.0375926 -4.7465 11.1073 149.962 
0.698427 1.71573 113071 1 -0.592708 0.603846 298 0 2029 -0.103096 0.0250959 0.0393359 -4.74594 11.0855 149.923 
0.568166 1.61422 113152 1 -0.592708 0.603846 299 0 2031 -0.102233 0.0266057 0.0375733 -4.73329 11.1075 149.924 
0.38291 1.53411 113192 1 -0.592708 0.603846 300 0 2032 -0.102785 0.0251046 0.0370862 -4.74878 11.1139 149.907 
0.361543 1.54959 113272 1 -0.592708 0.603846 301 0 2034 -0.104049 0.0256188 0.0395711 -4.75818 11.1083 150.063 
0.390237 1.52565 113311 1 -0.592708 0.603846 302 0 2035 -0.103441 0.0269625 0.0380451 -4.74971 11.1232 150.027 
0.390237 1.52565 113311 1 -0.592708 0.603846 303 0 2035 -0.103441 0.0269625 0.0380451 -4.74971 11.1232 150.027 
0.538241 1.52029 113512 1 -0.592708 0.603846 304 0 2040 -0.104693 0.0266599 0.0403717 -4.75703 11.1162 150.021 
0.551994 1.5848 113593 1 -0.592708 0.603846 305 0 2042 -0.10306 0.024487 0.0416873 -4.75642 11.0913 149.966 
0.581662 1.58331 113633 1 -0.592708 0.603846 306 0 2043 -0.102479 0.023673 0.041177 -4.75908 11.0865 149.929 
0.581662 1.58331 113633 1 -0.592708 0.603846 307 0 2043 -0.102479 0.023673 0.041177 -4.75908 11.0865 149.929 
0.594901 1.52882 113752 1 -0.592708 0.603846 308 0 2046 -0.10198 0.0234016 0.0378978 -4.74508 11.1178 149.798 
0.215328 1.09678 113833 1 -0.592708 0.603846 309 1 2048 -0.101535 0.0260672 0.0443035 -4.70882 11.0512 149.832 
0.20549 0.995597 113918 1 -0.592708 0.603846 310 1 2050 -0.100399 0.0269776 0.0435428 -4.69842 11.0652 149.909 
0.187694 0.990844 113953 1 -0.592708 0.603846 311 1 2051 -0.0997889 0.0263281 0.0445676 -4.7063 11.0629 149.955 
0.187694 0.990844 113953 1 -0.592708 0.603846 312 1 2051 -0.0997889 0.0263281 0.0445676 -4.7063 11.0629 149.955 
-0.0836105 1.10529 114114 1 -0.592708 0.603846 313 1 2055 -0.101019 0.0253041 0.0431594 -4.7361 11.0743 149.951 
-0.0854136 1.03417 114194 1 -0.592708 0.603846 314 1 2057 -0.101983 0.0263558 0.0407617 -4.74144 11.0947 149.921 
-0.0874705 0.969946 114274 1 -0.592708 0.603846 315 1 2059 -0.103414 0.0266664 0.0390722 -4.75141 11.1109 149.852 
-0.103641 0.999952 114314 1 -0.592708 0.603846 316 1 2060 -0.10421 0.0286074 0.0398181 -4.74009 11.1039 149.832 
-0.00111369 1.25593 114395 1 -0.592708 0.603846 317 0 2062 -0.104667 0.0264657 0.0400217 -4.75635 11.1052 149.878 
0.0301269 1.23907 114476 1 -0.592708 0.603846 318 0 2064 -0.103565 0.0250362 0.0373545 -4.7608 11.1339 149.992 
0.0208775 1.31317 114514 1 -0.592708 0.603846 319 0 2065 -0.103817 0.0236008 0.0383872 -4.77259 11.1128 149.911 
0.740362 1.74555 114594 1 -0.592708 0.603846 320 0 2067 -0.096061 0.0353991 0.0368439 -4.60954 11.1024 149.713 
-0.0535565 2.81872 114675 1 -0.592708 0.603846 321 0 2069 -0.0985478 0.0354615 0.0351513 -4.60937 11.125 149.849 
0.0992143 2.14636 114715 1 -0.592708 0.603846 322 0 2070 -0.0985951 0.036291 0.0363675 -4.59903 11.1054 149.87 
0.0922724 1.77228 114795 1 -0.592708 0.603846 323 0 2072 -0.103553 0.0264943 0.0386396 -4.73139 11.0907 149.945 
0.0922724 1.77228 114795 1 -0.592708 0.603846 324 0 2072 -0.103553 0.0264943 0.0386396 -4.73139 11.0907 149.945 
0.296427 1.46644 114834 1 -0.592708 0.603846 325 0 2073 -0.103055 0.0254657 0.0390013 -4.7416 11.0823 149.896 
0.700223 2.23769 114995 1 -0.592708 0.603846 326 0 2077 -0.0985313 0.0380464 0.0355229 -4.60296 11.087 149.773 
-1.60983 3.61668 115076 1 -0.592708 0.603846 327 0 2079 -0.0993555 0.0373582 0.0314922 -4.62852 11.129 149.795 
0.486952 1.66355 115116 1 -0.592708 0.603846 328 0 2080 -0.103097 0.0376401 0.0335526 -4.65257 11.1055 149.68 
0.486952 1.66355 115116 1 -0.592708 0.603846 329 0 2080 -0.103097 0.0376401 0.0335526 -4.65257 11.1055 149.68 
0.447204 1.17326 115316 1 -0.592708 0.603846 330 1 2085 -0.103129 0.0322904 0.0407787 -4.7611 10.9886 149.472 
0.452428 1.15361 115356 1 -0.592708 0.603846 331 1 2086 -0.103724 0.0324656 0.0413733 -4.76929 10.9829 149.513 
0.593116 1.06859 115436 1 -0.592708 0.603846 332 1 2088 -0.104731 0.0342183 0.0387263 -4.76126 11.0275 149.601 
0.593116 1.06859 115436 1 -0.592708 0.603846 333 1 2088 -0.104731 0.0342183 0.0387263 -4.76126 11.0275 149.601 
1.44086 1.06498 115596 1 -0.592708 0.603846 334 0 2092 -0.105484 0.0330098 0.0415174 -4.78441 11.0049 149.594 
1.56955 1.07398 115677 1 -0.592708 0.603846 335 0 2094 -0.104979 0.0325997 0.0414317 -4.78248 11.0135 149.695 
1.82376 1.09508 115757 1 -0.592708 0.603846 336 0 2096 -0.1036 0.0309735 0.0397575 -4.7869 11.027 149.597 
1.8025 1.08817 115797 1 -0.592708 0.603846 337 0 2097 -0.103488 0.0296427 0.0402532 -4.79727 11.0208 149.584 
1.79656 1.05849 115877 1 -0.592708 0.603846 338 0 2099 -0.1039 0.0280607 0.0412938 -4.81059 11.0283 149.695 
1.75414 1.03383 115957 1 -0.592708 0.603846 339 0 2101 -0.104189 0.0272583 0.0406534 -4.80373 11.0451 149.711 
1.71587 0.990647 115997 1 -0.592708 0.603846 340 0 2102 -0.103859 0.0240414 0.0392378 -4.82069 11.0666 149.732 
1.71587 0.990647 115997 1 -0.592708 0.603846 341 0 2102 -0.103859 0.0240414 0.0392378 -4.82069 11.0666 149.732 
1.71984 1.00017 116037 1 -0.592708 0.603846 342 0 2103 -0.103829 0.0234177 0.0396857 -4.8131 11.067 149.791 
1.68061 0.982476 116238 1 -0.592708 0.603846 343 0 2108 -0.104046 0.0252686 0.0420852 -4.76817 11.0495 149.754 
1.62715 1.0473 116318 1 -0.592708 0.603846 344 0 2110 -0.103466 0.0253344 0.0418033 -4.76496 11.064 149.921 
1.61726 1.00816 116398 1 -0.592708 0.603846 345 0 2112 -0.103716 0.0238041 0.0405591 -4.7723 11.0836 149.912 
1.62195 0.974786 116478 1 -0.592708 0.603846 346 0 2114 -0.104226 0.0239469 0.0406148 -4.76747 11.0982 149.961 
1.53829 2.5535 116558 1 -0.592708 0.603846 347 0 2116 -0.104828 0.0241967 0.0419381 -4.76225 11.0834 149.977 
2.10297 1.57059 116639 1 -0.592708 0.603846 348 0 2118 -0.0985915 0.03463 0.0376649 -4.61377 11.1134 149.906 
2.10297 1.57059 116639 1 -0.592708 0.603846 349 0 2118 -0.0985915 0.03463 0.0376649 -4.61377 11.1134 149.906 
1.73421 2.3776 116759 1 -0.592708 0.603846 350 0 2121 -0.0976125 0.0342089 0.0419079 -4.60564 11.0691 149.855 
1.4209 1.88616 116838 1 -0.592708 0.603846 351 0 2123 -0.10579 0.023253 0.0373033 -4.75142 11.1386 150.034 
1.43435 1.77795 116919 1 -0.592708 0.603846 352 0 2125 -0.10576 0.0238269 0.0338843 -4.75251 11.1781 150.048 
1.39549 1.92524 116960 1 -0.592708 0.603846 353 0 2126 -0.106763 0.0233392 0.0343835 -4.75896 11.1763 150.043 
1.40755 1.84855 116999 1 -0.592708 0.603846 354 0 2127 -0.107628 0.0251807 0.0314243 -4.73704 11.2113 150.03 
0.946039 1.82641 117120 1 -0.592708 0.603846 355 0 2130 -0.107232 0.027332 0.0335176 -4.72083 11.1903 150.068 
0.885525 1.80728 117199 1 -0.592708 0.603846 356 0 2132 -0.108122 0.026973 0.0360246 -4.7235 11.1726 150.111 
0.906764 1.81634 117280 1 -0.592708 0.603846 357 0 2134 -0.108139 0.027883 0.0368445 -4.72868 11.1655 150.18 
0.906764 1.81634 117280 1 -0.592708 0.603846 358 0 2134 -0.108139 0.027883 0.0368445 -4.72868 11.1655 150.18 
0.906764 1.81634 117280 1 -0.592708 0.603846 359 0 2134 -0.108139 0.027883 0.0368445 -4.72868 11.1655 150.18 
0.989927 1.88996 117439 1 -0.592708 0.603846 360 0 2138 -0.108643 0.0278872 0.0362977 -4.72993 11.1371 150.094 
0.996226 1.84934 117525 1 -0.592708 0.603846 361 0 2140 -0.108255 0.0259614 0.0344027 -4.74684 11.1627 150.131 
0.985401 1.84768 117560 1 -0.592708 0.603846 362 0 2141 -0.107697 0.0256985 0.0326881 -4.7418 11.1732 150.1 
0.985401 1.84768 117560 1 -0.592708 0.603846 363 0 2141 -0.107697 0.0256985 0.0326881 -4.7418 11.1732 150.1 
0.868906 3.37329 117761 1 -0.592708 0.603846 364 0 2146 -0.0990336 0.0339521 0.0326912 -4.627 11.1368 149.877 
0.896363 2.80483 117801 1 -0.592708 0.603846 365 0 2147 -0.100349 0.0341232 0.0324187 -4.62674 11.1364 149.883 
0.878185 2.3092 117880 1 -0.592708 0.603846 366 0 2149 -0.100111 0.0345633 0.0324031 -4.63129 11.1361 149.873 
0.878185 2.3092 117880 1 -0.592708 0.603846 367 0 2149 -0.100111 0.0345633 0.0324031 -4.63129 11.1361 149.873 
0.878185 2.3092 117880 1 -0.592708 0.603846 368 0 2149 -0.100111 0.0345633 0.0324031 -4.63129 11.1361 149.873 
0.790261 1.74761 118081 1 -0.592708 0.603846 369 0 2154 -0.111599 0.0304408 0.0352204 -4.73171 11.1591 149.992 
1.43525 0.992874 118162 1 -0.592708 0.603846 370 0 2156 -0.110036 0.0270274 0.0379949 -4.77776 11.1269 150.074 
1.42484 0.923081 118201 1 -0.592708 0.603846 371 0 2157 -0.110162 0.026978 0.038345 -4.77921 11.135 150.146 
1.4234 0.806229 118321 1 -0.592708 0.603846 372 0 2160 -0.109585 0.0241401 0.0347561 -4.79377 11.203 150.231 
1.41759 0.792897 118402 1 -0.592708 0.603846 373 0 2162 -0.108272 0.022238 0.0349416 -4.79664 11.1982 150.186 
1.41235 0.813149 118442 1 -0.592708 0.603846 374 0 2163 -0.108016 0.0228249 0.0362911 -4.78931 11.188 150.229 
1.35545 0.725698 118522 1 -0.592708 0.603846 375 0 2165 -0.107612 0.0234205 0.0361549 -4.77188 11.2085 150.288 
1.35545 0.725698 118522 1 -0.592708 0.603846 376 0 2165 -0.107612 0.0234205 0.0361549 -4.77188 11.2085 150.288 
0.879166 0.5482 118563 1 -0.592708 0.603846 377 1 2166 -0.106697 0.0244436 0.0402291 -4.75441 11.1576 150.215 
0.560648 0.485462 118722 1 -0.592708 0.603846 378 1 2170 -0.105163 0.0250671 0.0415538 -4.73046 11.1641 150.339 
0.564763 0.453979 118804 1 -0.592708 0.603846 379 1 2172 -0.104263 0.0254167 0.0389713 -4.72818 11.2044 150.5 
0.587104 0.947575 118883 1 -0.592708 0.603846 380 1 2174 -0.10572 0.026693 0.036661 -4.71595 11.2297 150.547 
1.11951 2.84841 118962 1 -0.592708 0.603846 381 0 2176 -0.100259 0.0339491 0.0337237 -4.61011 11.2404 150.418 
3.18722 1.51859 119003 1 -0.592708 0.603846 382 0 2177 -0.101602 0.0327058 0.0346269 -4.62387 11.2432 150.506 
0.596384 1.2892 119083 1 -0.592708 0.603846 383 0 2179 -0.105984 0.0256048 0.0392352 -4.73179 11.1964 150.427 
0.666173 0.929973 119163 1 -0.592708 0.603846 384 1 2181 -0.105027 0.0229759 0.038988 -4.74194 11.1906 150.393 
0.767191 0.89564 119244 1 -0.592708 0.603846 385 1 2183 -0.10443 0.0231667 0.0377072 -4.73565 11.2005 150.451 
0.904488 0.905628 119323 1 -0.592708 0.603846 386 1 2185 -0.105438 0.0237131 0.0355078 -4.72417 11.2329 150.434 
0.90276 0.952287 119363 1 -0.592708 0.603846 387 1 2186 -0.10461 0.0241077 0.0407713 -4.72357 11.1792 150.383 
0.933427 0.975094 119443 1 -0.592708 0.603846 388 1 2188 -0.104454 0.0245228 0.0407375 -4.73431 11.1917 150.433 
0.90041 1.03584 119524 1 -0.592708 0.603846 389 1 2190 -0.104756 0.0240331 0.0377018 -4.74605 11.2263 150.397 
0.899473 1.04631 119564 1 -0.592708 0.603846 390 1 2191 -0.105255 0.0244512 0.0394752 -4.75074 11.2102 150.42 
0.885837 1.06248 119644 1 -0.592708 0.603846 391 1 2193 -0.1062 0.0245586 0.0406119 -4.76497 11.1934 150.371 
0.901234 1.05374 119724 1 -0.592708 0.603846 392 1 2195 -0.107329 0.0261559 0.0401264 -4.7663 11.1955 150.434 
0.850551 0.986089 119805 1 -0.592708 0.603846 393 1 2197 -0.107747 0.027894 0.0388974 -4.75562 11.2005 150.453 
0.830326 1.00588 119844 1 -0.592708 0.603846 394 1 2198 -0.107899 0.0258112 0.0401367 -4.77909 11.1797 150.41 
0.829698 1.0197 119925 1 -0.592708 0.603846 395 1 2200 -0.108529 0.0271204 0.0401627 -4.77357 11.1759 150.398 
0.842722 0.990718 120005 1 -0.592708 0.603846 396 1 2202 -0.109314 0.0271308 0.0384822 -4.777 11.2006 150.464 
0.80368 1.1348 120084 1 -0.592708 0.603846 397 1 2204 -0.108838 0.0260205 0.0392479 -4.78209 11.1653 150.397 
0.792375 1.09756 120165 1 -0.592708 0.603846 398 1 2206 -0.109467 0.0255291 0.0370591 -4.7944 11.1918 150.452 
0.797036 1.10286 120205 1 -0.592708 0.603846 399 1 2207 -0.110007 0.0267154 0.0371269 -4.78307 11.1941 150.459 
0.849462 1.11877 120286 1 -0.592708 0.603846 400 1 2209 -0.110364 0.026874 0.0388087 -4.79098 11.1872 150.459 
0.821532 1.07654 120366 1 -0.592708 0.603846 401 1 2211 -0.111017 0.02634 0.0357331 -4.80644 11.2258 150.463 
0.853504 1.1591 120445 1 -0.592708 0.603846 402 1 2213 -0.110306 0.0261631 0.0402686 -4.82393 11.1689 150.428 
0.828725 1.31823 120485 1 -0.592708 0.603846 403 0 2214 -0.109932 0.0278767 0.0418726 -4.81599 11.1538 150.371 
3.72633 0.888312 120566 1 -0.592708 0.603846 404 0 2216 -0.105086 0.0355548 0.0386755 -4.72799 11.1867 150.225 
1.79434 1.15712 120646 1 -0.592708 0.603846 405 0 2218 -0.106013 0.0370842 0.0390932 -4.72573 11.1784 150.135 
1.02426 2.32386 120686 1 -0.592708 0.603846 406 0 2219 -0.107371 0.0369482 0.0411378 -4.73291 11.1538 150.141 
0.79798 1.75032 120767 1 -0.592708 0.603846 407 0 2221 -0.10901 0.0301409 0.0471842 -4.83623 11.0941 150.038 
0.916191 1.56956 120846 1 -0.592708 0.603846 408 0 2223 -0.108984 0.0287214 0.0481 -4.84262 11.0906 149.938 
0.912043 1.44874 120926 1 -0.592708 0.603846 409 0 2225 -0.1081 0.0273156 0.0462181 -4.83454 11.1247 149.91 
0.890849 1.35208 121008 1 -0.592708 0.603846 410 0 2227 -0.107962 0.025442 0.0443813 -4.83352 11.1674 149.897 
0.859282 1.26562 121047 1 -0.592708 0.603846 411 0 2228 -0.108857 0.0258213 0.0430317 -4.8235 11.2058 149.971 
0.825213 1.20648 121127 1 -0.592708 0.603846 412 0 2230 -0.111135 0.0256802 0.0440273 -4.81141 11.2368 150.204 
0.82402 1.14489 121167 1 -0.592708 0.603846 413 1 2231 -0.110628 0.0243699 0.0419392 -4.81875 11.285 150.331 
0.806739 1.15713 121287 1 -0.592708 0.603846 414 1 2234 -0.111164 0.0209963 0.0452111 -4.83992 11.2828 150.488 
0.806233 1.16291 121327 1 -0.592708 0.603846 415 1 2235 -0.111071 0.0200448 0.0470853 -4.84778 11.263 150.483 
0.814326 1.13252 121407 1 -0.592708 0.603846 416 1 2237 -0.111381 0.0215709 0.0459966 -4.83295 11.2789 150.489 
0.838908 0.812638 121488 1 -0.592708 0.603846 417 1 2239 -0.111693 0.0206127 0.046921 -4.84225 11.2754 150.507 
0.838908 0.812638 121488 1 -0.592708 0.603846 418 1 2239 -0.111693 0.0206127 0.046921 -4.84225 11.2754 150.507 
0.886505 0.552038 121649 1 -0.592708 0.603846 419 1 2243 -0.111222 0.0185222 0.0490814 -4.86172 11.2947 150.631 
1.02659 0.4869 121688 1 -0.592708 0.603846 420 1 2244 -0.10948 0.016725 0.0480377 -4.87282 11.3059 150.613 
1.06259 0.433354 121768 1 -0.592708 0.603846 421 1 2246 -0.109787 0.0173589 0.0484945 -4.86152 11.2999 150.618 
1.09605 0.426855 121849 1 -0.592708 0.603846 422 1 2248 -0.109714 0.0185723 0.0461509 -4.84695 11.3243 150.599 
1.08912 0.438772 121889 1 -0.592708 0.603846 423 1 2249 -0.109917 0.0188197 0.0474243 -4.84691 11.315 150.646 
0.831893 0.470227 121968 1 -0.592708 0.603846 424 1 2251 -0.109973 0.0190199 0.0472251 -4.83916 11.2999 150.585 
0.42433 0.580583 122049 1 -0.592708 0.603846 425 1 2253 -0.109271 0.0185892 0.0463108 -4.84385 11.3079 150.577 
0.363523 0.961764 122129 1 -0.592708 0.603846 426 1 2255 -0.111577 0.0196098 0.0448563 -4.83951 11.3331 150.61 
0.55974 2.52725 122209 1 -0.592708 0.603846 427 0 2257 -0.102746 0.0273808 0.0464608 -4.73313 11.2668 150.239 
1.47088 1.42622 122250 1 -0.592708 0.603846 428 0 2258 -0.10495 0.0282255 0.0473395 -4.7352 11.2696 150.46 
-0.114222 1.30285 122329 1 -0.592708 0.603846 429 0 2260 -0.112808 0.0225476 0.0443318 -4.82581 11.319 150.519 
-0.052315 0.949582 122412 1 -0.592708 0.603846 430 1 2262 -0.113943 0.0235465 0.0457823 -4.82964 11.3002 150.529 
-0.172626 0.896151 122489 1 -0.592708 0.603846 431 1 2264 -0.113316 0.0204859 0.0423639 -4.87854 11.3439 150.597 
-0.158738 0.906937 122570 1 -0.592708 0.603846 432 1 2266 -0.113252 0.0221888 0.0454619 -4.86471 11.3004 150.559 
-0.138685 0.820583 122651 1 -0.592708 0.603846 433 1 2268 -0.112202 0.0219831 0.0450022 -4.87734 11.3413 150.667 
-0.163088 0.854247 122690 1 -0.592708 0.603846 434 1 2269 -0.114499 0.0212973 0.0461931 -4.88259 11.3237 150.623 
-0.145974 0.8442 122770 1 -0.592708 0.603846 435 1 2271 -0.114243 0.0224585 0.0478594 -4.87766 11.3119 150.609 
-0.163783 0.810244 122850 1 -0.592708 0.603846 436 1 2273 -0.11434 0.0231841 0.0477177 -4.8772 11.3213 150.614 
-0.148066 0.802607 122930 1 -0.592708 0.603846 437 1 2275 -0.113118 0.0232021 0.050253 -4.873 11.3037 150.676 
-0.169971 0.846683 122971 1 -0.592708 0.603846 438 1 2276 -0.114896 0.0222984 0.0505297 -4.88212 11.2928 150.663 
-0.158905 0.807974 123051 1 -0.592708 0.603846 439 1 2278 -0.113628 0.022951 0.0492695 -4.88525 11.2856 150.616 
-0.0926423 0.80968 123090 1 -0.592708 0.603846 440 1 2279 -0.112619 0.0254777 0.0464998 -4.8657 11.3056 150.635 
-0.0574404 2.20433 123170 1 -0.592708 0.603846 441 0 2281 -0.115393 0.0199998 0.0386846 -4.9323 11.416 150.638 
0.840984 2.53512 123251 1 -0.592708 0.603846 442 0 2283 -0.109151 0.0298118 0.0480268 -4.78822 11.264 150.231 
0.342616 2.03122 123331 1 -0.592708 0.603846 443 0 2285 -0.108231 0.0292751 0.0497615 -4.78307 11.2442 150.254 
0.35199 1.41907 123371 1 -0.592708 0.603846 444 0 2286 -0.113013 0.0229964 0.048155 -4.86079 11.2716 150.239 
0.357099 1.10535 123451 1 -0.592708 0.603846 445 1 2288 -0.11497 0.0234449 0.0507267 -4.85739 11.2731 150.408 
0.402629 0.998581 123531 1 -0.592708 0.603846 446 1 2290 -0.11358 0.02144 0.0573351 -4.86756 11.2231 150.236 
0.42063 0.951951 123612 1 -0.592708 0.603846 447 1 2292 -0.113903 0.0224099 0.0568784 -4.84819 11.2779 150.37 
0.43217 0.906611 123692 1 -0.592708 0.603846 448 1 2294 -0.1119 0.0194557 0.0543582 -4.86508 11.3331 150.448 
0.442683 0.923343 123772 1 -0.592708 0.603846 449 1 2296 -0.112111 0.0191252 0.0557436 -4.85456 11.3239 150.412 
0.440717 0.876827 123812 1 -0.592708 0.603846 450 1 2297 -0.112493 0.0192382 0.0530875 -4.85075 11.3616 150.477 
0.456345 0.85995 123892 1 -0.592708 0.603846 451 1 2299 -0.110478 0.0183671 0.0536682 -4.86127 11.3603 150.495 
0.444548 0.847932 123932 1 -0.592708 0.603846 452 1 2300 -0.111446 0.0182453 0.0530857 -4.85927 11.3684 150.525 
0.431356 0.847636 124012 1 -0.592708 0.603846 453 1 2302 -0.111215 0.0183081 0.0536686 -4.86269 11.3609 150.458 
0.454952 0.860827 124093 1 -0.592708 0.603846 454 1 2304 -0.108957 0.0190124 0.0538695 -4.84479 11.3615 150.535 
0.436137 0.856142 124173 1 -0.592708 0.603846 455 1 2306 -0.108039 0.0181787 0.0523172 -4.84194 11.3666 150.499 
0.37288 1.00198 124212 1 -0.592708 0.603846 456 1 2307 -0.110113 0.0170044 0.0538608 -4.85248 11.3373 150.414 
-0.266848 0.615859 124293 1 -0.592708 0.603846 457 0 2309 -0.108404 0.0187233 0.056962 -4.82934 11.2857 150.34 
-0.241107 0.393073 124373 1 -0.592708 0.603846 458 0 2311 -0.108755 0.01782 0.0557566 -4.83266 11.305 150.298 
-0.220255 0.338589 124453 1 -0.592708 0.603846 459 0 2313 -0.108142 0.017664 0.0565642 -4.83314 11.2931 150.319 
-0.242559 0.34765 124534 1 -0.592708 0.603846 460 0 2315 -0.1077 0.016338 0.0580475 -4.84804 11.2736 150.288 
-0.21272 0.327707 124574 1 -0.592708 0.603846 461 0 2316 -0.107737 0.0186875 0.0574757 -4.82861 11.2877 150.377 
0.0594635 0.440279 124613 1 -0.592708 0.603846 462 1 2317 -0.109062 0.0176255 0.0602329 -4.84933 11.2479 150.304 
0.0594635 0.440279 124613 1 -0.592708 0.603846 463 1 2317 -0.109062 0.0176255 0.0602329 -4.84933 11.2479 150.304 
1.67217 0.739818 124774 1 -0.592708 0.603846 464 0 2321 -0.111065 0.0190778 0.0581197 -4.86515 11.25 150.188 
1.69222 0.666397 124854 1 -0.592708 0.603846 465 0 2323 -0.112168 0.0201549 0.0594461 -4.87149 11.2473 150.216 
1.70162 0.653537 124894 1 -0.592708 0.603846 466 0 2324 -0.111945 0.0209833 0.0567839 -4.86758 11.2722 150.182 
1.7263 0.94483 124974 1 -0.592708 0.603846 467 0 2326 -0.112685 0.0199279 0.0602234 -4.88176 11.215 150.141 
3.44021 4.70286 125054 1 -0.592708 0.603846 468 0 2328 -0.104721 0.0278723 0.0569643 -4.77851 11.2041 150.019 
1.16108 0.957731 125134 1 -0.592708 0.603846 469 0 2330 -0.106431 0.0273098 0.0569443 -4.78967 11.2162 150.108 
1.16108 0.957731 125134 1 -0.592708 0.603846 470 0 2330 -0.106431 0.0273098 0.0569443 -4.78967 11.2162 150.108 
1.61298 1.22842 125295 1 -0.592708 0.603846 471 0 2334 -0.113417 0.0242919 0.061309 -4.84899 11.1644 150.153 
1.57239 1.24072 125334 1 -0.592708 0.603846 472 0 2335 -0.113893 0.0242419 0.0572289 -4.85026 11.2162 150.279 
3.99497 4.72582 125415 1 -0.592708 0.603846 473 0 2337 -0.111472 0.0295852 0.0594734 -4.77961 11.1734 150.153 
1.20551 3.27525 125456 1 -0.592708 0.603846 474 0 2338 -0.105072 0.0307857 0.0585454 -4.74936 11.1801 150.337 
1.20551 3.27525 125456 1 -0.592708 0.603846 475 0 2338 -0.105072 0.0307857 0.0585454 -4.74936 11.1801 150.337 
1.03045 3.75368 125657 1 -0.592708 0.603846 476 0 2343 -0.106758 0.0302147 0.0548496 -4.75663 11.2062 150.211 
0.921417 3.05612 125695 1 -0.592708 0.603846 477 0 2344 -0.106488 0.0304144 0.0563156 -4.75843 11.2134 150.2 
0.854121 2.64089 125775 1 -0.592708 0.603846 478 0 2346 -0.105962 0.0307531 0.058564 -4.75202 11.1917 150.141 
0.854121 2.64089 125775 1 -0.592708 0.603846 479 0 2346 -0.105962 0.0307531 0.058564 -4.75202 11.1917 150.141 
0.78332 2.39091 125896 1 -0.592708 0.603846 480 0 2349 -0.105146 0.0288098 0.0630537 -4.75692 11.1092 150.071 
0.195207 2.10171 125976 1 -0.592708 0.603846 481 0 2351 -0.109528 0.0266956 0.0598988 -4.79329 11.1593 150.017 
0.106132 1.88199 126057 1 -0.592708 0.603846 482 0 2353 -0.110498 0.0237624 0.0594791 -4.82294 11.1912 150.101 
0.0941918 1.79021 126096 1 -0.592708 0.603846 483 0 2354 -0.111341 0.0217271 0.0563007 -4.84718 11.2469 150.206 
0.0718692 1.75799 126177 1 -0.592708 0.603846 484 0 2356 -0.111291 0.0210071 0.0589591 -4.84996 11.2357 150.323 
0.0665009 1.70443 126256 1 -0.592708 0.603846 485 0 2358 -0.111245 0.0198952 0.0570043 -4.85555 11.2774 150.346 
0.0664572 1.71961 126297 1 -0.592708 0.603846 486 0 2359 -0.111311 0.0197797 0.0570167 -4.86017 11.2819 150.385 
-0.073054 1.62774 126377 1 -0.592708 0.603846 487 0 2361 -0.110435 0.0180807 0.0593477 -4.88537 11.2474 150.317 
-0.0621104 1.57578 126417 1 -0.592708 0.603846 488 0 2362 -0.110652 0.0178798 0.058488 -4.89646 11.2724 150.396 
-0.0621104 1.57578 126417 1 -0.592708 0.603846 489 0 2362 -0.110652 0.0178798 0.058488 -4.89646 11.2724 150.396 
-0.0649876 1.45174 126617 1 -0.592708 0.603846 490 0 2367 -0.108518 0.0135558 0.0551156 -4.92221 11.3184 150.446 
-0.0502584 1.45464 126698 1 -0.592708 0.603846 491 0 2369 -0.10963 0.0167357 0.0577068 -4.89544 11.2836 150.458 
-0.0376445 1.50983 126738 1 -0.592708 0.603846 492 0 2370 -0.109268 0.0166591 0.0606057 -4.89605 11.2476 150.445 
-0.0543053 1.43576 126819 1 -0.592708 0.603846 493 0 2372 -0.109612 0.017695 0.0616024 -4.89035 11.2414 150.477 
-0.188771 1.16448 126898 1 -0.592708 0.603846 494 1 2374 -0.110949 0.0190943 0.0624168 -4.88362 11.2313 150.55 
-0.211591 1.2162 126978 1 -0.592708 0.603846 495 0 2376 -0.110992 0.0181205 0.0651885 -4.90508 11.1778 150.325 
-0.986987 3.74495 127058 1 -0.592708 0.603846 496 0 2378 -0.110074 0.0186276 0.062893 -4.91187 11.1951 150.278 
-0.986987 3.74495 127058 1 -0.592708 0.603846 497 0 2378 -0.110074 0.0186276 0.062893 -4.91187 11.1951 150.278 
-0.248207 2.26492 127179 1 -0.592708 0.603846 498 0 2381 -0.107549 0.0305405 0.0702163 -4.78061 11.0676 149.988 
-0.18151 1.4718 127258 1 -0.592708 0.603846 499 0 2383 -0.114114 0.0260972 0.0641943 -4.86364 11.175 150.216 
-0.172177 1.38789 127298 1 -0.592708 0.603846 500 0 2384 -0.11317 0.0231761 0.0650035 -4.9005 11.1755 150.288 
-0.12663 1.36602 127379 1 -0.592708 0.603846 501 0 2386 -0.112084 0.0269018 0.0657072 -4.86135 11.1634 150.441 
-0.12663 1.36602 127379 1 -0.592708 0.603846 502 0 2386 -0.112084 0.0269018 0.0657072 -4.86135 11.1634 150.441 
-0.0977034 1.40479 127419 1 -0.592708 0.603846 503 0 2387 -0.11114 0.028202 0.0691766 -4.84907 11.119 150.398 
0.055645 1.25415 127619 1 -0.592708 0.603846 504 0 2392 -0.111869 0.0299324 0.0714326 -4.84712 11.1056 150.535 
0.321618 1.13221 127659 1 -0.592708 0.603846 505 1 2393 -0.112053 0.0301213 0.0690575 -4.84351 11.1255 150.586 
0.334299 1.08231 127699 1 -0.592708 0.603846 506 1 2394 -0.111644 0.0286954 0.0699863 -4.85472 11.1061 150.545 
0.334299 1.08231 127699 1 -0.592708 0.603846 507 1 2394 -0.111644 0.0286954 0.0699863 -4.85472 11.1061 150.545 
1.54056 2.91034 127900 1 -0.592708 0.603846 508 0 2399 -0.109891 0.0394137 0.0700798 -4.72809 11.0394 150.23 
1.52022 1.34308 127941 1 -0.592708 0.603846 509 0 2400 -0.110006 0.0399906 0.0701506 -4.72289 11.0395 150.238 
0.439252 1.51886 128019 1 -0.592708 0.603846 510 0 2402 -0.11375 0.0351077 0.0680309 -4.82117 11.0921 150.388 
0.508713 1.24269 128100 1 -0.592708 0.603846 511 0 2404 -0.113141 0.034637 0.070866 -4.82591 11.0532 150.289 
0.71584 1.1803 128181 1 -0.592708 0.603846 512 1 2406 -0.11226 0.0350521 0.0736091 -4.83181 11.0381 150.317 
0.883419 1.0878 128261 1 -0.592708 0.603846 513 1 2408 -0.112896 0.0316978 0.0717064 -4.87141 11.0857 150.336 
0.882751 1.03474 128301 1 -0.592708 0.603846 514 1 2409 -0.112988 0.0306446 0.0712144 -4.8878 11.1159 150.463 
0.898915 1.06677 128380 1 -0.592708 0.603846 515 1 2411 -0.112821 0.0300586 0.0702709 -4.88971 11.1419 150.491 
0.804671 1.16976 128461 1 -0.592708 0.603846 516 1 2413 -0.111514 0.0296534 0.0659486 -4.88404 11.2264 150.645 
0.781033 0.956802 128541 1 -0.592708 0.603846 517 1 2415 -0.111334 0.0251609 0.0586336 -4.94461 11.3656 150.962 
0.816974 1.06544 128621 1 -0.592708 0.603846 518 1 2417 -0.112424 0.030062 0.0653198 -4.87167 11.2462 150.602 
0.823678 1.07567 128661 1 -0.592708 0.603846 519 1 2418 -0.112208 0.0306267 0.0655933 -4.86537 11.2513 150.651 
0.807953 0.938834 128741 1 -0.592708 0.603846 520 1 2420 -0.111635 0.0265191 0.058318 -4.90474 11.3537 150.709 
0.805682 0.939513 128782 1 -0.592708 0.603846 521 1 2421 -0.111424 0.0264984 0.0576346 -4.89531 11.3558 150.686 
0.830666 0.943192 128861 1 -0.592708 0.603846 522 1 2423 -0.110852 0.0263542 0.0575389 -4.88668 11.3502 150.658 
0.888949 0.937056 128942 1 -0.592708 0.603846 523 1 2425 -0.111664 0.0271935 0.0636568 -4.86821 11.2653 150.549 
0.872808 0.871319 129022 1 -0.592708 0.603846 524 1 2427 -0.111913 0.0248566 0.06121 -4.89241 11.3192 150.591 
0.878013 0.866501 129102 1 -0.592708 0.603846 525 1 2429 -0.111575 0.0252188 0.0593266 -4.88212 11.3463 150.551 
0.872433 0.88124 129142 1 -0.592708 0.603846 526 1 2430 -0.110932 0.0234084 0.0590057 -4.89332 11.3476 150.468 
0.863223 0.88549 129222 1 -0.592708 0.603846 527 1 2432 -0.112133 0.023743 0.0613899 -4.8896 11.3351 150.464 
0.867018 0.875531 129303 1 -0.592708 0.603846 528 1 2434 -0.112279 0.0259552 0.0591998 -4.86762 11.3555 150.46 
0.822798 0.836049 129383 1 -0.592708 0.603846 529 1 2436 -0.113508 0.0236772 0.0567247 -4.89792 11.3849 150.477 
0.847705 0.974846 129462 1 -0.592708 0.603846 530 1 2438 -0.113284 0.0275443 0.0647417 -4.86144 11.2749 150.37 
0.853925 1.01109 129502 1 -0.592708 0.603846 531 1 2439 -0.112838 0.0279456 0.0652489 -4.85267 11.2583 150.304 
0.864813 1.03597 129583 1 -0.592708 0.603846 532 1 2441 -0.110667 0.0263814 0.0657729 -4.86221 11.2377 150.371 
0.840062 1.04957 129663 1 -0.592708 0.603846 533 1 2443 -0.112633 0.0273352 0.0625152 -4.85615 11.2569 150.267 
0.840904 1.03144 129703 1 -0.592708 0.603846 534 1 2444 -0.112384 0.0273594 0.0629045 -4.86191 11.2586 150.33 
0.736411 1.61515 129784 1 -0.592708 0.603846 535 0 2446 -0.115167 0.0270462 0.0616579 -4.86812 11.2737 150.3 
2.18132 2.95376 129863 1 -0.592708 0.603846 536 0 2448 -0.109028 0.0377937 0.064616 -4.73034 11.1807 149.849 
1.03459 2.51683 129944 1 -0.592708 0.603846 537 0 2450 -0.110013 0.0378512 0.0645323 -4.73449 11.1812 149.956 
0.820759 1.8412 129984 1 -0.592708 0.603846 538 0 2451 -0.113867 0.0288272 0.0583129 -4.84853 11.2727 150.04 
0.766748 1.50472 130064 1 -0.592708 0.603846 539 0 2453 -0.115323 0.0272988 0.0634017 -4.89742 11.2327 150.363 
0.830151 1.44943 130145 1 -0.592708 0.603846 540 0 2455 -0.115553 0.0296475 0.0638033 -4.88176 11.2024 150.345 
0.866252 1.42766 130184 1 -0.592708 0.603846 541 0 2456 -0.115199 0.0297448 0.0656813 -4.88509 11.1643 150.242 
0.87367 1.31302 130304 1 -0.592708 0.603846 542 0 2459 -0.115579 0.0279379 0.0643188 -4.91228 11.1995 150.371 
0.870567 1.28595 130344 1 -0.592708 0.603846 543 0 2460 -0.115853 0.0272463 0.0635241 -4.9213 11.2132 150.396 
0.869566 1.33186 130424 1 -0.592708 0.603846 544 0 2462 -0.114864 0.0280987 0.0658308 -4.91005 11.1611 150.317 
0.883293 1.38199 130505 1 -0.592708 0.603846 545 0 2464 -0.115635 0.0289094 0.0651213 -4.91217 11.1513 150.279 
0.865675 1.36496 130545 1 -0.592708 0.603846 546 0 2465 -0.116157 0.0294335 0.0643002 -4.91637 11.1622 150.261 
1.49047 2.65013 130665 1 -0.592708 0.603846 547 0 2468 -0.118509 0.0287135 0.0652383 -4.9501 11.1547 150.165 
1.03705 1.14341 130745 1 -0.592708 0.603846 548 0 2470 -0.115728 0.0428228 0.0621213 -4.81408 11.1532 149.977 
2.4665 1.57834 130785 1 -0.592708 0.603846 549 0 2471 -0.115395 0.0448792 0.064239 -4.80016 11.1157 149.893 
0.89273 0.769554 130825 1 -0.592708 0.603846 550 0 2472 -0.115897 0.0359257 0.0638762 -4.92306 11.1232 149.903 
0.927 0.149777 130946 1 -0.592708 0.603846 551 1 2475 -0.114819 0.0378477 0.06437 -4.91596 11.1577 150.138 
0.93253 0.0792077 131027 1 -0.592708 0.603846 552 1 2477 -0.115707 0.0361877 0.0623466 -4.9189 11.1728 150.079 
0.83617 0.494873 131106 1 -0.592708 0.603846 553 1 2479 -0.118526 0.0326437 0.060294 -4.93463 11.2073 150.105 
0.858108 0.682617 131146 1 -0.592708 0.603846 554 1 2480 -0.117834 0.0322321 0.0613448 -4.92938 11.2101 150.182 
0.810772 0.678641 131267 1 -0.592708 0.603846 555 1 2483 -0.112941 0.0272307 0.0601232 -4.94083 11.2404 150.255 
0.800364 0.673184 131306 1 -0.592708 0.603846 556 1 2484 -0.112538 0.0264774 0.0593157 -4.94104 11.2508 150.21 
0.776106 0.694993 131386 1 -0.592708 0.603846 557 1 2486 -0.113131 0.026374 0.0587561 -4.95543 11.29 150.413 
0.0303068 0.581199 131467 1 -0.592708 0.603846 558 1 2488 -0.114035 0.0247461 0.0589926 -4.99142 11.3138 150.587 
0.0303068 0.581199 131467 1 -0.592708 0.603846 559 1 2488 -0.114035 0.0247461 0.0589926 -4.99142 11.3138 150.587 
0.0067565 0.509988 131587 1 -0.592708 0.603846 560 1 2491 -0.11246 0.0234633 0.061275 -5.03384 11.3198 150.913 
0.0655322 0.563302 131668 1 -0.592708 0.603846 561 1 2493 -0.11277 0.0247001 0.0605517 -5.01458 11.235 150.672 
0.0746889 0.529285 131706 1 -0.592708 0.603846 562 1 2494 -0.114623 0.0264146 0.0544341 -4.99526 11.2567 150.742 
0.771035 0.618693 131787 1 -0.592708 0.603846 563 1 2496 -0.114752 0.02816 0.0490797 -4.9605 11.1427 150.059 
0.771035 0.618693 131787 1 -0.592708 0.603846 564 1 2496 -0.114752 0.02816 0.0490797 -4.9605 11.1427 150.059 
0.767356 0.339113 131948 1 -0.592708 0.603846 565 1 2500 -0.116044 0.0256162 0.0386827 -4.92215 11.2162 149.195 
0.721626 0.421153 132028 1 -0.592708 0.603846 566 1 2502 -0.115233 0.0231305 0.0480636 -4.9252 11.2744 149.454 
0.864446 0.6442 132107 1 -0.592708 0.603846 567 1 2504 -0.114532 0.0237332 0.0547339 -4.88362 11.217 149.326 
0.922268 0.681515 132188 1 -0.592708 0.603846 568 1 2506 -0.114459 0.0323629 0.0470438 -4.77164 11.2108 149.335 
1.06804 0.825453 132268 1 -0.592708 0.603846 569 1 2508 -0.112192 0.0427048 0.0455859 -4.6518 11.1132 149.092 
1.08631 0.847126 132308 1 -0.592708 0.603846 570 1 2509 -0.111335 0.0446045 0.0447988 -4.63478 11.1202 149.189 
1.0574 0.888075 132388 1 -0.592708 0.603846 571 1 2511 -0.109152 0.0378567 0.0487307 -4.71927 11.1728 149.833 
0.995704 0.990755 132468 1 -0.592708 0.603846 572 1 2513 -0.106899 0.0325088 0.0559855 -4.8036 11.1618 150.264 
0.920377 1.00131 132508 1 -0.592708 0.603846 573 1 2514 -0.107253 0.0278187 0.0575937 -4.90677 11.1531 150.454 
1.02124 1.07449 132588 1 -0.592708 0.603846 574 1 2516 -0.111443 0.0400981 0.0585625 -4.88184 11.1097 150.283 
0.969002 1.11722 132669 1 -0.592708 0.603846 575 1 2518 -0.11279 0.0321176 0.0583254 -5.03801 11.0648 149.703 
1.01967 1.13043 132749 1 -0.592708 0.603846 576 1 2520 -0.121607 0.0329228 0.0573212 -5.06793 11.1183 149.198 
0.984554 1.11191 132830 1 -0.592708 0.603846 577 1 2522 -0.12638 0.0334274 0.0573208 -5.10929 11.1679 149.15 
0.962667 1.15788 132869 1 -0.592708 0.603846 578 1 2523 -0.130329 0.0346525 0.0616949 -5.11282 11.1226 149.053 
0.946799 1.2737 132949 1 -0.592708 0.603846 579 0 2525 -0.130547 0.0423316 0.0682255 -5.02638 11.0487 148.992 
0.974404 1.2803 133029 1 -0.592708 0.603846 580 0 2527 -0.130216 0.0448102 0.0691394 -4.96914 11.0388 148.915 
1.0036 1.19633 133110 1 -0.592708 0.603846 581 1 2529 -0.129384 0.0456899 0.0681516 -4.94591 11.1179 149.069 
1.00706 1.2336 133190 1 -0.592708 0.603846 582 0 2531 -0.129283 0.045799 0.072974 -4.94354 11.0935 149.063 
0.976255 1.2029 133230 1 -0.592708 0.603846 583 0 2532 -0.129429 0.0449378 0.0718965 -4.95679 11.1485 149.253 
0.95406 1.15391 133310 1 -0.592708 0.603846 584 1 2534 -0.12838 0.0421891 0.0707135 -4.96297 11.1551 149.372 
0.8995 0.939558 133390 1 -0.592708 0.603846 585 1 2536 -0.129454 0.0378251 0.0643783 -4.98632 11.2396 149.583 
0.907061 0.975449 133430 1 -0.592708 0.603846 586 1 2537 -0.130582 0.0385394 0.0655696 -4.97613 11.2307 149.541 
0.958585 1.05249 133510 1 -0.592708 0.603846 587 1 2539 -0.131235 0.047561 0.0720758 -4.87919 11.1663 149.671 
0.887201 1.01307 133590 1 -0.592708 0.603846 588 1 2541 -0.132097 0.0427042 0.0685864 -4.91535 11.2609 149.792 
0.866093 0.996788 133630 1 -0.592708 0.603846 589 1 2542 -0.13141 0.039815 0.0696798 -4.93465 11.243 149.754 
1.04186 0.718894 133751 1 -0.592708 0.603846 590 1 2545 -0.132373 0.0361255 0.0614724 -4.9398 11.2671 149.3 
1.01477 0.631978 133791 1 -0.592708 0.603846 591 1 2546 -0.133948 0.0391195 0.0557494 -4.90345 11.2957 149.068 
1.03216 0.486433 133871 1 -0.592708 0.603846 592 1 2548 -0.135272 0.0421216 0.0482813 -4.86526 11.3418 148.189 
1.15404 0.511811 133952 1 -0.592708 0.603846 593 1 2550 -0.138168 0.0525861 0.0486882 -4.76162 11.3286 147.727 
1.1645 0.719663 134034 1 -0.592708 0.603846 594 1 2552 -0.138095 0.0604644 0.0549135 -4.68326 11.1673 147.333 
1.26891 0.706401 134111 1 -0.592187 0.603846 595 0 2554 -0.13714 0.0608309 0.0533173 -4.68118 11.1009 147.147 
1.2345 0.662083 134192 1 -0.592187 0.603846 596 0 2556 -0.140055 0.0628866 0.0552158 -4.67171 11.051 146.718 
1.24111 0.694578 134232 1 -0.592187 0.603846 597 0 2557 -0.141001 0.0675013 0.0593794 -4.63229 11.0103 146.55 
1.28162 0.862955 134312 1 -0.592187 0.601923 598 0 2559 -0.142405 0.0714671 0.0677674 -4.6024 10.862 146.433 
1.37054 0.722909 134392 1 -0.592187 0.601923 599 0 2561 -0.13837 0.0703415 0.0588052 -4.59965 10.9399 146.697 
1.38023 0.658851 134433 1 -0.592187 0.601923 600 0 2562 -0.137994 0.0682326 0.0546882 -4.61373 10.9629 146.614 
1.28037 1.33787 134553 1 -0.592187 0.601923 601 0 2565 -0.138555 0.0675478 0.0501154 -4.61483 10.9992 146.563 
0.508829 1.31331 134633 1 -0.592187 0.601923 602 0 2567 -0.130375 0.087663 0.0610907 -4.38834 10.6485 145.386 
1.50286 2.75631 134712 1 -0.592187 0.601923 603 0 2569 -0.130013 0.0977499 0.0726981 -4.29445 10.3558 144.758 
1.4072 2.26712 134752 1 -0.592187 0.601923 604 0 2570 -0.129914 0.102438 0.0627495 -4.25866 10.4192 144.751 
1.4072 2.26712 134752 1 -0.592187 0.600962 605 0 2570 -0.129914 0.102438 0.0627495 -4.25866 10.4192 144.751 
1.33963 1.85658 134953 1 -0.592187 0.600962 606 0 2575 -0.135382 0.125118 0.0325621 -4.02348 10.4479 144.355 
1.41412 1.88846 134993 1 -0.592187 0.600962 607 0 2576 -0.133875 0.130658 0.0380526 -3.95922 10.2785 143.764 
1.54976 1.73981 135074 1 -0.592187 0.600962 608 0 2578 -0.134484 0.143526 0.00834925 -3.77249 10.4187 143.297 
1.54976 1.73981 135074 1 -0.592187 0.600962 609 0 2578 -0.134484 0.143526 0.00834925 -3.77249 10.4187 143.297 
2.46369 1.25403 135233 1 -0.592187 0.600962 610 0 2582 -0.132868 0.144851 0.0136226 -3.73867 10.2698 142.92 
3.2448 1.2088 135314 1 -0.592708 0.600962 611 0 2584 -0.130362 0.170357 -0.0160486 -3.37516 10.2498 141.537 
3.37336 1.32692 135394 1 -0.596354 0.601923 612 0 2586 -0.128057 0.183998 -0.0170398 -3.22337 10.0806 141.216 
3.37336 1.32692 135394 1 -0.597917 0.603846 613 0 2586 -0.128057 0.183998 -0.0170398 -3.22337 10.0806 141.216 
3.37336 1.32692 135394 1 -0.597917 0.603846 614 0 2586 -0.128057 0.183998 -0.0170398 -3.22337 10.0806 141.216 
3.46929 1.39301 135594 1 -0.597917 0.603846 615 0 2591 -0.127885 0.194248 -0.0277986 -3.06661 9.95281 141.049 
3.33252 1.77727 135675 1 -0.597917 0.603846 616 0 2593 -0.125749 0.201387 -0.0313046 -3.00262 9.86602 141.256 
3.38547 1.9417 135717 1 -0.597917 0.603846 617 0 2594 -0.127377 0.20391 -0.0335573 -2.9969 9.82187 141.695 
3.38547 1.9417 135717 1 -0.597917 0.603846 618 0 2594 -0.127377 0.20391 -0.0335573 -2.9969 9.82187 141.695 
2.8449 4.49959 135874 1 -0.597917 0.603846 619 0 2598 -0.141243 0.191225 -0.0563079 -3.27724 9.8047 142.195 
2.7879 3.7141 135956 1 -0.597917 0.603846 620 0 2600 -0.168799 0.211271 -0.0881147 -2.97675 9.89025 140.246 
2.68551 3.25356 135995 1 -0.597917 0.603846 621 0 2601 -0.181356 0.224028 -0.0923624 -2.77249 9.80684 139.084 
2.91775 3.24002 136035 1 -0.597917 0.603846 622 0 2602 -0.194327 0.236952 -0.0980037 -2.54397 9.719 137.905 
1.04291 1.76672 136156 1 -0.597917 0.603846 623 0 2605 -0.22038 0.242001 -0.128832 -2.31951 9.69735 138.021 
0.960765 1.65709 136235 1 -0.597917 0.603846 624 0 2607 -0.217242 0.226261 -0.138742 -2.26877 9.69589 138.777 
0.782682 1.4247 136275 1 -0.597917 0.603846 625 0 2608 -0.21467 0.210595 -0.148196 -2.26702 9.79441 139.17 
0.876477 1.08277 136356 1 -0.597917 0.603846 626 0 2610 -0.212645 0.165548 -0.193125 -2.29369 10.2772 140.047 
0.923716 0.922053 136396 1 -0.597917 0.603846 627 0 2611 -0.206758 0.164871 -0.212365 -2.14134 10.4484 139.964 
1.12207 1.1045 136516 1 -0.596354 0.604808 628 0 2614 -0.200114 0.139171 -0.22496 -1.96889 10.4854 140.227 
1.02594 0.877151 136557 1 -0.596354 0.604808 629 0 2615 -0.201887 0.145308 -0.237092 -1.76393 10.5846 139.974 
1.09574 0.941122 136636 1 -0.608854 0.65 630 0 2617 -0.202919 0.129457 -0.23455 -1.50629 10.5891 139.747 
1.10673 1.27342 136676 1 -0.61875 0.672115 631 0 2618 -0.205638 0.124849 -0.21405 -1.40287 10.4362 140.082 
1.10673 1.27342 136676 1 -0.61875 0.672115 632 0 2618 -0.205638 0.124849 -0.21405 -1.40287 10.4362 140.082 
0.384359 0.307469 136838 1 -0.61875 0.672115 633 0 2622 -0.193613 0.0806827 -0.185594 -1.45248 10.568 141.716 
0.448345 0.379861 136958 1 -0.61875 0.672115 634 0 2625 -0.193005 0.0750598 -0.163263 -1.42196 10.5618 143.285 
0.443726 0.439788 136997 1 -0.61875 0.672115 635 0 2626 -0.192089 0.0713992 -0.160391 -1.45669 10.5178 143.395 
0.445465 0.518505 137037 1 -0.619271 0.672115 636 0 2627 -0.190616 0.0786111 -0.155835 -1.3943 10.419 143.418 
0.431111 0.549035 137157 1 -0.619271 0.672115 637 0 2630 -0.189636 0.0826916 -0.165335 -1.38282 10.4151 143.416 
0.313881 0.598632 137197 1 -0.619271 0.672115 638 0 2631 -0.189229 0.0723825 -0.17044 -1.49878 10.4843 143.202 
0.293352 0.675641 137278 1 -0.61875 0.672115 639 0 2633 -0.190622 0.0712355 -0.156169 -1.53069 10.4035 143.329 
0.368505 0.745671 137318 1 -0.611979 0.663462 640 0 2634 -0.193189 0.0717 -0.149715 -1.53685 10.3843 143.429 
0.288584 0.596438 137397 1 -0.607292 0.658654 641 0 2636 -0.198302 0.0480607 -0.160803 -1.78103 10.6042 142.791 
0.95025 0.686334 137478 1 -0.604688 0.658654 642 0 2638 -0.201764 0.048792 -0.149016 -1.77862 10.5392 142.67 
0.92615 0.55915 137558 1 -0.534375 0.689423 643 0 2640 -0.200956 0.048253 -0.155231 -1.73394 10.719 142.644 
0.996131 0.608948 137639 1 -0.4 0.786538 644 0 2642 -0.202604 0.0539677 -0.14442 -1.60308 10.7163 142.939 
0.996131 0.608948 137639 1 -0.250521 0.926923 645 0 2642 -0.202604 0.0539677 -0.14442 -1.60308 10.7163 142.939 
-0.287325 2.49082 137798 1 -0.0645833 0.989423 646 0 2646 -0.189496 0.0477746 -0.147004 -1.60151 10.8535 143.225 
0.60339 1.40583 137879 1 0.251042 0.815385 647 0 2648 -0.183586 0.0562553 -0.137884 -1.48083 10.8559 143.634 
0.567144 0.862931 137959 1 0.565625 0.403846 648 0 2650 -0.174995 0.0388218 -0.132962 -1.63494 10.9041 143.207 
0.567144 0.862931 137959 1 0.629167 0.0471154 649 0 2650 -0.174995 0.0388218 -0.132962 -1.63494 10.9041 143.207 
0.5773 0.682884 138120 1 0.551562 0 650 0 2654 -0.171687 0.0242525 -0.131347 -1.80235 11.0473 143.412 
0.751327 0.612355 138199 1 0.54375 0 651 0 2656 -0.168056 0.0273491 -0.125364 -1.79536 10.999 143.166 
0.763835 0.626619 138279 1 0.604688 0 652 0 2658 -0.163952 0.027779 -0.118703 -1.8315 10.9751 143.243 
0.763835 0.626619 138279 1 0.648958 0.00865385 653 0 2658 -0.163952 0.027779 -0.118703 -1.8315 10.9751 143.243 
0.749907 0.124341 138440 1 0.630208 0.0336538 654 0 2662 -0.149218 0.00718228 -0.111328 -2.12399 10.9963 143.592 
0.730439 -0.00762234 138520 1 0.590625 0.0548077 655 0 2664 -0.140056 0.0078968 -0.110745 -2.1969 11.0278 143.621 
0.759309 0.069667 138600 1 0.551042 0.0586538 656 0 2666 -0.135566 0.0138728 -0.0943286 -2.23386 10.8924 143.901 
0.759309 0.069667 138600 1 0.503646 0.0586538 657 0 2666 -0.135566 0.0138728 -0.0943286 -2.23386 10.8924 143.901 
0.779448 0.0392598 138761 1 0.482812 0.0586538 658 0 2670 -0.130763 0.00892834 -0.0856985 -2.37904 10.9313 144.434 
0.739874 -0.0202231 138841 1 0.482292 0.0586538 659 0 2672 -0.12751 0.00269997 -0.0870027 -2.45292 10.9587 144.5 
0.699345 -0.0499604 138920 1 0.504167 0.0605769 660 0 2674 -0.121405 -0.0010627 -0.0858647 -2.51202 10.9265 144.354 
0.699345 -0.0499604 138920 1 0.504167 0.0605769 661 0 2674 -0.121405 -0.0010627 -0.0858647 -2.51202 10.9265 144.354 
0.686713 -0.0491603 138961 1 0.504167 0.0605769 662 0 2675 -0.117972 0.000133047 -0.0873666 -2.51707 10.9221 144.245 
0.686713 -0.0491603 138961 1 0.472917 0.0605769 663 0 2675 -0.117972 0.000133047 -0.0873666 -2.51707 10.9221 144.245 
0.669071 -0.148355 139082 1 0.300521 0.0605769 664 0 2678 -0.11389 0.00453034 -0.088794 -2.54241 10.9541 144.297 
0.608006 -0.127921 139207 1 0.158333 0.05 665 0 2681 -0.119202 0.00101846 -0.0769676 -2.67242 10.894 144.673 
0.595162 0.271103 139282 1 0.147917 0.0355769 666 0 2683 -0.120412 -0.00189963 -0.0709735 -2.76725 10.7853 144.57 
2.6175 1.73205 139402 1 0.144792 0.0336538 667 0 2686 -0.120412 -0.00189963 -0.0709735 -2.76725 10.7853 144.57 
-0.347918 1.12077 139482 1 0.130729 0.0307692 668 0 2688 -0.118078 -0.00992426 -0.0677875 -2.99283 10.8539 145.69 
-0.347918 1.12077 139482 1 0.122917 0.0278846 669 0 2688 -0.118078 -0.00992426 -0.0677875 -2.99283 10.8539 145.69 
-0.114361 0.731671 139523 1 0.122396 0.0269231 670 0 2689 -0.118164 -0.00117046 -0.0711186 -2.9409 10.8738 145.615 
0.11279 0.45869 139682 1 0.122396 0.0230769 671 0 2693 -0.123828 0.0102959 -0.0599713 -2.96476 10.6998 145.032 
-0.255945 0.742398 139763 1 0.121875 0.0192308 672 0 2695 -0.132166 0.00989313 -0.0344619 -3.03086 10.357 144.72 
-0.255945 0.742398 139763 1 0.121875 0.0192308 673 0 2695 -0.132166 0.00989313 -0.0344619 -3.03086 10.357 144.72 
-0.331479 0.657796 139923 1 0.121875 0.0192308 674 0 2699 -0.13877 0.00876645 -0.0325239 -3.14914 10.3208 144.531 
-0.111547 0.0938924 140084 1 0.139583 0.122115 675 0 2703 -0.139174 0.0162203 -0.0509018 -3.13496 10.5964 144.595 
0.00817678 -0.00495724 140203 1 0.165104 0.251923 676 0 2706 -0.144486 0.0193877 -0.0623109 -3.13795 10.7097 144.322 
0.00817678 -0.00495724 140203 1 0.181771 0.335577 677 0 2706 -0.144486 0.0193877 -0.0623109 -3.13795 10.7097 144.322 
-0.135121 0.774123 140285 1 0.19375 0.367308 678 0 2708 -0.146162 0.0241 -0.0346103 -3.13451 10.3309 144.413 
-0.135121 0.774123 140285 1 0.194792 0.369231 679 0 2708 -0.146162 0.0241 -0.0346103 -3.13451 10.3309 144.413 
-2.85145 5.20944 140403 1 0.197917 0.376923 680 0 2711 -0.146162 0.0241 -0.0346103 -3.13451 10.3309 144.413 
