ImageFile:
1.6958 -1.27245 88603 1 0.245833 0.327885 1 0 1358 0.226397 -0.000661504 -0.111796 -0.00919971 12.5693 112.377 
1.6958 -1.27245 88603 1 0.245833 0.327885 2 0 1358 0.226397 -0.000661504 -0.111796 -0.00919971 12.5693 112.377 
1.6958 -1.27245 88603 1 0.245833 0.327885 3 0 1358 0.226397 -0.000661504 -0.111796 -0.00919971 12.5693 112.377 
0.0697998 0.802533 88843 1 0.245833 0.327885 4 0 1364 0.233012 0.0024685 -0.105929 0.0120618 12.5149 112.964 
0.0697998 0.802533 88843 1 0.245833 0.351923 5 0 1364 0.233012 0.0024685 -0.105929 0.0120618 12.5149 112.964 
0.0697998 0.802533 88843 1 0.266146 0.553846 6 0 1364 0.233012 0.0024685 -0.105929 0.0120618 12.5149 112.964 
0.103043 0.938566 89083 1 0.253646 0.805769 7 0 1370 0.201525 0.013396 -0.127656 0.103754 12.9775 115.383 
0.103043 0.938566 89083 1 0.210938 0.900962 8 0 1370 0.201525 0.013396 -0.127656 0.103754 12.9775 115.383 
0.103043 0.938566 89083 1 0.154688 0.909615 9 0 1370 0.201525 0.013396 -0.127656 0.103754 12.9775 115.383 
0.330121 1.61728 89325 1 0.102083 0.9 10 0 1376 0.220265 0.0279831 -0.10289 0.321664 12.7412 115.009 
0.330121 1.61728 89325 1 0.0630208 0.882692 11 0 1376 0.220265 0.0279831 -0.10289 0.321664 12.7412 115.009 
0.330121 1.61728 89325 1 0.0635417 0.892308 12 0 1376 0.220265 0.0279831 -0.10289 0.321664 12.7412 115.009 
0.258935 2.06657 89566 1 0.0864583 0.959615 13 0 1382 0.225074 0.0182218 -0.0861055 0.274734 12.3815 114.125 
0.258935 2.06657 89566 1 0.0895833 0.975 14 0 1382 0.225074 0.0182218 -0.0861055 0.274734 12.3815 114.125 
0.258935 2.06657 89566 1 0.0880208 0.975962 15 0 1382 0.225074 0.0182218 -0.0861055 0.274734 12.3815 114.125 
2.2069 1.29228 89764 1 0.0848958 0.977885 16 0 1387 0.222534 0.0519623 -0.0627348 0.774311 12.0199 113.818 
2.2069 1.29228 89764 1 0.0802083 0.975962 17 0 1387 0.222534 0.0519623 -0.0627348 0.774311 12.0199 113.818 
2.2069 1.29228 89764 1 0.0786458 0.975962 18 0 1387 0.222534 0.0519623 -0.0627348 0.774311 12.0199 113.818 
0.0979753 2.07796 89965 1 0.078125 0.975962 19 0 1392 0.200438 -0.0134232 0.0358214 0.179056 10.2492 107.331 
0.0979753 2.07796 89965 1 0.078125 0.975962 20 0 1392 0.200438 -0.0134232 0.0358214 0.179056 10.2492 107.331 
0.0979753 2.07796 89965 1 0.0776042 0.975962 21 0 1392 0.200438 -0.0134232 0.0358214 0.179056 10.2492 107.331 
0.357414 2.92686 90205 1 0.0776042 0.975962 22 0 1398 0.200438 -0.0134232 0.0358214 0.179056 10.2492 107.331 
0.357414 2.92686 90205 1 0.0776042 0.975962 23 0 1398 0.200438 -0.0134232 0.0358214 0.179056 10.2492 107.331 
0.357414 2.92686 90205 1 0.0776042 0.975 24 0 1398 0.200438 -0.0134232 0.0358214 0.179056 10.2492 107.331 
-1.09127 -0.100165 90407 1 0.078125 0.973077 25 0 1403 0.199843 0.0216236 0.0303463 0.349129 10.514 109.463 
-1.09127 -0.100165 90407 1 0.078125 0.973077 26 0 1403 0.199843 0.0216236 0.0303463 0.349129 10.514 109.463 
-1.09127 -0.100165 90407 1 0.078125 0.973077 27 0 1403 0.199843 0.0216236 0.0303463 0.349129 10.514 109.463 
2.04131 0.923716 90606 1 0.0776042 0.973077 28 0 1408 0.195292 0.0210555 0.000614 0.347306 10.9608 111.533 
2.04131 0.923716 90606 1 0.0755208 0.972115 29 0 1408 0.195292 0.0210555 0.000614 0.347306 10.9608 111.533 
2.04131 0.923716 90606 1 0.0755208 0.972115 30 0 1408 0.195292 0.0210555 0.000614 0.347306 10.9608 111.533 
3.66359 6.48843 90807 1 0.0755208 0.972115 31 0 1413 0.201829 0.0221485 -0.0584819 0.225959 11.3226 111.618 
3.66359 6.48843 90807 1 0.0755208 0.972115 32 0 1413 0.201829 0.0221485 -0.0584819 0.225959 11.3226 111.618 
3.66359 6.48843 90807 1 0.0755208 0.972115 33 0 1413 0.201829 0.0221485 -0.0584819 0.225959 11.3226 111.618 
0.594158 1.9944 91047 1 0.0755208 0.972115 34 0 1419 0.211695 0.060112 -0.0500571 0.802934 11.2261 112.338 
0.594158 1.9944 91047 1 0.0755208 0.972115 35 0 1419 0.211695 0.060112 -0.0500571 0.802934 11.2261 112.338 
0.594158 1.9944 91047 1 0.0755208 0.972115 36 0 1419 0.211695 0.060112 -0.0500571 0.802934 11.2261 112.338 
-0.0781217 1.20648 91488 1 0.0755208 0.972115 37 0 1430 0.206436 0.00122194 -0.0843851 0.129024 11.8708 114.056 
-0.101108 1.2181 91570 1 0.0755208 0.972115 38 0 1432 0.20153 -0.00723354 -0.0743421 0.00387624 11.8629 114.668 
-0.0289368 1.39076 91648 1 0.0755208 0.972115 39 0 1434 0.20218 0.00852795 -0.0669871 0.104738 11.8063 114.582 
0.0696361 1.44396 91688 1 0.0755208 0.972115 40 0 1435 0.201399 0.0201065 -0.0708802 0.231295 11.7839 114.222 
0.0119361 1.16761 91768 1 0.0755208 0.972115 41 1 1437 0.200828 0.0131047 -0.0954816 0.14984 11.9751 114.562 
-0.00803697 0.797817 91849 1 0.0755208 0.972115 42 1 1439 0.191829 0.0116575 -0.140078 0.0964717 12.3453 114.959 
0.0748217 0.721283 91929 1 0.0755208 0.972115 43 1 1441 0.186468 0.0233478 -0.15224 0.210261 12.4029 114.891 
0.146295 0.800144 91969 1 0.0755208 0.972115 44 1 1442 0.185536 0.0345909 -0.146333 0.337226 12.3375 114.909 
0.258399 0.789946 92049 1 0.0755208 0.972115 45 1 1444 0.186419 0.0394992 -0.152015 0.41757 12.4072 114.991 
0.283032 0.707861 92129 1 0.0755208 0.972115 46 1 1446 0.190308 0.0420431 -0.162509 0.44672 12.528 114.837 
0.319718 0.731106 92209 1 0.0755208 0.972115 47 1 1448 0.183462 0.0497277 -0.163382 0.54171 12.5449 114.897 
0.324619 0.736692 92250 1 0.0755208 0.972115 48 1 1449 0.182264 0.053605 -0.163475 0.572049 12.5562 115.011 
0.290135 0.67543 92330 1 0.0755208 0.972115 49 1 1451 0.181002 0.050623 -0.167473 0.52086 12.6103 114.956 
0.191444 0.649555 92409 1 0.0755208 0.972115 50 1 1453 0.184732 0.0384776 -0.166244 0.359167 12.6317 114.997 
0.163646 0.666002 92450 1 0.0755208 0.972115 51 1 1454 0.186347 0.0324639 -0.164536 0.282808 12.609 114.903 
0.248354 0.673016 92530 1 0.0755208 0.972115 52 1 1456 0.191294 0.0401099 -0.171476 0.346758 12.6521 114.496 
0.34256 0.748809 92610 1 0.0755208 0.972115 53 1 1458 0.194954 0.0478734 -0.170331 0.430323 12.6708 114.483 
0.263612 0.799949 92691 1 0.0755208 0.972115 54 1 1460 0.191547 0.041995 -0.160783 0.365651 12.5653 114.601 
0.335553 0.801002 92770 1 0.0755208 0.972115 55 1 1462 0.19473 0.0481179 -0.164417 0.450691 12.6427 114.679 
0.363454 0.895643 92851 1 0.0755208 0.972115 56 1 1464 0.192823 0.0532065 -0.154414 0.537985 12.6004 114.965 
0.38582 0.906482 92931 1 0.0755208 0.972115 57 1 1466 0.190173 0.0556785 -0.152898 0.585432 12.6275 115.198 
0.354561 0.879173 93011 1 0.0755208 0.972115 58 0 1468 0.189221 0.0525141 -0.147337 0.549993 12.6233 115.461 
0.293091 0.909901 93092 1 0.0755208 0.972115 59 0 1470 0.189786 0.0486335 -0.144274 0.504352 12.62 115.491 
0.369715 0.811942 93131 1 0.0755208 0.972115 60 0 1471 0.191125 0.0517021 -0.159478 0.533032 12.7688 115.17 
0.299242 0.926225 93211 1 0.0755208 0.972115 61 0 1473 0.189946 0.0453338 -0.142051 0.483501 12.5818 115.171 
0.361327 1.0248 93292 1 0.0755208 0.972115 62 1 1475 0.189719 0.0423064 -0.137298 0.459705 12.5556 115.175 
0.384515 1.09184 93412 1 0.0755208 0.972115 63 1 1478 0.193963 0.0332725 -0.12987 0.362092 12.5311 115.194 
0.453441 1.19238 93452 1 0.0755208 0.972115 64 1 1479 0.19554 0.0350014 -0.128946 0.38153 12.5389 115.107 
0.477245 1.38637 93532 1 0.0755208 0.972115 65 0 1481 0.200175 0.0404682 -0.122497 0.425644 12.4598 114.599 
0.475098 1.361 93612 1 0.0755208 0.972115 66 0 1483 0.204144 0.0327666 -0.125248 0.33054 12.5216 114.588 
0.251645 1.22497 93692 1 0.0755208 0.972115 67 0 1485 0.20685 0.025758 -0.117723 0.265339 12.4473 114.43 
0.262219 1.30492 93773 1 0.0755208 0.972115 68 0 1487 0.209711 0.0277771 -0.108218 0.300276 12.3345 114.165 
0.197168 1.26892 93852 1 0.0755208 0.972115 69 0 1489 0.208753 0.0184588 -0.104629 0.195196 12.2989 114.248 
0.193456 1.2583 93892 1 0.0755208 0.972115 70 0 1490 0.209413 0.0178082 -0.108157 0.168682 12.3057 114.006 
0.193456 1.2583 93892 1 0.0755208 0.972115 71 0 1490 0.209413 0.0178082 -0.108157 0.168682 12.3057 114.006 
0.234915 1.63099 94093 1 0.0229167 0.955769 72 0 1495 0.230702 0.0192519 -0.0835558 0.212177 11.9471 113.446 
0.206831 1.65304 94133 1 -0.306771 0.826923 73 0 1496 0.237979 0.0143848 -0.0797846 0.151368 11.8571 113.031 
0.216662 1.62489 94214 1 -0.626042 0.724038 74 0 1498 0.237482 0.0147152 -0.0822584 0.163053 11.9165 113.357 
0.216662 1.62489 94214 1 -0.659896 0.707692 75 0 1498 0.237482 0.0147152 -0.0822584 0.163053 11.9165 113.357 
0.218416 1.63561 94253 1 -0.659896 0.707692 76 0 1499 0.236752 0.016779 -0.0799838 0.193162 11.9166 113.504 
0.387678 1.76888 94414 1 -0.659896 0.707692 77 0 1503 0.224871 0.0588439 -0.0589003 0.730232 11.8973 114.479 
0.39262 1.95595 94494 1 -0.659896 0.707692 78 0 1505 0.224869 0.0412684 -0.0385107 0.560792 11.7985 115.569 
0.39262 1.95595 94494 1 -0.661458 0.707692 79 0 1505 0.224869 0.0412684 -0.0385107 0.560792 11.7985 115.569 
0.39262 1.95595 94494 1 -0.743229 0.709615 80 0 1505 0.224869 0.0412684 -0.0385107 0.560792 11.7985 115.569 
2.02911 3.35316 94694 1 -0.852083 0.709615 81 0 1510 0.228139 0.0347802 -0.0472177 0.459454 11.9204 115.936 
1.34203 2.54666 94774 1 -0.996875 0.701923 82 0 1512 0.229723 0.0348551 -0.047291 0.46104 11.9267 115.946 
1.88417 3.46894 94815 1 -1 0.655769 83 0 1513 0.2298 0.0348792 -0.047859 0.459102 11.9382 115.968 
1.88417 3.46894 94815 1 -1 0.582692 84 0 1513 0.2298 0.0348792 -0.047859 0.459102 11.9382 115.968 
1.85326 4.39596 94854 1 -1 0.567308 85 0 1514 0.230132 0.035611 -0.0474578 0.467872 11.939 115.981 
0.461562 1.73101 95054 1 -0.999479 0.566346 86 0 1519 0.215868 0.0711881 -0.0720057 0.833178 12.0054 113.777 
0.449595 1.66181 95135 1 -0.999479 0.566346 87 0 1521 0.216303 0.0683449 -0.0736038 0.802826 12.0335 113.84 
0.449595 1.66181 95135 1 -0.999479 0.566346 88 0 1521 0.216303 0.0683449 -0.0736038 0.802826 12.0335 113.84 
0.456652 1.67377 95296 1 -1 0.5625 89 0 1525 0.213841 0.0736937 -0.0728915 0.820456 12.0252 114.121 
0.431462 1.32387 95375 1 -1 0.555769 90 0 1527 0.202065 0.0668885 -0.10192 0.688115 12.2754 113.83 
0.304657 1.16888 95455 1 -1 0.536538 91 0 1529 0.195354 0.0476806 -0.10455 0.452222 12.3512 114.46 
0.304657 1.16888 95455 1 -0.988542 0.520192 92 0 1529 0.195354 0.0476806 -0.10455 0.452222 12.3512 114.46 
0.304657 1.16888 95455 1 -0.940104 0.513462 93 0 1529 0.195354 0.0476806 -0.10455 0.452222 12.3512 114.46 
0.228914 1.09402 95656 1 -0.891146 0.513462 94 0 1534 0.19161 0.0367235 -0.104849 0.33697 12.347 114.309 
0.242798 1.1316 95743 1 -0.888542 0.516346 95 0 1536 0.19624 0.0335913 -0.10371 0.337245 12.3146 114.069 
0.245554 1.152 95776 1 -0.8875 0.515385 96 0 1537 0.198169 0.0368366 -0.100901 0.388001 12.2932 114.045 
0.245554 1.152 95776 1 -0.861979 0.475 97 0 1537 0.198169 0.0368366 -0.100901 0.388001 12.2932 114.045 
0.235843 1.13102 95936 1 -0.829688 0.429808 98 0 1541 0.196786 0.0421435 -0.0997993 0.476783 12.2855 114.159 
0.235293 1.14773 96017 1 -0.817708 0.400962 99 0 1543 0.198924 0.0401469 -0.0941715 0.494819 12.2089 114.009 
0.25602 1.11801 96057 1 -0.817708 0.380769 100 0 1544 0.198885 0.0412446 -0.098244 0.517429 12.2507 113.864 
0.371649 1.2317 96097 1 -0.819792 0.367308 101 0 1545 0.198214 0.0339051 -0.094044 0.447061 12.1869 113.666 
0.371649 1.2317 96097 1 -0.823438 0.363462 102 0 1545 0.198214 0.0339051 -0.094044 0.447061 12.1869 113.666 
2.13633 2.26096 96297 1 -0.830208 0.360577 103 0 1550 0.188775 0.0339126 -0.0615707 0.423462 12.1093 115.391 
1.568 1.53422 96337 1 -0.838542 0.354808 104 0 1551 0.18032 -0.0061559 -0.106763 -0.0808016 12.4503 114.733 
1.71867 1.69057 96418 1 -0.848437 0.354808 105 0 1553 0.182268 -0.00215732 -0.10065 -0.0533734 12.3731 114.412 
1.71867 1.69057 96418 1 -0.85625 0.352885 106 0 1553 0.182268 -0.00215732 -0.10065 -0.0533734 12.3731 114.412 
1.71867 1.69057 96418 1 -0.858854 0.350962 107 0 1553 0.182268 -0.00215732 -0.10065 -0.0533734 12.3731 114.412 
1.77975 1.68295 96458 1 -0.858854 0.35 108 0 1554 0.182537 -0.00163558 -0.100621 -0.0471746 12.3727 114.416 
1.84175 1.69675 96577 1 -0.858333 0.349038 109 0 1557 0.181238 0.00155034 -0.102333 -0.0175157 12.4059 114.444 
1.84175 1.69675 96577 1 -0.850521 0.345192 110 0 1557 0.181238 0.00155034 -0.102333 -0.0175157 12.4059 114.444 
1.90456 1.58635 96698 1 -0.848958 0.343269 111 0 1560 0.175731 0.0102713 -0.106607 0.0820009 12.5093 114.776 
1.90456 1.58635 96698 1 -0.848958 0.343269 112 0 1560 0.175731 0.0102713 -0.106607 0.0820009 12.5093 114.776 
1.06997 1.26657 96860 1 -0.848958 0.343269 113 0 1564 0.158653 -0.039426 -0.0818863 -0.528666 12.1381 113.792 
1.06997 1.26657 96860 1 -0.843229 0.342308 114 0 1564 0.158653 -0.039426 -0.0818863 -0.528666 12.1381 113.792 
1.84276 1.57774 97018 1 -0.840104 0.341346 115 0 1568 0.171049 0.00671663 -0.105082 0.0140076 12.4756 114.453 
1.84276 1.57774 97018 1 -0.838542 0.341346 116 0 1568 0.171049 0.00671663 -0.105082 0.0140076 12.4756 114.453 
0.891396 1.26904 97139 1 -0.838542 0.341346 117 0 1571 0.156882 -0.055312 -0.0658638 -0.719959 11.9191 113.324 
0.891396 1.26904 97139 1 -0.838542 0.341346 118 0 1571 0.156882 -0.055312 -0.0658638 -0.719959 11.9191 113.324 
0.891396 1.26904 97139 1 -0.838542 0.341346 119 0 1571 0.156882 -0.055312 -0.0658638 -0.719959 11.9191 113.324 
0.987641 1.29465 97299 1 -0.838542 0.341346 120 0 1575 0.157306 -0.0473927 -0.0690089 -0.616151 11.9914 113.64 
0.987641 1.29465 97299 1 -0.838542 0.341346 121 0 1575 0.157306 -0.0473927 -0.0690089 -0.616151 11.9914 113.64 
1.37957 1.50429 97460 1 -0.838542 0.341346 122 0 1579 0.172769 -0.0167183 -0.0894726 -0.261004 12.2176 113.881 
1.37957 1.50429 97460 1 -0.838542 0.341346 123 0 1579 0.172769 -0.0167183 -0.0894726 -0.261004 12.2176 113.881 
1.24615 1.3715 97580 1 -0.838542 0.341346 124 0 1582 0.1558 -0.0181405 -0.0843944 -0.316508 12.2383 114.326 
1.24615 1.3715 97580 1 -0.838542 0.341346 125 0 1582 0.1558 -0.0181405 -0.0843944 -0.316508 12.2383 114.326 
0.990796 1.3518 97740 1 -0.838542 0.341346 126 0 1586 0.15135 -0.0335475 -0.0615395 -0.491502 11.9931 114.242 
0.990796 1.3518 97740 1 -0.838542 0.341346 127 0 1586 0.15135 -0.0335475 -0.0615395 -0.491502 11.9931 114.242 
0.990796 1.3518 97740 1 -0.838542 0.341346 128 0 1586 0.15135 -0.0335475 -0.0615395 -0.491502 11.9931 114.242 
0.943967 1.38298 97900 1 -0.838542 0.341346 129 0 1590 0.151939 -0.0410022 -0.0552456 -0.554194 11.8847 113.832 
0.943967 1.38298 97900 1 -0.838542 0.341346 130 0 1590 0.151939 -0.0410022 -0.0552456 -0.554194 11.8847 113.832 
1.1912 1.24923 98060 1 -0.838542 0.341346 131 0 1594 0.154068 -0.0181028 -0.093278 -0.331154 12.3562 114.535 
0.662395 1.72825 98181 1 -0.838542 0.341346 132 0 1597 0.179208 -0.0211971 -0.107575 -0.345754 12.3122 112.954 
0.662395 1.72825 98181 1 -0.838542 0.341346 133 0 1597 0.179208 -0.0211971 -0.107575 -0.345754 12.3122 112.954 
0.662395 1.72825 98181 1 -0.838542 0.341346 134 0 1597 0.179208 -0.0211971 -0.107575 -0.345754 12.3122 112.954 
-0.252834 1.20688 98341 1 -0.838542 0.341346 135 0 1601 0.188035 -0.00952723 -0.109463 -0.211272 12.3281 112.89 
-0.252834 1.20688 98341 1 -0.838542 0.341346 136 0 1601 0.188035 -0.00952723 -0.109463 -0.211272 12.3281 112.89 
-0.252834 1.20688 98341 1 -0.838542 0.341346 137 0 1601 0.188035 -0.00952723 -0.109463 -0.211272 12.3281 112.89 
0.297394 1.40069 98541 1 -0.838542 0.341346 138 0 1606 0.165707 0.0821374 -0.0936849 0.922875 12.1933 111.67 
0.297394 1.40069 98541 1 -0.838542 0.341346 139 0 1606 0.165707 0.0821374 -0.0936849 0.922875 12.1933 111.67 
0.297394 1.40069 98541 1 -0.838542 0.341346 140 0 1606 0.165707 0.0821374 -0.0936849 0.922875 12.1933 111.67 
0.365003 1.2053 98741 1 -0.838542 0.341346 141 0 1611 0.172687 0.08681 -0.121794 0.942747 12.5685 112.521 
0.365003 1.2053 98741 1 -0.838542 0.341346 142 0 1611 0.172687 0.08681 -0.121794 0.942747 12.5685 112.521 
0.365003 1.2053 98741 1 -0.838542 0.341346 143 0 1611 0.172687 0.08681 -0.121794 0.942747 12.5685 112.521 
0.0381904 1.26989 98902 1 -0.838542 0.341346 144 0 1615 0.183477 0.0290888 -0.0993193 0.321213 12.2493 112.198 
0.0381904 1.26989 98902 1 -0.838542 0.341346 145 0 1615 0.183477 0.0290888 -0.0993193 0.321213 12.2493 112.198 
0.0381904 1.26989 98902 1 -0.838542 0.341346 146 0 1615 0.183477 0.0290888 -0.0993193 0.321213 12.2493 112.198 
0.283759 1.35825 99102 1 -0.838542 0.341346 147 0 1620 0.174584 0.0759851 -0.114959 0.849138 12.48 112.641 
0.283759 1.35825 99102 1 -0.838542 0.341346 148 0 1620 0.174584 0.0759851 -0.114959 0.849138 12.48 112.641 
0.283759 1.35825 99102 1 -0.838542 0.341346 149 0 1620 0.174584 0.0759851 -0.114959 0.849138 12.48 112.641 
0.0522036 1.28557 99303 1 -0.838542 0.341346 150 0 1625 0.183452 0.031577 -0.102501 0.347478 12.2818 112.201 
0.0522036 1.28557 99303 1 -0.838542 0.341346 151 0 1625 0.183452 0.031577 -0.102501 0.347478 12.2818 112.201 
0.0522036 1.28557 99303 1 -0.838542 0.341346 152 0 1625 0.183452 0.031577 -0.102501 0.347478 12.2818 112.201 
0.0806092 1.45477 99543 1 -0.838542 0.341346 153 0 1631 0.180975 0.042916 -0.0909677 0.503 12.1114 111.558 
0.0806092 1.45477 99543 1 -0.838542 0.341346 154 0 1631 0.180975 0.042916 -0.0909677 0.503 12.1114 111.558 
0.0806092 1.45477 99543 1 -0.838542 0.341346 155 0 1631 0.180975 0.042916 -0.0909677 0.503 12.1114 111.558 
0.153162 1.54179 99984 1 -0.838542 0.341346 156 0 1642 0.196022 0.0380483 -0.103126 0.415272 12.2289 111.979 
0.759588 2.2536 100024 1 -0.838542 0.341346 157 0 1643 0.19644 0.0439795 -0.108872 0.476756 12.2831 111.778 
0.759588 2.2536 100024 1 -0.838542 0.341346 158 0 1643 0.19644 0.0439795 -0.108872 0.476756 12.2831 111.778 
2.90115 -0.694811 100064 1 -0.838542 0.341346 159 0 1644 0.195411 0.0191927 -0.0909816 0.198676 12.2134 112.941 
2.34723 3.23094 100225 1 -0.838542 0.341346 160 0 1648 0.196129 -0.00316174 -0.061965 -0.0468567 11.9019 113.094 
2.13646 2.84343 100264 1 -0.838542 0.341346 161 0 1649 0.195868 -0.0356326 -0.0728187 -0.42544 12.0413 113.787 
1.89623 2.645 100345 1 -0.838542 0.341346 162 0 1651 0.197017 -0.0583859 -0.0656602 -0.67842 11.9526 113.853 
1.89623 2.645 100345 1 -0.838542 0.341346 163 0 1651 0.197017 -0.0583859 -0.0656602 -0.67842 11.9526 113.853 
1.89623 2.645 100345 1 -0.838542 0.341346 164 0 1651 0.197017 -0.0583859 -0.0656602 -0.67842 11.9526 113.853 
1.96446 2.69522 100385 1 -0.838542 0.341346 165 0 1652 0.195953 -0.0760493 -0.0571924 -0.858874 11.8139 113.628 
4.80188 5.45143 100665 1 -0.838542 0.341346 166 0 1659 0.183698 0.003678 -0.0949311 0.0187064 12.1939 112.61 
1.61361 2.47616 100705 1 -0.838542 0.341346 167 0 1660 0.186986 -0.0173453 -0.0755389 -0.209792 12.0863 113.533 
1.61361 2.47616 100705 1 -0.838542 0.341346 168 0 1660 0.186986 -0.0173453 -0.0755389 -0.209792 12.0863 113.533 
1.50003 2.30449 100745 1 -0.838542 0.341346 169 0 1661 0.189866 -0.0465202 -0.0726822 -0.536315 12.0652 113.959 
0.705399 2.59253 100947 1 -0.838542 0.341346 170 0 1666 0.191726 -0.0683984 -0.0382416 -0.758994 11.6202 113.541 
0.292781 0.774326 101026 1 -0.838542 0.341346 171 0 1668 0.19413 -0.0830655 -0.0410908 -0.912893 11.6312 113.632 
0.718425 0.506894 101066 1 -0.838542 0.341346 172 0 1669 0.194634 -0.0858957 -0.0432274 -0.948727 11.6558 113.692 
0.718425 0.506894 101066 1 -0.838542 0.341346 173 0 1669 0.194634 -0.0858957 -0.0432274 -0.948727 11.6558 113.692 
0.323083 0.848606 101106 1 -0.838542 0.341346 174 0 1670 0.195046 -0.0879109 -0.0430789 -0.973477 11.6444 113.63 
1.59112 2.87013 101307 1 -0.838542 0.341346 175 0 1675 0.179944 -0.00110556 -0.0929634 -0.0676128 12.1806 112.658 
1.26491 1.93004 101347 1 -0.838542 0.341346 176 0 1676 0.182334 -0.0213951 -0.0821309 -0.289092 12.2295 114.124 
1.26491 1.93004 101347 1 -0.838542 0.341346 177 0 1676 0.182334 -0.0213951 -0.0821309 -0.289092 12.2295 114.124 
1.03654 1.82906 101386 1 -0.838542 0.341346 178 0 1677 0.185747 -0.0543628 -0.0707382 -0.640665 12.107 114.445 
1.44721 2.31153 101547 1 -0.838542 0.341346 179 0 1681 0.187682 -0.0643972 -0.0514395 -0.741281 11.8684 114.258 
0.222837 0.715181 101669 1 -0.838542 0.341346 180 0 1684 0.19375 -0.0871123 -0.0413436 -0.962049 11.688 113.953 
0.216795 0.815597 101708 1 -0.838542 0.341346 181 0 1685 0.194917 -0.0939778 -0.041316 -1.02868 11.652 113.779 
0.216795 0.815597 101708 1 -0.838542 0.341346 182 0 1685 0.194917 -0.0939778 -0.041316 -1.02868 11.652 113.779 
0.216795 0.815597 101708 1 -0.838542 0.341346 183 0 1685 0.194917 -0.0939778 -0.041316 -1.02868 11.652 113.779 
0.240813 1.61857 101948 1 -0.838542 0.341346 184 0 1691 0.193165 -0.0339983 -0.0694357 -0.417258 11.8295 112.17 
0.330867 1.44523 102028 1 -0.838542 0.341346 185 0 1693 0.19028 -0.0248944 -0.0884358 -0.332976 12.0442 112.129 
0.375016 1.44413 102069 1 -0.838542 0.341346 186 0 1694 0.191112 -0.0170202 -0.0912349 -0.244179 12.0867 112.181 
0.375016 1.44413 102069 1 -0.838542 0.341346 187 0 1694 0.191112 -0.0170202 -0.0912349 -0.244179 12.0867 112.181 
0.58402 1.52041 102228 1 -0.838542 0.341346 188 0 1698 0.190481 0.0157802 -0.102229 0.138871 12.1984 111.869 
0.74509 1.5188 102309 1 -0.838542 0.341346 189 0 1700 0.190475 0.0340852 -0.115734 0.333865 12.3471 111.731 
0.782181 1.51287 102389 1 -0.838542 0.341346 190 0 1702 0.18921 0.0379979 -0.117233 0.384392 12.4008 111.994 
0.782181 1.51287 102389 1 -0.838542 0.341346 191 0 1702 0.18921 0.0379979 -0.117233 0.384392 12.4008 111.994 
0.775562 1.53944 102429 1 -0.838542 0.341346 192 0 1703 0.190763 0.0360059 -0.115913 0.363728 12.3585 111.789 
0.746445 1.54584 102589 1 -0.838542 0.341346 193 0 1707 0.190271 0.0336543 -0.113808 0.334592 12.3237 111.724 
0.785229 1.53048 102669 1 -0.838542 0.341346 194 0 1709 0.191424 0.0348413 -0.117046 0.343234 12.3741 111.778 
0.765245 1.54728 102709 1 -0.838542 0.341346 195 0 1710 0.190145 0.0328418 -0.114614 0.328117 12.347 111.783 
0.765245 1.54728 102709 1 -0.838542 0.341346 196 0 1710 0.190145 0.0328418 -0.114614 0.328117 12.347 111.783 
0.765056 1.49624 102750 1 -0.838542 0.341346 197 0 1711 0.18981 0.0358234 -0.117306 0.359434 12.4092 112.134 
0.699867 1.79308 102869 1 -0.838542 0.341346 198 0 1714 0.193186 0.0342488 -0.117684 0.349634 12.3654 111.655 
2.94718 -0.532316 102950 1 -0.838542 0.341346 199 0 1716 0.189262 -0.0053519 -0.080919 -0.0848046 12.2121 113.895 
2.94718 -0.532316 102950 1 -0.838542 0.341346 200 0 1716 0.189262 -0.0053519 -0.080919 -0.0848046 12.2121 113.895 
2.94718 -0.532316 102950 1 -0.838542 0.341346 201 0 1716 0.189262 -0.0053519 -0.080919 -0.0848046 12.2121 113.895 
2.13089 -0.590865 102990 1 -0.838542 0.341346 202 0 1717 0.190894 -0.0353957 -0.0815559 -0.428104 12.2218 114.301 
2.13089 -0.590865 102990 1 -0.838542 0.341346 203 0 1717 0.190894 -0.0353957 -0.0815559 -0.428104 12.2218 114.301 
0.529655 1.79329 103191 1 -0.838542 0.341346 204 0 1722 0.194756 -0.0547675 -0.0749027 -0.645015 12.0961 114.138 
0.529655 1.79329 103191 1 -0.838542 0.341346 205 0 1722 0.194756 -0.0547675 -0.0749027 -0.645015 12.0961 114.138 
0.218727 1.93266 103310 1 -0.838542 0.341346 206 0 1725 0.198155 -0.0649937 -0.0640339 -0.757666 11.9261 113.774 
0.218727 1.93266 103310 1 -0.838542 0.341346 207 0 1725 0.198155 -0.0649937 -0.0640339 -0.757666 11.9261 113.774 
0.168146 1.90982 103431 1 -0.838542 0.341346 208 0 1728 0.199404 -0.0790242 -0.0562114 -0.889942 11.8074 113.602 
0.168146 1.90982 103431 1 -0.838542 0.341346 209 0 1728 0.199404 -0.0790242 -0.0562114 -0.889942 11.8074 113.602 
0.525965 1.4454 103590 1 -0.838542 0.341346 210 0 1732 0.193263 0.0118372 -0.110056 0.0800819 12.3282 112.265 
0.525965 1.4454 103590 1 -0.838542 0.341346 211 0 1732 0.193263 0.0118372 -0.110056 0.0800819 12.3282 112.265 
0.613712 1.37251 103711 1 -0.838542 0.341346 212 0 1735 0.18926 0.0192506 -0.115539 0.151418 12.3816 112.084 
0.382676 1.1624 103831 1 -0.838542 0.341346 213 0 1738 0.162684 -0.00279868 -0.0785012 -0.0453552 12.1027 112.409 
0.382676 1.1624 103831 1 -0.838542 0.341346 214 0 1738 0.162684 -0.00279868 -0.0785012 -0.0453552 12.1027 112.409 
0.382676 1.1624 103831 1 -0.838542 0.341346 215 0 1738 0.162684 -0.00279868 -0.0785012 -0.0453552 12.1027 112.409 
0.356718 1.0091 103991 1 -0.838542 0.341346 216 1 1742 0.162538 0.00256928 -0.103477 -0.0256655 12.4549 113.748 
0.356718 1.0091 103991 1 -0.838542 0.341346 217 1 1742 0.162538 0.00256928 -0.103477 -0.0256655 12.4549 113.748 
0.443792 1.31116 104152 1 -0.838542 0.341346 218 0 1746 0.170005 0.00314233 -0.0854224 0.0255355 12.1385 112.553 
0.443792 1.31116 104152 1 -0.838542 0.341346 219 0 1746 0.170005 0.00314233 -0.0854224 0.0255355 12.1385 112.553 
0.443792 1.31116 104152 1 -0.838542 0.341346 220 0 1746 0.170005 0.00314233 -0.0854224 0.0255355 12.1385 112.553 
0.305805 1.34956 104313 1 -0.838542 0.341346 221 0 1750 0.183896 0.0227559 -0.0985143 0.250283 12.1967 112.076 
0.305805 1.34956 104313 1 -0.838542 0.341346 222 0 1750 0.183896 0.0227559 -0.0985143 0.250283 12.1967 112.076 
0.438019 1.02488 104472 1 -0.838542 0.341346 223 1 1754 0.181238 0.0392957 -0.133229 0.393164 12.6156 112.25 
0.438019 1.02488 104472 1 -0.838542 0.341346 224 1 1754 0.181238 0.0392957 -0.133229 0.393164 12.6156 112.25 
0.435509 1.33035 104673 1 -0.838542 0.341346 225 0 1759 0.188711 0.0346521 -0.108503 0.394069 12.3011 111.873 
0.435509 1.33035 104673 1 -0.838542 0.341346 226 0 1759 0.188711 0.0346521 -0.108503 0.394069 12.3011 111.873 
0.435509 1.33035 104673 1 -0.838542 0.341346 227 0 1759 0.188711 0.0346521 -0.108503 0.394069 12.3011 111.873 
0.402153 1.13232 104873 1 -0.838542 0.341346 228 1 1764 0.181991 0.0420273 -0.101393 0.457439 12.3889 112.874 
0.402153 1.13232 104873 1 -0.838542 0.341346 229 1 1764 0.181991 0.0420273 -0.101393 0.457439 12.3889 112.874 
0.402153 1.13232 104873 1 -0.838542 0.341346 230 1 1764 0.181991 0.0420273 -0.101393 0.457439 12.3889 112.874 
0.268427 0.930373 105274 1 -0.838542 0.341346 231 1 1774 0.192471 0.00158288 -0.122381 -0.051948 12.5187 112.256 
0.204058 0.855158 105355 1 -0.838542 0.341346 232 1 1776 0.189385 -0.00120092 -0.126032 -0.0795077 12.5786 112.574 
0.128833 0.778225 105435 1 -0.838542 0.341346 233 1 1778 0.1897 -0.0131831 -0.129407 -0.209596 12.645 112.92 
0.0829283 0.762186 105474 1 -0.838542 0.341346 234 1 1779 0.188572 -0.0192784 -0.12705 -0.277857 12.6383 113.148 
0.0231638 0.767069 105554 1 -0.838542 0.341346 235 1 1781 0.185199 -0.0228464 -0.124463 -0.32586 12.6354 113.427 
0.125911 0.793663 105635 1 -0.838542 0.341346 236 1 1783 0.185543 -0.00948204 -0.122671 -0.181258 12.6148 113.47 
0.270574 0.805036 105715 1 -0.838542 0.341346 237 1 1785 0.185647 0.0080157 -0.120195 0.00367828 12.5968 113.434 
0.282983 0.805441 105755 1 -0.838542 0.341346 238 1 1786 0.185436 0.0096113 -0.117283 0.025355 12.5796 113.388 
0.327031 0.855451 105836 1 -0.838542 0.341346 239 1 1788 0.188351 0.0118926 -0.110903 0.0715517 12.5207 113.396 
0.458779 0.954392 105915 1 -0.838542 0.341346 240 1 1790 0.192636 0.0135058 -0.107752 0.087475 12.4567 113.095 
0.488323 0.932663 105996 1 -0.838542 0.341346 241 1 1792 0.194406 0.0138344 -0.108841 0.100617 12.4779 113.175 
0.470192 0.948906 106076 1 -0.838542 0.341346 242 1 1794 0.199375 0.0124007 -0.106737 0.101451 12.4975 113.425 
0.476165 0.936212 106116 1 -0.838542 0.341346 243 1 1795 0.201459 0.0116061 -0.1062 0.10544 12.4945 113.469 
0.344862 1.29127 106196 1 -0.838542 0.341346 244 0 1797 0.207163 0.0138055 -0.0963702 0.150062 12.3738 113.371 
0.340188 1.25815 106276 1 -0.838542 0.341346 245 0 1799 0.206314 0.0142242 -0.0974252 0.141623 12.38 113.402 
0.389816 1.34087 106316 1 -0.838542 0.341346 246 0 1800 0.208463 0.0189559 -0.0917793 0.176816 12.3067 113.296 
0.390446 1.34125 106396 1 -0.838542 0.341346 247 0 1802 0.204096 0.0221946 -0.0901079 0.174406 12.3164 113.472 
0.403533 1.38033 106477 1 -0.838542 0.341346 248 0 1804 0.199961 0.0270127 -0.0796529 0.213278 12.2051 113.65 
0.362877 1.3267 106557 1 -0.838542 0.341346 249 0 1806 0.199046 0.0201633 -0.082397 0.105722 12.1945 113.308 
0.404477 1.18369 106596 1 -0.838542 0.341346 250 1 1807 0.199648 0.0247502 -0.0927628 0.129066 12.2931 113.194 
0.343781 1.27316 106677 1 -0.838542 0.341346 251 0 1809 0.197451 0.0170112 -0.0831959 0.0290895 12.1222 112.946 
0.298279 1.25523 106757 1 -0.838542 0.341346 252 0 1811 0.196381 0.0158134 -0.0839639 -0.0243985 12.1282 112.909 
0.29477 1.30113 106797 1 -0.838542 0.341346 253 0 1812 0.19581 0.0155853 -0.0784113 -0.0278737 12.056 112.921 
0.251021 1.19386 106877 1 -0.838542 0.341346 254 1 1814 0.192779 0.0107553 -0.0811912 -0.104699 12.1325 113.112 
0.249803 1.20874 106958 1 -0.838542 0.341346 255 0 1816 0.191371 0.00119321 -0.0808539 -0.182058 12.1595 113.381 
0.309056 1.31049 107037 1 -0.838542 0.341346 256 0 1818 0.193719 -0.0052232 -0.0804675 -0.195943 12.2087 113.503 
0.328757 1.32474 107077 1 -0.838542 0.341346 257 0 1819 0.196745 -0.00379382 -0.0809773 -0.164316 12.2119 113.491 
0.309856 1.33285 107158 1 -0.838542 0.341346 258 0 1821 0.200741 -0.00423854 -0.0813268 -0.136481 12.1814 113.327 
0.279764 1.24894 107238 1 -0.838542 0.341346 259 0 1823 0.199932 -0.0106018 -0.0848249 -0.186463 12.2413 113.471 
0.266131 1.26935 107319 1 -0.838542 0.341346 260 0 1825 0.20099 -0.0138157 -0.0802384 -0.198908 12.1821 113.504 
0.32202 1.24049 107358 1 -0.838542 0.341346 261 0 1826 0.201683 -0.0061046 -0.0880449 -0.110226 12.285 113.359 
0.32202 1.24049 107358 1 -0.838542 0.341346 262 0 1826 0.201683 -0.0061046 -0.0880449 -0.110226 12.285 113.359 
0.274757 1.17973 107398 1 -0.838542 0.341346 263 1 1827 0.19956 -0.0139742 -0.0887933 -0.194037 12.3083 113.465 
0.24818 1.11931 107599 1 -0.838542 0.341346 264 1 1832 0.198206 -0.0149769 -0.0919393 -0.195999 12.3402 113.434 
0.255801 1.09864 107679 1 -0.838542 0.341346 265 1 1834 0.198175 -0.0131762 -0.0924289 -0.181455 12.3541 113.437 
0.251943 1.09029 107721 1 -0.838542 0.341346 266 1 1835 0.198398 -0.0154397 -0.0932639 -0.209323 12.3616 113.441 
0.257404 1.06739 107799 1 -0.838542 0.341346 267 1 1837 0.197592 -0.0168299 -0.0945662 -0.221472 12.3751 113.362 
0.256217 1.04088 107839 1 -0.838542 0.341346 268 1 1838 0.197168 -0.0163875 -0.0963074 -0.216391 12.4073 113.401 
0.264211 1.07318 107919 1 -0.838542 0.341346 269 1 1840 0.19622 -0.0129733 -0.0931269 -0.166229 12.4002 113.577 
0.25334 1.05441 108000 1 -0.838542 0.341346 270 1 1842 0.197325 -0.0155807 -0.0942827 -0.195261 12.4044 113.512 
0.247709 1.03624 108079 1 -0.838542 0.341346 271 1 1844 0.196235 -0.0158052 -0.094717 -0.207002 12.4143 113.557 
0.258433 1.03944 108159 1 -0.838542 0.341346 272 1 1846 0.196885 -0.0161771 -0.0952601 -0.214287 12.4201 113.547 
0.259082 1.04564 108200 1 -0.838542 0.341346 273 1 1847 0.196747 -0.0150658 -0.0926454 -0.202611 12.411 113.699 
0.281757 1.02228 108282 1 -0.838542 0.341346 274 1 1849 0.196204 -0.0133146 -0.0957542 -0.176249 12.4397 113.685 
0.267529 1.01946 108360 1 -0.838542 0.341346 275 1 1851 0.198593 -0.0159216 -0.0962347 -0.208513 12.4306 113.558 
0.300494 1.04161 108441 1 -0.838542 0.341346 276 1 1853 0.199013 -0.0155398 -0.0944702 -0.210806 12.4176 113.608 
0.37551 1.03051 108520 1 -0.838542 0.341346 277 1 1855 0.197722 -0.0217901 -0.0922216 -0.282882 12.3917 113.529 
0.369369 1.03426 108600 1 -0.838542 0.341346 278 1 1857 0.196157 -0.0258894 -0.0891352 -0.330759 12.3632 113.61 
0.391922 1.02 108640 1 -0.838542 0.341346 279 1 1858 0.195568 -0.0265158 -0.0904149 -0.337405 12.3782 113.633 
0.373915 0.949032 108721 1 -0.838542 0.341346 280 1 1860 0.195221 -0.0258433 -0.0956365 -0.331282 12.4395 113.68 
0.406635 0.935625 108801 1 -0.838542 0.341346 281 1 1862 0.19887 -0.0149568 -0.0931843 -0.200182 12.408 113.581 
0.346478 0.867586 108841 1 -0.838542 0.341346 282 1 1863 0.196798 -0.0195931 -0.096402 -0.261095 12.439 113.552 
0.321469 0.857534 108921 1 -0.838542 0.341346 283 1 1865 0.195671 -0.0227972 -0.0957622 -0.301149 12.4337 113.588 
0.427016 0.915291 109001 1 -0.838542 0.341346 284 1 1867 0.19724 -0.0146866 -0.0920531 -0.201516 12.3969 113.576 
0.463997 0.884266 109082 1 -0.838542 0.341346 285 1 1869 0.198279 -0.0134692 -0.0961291 -0.184082 12.4331 113.513 
0.421622 0.810575 109124 1 -0.838542 0.341346 286 1 1870 0.196331 -0.0177954 -0.0986941 -0.244463 12.4643 113.57 
0.423753 0.825927 109202 1 -0.838542 0.341346 287 1 1872 0.197258 -0.0166006 -0.0975934 -0.237614 12.4657 113.675 
0.483374 0.874015 109282 1 -0.838542 0.341346 288 1 1874 0.196813 -0.0154123 -0.0975574 -0.225709 12.4526 113.583 
0.506171 0.869121 109362 1 -0.838542 0.341346 289 1 1876 0.197321 -0.0128826 -0.0986865 -0.195868 12.4667 113.567 
0.499396 0.882849 109402 1 -0.838542 0.341346 290 1 1877 0.197066 -0.0119494 -0.0971673 -0.183965 12.4538 113.551 
0.510351 0.871711 109522 1 -0.838542 0.341346 291 1 1880 0.19811 -0.0126204 -0.0988972 -0.194054 12.4847 113.633 
0.440646 0.851469 109563 1 -0.838021 0.341346 292 1 1881 0.196186 -0.0208794 -0.0966903 -0.28917 12.4523 113.588 
0.494181 0.85505 109642 1 -0.836458 0.350962 293 1 1883 0.196257 -0.011485 -0.0998556 -0.190442 12.4964 113.598 
0.502775 0.846069 109722 1 -0.834375 0.364423 294 1 1885 0.1968 -0.0107064 -0.100874 -0.180688 12.4918 113.475 
0.510607 0.863503 109803 1 -0.834375 0.364423 295 1 1887 0.197132 -0.0109978 -0.0982675 -0.179586 12.4769 113.566 
0.500765 0.824474 109843 1 -0.834375 0.364423 296 1 1888 0.196644 -0.0106312 -0.102523 -0.179393 12.5157 113.525 
0.503775 0.828058 109923 1 -0.834375 0.364423 297 1 1890 0.196542 -0.011394 -0.101917 -0.189457 12.5088 113.479 
0.489424 0.794984 110003 1 -0.834375 0.364423 298 1 1892 0.196606 -0.0131838 -0.103742 -0.21593 12.5243 113.499 
0.446544 0.796025 110083 1 -0.833333 0.367308 299 1 1894 0.197305 -0.0101575 -0.103681 -0.184771 12.5298 113.456 
0.461542 0.801101 110123 1 -0.832812 0.367308 300 1 1895 0.197728 -0.0123089 -0.101399 -0.204642 12.5046 113.5 
0.406221 0.816187 110204 1 -0.833333 0.360577 301 1 1897 0.197729 -0.0086033 -0.10479 -0.156165 12.535 113.405 
0.407108 0.817986 110285 1 -0.833333 0.342308 302 1 1899 0.199092 -0.0108127 -0.103139 -0.171652 12.5179 113.453 
0.40215 0.809367 110324 1 -0.83125 0.332692 303 1 1900 0.198345 -0.00976093 -0.103913 -0.160774 12.525 113.44 
0.418901 0.824938 110404 1 -0.83125 0.332692 304 1 1902 0.198367 -0.0074819 -0.105467 -0.133143 12.5419 113.353 
0.420926 0.834491 110484 1 -0.83125 0.332692 305 1 1904 0.198775 -0.00505218 -0.103282 -0.10858 12.5247 113.461 
0.420926 0.834491 110484 1 -0.83125 0.332692 306 1 1904 0.198775 -0.00505218 -0.103282 -0.10858 12.5247 113.461 
0.420926 0.834491 110484 1 -0.83125 0.332692 307 1 1904 0.198775 -0.00505218 -0.103282 -0.10858 12.5247 113.461 
0.526657 0.79989 110685 1 -0.83125 0.332692 308 1 1909 0.197915 -0.00467212 -0.10337 -0.0947695 12.5215 113.417 
0.502596 0.771433 110724 1 -0.83125 0.332692 309 1 1910 0.197426 -0.0070355 -0.104801 -0.12918 12.5357 113.368 
0.473513 0.721824 110805 1 -0.83125 0.332692 310 1 1912 0.195047 -0.0107465 -0.101948 -0.170124 12.5139 113.511 
0.448357 0.711482 110885 1 -0.83125 0.332692 311 1 1914 0.194085 -0.00949907 -0.102525 -0.156694 12.5315 113.5 
0.415798 0.692195 110965 1 -0.83125 0.332692 312 1 1916 0.191822 -0.0158647 -0.10177 -0.224527 12.5119 113.513 
0.412308 0.690539 111005 1 -0.83125 0.332692 313 1 1917 0.192395 -0.0168469 -0.103904 -0.23417 12.5343 113.521 
0.401052 0.696108 111085 1 -0.83125 0.332692 314 1 1919 0.191954 -0.0172999 -0.10255 -0.244369 12.5393 113.64 
0.363796 0.66238 111165 1 -0.83125 0.332692 315 1 1921 0.191214 -0.0163222 -0.103385 -0.237049 12.5399 113.628 
0.257688 0.646532 111205 1 -0.83125 0.332692 316 0 1922 0.191953 -0.0189536 -0.102454 -0.263647 12.5224 113.52 
0.302126 0.705148 111286 1 -0.83125 0.332692 317 0 1924 0.193611 -0.015517 -0.0983505 -0.216739 12.4732 113.494 
0.277602 0.605694 111366 1 -0.83125 0.332692 318 0 1926 0.192491 -0.0197801 -0.104419 -0.26735 12.538 113.55 
0.210389 0.561501 111448 1 -0.83125 0.332692 319 0 1928 0.191099 -0.0235946 -0.103545 -0.320141 12.5415 113.674 
0.273196 0.598844 111526 1 -0.83125 0.332692 320 0 1930 0.191465 -0.0127992 -0.104754 -0.203305 12.536 113.464 
0.223718 0.546423 111606 1 -0.83125 0.332692 321 0 1932 0.19116 -0.0198526 -0.105324 -0.281683 12.5369 113.462 
0.223718 0.546423 111606 1 -0.83125 0.332692 322 0 1932 0.19116 -0.0198526 -0.105324 -0.281683 12.5369 113.462 
0.223718 0.546423 111606 1 -0.83125 0.332692 323 0 1932 0.19116 -0.0198526 -0.105324 -0.281683 12.5369 113.462 
0.226476 0.483196 111807 1 -0.83125 0.332692 324 0 1937 0.188981 -0.0178756 -0.110102 -0.252529 12.5902 113.505 
0.19608 0.465135 111846 1 -0.83125 0.332692 325 0 1938 0.188958 -0.020497 -0.110773 -0.290344 12.5808 113.362 
0.19562 0.475459 111927 1 -0.83125 0.332692 326 0 1940 0.187815 -0.0198089 -0.109892 -0.284062 12.5884 113.496 
0.19562 0.475459 111927 1 -0.83125 0.332692 327 0 1940 0.187815 -0.0198089 -0.109892 -0.284062 12.5884 113.496 
0.201735 0.449536 111967 1 -0.83125 0.332692 328 0 1941 0.187991 -0.0208904 -0.112969 -0.298499 12.6126 113.442 
0.613739 0.666998 112168 1 -0.83125 0.332692 329 1 1946 0.188242 -0.016657 -0.109532 -0.232895 12.5767 113.361 
0.684263 0.677113 112207 1 -0.83125 0.332692 330 1 1947 0.189027 -0.0099515 -0.111819 -0.160037 12.5921 113.177 
0.623923 0.698093 112247 1 -0.83125 0.332692 331 1 1948 0.188453 -0.0179628 -0.107621 -0.248215 12.5295 113.165 
0.623923 0.698093 112247 1 -0.83125 0.332692 332 1 1948 0.188453 -0.0179628 -0.107621 -0.248215 12.5295 113.165 
0.710616 0.704631 112408 1 -0.83125 0.332692 333 1 1952 0.190295 -0.00841791 -0.111551 -0.139777 12.5789 113.101 
0.725428 0.681399 112488 1 -0.83125 0.332692 334 1 1954 0.190313 -0.00795978 -0.113422 -0.135297 12.5964 113.081 
0.61376 0.65051 112568 1 -0.83125 0.332692 335 1 1956 0.188177 -0.0197376 -0.11051 -0.268957 12.5745 113.281 
0.586954 0.654253 112648 1 -0.83125 0.332692 336 1 1958 0.189773 -0.0113566 -0.11527 -0.174682 12.628 113.21 
0.227924 0.796188 112688 1 -0.83125 0.332692 337 1 1959 0.192814 -0.0164653 -0.107297 -0.223276 12.5237 113.192 
0.135517 0.766718 112768 1 -0.83125 0.332692 338 1 1961 0.193342 -0.0195462 -0.106487 -0.268848 12.5111 113.196 
0.188124 0.791082 112849 1 -0.83125 0.332692 339 1 1963 0.193495 -0.0103224 -0.107968 -0.169145 12.5345 113.105 
-0.0551905 0.878027 112929 1 -0.83125 0.332692 340 1 1965 0.198351 -0.0147576 -0.110065 -0.216141 12.5326 112.985 
-0.0326599 0.855369 113009 1 -0.836458 0.333654 341 1 1967 0.197603 -0.0115666 -0.112822 -0.178389 12.5736 113.043 
-0.112357 0.853061 113049 1 -0.851042 0.334615 342 1 1968 0.196527 -0.0211418 -0.110496 -0.28487 12.5338 113.093 
-0.186348 0.847186 113129 1 -0.851563 0.334615 343 1 1970 0.196705 -0.0239993 -0.107589 -0.322467 12.5056 113.115 
-0.0854402 0.878602 113209 1 -0.851563 0.335577 344 1 1972 0.197768 -0.0144573 -0.109554 -0.20957 12.5304 113.035 
-0.090496 0.85129 113250 1 -0.838542 0.409615 345 1 1973 0.197188 -0.0141392 -0.112878 -0.201416 12.5643 112.954 
-0.0790666 0.801391 113329 1 -0.792188 0.471154 346 1 1975 0.197127 -0.014438 -0.113547 -0.198511 12.5821 112.967 
-0.154903 0.798373 113410 1 -0.784375 0.479808 347 1 1977 0.196184 -0.0223773 -0.10831 -0.290615 12.5265 113.124 
-0.0620211 0.759181 113490 1 -0.783333 0.479808 348 1 1979 0.196464 -0.0156894 -0.117581 -0.225005 12.6159 112.982 
-0.0217487 0.805964 113530 1 -0.772396 0.469231 349 1 1980 0.197617 -0.0111521 -0.114674 -0.173252 12.5816 112.968 
-0.0526167 0.792768 113650 1 -0.763021 0.463462 350 1 1983 0.197695 -0.0160525 -0.115689 -0.22059 12.5909 112.929 
-0.0899898 0.81588 113690 1 -0.760938 0.461538 351 1 1984 0.198196 -0.0166597 -0.116724 -0.219491 12.5975 112.889 
-0.165725 0.812754 113770 1 -0.763542 0.445192 352 1 1986 0.197972 -0.0246567 -0.113082 -0.31006 12.5433 112.836 
-0.106716 0.811341 113850 1 -0.763542 0.445192 353 1 1988 0.197483 -0.0185565 -0.117116 -0.255753 12.5904 112.837 
-0.170669 0.829443 113890 1 -0.763542 0.445192 354 1 1989 0.196863 -0.0245716 -0.110073 -0.323392 12.5183 112.949 
-0.116449 0.802867 113971 1 -0.763542 0.445192 355 1 1991 0.196444 -0.0175835 -0.116551 -0.240106 12.5933 112.857 
-0.109447 0.794803 114051 1 -0.764062 0.450962 356 1 1993 0.198372 -0.0123654 -0.116168 -0.159101 12.5977 112.844 
-0.0820403 0.766297 114131 1 -0.769271 0.454808 357 1 1995 0.199275 -0.011422 -0.118059 -0.136591 12.6108 112.74 
0.0127414 0.691271 114171 1 -0.767708 0.457692 358 0 1996 0.1992 -0.00930034 -0.120675 -0.114477 12.6416 112.712 
-0.094852 0.664138 114251 1 -0.764062 0.458654 359 0 1998 0.195405 -0.0202626 -0.114945 -0.241973 12.581 112.838 
0.00604655 0.704107 114331 1 -0.756771 0.459615 360 0 2000 0.197802 -0.0100395 -0.117991 -0.129308 12.6177 112.753 
0.035886 0.672766 114412 1 -0.744792 0.465385 361 0 2002 0.198653 -0.00930024 -0.120987 -0.110565 12.6413 112.711 
0.0763517 0.548327 114492 1 -0.721875 0.475 362 0 2004 0.199324 -0.00694728 -0.12279 -0.0820412 12.6592 112.629 
0.0776781 0.520505 114532 1 -0.649479 0.481731 363 0 2005 0.198768 -0.00922712 -0.122136 -0.106885 12.6542 112.653 
0.0755153 0.515838 114572 1 -0.506771 0.477885 364 0 2006 0.199113 -0.00850897 -0.122749 -0.104321 12.6486 112.585 
0.0755153 0.515838 114572 1 -0.404687 0.477885 365 0 2006 0.199113 -0.00850897 -0.122749 -0.104321 12.6486 112.585 
0.0278767 0.45283 114732 1 -0.384375 0.483654 366 0 2010 0.195822 -0.0102697 -0.119652 -0.124969 12.6288 112.683 
0.0664273 0.429441 114813 1 -0.392708 0.607692 367 0 2012 0.197858 -0.00851038 -0.121757 -0.098845 12.6601 112.724 
0.0539925 0.420929 114852 1 -0.405729 0.853846 368 0 2013 0.196543 -0.00875166 -0.120828 -0.0980989 12.6502 112.727 
-0.0209417 0.388188 114892 1 -0.405208 1.04519 369 0 2014 0.194946 -0.016679 -0.119621 -0.192047 12.6368 112.792 
-0.0209417 0.388188 114892 1 -0.405208 1.04519 370 0 2014 0.194946 -0.016679 -0.119621 -0.192047 12.6368 112.792 
0.0334248 0.420439 115093 1 -0.403646 1.03654 371 0 2019 0.196441 -0.00827678 -0.123025 -0.104397 12.6638 112.627 
0.0443288 0.402686 115174 1 -0.410417 1.00481 372 0 2021 0.196115 -0.00908399 -0.123796 -0.106288 12.6703 112.675 
0.0263888 0.395271 115213 1 -0.411979 0.990385 373 0 2022 0.196982 -0.00957496 -0.124677 -0.110707 12.6766 112.645 
0.0263888 0.395271 115213 1 -0.414063 0.983654 374 0 2022 0.196982 -0.00957496 -0.124677 -0.110707 12.6766 112.645 
0.283959 0.512319 115333 1 -0.417708 0.977885 375 0 2025 0.196533 -0.00750329 -0.124382 -0.094446 12.6722 112.586 
0.338833 0.534499 115414 1 -0.419792 0.973077 376 0 2027 0.196674 -0.00837734 -0.123494 -0.099835 12.6646 112.562 
0.260685 0.469726 115494 1 -0.421354 0.971154 377 1 2029 0.194467 -0.0170505 -0.12438 -0.204219 12.6785 112.696 
0.293407 0.49242 115534 1 -0.423438 0.968269 378 1 2030 0.194877 -0.0104692 -0.126469 -0.124629 12.6942 112.58 
0.293407 0.49242 115534 1 -0.423958 0.965385 379 1 2030 0.194877 -0.0104692 -0.126469 -0.124629 12.6942 112.58 
0.25693 0.476971 115694 1 -0.423958 0.964423 380 1 2034 0.194186 -0.017533 -0.123501 -0.206809 12.6699 112.681 
0.263085 0.506338 115774 1 -0.423958 0.964423 381 1 2036 0.193146 -0.0174232 -0.123228 -0.207701 12.6664 112.619 
0.338368 0.622456 115854 1 -0.423958 0.964423 382 1 2038 0.196275 -0.00631175 -0.128969 -0.0871357 12.7186 112.506 
0.332788 0.624413 115936 1 -0.423438 0.964423 383 1 2040 0.196125 -0.00515641 -0.1296 -0.0687415 12.7263 112.506 
0.26671 0.588118 115974 1 -0.415104 0.964423 384 1 2041 0.195462 -0.0159166 -0.127157 -0.187418 12.6952 112.572 
0.319986 0.615369 116095 1 -0.402083 0.9625 385 1 2044 0.196091 -0.00654374 -0.129727 -0.0932723 12.7259 112.509 
0.240741 0.580466 116135 1 -0.399479 0.961538 386 1 2045 0.194137 -0.0156943 -0.126806 -0.201723 12.6881 112.55 
0.216546 0.575383 116215 1 -0.399479 0.961538 387 1 2047 0.192391 -0.0190656 -0.123627 -0.240498 12.6795 112.757 
0.293309 0.641652 116295 1 -0.399479 0.961538 388 1 2049 0.195247 -0.00676496 -0.128075 -0.0929709 12.7091 112.54 
0.321807 0.640463 116375 1 -0.399479 0.961538 389 1 2051 0.196975 -0.003118 -0.131079 -0.0463484 12.7396 112.488 
0.330036 0.642443 116415 1 -0.399479 0.961538 390 1 2052 0.196735 -0.00291689 -0.131641 -0.0426417 12.7475 112.514 
0.486422 0.711095 116495 1 -0.399479 0.961538 391 1 2054 0.196697 -0.00385656 -0.131749 -0.0663294 12.7465 112.485 
0.459837 0.678886 116576 1 -0.399479 0.961538 392 1 2056 0.194986 -0.0157017 -0.129248 -0.204524 12.7247 112.615 
0.507008 0.730559 116656 1 -0.399479 0.961538 393 1 2058 0.19489 -0.0093326 -0.127983 -0.131413 12.7118 112.648 
0.499686 0.729058 116735 1 -0.399479 0.961538 394 1 2060 0.195952 -0.00695784 -0.126864 -0.092702 12.7111 112.731 
0.501979 0.695182 116776 1 -0.399479 0.961538 395 1 2061 0.195739 -0.0055369 -0.130756 -0.0793225 12.7533 112.7 
0.321465 0.697712 116856 1 -0.399479 0.961538 396 1 2063 0.198912 -0.00394709 -0.128781 -0.0624084 12.7116 112.536 
0.300047 0.653656 116937 1 -0.399479 0.961538 397 1 2065 0.197521 -0.00472487 -0.128411 -0.0796591 12.7142 112.603 
0.275759 0.651111 117017 1 -0.399479 0.961538 398 1 2067 0.196933 -0.00785769 -0.127272 -0.116704 12.7107 112.677 
0.105699 0.628465 117096 1 -0.399479 0.961538 399 0 2069 0.194706 -0.012168 -0.125284 -0.156849 12.7009 112.773 
0.162998 0.642466 117176 1 -0.399479 0.961538 400 0 2071 0.197838 -0.00404946 -0.127974 -0.0611772 12.7274 112.722 
0.167142 0.622832 117257 1 -0.392188 0.960577 401 0 2073 0.198545 -0.00603415 -0.127198 -0.0903076 12.7213 112.745 
0.0772706 0.58455 117297 1 -0.383333 0.960577 402 0 2074 0.195163 -0.0166714 -0.123571 -0.212393 12.6816 112.818 
0.168656 0.604041 117378 1 -0.38125 0.960577 403 0 2076 0.197132 -0.00565102 -0.127127 -0.0921157 12.7215 112.758 
0.192792 0.624188 117457 1 -0.38125 0.960577 404 1 2078 0.195181 -0.00777506 -0.125406 -0.112521 12.7197 112.883 
0.523058 0.68941 117497 1 -0.38125 0.960577 405 1 2079 0.194258 -0.00705558 -0.12789 -0.108459 12.736 112.815 
0.599393 0.735096 117617 1 -0.38125 0.960577 406 1 2082 0.194003 -0.00472556 -0.125625 -0.0831348 12.7139 112.798 
0.601772 0.732347 117658 1 -0.38125 0.960577 407 1 2083 0.195823 -0.00571928 -0.126705 -0.095691 12.7064 112.692 
0.578757 0.693911 117738 1 -0.38125 0.960577 408 1 2085 0.19319 -0.00666821 -0.130008 -0.118772 12.7495 112.72 
0.574078 0.718964 117818 1 -0.38125 0.960577 409 1 2087 0.193958 -0.00730792 -0.126998 -0.117105 12.7262 112.785 
0.613801 0.748749 117898 1 -0.38125 0.960577 410 1 2089 0.196679 -0.00469199 -0.127109 -0.0781804 12.7157 112.678 
0.665598 0.756719 117938 1 -0.38125 0.960577 411 1 2090 0.196369 -0.00590552 -0.126907 -0.0910795 12.7126 112.714 
0.659905 0.72799 118018 1 -0.38125 0.960577 412 1 2092 0.195132 -0.00929045 -0.128948 -0.141213 12.7326 112.757 
0.660859 0.739304 118099 1 -0.38125 0.960577 413 1 2094 0.196161 -0.0113477 -0.127681 -0.176326 12.712 112.789 
0.616691 0.853594 118179 1 -0.390625 0.958654 414 1 2096 0.196093 -0.0126258 -0.129248 -0.203087 12.7225 112.773 
0.478072 0.902118 118259 1 -0.40625 0.957692 415 1 2098 0.197436 -0.0223956 -0.124476 -0.30626 12.6525 112.796 
0.44537 0.909051 118339 1 -0.425521 0.957692 416 1 2100 0.197557 -0.0245894 -0.123945 -0.329293 12.6427 112.763 
0.487454 0.876074 118419 1 -0.430729 0.957692 417 1 2102 0.198737 -0.0169454 -0.12896 -0.246326 12.7056 112.68 
0.524077 0.872866 118460 1 -0.430729 0.957692 418 1 2103 0.198299 -0.0142496 -0.129895 -0.212775 12.7247 112.698 
0.462672 0.863355 118540 1 -0.432812 0.957692 419 1 2105 0.199191 -0.023023 -0.126106 -0.308565 12.6748 112.769 
0.495455 0.822815 118619 1 -0.434896 0.957692 420 1 2107 0.198858 -0.0170535 -0.132693 -0.252326 12.7325 112.646 
0.5774 0.655021 118659 1 -0.435417 0.957692 421 1 2108 0.196312 -0.0181226 -0.133895 -0.27342 12.7602 112.757 
0.5774 0.655021 118659 1 -0.436458 0.956731 422 1 2108 0.196312 -0.0181226 -0.133895 -0.27342 12.7602 112.757 
0.636884 0.558795 118861 1 -0.4375 0.956731 423 1 2113 0.194934 -0.0161708 -0.134698 -0.269873 12.7678 112.758 
0.688248 0.583551 118940 1 -0.4375 0.956731 424 1 2115 0.195235 -0.0110883 -0.134207 -0.206159 12.7695 112.784 
0.696998 0.578338 118980 1 -0.4375 0.956731 425 1 2116 0.195415 -0.0143599 -0.134749 -0.237543 12.7755 112.839 
0.736343 0.588144 119060 1 -0.4375 0.956731 426 1 2118 0.196451 -0.0143873 -0.133715 -0.2422 12.7614 112.807 
0.735393 0.557339 119140 1 -0.4375 0.956731 427 1 2120 0.193818 -0.0162652 -0.136147 -0.275135 12.789 112.805 
0.743049 0.574174 119181 1 -0.4375 0.956731 428 1 2121 0.194145 -0.0182449 -0.134566 -0.295537 12.7742 112.848 
0.762588 0.585232 119264 1 -0.4375 0.956731 429 1 2123 0.195465 -0.0161838 -0.133993 -0.257731 12.766 112.765 
0.672747 0.59611 119340 1 -0.4375 0.956731 430 1 2125 0.196415 -0.0234986 -0.129065 -0.334324 12.714 112.873 
0.670001 0.536463 119421 1 -0.4375 0.956731 431 1 2127 0.196471 -0.0228453 -0.131207 -0.32329 12.7507 112.95 
0.707628 0.735793 119501 1 -0.4375 0.956731 432 1 2129 0.198359 -0.0144823 -0.13058 -0.227203 12.7301 112.793 
0.684821 0.689192 119581 1 -0.4375 0.956731 433 1 2131 0.196175 -0.0146331 -0.132726 -0.23222 12.7583 112.801 
0.708327 0.688938 119666 1 -0.4375 0.956731 434 1 2133 0.196566 -0.0114946 -0.133507 -0.204925 12.7715 112.827 
0.76688 0.58037 119781 1 -0.439583 0.953846 435 1 2136 0.196295 -0.0085281 -0.130843 -0.15255 12.7601 112.923 
0.75672 0.560944 119822 1 -0.440625 0.952885 436 1 2137 0.197508 -0.0111874 -0.131342 -0.183352 12.7613 112.935 
0.750243 0.567791 119902 1 -0.446875 0.949038 437 1 2139 0.196769 -0.00994561 -0.130249 -0.181014 12.7533 112.956 
0.75917 0.584815 119982 1 -0.446875 0.949038 438 1 2141 0.197347 -0.0101436 -0.128234 -0.181496 12.7372 112.997 
0.812235 0.599893 120063 1 -0.446875 0.949038 439 1 2143 0.19642 -0.00993185 -0.13031 -0.188137 12.7606 112.987 
0.967424 0.697754 120102 1 -0.446875 0.949038 440 1 2144 0.197114 -0.00839958 -0.131209 -0.173782 12.7783 113.021 
0.971989 0.692204 120182 1 -0.446875 0.949038 441 1 2146 0.196823 -0.0110177 -0.128015 -0.1829 12.7433 113.078 
0.982351 0.726862 120263 1 -0.446875 0.949038 442 1 2148 0.197519 -0.00933487 -0.125506 -0.161295 12.7382 113.139 
0.98723 0.70413 120303 1 -0.446875 0.949038 443 1 2149 0.197304 -0.00755 -0.126693 -0.137838 12.7507 113.123 
0.976422 0.716788 120383 1 -0.448958 0.95 444 1 2151 0.197177 -0.0104213 -0.125057 -0.167614 12.7267 113.111 
1.00248 0.736775 120463 1 -0.451562 0.952885 445 1 2153 0.197898 -0.00692332 -0.125775 -0.122565 12.7351 113.097 
0.972092 0.691709 120543 1 -0.452083 0.951923 446 1 2155 0.196687 -0.010278 -0.129454 -0.168603 12.7605 113.027 
0.992092 0.700301 120624 1 -0.459375 0.945192 447 1 2157 0.195943 -0.00842285 -0.130395 -0.153358 12.7737 113.001 
1.21014 0.871599 120663 1 -0.459375 0.945192 448 0 2158 0.196605 -0.00985394 -0.1304 -0.168875 12.7617 112.95 
1.33981 0.939242 120744 1 -0.459375 0.945192 449 0 2160 0.194672 -0.00618603 -0.126108 -0.122832 12.7372 112.979 
1.36501 0.950709 120823 1 -0.459375 0.945192 450 0 2162 0.196364 -0.00809458 -0.126306 -0.132545 12.7266 112.909 
1.361 0.933875 120863 1 -0.459375 0.945192 451 0 2163 0.197564 -0.00617165 -0.126627 -0.105174 12.7348 112.94 
1.68765 1.16808 120984 1 -0.459375 0.945192 452 0 2166 0.196334 -0.011837 -0.129818 -0.187239 12.7589 112.936 
1.67203 1.21263 121024 1 -0.459375 0.945192 453 0 2167 0.197041 -0.0114536 -0.127969 -0.178761 12.7287 112.855 
1.67203 1.21263 121024 1 -0.459375 0.945192 454 0 2167 0.197041 -0.0114536 -0.127969 -0.178761 12.7287 112.855 
1.68702 1.1784 121064 1 -0.459896 0.944231 455 0 2168 0.197559 -0.0131148 -0.131675 -0.205975 12.7679 112.848 
1.76742 1.11843 121264 1 -0.464062 0.9375 456 0 2173 0.197643 -0.0133725 -0.131437 -0.206416 12.7673 112.872 
1.74429 1.0639 121304 1 -0.466667 0.935577 457 0 2174 0.196245 -0.0140755 -0.132121 -0.218718 12.7808 112.946 
1.7599 1.14923 121344 1 -0.469792 0.934615 458 0 2175 0.196551 -0.0144809 -0.127488 -0.225449 12.7192 112.886 
1.7599 1.14923 121344 1 -0.473438 0.932692 459 0 2175 0.196551 -0.0144809 -0.127488 -0.225449 12.7192 112.886 
0.910959 1.18705 121545 1 -0.48125 0.929808 460 0 2180 0.200747 -0.013598 -0.132285 -0.204481 12.7577 112.747 
0.443446 2.20251 121585 1 -0.484896 0.929808 461 0 2181 0.198394 -0.0521106 -0.120718 -0.636267 12.7095 113.678 
0.243708 2.0061 121625 1 -0.494271 0.929808 462 0 2182 0.194811 -0.0764702 -0.107833 -0.912013 12.5836 114.024 
0.243708 2.0061 121625 1 -0.498437 0.929808 463 0 2182 0.194811 -0.0764702 -0.107833 -0.912013 12.5836 114.024 
1.26468 0.89647 121826 1 -0.498437 0.929808 464 0 2187 0.191072 -0.0277554 -0.121109 -0.395397 12.6923 113.328 
0.862106 0.634862 121906 1 -0.498437 0.926923 465 1 2189 0.198458 -0.0152534 -0.125013 -0.230728 12.7127 113.031 
0.49804 0.414129 121945 1 -0.486458 0.922115 466 0 2190 0.197718 -0.014092 -0.127908 -0.213809 12.7409 112.992 
0.49804 0.414129 121945 1 -0.452083 0.922115 467 0 2190 0.197718 -0.014092 -0.127908 -0.213809 12.7409 112.992 
0.432633 0.246058 122106 1 -0.433854 0.922115 468 0 2194 0.197764 -0.0103352 -0.127408 -0.17525 12.7363 112.936 
0.146526 0.107396 122186 1 -0.427083 0.922115 469 0 2196 0.198858 -0.00757976 -0.131156 -0.14459 12.778 112.909 
0.0114999 0.185883 122267 1 -0.417708 0.921154 470 0 2198 0.193056 -0.0678449 -0.110973 -0.831745 12.6462 114.1 
-0.125606 0.0522815 122307 1 -0.40625 0.921154 471 0 2199 0.188982 -0.0895206 -0.111789 -1.07343 12.6836 114.5 
-0.125606 0.0522815 122307 1 -0.389583 0.919231 472 0 2199 0.188982 -0.0895206 -0.111789 -1.07343 12.6836 114.5 
0.619561 0.817507 122467 1 -0.361458 0.918269 473 1 2203 0.18796 -0.0316103 -0.119438 -0.429867 12.7053 113.546 
0.880898 0.942783 122547 1 -0.339062 0.917308 474 1 2205 0.19894 -0.0165365 -0.124799 -0.237247 12.7153 113.061 
0.957387 0.932693 122627 1 -0.321875 0.917308 475 1 2207 0.196933 -0.0101761 -0.128369 -0.166201 12.7698 113.117 
0.957387 0.932693 122627 1 -0.313542 0.917308 476 1 2207 0.196933 -0.0101761 -0.128369 -0.166201 12.7698 113.117 
0.696203 0.998888 122787 1 -0.3 0.917308 477 0 2211 0.199711 -0.00985927 -0.131284 -0.159018 12.7876 113.019 
0.542636 0.99903 122868 1 -0.277604 0.915385 478 0 2213 0.196268 -0.0215598 -0.124993 -0.296677 12.7166 113.149 
0.569076 0.998403 122950 1 -0.238021 0.910577 479 0 2215 0.197147 -0.0201581 -0.12338 -0.28181 12.7149 113.195 
0.541468 0.965046 123028 1 -0.211979 0.910577 480 0 2217 0.197232 -0.018924 -0.123185 -0.26197 12.7055 113.136 
0.542161 0.929407 123107 1 -0.199479 0.910577 481 1 2219 0.196568 -0.0185006 -0.123589 -0.254353 12.7233 113.226 
0.649908 0.946051 123148 1 -0.199479 0.910577 482 0 2220 0.198039 -0.00680989 -0.127519 -0.123086 12.7779 113.225 
0.591153 0.915292 123228 1 -0.199479 0.910577 483 1 2222 0.197736 -0.00664487 -0.12958 -0.12984 12.8056 113.233 
0.597487 0.895187 123309 1 -0.199479 0.910577 484 1 2224 0.198527 -0.00907564 -0.13106 -0.157145 12.8076 113.169 
0.621597 0.931211 123349 1 -0.213021 0.910577 485 1 2225 0.19966 -0.00860214 -0.128972 -0.150045 12.7817 113.116 
0.597103 0.904736 123429 1 -0.232813 0.909615 486 1 2227 0.200028 -0.0102778 -0.130345 -0.165691 12.797 113.146 
0.613545 0.901762 123509 1 -0.239583 0.909615 487 1 2229 0.200538 -0.00766377 -0.131537 -0.139266 12.8038 113.079 
0.622419 0.874839 123589 1 -0.240625 0.909615 488 1 2231 0.198201 -0.00931752 -0.131979 -0.163908 12.8064 113.091 
0.621443 0.87948 123629 1 -0.240625 0.909615 489 1 2232 0.199233 -0.00807511 -0.13368 -0.152374 12.8234 113.068 
0.637293 0.882863 123709 1 -0.240625 0.909615 490 1 2234 0.199533 -0.00750538 -0.13328 -0.142657 12.8238 113.077 
0.625702 0.888317 123790 1 -0.239063 0.908654 491 1 2236 0.199759 -0.00856577 -0.132231 -0.148423 12.8081 113.049 
0.631106 0.920265 123829 1 -0.225 0.906731 492 1 2237 0.200499 -0.00711411 -0.130552 -0.12546 12.7849 113.012 
0.399692 0.879828 123910 1 -0.209375 0.906731 493 1 2239 0.2014 -0.00577147 -0.134076 -0.121315 12.8233 113.014 
0.26273 0.815241 123989 1 -0.201042 0.905769 494 1 2241 0.19644 -0.0179177 -0.129966 -0.269997 12.768 113.095 
0.35387 0.737527 124070 1 -0.200521 0.905769 495 1 2243 0.198244 -0.0083567 -0.136602 -0.167481 12.8552 113.076 
0.238804 1.16275 124150 1 -0.200521 0.905769 496 0 2245 0.199154 -0.0187775 -0.130638 -0.270663 12.7634 112.994 
0.315781 1.31469 124190 1 -0.200521 0.905769 497 0 2246 0.204716 -0.010684 -0.134878 -0.166514 12.8032 112.855 
0.335063 1.33087 124270 1 -0.200521 0.905769 498 0 2248 0.207536 -0.0106957 -0.133568 -0.178768 12.7805 112.731 
0.318864 1.35448 124350 1 -0.198437 0.905769 499 0 2250 0.207748 -0.0114852 -0.132912 -0.188184 12.7778 112.729 
0.342592 1.31152 124431 1 -0.184896 0.905769 500 0 2252 0.207477 -0.00993583 -0.135811 -0.170413 12.8146 112.721 
0.350743 1.30436 124513 1 -0.172396 0.905769 501 0 2254 0.209042 -0.00997691 -0.135963 -0.169185 12.8141 112.68 
0.362726 1.29892 124551 1 -0.172396 0.905769 502 0 2255 0.20895 -0.00716324 -0.136277 -0.13675 12.8263 112.712 
0.362726 1.29892 124551 1 -0.172396 0.905769 503 0 2255 0.20895 -0.00716324 -0.136277 -0.13675 12.8263 112.712 
0.376455 1.27822 124711 1 -0.172396 0.905769 504 0 2259 0.210684 -0.00647053 -0.134418 -0.126235 12.8182 112.784 
0.344835 1.25783 124791 1 -0.172396 0.905769 505 0 2261 0.210178 -0.00942329 -0.135491 -0.156946 12.8219 112.786 
0.372581 1.27187 124872 1 -0.172396 0.905769 506 0 2263 0.210694 -0.0070528 -0.135005 -0.142312 12.8202 112.801 
0.372581 1.27187 124872 1 -0.172396 0.905769 507 0 2263 0.210694 -0.0070528 -0.135005 -0.142312 12.8202 112.801 
0.363787 1.26418 124912 1 -0.172396 0.905769 508 0 2264 0.210439 -0.0068732 -0.135003 -0.125795 12.822 112.809 
0.401047 1.28347 125072 1 -0.172396 0.905769 509 0 2268 0.216914 -0.00530251 -0.131862 -0.0921337 12.794 112.747 
0.403676 1.30837 125152 1 -0.172396 0.905769 510 0 2270 0.217767 -0.00439664 -0.130328 -0.0823792 12.7797 112.721 
0.431542 1.30969 125192 1 -0.175 0.905769 511 0 2271 0.21833 -0.00431899 -0.128604 -0.0795041 12.775 112.773 
0.431542 1.30969 125192 1 -0.178646 0.905769 512 0 2271 0.21833 -0.00431899 -0.128604 -0.0795041 12.775 112.773 
0.405216 1.29238 125352 1 -0.181771 0.906731 513 0 2275 0.215558 -0.00417524 -0.126046 -0.0719301 12.7752 112.877 
0.367566 1.28804 125432 1 -0.183854 0.906731 514 0 2277 0.21693 -0.00292598 -0.127718 -0.0552096 12.7961 112.918 
0.345798 1.28259 125512 1 -0.189062 0.906731 515 0 2279 0.218196 0.00113807 -0.126764 0.00245565 12.7947 112.922 
0.345798 1.28259 125512 1 -0.191667 0.906731 516 0 2279 0.218196 0.00113807 -0.126764 0.00245565 12.7947 112.922 
0.327307 1.29681 125553 1 -0.191667 0.906731 517 0 2280 0.218894 -0.00200643 -0.124631 -0.0172817 12.7847 112.953 
0.322325 1.38902 125753 1 -0.191667 0.906731 518 0 2285 0.214266 -0.00315187 -0.110356 -0.052431 12.7186 113.055 
0.347765 1.42119 125793 1 -0.191667 0.906731 519 0 2286 0.211979 -0.00322476 -0.106962 -0.0525344 12.6947 113.062 
0.354992 1.40515 125833 1 -0.191667 0.906731 520 0 2287 0.20941 -0.00425745 -0.107373 -0.0715138 12.7167 113.009 
0.354992 1.40515 125833 1 -0.186458 0.906731 521 0 2287 0.20941 -0.00425745 -0.107373 -0.0715138 12.7167 113.009 
0.33552 1.65343 126034 1 -0.177604 0.903846 522 0 2292 0.203992 -0.00366156 -0.0933587 -0.0576897 12.6397 112.941 
0.358343 1.7 126073 1 -0.174479 0.903846 523 0 2293 0.203571 0.000734786 -0.0896968 0.00809325 12.6226 112.943 
0.355799 1.80889 126154 1 -0.173958 0.903846 524 0 2295 0.205758 -0.00649642 -0.0704242 -0.0618221 12.5267 113.23 
0.355799 1.80889 126154 1 -0.173958 0.903846 525 0 2295 0.205758 -0.00649642 -0.0704242 -0.0618221 12.5267 113.23 
0.262094 1.83676 126194 1 -0.179688 0.903846 526 0 2296 0.204841 -0.015057 -0.0604858 -0.173935 12.4627 113.345 
0.336728 2.00554 126354 1 -0.204167 0.903846 527 0 2300 0.195906 -0.00932143 -0.0417091 -0.100032 12.4131 112.823 
0.146883 0.830513 126434 1 -0.273958 0.901923 528 0 2302 0.203482 -0.0349116 -0.00347663 -0.289668 12.165 113.295 
0.380021 1.12973 126474 1 -0.328125 0.901923 529 0 2303 0.20274 -0.0363706 0.00165769 -0.283397 12.1311 113.152 
0.380021 1.12973 126474 1 -0.371354 0.901923 530 0 2303 0.20274 -0.0363706 0.00165769 -0.283397 12.1311 113.152 
0.239244 0.963387 126675 1 -0.399479 0.901923 531 0 2308 0.20549 -0.0386325 0.00110224 -0.237486 12.1934 113.161 
0.132795 0.898833 126715 1 -0.422917 0.901923 532 0 2309 0.20625 -0.0386979 0.00348795 -0.234132 12.1783 113.247 
0.115412 0.895932 126796 1 -0.446875 0.901923 533 0 2311 0.207527 -0.0345309 0.0094208 -0.211234 12.1491 113.405 
0.115412 0.895932 126796 1 -0.463542 0.900962 534 0 2311 0.207527 -0.0345309 0.0094208 -0.211234 12.1491 113.405 
0.0543662 0.919732 126835 1 -0.469271 0.900962 535 0 2312 0.20713 -0.0346661 0.00672706 -0.221765 12.187 113.471 
0.107768 1.56306 126997 1 -0.469271 0.900962 536 0 2316 0.203582 -0.0431361 -0.0102431 -0.337691 12.3293 113.112 
0.337956 1.77528 127076 1 -0.469271 0.900962 537 0 2318 0.203932 -0.0386481 0.000696722 -0.254924 12.2343 113.215 
0.390992 1.8299 127116 1 -0.471354 0.900962 538 0 2319 0.20441 -0.0349545 0.00410659 -0.213106 12.2081 113.198 
0.390992 1.8299 127116 1 -0.480208 0.900962 539 0 2319 0.20441 -0.0349545 0.00410659 -0.213106 12.2081 113.198 
0.444391 1.97703 127157 1 -0.488542 0.9 540 0 2320 0.203567 -0.0252773 0.019581 -0.0821475 12.0861 113.244 
0.444391 1.97703 127157 1 -0.494271 0.899038 541 0 2320 0.203567 -0.0252773 0.019581 -0.0821475 12.0861 113.244 
-1.12971 1.08031 127276 1 -0.498958 0.898077 542 0 2323 0.197413 -0.0220479 0.0256529 -0.0209364 12.0658 112.764 
-1.12971 1.08031 127276 1 -0.502604 0.898077 543 0 2323 0.197413 -0.0220479 0.0256529 -0.0209364 12.0658 112.764 
-1.99344 1.07434 127396 1 -0.505208 0.898077 544 0 2326 0.195846 -0.0310105 0.021222 -0.0689495 12.1894 112.805 
0.082049 0.908433 127518 1 -0.506771 0.897115 545 0 2329 0.198123 -0.0170014 0.0253755 0.0871237 12.1449 112.51 
0.082049 0.908433 127518 1 -0.508333 0.897115 546 0 2329 0.198123 -0.0170014 0.0253755 0.0871237 12.1449 112.51 
-0.136508 0.942482 127597 1 -0.509375 0.897115 547 0 2331 0.202129 -0.0115567 0.0319392 0.147257 12.0625 112.281 
-0.136508 0.942482 127597 1 -0.510417 0.897115 548 0 2331 0.202129 -0.0115567 0.0319392 0.147257 12.0625 112.281 
-0.176611 0.938984 127717 1 -0.511979 0.896154 549 0 2334 0.205383 -0.0133031 0.033941 0.138066 12.0042 112.009 
-0.176611 0.938984 127717 1 -0.5125 0.896154 550 0 2334 0.205383 -0.0133031 0.033941 0.138066 12.0042 112.009 
0.0474061 1.57468 127838 1 -0.5125 0.896154 551 0 2337 0.206723 -0.0367972 0.0249488 -0.124898 12.0729 111.964 
0.0474061 1.57468 127838 1 -0.5125 0.896154 552 0 2337 0.206723 -0.0367972 0.0249488 -0.124898 12.0729 111.964 
0.416031 1.63253 127997 1 -0.5125 0.896154 553 0 2341 0.212207 -0.0294705 0.0160694 -0.00474026 12.1964 112.161 
0.416031 1.63253 127997 1 -0.5125 0.896154 554 0 2341 0.212207 -0.0294705 0.0160694 -0.00474026 12.1964 112.161 
0.450691 1.7748 128158 1 -0.5125 0.896154 555 0 2345 0.218015 -0.0367528 0.0181529 0.00258118 12.1509 111.884 
0.450691 1.7748 128158 1 -0.5125 0.896154 556 0 2345 0.218015 -0.0367528 0.0181529 0.00258118 12.1509 111.884 
-1.06951 1.51609 128278 1 -0.5125 0.896154 557 0 2348 0.221418 -0.0373252 0.0186436 0.0771243 12.1452 111.79 
-1.06951 1.51609 128278 1 -0.5125 0.896154 558 0 2348 0.221418 -0.0373252 0.0186436 0.0771243 12.1452 111.79 
-1.06951 1.51609 128278 1 -0.5125 0.896154 559 0 2348 0.221418 -0.0373252 0.0186436 0.0771243 12.1452 111.79 
-0.418309 1.02534 128478 1 -0.5125 0.896154 560 0 2353 0.224099 -0.0378666 -0.0117399 -0.0180503 12.283 110.871 
-0.418309 1.02534 128478 1 -0.5125 0.896154 561 0 2353 0.224099 -0.0378666 -0.0117399 -0.0180503 12.283 110.871 
0.173067 1.33472 128679 1 -0.5125 0.896154 562 0 2358 0.223489 -0.0512031 -0.0405385 -0.213137 12.4019 111.149 
0.173067 1.33472 128679 1 -0.5125 0.896154 563 0 2358 0.223489 -0.0512031 -0.0405385 -0.213137 12.4019 111.149 
0.697854 1.61373 128798 1 -0.5125 0.896154 564 0 2361 0.215152 0.0087344 -0.0383493 0.509667 12.303 109.831 
0.697854 1.61373 128798 1 -0.5125 0.896154 565 0 2361 0.215152 0.0087344 -0.0383493 0.509667 12.303 109.831 
0.655421 1.41241 128919 1 -0.511979 0.896154 566 0 2364 0.216572 0.00454973 -0.0622198 0.456795 12.601 110.616 
0.655421 1.41241 128919 1 -0.5125 0.898077 567 0 2364 0.216572 0.00454973 -0.0622198 0.456795 12.601 110.616 
0.488343 1.14951 129079 1 -0.5125 0.898077 568 0 2368 0.22213 -0.020889 -0.0769649 0.0891578 12.6958 110.85 
0.488343 1.14951 129079 1 -0.5125 0.898077 569 0 2368 0.22213 -0.020889 -0.0769649 0.0891578 12.6958 110.85 
0.448297 0.968264 129199 1 -0.5125 0.898077 570 0 2371 0.217016 -0.0214402 -0.101923 0.0626858 12.8632 110.655 
0.448297 0.968264 129199 1 -0.5125 0.898077 571 0 2371 0.217016 -0.0214402 -0.101923 0.0626858 12.8632 110.655 
0.420998 0.954112 129320 1 -0.5125 0.898077 572 0 2374 0.225799 -0.0282886 -0.112637 0.0322247 12.7703 110.638 
-0.937448 0.39053 129440 1 -0.504687 0.896154 573 0 2377 0.227336 -0.0681565 -0.150592 -0.533675 12.8513 110.538 
-0.937448 0.39053 129440 1 -0.505208 0.828846 574 0 2377 0.227336 -0.0681565 -0.150592 -0.533675 12.8513 110.538 
-0.937448 0.39053 129440 1 -0.503646 0.571154 575 0 2377 0.227336 -0.0681565 -0.150592 -0.533675 12.8513 110.538 
-0.937448 0.39053 129440 1 -0.503125 0.466346 576 0 2377 0.227336 -0.0681565 -0.150592 -0.533675 12.8513 110.538 
0.798327 1.74253 129600 1 -0.503646 0.417308 577 0 2381 0.212872 -0.0397895 -0.153426 -0.0711403 12.3498 111.195 
0.798327 1.74253 129600 1 -0.505729 0.400962 578 0 2381 0.212872 -0.0397895 -0.153426 -0.0711403 12.3498 111.195 
0.798327 1.74253 129600 1 -0.505729 0.391346 579 0 2381 0.212872 -0.0397895 -0.153426 -0.0711403 12.3498 111.195 
0.0863471 2.35128 129801 1 -0.505729 0.385577 580 0 2386 0.144784 -0.0202274 -0.182596 -0.348664 11.7119 111.763 
0.0863471 2.35128 129801 1 -0.506771 0.382692 581 0 2386 0.144784 -0.0202274 -0.182596 -0.348664 11.7119 111.763 
0.0863471 2.35128 129801 1 -0.509375 0.376923 582 0 2386 0.144784 -0.0202274 -0.182596 -0.348664 11.7119 111.763 
0.817734 1.74903 130001 1 -0.514583 0.372115 583 0 2391 0.149857 -0.0107721 -0.137195 -0.123748 11.4731 111.327 
0.817734 1.74903 130001 1 -0.515625 0.369231 584 0 2391 0.149857 -0.0107721 -0.137195 -0.123748 11.4731 111.327 
0.817734 1.74903 130001 1 -0.515625 0.369231 585 0 2391 0.149857 -0.0107721 -0.137195 -0.123748 11.4731 111.327 
0.459831 1.15609 130201 1 -0.515625 0.367308 586 0 2396 0.150494 -0.0132527 -0.123144 -0.194614 11.5847 111.709 
0.459831 1.15609 130201 1 -0.515625 0.364423 587 0 2396 0.150494 -0.0132527 -0.123144 -0.194614 11.5847 111.709 
0.459831 1.15609 130201 1 -0.515104 0.361538 588 0 2396 0.150494 -0.0132527 -0.123144 -0.194614 11.5847 111.709 
0.445917 0.445611 130642 1 -0.515104 0.355769 589 1 2407 0.168528 -0.0151268 -0.169923 -0.134312 11.6273 108.082 
0.44723 0.466509 130722 1 -0.513542 0.333654 590 1 2409 0.156786 -0.0157314 -0.177438 -0.340826 11.4292 108.207 
0.425547 0.292331 130803 1 -0.516146 0.326923 591 1 2411 0.145015 -0.0135373 -0.200375 -0.374317 11.4162 108.002 
0.410398 0.220499 130883 1 -0.591146 0.325 592 1 2413 0.150067 -0.0166236 -0.203763 -0.317495 11.491 108.217 
0.430521 0.187207 130963 1 -0.719271 0.401923 593 1 2415 0.159881 -0.0196092 -0.202253 -0.284368 11.4879 108.246 
0.421904 0.160919 131003 1 -0.727604 0.406731 594 1 2416 0.159824 -0.0238319 -0.20393 -0.33302 11.5065 108.493 
0.417836 0.17862 131083 1 -0.628646 0.385577 595 1 2418 0.155751 -0.0237891 -0.203336 -0.448282 11.3542 108.565 
0.377865 0.150813 131163 1 -0.534896 0.378846 596 1 2420 0.152563 -0.0275964 -0.204062 -0.573668 11.3061 108.465 
0.381699 0.130648 131244 1 -0.601042 0.458654 597 1 2422 0.155374 -0.0376018 -0.201118 -0.519679 11.1956 108.774 
0.402375 0.142435 131284 1 -0.725521 0.554808 598 1 2423 0.156592 -0.0382482 -0.200203 -0.444562 11.1645 108.719 
0.445322 0.19421 131363 1 -0.745313 0.569231 599 1 2425 0.161861 -0.0384919 -0.192883 -0.43316 11.0973 108.917 
0.309989 0.214082 131444 1 -0.74375 0.568269 600 1 2427 0.167289 -0.0461408 -0.186613 -0.485795 10.998 109.216 
0.325215 0.200995 131484 1 -0.743229 0.567308 601 1 2428 0.170261 -0.048836 -0.186939 -0.491992 11.0387 109.259 
0.284056 0.22766 131564 1 -0.743229 0.567308 602 1 2430 0.179388 -0.0554953 -0.175793 -0.501156 10.9439 109.387 
0.327633 0.263938 131645 1 -0.743229 0.567308 603 1 2432 0.191063 -0.0525103 -0.16921 -0.487279 10.8909 108.96 
0.353297 0.250017 131684 1 -0.743229 0.567308 604 1 2433 0.193201 -0.050372 -0.174063 -0.471771 10.9657 108.739 
0.345002 0.25466 131764 1 -0.743229 0.567308 605 1 2435 0.196334 -0.0510542 -0.166812 -0.425468 10.9158 108.107 
0.347274 0.273369 131845 1 -0.739583 0.567308 606 1 2437 0.201479 -0.0521962 -0.168352 -0.432551 10.9803 107.658 
0.314551 0.277934 131885 1 -0.736979 0.567308 607 1 2438 0.20152 -0.0542658 -0.1658 -0.429807 10.958 107.64 
0.309926 0.267937 131965 1 -0.735938 0.566346 608 1 2440 0.201252 -0.0561553 -0.165837 -0.40592 10.9622 107.47 
0.338833 0.257129 132045 1 -0.735938 0.566346 609 1 2442 0.198263 -0.0477377 -0.167202 -0.267651 11.0028 107.569 
0.36088 0.252737 132125 1 -0.735938 0.566346 610 1 2444 0.19699 -0.0432395 -0.166595 -0.19961 11.0063 107.54 
0.304643 0.228786 132165 1 -0.73125 0.564423 611 1 2445 0.198093 -0.0474899 -0.168073 -0.265063 11.0458 107.535 
0.286756 0.187471 132246 1 -0.664063 0.549038 612 1 2447 0.197544 -0.0514392 -0.173741 -0.373225 11.1065 107.341 
0.30962 0.291691 132326 1 -0.471875 0.547115 613 1 2449 0.199985 -0.0477327 -0.164494 -0.39245 11.0371 107.355 
0.335706 0.317172 132407 1 -0.111979 0.547115 614 1 2451 0.202614 -0.0456221 -0.161546 -0.375597 11.0248 107.319 
0.384313 0.288845 132485 1 0.306771 0.560577 615 1 2453 0.205368 -0.0463987 -0.160194 -0.347059 11.0645 107.322 
0.378129 0.271724 132526 1 0.447396 0.657692 616 1 2454 0.205391 -0.047328 -0.161679 -0.348846 11.1063 107.325 
0.500901 0.274053 132606 1 0.464062 0.671154 617 1 2456 0.204488 -0.0507774 -0.16418 -0.394079 11.1432 107.293 
0.566246 0.274437 132687 1 0.480208 0.632692 618 1 2458 0.202636 -0.051342 -0.165246 -0.406872 11.1498 107.42 
0.582429 0.288525 132767 1 0.476563 0.559615 619 1 2460 0.202909 -0.0473687 -0.164288 -0.364602 11.108 107.388 
0.61337 0.370472 132846 1 0.436979 0.483654 620 1 2462 0.203804 -0.0477084 -0.161445 -0.373422 11.0692 107.359 
0.603631 0.355228 132886 1 0.427604 0.401923 621 1 2463 0.203453 -0.0483508 -0.163267 -0.387095 11.0851 107.323 
0.59581 0.311244 132967 1 0.426563 0.342308 622 1 2465 0.201886 -0.0497025 -0.165836 -0.41048 11.1288 107.312 
0.615086 0.281469 133047 1 0.426563 0.3375 623 1 2467 0.200995 -0.0482083 -0.168681 -0.388208 11.1806 107.31 
0.61763 0.327386 133087 1 0.428125 0.325962 624 1 2468 0.201677 -0.0485726 -0.165468 -0.378181 11.1459 107.283 
0.656189 0.355425 133168 1 0.438542 0.248077 625 1 2470 0.202301 -0.0532857 -0.160764 -0.405759 11.1413 107.362 
0.675172 0.404004 133247 1 0.486458 0.0192308 626 1 2472 0.20241 -0.0553939 -0.157104 -0.39652 11.1268 107.441 
0.664981 0.427092 133327 1 0.498958 0 627 1 2474 0.202011 -0.0539149 -0.156596 -0.37242 11.1355 107.459 
0.698071 0.441658 133367 1 0.497917 0 628 1 2475 0.202821 -0.0521762 -0.154983 -0.344701 11.1122 107.451 
0.586011 0.374592 133448 1 0.497917 0.00576923 629 1 2477 0.203359 -0.0495431 -0.158182 -0.305286 11.1388 107.453 
0.590288 0.400079 133528 1 0.497396 0.0317308 630 1 2479 0.204457 -0.0489406 -0.156938 -0.305748 11.1456 107.453 
0.579837 0.419426 133608 1 0.497917 0.0375 631 1 2481 0.204206 -0.0525589 -0.154295 -0.362438 11.1246 107.415 
0.579837 0.419426 133608 1 0.497396 0.0403846 632 1 2481 0.204206 -0.0525589 -0.154295 -0.362438 11.1246 107.415 
0.576039 0.431902 133648 1 0.494271 0.05 633 1 2482 0.204952 -0.0525457 -0.152104 -0.363329 11.1146 107.413 
0.532067 0.405909 133809 1 0.492708 0.0519231 634 1 2486 0.207686 -0.0501806 -0.148411 -0.329544 11.2155 107.4 
0.599006 0.465772 133892 1 0.492708 0.0519231 635 1 2488 0.209253 -0.0469837 -0.143509 -0.264269 11.2171 107.497 
0.58651 0.462678 133968 1 0.486458 0.0519231 636 1 2490 0.210603 -0.0449215 -0.142015 -0.202736 11.2374 107.419 
0.615482 0.490399 134049 1 0.36875 0.0528846 637 1 2492 0.212861 -0.0401418 -0.13975 -0.110252 11.2999 107.516 
0.600363 0.62272 134169 1 0.206771 0.0375 638 1 2495 0.218164 -0.0503427 -0.127548 -0.149721 11.1638 107.407 
0.622601 0.629627 134209 1 0.163542 0.0115385 639 1 2496 0.218134 -0.0482348 -0.126082 -0.106326 11.1527 107.432 
0.646801 0.682521 134290 1 0.145833 0.00192308 640 1 2498 0.221359 -0.0468988 -0.122785 -0.0647041 11.1183 107.419 
0.626583 0.676122 134369 1 0.120833 0 641 1 2500 0.222343 -0.0489238 -0.122585 -0.10095 11.1222 107.359 
0.6177 0.660111 134449 1 0.103646 0.00576923 642 1 2502 0.221211 -0.0474194 -0.124928 -0.0978506 11.1558 107.332 
0.659727 0.660961 134490 1 0.104167 0.0134615 643 1 2503 0.221708 -0.0466151 -0.12821 -0.0899099 11.2014 107.249 
0.656227 0.655683 134570 1 0.115625 0.0173077 644 1 2505 0.221886 -0.0486879 -0.125099 -0.0960326 11.2665 107.377 
0.692697 0.745455 134650 1 0.119792 0.0173077 645 1 2507 0.224554 -0.0426341 -0.117072 -0.00816734 11.2704 107.425 
0.708216 0.750348 134689 1 0.121354 0.0173077 646 1 2508 0.224628 -0.0443246 -0.117096 -0.0198913 11.2962 107.435 
0.705829 0.753489 134770 1 0.121354 0.0173077 647 1 2510 0.22621 -0.0426639 -0.114598 0.0132184 11.3062 107.407 
0.698623 0.783273 134851 1 0.121354 0.0173077 648 1 2512 0.227547 -0.0422608 -0.114368 0.0397402 11.334 107.42 
0.72828 0.834686 134946 1 0.121354 0.0173077 649 1 2514 0.229544 -0.0390603 -0.109156 0.106731 11.2997 107.408 
0.683408 0.765308 135053 1 0.138542 0.120192 650 0 2517 0.229999 -0.0414262 -0.11474 0.05241 11.3846 107.291 
0.700768 0.807884 135130 1 0.169271 0.345192 651 1 2519 0.229496 -0.0375739 -0.111649 0.0680084 11.3671 107.282 
0.547137 0.912971 135213 1 0.173437 0.382692 652 1 2521 0.229185 -0.0402272 -0.113859 0.0012434 11.3888 107.194 
0.0172296 1.49569 135291 1 0.177083 0.369231 653 0 2523 0.228518 -0.0516639 -0.128783 -0.174696 11.53 107.032 
0.0969367 2.1535 135331 1 0.188021 0.355769 654 0 2524 0.226106 -0.0501128 -0.121936 -0.147035 11.5131 107.349 
0.411292 1.85225 135372 1 0.198958 0.370192 655 0 2525 0.226387 -0.0493174 -0.119824 -0.140381 11.4973 107.323 
1.347 -0.62376 135491 1 0.203646 0.378846 656 0 2528 0.223285 -0.0485061 -0.11725 -0.144836 11.4899 107.516 
1.3757 -0.780781 135572 1 0.203646 0.379808 657 0 2530 0.22063 -0.0422676 -0.118228 -0.0957444 11.5076 107.564 
