ImageFile:
0.175875 0.61913 67311 1 0.128125 0.119231 1 1 819 -0.0219463 0.0221019 0.0380622 1.02223 -2.5372 134.389 
0.157757 0.63637 67391 1 0.307812 0.145192 2 1 821 -0.0213569 0.0222727 0.0412526 1.02397 -2.58631 134.52 
0.179456 0.653997 67431 1 0.470313 0.151923 3 1 822 -0.0207881 0.02212 0.0428418 1.02227 -2.60706 134.451 
0.200068 0.757936 67511 1 0.5125 0.155769 4 1 824 -0.0207797 0.0225089 0.0445011 1.02958 -2.63081 134.226 
0.167942 0.751826 67591 1 0.506771 0.149038 5 1 826 -0.0206075 0.0203519 0.0436508 1.00412 -2.63139 134.213 
0.167442 0.753071 67631 1 0.506771 0.149038 6 1 827 -0.0206749 0.020335 0.0436372 1.00429 -2.63157 134.208 
0.162586 0.665335 67712 1 0.509375 0.147115 7 1 829 -0.020407 0.020176 0.0438071 0.992525 -2.63608 134.141 
0.336088 0.319913 67792 1 0.617188 0.147115 8 1 831 -0.0196801 0.0228332 0.0431268 1.0256 -2.63546 134.25 
0.343826 0.283578 67832 1 0.717708 0.147115 9 1 832 -0.019743 0.0228102 0.0434609 1.02305 -2.63334 134.198 
-0.249293 1.48876 67912 1 0.742708 0.132692 10 0 834 -0.0195764 0.0213626 0.0437145 1.01187 -2.6381 134.179 
-2.23923 3.00524 67992 1 0.764062 0.126923 11 0 836 -0.0200146 0.0217095 0.0447875 1.01546 -2.63969 133.98 
0.522706 0.788997 68032 1 0.796875 0.126923 12 1 837 -0.019966 0.0212799 0.0455792 1.01425 -2.65538 134.238 
0.594638 0.261994 68113 1 0.845833 0.128846 13 1 839 -0.019195 0.0195366 0.0453606 0.996135 -2.65043 134.213 
0.669603 -0.0929869 68193 1 0.866146 0.123077 14 1 841 -0.0181938 0.0209162 0.0459223 1.00836 -2.65012 134.173 
0.89881 -0.194476 68232 1 0.873437 0.121154 15 1 842 -0.0186318 0.0208069 0.047469 1.01031 -2.66387 134.19 
1.18713 -0.25925 68313 1 0.873437 0.121154 16 0 844 -0.0187603 0.0180499 0.0467832 0.964383 -2.65043 134.209 
1.18367 -0.324734 68393 1 0.873437 0.121154 17 0 846 -0.0187771 0.0219324 0.042549 0.980039 -2.59309 134.121 
1.12008 -0.265127 68474 1 0.873437 0.121154 18 0 848 -0.0200482 0.023449 0.0475147 0.940588 -2.64887 134.255 
1.11641 -0.321384 68553 1 0.798958 0.164423 19 0 850 -0.0194385 0.0228167 0.0446995 0.888022 -2.61495 134.259 
1.01006 -0.411255 68633 1 0.589063 0.256731 20 0 852 -0.0227566 0.0216162 0.0260948 0.863017 -2.40886 134.149 
1.01006 -0.411255 68633 1 0.461458 0.340385 21 0 852 -0.0227566 0.0216162 0.0260948 0.863017 -2.40886 134.149 
1.01006 -0.411255 68633 1 0.474479 0.341346 22 0 852 -0.0227566 0.0216162 0.0260948 0.863017 -2.40886 134.149 
1.0012 -0.33111 68835 1 0.474479 0.341346 23 0 857 -0.0246866 0.0193883 0.0237379 0.825533 -2.36395 134.283 
1.0393 -0.170459 68916 1 0.475521 0.333654 24 1 859 -0.0248511 0.022458 0.0207058 0.868928 -2.33018 134.438 
-1.9485 1.39209 68954 1 0.458854 0.351923 25 0 860 -0.0248511 0.022458 0.0207058 0.868928 -2.33018 134.438 
-1.9485 1.39209 68954 1 0.342708 0.593269 26 0 860 -0.0248511 0.022458 0.0207058 0.868928 -2.33018 134.438 
0.782825 -0.805178 69114 1 0.263542 0.772115 27 0 864 -0.0222599 0.0280118 0.0219056 0.948416 -2.35534 134.57 
0.837345 -0.980622 69194 1 0.220312 0.841346 28 0 866 -0.023155 0.0255245 0.0277 0.928486 -2.42731 134.836 
-1.5501 2.53168 69275 1 0.180208 0.9 29 0 868 -0.0236184 0.0243755 0.0252472 0.91827 -2.40393 134.503 
-2.66736 1.20556 69355 1 0.16875 0.922115 30 0 870 -0.0243641 0.0240198 0.0285389 0.925915 -2.44212 134.445 
0.983351 0.674443 69395 1 0.130729 0.921154 31 1 871 -0.0238635 0.0260122 0.0233778 0.953087 -2.38986 134.544 
0.633072 0.467665 69476 1 0.090625 0.929808 32 1 873 -0.0204602 0.0234932 0.0402409 0.908507 -2.58001 134.409 
0.631197 0.611362 69555 1 0.0958333 0.936538 33 1 875 -0.0205414 0.0219376 0.0481526 0.888643 -2.70029 134.412 
0.659956 0.649798 69595 1 0.0973958 0.936538 34 1 876 -0.0205763 0.0249872 0.0480774 0.92762 -2.70798 134.311 
0.6328 0.704349 69675 1 0.0973958 0.936538 35 1 878 -0.0215765 0.0224756 0.0458259 0.900531 -2.68684 134.077 
0.0386287 1.57028 69756 1 0.096875 0.940385 36 0 880 -0.0215274 0.0220722 0.0455205 0.907163 -2.69172 134.032 
0.10612 1.58791 69795 1 0.096875 0.958654 37 0 881 -0.0219801 0.0264913 0.0460061 0.96689 -2.6985 134.012 
0.0952546 1.56652 69875 1 0.0927083 0.973077 38 0 883 -0.0210958 0.026971 0.04609 1.01147 -2.70998 134.183 
-0.0648098 1.64535 69957 1 0.0817708 0.986538 39 0 885 -0.0217806 0.0275682 0.0464546 1.03465 -2.71967 134.203 
-0.203326 1.66918 69996 1 0.0817708 0.986538 40 0 886 -0.0218829 0.0239269 0.0480812 0.993209 -2.73833 134.237 
-0.23698 1.68233 70076 1 0.0817708 0.986538 41 0 888 -0.0228445 0.0260296 0.0461139 1.02203 -2.71382 134.241 
-0.250205 1.70806 70157 1 0.0817708 0.986538 42 0 890 -0.0226471 0.024581 0.0476317 1.00278 -2.73488 134.38 
-0.250205 1.70806 70157 1 0.0796875 0.986538 43 0 890 -0.0226471 0.024581 0.0476317 1.00278 -2.73488 134.38 
-0.250205 1.70806 70157 1 0.0765625 0.983654 44 0 890 -0.0226471 0.024581 0.0476317 1.00278 -2.73488 134.38 
-0.231324 1.72541 70357 1 0.0765625 0.983654 45 0 895 -0.0232249 0.0236143 0.0470701 0.992312 -2.71685 134.405 
-0.222356 1.75212 70396 1 0.0765625 0.982692 46 0 896 -0.0222883 0.0235294 0.0480027 0.993472 -2.72218 134.364 
-0.215129 1.73087 70477 1 0.0729167 0.980769 47 0 898 -0.0216442 0.0256008 0.0456786 1.00782 -2.68395 134.273 
-0.215129 1.73087 70477 1 0.0729167 0.980769 48 0 898 -0.0216442 0.0256008 0.0456786 1.00782 -2.68395 134.273 
-0.284287 1.93206 70517 1 0.0729167 0.980769 49 0 899 -0.0221139 0.025176 0.0451545 0.994408 -2.66799 134.171 
0.322332 0.811609 70677 1 0.0729167 0.980769 50 1 903 -0.021385 0.0210367 0.0434138 0.886114 -2.61082 134.134 
0.477914 0.126318 70758 1 0.0729167 0.980769 51 1 905 -0.018303 0.0211864 0.0403424 0.873263 -2.55957 134.434 
0.494501 0.047182 70797 1 0.0729167 0.980769 52 1 906 -0.0179627 0.0225954 0.0458612 0.87797 -2.60509 134.582 
0.494501 0.047182 70797 1 0.0729167 0.980769 53 1 906 -0.0179627 0.0225954 0.0458612 0.87797 -2.60509 134.582 
0.57102 -0.287857 70917 1 0.0729167 0.980769 54 0 909 -0.0141598 0.0198377 0.045511 0.821754 -2.56068 134.61 
0.594391 -0.203047 70998 1 0.0729167 0.980769 55 0 911 -0.0129221 0.0183116 0.0494919 0.815702 -2.59244 134.656 
-0.0182775 -0.227318 71078 1 0.0729167 0.980769 56 0 913 -0.0110128 0.0212125 0.0491849 0.844351 -2.57562 134.588 
-0.0249556 -0.289695 71158 1 0.0729167 0.980769 57 0 915 -0.00986293 0.0196899 0.0479222 0.835286 -2.54768 134.553 
-0.036709 -0.240733 71199 1 0.0729167 0.980769 58 0 916 -0.0102664 0.0222856 0.0475337 0.871088 -2.53085 134.395 
0.259137 -0.388265 71279 1 0.0729167 0.980769 59 0 918 -0.00950514 0.0212194 0.0485835 0.892017 -2.53138 134.504 
0.360331 -0.42649 71319 1 0.0729167 0.980769 60 0 919 -0.00831525 0.0200366 0.0513148 0.904114 -2.56429 134.741 
0.360331 -0.42649 71319 1 0.134896 0.980769 61 0 919 -0.00831525 0.0200366 0.0513148 0.904114 -2.56429 134.741 
0.424549 -0.466807 71479 1 0.553125 0.926923 62 0 923 -0.00535237 0.0150531 0.0544766 0.9257 -2.64452 135.035 
0.408206 -0.380711 71559 1 1.1375 0.589423 63 0 925 -0.00318056 0.00994333 0.0498987 0.891624 -2.58064 134.816 
0.185631 0.407103 71599 1 1.3375 0.467308 64 1 926 -0.00314842 0.00833679 0.0500271 0.898164 -2.55633 134.668 
0.0377534 1.17449 71639 1 1.33542 0.450962 65 1 927 -0.00297825 0.00680968 0.0510775 0.91006 -2.55293 134.649 
0.0377534 1.17449 71639 1 1.33542 0.450962 66 1 927 -0.00297825 0.00680968 0.0510775 0.91006 -2.55293 134.649 
-0.0957623 1.53775 71799 1 1.33542 0.450962 67 0 931 -0.0100826 0.00518971 0.0564433 1.06167 -2.56967 134.965 
-0.121814 1.50131 71879 1 1.33594 0.450962 68 0 933 -0.0120212 0.00632481 0.0573834 1.07854 -2.55576 135.222 
-0.126419 1.4589 71919 1 1.33906 0.449038 69 0 934 -0.0132793 0.00188139 0.0575981 1.0361 -2.5461 135.318 
-0.159364 1.34106 72000 1 1.33958 0.449038 70 0 936 -0.0149751 -0.000277925 0.0563166 0.991949 -2.50714 135.219 
-0.132145 1.34877 72080 1 1.33958 0.449038 71 0 938 -0.014734 0.0025523 0.0569517 1.0187 -2.52423 135.345 
-0.147396 1.23245 72121 1 1.33958 0.449038 72 0 939 -0.0151 0.00478884 0.0560217 1.03876 -2.51626 135.358 
-0.757846 0.407087 72160 1 1.33958 0.449038 73 0 940 -0.0159976 0.00316969 0.0566289 1.02174 -2.53197 135.511 
-0.757846 0.407087 72160 1 1.33958 0.449038 74 0 940 -0.0159976 0.00316969 0.0566289 1.02174 -2.53197 135.511 
-0.275759 -0.442631 72320 1 1.33958 0.449038 75 0 944 -0.0139476 0.00513778 0.0650025 1.14963 -2.69356 135.48 
-0.425396 -0.708402 72401 1 1.33958 0.449038 76 0 946 -0.0132066 0.00165282 0.0601439 1.17067 -2.65991 135.154 
-0.429849 -0.617088 72481 1 1.33958 0.449038 77 0 948 -0.0139129 0.00188773 0.0592773 1.20748 -2.65509 135.13 
-0.429849 -0.617088 72481 1 1.33958 0.449038 78 0 948 -0.0139129 0.00188773 0.0592773 1.20748 -2.65509 135.13 
-0.429849 -0.617088 72481 1 1.33958 0.449038 79 0 948 -0.0139129 0.00188773 0.0592773 1.20748 -2.65509 135.13 
-0.391788 -0.470016 72681 1 1.33958 0.449038 80 0 953 -0.0124145 0.00438765 0.0622796 1.25354 -2.70832 135.014 
-0.385581 -0.448748 72721 1 1.33958 0.449038 81 0 954 -0.0121317 0.00400495 0.0618301 1.26192 -2.71283 134.883 
-0.408325 -0.455659 72801 1 1.33958 0.449038 82 0 956 -0.012443 0.00392134 0.0605472 1.27827 -2.71921 134.83 
-0.408325 -0.455659 72801 1 1.33958 0.449038 83 0 956 -0.012443 0.00392134 0.0605472 1.27827 -2.71921 134.83 
-0.38543 -0.462714 72922 1 1.33958 0.449038 84 0 959 -0.0119791 0.00416587 0.0576467 1.30898 -2.70854 134.719 
-0.439861 -0.482096 73002 1 1.33958 0.449038 85 0 961 -0.0107847 -0.000318685 0.0569081 1.27579 -2.71896 134.709 
-0.431132 -0.458269 73082 1 1.33958 0.449038 86 0 963 -0.0099678 0.00445344 0.0574496 1.33875 -2.73391 134.705 
-0.434033 -0.447289 73122 1 1.33958 0.449038 87 0 964 -0.0106295 0.00614086 0.0578048 1.35224 -2.74206 134.686 
-0.434033 -0.447289 73122 1 1.33958 0.449038 88 0 964 -0.0106295 0.00614086 0.0578048 1.35224 -2.74206 134.686 
-0.231466 -0.39023 73282 1 1.33958 0.449038 89 0 968 -0.00992409 0.00419445 0.0572268 1.30619 -2.76095 134.729 
-0.233369 -0.34019 73322 1 1.33958 0.449038 90 0 969 -0.00965911 0.00540512 0.0570808 1.31542 -2.77023 134.744 
-0.217288 -0.347112 73402 1 1.33958 0.449038 91 0 971 -0.0096029 0.00626721 0.0549512 1.32282 -2.76074 134.658 
-0.215864 -0.331404 73442 1 1.33958 0.449038 92 0 972 -0.00851214 0.00436936 0.0567331 1.30411 -2.79147 134.696 
-0.215864 -0.331404 73442 1 1.33958 0.449038 93 0 972 -0.00851214 0.00436936 0.0567331 1.30411 -2.79147 134.696 
-0.0337698 0.0236812 73603 1 1.33958 0.449038 94 1 976 -0.00836828 0.00876383 0.0557353 1.32966 -2.79615 134.585 
1.52985 1.88226 73683 1 1.33958 0.449038 95 0 978 -0.00831643 0.00559454 0.0564656 1.25051 -2.80703 134.38 
1.61302 1.92188 73723 1 1.33958 0.449038 96 0 979 -0.00876332 0.00676492 0.0525582 1.223 -2.75921 134.273 
1.49676 1.87423 73763 1 1.33958 0.449038 97 0 980 -0.00837891 0.0082133 0.0510185 1.1777 -2.73508 134.298 
1.49676 1.87423 73763 1 1.33958 0.449038 98 0 980 -0.00837891 0.0082133 0.0510185 1.1777 -2.73508 134.298 
1.4482 1.64329 73924 1 1.33958 0.449038 99 0 984 -0.0123822 0.0178565 0.0486773 0.872346 -2.60745 134.658 
1.45027 1.56876 74004 1 1.33958 0.449038 100 0 986 -0.0131321 0.0217226 0.0471458 0.746704 -2.5525 134.821 
1.46618 1.4939 74084 1 1.33958 0.449038 101 0 988 -0.0139303 0.0296667 0.0465286 0.729744 -2.52505 134.965 
1.46618 1.4939 74084 1 1.33958 0.449038 102 0 988 -0.0139303 0.0296667 0.0465286 0.729744 -2.52505 134.965 
1.46618 1.4939 74084 1 1.33958 0.449038 103 0 988 -0.0139303 0.0296667 0.0465286 0.729744 -2.52505 134.965 
1.43256 1.53831 74284 1 1.33958 0.449038 104 0 993 -0.0174996 0.0290167 0.0492644 0.630712 -2.52409 135.114 
1.4677 1.56663 74324 1 1.33958 0.449038 105 0 994 -0.0175731 0.0288228 0.0491853 0.632225 -2.51197 135.144 
1.41954 1.50123 74404 1 1.33958 0.449038 106 0 996 -0.0194547 0.0310783 0.0489689 0.654001 -2.48416 135.209 
1.41954 1.50123 74404 1 1.33958 0.449038 107 0 996 -0.0194547 0.0310783 0.0489689 0.654001 -2.48416 135.209 
1.25394 1.15173 74444 1 1.33958 0.449038 108 0 997 -0.0193559 0.0291015 0.047354 0.632456 -2.45056 135.318 
0.953536 -0.170874 74605 1 1.33958 0.449038 109 1 1001 -0.020605 0.0259601 0.0450164 0.594142 -2.3746 135.691 
0.986422 -0.208499 74685 1 1.33958 0.449038 110 0 1003 -0.0205221 0.0249486 0.0472121 0.598689 -2.40915 135.852 
1.00871 -0.199928 74725 1 1.33958 0.449038 111 1 1004 -0.0208997 0.0267075 0.0473652 0.6258 -2.41294 135.796 
1.00871 -0.199928 74725 1 1.33958 0.449038 112 1 1004 -0.0208997 0.0267075 0.0473652 0.6258 -2.41294 135.796 
1.07678 -0.0970952 74886 1 1.33958 0.449038 113 1 1008 -0.0212698 0.0295381 0.0450283 0.684825 -2.38821 135.577 
1.12341 -0.0392784 74926 1 1.33958 0.449038 114 1 1009 -0.0201812 0.0306405 0.0446513 0.706021 -2.37615 135.553 
1.19465 0.360277 75006 1 1.33958 0.449038 115 1 1011 -0.0187851 0.0293464 0.0460556 0.706643 -2.3901 135.604 
1.19424 0.453766 75086 1 1.33958 0.449038 116 1 1013 -0.0197563 0.0278333 0.0471476 0.688744 -2.39872 135.617 
1.2355 0.690465 75126 1 1.33958 0.449038 117 0 1014 -0.0205995 0.0279691 0.0457796 0.682821 -2.38384 135.642 
1.3755 0.972914 75206 1 1.33958 0.449038 118 0 1016 -0.0217539 0.0288765 0.0485 0.684593 -2.42166 135.705 
1.3605 0.975926 75286 1 1.33958 0.449038 119 0 1018 -0.0211507 0.0272135 0.0474274 0.663277 -2.41494 135.579 
1.35518 0.991001 75326 1 1.33958 0.449038 120 0 1019 -0.0211343 0.024634 0.047434 0.635894 -2.41926 135.608 
1.37077 1.01681 75408 1 1.33958 0.449038 121 0 1021 -0.0213829 0.0265611 0.0473721 0.65685 -2.413 135.579 
1.38708 1.04611 75487 1 1.33958 0.449038 122 0 1023 -0.0211157 0.0263577 0.0470629 0.658922 -2.40783 135.633 
1.39006 1.04121 75527 1 1.33958 0.449038 123 0 1024 -0.0211455 0.0269324 0.0472849 0.661968 -2.4065 135.647 
1.39006 1.04121 75527 1 1.33958 0.449038 124 0 1024 -0.0211455 0.0269324 0.0472849 0.661968 -2.4065 135.647 
-0.393788 0.99865 75647 1 1.33958 0.449038 125 0 1027 -0.0218902 0.0288866 0.0467114 0.699458 -2.3947 135.575 
-0.352578 0.990432 75727 1 1.33958 0.449038 126 0 1029 -0.0210802 0.0266149 0.0449466 0.713084 -2.36029 135.573 
-0.358286 1.12207 75807 1 1.33958 0.449038 127 0 1031 -0.0206959 0.0257452 0.0523583 0.739948 -2.43201 135.669 
-0.366528 1.16496 75887 1 1.33958 0.449038 128 0 1033 -0.0206846 0.022037 0.0506272 0.712044 -2.40917 135.533 
-0.33804 1.19498 75927 1 1.33958 0.449038 129 0 1034 -0.0202569 0.0232807 0.0504996 0.733667 -2.41198 135.624 
-0.376217 1.22037 76008 1 1.33958 0.449038 130 0 1036 -0.0213709 0.0214483 0.0503158 0.717464 -2.40684 135.536 
-0.344001 1.19877 76048 1 1.33958 0.449038 131 0 1037 -0.0220649 0.0217155 0.0502079 0.721817 -2.41308 135.639 
-0.344001 1.19877 76048 1 1.33958 0.449038 132 0 1037 -0.0220649 0.0217155 0.0502079 0.721817 -2.41308 135.639 
-0.0450637 0.93847 76208 1 1.33958 0.449038 133 1 1041 -0.0220067 0.0231394 0.0513453 0.738494 -2.42925 135.688 
-0.0205137 0.911669 76288 1 1.33958 0.449038 134 1 1043 -0.0225439 0.0208717 0.0480985 0.726365 -2.39644 135.74 
-0.0385454 0.898094 76328 1 1.33958 0.449038 135 1 1044 -0.0223832 0.0180447 0.0489127 0.697914 -2.40565 135.78 
0.00125387 0.863827 76408 1 1.33958 0.449038 136 1 1046 -0.0224004 0.0234996 0.0449967 0.771991 -2.36579 135.768 
-0.0348303 0.914597 76488 1 1.33958 0.449038 137 1 1048 -0.0212704 0.0231348 0.0500852 0.783619 -2.41698 135.796 
-0.0264551 0.914589 76528 1 1.33958 0.449038 138 1 1049 -0.0218493 0.0223116 0.0485016 0.777498 -2.39956 135.667 
-0.0213737 0.927317 76608 1 1.33958 0.449038 139 1 1051 -0.0225437 0.0198797 0.0498842 0.766285 -2.41003 135.614 
-0.0420758 0.930972 76689 1 1.33958 0.449038 140 1 1053 -0.0207862 0.0193868 0.0506661 0.767203 -2.42005 135.673 
-0.0609025 0.935824 76729 1 1.33958 0.449038 141 1 1054 -0.0211524 0.018496 0.0486269 0.76711 -2.40498 135.699 
-0.0692823 0.936182 76810 1 1.33958 0.449038 142 1 1056 -0.0208105 0.0212537 0.0500681 0.811875 -2.41674 135.672 
-0.059295 0.903347 76889 1 1.33958 0.449038 143 1 1058 -0.0207674 0.0197411 0.0495257 0.803497 -2.41217 135.643 
-0.0884536 0.885636 76929 1 1.33958 0.449038 144 1 1059 -0.0211359 0.0174313 0.0467599 0.778423 -2.38482 135.653 
-0.0614183 0.849643 77010 1 1.33958 0.449038 145 1 1061 -0.0215979 0.0224165 0.0479289 0.833783 -2.3933 135.73 
-0.0478145 0.902094 77090 1 1.33958 0.449038 146 1 1063 -0.0196251 0.0201404 0.0511014 0.822136 -2.42966 135.788 
-0.0403013 0.908369 77130 1 1.33958 0.449038 147 1 1064 -0.0210983 0.0204195 0.0500568 0.834304 -2.42697 135.874 
-0.0228357 0.88076 77210 1 1.33958 0.449038 148 1 1066 -0.0209054 0.0191617 0.046417 0.828797 -2.38909 135.756 
-0.0560288 0.921813 77289 1 1.33958 0.449038 149 1 1068 -0.0203535 0.0153124 0.0494444 0.790226 -2.41616 135.739 
-0.0356524 0.892387 77330 1 1.33958 0.449038 150 1 1069 -0.0203711 0.0197557 0.0465276 0.841481 -2.38717 135.761 
-0.00406069 0.914008 77411 1 1.33958 0.449038 151 1 1071 -0.0196604 0.0180631 0.0490929 0.832826 -2.41028 135.764 
0.00332469 0.925128 77490 1 1.33958 0.449038 152 1 1073 -0.0199693 0.0195808 0.0488355 0.861072 -2.41022 135.713 
0.23408 0.728651 77530 1 1.33958 0.449038 153 1 1074 -0.0190502 0.0196977 0.0474552 0.870636 -2.39957 135.796 
1.5286 -0.497017 77610 1 1.33958 0.449038 154 0 1076 -0.017881 0.0199222 0.0493021 0.863173 -2.41803 135.872 
1.40381 -0.82917 77690 1 1.33958 0.449038 155 0 1078 -0.0191537 0.0196685 0.0507409 0.851275 -2.43233 135.8 
1.37634 -0.896867 77731 1 1.33958 0.449038 156 0 1079 -0.018378 0.0180387 0.0492466 0.820857 -2.41658 135.758 
1.3309 -0.995981 77811 1 1.33958 0.449038 157 0 1081 -0.0191282 0.0184281 0.0472253 0.799706 -2.38546 135.659 
1.51793 -1.19994 77891 1 1.33958 0.449038 158 0 1083 -0.0196873 0.0195185 0.0499286 0.783705 -2.40732 135.625 
1.58756 -1.25955 77931 1 1.33958 0.449038 159 0 1084 -0.0197987 0.0198673 0.0486745 0.774293 -2.39947 135.63 
1.58867 -1.33326 78011 1 1.33958 0.449038 160 0 1086 -0.020461 0.018111 0.0499373 0.722091 -2.41497 135.607 
1.58867 -1.33326 78011 1 1.33958 0.449038 161 0 1086 -0.020461 0.018111 0.0499373 0.722091 -2.41497 135.607 
1.58867 -1.33326 78011 1 1.33958 0.449038 162 0 1086 -0.020461 0.018111 0.0499373 0.722091 -2.41497 135.607 
1.56816 -1.34734 78211 1 1.33958 0.449038 163 0 1091 -0.0204543 0.0220177 0.0448853 0.720605 -2.37834 135.586 
1.55017 -1.30673 78291 1 1.33958 0.449038 164 0 1093 -0.0196566 0.0234023 0.0458899 0.733321 -2.38795 135.54 
1.53684 -1.27699 78332 1 1.33958 0.449038 165 0 1094 -0.0191107 0.0218094 0.0467057 0.707384 -2.3961 135.497 
1.53684 -1.27699 78332 1 1.33958 0.449038 166 0 1094 -0.0191107 0.0218094 0.0467057 0.707384 -2.3961 135.497 
1.52352 -1.25624 78372 1 1.33958 0.449038 167 0 1095 -0.0191519 0.0244937 0.0464719 0.72871 -2.39826 135.566 
1.46926 -1.28032 78532 1 1.33958 0.449038 168 0 1099 -0.0195915 0.0231817 0.0444721 0.704819 -2.38295 135.388 
1.48726 -1.20141 78612 1 1.33958 0.449038 169 0 1101 -0.0196022 0.0263892 0.047166 0.734223 -2.40695 135.381 
1.04661 -0.95812 78652 1 1.33958 0.449038 170 0 1102 -0.0183271 0.0263447 0.0478835 0.733283 -2.41571 135.404 
1.04661 -0.95812 78652 1 1.33958 0.449038 171 0 1102 -0.0183271 0.0263447 0.0478835 0.733283 -2.41571 135.404 
0.929471 -0.647288 78813 1 1.33958 0.449038 172 0 1106 -0.0203737 0.0273439 0.0480096 0.740081 -2.4197 135.313 
0.909143 -0.585507 78853 1 1.33958 0.449038 173 0 1107 -0.0201657 0.0239288 0.0502081 0.703254 -2.44761 135.399 
0.879703 -0.506446 78933 1 1.33958 0.449038 174 0 1109 -0.0203415 0.0230525 0.0492836 0.694113 -2.43944 135.502 
0.92579 -0.499106 78973 1 1.33958 0.449038 175 0 1110 -0.0197301 0.0250942 0.0487056 0.722147 -2.43633 135.459 
0.92579 -0.499106 78973 1 1.33958 0.449038 176 0 1110 -0.0197301 0.0250942 0.0487056 0.722147 -2.43633 135.459 
0.922298 -0.363389 79134 1 1.33958 0.449038 177 0 1114 -0.0200551 0.0246907 0.0491612 0.721042 -2.43893 135.315 
1.09671 -0.642002 79213 1 1.33958 0.449038 178 0 1116 -0.0198502 0.0260506 0.0492302 0.729566 -2.43985 135.412 
1.17311 -0.678843 79294 1 1.33958 0.449038 179 0 1118 -0.0181268 0.0231566 0.0510538 0.677216 -2.47264 135.525 
1.17311 -0.678843 79294 1 1.33958 0.449038 180 0 1118 -0.0181268 0.0231566 0.0510538 0.677216 -2.47264 135.525 
1.17311 -0.678843 79294 1 1.33958 0.449038 181 0 1118 -0.0181268 0.0231566 0.0510538 0.677216 -2.47264 135.525 
1.25942 -0.801805 79453 1 1.33958 0.449038 182 0 1122 -0.0173712 0.0274782 0.0502641 0.719496 -2.47207 135.493 
0.694913 0.0844855 79534 1 1.33958 0.449038 183 1 1124 -0.0178315 0.0261653 0.0488933 0.71457 -2.45633 135.348 
0.655749 0.225283 79574 1 1.33958 0.449038 184 1 1125 -0.0186545 0.0243703 0.0479749 0.695082 -2.44424 135.307 
0.655749 0.225283 79614 1 1.33958 0.449038 185 1 1126 -0.0186545 0.0243703 0.0479749 0.695082 -2.44424 135.307 
0.655749 0.225283 79614 1 1.33958 0.449038 186 1 1126 -0.0186545 0.0243703 0.0479749 0.695082 -2.44424 135.307 
0.678934 0.406506 79814 1 1.33958 0.449038 187 1 1131 -0.0186503 0.0235847 0.0461218 0.717258 -2.4184 135.473 
0.658474 0.352006 79854 1 1.33958 0.449038 188 1 1132 -0.0182328 0.0224583 0.0475619 0.704303 -2.43562 135.5 
0.671653 0.376987 79935 1 1.33958 0.449038 189 1 1134 -0.0187526 0.0222736 0.0494893 0.710967 -2.46101 135.568 
0.696675 0.337665 80015 1 1.33958 0.449038 190 1 1136 -0.0196836 0.0243968 0.0457934 0.742047 -2.41297 135.374 
0.697095 0.34997 80055 1 1.33958 0.449038 191 1 1137 -0.0194903 0.0232815 0.0466573 0.731289 -2.42179 135.418 
0.699582 0.349503 80135 1 1.33958 0.449038 192 1 1139 -0.0203833 0.0208926 0.0468456 0.717167 -2.4237 135.429 
0.690517 0.177554 80215 1 1.33958 0.449038 193 1 1141 -0.0204335 0.0230134 0.0458744 0.742973 -2.41755 135.52 
0.715349 0.202706 80255 1 1.33958 0.449038 194 1 1142 -0.0195403 0.0219983 0.0475027 0.738595 -2.43862 135.537 
0.704597 0.263253 80336 1 1.33958 0.449038 195 1 1144 -0.0210644 0.0210839 0.0487192 0.743034 -2.46296 135.586 
0.728845 0.295613 80416 1 1.33958 0.449038 196 1 1146 -0.0206671 0.0215409 0.0499771 0.758909 -2.47807 135.578 
0.733112 0.263769 80456 1 1.33958 0.449038 197 1 1147 -0.0218344 0.0223731 0.0481097 0.773524 -2.45584 135.513 
0.721327 0.246968 80536 1 1.33958 0.449038 198 1 1149 -0.0223196 0.0209183 0.0511982 0.761894 -2.49074 135.649 
0.708717 0.236865 80616 1 1.33958 0.449038 199 1 1151 -0.0221528 0.0193398 0.0488449 0.74333 -2.4613 135.578 
0.685922 0.247559 80657 1 1.33958 0.449038 200 1 1152 -0.0219066 0.0191937 0.0498342 0.730012 -2.47071 135.556 
0.723261 0.231425 80736 1 1.33958 0.449038 201 1 1154 -0.0237224 0.0216571 0.048817 0.759227 -2.46497 135.52 
0.734324 0.236157 80816 1 1.33958 0.449038 202 1 1156 -0.0225991 0.0221171 0.0489737 0.770302 -2.46717 135.591 
0.729651 0.216923 80857 1 1.33958 0.449038 203 1 1157 -0.0230074 0.0209726 0.0482295 0.762824 -2.44981 135.46 
0.733167 0.214978 80937 1 1.33958 0.449038 204 1 1159 -0.0229305 0.0209119 0.0482653 0.763534 -2.4495 135.471 
0.729084 0.20445 81017 1 1.33958 0.449038 205 1 1161 -0.0228505 0.0210237 0.0484803 0.762415 -2.44695 135.444 
0.715363 0.200834 81057 1 1.33958 0.449038 206 1 1162 -0.0231204 0.0213198 0.048499 0.758715 -2.44635 135.48 
0.707963 0.22302 81138 1 1.33958 0.449038 207 1 1164 -0.0228427 0.0214476 0.0487839 0.74984 -2.44876 135.5 
0.729709 0.206067 81218 1 1.33958 0.449038 208 1 1166 -0.0233067 0.0230584 0.0487599 0.772788 -2.44656 135.529 
0.738028 0.196112 81258 1 1.33958 0.449038 209 1 1167 -0.0235888 0.0224022 0.046691 0.772016 -2.42417 135.479 
0.73422 0.126531 81337 1 1.33958 0.449038 210 1 1169 -0.0209714 0.0219575 0.0458992 0.786297 -2.41143 135.607 
0.680412 0.209248 81417 1 1.33958 0.449038 211 1 1171 -0.021616 0.021169 0.048614 0.787224 -2.43557 135.447 
0.671383 0.158591 81457 1 1.33958 0.449038 212 1 1172 -0.0202876 0.0224922 0.0468861 0.80257 -2.41639 135.571 
1.0495 0.245657 81538 1 1.33958 0.449038 213 1 1174 -0.0217131 0.0211752 0.0487252 0.789646 -2.43483 135.484 
1.29909 0.192106 81618 1 1.33958 0.449038 214 0 1176 -0.0190767 0.0202276 0.046103 0.767472 -2.40801 135.555 
1.31415 0.127491 81658 1 1.33958 0.449038 215 0 1177 -0.0210831 0.0204939 0.0479254 0.766472 -2.42685 135.509 
1.30866 0.21522 81738 1 1.33958 0.449038 216 0 1179 -0.019306 0.0212619 0.0465704 0.752276 -2.41292 135.575 
1.30111 0.245114 81819 1 1.33958 0.449038 217 0 1181 -0.0210325 0.0187341 0.0465937 0.719963 -2.40323 135.503 
1.3181 0.254709 81859 1 1.33958 0.449038 218 0 1182 -0.0209718 0.0193005 0.0455965 0.721303 -2.39001 135.467 
1.32572 0.322698 81939 1 1.33958 0.449038 219 0 1184 -0.0221632 0.0215429 0.0487853 0.734412 -2.42317 135.621 
1.32693 0.32864 81979 1 1.33958 0.449038 220 0 1185 -0.0224609 0.0219307 0.0467764 0.733476 -2.39791 135.552 
1.32693 0.32864 81979 1 1.33958 0.449038 221 0 1185 -0.0224609 0.0219307 0.0467764 0.733476 -2.39791 135.552 
1.33609 0.356106 82139 1 1.33958 0.449038 222 0 1189 -0.018695 0.0212734 0.0482017 0.721657 -2.39625 135.526 
1.33963 0.423644 82219 1 1.33958 0.449038 223 0 1191 -0.0198978 0.0238405 0.0493283 0.746765 -2.39926 135.458 
1.32414 0.452975 82259 1 1.33958 0.449038 224 0 1192 -0.0192315 0.0218312 0.0504387 0.715261 -2.40358 135.348 
1.30283 0.443737 82299 1 1.33958 0.449038 225 0 1193 -0.0173705 0.0212066 0.052197 0.699842 -2.41949 135.465 
1.30283 0.443737 82299 1 1.33958 0.449038 226 0 1193 -0.0173705 0.0212066 0.052197 0.699842 -2.41949 135.465 
1.34156 0.469777 82460 1 1.33958 0.449038 227 0 1197 -0.0185733 0.0229919 0.0513226 0.690444 -2.39276 135.411 
1.33722 0.392411 82540 1 1.33958 0.449038 228 0 1199 -0.018496 0.0238934 0.0507917 0.698104 -2.38158 135.472 
1.37291 0.413333 82620 1 1.33958 0.449038 229 0 1201 -0.01758 0.0234899 0.0531793 0.692407 -2.41213 135.537 
1.37291 0.413333 82620 1 1.33958 0.449038 230 0 1201 -0.01758 0.0234899 0.0531793 0.692407 -2.41213 135.537 
1.37291 0.413333 82620 1 1.33958 0.449038 231 0 1201 -0.01758 0.0234899 0.0531793 0.692407 -2.41213 135.537 
1.37402 0.457939 82820 1 1.33958 0.449038 232 0 1206 -0.0175971 0.0213836 0.0522649 0.667419 -2.4142 135.496 
1.38474 0.465546 82860 1 1.33958 0.449038 233 0 1207 -0.0186035 0.0226946 0.0519768 0.686644 -2.4086 135.445 
1.37768 0.432094 82941 1 1.33958 0.449038 234 0 1209 -0.0189594 0.0237172 0.0510558 0.706319 -2.38986 135.335 
1.37768 0.432094 82941 1 1.33958 0.449038 235 0 1209 -0.0189594 0.0237172 0.0510558 0.706319 -2.38986 135.335 
1.36874 0.452503 82981 1 1.33958 0.449038 236 0 1210 -0.0190087 0.0233473 0.0519734 0.705917 -2.40145 135.442 
1.35062 0.454087 83141 1 1.33958 0.449038 237 0 1214 -0.0186476 0.0210088 0.0519032 0.675231 -2.41684 135.449 
1.37633 0.466325 83221 1 1.33958 0.449038 238 0 1216 -0.0194827 0.0241606 0.0517369 0.711779 -2.4219 135.507 
1.37261 0.453744 83261 1 1.33958 0.449038 239 0 1217 -0.0192759 0.0210148 0.0507284 0.676488 -2.4129 135.534 
1.37261 0.453744 83261 1 1.33958 0.449038 240 0 1217 -0.0192759 0.0210148 0.0507284 0.676488 -2.4129 135.534 
1.37652 0.463031 83382 1 1.33958 0.449038 241 0 1220 -0.019918 0.0225651 0.0505038 0.688798 -2.40512 135.343 
1.37869 0.426909 83461 1 1.33958 0.449038 242 0 1222 -0.0206231 0.022079 0.0493213 0.685623 -2.39535 135.458 
1.32629 0.205522 83542 1 1.33958 0.449038 243 0 1224 -0.019535 0.0233757 0.0498021 0.699462 -2.40396 135.464 
0.685113 -0.221819 83582 1 1.33958 0.449038 244 0 1225 -0.0194586 0.0238561 0.0477826 0.713842 -2.39229 135.575 
0.685113 -0.221819 83582 1 1.33958 0.449038 245 0 1225 -0.0194586 0.0238561 0.0477826 0.713842 -2.39229 135.575 
0.712031 -0.695259 83742 1 1.33958 0.449038 246 0 1229 -0.0198756 0.0219941 0.0482815 0.702244 -2.39417 135.501 
0.66905 -0.889122 83823 1 1.33958 0.449038 247 0 1231 -0.0192634 0.0175715 0.047894 0.659943 -2.39355 135.537 
0.68053 -0.837903 83862 1 1.33958 0.449038 248 0 1232 -0.0190721 0.0191084 0.0494972 0.674724 -2.41221 135.608 
0.685617 -0.818492 83902 1 1.33958 0.449038 249 0 1233 -0.0192154 0.0209838 0.0477459 0.697211 -2.39777 135.518 
0.685617 -0.818492 83902 1 1.33958 0.449038 250 0 1233 -0.0192154 0.0209838 0.0477459 0.697211 -2.39777 135.518 
-3.53867 2.2639 84062 1 1.33958 0.449038 251 0 1237 -0.0198532 0.0222053 0.0455288 0.713199 -2.37742 135.469 
0.601959 -0.136802 84143 1 1.33958 0.449038 252 1 1239 -0.0214186 0.0223315 0.0475993 0.735501 -2.42183 135.562 
0.701303 -0.493517 84223 1 1.33958 0.449038 253 0 1241 -0.0207263 0.0235561 0.0481787 0.749131 -2.43365 135.471 
0.701303 -0.493517 84223 1 1.33958 0.449038 254 0 1241 -0.0207263 0.0235561 0.0481787 0.749131 -2.43365 135.471 
0.701303 -0.493517 84223 1 1.33958 0.449038 255 0 1241 -0.0207263 0.0235561 0.0481787 0.749131 -2.43365 135.471 
0.712663 -0.599966 84423 1 1.33958 0.449038 256 0 1246 -0.0219047 0.0227502 0.0452048 0.726495 -2.41012 135.436 
0.752774 -0.58899 84464 1 1.33958 0.449038 257 0 1247 -0.0215892 0.0243526 0.0491731 0.75092 -2.45504 135.541 
0.729737 -0.570857 84543 1 1.33958 0.449038 258 0 1249 -0.0230487 0.0229247 0.0482315 0.736949 -2.45365 135.47 
0.730194 -0.583491 84583 1 1.33958 0.449038 259 0 1250 -0.0225571 0.0208878 0.0484289 0.718762 -2.45708 135.527 
0.730194 -0.583491 84583 1 1.33958 0.449038 260 0 1250 -0.0225571 0.0208878 0.0484289 0.718762 -2.45708 135.527 
0.725448 -0.638296 84744 1 1.33958 0.449038 261 0 1254 -0.0218979 0.0215723 0.0462762 0.732322 -2.43892 135.581 
0.73243 -0.591076 84824 1 1.33958 0.449038 262 0 1256 -0.0225576 0.0213095 0.0491523 0.729405 -2.4749 135.574 
0.734458 -0.57008 84864 1 1.33958 0.449038 263 0 1257 -0.0215207 0.0226399 0.0495905 0.74008 -2.48342 135.517 
0.726003 -0.569661 84904 1 1.33958 0.449038 264 0 1258 -0.0222588 0.0209333 0.0469415 0.7185 -2.46353 135.543 
0.726003 -0.569661 84904 1 1.33958 0.449038 265 0 1258 -0.0222588 0.0209333 0.0469415 0.7185 -2.46353 135.543 
0.749925 -0.518915 85065 1 1.33958 0.449038 266 0 1262 -0.0225683 0.0232934 0.048305 0.738135 -2.47505 135.442 
0.719894 -0.499369 85144 1 1.33958 0.449038 267 0 1264 -0.0219503 0.0214728 0.0502192 0.714834 -2.49307 135.374 
0.72604 -0.560365 85225 1 1.33958 0.449038 268 0 1266 -0.0219982 0.0210757 0.0466493 0.719001 -2.46047 135.484 
0.72604 -0.560365 85225 1 1.33958 0.449038 269 0 1266 -0.0219982 0.0210757 0.0466493 0.719001 -2.46047 135.484 
0.72604 -0.560365 85225 1 1.33958 0.449038 270 0 1266 -0.0219982 0.0210757 0.0466493 0.719001 -2.46047 135.484 
0.803663 -0.541829 85425 1 1.33958 0.449038 271 0 1271 -0.0228006 0.0242858 0.0491936 0.785288 -2.48544 135.425 
0.80128 -0.528709 85465 1 1.33958 0.449038 272 0 1272 -0.0214974 0.0227576 0.0479603 0.769492 -2.46762 135.41 
0.469548 1.18607 85546 1 1.33958 0.449038 273 1 1274 -0.0212818 0.0225926 0.0510547 0.771159 -2.50061 135.244 
0.469548 1.18607 85546 1 1.33958 0.449038 274 1 1274 -0.0212818 0.0225926 0.0510547 0.771159 -2.50061 135.244 
0.540918 1.41824 85585 1 1.33958 0.449038 275 0 1275 -0.0208573 0.0223408 0.0493051 0.771155 -2.4821 135.209 
0.493451 1.39642 85746 1 1.33958 0.449038 276 0 1279 -0.0199005 0.0221972 0.0517358 0.785081 -2.51237 135.399 
0.510062 1.42475 85826 1 1.33958 0.449038 277 0 1281 -0.0193183 0.0219416 0.0509842 0.791346 -2.50982 135.417 
0.531997 1.44481 85866 1 1.33958 0.449038 278 0 1282 -0.0200148 0.024038 0.051128 0.816453 -2.5088 135.334 
0.49167 1.66309 85946 1 1.33958 0.449038 279 0 1284 -0.0203715 0.0215188 0.0481612 0.780157 -2.46338 135.381 
14.8296 21.7068 86027 1 1.33958 0.449038 280 0 1286 -0.0204821 0.018931 0.0465583 0.747218 -2.4293 135.267 
-0.145389 7.97649 86067 1 1.33958 0.449038 281 0 1287 -0.0217336 0.0223511 0.0446811 0.789922 -2.40996 135.229 
-2.42253 3.32217 86147 1 1.33958 0.449038 282 0 1289 -0.0220997 0.0242817 0.0460335 0.863628 -2.42033 135.185 
-2.14155 2.52813 86227 1 1.33958 0.449038 283 0 1291 -0.0201798 0.020821 0.0507856 0.877967 -2.46165 135.119 
-3.49481 3.08461 86267 1 1.33958 0.449038 284 0 1292 -0.0199086 0.0188602 0.0485803 0.864008 -2.43784 135.239 
-4.1218 3.19713 86348 1 1.33958 0.449038 285 0 1294 -0.0196158 0.0193239 0.0489424 0.853204 -2.43002 135.283 
-16.8565 9.55707 86387 1 1.33958 0.449038 286 0 1295 -0.0201455 0.0187883 0.0464362 0.840779 -2.40237 135.334 
-3.63995 2.45103 86468 1 1.33958 0.449038 287 0 1297 -0.0192572 0.0219047 0.047896 0.871307 -2.41554 135.353 
-2.26984 2.16968 86547 1 1.33958 0.449038 288 0 1299 -0.0188423 0.0206545 0.0479397 0.854397 -2.41046 135.321 
-3.37961 1.79491 86587 1 1.33958 0.449038 289 0 1300 -0.0191039 0.0183249 0.0462171 0.82253 -2.38967 135.379 
0.601864 0.690377 86667 1 1.33958 0.449038 290 1 1302 -0.0192498 0.0229479 0.0444277 0.859008 -2.3673 135.524 
0.536784 0.712215 86708 1 1.33958 0.449038 291 1 1303 -0.0205665 0.0197565 0.0485411 0.806927 -2.4112 135.607 
0.536784 0.712215 86708 1 1.33958 0.449038 292 1 1303 -0.0205665 0.0197565 0.0485411 0.806927 -2.4112 135.607 
0.466615 0.7129 86868 1 1.33958 0.449038 293 1 1307 -0.0226867 0.0177368 0.047138 0.748651 -2.39586 135.642 
0.524494 0.820304 86948 1 1.33958 0.449038 294 1 1309 -0.022827 0.020045 0.0473325 0.772195 -2.3999 135.607 
0.509003 0.887141 86988 1 1.33958 0.449038 295 1 1310 -0.0222833 0.0199773 0.0473212 0.773194 -2.40004 135.651 
0.586284 0.96562 87068 1 1.33958 0.449038 296 1 1312 -0.0220743 0.0234887 0.049191 0.837087 -2.40779 135.654 
0.624517 1.08086 87148 1 1.33958 0.449038 297 1 1314 -0.0197765 0.0248725 0.0515733 0.883407 -2.41348 135.543 
0.576003 1.13116 87189 1 1.33958 0.449038 298 1 1315 -0.0196836 0.0182301 0.0536688 0.822997 -2.42409 135.555 
0.551107 1.10381 87269 1 1.33958 0.449038 299 1 1317 -0.019667 0.017494 0.0545532 0.810994 -2.42334 135.614 
0.594047 1.13354 87349 1 1.33958 0.449038 300 1 1319 -0.0202232 0.0180919 0.0550723 0.806734 -2.42701 135.745 
0.505983 1.14068 87389 1 1.33958 0.449038 301 1 1320 -0.0206615 0.0172464 0.0565842 0.787347 -2.44045 135.808 
0.453911 1.13469 87469 1 1.33958 0.449038 302 1 1322 -0.0210142 0.0184428 0.0548445 0.789353 -2.40687 135.742 
0.400216 1.11303 87549 1 1.33958 0.449038 303 1 1324 -0.0216809 0.0182075 0.0556821 0.778465 -2.40346 135.796 
0.420629 1.10483 87589 1 1.33958 0.449038 304 1 1325 -0.0209225 0.0181262 0.0563059 0.785927 -2.40542 135.839 
-0.265754 0.617037 87669 1 1.33958 0.449038 305 0 1327 -0.0215568 0.0184834 0.0585964 0.809118 -2.42614 135.967 
-0.285795 0.278507 87749 1 1.33958 0.449038 306 0 1329 -0.0220965 0.018603 0.0552333 0.835803 -2.38123 136.021 
-0.292624 0.288474 87789 1 1.33958 0.449038 307 0 1330 -0.0215709 0.0178805 0.0576333 0.83662 -2.4114 136.19 
-0.286382 0.26755 87870 1 1.33958 0.449038 308 0 1332 -0.0220789 0.0162777 0.0574752 0.832915 -2.41701 136.178 
-0.297187 0.336578 87951 1 1.33958 0.449038 309 0 1334 -0.0217401 0.0167155 0.0592032 0.82849 -2.44551 136.069 
-0.29463 0.37789 87990 1 1.33958 0.449038 310 0 1335 -0.0227932 0.0177674 0.0582465 0.837354 -2.43993 136.052 
-0.305273 0.394244 88070 1 1.33958 0.449038 311 0 1337 -0.021915 0.0160019 0.0566508 0.823315 -2.4278 135.881 
-0.305273 0.394244 88070 1 1.33958 0.449038 312 0 1337 -0.021915 0.0160019 0.0566508 0.823315 -2.4278 135.881 
-0.311558 0.405455 88111 1 1.33958 0.449038 313 0 1338 -0.0224898 0.0141793 0.0578875 0.812582 -2.44551 136.027 
-0.169724 0.45676 88271 1 1.33958 0.449038 314 1 1342 -0.0212895 0.0148792 0.0606071 0.833598 -2.48623 135.915 
-0.193996 0.431249 88351 1 1.33958 0.449038 315 1 1344 -0.0216187 0.0150965 0.0600854 0.828216 -2.47376 135.874 
-0.197932 0.481241 88391 1 1.33958 0.449038 316 1 1345 -0.0227906 0.0140405 0.0608946 0.815716 -2.48499 135.952 
-0.197932 0.481241 88391 1 1.33958 0.449038 317 1 1345 -0.0227906 0.0140405 0.0608946 0.815716 -2.48499 135.952 
-0.24803 0.47672 88551 1 1.33958 0.449038 318 0 1349 -0.0226375 0.0171187 0.0617324 0.865839 -2.50404 135.824 
-0.241573 0.477971 88592 1 1.33958 0.449038 319 0 1350 -0.0226684 0.0164897 0.0615403 0.865163 -2.50054 135.895 
-0.287371 0.460933 88671 1 1.33958 0.449038 320 0 1352 -0.0233798 0.0124805 0.0614505 0.831473 -2.49317 135.881 
-0.108858 0.411411 88752 1 1.33958 0.449038 321 1 1354 -0.0239716 0.0207445 0.0621462 0.928621 -2.5086 135.939 
-0.0684282 0.411944 88792 1 1.33958 0.449038 322 1 1355 -0.0240126 0.016347 0.0610484 0.888496 -2.50589 135.852 
-0.0391312 0.391641 88872 1 1.33958 0.449038 323 1 1357 -0.024875 0.0172915 0.0603059 0.904503 -2.50192 135.812 
-0.0179285 0.374499 88953 1 1.33958 0.449038 324 1 1359 -0.0244219 0.0159856 0.061379 0.897196 -2.5263 135.809 
0.00339749 0.352219 88992 1 1.33958 0.449038 325 1 1360 -0.0245404 0.0171821 0.0581372 0.916572 -2.49562 135.772 
0.0157842 0.384052 89073 1 1.33958 0.449038 326 1 1362 -0.0245026 0.0212192 0.0579811 0.960959 -2.49389 135.761 
0.0221921 0.333323 89153 1 1.33958 0.449038 327 1 1364 -0.0249301 0.0196448 0.0556254 0.949505 -2.46495 135.709 
0.00854716 0.341538 89193 1 1.33958 0.449038 328 1 1365 -0.0249926 0.0189185 0.0563097 0.938202 -2.47313 135.698 
0.0197757 0.319738 89273 1 1.33958 0.449038 329 1 1367 -0.0245441 0.0198887 0.0567538 0.946925 -2.48234 135.891 
0.150662 0.263518 89353 1 1.33958 0.449038 330 1 1369 -0.02482 0.0186823 0.0538515 0.923883 -2.45101 135.75 
0.258915 0.244278 89393 1 1.33958 0.449038 331 1 1370 -0.0242303 0.0192172 0.0567539 0.930666 -2.48297 135.85 
0.283934 0.269546 89473 1 1.33958 0.449038 332 1 1372 -0.024693 0.0180643 0.0540505 0.919474 -2.44869 135.625 
0.233112 0.0381684 89553 1 1.33958 0.449038 333 1 1374 -0.0250325 0.0202501 0.0562957 0.954215 -2.48426 135.889 
0.25989 -0.250773 89593 1 1.33958 0.449038 334 0 1375 -0.0232577 0.0231156 0.0563918 0.993427 -2.48632 135.898 
0.259812 -0.36539 89673 1 1.33958 0.449038 335 0 1377 -0.0247567 0.0187286 0.0545271 0.947964 -2.46935 135.825 
0.291234 -0.629141 89754 1 1.33958 0.449038 336 0 1379 -0.0248354 0.0179551 0.0544343 0.947249 -2.46739 135.719 
0.30368 -0.703012 89793 1 1.33958 0.449038 337 0 1380 -0.0235191 0.015758 0.0550263 0.921833 -2.47294 135.711 
0.317047 -0.712502 89873 1 1.33958 0.449038 338 0 1382 -0.0242934 0.0182471 0.0541548 0.94741 -2.46602 135.674 
0.297612 -0.712028 89954 1 1.33958 0.449038 339 0 1384 -0.0239538 0.0168103 0.0533616 0.928425 -2.45995 135.621 
0.297612 -0.712028 89954 1 1.33958 0.449038 340 0 1384 -0.0239538 0.0168103 0.0533616 0.928425 -2.45995 135.621 
0.297612 -0.712028 89954 1 1.33958 0.449038 341 0 1384 -0.0239538 0.0168103 0.0533616 0.928425 -2.45995 135.621 
-4.09918 0.670957 90155 1 1.33958 0.449038 342 0 1389 -0.0240809 0.0198429 0.053567 0.959912 -2.46294 135.587 
-0.0782462 -0.333693 90195 1 1.33958 0.449038 343 0 1390 -0.0242611 0.0174049 0.0532346 0.938805 -2.46435 135.743 
-0.0662454 -0.664171 90275 1 1.3375 0.449038 344 0 1392 -0.0244411 0.0202908 0.0548802 0.970174 -2.48052 135.623 
-0.0662454 -0.664171 90275 1 1.22344 0.327885 345 0 1392 -0.0244411 0.0202908 0.0548802 0.970174 -2.48052 135.623 
-0.133875 -0.704557 90315 1 1.13698 0.0480769 346 0 1393 -0.0245142 0.0196362 0.0530423 0.960618 -2.46649 135.643 
-0.113832 -0.830703 90475 1 1.12292 0 347 0 1397 -0.0231363 0.0174074 0.051886 0.953501 -2.45555 135.654 
-0.0935223 -0.844512 90554 1 1.12292 0 348 0 1399 -0.0228099 0.0178207 0.0521454 0.968068 -2.45856 135.672 
-0.116603 -0.877824 90595 1 1.12188 0 349 0 1400 -0.0226658 0.0154406 0.052075 0.939809 -2.45607 135.693 
-0.116603 -0.877824 90595 1 1.09219 0.000961538 350 0 1400 -0.0226658 0.0154406 0.052075 0.939809 -2.45607 135.693 
-0.110323 -0.845776 90755 1 1.09115 0.000961538 351 0 1404 -0.022741 0.0167547 0.0521015 0.950171 -2.46321 135.698 
-0.100103 -0.812051 90836 1 1.09115 0.000961538 352 0 1406 -0.022606 0.0180098 0.0535807 0.961514 -2.49651 135.755 
-0.0840063 -0.807647 90875 1 1.09115 0.000961538 353 0 1407 -0.0223875 0.0202242 0.0514718 0.98534 -2.48006 135.75 
-0.145542 -0.829939 90916 1 1.09427 0.00480769 354 0 1408 -0.0240274 0.0140689 0.0517533 0.914293 -2.48383 135.733 
-0.145542 -0.829939 90916 1 1.09688 0.00769231 355 0 1408 -0.0240274 0.0140689 0.0517533 0.914293 -2.48383 135.733 
-0.179868 -0.819098 91118 1 1.0974 0.00769231 356 0 1413 -0.0250909 0.0163046 0.0523437 0.904877 -2.501 135.73 
-0.16599 -0.813427 91156 1 1.0974 0.00769231 357 0 1414 -0.0248678 0.017981 0.0512319 0.9244 -2.49256 135.69 
-0.145786 -0.831727 91237 1 1.10417 0.0211538 358 0 1416 -0.0238775 0.0173148 0.0508743 0.926638 -2.48137 135.781 
-0.145786 -0.831727 91237 1 1.11615 0.0730769 359 0 1416 -0.0238775 0.0173148 0.0508743 0.926638 -2.48137 135.781 
-0.145786 -0.831727 91237 1 1.12917 0.232692 360 0 1416 -0.0238775 0.0173148 0.0508743 0.926638 -2.48137 135.781 
-0.121409 -0.77178 91436 1 1.13854 0.423077 361 0 1421 -0.0229096 0.0202602 0.0514377 0.975376 -2.51449 135.859 
0.259115 -0.351408 91517 1 1.14896 0.613462 362 0 1423 -0.0231293 0.0146634 0.0510218 0.924188 -2.51186 135.789 
0.740822 0.345239 91557 1 1.1474 0.706731 363 1 1424 -0.0228148 0.0182587 0.0529282 0.962312 -2.53519 135.774 
0.740822 0.345239 91557 1 1.15573 0.744231 364 1 1424 -0.0228148 0.0182587 0.0529282 0.962312 -2.53519 135.774 
1.08673 1.3101 91717 1 1.17865 0.7125 365 0 1428 -0.0226268 0.0205532 0.0503529 0.917806 -2.50478 135.65 
1.08076 1.32611 91757 1 1.2375 0.652885 366 0 1429 -0.0228944 0.0205252 0.0494969 0.910565 -2.48484 135.567 
1.10865 1.29659 91837 1 1.27448 0.643269 367 0 1431 -0.0241242 0.0177783 0.048086 0.851104 -2.45317 135.724 
1.10525 1.2633 91919 1 1.29948 0.645192 368 0 1433 -0.024211 0.0200265 0.0459429 0.859189 -2.42087 135.846 
1.09574 1.27018 91998 1 1.33333 0.655769 369 0 1435 -0.0255954 0.0222037 0.0453651 0.864512 -2.40093 135.64 
1.0469 1.13051 92038 1 1.34063 0.656731 370 1 1436 -0.0248805 0.0204714 0.0480942 0.839267 -2.42913 135.738 
1.02846 1.1109 92118 1 1.34063 0.659615 371 1 1438 -0.0261169 0.0211785 0.0464903 0.815728 -2.40129 135.644 
1.01652 1.21831 92198 1 1.33958 0.663462 372 0 1440 -0.0286406 0.0174968 0.0486511 0.7405 -2.40297 135.644 
1.01625 1.29731 92238 1 1.32292 0.663462 373 0 1441 -0.0289492 0.0200644 0.0531833 0.756763 -2.44626 135.736 
1.06399 1.39626 92319 1 1.28854 0.658654 374 0 1443 -0.0307891 0.0229766 0.0561957 0.759326 -2.46574 135.525 
1.06357 1.03217 92398 1 1.28802 0.65 375 1 1445 -0.0316276 0.023665 0.0571439 0.729747 -2.47888 135.66 
1.05376 0.736088 92438 1 1.28802 0.65 376 1 1446 -0.0331558 0.0260828 0.0572799 0.749785 -2.47767 135.561 
1.0146 0.714307 92519 1 1.28802 0.65 377 1 1448 -0.0329042 0.0242418 0.0575927 0.716794 -2.4746 135.574 
0.996946 0.699172 92599 1 1.28542 0.65 378 1 1450 -0.033659 0.0245418 0.0577427 0.71366 -2.47268 135.6 
1.00306 0.674989 92639 1 1.26458 0.655769 379 1 1451 -0.0331322 0.0244087 0.0577549 0.715489 -2.47283 135.647 
1.0144 0.641771 92719 1 1.24219 0.655769 380 1 1453 -0.0332244 0.0258228 0.0565029 0.735345 -2.45383 135.635 
1.00971 0.663514 92799 1 1.22917 0.656731 381 1 1455 -0.0326453 0.025033 0.0577585 0.742656 -2.47188 135.729 
0.945254 0.602726 92839 1 1.21979 0.661538 382 1 1456 -0.0325631 0.0247203 0.0574309 0.7447 -2.46998 135.686 
0.945371 0.659169 92920 1 1.19531 0.663462 383 1 1458 -0.0320173 0.0234174 0.0585357 0.733297 -2.48228 135.686 
0.940019 0.648244 92999 1 1.17344 0.664423 384 1 1460 -0.0317793 0.0233568 0.0585497 0.734161 -2.48203 135.709 
0.939986 0.647202 93039 1 1.17396 0.665385 385 1 1461 -0.0318918 0.0233424 0.0585635 0.734348 -2.48188 135.708 
0.952566 0.659035 93119 1 1.18125 0.665385 386 1 1463 -0.0318992 0.0250481 0.0583918 0.761574 -2.48571 135.753 
0.898992 0.623761 93200 1 1.18594 0.665385 387 1 1465 -0.0312536 0.0222949 0.0580975 0.722846 -2.4831 135.807 
0.931551 0.617279 93240 1 1.19167 0.665385 388 1 1466 -0.0307749 0.0252705 0.0573198 0.758305 -2.47175 135.738 
0.910998 0.600894 93321 1 1.21458 0.668269 389 1 1468 -0.030797 0.0245834 0.0581084 0.743935 -2.47106 135.687 
0.904934 0.640148 93361 1 1.22344 0.668269 390 1 1469 -0.0313892 0.0247409 0.0581474 0.74225 -2.47175 135.73 
0.905045 0.640398 93440 1 1.22344 0.668269 391 1 1471 -0.0313839 0.0247439 0.0581491 0.742216 -2.47173 135.73 
1.03966 0.266797 93521 1 1.22344 0.668269 392 1 1473 -0.0311033 0.0251805 0.0590376 0.742127 -2.48172 135.78 
0.936864 -0.377498 93601 1 1.22344 0.668269 393 0 1475 -0.030898 0.0244255 0.0545265 0.728047 -2.43316 135.838 
0.897237 -0.411913 93641 1 1.22344 0.668269 394 0 1476 -0.0315469 0.0240124 0.0558903 0.725398 -2.44203 135.788 
0.857418 -0.668978 93721 1 1.22344 0.668269 395 0 1478 -0.0318803 0.0228141 0.0551014 0.717955 -2.43618 135.708 
0.816917 -0.910831 93802 1 1.22344 0.668269 396 0 1480 -0.0321716 0.0222952 0.0572593 0.709539 -2.46631 135.725 
0.846451 -0.894372 93841 1 1.22344 0.668269 397 0 1481 -0.0316009 0.0235174 0.0580547 0.72475 -2.47953 135.672 
0.845376 -0.844093 93921 1 1.22344 0.668269 398 0 1483 -0.0314159 0.0223105 0.0561571 0.714849 -2.4632 135.599 
0.842169 -0.889305 93961 1 1.22344 0.668269 399 0 1484 -0.0313309 0.0231194 0.0564717 0.723699 -2.46961 135.643 
0.842169 -0.889305 93961 1 1.22344 0.668269 400 0 1484 -0.0313309 0.0231194 0.0564717 0.723699 -2.46961 135.643 
0.86126 -0.897811 94122 1 1.22344 0.668269 401 0 1488 -0.0318446 0.022344 0.0564 0.727709 -2.47513 135.588 
0.907007 -0.851421 94203 1 1.22344 0.668269 402 0 1490 -0.0306906 0.0244183 0.0553737 0.75259 -2.47834 135.595 
0.871078 -0.909065 94242 1 1.22344 0.668269 403 0 1491 -0.0307765 0.023412 0.051883 0.736917 -2.44305 135.58 
0.878403 -0.897735 94282 1 1.22344 0.668269 404 0 1492 -0.0309509 0.0251429 0.0502162 0.750939 -2.42856 135.602 
0.878403 -0.897735 94282 1 1.22344 0.668269 405 0 1492 -0.0309509 0.0251429 0.0502162 0.750939 -2.42856 135.602 
0.871859 -1.01261 94443 1 1.22344 0.668269 406 0 1496 -0.0305304 0.0236536 0.0498729 0.730899 -2.42887 135.618 
0.865769 -1.06158 94523 1 1.22344 0.668269 407 0 1498 -0.0302076 0.0247077 0.0457426 0.741925 -2.39717 135.618 
0.819041 -1.0094 94603 1 1.22344 0.668269 408 0 1500 -0.0315576 0.0222261 0.0468114 0.697664 -2.40355 135.618 
0.819041 -1.0094 94603 1 1.22344 0.668269 409 0 1500 -0.0315576 0.0222261 0.0468114 0.697664 -2.40355 135.618 
0.819041 -1.0094 94603 1 1.22344 0.668269 410 0 1500 -0.0315576 0.0222261 0.0468114 0.697664 -2.40355 135.618 
0.948892 -1.14833 94803 1 1.22344 0.668269 411 0 1505 -0.0320281 0.0208836 0.0486632 0.639634 -2.42597 135.569 
0.90218 -1.15122 94843 1 1.22344 0.668269 412 0 1506 -0.032138 0.0227179 0.0470813 0.653851 -2.41419 135.682 
0.785114 -1.06495 94923 1 1.22344 0.668269 413 0 1508 -0.0316878 0.0230888 0.0486431 0.674627 -2.43801 135.682 
0.785114 -1.06495 94923 1 1.22344 0.668269 414 0 1508 -0.0316878 0.0230888 0.0486431 0.674627 -2.43801 135.682 
0.786079 -1.03103 94963 1 1.22344 0.668269 415 0 1509 -0.030426 0.0227263 0.0473343 0.67636 -2.43224 135.757 
0.830611 -1.0137 95123 1 1.22344 0.668269 416 0 1513 -0.0296115 0.0208089 0.0497913 0.63786 -2.47855 135.648 
0.801759 -1.01195 95204 1 1.22344 0.668269 417 0 1515 -0.0300361 0.021507 0.0486843 0.628887 -2.46221 135.662 
0.807215 -1.01167 95244 1 1.22344 0.668269 418 0 1516 -0.0311685 0.0229741 0.0502442 0.644844 -2.47434 135.618 
0.807215 -1.01167 95244 1 1.22344 0.668269 419 0 1516 -0.0311685 0.0229741 0.0502442 0.644844 -2.47434 135.618 
0.828886 -0.947043 95404 1 1.22344 0.668269 420 0 1520 -0.0321276 0.0231121 0.0526658 0.65592 -2.50261 135.611 
0.848684 -0.908707 95444 1 1.22344 0.668269 421 0 1521 -0.0315312 0.0221665 0.0513567 0.656637 -2.49023 135.646 
0.840608 -0.791959 95524 1 1.22344 0.668269 422 0 1523 -0.0311097 0.0208232 0.0513594 0.66049 -2.49084 135.623 
0.332979 0.292086 95564 1 1.22344 0.668269 423 1 1524 -0.0322096 0.01795 0.047767 0.630753 -2.44488 135.528 
0.332979 0.292086 95564 1 1.22344 0.668269 424 1 1524 -0.0322096 0.01795 0.047767 0.630753 -2.44488 135.528 
0.101156 1.10074 95725 1 1.22344 0.668269 425 1 1528 -0.0308276 0.0245815 0.0471384 0.713432 -2.42633 135.507 
0.0510389 1.06041 95805 1 1.22344 0.668269 426 1 1530 -0.0301727 0.0221436 0.0453758 0.711752 -2.40815 135.651 
0.116636 1.10271 95845 1 1.22344 0.668269 427 1 1531 -0.0305162 0.0242669 0.046878 0.749731 -2.42248 135.71 
0.125734 1.15005 95925 1 1.22344 0.668269 428 1 1533 -0.029514 0.021624 0.046367 0.740043 -2.40237 135.616 
0.133513 1.17617 96005 1 1.22344 0.668269 429 1 1535 -0.0306965 0.0206794 0.0485334 0.751247 -2.41367 135.623 
0.156157 1.22809 96046 1 1.22344 0.668269 430 0 1536 -0.0305027 0.0227054 0.0501472 0.776006 -2.43045 135.655 
0.0993205 1.24435 96126 1 1.22344 0.668269 431 0 1538 -0.0297047 0.0207998 0.0511937 0.767692 -2.43367 135.627 
0.0462889 1.20434 96206 1 1.22344 0.668269 432 0 1540 -0.030807 0.0216586 0.0507974 0.777901 -2.42569 135.635 
0.060258 0.94869 96246 1 1.22344 0.668269 433 1 1541 -0.031446 0.0222193 0.051834 0.779861 -2.43608 135.594 
0.0504998 0.967148 96326 1 1.22344 0.668269 434 1 1543 -0.0326481 0.0186417 0.0571708 0.720742 -2.48459 135.68 
0.0703442 1.0119 96406 1 1.22344 0.668269 435 1 1545 -0.0329295 0.0192288 0.0577511 0.718417 -2.47845 135.719 
0.0829362 1.01633 96446 1 1.22344 0.668269 436 1 1546 -0.0332318 0.0205015 0.0599296 0.732924 -2.49318 135.673 
0.0714759 1.06802 96526 1 1.22344 0.668269 437 1 1548 -0.034929 0.0199516 0.0613245 0.739194 -2.49458 135.771 
0.0857793 0.931488 96607 1 1.22344 0.668269 438 1 1550 -0.0363163 0.0191368 0.0586226 0.743051 -2.43531 135.687 
0.0843416 0.825866 96647 1 1.22344 0.668269 439 1 1551 -0.0363285 0.0185154 0.0585775 0.738918 -2.42026 135.832 
0.169079 0.502708 96727 1 1.22344 0.668269 440 1 1553 -0.0359991 0.017143 0.0578812 0.723381 -2.39922 135.853 
0.16855 0.428276 96807 1 1.22344 0.668269 441 1 1555 -0.0368261 0.017104 0.0582879 0.724106 -2.39531 135.862 
0.173036 0.410139 96847 1 1.22344 0.668269 442 1 1556 -0.0369661 0.0170425 0.0584867 0.724898 -2.39334 135.864 
0.176691 0.361685 96928 1 1.22344 0.668269 443 1 1558 -0.037006 0.0166001 0.0588451 0.717684 -2.38516 135.95 
0.176691 0.361685 96967 1 1.22344 0.668269 444 1 1559 -0.037006 0.0166001 0.0588451 0.717684 -2.38516 135.95 
0.207111 0.386989 97047 1 1.22344 0.668269 445 1 1561 -0.0379939 0.0179003 0.0598982 0.739015 -2.40445 135.985 
0.308744 0.21506 97127 1 1.22344 0.668269 446 1 1563 -0.0368833 0.0180697 0.059387 0.740727 -2.40096 136.028 
0.386982 0.13963 97168 1 1.22344 0.668269 447 1 1564 -0.0370693 0.0176064 0.0582125 0.735428 -2.38113 135.935 
0.403326 0.13004 97248 1 1.22344 0.668269 448 1 1566 -0.036942 0.0161271 0.0604557 0.728187 -2.41627 136.115 
0.403012 0.201038 97328 1 1.22344 0.668269 449 1 1568 -0.0368058 0.0173217 0.0617699 0.748175 -2.45023 136.122 
0.408603 0.217553 97408 1 1.22344 0.668269 450 1 1570 -0.0370723 0.0169009 0.0631357 0.750516 -2.48634 136.089 
0.432379 0.254217 97448 1 1.22344 0.668269 451 1 1571 -0.0365435 0.0166328 0.0647818 0.758139 -2.51856 136.071 
-0.058274 0.0190149 97529 1 1.22344 0.668269 452 1 1573 -0.0347145 0.0181563 0.0628593 0.791177 -2.52344 136.14 
-0.168737 -0.0373799 97568 1 1.22344 0.668269 453 1 1574 -0.0347084 0.0183315 0.063958 0.810526 -2.54494 136.027 
-0.157562 -0.0968518 97649 1 1.22344 0.668269 454 1 1576 -0.0345885 0.0206863 0.061355 0.868205 -2.53167 135.939 
-0.133743 -0.107659 97729 1 1.22344 0.668269 455 1 1578 -0.0336735 0.0198202 0.0634619 0.890191 -2.54776 135.766 
-0.154216 -0.159009 97769 1 1.22344 0.668269 456 1 1579 -0.032577 0.0207751 0.0619877 0.908276 -2.53899 135.937 
-0.139 -0.290935 97849 1 1.22344 0.668269 457 0 1581 -0.033044 0.0202512 0.0654128 0.914459 -2.58539 135.994 
-0.127123 -0.354651 97930 1 1.22344 0.668269 458 0 1583 -0.0330756 0.0236011 0.0607414 0.948361 -2.54597 135.932 
-0.16288 -0.349412 97970 1 1.22344 0.668269 459 0 1584 -0.0327784 0.017895 0.0597563 0.88486 -2.53529 135.954 
-0.16303 -0.353235 98050 1 1.22344 0.668269 460 0 1586 -0.033731 0.0189442 0.0600325 0.890552 -2.5369 135.912 
-0.139059 -0.378863 98130 1 1.22344 0.668269 461 0 1588 -0.0336294 0.0217004 0.0596787 0.92983 -2.53926 136.043 
-0.142553 -0.334541 98210 1 1.22344 0.668269 462 0 1590 -0.0342239 0.0208713 0.0586906 0.922258 -2.52958 135.916 
-0.142553 -0.334541 98210 1 1.22344 0.668269 463 0 1590 -0.0342239 0.0208713 0.0586906 0.922258 -2.52958 135.916 
-0.142553 -0.334541 98210 1 1.2349 0.668269 464 0 1590 -0.0342239 0.0208713 0.0586906 0.922258 -2.52958 135.916 
-0.094817 -0.35365 98370 1 1.27292 0.657692 465 0 1594 -0.0339606 0.0215188 0.0584966 0.911716 -2.51805 135.937 
-0.16183 -0.351429 98450 1 1.30313 0.655769 466 0 1596 -0.0347993 0.0194769 0.0606302 0.849676 -2.54459 135.945 
-0.207803 -0.421196 98530 1 1.33958 0.655769 467 0 1598 -0.0377061 0.0168705 0.0593041 0.787153 -2.52866 135.799 
-0.207803 -0.421196 98530 1 1.34219 0.655769 468 0 1598 -0.0377061 0.0168705 0.0593041 0.787153 -2.52866 135.799 
-0.207803 -0.421196 98530 1 1.34896 0.655769 469 0 1598 -0.0377061 0.0168705 0.0593041 0.787153 -2.52866 135.799 
0.00107968 -0.348856 98731 1 1.35677 0.655769 470 0 1603 -0.0360531 0.0185568 0.0593097 0.886376 -2.54254 135.887 
0.028542 -0.367747 98770 1 1.35938 0.659615 471 0 1604 -0.0349915 0.0197111 0.0571197 0.912349 -2.5207 135.853 
0.016058 -0.303385 98851 1 1.36146 0.664423 472 0 1606 -0.0355494 0.0207223 0.0579422 0.918793 -2.52324 135.774 
0.016058 -0.303385 98851 1 1.36302 0.668269 473 0 1606 -0.0355494 0.0207223 0.0579422 0.918793 -2.52324 135.774 
0.00454536 -0.294152 98891 1 1.36302 0.668269 474 0 1607 -0.0364197 0.0200275 0.0581591 0.909637 -2.52091 135.725 
-0.0255252 -0.321558 99051 1 1.36302 0.668269 475 0 1611 -0.0361219 0.0178343 0.0570223 0.873844 -2.50153 135.71 
0.00845399 -0.286568 99133 1 1.36302 0.668269 476 0 1613 -0.0349446 0.0200467 0.0587388 0.905521 -2.52064 135.676 
0.0125424 -0.306652 99171 1 1.36302 0.668269 477 0 1614 -0.0355728 0.0190847 0.0572294 0.899867 -2.50924 135.76 
0.0125424 -0.306652 99171 1 1.36302 0.668269 478 0 1614 -0.0355728 0.0190847 0.0572294 0.899867 -2.50924 135.76 
0.0213128 -0.319571 99331 1 1.36302 0.668269 479 0 1618 -0.0355562 0.0214951 0.0572018 0.949688 -2.5251 135.919 
0.0227158 -0.31917 99412 1 1.36302 0.668269 480 0 1620 -0.0350198 0.0218409 0.0572498 0.958544 -2.52329 135.866 
0.0221772 -0.312608 99452 1 1.36302 0.668269 481 0 1621 -0.0350537 0.0218118 0.0572782 0.958849 -2.52295 135.853 
0.0415081 -0.292369 99492 1 1.36302 0.668269 482 0 1622 -0.0340402 0.0219653 0.0556238 0.964722 -2.50417 135.91 
0.0415081 -0.292369 99492 1 1.36302 0.668269 483 0 1622 -0.0340402 0.0219653 0.0556238 0.964722 -2.50417 135.91 
1.33058 -0.308092 99693 1 1.36302 0.668269 484 0 1627 -0.0335778 0.0206806 0.0546243 0.918219 -2.48705 135.735 
1.30857 -0.301949 99733 1 1.36302 0.668269 485 0 1628 -0.0347804 0.0201489 0.0553293 0.90178 -2.49023 135.813 
1.29988 -0.303348 99812 1 1.36302 0.668269 486 0 1630 -0.0330378 0.0180829 0.0524679 0.852545 -2.45736 135.673 
1.29988 -0.303348 99812 1 1.36302 0.668269 487 0 1630 -0.0330378 0.0180829 0.0524679 0.852545 -2.45736 135.673 
1.29988 -0.303348 99812 1 1.36302 0.668269 488 0 1630 -0.0330378 0.0180829 0.0524679 0.852545 -2.45736 135.673 
1.2169 -0.305505 100012 1 1.36302 0.668269 489 0 1635 -0.0346026 0.0181635 0.0548201 0.79154 -2.47853 135.622 
1.23487 -0.350688 100053 1 1.36302 0.668269 490 0 1636 -0.0337709 0.0199195 0.051536 0.804507 -2.44629 135.578 
1.24643 -0.386662 100133 1 1.36302 0.668269 491 0 1638 -0.0342988 0.0202967 0.0517404 0.804643 -2.45645 135.595 
1.24643 -0.386662 100133 1 1.36302 0.668269 492 0 1638 -0.0342988 0.0202967 0.0517404 0.804643 -2.45645 135.595 
1.25015 -0.326545 100253 1 1.36302 0.668269 493 0 1641 -0.0336148 0.0193256 0.0522633 0.781298 -2.44905 135.417 
1.23774 -0.312657 100334 1 1.36302 0.668269 494 0 1643 -0.0341297 0.0205284 0.0519845 0.778182 -2.43322 135.3 
1.25335 -0.24495 100414 1 1.36302 0.668269 495 0 1645 -0.0360163 0.0227666 0.055507 0.78758 -2.46859 135.184 
1.29475 -0.218471 100454 1 1.36302 0.668269 496 0 1646 -0.0348781 0.0249338 0.0553761 0.80581 -2.46147 135.058 
1.29475 -0.218471 100454 1 1.36302 0.668269 497 0 1646 -0.0348781 0.0249338 0.0553761 0.80581 -2.46147 135.058 
1.28941 -0.20142 100615 1 1.36302 0.668269 498 0 1650 -0.0356916 0.0235554 0.056241 0.774273 -2.46198 135.041 
1.26492 -0.179181 100655 1 1.36302 0.668269 499 0 1651 -0.0357212 0.0217055 0.0564385 0.745676 -2.46483 135.054 
1.25288 -0.183356 100734 1 1.36302 0.668269 500 0 1653 -0.0361831 0.0252859 0.0566324 0.761933 -2.45959 135.013 
1.25706 -0.14908 100774 1 1.36302 0.668269 501 0 1654 -0.0352335 0.0242562 0.0591683 0.752133 -2.4908 135.089 
1.25706 -0.14908 100774 1 1.36302 0.668269 502 0 1654 -0.0352335 0.0242562 0.0591683 0.752133 -2.4908 135.089 
1.24251 -0.196859 100815 1 1.36302 0.668269 503 0 1655 -0.0351788 0.023114 0.0567325 0.731568 -2.46467 135.178 
1.24251 -0.196859 100815 1 1.36302 0.668269 504 0 1655 -0.0351788 0.023114 0.0567325 0.731568 -2.46467 135.178 
1.29327 -0.0732583 100895 1 1.36302 0.668269 505 0 1657 -0.0380973 0.0242056 0.049816 0.71435 -2.3989 134.255 
1.29327 -0.0732583 100895 1 1.36302 0.668269 506 0 1657 -0.0380973 0.0242056 0.049816 0.71435 -2.3989 134.255 
1.29424 -0.167715 101015 1 1.36302 0.668269 507 0 1660 -0.0384019 0.0243462 0.0443067 0.723499 -2.35427 134.221 
1.29424 -0.167715 101015 1 1.36302 0.668269 508 0 1660 -0.0384019 0.0243462 0.0443067 0.723499 -2.35427 134.221 
1.35526 -0.185885 101175 1 1.36302 0.668269 509 0 1664 -0.0383677 0.0298143 0.0436087 0.795436 -2.35097 134.437 
1.25313 -0.207876 101295 1 1.36302 0.668269 510 0 1667 -0.0387094 0.0230879 0.0450516 0.695068 -2.35961 134.51 
1.25313 -0.207876 101295 1 1.36302 0.668269 511 0 1667 -0.0387094 0.0230879 0.0450516 0.695068 -2.35961 134.51 
1.32663 -0.177633 101415 1 1.36302 0.668269 512 0 1670 -0.0384313 0.0276118 0.0418116 0.760926 -2.32995 134.442 
1.32663 -0.177633 101415 1 1.36302 0.668269 513 0 1670 -0.0384313 0.0276118 0.0418116 0.760926 -2.32995 134.442 
-0.798468 0.668086 101655 1 1.36302 0.668269 514 0 1676 -0.0342037 0.0248686 0.0499137 0.824496 -2.41566 134.867 
-0.672036 0.84947 101737 1 1.36302 0.668269 515 0 1678 -0.0302228 0.0202491 0.0566079 0.845862 -2.47314 135.194 
-0.625892 0.720056 101817 1 1.36302 0.668269 516 0 1680 -0.0290863 0.0206366 0.0560085 0.881897 -2.47074 135.454 
-0.667166 0.708151 101857 1 1.36302 0.668269 517 0 1681 -0.030297 0.0178679 0.0587514 0.854994 -2.50389 135.562 
-0.674972 0.717182 101937 1 1.36302 0.668269 518 0 1683 -0.0304169 0.0210152 0.0533926 0.892079 -2.44229 135.49 
-0.673313 0.822537 102017 1 1.36302 0.668269 519 0 1685 -0.0302745 0.0162069 0.0569705 0.844768 -2.46888 135.458 
-0.703034 0.850409 102057 1 1.36302 0.668269 520 0 1686 -0.0308699 0.0175691 0.057453 0.854218 -2.47215 135.446 
-0.703034 0.850409 102057 1 1.36302 0.668269 521 0 1686 -0.0308699 0.0175691 0.057453 0.854218 -2.47215 135.446 
-8.38966 8.34907 102217 1 1.36302 0.668269 522 0 1690 -0.0323831 0.0167156 0.0574295 0.834861 -2.45333 135.133 
-3.59716 3.76356 102298 1 1.36302 0.668269 523 0 1692 -0.0365984 0.020164 0.059558 0.882116 -2.47624 135.35 
-2.03868 1.97741 102338 1 1.36302 0.668269 524 0 1693 -0.0362947 0.0182076 0.0607525 0.88323 -2.49257 135.472 
-1.33219 1.2942 102377 1 1.36302 0.668269 525 0 1694 -0.0353808 0.0187014 0.0624506 0.914727 -2.51396 135.529 
-1.33219 1.2942 102377 1 1.36302 0.668269 526 0 1694 -0.0353808 0.0187014 0.0624506 0.914727 -2.51396 135.529 
-0.830812 0.840091 102538 1 1.36302 0.668269 527 0 1698 -0.033467 0.0175462 0.062329 0.938896 -2.51326 135.522 
-0.848824 0.909736 102618 1 1.36302 0.668269 528 0 1700 -0.032554 0.0185449 0.0639576 0.940328 -2.53192 135.479 
-0.882535 0.915267 102658 1 1.36302 0.668269 529 0 1701 -0.0322691 0.0164539 0.0633735 0.911195 -2.52908 135.473 
-0.855797 0.924798 102698 1 1.36302 0.668269 530 0 1702 -0.03121 0.0166477 0.0633028 0.914167 -2.5306 135.594 
-0.727022 0.874318 102819 1 1.36302 0.668269 531 0 1705 -0.0315048 0.0158621 0.0621498 0.936377 -2.50406 135.476 
-0.737062 0.836706 102858 1 1.36302 0.668269 532 0 1706 -0.0299522 0.0128297 0.0598911 0.907517 -2.47705 135.512 
-0.757424 0.831953 102938 1 1.36302 0.668269 533 0 1708 -0.03145 0.0133491 0.0598567 0.913823 -2.47287 135.435 
-0.574805 0.589629 103019 1 1.36302 0.668269 534 0 1710 -0.0319429 0.0128946 0.0589501 0.911232 -2.45643 135.524 
-0.574805 0.589629 103019 1 1.36302 0.668269 535 0 1710 -0.0319429 0.0128946 0.0589501 0.911232 -2.45643 135.524 
-0.574805 0.589629 103019 1 1.36302 0.668269 536 0 1710 -0.0319429 0.0128946 0.0589501 0.911232 -2.45643 135.524 
-0.547095 0.598853 103219 1 1.36302 0.668269 537 0 1715 -0.0340467 0.0120392 0.0614767 0.900486 -2.48438 135.73 
-0.52963 0.607546 103259 1 1.36302 0.668269 538 0 1716 -0.0356233 0.0124997 0.0601573 0.907468 -2.46404 135.542 
-0.512403 0.604403 103340 1 1.36302 0.668269 539 0 1718 -0.0366488 0.0103966 0.0590064 0.877001 -2.44502 135.633 
-0.512403 0.604403 103340 1 1.36302 0.668269 540 0 1718 -0.0366488 0.0103966 0.0590064 0.877001 -2.44502 135.633 
-0.474236 0.540952 103380 1 1.36302 0.668269 541 0 1719 -0.0370867 0.0115872 0.0589299 0.900018 -2.44028 135.769 
-0.402893 0.593756 103540 1 1.36302 0.668269 542 0 1723 -0.0358945 0.0128289 0.0604858 0.95737 -2.45937 135.643 
0.97013 0.801234 103620 1 1.36302 0.668269 543 1 1725 -0.0349763 0.0117532 0.0582142 0.943362 -2.42536 135.585 
1.53669 0.869925 103660 1 1.36302 0.668269 544 0 1726 -0.0345446 0.0100407 0.0572418 0.914431 -2.41019 135.552 
1.53669 0.869925 103660 1 1.36302 0.668269 545 0 1726 -0.0345446 0.0100407 0.0572418 0.914431 -2.41019 135.552 
1.45208 0.827591 103820 1 1.36302 0.668269 546 0 1730 -0.0373769 0.0106392 0.054919 0.854845 -2.37998 135.581 
1.44502 0.843445 103860 1 1.36302 0.668269 547 0 1731 -0.0357369 0.0129125 0.0581113 0.864199 -2.40981 135.588 
1.47147 0.967476 103940 1 1.36302 0.668269 548 0 1733 -0.03762 0.0141671 0.0576893 0.849442 -2.40666 135.589 
1.52391 1.0349 104021 1 1.36302 0.668269 549 0 1735 -0.0371893 0.0154073 0.0587733 0.839115 -2.42023 135.686 
1.45757 0.991179 104061 1 1.36302 0.668269 550 0 1736 -0.0376888 0.0131271 0.057451 0.805003 -2.41153 135.636 
1.45757 0.991179 104061 1 1.36302 0.668269 551 0 1736 -0.0376888 0.0131271 0.057451 0.805003 -2.41153 135.636 
1.34795 0.72637 104221 1 1.36302 0.668269 552 0 1740 -0.0392349 0.0141343 0.0560474 0.760196 -2.3906 135.687 
1.33366 0.813969 104260 1 1.36302 0.668269 553 0 1741 -0.0398555 0.0138309 0.057243 0.746131 -2.40845 135.633 
1.33149 0.826949 104341 1 1.36302 0.668269 554 0 1743 -0.0409056 0.0143433 0.0579884 0.732405 -2.41478 135.684 
1.35864 0.808599 104381 1 1.36302 0.668269 555 0 1744 -0.0402884 0.0163003 0.0570748 0.755224 -2.40363 135.616 
1.35864 0.808599 104381 1 1.36302 0.668269 556 0 1744 -0.0402884 0.0163003 0.0570748 0.755224 -2.40363 135.616 
1.39009 0.797062 104541 1 1.36302 0.668269 557 0 1748 -0.0401513 0.0147808 0.0570918 0.729568 -2.40108 135.686 
1.43068 0.830184 104621 1 1.36302 0.668269 558 0 1750 -0.0401236 0.0162237 0.057712 0.74761 -2.41725 135.735 
1.43533 0.846144 104662 1 1.36302 0.668269 559 0 1751 -0.0390298 0.0150046 0.0581637 0.740431 -2.4191 135.63 
1.42441 0.827994 104701 1 1.36302 0.668269 560 0 1752 -0.0395555 0.0150627 0.0566182 0.74641 -2.40498 135.662 
1.42441 0.827994 104701 1 1.36302 0.668269 561 0 1752 -0.0395555 0.0150627 0.0566182 0.74641 -2.40498 135.662 
1.39066 0.821395 104862 1 1.36302 0.668269 562 0 1756 -0.0389939 0.0138198 0.0557576 0.713674 -2.39223 135.629 
1.39758 0.860676 104942 1 1.36302 0.668269 563 0 1758 -0.0384403 0.0144681 0.0585481 0.709245 -2.41971 135.706 
1.41044 0.816679 105023 1 1.36302 0.668269 564 0 1760 -0.0394286 0.0190778 0.0573254 0.741778 -2.40955 135.784 
1.41044 0.816679 105023 1 1.36302 0.668269 565 0 1760 -0.0394286 0.0190778 0.0573254 0.741778 -2.40955 135.784 
1.41044 0.816679 105023 1 1.36302 0.668269 566 0 1760 -0.0394286 0.0190778 0.0573254 0.741778 -2.40955 135.784 
1.38369 0.896286 105224 1 1.36302 0.668269 567 0 1765 -0.03992 0.0199027 0.0579289 0.74905 -2.40376 135.723 
1.36258 0.808656 105303 1 1.36302 0.668269 568 0 1767 -0.0394331 0.020823 0.0592011 0.734696 -2.40815 135.757 
1.37963 0.789859 105343 1 1.36302 0.668269 569 0 1768 -0.0387115 0.0211306 0.0573401 0.726334 -2.3848 135.754 
1.37963 0.789859 105343 1 1.36302 0.668269 570 0 1768 -0.0387115 0.0211306 0.0573401 0.726334 -2.3848 135.754 
1.34603 0.764744 105503 1 1.36302 0.668269 571 0 1772 -0.0389834 0.0210383 0.0560352 0.714892 -2.3659 135.693 
0.912307 0.519054 105543 1 1.36302 0.668269 572 1 1773 -0.0380244 0.0223386 0.0573205 0.736044 -2.38375 135.785 
0.12672 -0.121579 105624 1 1.36302 0.668269 573 1 1775 -0.0399655 0.0216878 0.058699 0.743995 -2.42548 135.847 
0.150143 -0.13822 105664 1 1.36302 0.668269 574 1 1776 -0.0395329 0.0211771 0.0584304 0.758778 -2.42866 135.856 
0.150143 -0.13822 105664 1 1.36302 0.668269 575 1 1776 -0.0395329 0.0211771 0.0584304 0.758778 -2.42866 135.856 
0.144732 -0.118838 105824 1 1.36302 0.668269 576 1 1780 -0.0392728 0.0165019 0.0574222 0.7699 -2.43263 135.765 
0.184301 -0.218039 105904 1 1.36302 0.668269 577 0 1782 -0.0383559 0.0162612 0.0564826 0.803501 -2.43273 135.831 
0.191743 -0.0967553 105944 1 1.36302 0.668269 578 1 1783 -0.0379566 0.0154978 0.0574744 0.808512 -2.45067 135.736 
-3.79137 3.02487 106024 1 1.36302 0.668269 579 0 1785 -0.0375801 0.0144892 0.0557319 0.807202 -2.42862 135.66 
-2.17583 1.50551 106104 1 1.36302 0.668269 580 0 1787 -0.0370306 0.0149683 0.055136 0.807958 -2.42016 135.758 
-3.81598 0.701106 106144 1 1.36302 0.668269 581 0 1788 -0.0380491 0.0156583 0.0575285 0.806243 -2.44784 135.743 
-0.169308 -0.0151469 106225 1 1.36302 0.668269 582 1 1790 -0.0389472 0.0141059 0.055888 0.772261 -2.44573 135.654 
-0.153663 -0.111831 106305 1 1.36302 0.668269 583 1 1792 -0.0384659 0.0145559 0.0560118 0.777787 -2.45117 135.588 
-0.142298 -0.173252 106345 1 1.36302 0.668269 584 1 1793 -0.0395795 0.0142235 0.0549661 0.786501 -2.43674 135.618 
-0.0453367 -0.154555 106425 1 1.36302 0.668269 585 1 1795 -0.038618 0.0186794 0.0583107 0.853247 -2.47267 135.683 
-0.0330183 -0.178663 106505 1 1.36302 0.668269 586 1 1797 -0.0381863 0.0168126 0.0595514 0.858126 -2.49363 135.707 
-0.0377449 -0.112022 106546 1 1.36302 0.668269 587 1 1798 -0.0375907 0.0157263 0.0600327 0.853245 -2.50179 135.585 
0.118426 -0.105693 106625 1 1.36302 0.668269 588 1 1800 -0.0360787 0.0168226 0.0572241 0.935453 -2.50705 135.554 
0.154443 -0.206533 106706 1 1.36302 0.668269 589 0 1802 -0.0355596 0.0133735 0.0536583 0.942796 -2.49355 135.53 
0.178289 -0.214099 106745 1 1.36302 0.668269 590 0 1803 -0.0344952 0.012546 0.0540435 0.950505 -2.50906 135.506 
0.204763 -0.19958 106826 1 1.36302 0.668269 591 1 1805 -0.0339994 0.0144451 0.0543143 0.988195 -2.51973 135.477 
0.204763 -0.19958 106866 1 1.36302 0.668269 592 1 1806 -0.0339994 0.0144451 0.0543143 0.988195 -2.51973 135.477 
0.167114 -0.193082 106946 1 1.36302 0.668269 593 1 1808 -0.0346515 0.0147636 0.0556649 0.976804 -2.52919 135.475 
0.101694 -0.174951 107026 1 1.36302 0.668269 594 1 1810 -0.0361628 0.0135683 0.0553099 0.924948 -2.51571 135.487 
0.0589832 -0.140625 107107 1 1.36302 0.668269 595 1 1812 -0.0373127 0.013767 0.0560288 0.897081 -2.51968 135.419 
0.121605 -0.0922983 107147 1 1.36302 0.668269 596 1 1813 -0.0366481 0.0157998 0.0565437 0.91083 -2.52807 135.448 
0.213295 -0.176242 107227 1 1.36302 0.668269 597 1 1815 -0.0363137 0.0193586 0.0550182 0.94813 -2.50047 135.383 
0.221119 -0.17459 107267 1 1.36302 0.668269 598 1 1816 -0.0362915 0.018898 0.0552788 0.941882 -2.50174 135.376 
0.224094 -0.172691 107347 1 1.36302 0.668269 599 1 1818 -0.0362777 0.0188752 0.0552704 0.942115 -2.50184 135.378 
0.227136 -0.17693 107427 1 1.36302 0.668269 600 1 1820 -0.0363213 0.0189567 0.0553207 0.941149 -2.50126 135.391 
0.241004 -0.171947 107468 1 1.36302 0.668269 601 1 1821 -0.0369208 0.018974 0.0555374 0.940971 -2.49887 135.364 
0.901247 0.457744 107547 1 1.36302 0.668269 602 1 1823 -0.0356133 0.0201177 0.0552524 0.942483 -2.48583 135.331 
0.949485 0.733315 107627 1 1.36302 0.668269 603 1 1825 -0.0359849 0.0186798 0.0570799 0.890694 -2.49167 135.395 
0.996464 0.915665 107707 1 1.36302 0.668269 604 1 1827 -0.0363613 0.018798 0.0584157 0.828032 -2.48853 135.357 
0.977545 0.949421 107747 1 1.36302 0.668269 605 1 1828 -0.0368079 0.0129454 0.0588818 0.733306 -2.48329 135.407 
0.947498 0.897931 107828 1 1.36302 0.668269 606 1 1830 -0.0403253 0.0153897 0.0605019 0.716646 -2.49088 135.498 
0.934375 0.859583 107908 1 1.36302 0.668269 607 1 1832 -0.0406317 0.0203057 0.0596395 0.747751 -2.48553 135.534 
0.934375 0.859583 107948 1 1.36302 0.668269 608 1 1833 -0.0406317 0.0203057 0.0596395 0.747751 -2.48553 135.534 
0.961327 0.898106 108029 1 1.36302 0.668269 609 1 1835 -0.0401565 0.0185365 0.0597943 0.718348 -2.48876 135.681 
0.970681 0.920926 108108 1 1.36302 0.668269 610 1 1837 -0.040093 0.0207277 0.0592149 0.731708 -2.48662 135.684 
0.968171 0.909546 108148 1 1.36302 0.668269 611 1 1838 -0.0400327 0.022386 0.058004 0.743377 -2.47331 135.666 
0.990172 0.941678 108229 1 1.36302 0.668269 612 1 1840 -0.0398811 0.0225405 0.0578155 0.744173 -2.475 135.727 
1.0522 0.957258 108268 1 1.36302 0.668269 613 1 1841 -0.0391177 0.023701 0.0596076 0.748545 -2.48623 135.733 
1.03397 0.949248 108349 1 1.36302 0.668269 614 1 1843 -0.0402748 0.0230261 0.0592114 0.733693 -2.48066 135.771 
1.02198 0.928869 108430 1 1.36302 0.668269 615 1 1845 -0.0410694 0.0232601 0.0574516 0.724507 -2.46104 135.764 
1.02202 0.868296 108509 1 1.36302 0.668269 616 1 1847 -0.0425487 0.0221362 0.054884 0.698897 -2.41096 135.741 
0.965628 0.755979 108549 1 1.36302 0.668269 617 1 1848 -0.0442268 0.0175757 0.0520159 0.63628 -2.36013 135.737 
0.951819 0.660948 108629 1 1.36302 0.668269 618 1 1850 -0.045186 0.0196558 0.054931 0.633177 -2.37667 135.761 
0.925894 0.645168 108669 1 1.36302 0.668269 619 1 1851 -0.0461331 0.0193501 0.0562277 0.613694 -2.39275 135.872 
0.900062 0.630044 108750 1 1.36302 0.668269 620 1 1853 -0.0469317 0.0192462 0.0529276 0.583814 -2.36422 135.899 
0.89954 0.623969 108790 1 1.36302 0.668269 621 1 1854 -0.0459945 0.0207933 0.0536798 0.592306 -2.36956 135.9 
0.89954 0.623969 108790 1 1.36302 0.668269 622 1 1854 -0.0459945 0.0207933 0.0536798 0.592306 -2.36956 135.9 
0.900792 0.611361 108949 1 1.36302 0.668269 623 1 1858 -0.0474399 0.0206494 0.0552688 0.590267 -2.38092 135.891 
0.909652 0.609917 109031 1 1.36302 0.668269 624 1 1860 -0.0473025 0.0191548 0.0529826 0.574119 -2.34995 135.857 
0.917656 0.662986 109110 1 1.36302 0.668269 625 1 1862 -0.0468144 0.0183147 0.0541346 0.570466 -2.35281 135.788 
0.912514 0.660255 109191 1 1.36302 0.668269 626 1 1864 -0.0467248 0.0210991 0.0565091 0.600845 -2.37367 135.873 
0.912514 0.660255 109230 1 1.36302 0.668269 627 1 1865 -0.0467248 0.0210991 0.0565091 0.600845 -2.37367 135.873 
0.933104 0.647635 109310 1 1.36302 0.668269 628 1 1867 -0.0460096 0.0198749 0.0573729 0.602146 -2.37232 135.896 
0.922208 0.697016 109350 1 1.36302 0.668269 629 1 1868 -0.0466353 0.0182121 0.059119 0.585283 -2.39114 135.904 
0.934368 0.687258 109431 1 1.36302 0.668269 630 1 1870 -0.0462256 0.0178697 0.0591419 0.589065 -2.39111 135.92 
0.958939 0.672841 109511 1 1.36302 0.668269 631 1 1872 -0.0456368 0.0208327 0.0563494 0.62196 -2.35236 135.894 
-0.0252493 0.699414 109591 1 1.36302 0.668269 632 1 1874 -0.0464548 0.0153018 0.0585832 0.576535 -2.37643 135.813 
0.0210384 0.657196 109631 1 1.36302 0.668269 633 1 1875 -0.0463645 0.0191143 0.0548213 0.630634 -2.3366 135.87 
0.00751415 0.689281 109711 1 1.36302 0.668269 634 1 1877 -0.0445512 0.0203199 0.0570131 0.6821 -2.36946 135.925 
0.0192801 0.729665 109792 1 1.36302 0.668269 635 1 1879 -0.0439665 0.0215775 0.0574817 0.732159 -2.37041 135.962 
0.0313856 0.748934 109832 1 1.36302 0.668269 636 1 1880 -0.0422946 0.0235507 0.0584781 0.757539 -2.37655 135.968 
0.0743664 0.662024 109912 1 1.36302 0.668269 637 1 1882 -0.0433407 0.0232576 0.0558229 0.77673 -2.35008 136.033 
0.0307973 0.681459 109992 1 1.36302 0.668269 638 1 1884 -0.0433569 0.0180414 0.0570731 0.723815 -2.37474 136.03 
0.0348275 0.689827 110032 1 1.36302 0.668269 639 1 1885 -0.0440635 0.0179644 0.0569402 0.726771 -2.37528 136.016 
0.0376796 0.69848 110112 1 1.36302 0.668269 640 1 1887 -0.0438813 0.01881 0.0570966 0.750543 -2.36947 135.9 
0.0250384 0.698149 110152 1 1.36302 0.668269 641 1 1888 -0.0435575 0.0188364 0.0572818 0.749724 -2.36745 135.909 
0.0375477 0.696682 110232 1 1.36302 0.668269 642 1 1890 -0.0439409 0.0184298 0.0573942 0.753447 -2.36782 135.924 
0.0354406 0.714205 110312 1 1.36302 0.668269 643 1 1892 -0.0438945 0.0157761 0.0574195 0.732703 -2.37162 135.965 
0.0324516 0.711345 110352 1 1.36302 0.668269 644 1 1893 -0.0439687 0.0157224 0.0574754 0.733318 -2.37106 135.97 
0.0202673 0.719808 110432 1 1.36302 0.668269 645 1 1895 -0.0433751 0.0144301 0.0569136 0.727959 -2.358 135.932 
-0.0490429 0.798898 110513 1 1.36302 0.668269 646 1 1897 -0.0435242 0.0131443 0.0596572 0.721284 -2.37552 135.863 
-0.0125282 0.835772 110593 1 1.36302 0.668269 647 1 1899 -0.0427123 0.0158775 0.0578687 0.768251 -2.33474 135.829 
-0.00240329 0.798021 110633 1 1.36302 0.668269 648 1 1900 -0.0419717 0.0148944 0.0579911 0.775229 -2.32264 135.875 
0.0619385 0.596111 110713 1 1.36302 0.668269 649 1 1902 -0.0415443 0.0134661 0.0571866 0.76143 -2.30093 135.994 
0.145382 0.514808 110793 1 1.36302 0.668269 650 1 1904 -0.0407819 0.0173266 0.0568595 0.817132 -2.29574 136.224 
0.195792 0.578313 110834 1 1.36302 0.668269 651 1 1905 -0.0404978 0.0184739 0.0598415 0.848227 -2.3326 136.214 
0.232025 0.629356 110914 1 1.36302 0.668269 652 1 1907 -0.0395218 0.0199352 0.0612647 0.878778 -2.35242 136.041 
0.224442 0.618027 110954 1 1.36302 0.668269 653 1 1908 -0.0398079 0.0192802 0.0579776 0.879223 -2.32692 136.095 
0.202681 0.597961 111034 1 1.36302 0.668269 654 1 1910 -0.0394109 0.0185738 0.0598012 0.87773 -2.34321 136.045 
0.212264 0.602726 111114 1 1.36302 0.668269 655 1 1912 -0.0395073 0.0183592 0.0598584 0.880068 -2.34271 136.018 
0.216214 0.603513 111155 1 1.36302 0.668269 656 1 1913 -0.0395711 0.0182923 0.0599029 0.880861 -2.34222 136.019 
0.222076 0.60882 111234 1 1.36302 0.668269 657 1 1915 -0.0399253 0.0181665 0.0580529 0.900303 -2.33111 136.058 
0.202147 0.567878 111315 1 1.36302 0.668269 658 1 1917 -0.0401129 0.0171531 0.0589668 0.90368 -2.34688 136.176 
0.210231 0.593979 111395 1 1.36302 0.668269 659 1 1919 -0.0396656 0.0170258 0.0596913 0.909963 -2.35513 136.097 
0.203693 0.598012 111435 1 1.36302 0.668269 660 1 1920 -0.0399926 0.0166723 0.0580028 0.914707 -2.33934 136.111 
0.14939 0.584158 111515 1 1.36302 0.668269 661 1 1922 -0.0407692 0.0124673 0.0585952 0.878057 -2.35245 136.117 
-2.04326 0.491132 111555 1 1.36302 0.668269 662 0 1923 -0.0407692 0.0124673 0.0585952 0.878057 -2.35245 136.117 
1.00448 -0.154029 111635 1 1.36302 0.668269 663 1 1925 -0.0390762 0.0155452 0.0605735 0.901233 -2.38674 136.126 
0.977909 -0.250814 111716 1 1.36302 0.668269 664 0 1927 -0.0385687 0.0172182 0.0575052 0.901475 -2.36994 136.18 
0.950583 -0.247954 111756 1 1.36302 0.668269 665 0 1928 -0.0395226 0.0159325 0.057448 0.883586 -2.37549 136.131 
0.922946 -0.283719 111835 1 1.36302 0.668269 666 0 1930 -0.036856 0.0167655 0.0580878 0.840643 -2.39095 136.053 
0.944175 -0.309606 111915 1 1.36302 0.668269 667 0 1932 -0.0352402 0.0168065 0.0550326 0.80142 -2.35767 135.947 
0.944175 -0.309606 111915 1 1.36302 0.668269 668 0 1932 -0.0352402 0.0168065 0.0550326 0.80142 -2.35767 135.947 
0.944175 -0.309606 111915 1 1.36302 0.668269 669 0 1932 -0.0352402 0.0168065 0.0550326 0.80142 -2.35767 135.947 
0.848792 -0.308321 112116 1 1.36302 0.668269 670 0 1937 -0.0378037 0.0168371 0.0593636 0.738385 -2.40018 136.059 
0.901646 -0.308505 112156 1 1.36302 0.668269 671 0 1938 -0.0376819 0.0164445 0.0568612 0.735902 -2.37972 136.076 
0.920343 -0.282819 112237 1 1.36302 0.668269 672 0 1940 -0.0369668 0.019921 0.0578143 0.751921 -2.39413 135.975 
0.920343 -0.282819 112237 1 1.36302 0.668269 673 0 1940 -0.0369668 0.019921 0.0578143 0.751921 -2.39413 135.975 
0.867514 -0.278291 112356 1 1.36302 0.668269 674 0 1943 -0.0367484 0.0181868 0.0578698 0.690378 -2.40312 136.051 
0.865375 -0.251012 112436 1 1.36302 0.668269 675 0 1945 -0.0384493 0.0216811 0.0591186 0.718045 -2.42568 135.929 
0.87048 -0.2683 112517 1 1.36302 0.668269 676 0 1947 -0.04006 0.0252793 0.0553782 0.761362 -2.36724 135.827 
0.849433 -0.235233 112557 1 1.36302 0.668269 677 0 1948 -0.0408564 0.0239243 0.058361 0.742204 -2.3929 135.759 
0.849433 -0.235233 112557 1 1.36302 0.668269 678 0 1948 -0.0408564 0.0239243 0.058361 0.742204 -2.3929 135.759 
0.886129 -0.174538 112717 1 1.36302 0.668269 679 1 1952 -0.0412882 0.0258517 0.059172 0.780437 -2.40076 135.707 
0.875838 -0.244462 112757 1 1.36302 0.668269 680 0 1953 -0.0410813 0.0222778 0.0554562 0.75184 -2.35583 135.732 
0.876015 -0.228134 112837 1 1.36302 0.668269 681 0 1955 -0.0401029 0.0215878 0.0584629 0.750963 -2.38367 135.81 
0.84758 -0.259031 112877 1 1.36302 0.668269 682 0 1956 -0.040665 0.0185047 0.0569446 0.713355 -2.3674 135.902 
0.84758 -0.259031 112877 1 1.36302 0.668269 683 0 1956 -0.040665 0.0185047 0.0569446 0.713355 -2.3674 135.902 
0.861733 -0.202514 113037 1 1.36302 0.668269 684 0 1960 -0.0406445 0.0213502 0.0594573 0.735859 -2.40812 135.775 
0.894696 -0.204051 113118 1 1.36302 0.668269 685 0 1962 -0.0405886 0.0223424 0.0570574 0.758401 -2.38182 135.787 
0.862592 -0.226571 113158 1 1.36302 0.668269 686 0 1963 -0.0400679 0.0203526 0.0587061 0.737479 -2.39733 135.709 
0.86957 -0.203832 113198 1 1.36302 0.668269 687 0 1964 -0.0399512 0.0204501 0.058541 0.736263 -2.39903 135.779 
0.86957 -0.203832 113198 1 1.36302 0.668269 688 0 1964 -0.0399512 0.0204501 0.058541 0.736263 -2.39903 135.779 
0.842189 -0.230206 113358 1 1.36302 0.668269 689 0 1968 -0.041036 0.020922 0.058982 0.722717 -2.40928 135.775 
0.846179 -0.225412 113439 1 1.36302 0.668269 690 0 1970 -0.040424 0.0226011 0.0563651 0.735043 -2.37882 135.723 
0.844305 -0.231963 113519 1 1.36302 0.668269 691 0 1972 -0.0406755 0.0221109 0.0572192 0.724558 -2.38333 135.804 
0.844305 -0.231963 113519 1 1.36302 0.668269 692 0 1972 -0.0406755 0.0221109 0.0572192 0.724558 -2.38333 135.804 
0.844305 -0.231963 113519 1 1.36302 0.668269 693 0 1972 -0.0406755 0.0221109 0.0572192 0.724558 -2.38333 135.804 
0.562666 0.735077 113720 1 1.36302 0.668269 694 1 1977 -0.0387394 0.0222866 0.0548633 0.767205 -2.31491 135.666 
0.569085 0.720417 113759 1 1.36302 0.668269 695 1 1978 -0.0387771 0.0221173 0.0549713 0.769235 -2.31386 135.708 
0.526111 0.641069 113839 1 1.36302 0.668269 696 1 1980 -0.038173 0.0171778 0.0544352 0.726426 -2.30444 135.849 
0.542244 0.658564 113919 1 1.36302 0.668269 697 1 1982 -0.039215 0.0173201 0.0587856 0.730146 -2.35842 136.006 
0.53514 0.669642 113960 1 1.36302 0.668269 698 1 1983 -0.0391797 0.017512 0.0586863 0.728485 -2.35929 135.988 
0.544531 0.707805 114040 1 1.36302 0.668269 699 1 1985 -0.0397377 0.0197879 0.0583553 0.749998 -2.36637 136.092 
0.541056 0.704111 114120 1 1.36302 0.668269 700 1 1987 -0.0397546 0.0196407 0.0585511 0.746578 -2.35804 135.867 
0.533789 0.704159 114160 1 1.36302 0.668269 701 1 1988 -0.0397837 0.0197872 0.0586015 0.745083 -2.35722 135.876 
0.531735 0.732639 114240 1 1.36302 0.668269 702 1 1990 -0.0390071 0.0197194 0.0585259 0.745766 -2.35744 135.93 
0.531801 0.733115 114280 1 1.36302 0.668269 703 1 1991 -0.0390131 0.0197167 0.0585254 0.745795 -2.35745 135.93 
0.528178 0.712171 114360 1 1.36302 0.668269 704 1 1993 -0.0389953 0.0184652 0.0568034 0.733663 -2.33475 135.848 
0.528703 0.698127 114440 1 1.36302 0.668269 705 1 1995 -0.0389635 0.0183861 0.057144 0.734739 -2.33137 135.867 
0.528894 0.694486 114521 1 1.36302 0.668269 706 1 1997 -0.0390055 0.0183744 0.0571926 0.73489 -2.33086 135.87 
0.5282 0.691209 114561 1 1.36302 0.668269 707 1 1998 -0.0390286 0.0183891 0.0572337 0.734768 -2.33039 135.869 
0.518388 0.6781 114641 1 1.36302 0.668269 708 1 2000 -0.0390059 0.0186646 0.0575181 0.731659 -2.32719 135.863 
0.51435 0.68072 114721 1 1.36302 0.668269 709 1 2002 -0.0390827 0.0187389 0.0576069 0.730888 -2.32622 135.871 
0.51419 0.680615 114760 1 1.36302 0.668269 710 1 2003 -0.0390868 0.0187425 0.0576169 0.730858 -2.32611 135.873 
0.51419 0.680615 114841 1 1.36302 0.668269 711 1 2005 -0.0390868 0.0187425 0.0576169 0.730858 -2.32611 135.873 
0.512551 0.676056 114881 1 1.36302 0.668269 712 1 2006 -0.039082 0.0187806 0.0576602 0.730474 -2.32565 135.88 
0.512529 0.676124 114961 1 1.36302 0.668269 713 1 2008 -0.0390818 0.0187808 0.0576606 0.730472 -2.32564 135.88 
0.512529 0.676124 115042 1 1.36302 0.668269 714 1 2010 -0.0390818 0.0187808 0.0576606 0.730472 -2.32564 135.88 
0.512529 0.676124 115081 1 1.36302 0.668269 715 1 2011 -0.0390818 0.0187808 0.0576606 0.730472 -2.32564 135.88 
0.512529 0.676124 115162 1 1.36302 0.668269 716 1 2013 -0.0390818 0.0187808 0.0576606 0.730472 -2.32564 135.88 
0.512529 0.676124 115241 1 1.36302 0.668269 717 1 2015 -0.0390818 0.0187808 0.0576606 0.730472 -2.32564 135.88 
0.512529 0.676124 115282 1 1.36302 0.668269 718 1 2016 -0.0390818 0.0187808 0.0576606 0.730472 -2.32564 135.88 
0.51231 0.676707 115362 1 1.36302 0.668269 719 1 2018 -0.0390925 0.0187831 0.057662 0.730449 -2.32563 135.882 
0.543109 0.605299 115442 1 1.36302 0.668269 720 1 2020 -0.0398586 0.0199539 0.0562184 0.738556 -2.30536 136.069 
0.569052 0.633778 115523 1 1.36302 0.668269 721 1 2022 -0.0398847 0.0208975 0.060124 0.740287 -2.3489 136.116 
0.35497 0.542211 115563 1 1.36302 0.668269 722 1 2023 -0.0405602 0.0189499 0.0587376 0.716959 -2.33838 136.119 
0.112774 0.248092 115642 1 1.36302 0.668269 723 1 2025 -0.0410648 0.0220458 0.0595902 0.766152 -2.3563 136.05 
0.141495 0.263019 115722 1 1.36302 0.668269 724 1 2027 -0.0418975 0.0212356 0.0593488 0.774277 -2.35964 136.086 
0.163434 0.268999 115762 1 1.36302 0.668269 725 1 2028 -0.0425778 0.0206254 0.0592554 0.78066 -2.36117 136.099 
0.187023 0.259035 115843 1 1.36302 0.668269 726 1 2030 -0.0426821 0.0198867 0.0592184 0.788286 -2.3625 136.105 
0.187023 0.259035 115884 1 1.36302 0.668269 727 1 2031 -0.0426821 0.0198867 0.0592184 0.788286 -2.3625 136.105 
0.187023 0.259035 115964 1 1.36302 0.668269 728 1 2033 -0.0426821 0.0198867 0.0592184 0.788286 -2.3625 136.105 
0.182257 0.249496 116044 1 1.36302 0.668269 729 1 2035 -0.0427816 0.0199172 0.0591652 0.787826 -2.3631 136.116 
0.180509 0.252613 116123 1 1.36302 0.668269 730 1 2037 -0.0428658 0.0199337 0.0591088 0.78756 -2.36373 136.116 
0.180067 0.256755 116163 1 1.36302 0.668269 731 1 2038 -0.0429254 0.0199313 0.0590626 0.787523 -2.36429 136.114 
0.17822 0.260216 116244 1 1.36302 0.668269 732 1 2040 -0.0430541 0.0199518 0.0590312 0.787241 -2.36468 136.108 
0.143945 0.166687 116324 1 1.36302 0.668269 733 1 2042 -0.0458235 0.0143897 0.0623137 0.712137 -2.40156 136.085 
0.131338 0.171138 116364 1 1.36302 0.668269 734 1 2043 -0.047088 0.0152078 0.0623261 0.714226 -2.40262 136.06 
0.180465 0.207987 116444 1 1.36302 0.668269 735 1 2045 -0.0479173 0.0176808 0.0603564 0.744805 -2.38023 135.972 
0.170111 0.209919 116484 1 1.36302 0.668269 736 1 2046 -0.0472582 0.0165334 0.0604024 0.727575 -2.37609 135.867 
0.173967 0.212121 116564 1 1.36302 0.668269 737 1 2048 -0.047282 0.0151602 0.0622935 0.710424 -2.38976 135.949 
0.157715 0.197386 116644 1 1.36302 0.668269 738 1 2050 -0.0485577 0.0149171 0.0636117 0.698405 -2.39721 136.061 
0.157715 0.197386 116644 1 1.36302 0.668269 739 1 2050 -0.0485577 0.0149171 0.0636117 0.698405 -2.39721 136.061 
0.180612 0.198494 116684 1 1.36302 0.668269 740 1 2051 -0.0483298 0.0186352 0.0598574 0.739239 -2.35211 136.071 
0.214057 0.186906 116845 1 1.36302 0.668269 741 1 2055 -0.0496555 0.0172698 0.0607215 0.747235 -2.37121 136.02 
0.191895 0.223731 116926 1 1.36302 0.668269 742 1 2057 -0.0501249 0.0142377 0.0622052 0.716841 -2.38081 136.021 
0.246897 0.248577 116965 1 1.36302 0.668269 743 1 2058 -0.0501035 0.0206049 0.0617884 0.794685 -2.37942 136.079 
0.223371 0.269483 117045 1 1.36302 0.668269 744 1 2060 -0.0497575 0.0143885 0.0627097 0.724523 -2.38562 135.888 
0.206613 0.285082 117085 1 1.36302 0.668269 745 1 2061 -0.0504592 0.0144794 0.0634619 0.721632 -2.40147 136.002 
0.206657 0.286902 117165 1 1.36302 0.668269 746 1 2063 -0.0499626 0.0174504 0.0632643 0.740323 -2.39699 136.041 
0.203111 0.272748 117246 1 1.36302 0.668269 747 1 2065 -0.0497276 0.0183929 0.0627899 0.749809 -2.38951 135.902 
0.183139 0.289957 117286 1 1.36302 0.668269 748 1 2066 -0.0497684 0.0164455 0.0632408 0.72535 -2.40035 135.987 
0.195742 0.213445 117366 1 1.36302 0.668269 749 1 2068 -0.0498172 0.0164835 0.0624917 0.728204 -2.4012 136.006 
0.221362 0.206231 117446 1 1.36302 0.668269 750 1 2070 -0.0504345 0.0168828 0.0619567 0.741428 -2.40537 136.04 
0.361167 0.076086 117526 1 1.36302 0.668269 751 1 2072 -0.049417 0.016501 0.0617833 0.744427 -2.40633 136.053 
0.383229 0.08039 117566 1 1.36302 0.668269 752 1 2073 -0.0489925 0.0158716 0.0611929 0.742148 -2.40038 136.11 
0.40711 -0.152925 117646 1 1.36302 0.668269 753 1 2075 -0.0478264 0.0170312 0.0619097 0.74915 -2.3995 136.003 
0.422276 -0.288428 117686 1 1.36302 0.668269 754 0 2076 -0.0485824 0.0165235 0.0622056 0.739768 -2.40201 135.956 
0.549164 0.288667 117766 1 1.36302 0.668269 755 1 2078 -0.0490533 0.0176756 0.0620747 0.746837 -2.39907 136.037 
-3.4093 1.46095 117847 1 1.36302 0.668269 756 0 2080 -0.047245 0.0172904 0.0620254 0.729289 -2.39324 135.968 
0.538919 0.287876 117887 1 1.36302 0.668269 757 1 2081 -0.0482233 0.0190325 0.0618172 0.741017 -2.3971 135.918 
0.611342 -0.120736 117967 1 1.36302 0.668269 758 1 2083 -0.0479918 0.0210414 0.0611669 0.746306 -2.38472 135.884 
0.607383 -0.212126 118047 1 1.36302 0.668269 759 0 2085 -0.0481202 0.0236546 0.0606127 0.759607 -2.38527 136.017 
0.618375 -0.190079 118088 1 1.36302 0.668269 760 1 2086 -0.0488993 0.0228367 0.06162 0.749899 -2.39643 135.977 
0.611628 -0.216322 118168 1 1.36302 0.668269 761 0 2088 -0.0479085 0.0224913 0.0627187 0.743687 -2.4052 135.961 
0.62947 -0.251747 118247 1 1.36302 0.668269 762 0 2090 -0.0476116 0.022242 0.0598904 0.750789 -2.37912 136.04 
0.645076 -0.240623 118287 1 1.36302 0.668269 763 0 2091 -0.0476419 0.0243096 0.059193 0.77521 -2.36592 135.949 
0.623114 -0.232254 118367 1 1.36302 0.668269 764 0 2093 -0.0473832 0.0235869 0.0593656 0.760171 -2.3632 135.9 
0.614971 -0.259155 118448 1 1.36302 0.668269 765 0 2095 -0.047652 0.0216066 0.0586317 0.733213 -2.35727 136.01 
0.601875 -0.258339 118488 1 1.36302 0.668269 766 0 2096 -0.0483056 0.0217428 0.0600366 0.735726 -2.37364 136.009 
0.625919 -0.224771 118528 1 1.36302 0.668269 767 0 2097 -0.0479782 0.0213109 0.0596786 0.732149 -2.37449 135.987 
0.625919 -0.224771 118528 1 1.36302 0.668269 768 0 2097 -0.0479782 0.0213109 0.0596786 0.732149 -2.37449 135.987 
0.606349 -0.157963 118688 1 1.36302 0.668269 769 1 2101 -0.0496309 0.0213511 0.0614967 0.726678 -2.41505 135.905 
0.593055 -0.218257 118768 1 1.36302 0.668269 770 0 2103 -0.04754 0.0191816 0.0587162 0.67723 -2.37906 135.705 
0.627968 -0.213597 118848 1 1.36302 0.668269 771 0 2105 -0.0490793 0.0213309 0.0590354 0.682417 -2.3845 135.696 
0.619738 -0.237123 118888 1 1.36302 0.668269 772 0 2106 -0.0503951 0.0193156 0.0578988 0.650658 -2.37332 135.714 
0.619222 -0.243231 118969 1 1.36302 0.668269 773 0 2108 -0.0498661 0.020136 0.058575 0.650883 -2.37095 135.687 
0.57766 -0.284016 119049 1 1.36302 0.668269 774 0 2110 -0.0513446 0.0170552 0.0578712 0.60583 -2.36879 135.716 
0.605299 -0.339407 119090 1 1.36302 0.668269 775 0 2111 -0.0520733 0.0182053 0.057894 0.614403 -2.36674 135.778 
0.606287 -0.273483 119129 1 1.36302 0.668269 776 0 2112 -0.0508133 0.0183602 0.0581776 0.606418 -2.37414 135.856 
0.606287 -0.273483 119129 1 1.36302 0.668269 777 0 2112 -0.0508133 0.0183602 0.0581776 0.606418 -2.37414 135.856 
0.589012 -0.179573 119290 1 1.36302 0.668269 778 1 2116 -0.0502531 0.0182331 0.0595368 0.592459 -2.37545 135.559 
0.591419 -0.186244 119369 1 1.36302 0.668269 779 1 2118 -0.0509679 0.0181176 0.0599859 0.590884 -2.38467 135.604 
0.598261 -0.168605 119449 1 1.36302 0.668269 780 1 2120 -0.050328 0.0181401 0.0600796 0.590744 -2.38385 135.6 
0.598261 -0.168605 119449 1 1.36302 0.668269 781 1 2120 -0.050328 0.0181401 0.0600796 0.590744 -2.38385 135.6 
0.598261 -0.168605 119449 1 1.36302 0.668269 782 1 2120 -0.050328 0.0181401 0.0600796 0.590744 -2.38385 135.6 
0.77437 0.115066 119650 1 1.36302 0.668269 783 1 2125 -0.0491711 0.0178935 0.0606208 0.573933 -2.37799 135.692 
0.854024 0.140809 119690 1 1.36302 0.668269 784 1 2126 -0.0494823 0.0187045 0.0593204 0.564417 -2.35936 135.7 
0.893189 0.185066 119770 1 1.36302 0.668269 785 1 2128 -0.0497338 0.021749 0.0598501 0.593298 -2.36048 135.818 
0.879042 0.193222 119850 1 1.36302 0.668269 786 1 2130 -0.0485676 0.0224614 0.0614222 0.594419 -2.37252 135.763 
0.884789 0.202181 119890 1 1.36302 0.668269 787 1 2131 -0.0495505 0.0238235 0.058814 0.60875 -2.34367 135.835 
0.870053 0.167033 119971 1 1.36302 0.668269 788 1 2133 -0.0495322 0.0214908 0.0598054 0.577607 -2.35373 135.971 
0.866308 0.163937 120051 1 1.36302 0.668269 789 1 2135 -0.049331 0.0231327 0.0572138 0.587423 -2.32106 135.923 
0.854097 0.18154 120091 1 1.36302 0.668269 790 1 2136 -0.0501413 0.0240502 0.0600855 0.588563 -2.34718 135.98 
0.875199 0.190797 120171 1 1.36302 0.668269 791 1 2138 -0.0496764 0.02257 0.0612301 0.5693 -2.36325 136.022 
0.855883 0.118234 120251 1 1.36302 0.668269 792 1 2140 -0.0504828 0.0235564 0.0545823 0.566396 -2.26295 135.94 
0.829965 0.128157 120291 1 1.36302 0.668269 793 1 2141 -0.0503395 0.0228045 0.0568116 0.545866 -2.27265 135.956 
0.830385 0.107777 120371 1 1.36302 0.668269 794 1 2143 -0.0506357 0.0256745 0.0550251 0.565215 -2.23827 135.947 
0.787344 0.0873599 120452 1 1.36302 0.668269 795 1 2145 -0.0518346 0.0232473 0.0578167 0.510189 -2.26884 136.157 
0.781167 0.0941637 120491 1 1.36302 0.668269 796 1 2146 -0.0519389 0.0233789 0.0578663 0.508955 -2.268 136.077 
0.848617 0.0923512 120571 1 1.36302 0.668269 797 1 2148 -0.0524511 0.0246134 0.0552145 0.522277 -2.22859 136.174 
0.896322 0.103302 120652 1 1.36302 0.668269 798 1 2150 -0.0517119 0.0258749 0.0571382 0.555151 -2.2518 135.917 
0.878383 0.0645836 120692 1 1.36302 0.668269 799 1 2151 -0.0523931 0.0273142 0.0543897 0.581149 -2.22314 136.117 
0.870602 0.130082 120773 1 1.36302 0.668269 800 1 2153 -0.0522093 0.0226592 0.0579824 0.544999 -2.26379 136.205 
0.893941 0.114962 120853 1 1.36302 0.668269 801 1 2155 -0.0508656 0.0254799 0.0559937 0.579841 -2.24007 135.97 
0.863769 0.081593 120893 1 1.36302 0.668269 802 1 2156 -0.0521401 0.0245411 0.0526971 0.564489 -2.19681 136.107 
0.854944 0.0992336 120973 1 1.36302 0.668269 803 1 2158 -0.0513458 0.0244527 0.0556632 0.553852 -2.21963 136.074 
0.852056 0.101119 121012 1 1.36302 0.668269 804 1 2159 -0.0519609 0.024512 0.055949 0.553587 -2.21619 136.072 
0.856899 0.0833354 121093 1 1.36302 0.668269 805 1 2161 -0.0521849 0.0247096 0.0562385 0.55193 -2.21328 136.101 
0.836163 0.108949 121173 1 1.36302 0.668269 806 1 2163 -0.0521451 0.0252982 0.0574646 0.548943 -2.22511 136.081 
0.836163 0.108949 121214 1 1.36302 0.668269 807 1 2164 -0.0521451 0.0252982 0.0574646 0.548943 -2.22511 136.081 
0.838096 0.111261 121294 1 1.36302 0.668269 808 1 2166 -0.0522316 0.0253023 0.0574843 0.548908 -2.22486 136.076 
0.834681 0.109968 121374 1 1.36302 0.668269 809 1 2168 -0.0524181 0.0254645 0.0576632 0.547099 -2.22289 136.062 
0.822311 0.117946 121453 1 1.36302 0.668269 810 1 2170 -0.0527188 0.025766 0.0577327 0.543613 -2.22247 135.996 
0.822311 0.117946 121493 1 1.36302 0.668269 811 1 2171 -0.0527188 0.025766 0.0577327 0.543613 -2.22247 135.996 
0.835039 0.135815 121574 1 1.36302 0.668269 812 1 2173 -0.0520336 0.0252479 0.0588032 0.538016 -2.2397 136.009 
0.864245 0.134384 121614 1 1.36302 0.668269 813 1 2174 -0.0520722 0.0260055 0.0576501 0.553404 -2.23306 136.086 
0.875335 0.11546 121694 1 1.36302 0.668269 814 1 2176 -0.0519611 0.0258426 0.0560867 0.553854 -2.21796 136.111 
0.859596 0.153082 121775 1 1.36302 0.668269 815 1 2178 -0.0525104 0.024592 0.0581368 0.538213 -2.23868 135.995 
0.859662 0.151058 121815 1 1.36302 0.668269 816 1 2179 -0.0524522 0.024601 0.0581593 0.538109 -2.23838 136.005 
0.855252 0.147444 121894 1 1.36302 0.668269 817 1 2181 -0.0523214 0.0226721 0.0576346 0.512101 -2.23132 136.048 
0.857229 0.14964 121974 1 1.36302 0.668269 818 1 2183 -0.0523284 0.0226278 0.05764 0.512677 -2.23131 136.058 
0.88528 0.14075 122055 1 1.36302 0.668269 819 1 2185 -0.0515918 0.0254185 0.0576104 0.554427 -2.24723 136.172 
0.899358 0.167543 122094 1 1.36302 0.668269 820 1 2186 -0.0522477 0.0274519 0.0576835 0.579935 -2.251 136.14 
0.880753 0.151835 122175 1 1.36302 0.668269 821 1 2188 -0.0519645 0.0236838 0.0542998 0.540796 -2.20908 136.132 
0.878415 0.166861 122256 1 1.36302 0.668269 822 1 2190 -0.0509837 0.025769 0.0555958 0.561431 -2.22326 136.127 
0.873815 0.139177 122295 1 1.36302 0.668269 823 1 2191 -0.0510876 0.0259346 0.0565535 0.565713 -2.23101 136.201 
0.875259 0.122121 122376 1 1.36302 0.668269 824 1 2193 -0.0513413 0.0249972 0.05562 0.549927 -2.22154 136.176 
0.873584 0.14056 122456 1 1.36302 0.668269 825 1 2195 -0.0518338 0.0250839 0.0573215 0.554941 -2.25339 136.202 
0.883553 0.123908 122496 1 1.36302 0.668269 826 1 2196 -0.0515574 0.0264534 0.0557756 0.575621 -2.24714 136.178 
0.903923 0.143266 122576 1 1.36302 0.668269 827 1 2198 -0.05182 0.0267417 0.0561697 0.580538 -2.28238 136.328 
0.903923 0.143266 122576 1 1.36302 0.668269 828 1 2198 -0.05182 0.0267417 0.0561697 0.580538 -2.28238 136.328 
0.898372 0.18394 122616 1 1.36302 0.668269 829 1 2199 -0.0517229 0.0257795 0.0576453 0.568656 -2.30459 136.232 
0.882391 0.144843 122776 1 1.36302 0.668269 830 1 2203 -0.052079 0.0243845 0.05774 0.545659 -2.30679 136.244 
0.86114 0.123735 122857 1 1.36302 0.668269 831 1 2205 -0.051564 0.0247696 0.0578814 0.549994 -2.31184 136.27 
0.875242 0.199496 122896 1 1.36302 0.668269 832 1 2206 -0.0508614 0.0243707 0.0582492 0.539416 -2.32063 136.137 
0.874172 0.212695 122976 1 1.36302 0.668269 833 1 2208 -0.0507226 0.0239365 0.0587751 0.538937 -2.33188 136.216 
0.90107 0.283223 123057 1 1.36302 0.668269 834 1 2210 -0.0508469 0.0277643 0.061834 0.582975 -2.37934 136.101 
0.894069 0.292196 123097 1 1.36302 0.668269 835 1 2211 -0.0505931 0.0262761 0.0636228 0.569247 -2.40266 136.098 
0.894771 0.329748 123177 1 1.36302 0.668269 836 1 2213 -0.0498368 0.0257394 0.0618012 0.558166 -2.38904 136.041 
0.880561 0.298096 123257 1 1.36302 0.668269 837 1 2215 -0.0503681 0.0256559 0.0593803 0.547881 -2.34655 135.996 
0.871042 0.224358 123297 1 1.36302 0.668269 838 1 2216 -0.0509257 0.0255145 0.055119 0.534748 -2.2861 135.928 
0.873877 0.169923 123378 1 1.36302 0.668269 839 1 2218 -0.0518755 0.024157 0.055242 0.511539 -2.28064 135.997 
0.845537 0.212203 123457 1 1.36302 0.668269 840 1 2220 -0.0508695 0.0209232 0.0549365 0.476756 -2.28065 136.034 
0.926832 0.230224 123498 1 1.36302 0.668269 841 1 2221 -0.0507777 0.0279949 0.0554314 0.566457 -2.28815 136.042 
0.90488 0.26385 123578 1 1.3625 0.668269 842 1 2223 -0.0502164 0.0232924 0.0586847 0.527785 -2.32053 136.022 
0.867111 0.208869 123657 1 1.36198 0.668269 843 1 2225 -0.0496048 0.0227411 0.0546487 0.519289 -2.2592 135.895 
0.856343 0.208789 123697 1 1.36198 0.668269 844 1 2226 -0.0488398 0.0225317 0.0543644 0.510331 -2.24425 135.878 
0.880757 0.127283 123778 1 1.36198 0.668269 845 1 2228 -0.0492421 0.0241568 0.0530365 0.5316 -2.22423 136.037 
0.880016 0.175355 123858 1 1.31406 0.660577 846 1 2230 -0.0492553 0.0237247 0.0550954 0.515329 -2.25085 135.99 
0.907689 0.124798 123899 1 1.29219 0.613462 847 1 2231 -0.0491537 0.0276925 0.0496573 0.562484 -2.18591 136.024 
0.916434 0.0992139 123979 1 1.29219 0.613462 848 1 2233 -0.0483555 0.0286047 0.0513083 0.581253 -2.20812 136.159 
0.9142 0.108153 124058 1 1.29219 0.613462 849 1 2235 -0.0485254 0.027934 0.0504542 0.580311 -2.19739 135.98 
0.901379 0.0814945 124098 1 1.29219 0.613462 850 1 2236 -0.04819 0.0273357 0.0503061 0.571378 -2.18852 136.069 
0.829398 -0.0468605 124179 1 1.29271 0.611538 851 1 2238 -0.0494108 0.0280588 0.0516777 0.585152 -2.20322 136.107 
0.821542 -0.0409692 124259 1 1.29271 0.610577 852 1 2240 -0.0482269 0.0221465 0.0531377 0.523337 -2.21703 136.055 
0.852699 -0.0296179 124299 1 1.29115 0.605769 853 1 2241 -0.048158 0.0259311 0.052973 0.571298 -2.22137 136.045 
-6.48719 4.46311 124379 1 1.26563 0.595192 854 0 2243 -0.0484986 0.0259828 0.0508612 0.582892 -2.20218 136.014 
-5.47276 4.0806 124420 1 1.23542 0.573077 855 0 2244 -0.0430789 0.0183341 0.0538872 0.53552 -2.26432 136.516 
0.617655 0.535683 124499 1 1.23125 0.570192 856 1 2246 -0.0292851 0.0210429 0.0495934 0.696859 -2.28553 136.144 
0.577804 1.23617 124579 1 1.22969 0.593269 857 0 2248 -0.011897 0.0211072 0.0537281 0.766915 -2.41113 136.303 
-0.391574 2.78331 124660 1 1.24271 0.613462 858 0 2250 0.00380279 0.021571 0.0507198 0.758617 -2.38596 136.37 
0.668132 1.11066 124701 1 1.26302 0.655769 859 1 2251 0.00407288 0.0228697 0.0509426 0.751983 -2.34343 136.099 
0.56344 0.346206 124780 1 1.14479 0.580769 860 1 2253 0.00559584 0.0266875 0.0525085 0.698901 -2.2567 135.235 
0.484025 0.348191 124860 1 0.824479 0.430769 861 1 2255 -0.0035725 0.0247919 0.0579416 0.590136 -2.32159 134.446 
0.541985 0.261882 124900 1 0.527604 0.426923 862 1 2256 -0.00708996 0.0288896 0.0562345 0.589435 -2.3403 134.628 
0.127907 -0.327988 124980 1 0.425521 0.4375 863 0 2258 -0.0118389 0.0336781 0.0445094 0.576718 -2.25116 134.689 
0.097736 -0.554362 125020 1 0.420833 0.441346 864 0 2259 -0.0132398 0.0293465 0.0440926 0.515462 -2.24675 134.71 
-1.15752 1.56453 125100 1 0.399479 0.405769 865 0 2261 -0.0127229 0.0324853 0.0482248 0.545015 -2.28541 134.925 
-0.879402 1.47028 125181 1 0.216146 0.208654 866 0 2263 -0.0179408 0.0284722 0.0483199 0.532749 -2.34847 134.427 
-0.274018 0.145944 125221 1 0.0833333 0.218269 867 0 2264 -0.0170416 0.0318576 0.0456821 0.589568 -2.29515 134.754 
0.00760254 -0.557954 125301 1 0.0859375 0.254808 868 0 2266 -0.0183265 0.0268688 0.0470436 0.571943 -2.30753 135.175 
0.058147 -0.624532 125381 1 0.0859375 0.254808 869 0 2268 -0.0177142 0.0260185 0.0482057 0.58006 -2.29555 135.065 
0.058147 -0.624532 125381 1 0.0947917 0.254808 870 0 2268 -0.0177142 0.0260185 0.0482057 0.58006 -2.29555 135.065 
0.058147 -0.624532 125381 1 0.0645833 0.214423 871 0 2268 -0.0177142 0.0260185 0.0482057 0.58006 -2.29555 135.065 
-0.165992 -0.719898 125582 1 0.0536458 0.194231 872 0 2273 -0.0217422 0.0229141 0.0503879 0.597196 -2.37763 135.149 
-0.147558 -0.815021 125621 1 0.0536458 0.183654 873 0 2274 -0.0216883 0.0276713 0.0497032 0.650142 -2.37617 135.1 
-0.167672 -0.829561 125702 1 0.0546875 0.174038 874 0 2276 -0.0226885 0.0253021 0.0528009 0.619209 -2.39768 135.179 
-0.167672 -0.829561 125702 1 0.0552083 0.173077 875 0 2276 -0.0226885 0.0253021 0.0528009 0.619209 -2.39768 135.179 
-0.179935 -0.812297 125742 1 0.0552083 0.173077 876 0 2277 -0.0231504 0.0237759 0.053266 0.59798 -2.40507 135.22 
