ImageFile:
-0.00402384 0.198207 73233 1 0.336979 0.226923 1 1 733 -0.0601149 -0.075995 -0.0568918 -2.21136 7.10645 129.735 
0.0151039 0.172116 73313 1 0.336979 0.226923 2 1 735 -0.0606895 -0.0740733 -0.054944 -2.19128 7.09255 129.781 
0.0395847 0.208206 73353 1 0.336979 0.226923 3 1 736 -0.0614244 -0.0722593 -0.0545915 -2.1657 7.09033 129.78 
0.0227806 0.250083 73433 1 0.336979 0.226923 4 1 738 -0.0599779 -0.0753131 -0.0526042 -2.20492 7.07939 129.778 
0.0537718 0.255103 73514 1 0.338542 0.258654 5 1 740 -0.0597911 -0.0736359 -0.0509614 -2.18533 7.07 129.753 
0.0701977 0.257961 73593 1 0.313021 0.423077 6 1 742 -0.0585179 -0.0725198 -0.0502579 -2.18213 7.07051 129.835 
0.0678542 0.22979 73674 1 0.289063 0.582692 7 1 744 -0.0587576 -0.0740942 -0.050995 -2.21249 7.08503 129.843 
0.0954832 0.246377 73754 1 0.242708 0.684615 8 1 746 -0.0587999 -0.077201 -0.0490573 -2.26377 7.07934 129.917 
0.0854577 0.240915 73834 1 0.210417 0.752885 9 1 748 -0.0611502 -0.0757865 -0.0484269 -2.26126 7.07782 129.968 
0.066821 0.218733 73914 1 0.201042 0.813462 10 1 750 -0.0617374 -0.0758932 -0.0483313 -2.2689 7.07955 130.018 
0.0549083 0.205555 74035 1 0.188542 0.854808 11 1 753 -0.0630795 -0.0721155 -0.0488778 -2.23912 7.07386 130.054 
0.0192149 0.21354 74115 1 0.172396 0.866346 12 1 755 -0.0625846 -0.0754239 -0.0476988 -2.28411 7.0557 130.061 
0.0257108 0.234292 74194 1 0.142187 0.916346 13 1 757 -0.0635031 -0.0740743 -0.0470932 -2.2781 7.04551 130.172 
0.00316751 0.183542 74275 1 0.0963542 0.971154 14 1 759 -0.0637519 -0.0751249 -0.0509225 -2.30411 7.08138 130.138 
0.00111683 0.206004 74315 1 0.0713542 0.999038 15 1 760 -0.0623023 -0.0769604 -0.0461635 -2.33864 7.04013 130.352 
0.00325656 0.177528 74395 1 0.0661458 1.00096 16 1 762 -0.0643008 -0.0751241 -0.0511392 -2.31996 7.09147 130.129 
-0.00733031 0.18761 74435 1 0.065625 1 17 1 763 -0.0650349 -0.0734291 -0.0502602 -2.30485 7.09201 130.214 
-0.0241712 0.189709 74516 1 0.0734375 0.985577 18 1 765 -0.0656573 -0.0739752 -0.0487344 -2.30827 7.07284 130.131 
-0.0175312 0.18294 74595 1 0.0786458 0.977885 19 1 767 -0.0655923 -0.0743255 -0.0502526 -2.3024 7.09481 130.077 
0.0047416 0.226002 74676 1 0.0786458 0.975 20 1 769 -0.065339 -0.0741496 -0.0473987 -2.28044 7.07672 130.123 
-0.00152519 0.229166 74716 1 0.0786458 0.975 21 1 770 -0.0650366 -0.0734428 -0.0473142 -2.26376 7.08065 130.194 
0.0224627 0.187411 74796 1 0.0786458 0.975 22 1 772 -0.0636338 -0.0756427 -0.0463263 -2.28023 7.08329 130.208 
0.0299967 0.193577 74876 1 0.0786458 0.975 23 1 774 -0.0620959 -0.0769323 -0.0465781 -2.288 7.0911 130.181 
0.0355673 0.226142 74956 1 0.0786458 0.975 24 1 776 -0.061628 -0.0770905 -0.0438562 -2.28437 7.07189 130.19 
0.0454972 0.225933 75037 1 0.0786458 0.975 25 1 778 -0.0608057 -0.0768356 -0.0444966 -2.2819 7.09127 130.266 
0.0453061 0.190346 75117 1 0.0786458 0.975 26 1 780 -0.0607377 -0.0769782 -0.0466061 -2.28385 7.11493 130.199 
0.0281405 0.210271 75157 1 0.0786458 0.972115 27 1 781 -0.0600862 -0.0785714 -0.0417512 -2.31299 7.07706 130.547 
0.0687675 0.210826 75237 1 0.0786458 0.971154 28 1 783 -0.0607899 -0.0773305 -0.0455206 -2.29817 7.11136 130.332 
0.0366412 0.204077 75317 1 0.0786458 0.971154 29 1 785 -0.0622373 -0.0767005 -0.044089 -2.31624 7.09914 130.319 
0.0977793 0.258967 75397 1 0.0786458 0.971154 30 1 787 -0.0623173 -0.0714718 -0.0429966 -2.31213 7.09507 130.44 
0.225727 0.239183 75477 1 0.0786458 0.971154 31 1 789 -0.0631739 -0.0634674 -0.0460983 -2.29429 7.14342 130.543 
0.16241 0.248828 75560 1 0.0786458 0.971154 32 1 791 -0.0684287 -0.064447 -0.044397 -2.38042 7.13867 130.524 
0.106485 0.212177 75638 1 0.0786458 0.971154 33 1 793 -0.0733584 -0.0603214 -0.0436693 -2.38009 7.14072 130.44 
-0.0278728 0.115973 75717 1 0.0786458 0.971154 34 1 795 -0.0777576 -0.0667383 -0.0469834 -2.46818 7.19228 130.337 
-0.0851086 0.0995195 75798 1 0.0786458 0.971154 35 1 797 -0.0800383 -0.0672065 -0.0438686 -2.46445 7.1694 130.296 
-0.0990377 0.0633737 75879 1 0.0786458 0.971154 36 1 799 -0.0797002 -0.0667886 -0.0445741 -2.42902 7.19206 130.377 
-0.0648629 0.0758157 75958 1 0.0786458 0.971154 37 1 801 -0.0782924 -0.0672452 -0.0453517 -2.40871 7.20481 130.348 
-0.0648629 0.0758157 75958 1 0.0786458 0.971154 38 1 801 -0.0782924 -0.0672452 -0.0453517 -2.40871 7.20481 130.348 
-0.060258 0.0606887 76118 1 0.0786458 0.971154 39 1 805 -0.0764606 -0.0682988 -0.0450803 -2.41343 7.22514 130.413 
-0.128396 -0.0754993 76198 1 0.0786458 0.971154 40 1 807 -0.0758011 -0.0673496 -0.0367711 -2.40827 7.1563 130.793 
-0.185931 -0.137118 76279 1 0.0786458 0.971154 41 1 809 -0.0760315 -0.0708056 -0.0447147 -2.42385 7.23588 130.414 
-0.166156 -0.119653 76359 1 0.0786458 0.971154 42 1 811 -0.0757464 -0.0715659 -0.0467014 -2.40522 7.24424 130.269 
-0.144389 -0.0635088 76439 1 0.0786458 0.971154 43 1 813 -0.0748441 -0.0680525 -0.0423009 -2.34457 7.1854 130.29 
-0.112408 -0.0825271 76519 1 0.0786458 0.971154 44 1 815 -0.0728824 -0.0689133 -0.0434811 -2.33587 7.19778 130.341 
-0.102243 -0.0821945 76599 1 0.0786458 0.971154 45 1 817 -0.0718769 -0.0681919 -0.0433101 -2.32916 7.19674 130.375 
-0.132772 -0.0941953 76683 1 0.0786458 0.971154 46 1 819 -0.0722808 -0.0724168 -0.0416377 -2.37679 7.19301 130.426 
-0.137901 -0.112104 76760 1 0.0760417 0.968269 47 1 821 -0.0715805 -0.0722287 -0.0410897 -2.36956 7.21271 130.501 
-0.198569 -0.0727112 76800 1 -0.0171875 0.901923 48 1 822 -0.0715633 -0.0739363 -0.0390569 -2.39012 7.19298 130.559 
-0.193222 -0.122097 76880 1 -0.293229 0.774038 49 1 824 -0.0718269 -0.0740011 -0.0410523 -2.38237 7.21496 130.575 
-0.169116 -0.158602 76960 1 -0.633333 0.556731 50 1 826 -0.0705884 -0.0743647 -0.0429747 -2.37454 7.22943 130.6 
-0.165908 -0.132107 77040 1 -0.754687 0.470192 51 1 828 -0.0711701 -0.0760089 -0.0429446 -2.38506 7.22273 130.596 
-0.148123 -0.132316 77122 1 -0.754687 0.470192 52 1 830 -0.0703735 -0.0729709 -0.0430106 -2.35132 7.21652 130.61 
-0.187749 -0.097167 77201 1 -0.754687 0.470192 53 1 832 -0.0707611 -0.076169 -0.0434541 -2.39287 7.19683 130.564 
-0.179293 -0.128664 77240 1 -0.754687 0.470192 54 1 833 -0.0696786 -0.0758866 -0.0441936 -2.39249 7.20686 130.639 
-0.176912 -0.116278 77320 1 -0.754167 0.4625 55 1 835 -0.0705452 -0.0754385 -0.0436413 -2.38595 7.18667 130.591 
-0.502876 -0.217442 77401 1 -0.810417 0.361538 56 0 837 -0.0701628 -0.0731472 -0.0357768 -2.36764 7.09984 130.831 
-0.963181 -0.383931 77482 1 -0.889583 0.179808 57 0 839 -0.0685046 -0.0696354 -0.0412183 -2.3037 7.12253 130.603 
-0.949278 -0.568968 77521 1 -0.970313 0.00769231 58 0 840 -0.0688727 -0.072262 -0.0414805 -2.32788 7.10335 130.497 
-1.17022 -0.471693 77601 1 -0.988542 0.00769231 59 0 842 -0.0700932 -0.0764995 -0.0398152 -2.34197 6.96657 129.514 
-1.42439 -0.105249 77682 1 -0.978125 0.00769231 60 0 844 -0.0712234 -0.0841203 -0.034349 -2.35854 6.71356 128.321 
-1.3477 -0.209367 77721 1 -0.936979 0.00769231 61 0 845 -0.0702347 -0.0923676 -0.0293011 -2.42657 6.58863 127.76 
-2.52727 2.31849 77762 1 -0.88125 0.00769231 62 0 846 -0.0687524 -0.0966244 -0.0318892 -2.44509 6.61897 127.962 
-2.52727 2.31849 77762 1 -0.709375 0.00769231 63 0 846 -0.0687524 -0.0966244 -0.0318892 -2.44509 6.61897 127.962 
-3.12501 12.498 77922 1 -0.616667 0.00769231 64 0 850 -0.0698758 -0.104685 -0.045425 -2.50012 6.6999 128.172 
-3.58006 12.4147 77964 1 -0.591146 0.00769231 65 0 851 -0.0748489 -0.107778 -0.0489971 -2.50258 6.6702 127.822 
-1.66531 3.11904 78044 1 -0.585417 0.00769231 66 0 853 -0.0815039 -0.120171 -0.0511062 -2.59684 6.58098 127.492 
-1.66531 3.11904 78044 1 -0.585417 0.00769231 67 0 853 -0.0815039 -0.120171 -0.0511062 -2.59684 6.58098 127.492 
-1.36498 0.71387 78243 1 -0.585417 0.00769231 68 0 858 -0.0758862 -0.115402 -0.0581398 -2.52544 6.42996 127.636 
-1.7147 0.596139 78362 1 -0.583333 0.00769231 69 0 861 -0.0960962 -0.125696 -0.0634089 -2.57982 6.36879 127.286 
-1.7089 0.633035 78402 1 -0.559375 0.00769231 70 0 862 -0.100557 -0.126028 -0.0592728 -2.5656 6.30537 127.24 
-1.7089 0.633035 78402 1 -0.529167 0.00769231 71 0 862 -0.100557 -0.126028 -0.0592728 -2.5656 6.30537 127.24 
-1.48772 0.532523 78564 1 -0.506771 0.00769231 72 0 866 -0.10219 -0.127895 -0.0595449 -2.58537 6.33859 127.761 
-1.3461 0.424763 78644 1 -0.493229 0.00769231 73 0 868 -0.102976 -0.123845 -0.0617258 -2.54947 6.38387 127.985 
-1.29531 0.357669 78684 1 -0.467187 0.00769231 74 0 869 -0.104289 -0.121719 -0.0632919 -2.52669 6.4065 128.007 
-1.1682 0.261558 78724 1 -0.440104 0.00769231 75 0 870 -0.106615 -0.11295 -0.0699971 -2.40828 6.48218 127.841 
-1.21431 0.296011 78763 1 -0.432812 0.00769231 76 0 871 -0.107063 -0.116954 -0.0666885 -2.46059 6.44923 128.019 
-1.11321 0.187588 78964 1 -0.432812 0.00769231 77 0 876 -0.107895 -0.112835 -0.0728031 -2.40709 6.53008 127.876 
-0.140672 0.859708 79045 1 -0.479167 0.00769231 78 1 878 -0.106194 -0.114454 -0.0715788 -2.42707 6.54064 128.007 
-0.140672 0.859708 79045 1 -0.615625 0.00769231 79 1 878 -0.106194 -0.114454 -0.0715788 -2.42707 6.54064 128.007 
-0.140672 0.859708 79045 1 -0.7125 0.00769231 80 1 878 -0.106194 -0.114454 -0.0715788 -2.42707 6.54064 128.007 
0.772995 0.470178 79204 1 -0.761458 0.00769231 81 1 882 -0.105697 -0.120248 -0.0677319 -2.51186 6.48367 127.689 
0.718606 0.346844 79284 1 -0.792188 0.00769231 82 1 884 -0.10707 -0.125503 -0.0668643 -2.5772 6.4722 127.611 
0.749101 0.250912 79365 1 -0.827604 0.00769231 83 1 886 -0.108261 -0.12567 -0.0655935 -2.56896 6.47805 127.696 
0.803135 0.226121 79445 1 -0.834896 0.00769231 84 1 888 -0.107231 -0.124329 -0.066026 -2.54023 6.51054 127.769 
0.824706 0.156239 79525 1 -0.835417 0.00769231 85 1 890 -0.106572 -0.125584 -0.0669399 -2.55113 6.54133 127.786 
0.865631 0.150968 79605 1 -0.845313 0.00769231 86 1 892 -0.106192 -0.124342 -0.0676843 -2.52721 6.57136 127.767 
0.844614 0.117979 79645 1 -0.880208 0.00769231 87 1 893 -0.106909 -0.124724 -0.0672336 -2.53236 6.57627 127.739 
0.828498 0.0761002 79767 1 -0.909375 0.00769231 88 1 896 -0.109325 -0.125808 -0.0643501 -2.53671 6.55928 127.793 
0.831223 0.101519 79846 1 -0.909375 0.00769231 89 1 898 -0.10783 -0.127613 -0.0672527 -2.54579 6.57469 127.618 
0.85416 0.110018 79925 1 -0.909375 0.00769231 90 1 900 -0.107177 -0.125943 -0.0665526 -2.52082 6.55065 127.582 
0.856944 0.118858 79966 1 -0.908854 0.00865385 91 1 901 -0.106961 -0.125999 -0.0666818 -2.52113 6.5491 127.599 
0.876266 0.117872 80046 1 -0.902083 0.0317308 92 1 903 -0.105537 -0.124705 -0.0667645 -2.50951 6.54544 127.609 
0.880167 0.129435 80126 1 -0.883854 0.0769231 93 1 905 -0.105474 -0.125563 -0.069014 -2.53325 6.54849 127.514 
0.877891 0.126344 80207 1 -0.845313 0.0990385 94 1 907 -0.105254 -0.123537 -0.0709491 -2.519 6.56791 127.497 
0.85849 0.0937433 80287 1 -0.822396 0.0942308 95 1 909 -0.10394 -0.129599 -0.0703259 -2.61035 6.56097 127.452 
0.84593 0.108025 80366 1 -0.785417 0.0942308 96 1 911 -0.104097 -0.129353 -0.070561 -2.61397 6.55832 127.467 
0.835086 0.0272213 80447 1 -0.774479 0.0961538 97 1 913 -0.106286 -0.128132 -0.073486 -2.60373 6.56633 127.366 
0.861473 0.0187133 80527 1 -0.770312 0.0932692 98 1 915 -0.106339 -0.126517 -0.0748889 -2.57025 6.57339 127.353 
0.903105 -0.0118706 80567 1 -0.757813 0.0778846 99 1 916 -0.107418 -0.122525 -0.0738822 -2.51114 6.56481 127.48 
1.02558 0.0157919 80647 1 -0.730208 0.0471154 100 1 918 -0.104851 -0.114256 -0.0728104 -2.39162 6.54155 127.693 
1.0864 0.0506908 80727 1 -0.70625 0.0221154 101 1 920 -0.102975 -0.112966 -0.0727509 -2.36474 6.53553 127.789 
1.11524 0.0965239 80849 1 -0.704688 0.0201923 102 1 923 -0.102194 -0.113074 -0.0731399 -2.36805 6.5467 127.92 
0.674418 0.256282 80888 1 -0.704688 0.0221154 103 1 924 -0.101364 -0.111201 -0.0738131 -2.34531 6.55743 127.964 
-0.58555 1.18066 81008 1 -0.708854 0.0836538 104 0 927 -0.0992878 -0.113907 -0.0802492 -2.356 6.63666 128.231 
-0.51588 1.02496 81088 1 -0.710938 0.324038 105 0 929 -0.0982212 -0.107369 -0.083371 -2.27484 6.66103 128.228 
-0.613833 0.87808 81128 1 -0.720313 0.497115 106 0 930 -0.0983588 -0.112535 -0.0813802 -2.33499 6.64552 128.261 
-0.553939 0.834735 81208 1 -0.724479 0.516346 107 0 932 -0.0965773 -0.110198 -0.0833795 -2.30813 6.68187 128.238 
-0.557598 0.858242 81289 1 -0.730729 0.488462 108 0 934 -0.0972162 -0.109427 -0.0827782 -2.29933 6.68452 128.315 
-0.570891 0.814036 81369 1 -0.730729 0.488462 109 0 936 -0.0973481 -0.110777 -0.0830454 -2.30945 6.70765 128.359 
-0.570891 0.814036 81369 1 -0.730729 0.488462 110 0 936 -0.0973481 -0.110777 -0.0830454 -2.30945 6.70765 128.359 
-0.570891 0.814036 81369 1 -0.730729 0.488462 111 0 936 -0.0973481 -0.110777 -0.0830454 -2.30945 6.70765 128.359 
-0.618121 0.796131 81569 1 -0.735417 0.506731 112 0 941 -0.0987617 -0.112789 -0.0841998 -2.32751 6.74219 128.372 
-0.65166 0.829807 81652 1 -0.752604 0.540385 113 0 943 -0.0996058 -0.114003 -0.0827355 -2.34971 6.7265 128.369 
-0.641446 0.804206 81689 1 -0.763542 0.572115 114 0 944 -0.100158 -0.112721 -0.0843702 -2.33247 6.74878 128.362 
-0.641446 0.804206 81689 1 -0.765104 0.574038 115 0 944 -0.100158 -0.112721 -0.0843702 -2.33247 6.74878 128.362 
-0.660184 0.826136 81889 1 -0.765104 0.574038 116 0 949 -0.100628 -0.114407 -0.084276 -2.36644 6.74402 128.393 
-0.662296 0.816547 81930 1 -0.765625 0.574038 117 0 950 -0.101656 -0.114038 -0.0829225 -2.36911 6.72905 128.37 
-0.664438 0.825072 82010 1 -0.765104 0.574038 118 0 952 -0.101886 -0.113388 -0.0825582 -2.36666 6.74161 128.41 
-0.664438 0.825072 82010 1 -0.764062 0.569231 119 0 952 -0.101886 -0.113388 -0.0825582 -2.36666 6.74161 128.41 
-0.697305 0.834984 82051 1 -0.759896 0.560577 120 0 953 -0.103289 -0.11439 -0.0826471 -2.3809 6.74742 128.41 
-0.729292 0.825913 82250 1 -0.758333 0.555769 121 0 958 -0.10442 -0.114069 -0.0829155 -2.38619 6.7589 128.395 
-0.777407 0.861713 82330 1 -0.758333 0.555769 122 0 960 -0.105001 -0.115275 -0.0816625 -2.4106 6.7415 128.384 
-0.777407 0.861713 82330 1 -0.757813 0.555769 123 0 960 -0.105001 -0.115275 -0.0816625 -2.4106 6.7415 128.384 
-0.777407 0.861713 82330 1 -0.740104 0.556731 124 0 960 -0.105001 -0.115275 -0.0816625 -2.4106 6.7415 128.384 
-0.797996 0.81801 82491 1 -0.725 0.556731 125 0 964 -0.106317 -0.114864 -0.0839946 -2.40597 6.75898 128.292 
-0.80591 0.781744 82570 1 -0.725 0.556731 126 0 966 -0.106949 -0.115378 -0.0839402 -2.41241 6.76805 128.3 
-0.821187 0.803476 82651 1 -0.725 0.556731 127 0 968 -0.105996 -0.118537 -0.0815702 -2.44743 6.75986 128.305 
-0.821187 0.803476 82651 1 -0.725 0.556731 128 0 968 -0.105996 -0.118537 -0.0815702 -2.44743 6.75986 128.305 
-0.795412 0.784358 82771 1 -0.725 0.556731 129 0 971 -0.106489 -0.115166 -0.0825353 -2.40172 6.78167 128.358 
-0.778162 0.826512 82852 1 -0.725 0.556731 130 0 973 -0.106529 -0.118884 -0.0815722 -2.43841 6.78096 128.445 
-0.210981 0.924774 82892 1 -0.725 0.556731 131 0 974 -0.106255 -0.122779 -0.0814733 -2.48848 6.7776 128.355 
1.20746 3.48045 82971 1 -0.725 0.556731 132 0 976 -0.104442 -0.122299 -0.0812293 -2.46328 6.77827 128.478 
1.20746 3.48045 82971 1 -0.725 0.556731 133 0 976 -0.104442 -0.122299 -0.0812293 -2.46328 6.77827 128.478 
0.908987 1.0501 83132 1 -0.725 0.556731 134 1 980 -0.106015 -0.126155 -0.0793735 -2.52143 6.7508 128.397 
1.01626 0.872755 83212 1 -0.725 0.556731 135 1 982 -0.108023 -0.121513 -0.0810783 -2.47966 6.77618 128.463 
0.981812 0.847531 83293 1 -0.725 0.556731 136 1 984 -0.109584 -0.121008 -0.0800071 -2.48959 6.77796 128.392 
0.961907 0.82894 83332 1 -0.725 0.556731 137 1 985 -0.109986 -0.121476 -0.0805341 -2.50692 6.79819 128.454 
0.961907 0.82894 83332 1 -0.725 0.556731 138 1 985 -0.109986 -0.121476 -0.0805341 -2.50692 6.79819 128.454 
0.921207 0.846409 83493 1 -0.725 0.556731 139 1 989 -0.111694 -0.121984 -0.0780959 -2.54876 6.78552 128.553 
0.95439 0.893689 83573 1 -0.725 0.556731 140 1 991 -0.114237 -0.11695 -0.0765945 -2.51138 6.7679 128.643 
0.970116 0.911201 83613 1 -0.725 0.556731 141 1 992 -0.114673 -0.11497 -0.076526 -2.48473 6.7659 128.633 
0.910485 0.888164 83693 1 -0.725 0.556731 142 1 994 -0.114387 -0.120876 -0.0741275 -2.56517 6.73313 128.645 
0.917329 0.904812 83773 1 -0.725 0.556731 143 1 996 -0.11433 -0.118972 -0.0741856 -2.53623 6.74354 128.678 
0.892735 0.920727 83853 1 -0.725 0.556731 144 1 998 -0.114974 -0.122434 -0.0737539 -2.57553 6.72792 128.627 
0.889597 0.909388 83934 1 -0.725 0.556731 145 1 1000 -0.113937 -0.123964 -0.0749642 -2.58562 6.75502 128.648 
0.903396 0.849925 84014 1 -0.725 0.556731 146 1 1002 -0.11547 -0.121014 -0.0751069 -2.56024 6.73413 128.585 
0.907371 0.877057 84053 1 -0.725 0.556731 147 1 1003 -0.115216 -0.120321 -0.0749806 -2.54706 6.74039 128.587 
0.907303 0.869399 84133 1 -0.725 0.556731 148 1 1005 -0.115286 -0.122005 -0.074452 -2.57765 6.71837 128.582 
0.921199 0.84215 84214 1 -0.725 0.556731 149 1 1007 -0.116288 -0.120055 -0.0781828 -2.55817 6.77167 128.623 
0.886462 0.850908 84254 1 -0.725 0.556731 150 1 1008 -0.116841 -0.120681 -0.0777974 -2.56726 6.77518 128.61 
0.874062 0.863532 84335 1 -0.725 0.556731 151 1 1010 -0.117332 -0.120531 -0.0779999 -2.57033 6.77269 128.613 
0.872073 0.855931 84415 1 -0.725 0.556731 152 1 1012 -0.117186 -0.12047 -0.0779361 -2.57113 6.77353 128.598 
0.867485 0.858237 84494 1 -0.725 0.556731 153 1 1014 -0.117337 -0.120389 -0.0779831 -2.57222 6.77303 128.6 
0.898055 0.869431 84575 1 -0.725 0.556731 154 1 1016 -0.11772 -0.119808 -0.0786536 -2.57038 6.79706 128.622 
0.878293 0.80487 84656 1 -0.725 0.556731 155 1 1018 -0.118994 -0.11893 -0.0806769 -2.56943 6.79715 128.533 
0.871576 0.812435 84695 1 -0.725 0.556731 156 1 1019 -0.119688 -0.119072 -0.0801975 -2.56765 6.80128 128.526 
0.875041 0.854053 84775 1 -0.725 0.556731 157 1 1021 -0.119694 -0.118623 -0.0785522 -2.56985 6.77687 128.568 
0.729188 0.82064 84855 1 -0.725 0.556731 158 1 1023 -0.119253 -0.124448 -0.0812005 -2.63847 6.80644 128.461 
0.203671 0.62036 84895 1 -0.725 0.556731 159 1 1024 -0.120847 -0.11802 -0.0785098 -2.56884 6.78324 128.612 
0.0276781 0.537619 84975 1 -0.725 0.556731 160 1 1026 -0.121502 -0.12364 -0.0798782 -2.64082 6.77412 128.452 
0.0275008 0.504451 85056 1 -0.725 0.556731 161 1 1028 -0.121015 -0.123546 -0.079512 -2.64228 6.77925 128.389 
0.0672628 0.542466 85096 1 -0.725 0.556731 162 1 1029 -0.121737 -0.123348 -0.0799136 -2.63911 6.78671 128.43 
-0.0156669 0.381298 85216 1 -0.725 0.556731 163 1 1032 -0.121266 -0.121681 -0.0768465 -2.61792 6.76635 128.524 
-0.0462382 0.407677 85255 1 -0.725 0.556731 164 1 1033 -0.120743 -0.122429 -0.0756987 -2.62951 6.74662 128.528 
-0.00288298 0.434107 85339 1 -0.725 0.556731 165 1 1035 -0.121555 -0.120176 -0.0763704 -2.59169 6.74623 128.576 
-0.0358992 0.437137 85416 1 -0.725 0.556731 166 1 1037 -0.121632 -0.122259 -0.0757854 -2.61512 6.74363 128.547 
-0.0484697 0.442606 85457 1 -0.725 0.556731 167 1 1038 -0.121639 -0.123142 -0.0746641 -2.62838 6.7215 128.51 
0.0128409 0.445211 85537 1 -0.725 0.556731 168 1 1040 -0.121219 -0.119833 -0.0766887 -2.57836 6.74812 128.601 
0.00286716 0.46236 85616 1 -0.725 0.556731 169 1 1042 -0.119732 -0.12134 -0.077444 -2.59427 6.75303 128.572 
0.0206774 0.462359 85697 1 -0.725 0.556731 170 1 1044 -0.119982 -0.120109 -0.076873 -2.57403 6.75443 128.572 
0.00921978 0.478266 85738 1 -0.725 0.556731 171 1 1045 -0.119779 -0.120684 -0.0752758 -2.58104 6.74272 128.587 
-0.0316843 0.477198 85817 1 -0.725 0.556731 172 1 1047 -0.121137 -0.121195 -0.0738073 -2.59178 6.72194 128.479 
-0.0389844 0.430929 85898 1 -0.725 0.556731 173 1 1049 -0.120786 -0.122681 -0.0740036 -2.60482 6.7341 128.413 
-0.0117732 0.463595 85977 1 -0.725 0.556731 174 1 1051 -0.12116 -0.122547 -0.0725142 -2.60326 6.71179 128.41 
-0.0125418 0.464551 86017 1 -0.725 0.556731 175 1 1052 -0.121199 -0.121001 -0.0718054 -2.58578 6.7064 128.415 
-0.0075469 0.434478 86098 1 -0.725 0.556731 176 1 1054 -0.119827 -0.12091 -0.0715357 -2.58727 6.71071 128.355 
-0.000962053 0.406156 86178 1 -0.725 0.556731 177 1 1056 -0.118626 -0.120889 -0.0712635 -2.5881 6.71496 128.303 
0.0285776 0.412636 86259 1 -0.725 0.556731 178 1 1058 -0.118121 -0.119921 -0.0715009 -2.57414 6.73015 128.339 
0.0146029 0.383581 86338 1 -0.725 0.556731 179 1 1060 -0.115798 -0.123299 -0.0732064 -2.61472 6.74705 128.091 
0.0215199 0.359439 86418 1 -0.725 0.556731 180 1 1062 -0.115257 -0.123391 -0.0729591 -2.61419 6.75063 128.043 
0.0179255 0.369788 86459 1 -0.725 0.556731 181 1 1063 -0.115485 -0.123367 -0.0730758 -2.61464 6.74926 128.059 
0.0179255 0.369788 86459 1 -0.725 0.556731 182 1 1063 -0.115485 -0.123367 -0.0730758 -2.61464 6.74926 128.059 
-0.0111384 0.372549 86660 1 -0.725 0.556731 183 1 1068 -0.116261 -0.124581 -0.0777526 -2.63519 6.76394 127.946 
-0.0216022 0.363825 86739 1 -0.725 0.556731 184 1 1070 -0.116403 -0.125596 -0.0789655 -2.64701 6.78057 128.033 
0.106032 0.648948 86819 1 -0.725 0.556731 185 1 1072 -0.114597 -0.12156 -0.0801923 -2.59671 6.76008 128.088 
0.133307 0.661866 86859 1 -0.725 0.556731 186 1 1073 -0.114031 -0.121471 -0.0811487 -2.59619 6.7686 128.151 
0.167465 0.679017 86939 1 -0.725 0.556731 187 1 1075 -0.112532 -0.11958 -0.0819722 -2.58856 6.7673 128.165 
-0.0407043 0.169802 87020 1 -0.725 0.556731 188 1 1077 -0.114541 -0.12032 -0.0822585 -2.60803 6.75497 128.157 
-0.108001 0.0887231 87099 1 -0.725 0.556731 189 1 1079 -0.116083 -0.119887 -0.0832339 -2.60699 6.75272 128.138 
-0.142983 -0.0126916 87139 1 -0.725 0.556731 190 1 1080 -0.116846 -0.122862 -0.0868437 -2.64067 6.78254 127.955 
-0.191049 -0.0378601 87220 1 -0.725 0.556731 191 1 1082 -0.118165 -0.122082 -0.0874844 -2.63153 6.77759 127.896 
-0.309089 -0.0457783 87300 1 -0.725 0.556731 192 0 1084 -0.119749 -0.121592 -0.0855791 -2.61603 6.76048 128.004 
-0.305661 -0.00716142 87381 1 -0.725 0.556731 193 0 1086 -0.118479 -0.120077 -0.0840266 -2.59502 6.73222 127.994 
-0.114756 0.00139381 87421 1 -0.725 0.556731 194 1 1087 -0.118571 -0.116962 -0.0837625 -2.55022 6.73381 128.115 
0.146578 -0.0201961 87500 1 -0.725 0.556731 195 1 1089 -0.117223 -0.118911 -0.0816611 -2.56599 6.71849 128.131 
0.189248 -0.0562165 87581 1 -0.725 0.556731 196 1 1091 -0.11732 -0.117773 -0.0827758 -2.54472 6.74634 128.175 
0.186897 -0.0750746 87620 1 -0.725 0.556731 197 1 1092 -0.116666 -0.118219 -0.0831575 -2.54808 6.75453 128.17 
0.230044 -0.283539 87701 1 -0.725 0.556731 198 0 1094 -0.116707 -0.118726 -0.0823614 -2.55376 6.73981 128.075 
0.240447 -0.353094 87782 1 -0.725 0.556731 199 0 1096 -0.117728 -0.117487 -0.0831484 -2.53045 6.77193 128.143 
0.244387 -0.375599 87821 1 -0.725 0.556731 200 0 1097 -0.118018 -0.116685 -0.0836101 -2.51481 6.78021 128.13 
0.285187 -0.454721 87901 1 -0.725 0.556731 201 0 1099 -0.117252 -0.115983 -0.0815304 -2.4934 6.76513 128.139 
0.279651 -0.416026 87981 1 -0.725 0.556731 202 0 1101 -0.116454 -0.116423 -0.0819061 -2.49641 6.77328 128.168 
0.229438 -0.0176276 88021 1 -0.725 0.556731 203 1 1102 -0.116002 -0.115145 -0.0829562 -2.47412 6.79367 128.174 
0.287234 0.883692 88102 1 -0.725 0.556731 204 1 1104 -0.11201 -0.117681 -0.0875938 -2.49484 6.87371 128.225 
0.293562 0.858774 88182 1 -0.725 0.556731 205 1 1106 -0.111688 -0.117748 -0.0872537 -2.49376 6.87806 128.195 
0.394363 0.882997 88262 1 -0.725 0.556731 206 1 1108 -0.112865 -0.113146 -0.0888641 -2.43429 6.91552 128.348 
0.431188 0.90638 88301 1 -0.725 0.556731 207 1 1109 -0.113096 -0.111387 -0.0892105 -2.41006 6.91787 128.315 
0.41479 0.863346 88382 1 -0.725 0.556731 208 1 1111 -0.113323 -0.112916 -0.0884764 -2.42002 6.92402 128.373 
0.338833 0.075922 88462 1 -0.725 0.556731 209 1 1113 -0.114158 -0.117354 -0.0846895 -2.47838 6.88832 128.244 
0.311054 0.0311438 88502 1 -0.725 0.556731 210 1 1114 -0.114417 -0.119391 -0.0825715 -2.50355 6.87036 128.233 
0.26989 0.00589738 88583 1 -0.725 0.556731 211 1 1116 -0.114553 -0.122987 -0.0827765 -2.54759 6.894 128.25 
0.246146 -0.0231762 88703 1 -0.725 0.556731 212 1 1119 -0.116825 -0.122862 -0.0810534 -2.5431 6.90402 128.273 
0.22397 -0.0686596 88742 1 -0.725 0.556731 213 1 1120 -0.11693 -0.123124 -0.0801064 -2.54815 6.90169 128.288 
0.214082 -0.3265 88823 1 -0.725 0.556731 214 0 1122 -0.117163 -0.123166 -0.0793983 -2.55673 6.89503 128.254 
0.201864 -0.351468 88863 1 -0.725 0.556731 215 0 1123 -0.117141 -0.123055 -0.0795684 -2.55866 6.89331 128.261 
0.203554 -0.349562 88944 1 -0.725 0.556731 216 0 1125 -0.117338 -0.123111 -0.0796152 -2.55802 6.89272 128.267 
0.194045 -0.412342 89023 1 -0.725 0.556731 217 0 1127 -0.118524 -0.123063 -0.0800138 -2.55944 6.88791 128.271 
0.207752 -0.469244 89103 1 -0.725 0.556731 218 0 1129 -0.117908 -0.123901 -0.0807463 -2.56317 6.89324 128.182 
0.212786 -0.461125 89144 1 -0.725 0.556731 219 0 1130 -0.117413 -0.12634 -0.0821943 -2.59429 6.91379 128.189 
0.221601 -0.451613 89264 1 -0.725 0.556731 220 0 1133 -0.118336 -0.123225 -0.079954 -2.55702 6.88862 128.176 
0.210282 -0.483545 89304 1 -0.725 0.556731 221 0 1134 -0.117643 -0.12695 -0.0813482 -2.59927 6.91285 128.181 
-0.31929 -0.478448 89383 1 -0.725 0.556731 222 0 1136 -0.11829 -0.12595 -0.0808508 -2.58854 6.92345 128.255 
-0.326485 -0.499469 89464 1 -0.725 0.556731 223 0 1138 -0.118233 -0.124629 -0.0798082 -2.56935 6.92508 128.286 
-0.326485 -0.499469 89464 1 -0.725 0.556731 224 0 1138 -0.118233 -0.124629 -0.0798082 -2.56935 6.92508 128.286 
-0.316617 -0.513916 89584 1 -0.725 0.556731 225 0 1141 -0.116819 -0.125064 -0.0834667 -2.55887 6.98881 128.306 
-0.20694 0.155789 89665 1 -0.725 0.556731 226 0 1143 -0.11702 -0.119084 -0.0796858 -2.4906 6.96086 128.566 
-0.192941 0.159359 89705 1 -0.725 0.556731 227 1 1144 -0.116701 -0.119669 -0.0786426 -2.49041 6.95451 128.597 
-0.183819 0.189623 89785 1 -0.725 0.556731 228 1 1146 -0.115733 -0.120982 -0.0784752 -2.50652 6.95339 128.628 
-0.125495 0.53899 89825 1 -0.725 0.556731 229 1 1147 -0.114709 -0.118065 -0.079808 -2.47478 6.96146 128.672 
-0.0350484 0.762648 89946 1 -0.725 0.556731 230 1 1150 -0.111872 -0.115855 -0.0794472 -2.45176 6.95005 128.778 
-0.0190625 0.753789 90025 1 -0.725 0.556731 231 1 1152 -0.111904 -0.116168 -0.0809074 -2.45798 6.97227 128.857 
-0.0134536 0.764047 90066 1 -0.725 0.556731 232 1 1153 -0.11202 -0.114953 -0.0803984 -2.45261 6.96506 128.828 
-0.038275 0.744073 90107 1 -0.725 0.556731 233 1 1154 -0.112823 -0.115212 -0.08151 -2.45942 6.97885 128.855 
-0.142256 0.724071 90225 1 -0.725 0.556731 234 1 1157 -0.114231 -0.114089 -0.0804737 -2.46499 6.96286 128.821 
-0.1819 0.562053 90306 1 -0.725 0.556731 235 1 1159 -0.116509 -0.112846 -0.0807447 -2.45391 6.9685 128.867 
-0.296592 -0.259167 90386 1 -0.725 0.556731 236 0 1161 -0.117785 -0.118056 -0.0799428 -2.52405 6.94629 128.78 
-0.324833 -0.278362 90426 1 -0.725 0.556731 237 0 1162 -0.118288 -0.11843 -0.0796527 -2.53603 6.9417 128.827 
-0.373431 -0.280051 90546 1 -0.725 0.556731 238 0 1165 -0.123566 -0.116578 -0.075735 -2.53062 6.91338 129.077 
-0.377494 -0.303429 90586 1 -0.725 0.556731 239 0 1166 -0.123971 -0.117772 -0.0755302 -2.55118 6.9206 129.124 
-0.362105 -0.399003 90666 1 -0.725 0.556731 240 0 1168 -0.125501 -0.115612 -0.0752294 -2.53092 6.92229 129.142 
-0.341477 -0.428885 90747 1 -0.725 0.556731 241 0 1170 -0.125252 -0.11348 -0.0768132 -2.50024 6.9492 129.08 
-0.341477 -0.428885 90747 1 -0.725 0.556731 242 0 1170 -0.125252 -0.11348 -0.0768132 -2.50024 6.9492 129.08 
-0.345256 -0.439722 90906 1 -0.725 0.556731 243 0 1174 -0.125878 -0.114363 -0.0783887 -2.49084 6.972 128.978 
-0.299808 -0.369232 90987 1 -0.725 0.556731 244 0 1176 -0.124303 -0.117123 -0.0790575 -2.50929 6.97867 129.016 
0.379573 -4.70709e-005 91027 1 -0.725 0.556731 245 1 1177 -0.123358 -0.117368 -0.0791404 -2.50716 6.97786 129 
0.75551 0.140132 91067 1 -0.725 0.556731 246 1 1178 -0.123416 -0.118497 -0.0789795 -2.52006 6.97305 128.979 
0.761029 0.135996 91148 1 -0.725 0.556731 247 1 1180 -0.123486 -0.118453 -0.0790166 -2.52063 6.97263 128.972 
0.887282 0.19343 91228 1 -0.725 0.556731 248 1 1182 -0.122925 -0.116977 -0.0772395 -2.5136 6.9617 128.957 
0.877139 0.183204 91307 1 -0.725 0.556731 249 1 1184 -0.122774 -0.116589 -0.0775499 -2.52004 6.97115 128.947 
0.642732 0.470668 91388 1 -0.725 0.556731 250 1 1186 -0.123571 -0.120245 -0.0792018 -2.56911 7.01122 128.992 
0.642732 0.470668 91388 1 -0.725 0.556731 251 1 1186 -0.123571 -0.120245 -0.0792018 -2.56911 7.01122 128.992 
0.614824 0.497429 91548 1 -0.725 0.556731 252 1 1190 -0.12462 -0.121885 -0.0790851 -2.59603 7.04183 128.991 
0.582075 0.458078 91589 1 -0.725 0.556731 253 1 1191 -0.125176 -0.123071 -0.0772533 -2.61052 7.03129 129.052 
0.598396 0.462978 91668 1 -0.725 0.556731 254 1 1193 -0.124598 -0.120155 -0.077371 -2.57191 7.0446 129.047 
0.533759 0.268603 91708 1 -0.725 0.556731 255 1 1194 -0.124429 -0.119708 -0.0753354 -2.56425 7.03173 129.058 
0.533759 0.268603 91708 1 -0.725 0.556731 256 1 1194 -0.124429 -0.119708 -0.0753354 -2.56425 7.03173 129.058 
0.758033 0.0953876 91909 1 -0.725 0.556731 257 1 1199 -0.124769 -0.120782 -0.0714704 -2.5646 7.04332 129.225 
0.759031 0.0924596 91949 1 -0.725 0.556731 258 1 1200 -0.124765 -0.120795 -0.0714451 -2.56446 7.04367 129.221 
0.786094 0.0329774 92029 1 -0.725 0.556731 259 1 1202 -0.124795 -0.12059 -0.0700093 -2.55978 7.03591 129.285 
0.800578 0.0101668 92109 1 -0.725 0.556731 260 1 1204 -0.125464 -0.118458 -0.0692365 -2.52732 7.02479 129.255 
0.74001 -0.00523077 92189 1 -0.725 0.556731 261 1 1206 -0.124684 -0.119265 -0.069792 -2.52675 7.04302 129.295 
0.109363 -0.0918522 92270 1 -0.725 0.556731 262 1 1208 -0.125114 -0.120781 -0.0681153 -2.53996 7.01704 129.324 
0.103754 -0.0883097 92310 1 -0.725 0.556731 263 1 1209 -0.124585 -0.121799 -0.0676814 -2.55259 7.00447 129.287 
0.141812 -0.131242 92431 1 -0.725 0.556731 264 1 1212 -0.123376 -0.12183 -0.070073 -2.54383 7.07208 129.354 
0.211373 -0.0249916 92510 1 -0.725 0.556731 265 1 1214 -0.122116 -0.118248 -0.0684556 -2.49371 7.0805 129.458 
0.172444 0.00973508 92590 1 -0.725 0.556731 266 1 1216 -0.12304 -0.121919 -0.0671216 -2.53972 7.08263 129.464 
0.175657 -0.0122427 92671 1 -0.725 0.556731 267 1 1218 -0.122956 -0.125915 -0.0729869 -2.58108 7.16665 129.359 
-0.0237329 0.638479 92711 1 -0.725 0.556731 268 1 1219 -0.122889 -0.123976 -0.0716555 -2.56061 7.17443 129.583 
0.488784 2.24643 92790 1 -0.725 0.556731 269 0 1221 -0.122233 -0.124234 -0.0788562 -2.56012 7.27004 129.662 
-0.43467 0.525668 92871 1 -0.725 0.556731 270 0 1223 -0.120038 -0.122426 -0.069016 -2.54722 7.13363 129.585 
-0.405771 0.306231 92911 1 -0.725 0.556731 271 0 1224 -0.12001 -0.123768 -0.0688118 -2.57124 7.1252 129.618 
-0.422956 0.0830817 92991 1 -0.725 0.556731 272 0 1226 -0.12042 -0.121761 -0.0687977 -2.5575 7.11016 129.627 
-0.306 -0.0600675 93071 1 -0.725 0.556731 273 0 1228 -0.121741 -0.120504 -0.0695714 -2.55282 7.1272 129.63 
-0.316946 -0.112436 93112 1 -0.725 0.556731 274 0 1229 -0.123058 -0.118337 -0.0682903 -2.54049 7.10918 129.638 
-0.316946 -0.112436 93112 1 -0.725 0.556731 275 0 1229 -0.123058 -0.118337 -0.0682903 -2.54049 7.10918 129.638 
-0.436684 -0.412128 93271 1 -0.725 0.556731 276 0 1233 -0.125165 -0.121133 -0.0694708 -2.60031 7.13488 129.563 
-0.377848 -0.464151 93352 1 -0.725 0.556731 277 0 1235 -0.126346 -0.11682 -0.0673547 -2.58112 7.12369 129.559 
-0.363489 -0.465602 93392 1 -0.729167 0.556731 278 0 1236 -0.127356 -0.114907 -0.0676052 -2.56749 7.13285 129.54 
-0.358479 -0.460461 93432 1 -0.733854 0.557692 279 0 1237 -0.128528 -0.113415 -0.0670766 -2.55565 7.1265 129.504 
-0.383612 0.287122 93552 1 -0.734375 0.557692 280 0 1240 -0.130623 -0.10818 -0.0699805 -2.49948 7.15815 129.609 
-0.376134 0.374409 93633 1 -0.718229 0.5625 281 0 1242 -0.129718 -0.113331 -0.0723299 -2.57886 7.17584 129.514 
-0.488885 0.424745 93712 1 -0.700521 0.5625 282 0 1244 -0.136425 -0.116841 -0.0673214 -2.63608 7.08719 128.775 
-0.561474 0.388461 93752 1 -0.683854 0.5625 283 0 1245 -0.137372 -0.120007 -0.069448 -2.67744 7.08858 128.332 
-0.524168 0.472978 93833 1 -0.672396 0.5625 284 0 1247 -0.138971 -0.120604 -0.0718806 -2.6952 7.1029 128.281 
-0.486049 0.412404 93914 1 -0.669792 0.560577 285 0 1249 -0.136738 -0.116298 -0.076803 -2.65509 7.14892 128.778 
-0.415827 0.267288 93993 1 -0.669792 0.560577 286 0 1251 -0.135468 -0.111584 -0.0860505 -2.5753 7.24608 128.525 
-0.570555 -0.0910188 94073 1 -0.669792 0.560577 287 0 1253 -0.132375 -0.11239 -0.0819549 -2.57816 7.20855 128.697 
-0.570555 -0.0910188 94073 1 -0.669271 0.560577 288 0 1253 -0.132375 -0.11239 -0.0819549 -2.57816 7.20855 128.697 
-0.522018 -0.0317773 94234 1 -0.669271 0.560577 289 0 1257 -0.131099 -0.108821 -0.0781721 -2.49908 7.17837 128.801 
-0.53008 -0.0138001 94313 1 -0.669271 0.560577 290 0 1259 -0.130616 -0.109583 -0.0779998 -2.49495 7.17762 128.828 
-0.580475 -0.00399262 94353 1 -0.669271 0.560577 291 0 1260 -0.130834 -0.111358 -0.0766226 -2.50377 7.16492 128.802 
-0.595466 -0.00840219 94394 1 -0.669271 0.560577 292 0 1261 -0.131265 -0.111389 -0.0759242 -2.49807 7.14895 128.745 
-0.595466 -0.00840219 94394 1 -0.669271 0.560577 293 0 1261 -0.131265 -0.111389 -0.0759242 -2.49807 7.14895 128.745 
-0.544455 -0.0749445 94594 1 -0.669271 0.560577 294 0 1266 -0.131615 -0.111254 -0.0800067 -2.46269 7.15528 128.435 
-0.530912 -0.0853591 94675 1 -0.671875 0.550962 295 0 1268 -0.132876 -0.111892 -0.0813975 -2.44347 7.1494 127.926 
-0.513474 -0.0653693 94714 1 -0.673438 0.545192 296 0 1269 -0.133627 -0.110457 -0.0818538 -2.42217 7.14108 127.789 
-0.513474 -0.0653693 94714 1 -0.673438 0.545192 297 0 1269 -0.133627 -0.110457 -0.0818538 -2.42217 7.14108 127.789 
-0.487928 -0.128271 94875 1 -0.673438 0.545192 298 0 1273 -0.133134 -0.109719 -0.0860686 -2.3799 7.17549 127.161 
-0.432965 -0.180046 94955 1 -0.66875 0.552885 299 0 1275 -0.132429 -0.105945 -0.0907323 -2.32936 7.22884 127.046 
-0.431563 -0.168612 94995 1 -0.600521 0.558654 300 0 1276 -0.130385 -0.105182 -0.0913333 -2.32712 7.22877 126.938 
-0.453121 -0.194917 95035 1 -0.383333 0.581731 301 0 1277 -0.131136 -0.10576 -0.0914122 -2.33998 7.22876 126.848 
-0.513899 -0.200979 95155 1 0.0208333 0.552885 302 0 1280 -0.129405 -0.108439 -0.0905875 -2.42514 7.23251 126.67 
-0.538559 -0.16595 95236 1 0.313542 0.296154 303 0 1282 -0.130878 -0.10777 -0.0925169 -2.45029 7.27985 126.85 
-0.499782 -0.0636196 95275 1 0.440104 0.0115385 304 0 1283 -0.13578 -0.101776 -0.0912359 -2.39113 7.28242 127.203 
-0.4923 -0.0594555 95356 1 0.513021 0 305 0 1285 -0.137852 -0.103007 -0.0902414 -2.44262 7.29046 127.774 
-0.4923 -0.0594555 95356 1 0.545833 0 306 0 1285 -0.137852 -0.103007 -0.0902414 -2.44262 7.29046 127.774 
-0.534428 -0.134657 95516 1 0.56875 0 307 0 1289 -0.144122 -0.10264 -0.0880559 -2.45224 7.24803 127.202 
-0.401958 -0.729573 95596 1 0.575521 0.00865385 308 0 1291 -0.144916 -0.105306 -0.083346 -2.48923 7.18316 126.914 
-0.431883 -0.761108 95636 1 0.570313 0.0192308 309 0 1292 -0.146128 -0.103795 -0.0829604 -2.47205 7.17974 126.954 
-0.445316 -0.787318 95676 1 0.551562 0.0355769 310 0 1293 -0.145379 -0.105452 -0.0842978 -2.49518 7.1992 126.931 
-0.447553 -0.699805 95797 1 0.517708 0.0384615 311 0 1296 -0.144802 -0.104478 -0.0772324 -2.5101 7.13452 127.046 
-0.0501268 -0.64633 95876 1 0.500521 0.0413462 312 0 1298 -0.144201 -0.108767 -0.0760011 -2.56048 7.12788 126.969 
-0.0223093 -0.679793 95916 1 0.49375 0.0538462 313 0 1299 -0.14363 -0.109671 -0.0742158 -2.58105 7.11038 126.953 
-0.0294055 -0.690184 95997 1 0.494271 0.0605769 314 0 1301 -0.143795 -0.111778 -0.0712168 -2.62183 7.08082 126.885 
-0.0294055 -0.690184 95997 1 0.494271 0.0634615 315 0 1301 -0.143795 -0.111778 -0.0712168 -2.62183 7.08082 126.885 
-0.0544754 -0.904614 96158 1 0.492708 0.0625 316 0 1305 -0.143507 -0.110258 -0.0690267 -2.61677 7.0694 126.768 
-0.0514959 -0.877478 96237 1 0.376563 0.0298077 317 0 1307 -0.14505 -0.108971 -0.0667307 -2.59988 7.03505 126.79 
-0.0587647 -0.840645 96317 1 0.222917 0.0230769 318 0 1309 -0.145553 -0.108446 -0.0649311 -2.59457 7.00342 126.691 
-0.0635149 -0.862558 96398 1 0.186979 0.0211538 319 0 1311 -0.144824 -0.110467 -0.0602793 -2.63883 6.9439 126.792 
-0.041962 -0.87531 96478 1 0.186979 0.0211538 320 0 1313 -0.14554 -0.108732 -0.0607463 -2.61827 6.96331 127.019 
-0.372967 -0.626014 96558 1 0.184375 0.0201923 321 0 1315 -0.14437 -0.107613 -0.0624383 -2.61642 6.99727 127.221 
-2.32615 2.22771 96598 1 0.138542 0.0182692 322 0 1316 -0.14437 -0.107613 -0.0624383 -2.61642 6.99727 127.221 
-2.32615 2.22771 96598 1 0.125 0.0173077 323 0 1316 -0.14437 -0.107613 -0.0624383 -2.61642 6.99727 127.221 
-3.41079 2.28807 96638 1 0.124479 0.0173077 324 0 1317 -0.143742 -0.105362 -0.0692015 -2.62006 7.11788 128.355 
-3.41079 2.28807 96638 1 0.124479 0.0173077 325 0 1317 -0.143742 -0.105362 -0.0692015 -2.62006 7.11788 128.355 
-0.420083 -0.619695 96799 1 0.122917 0.0173077 326 0 1321 -0.126043 -0.0944442 -0.0726344 -2.29063 7.03448 126.937 
-0.420083 -0.619695 96799 1 0.121875 0.0163462 327 0 1321 -0.126043 -0.0944442 -0.0726344 -2.29063 7.03448 126.937 
-1.14409 -1.22714 97079 1 0.121875 0.0163462 328 0 1328 -0.141681 -0.11105 -0.0638476 -2.56968 6.97735 127.217 
-1.14409 -1.22714 97079 1 0.124479 0.0307692 329 0 1328 -0.141681 -0.11105 -0.0638476 -2.56968 6.97735 127.217 
-1.13342 -1.38026 97160 1 0.147396 0.140385 330 0 1330 -0.142681 -0.112935 -0.0663273 -2.59025 7.02224 127.327 
0.419877 -1.50267 97279 1 0.155729 0.248077 331 0 1333 -0.142852 -0.112199 -0.0661828 -2.59519 7.03918 127.881 
-1.20532 -1.20037 97440 1 0.173958 0.294231 332 0 1337 -0.14167 -0.111945 -0.0685174 -2.61554 7.10624 128.219 
-1.20532 -1.20037 97440 1 0.203125 0.295192 333 0 1337 -0.14167 -0.111945 -0.0685174 -2.61554 7.10624 128.219 
-1.15623 -0.874073 97520 1 0.2375 0.296154 334 0 1339 -0.142484 -0.111586 -0.0687958 -2.62071 7.11138 128.24 
-1.19267 -1.2197 97599 1 0.277604 0.297115 335 0 1341 -0.143805 -0.111297 -0.0689513 -2.62368 7.11629 128.195 
-1.19267 -1.2197 97599 1 0.288542 0.294231 336 0 1341 -0.143805 -0.111297 -0.0689513 -2.62368 7.11629 128.195 
-0.500116 -0.990646 97680 1 0.291146 0.292308 337 0 1343 -0.12969 -0.103449 -0.0788319 -2.35676 7.14234 127.292 
