ImageFile:
0.585685 0.628004 76142 1 0.163021 0.216346 1 1 799 -0.00120355 -0.0669047 -0.0100126 -1.29805 5.59603 178.32 
0.590245 0.675837 76503 1 0.149479 0.414423 2 1 808 -0.00296569 -0.0627411 -0.00929942 -1.28665 5.56307 178.352 
0.567669 0.709957 76543 1 0.146875 0.742308 3 1 809 -0.0037365 -0.062693 -0.00731548 -1.29037 5.53687 178.553 
0.553722 0.740664 76623 1 0.140625 0.846154 4 1 811 -0.00537313 -0.0636877 -0.00674897 -1.28296 5.52289 178.505 
0.475905 0.810813 76703 1 0.135937 0.8625 5 1 813 -0.00549396 -0.066782 -0.00710403 -1.3245 5.53407 178.479 
0.551193 0.779341 76784 1 0.133333 0.8625 6 1 815 -0.00517455 -0.0643381 -0.00858643 -1.29756 5.54857 178.528 
0.535919 0.788915 76865 1 0.124479 0.868269 7 1 817 -0.00516984 -0.0645119 -0.00898616 -1.29993 5.54776 178.368 
0.485382 0.794784 76904 1 0.113021 0.909615 8 1 818 -0.0058561 -0.0674179 -0.00883026 -1.32699 5.55016 178.175 
0.467862 0.8666 77025 1 0.10625 0.956731 9 1 821 -0.00533001 -0.0685915 -0.00921669 -1.35482 5.55583 178.061 
0.48134 0.830992 77104 1 0.0911458 0.973077 10 1 823 -0.00361845 -0.0694024 -0.00858135 -1.36046 5.5457 177.957 
0.48134 0.830992 77144 1 0.0875 0.972115 11 1 824 -0.00361845 -0.0694024 -0.00858135 -1.36046 5.5457 177.957 
0.21912 2.69055 77265 1 0.0822917 0.972115 12 0 827 -0.00361845 -0.0694024 -0.00858135 -1.36046 5.5457 177.957 
-1.32843 15.6372 77304 1 0.0807292 0.972115 13 0 828 -0.00412473 -0.0702995 -0.00869958 -1.37246 5.53772 177.557 
0.233628 1.6898 77385 1 0.0807292 0.972115 14 0 830 -0.00680544 -0.0726332 -0.0061356 -1.38282 5.50817 177.587 
0.433364 1.0676 77464 1 0.0791667 0.972115 15 1 832 -0.00498199 -0.0695062 -0.00769197 -1.31813 5.55283 178.019 
0.432851 0.937922 77504 1 0.0765625 0.972115 16 1 833 -0.00476385 -0.0690799 -0.00963151 -1.3018 5.57754 178.025 
0.488972 0.95527 77585 1 0.0765625 0.972115 17 1 835 -0.002655 -0.0718048 -0.00792766 -1.31638 5.54916 177.631 
0.433432 0.849357 77665 1 0.0765625 0.972115 18 1 837 -0.00379201 -0.072263 -0.00955639 -1.31523 5.57939 177.708 
0.388593 0.870011 77746 1 0.0765625 0.972115 19 1 839 -0.00486133 -0.0746848 -0.00621768 -1.34218 5.55907 177.799 
0.370458 0.920379 77786 1 0.0765625 0.972115 20 1 840 -0.00422286 -0.0759514 -0.00385384 -1.35652 5.53553 177.739 
0.404408 0.867986 77865 1 0.0765625 0.972115 21 1 842 -0.00369199 -0.0735261 -0.00402959 -1.32215 5.54146 177.75 
0.374802 0.970511 77945 1 0.0765625 0.972115 22 1 844 -0.00447014 -0.0747192 -0.00124874 -1.34232 5.51338 177.612 
0.3809 0.952362 78026 1 0.0765625 0.972115 23 1 846 -0.00411862 -0.0745692 -0.00121661 -1.34411 5.51376 177.601 
0.393485 0.914243 78106 1 0.0765625 0.972115 24 1 848 -0.00545676 -0.0754532 -0.00101675 -1.35361 5.52056 177.518 
0.439084 0.945982 78187 1 0.0765625 0.972115 25 1 850 -0.00536903 -0.0723684 0.00124114 -1.29485 5.49584 177.725 
0.463283 0.949196 78226 1 0.0755208 0.972115 26 1 851 -0.00353245 -0.0724544 0.00109809 -1.29394 5.49435 177.679 
0.463283 0.949196 78306 1 0.075 0.972115 27 1 853 -0.00353245 -0.0724544 0.00109809 -1.29394 5.49435 177.679 
0.49774 0.974576 78386 1 0.075 0.972115 28 1 855 -0.00243815 -0.0728075 0.000807655 -1.2894 5.49109 177.682 
0.437288 0.958077 78468 1 0.075 0.972115 29 1 857 -0.00485597 -0.0743403 -0.0030355 -1.30636 5.54098 177.601 
0.456207 0.853499 78547 1 0.075 0.972115 30 1 859 -0.0054063 -0.0717745 -0.00316317 -1.28005 5.55709 177.523 
0.444206 0.863669 78586 1 0.075 0.972115 31 1 860 -0.00474145 -0.0732762 -0.00268189 -1.29801 5.55483 177.578 
0.494849 0.86877 78667 1 0.075 0.972115 32 1 862 -0.0034815 -0.0718854 -0.0022886 -1.27978 5.54947 177.599 
0.521696 0.769993 78707 1 0.075 0.972115 33 1 863 -0.00383657 -0.0701602 -0.00210978 -1.26426 5.55303 177.61 
0.545333 0.658453 78828 1 0.075 0.972115 34 1 866 -0.00460585 -0.0635883 -0.0042389 -1.19832 5.59614 177.927 
0.568239 0.644334 78868 1 0.075 0.972115 35 1 867 -0.00468711 -0.0665923 -0.00405877 -1.23008 5.6014 178.078 
0.558954 0.751127 78947 1 0.075 0.972115 36 1 869 -0.00154096 -0.0674331 -0.00453465 -1.23002 5.59186 178.025 
0.602231 1.79947 79028 1 0.075 0.972115 37 0 871 0.000430705 -0.0661154 -0.00754719 -1.22862 5.59054 177.847 
1.84267 4.82748 79108 1 0.075 0.972115 38 0 873 -0.00071724 -0.0670732 -0.00833744 -1.25336 5.58169 177.527 
0.498792 1.08707 79189 1 0.075 0.972115 39 1 875 -0.00199918 -0.0659883 -0.00718036 -1.24737 5.57917 177.958 
0.53788 0.910078 79270 1 0.075 0.972115 40 1 877 -0.000796465 -0.0657622 -0.00726671 -1.24975 5.5785 177.887 
0.538696 0.905229 79348 1 0.075 0.972115 41 1 879 -0.000800171 -0.0657544 -0.00727215 -1.24984 5.57844 177.889 
0.541753 0.877109 79428 1 0.075 0.972115 42 1 881 -0.000780333 -0.065681 -0.00730921 -1.25069 5.57804 177.906 
0.541753 0.877109 79428 1 0.075 0.972115 43 1 881 -0.000780333 -0.065681 -0.00730921 -1.25069 5.57804 177.906 
0.60946 0.582976 79468 1 0.075 0.972115 44 1 882 0.000430518 -0.0649186 -0.00845788 -1.26257 5.58555 177.797 
0.621075 0.663357 79629 1 0.075 0.972115 45 1 886 -0.00217534 -0.0636125 -0.00789395 -1.24172 5.57798 177.898 
0.680057 0.729705 79708 1 0.075 0.972115 46 1 888 -0.000830924 -0.064508 -0.00848012 -1.23098 5.57148 177.987 
0.61309 0.593634 79749 1 0.075 0.972115 47 1 889 -0.0033292 -0.0624901 -0.00887174 -1.20171 5.58077 178.268 
0.6316 0.570393 79829 1 0.075 0.972115 48 1 891 -0.00317999 -0.0648613 -0.00867443 -1.22766 5.57707 178.296 
0.611991 0.51693 79950 1 0.075 0.972115 49 1 894 -0.00281651 -0.0668319 -0.0100391 -1.25586 5.6097 178.117 
0.60361 0.519755 79990 1 0.075 0.972115 50 1 895 -0.00259893 -0.0668522 -0.00998569 -1.25556 5.6103 178.089 
0.607317 0.512936 80070 1 0.075 0.972115 51 1 897 -0.00202342 -0.0671535 -0.0112306 -1.25256 5.62052 178.196 
0.595788 0.565012 80109 1 0.075 0.972115 52 1 898 -0.00233974 -0.0656217 -0.00979897 -1.23366 5.59737 178.111 
0.57742 0.548819 80190 1 0.075 0.972115 53 1 900 -0.00121574 -0.0654619 -0.00995757 -1.24061 5.59766 177.885 
0.566862 0.57921 80270 1 0.075 0.972115 54 1 902 -0.00208312 -0.0655753 -0.00995111 -1.23893 5.59789 177.9 
0.409617 1.07259 80350 1 0.075 0.972115 55 1 904 -0.00288839 -0.0692305 -0.0102029 -1.26251 5.60439 178.149 
7.63247 8.27883 80431 1 0.075 0.972115 56 0 906 -0.000172302 -0.068445 -0.0102024 -1.24541 5.58173 177.775 
-0.63442 3.56952 80470 1 0.075 0.972115 57 0 907 -0.00157682 -0.0676987 -0.0112097 -1.24003 5.58746 177.745 
0.391215 1.13359 80550 1 0.075 0.972115 58 1 909 -0.00378874 -0.0684217 -0.00955219 -1.25888 5.5694 177.769 
0.493247 1.02951 80631 1 0.075 0.972115 59 1 911 -0.00282313 -0.068459 -0.00953974 -1.25877 5.56953 177.691 
0.486638 0.967399 80711 1 0.075 0.972115 60 1 913 -0.00294961 -0.0684117 -0.00928765 -1.2598 5.57242 177.528 
0.493401 0.922765 80792 1 0.075 0.972115 61 1 915 -0.00242328 -0.068477 -0.00907686 -1.25921 5.57444 177.359 
0.486622 0.905661 80831 1 0.075 0.972115 62 1 916 -0.00269927 -0.0684233 -0.0089567 -1.26022 5.57553 177.306 
0.425166 0.880664 80911 1 0.075 0.972115 63 1 918 -0.00534852 -0.0704911 -0.00518068 -1.2978 5.55224 177.578 
0.415004 0.987617 80991 1 0.075 0.972115 64 1 920 -0.00592409 -0.0741426 -0.00285352 -1.31839 5.51961 177.223 
0.429721 0.953223 81032 1 0.075 0.972115 65 1 921 -0.00612211 -0.0742218 -0.00320904 -1.30691 5.52805 177.267 
0.474075 0.969748 81112 1 0.075 0.972115 66 1 923 -0.00369567 -0.0746545 -0.00343104 -1.30135 5.52531 177.264 
0.474119 0.964619 81192 1 0.075 0.972115 67 1 925 -0.00382032 -0.0747137 -0.0034374 -1.30061 5.52525 177.272 
0.472421 1.02407 81271 1 0.075 0.972115 68 1 927 -0.006528 -0.0694101 -0.00168342 -1.23564 5.51707 177.397 
0.401121 1.46408 81355 1 0.075 0.972115 69 0 929 -0.00598172 -0.0702654 -0.00350605 -1.24656 5.54568 177.346 
0.672561 2.69326 81432 1 0.075 0.972115 70 0 931 -0.00181041 -0.0705006 -0.00305546 -1.26608 5.53232 176.767 
0.208613 2.06781 81513 1 0.0734375 0.972115 71 0 933 -0.0061255 -0.072668 -0.00340034 -1.30209 5.54572 177.031 
0.325144 1.08248 81592 1 0.0645833 0.972115 72 1 935 -0.00683866 -0.0731473 -0.00403888 -1.33418 5.57808 177.306 
0.319097 1.06043 81632 1 -0.084375 0.925 73 1 936 -0.00689819 -0.0707561 -0.000692377 -1.31152 5.53857 177.085 
0.359519 1.0338 81713 1 -0.518229 0.729808 74 1 938 -0.00551354 -0.0712739 -0.000636236 -1.30601 5.53852 176.88 
0.360159 1.02913 81753 1 -0.826562 0.598077 75 1 939 -0.00550232 -0.0712853 -0.000603811 -1.3059 5.53886 176.869 
0.404865 0.972502 81833 1 -0.83125 0.594231 76 1 941 -0.00490824 -0.071473 -0.000827601 -1.30374 5.53606 176.978 
0.409061 0.975096 81913 1 -0.83125 0.594231 77 1 943 -0.00490904 -0.0715157 -0.00087982 -1.30326 5.53546 176.99 
0.411856 0.964323 81953 1 -0.83125 0.594231 78 1 944 -0.00498738 -0.0715296 -0.000910981 -1.3031 5.5351 177 
0.359027 0.947665 82033 1 -0.83125 0.594231 79 1 946 -0.00537517 -0.0694815 -0.00250768 -1.29175 5.55033 177.111 
0.437321 0.865682 82113 1 -0.83125 0.594231 80 1 948 -0.00389612 -0.0687071 -0.00158329 -1.29007 5.53902 177.175 
0.390473 0.887076 82194 1 -0.846354 0.558654 81 1 950 -0.00314325 -0.0692994 -0.0030954 -1.29935 5.54821 177.267 
0.416171 0.857629 82234 1 -0.934375 0.452885 82 1 951 -0.00372946 -0.0690152 -0.0032204 -1.30248 5.54699 177.28 
0.390107 0.921326 82314 1 -0.9875 0.369231 83 1 953 -0.00462548 -0.0673786 -0.0022544 -1.31513 5.53303 177.419 
0.390445 0.921279 82395 1 -0.994792 0.355769 84 1 955 -0.00462694 -0.0673757 -0.00225967 -1.31516 5.53297 177.421 
0.421737 0.969856 82475 1 -0.905208 0.397115 85 1 957 -0.00346379 -0.0677412 -0.00280731 -1.31084 5.52706 177.548 
0.447021 0.968487 82555 1 -0.808333 0.431731 86 1 959 -0.00324996 -0.0679371 -0.00316802 -1.30842 5.52303 177.64 
0.447021 0.968487 82555 1 -0.782292 0.436538 87 1 959 -0.00324996 -0.0679371 -0.00316802 -1.30842 5.52303 177.64 
0.447021 0.968487 82555 1 -0.782292 0.436538 88 1 959 -0.00324996 -0.0679371 -0.00316802 -1.30842 5.52303 177.64 
0.503321 0.784852 82795 1 -0.782292 0.436538 89 1 965 -0.0029589 -0.0688592 -0.00803874 -1.27302 5.54812 177.534 
0.447645 0.882836 82835 1 -0.775 0.4375 90 1 966 -0.00232945 -0.0687878 -0.0078487 -1.2746 5.53905 177.458 
0.419635 0.823851 82915 1 -0.721354 0.4375 91 1 968 -0.00451651 -0.0713369 -0.0101206 -1.31494 5.5798 177.576 
0.39342 0.835865 82996 1 -0.641146 0.4375 92 1 970 -0.00517699 -0.0693063 -0.00854331 -1.31405 5.57865 177.599 
0.411396 0.807068 83042 1 -0.570833 0.433654 93 1 971 -0.00610038 -0.0700587 -0.00860656 -1.32744 5.58412 177.586 
0.395207 0.959242 83115 1 -0.547396 0.418269 94 1 973 -0.00412743 -0.0689276 -0.00471313 -1.2955 5.5226 177.211 
0.421896 0.970829 83195 1 -0.539063 0.405769 95 1 975 -0.00389468 -0.0691034 -0.00490689 -1.29349 5.5204 177.291 
0.411866 0.890447 83276 1 -0.522396 0.4 96 1 977 -0.00477326 -0.0696731 -0.00848824 -1.3059 5.57647 177.747 
0.411866 0.890447 83356 1 -0.49375 0.386538 97 1 979 -0.00477326 -0.0696731 -0.00848824 -1.3059 5.57647 177.747 
0.411933 0.890438 83397 1 -0.470833 0.368269 98 1 980 -0.00476996 -0.0696738 -0.0084883 -1.30589 5.57647 177.747 
0.419006 0.892257 83516 1 -0.455729 0.361538 99 1 983 -0.00449318 -0.0697505 -0.00851536 -1.30498 5.57616 177.74 
-0.0944171 0.349714 83597 1 -0.452083 0.358654 100 1 985 -0.00467689 -0.068833 -0.0091451 -1.28517 5.58931 177.808 
-0.0942963 0.349256 83636 1 -0.449479 0.355769 101 1 986 -0.00466422 -0.0688332 -0.00914262 -1.28516 5.58934 177.806 
-0.0311655 0.357563 83717 1 -0.448437 0.354808 102 1 988 -0.00523563 -0.0684199 -0.00794347 -1.30139 5.57847 177.671 
-0.0458152 0.47849 83797 1 -0.448437 0.354808 103 1 990 -0.0052477 -0.0691104 -0.00545473 -1.29217 5.54186 177.413 
-0.146414 0.548558 83877 1 -0.448437 0.354808 104 1 992 -0.00478563 -0.0730558 -0.00596536 -1.33127 5.55003 177.441 
-0.061023 0.506337 83917 1 -0.448437 0.354808 105 1 993 -0.00403345 -0.0730855 -0.00604281 -1.33086 5.54926 177.423 
-0.141763 0.492217 83997 1 -0.448437 0.354808 106 1 995 -0.00540587 -0.0735087 -0.00671544 -1.33118 5.55727 177.373 
-0.159619 0.517437 84078 1 -0.448437 0.354808 107 1 997 -0.00474864 -0.0759994 -0.00753149 -1.34218 5.56709 177.161 
-0.155742 0.517158 84158 1 -0.448437 0.354808 108 1 999 -0.00435253 -0.075195 -0.00623221 -1.32403 5.55736 177.082 
-0.164382 0.526598 84197 1 -0.448437 0.354808 109 1 1000 -0.00432291 -0.0752872 -0.00614376 -1.32286 5.55835 177.048 
-0.167015 0.548595 84277 1 -0.448437 0.354808 110 1 1002 -0.00434163 -0.0756941 -0.00602942 -1.31792 5.5596 176.987 
-0.158257 0.576382 84358 1 -0.448437 0.354808 111 1 1004 -0.00500546 -0.0746855 -0.00379662 -1.28683 5.54508 176.912 
-0.0838488 0.548052 84438 1 -0.448437 0.354808 112 1 1006 -0.00576743 -0.0711931 -0.00335874 -1.24711 5.54935 177.1 
-0.0380353 0.553999 84519 1 -0.448437 0.354808 113 1 1008 -0.00443762 -0.071708 -0.00347582 -1.24044 5.5478 177.052 
-0.0363948 0.56506 84599 1 -0.448437 0.354808 114 1 1010 -0.00408485 -0.071818 -0.00356962 -1.23909 5.54674 177.08 
-0.0105043 0.38745 84638 1 -0.448437 0.354808 115 1 1011 -0.00139637 -0.0695893 -0.00399236 -1.21801 5.5474 177.267 
-0.0368751 0.499032 84718 1 -0.448437 0.354808 116 1 1013 -0.00275001 -0.0683002 -0.00516796 -1.20969 5.55218 177.483 
-0.0433946 0.496004 84758 1 -0.448437 0.354808 117 1 1014 -0.0025969 -0.0681887 -0.00521155 -1.21094 5.55188 177.399 
-0.0225501 0.379756 84839 1 -0.448437 0.354808 118 1 1016 -0.00196126 -0.0677167 -0.00973125 -1.21441 5.59794 177.408 
-0.0378587 0.452684 84919 1 -0.448437 0.354808 119 1 1018 -0.00248165 -0.0670526 -0.00893945 -1.21216 5.58441 177.305 
-0.0304239 0.448898 85000 1 -0.448437 0.354808 120 1 1020 -0.00229559 -0.0671926 -0.00905953 -1.21053 5.583 177.334 
-0.0333272 0.405435 85079 1 -0.448437 0.354808 121 1 1022 -0.00253131 -0.0671429 -0.00878234 -1.21366 5.57482 177.33 
-0.0234333 0.424834 85119 1 -0.448437 0.354808 122 1 1023 -0.00258595 -0.0675822 -0.00941391 -1.22856 5.58006 177.332 
-0.0390525 0.444191 85200 1 -0.448437 0.354808 123 1 1025 -0.00342476 -0.069254 -0.00833615 -1.24606 5.55886 177.1 
-0.031973 0.460336 85281 1 -0.448437 0.354808 124 1 1027 -0.00323881 -0.0694598 -0.00841521 -1.24366 5.55791 177.114 
0.0184541 0.494622 85359 1 -0.448437 0.354808 125 1 1029 -0.00215738 -0.0701161 -0.00871783 -1.23599 5.55444 177.159 
0.0139425 0.504415 85400 1 -0.448437 0.354808 126 1 1030 -0.00210712 -0.07024 -0.00884386 -1.23448 5.55296 177.205 
0.0130205 0.33722 85521 1 -0.448437 0.354808 127 1 1033 -0.00398442 -0.0740926 -0.00855413 -1.28247 5.53889 177.163 
0.218417 0.0837655 85560 1 -0.448437 0.354808 128 1 1034 -0.00436598 -0.0738498 -0.0084101 -1.28576 5.54032 177.067 
0.241493 0.0628052 85641 1 -0.448437 0.354808 129 1 1036 -0.00435276 -0.073808 -0.00841428 -1.28626 5.54015 177.07 
0.243372 0.0607056 85680 1 -0.448437 0.354808 130 1 1037 -0.0043514 -0.0738032 -0.00841746 -1.28631 5.54011 177.071 
0.244797 0.058591 85720 1 -0.448437 0.354808 131 1 1038 -0.00433625 -0.073789 -0.00842109 -1.28648 5.54007 177.072 
0.244797 0.058591 85720 1 -0.448437 0.354808 132 1 1038 -0.00433625 -0.073789 -0.00842109 -1.28648 5.54007 177.072 
0.345756 -0.216332 85927 1 -0.448437 0.354808 133 0 1043 -0.00427665 -0.0774596 -0.00778585 -1.37821 5.54448 176.953 
0.349282 -0.133371 86002 1 -0.448437 0.354808 134 1 1045 -0.00664679 -0.0754941 -0.00524483 -1.33477 5.51254 177.056 
0.390545 -0.0956537 86080 1 -0.448437 0.354808 135 1 1047 -0.00533969 -0.0739243 -0.00684363 -1.31469 5.52377 177.075 
0.476202 -0.180599 86161 1 -0.448437 0.354808 136 1 1049 -0.00461586 -0.0722152 -0.00757368 -1.29398 5.52632 177.181 
0.476202 -0.180599 86201 1 -0.448437 0.354808 137 1 1050 -0.00461586 -0.0722152 -0.00757368 -1.29398 5.52632 177.181 
0.418503 -0.0595733 86282 1 -0.448437 0.354808 138 1 1052 -0.00379791 -0.0750975 -0.00772548 -1.31937 5.5194 176.748 
0.394939 -0.0381817 86362 1 -0.448437 0.354808 139 1 1054 -0.00455256 -0.0718937 -0.00745176 -1.29064 5.51323 176.66 
0.349499 0.0742141 86442 1 -0.448437 0.354808 140 1 1056 -0.00647205 -0.0768343 -0.00581667 -1.33904 5.48899 176.688 
0.307812 0.0739516 86522 1 -0.448437 0.354808 141 1 1058 -0.00785119 -0.0809265 -0.0048416 -1.38965 5.47508 176.33 
0.258752 0.178701 86602 1 -0.448437 0.354808 142 1 1060 -0.00842643 -0.0808115 -0.00462817 -1.39904 5.47708 176.34 
0.258353 0.147417 86682 1 -0.448437 0.354808 143 1 1062 -0.00714404 -0.0806515 -0.00446412 -1.4012 5.479 176.24 
0.236343 0.116837 86723 1 -0.448437 0.354808 144 1 1063 -0.00849154 -0.0820006 -0.0062386 -1.40423 5.50888 176.257 
0.330585 0.168697 86802 1 -0.448437 0.354808 145 1 1065 -0.00393946 -0.0813613 -0.00528602 -1.37999 5.49037 176.467 
0.312321 0.147542 86882 1 -0.448437 0.354808 146 1 1067 -0.00433779 -0.0810581 -0.0052673 -1.3835 5.49061 176.47 
0.312207 0.146579 86962 1 -0.448437 0.354808 147 1 1069 -0.00435579 -0.0810601 -0.00526919 -1.38348 5.49059 176.47 
0.290742 0.129357 87043 1 -0.448437 0.354808 148 1 1071 -0.0045508 -0.0807554 -0.00516599 -1.3872 5.49204 176.412 
0.290876 0.129624 87123 1 -0.448437 0.354808 149 1 1073 -0.00454119 -0.0807496 -0.00518108 -1.38726 5.49186 176.417 
0.235079 0.0474882 87203 1 -0.448437 0.354808 150 1 1075 -0.0033522 -0.0811919 -0.00759472 -1.41573 5.52692 176.446 
0.241331 0.0535934 87243 1 -0.448437 0.354808 151 1 1076 -0.00325494 -0.0812674 -0.00765615 -1.41476 5.52619 176.461 
0.213681 0.0403383 87324 1 -0.448437 0.354808 152 1 1078 -0.00342188 -0.0806694 -0.00767587 -1.42144 5.52591 176.495 
0.3343 -0.0802795 87404 1 -0.448437 0.354808 153 1 1080 -0.00524293 -0.0750904 -0.00649194 -1.35625 5.50164 176.858 
0.360637 -0.0975742 87444 1 -0.448437 0.354808 154 1 1081 -0.00484328 -0.0769579 -0.00812609 -1.37288 5.51176 176.688 
0.390994 -0.0897582 87524 1 -0.448437 0.354808 155 1 1083 -0.00387508 -0.0773318 -0.00825172 -1.36863 5.51049 176.648 
0.716868 0.214066 87603 1 -0.448437 0.354808 156 1 1085 -0.00313659 -0.0760133 -0.010628 -1.3583 5.51209 176.654 
0.821306 0.491944 87684 1 -0.448437 0.354808 157 1 1087 -0.00411708 -0.0783952 -0.0071276 -1.39439 5.45595 176.633 
0.842692 0.517933 87764 1 -0.448437 0.354808 158 1 1089 -0.00276085 -0.0784376 -0.00834524 -1.39102 5.46063 176.583 
0.791115 0.498925 87845 1 -0.448437 0.354808 159 1 1091 -0.00431073 -0.0788958 -0.00873508 -1.40599 5.4639 176.337 
0.630315 0.506926 87925 1 -0.448437 0.354808 160 1 1093 -0.00520592 -0.0842761 -0.00646385 -1.49935 5.44453 176.06 
0.586831 0.571285 87964 1 -0.448437 0.354808 161 1 1094 -0.00635102 -0.0843097 -0.00632261 -1.49933 5.44416 176.072 
0.639293 0.614335 88045 1 -0.448437 0.354808 162 1 1096 -0.00675231 -0.0833363 -0.0052117 -1.50281 5.42742 176.133 
0.547187 0.549525 88125 1 -0.448437 0.354808 163 1 1098 -0.00787093 -0.083202 -0.00730545 -1.53172 5.4603 176.099 
0.546546 0.541697 88166 1 -0.448437 0.354808 164 1 1099 -0.00795232 -0.0830983 -0.00724554 -1.53293 5.46096 176.075 
0.570949 0.562872 88245 1 -0.448437 0.354808 165 1 1101 -0.0092595 -0.0834926 -0.00685449 -1.52799 5.46077 175.927 
0.595958 0.556299 88325 1 -0.448437 0.354808 166 1 1103 -0.00706686 -0.0835858 -0.00505154 -1.52863 5.43892 176.114 
0.610191 0.558077 88407 1 -0.448437 0.354808 167 1 1105 -0.00700256 -0.0836027 -0.00517208 -1.52842 5.43758 176.153 
0.687586 0.563955 88486 1 -0.448437 0.354808 168 1 1107 -0.00698765 -0.0789042 -0.00351849 -1.45295 5.408 176.117 
0.657655 0.535032 88526 1 -0.448437 0.354808 169 1 1108 -0.0078198 -0.0812893 -0.00536124 -1.48591 5.43485 175.967 
0.529527 0.610113 88607 1 -0.448437 0.354808 170 1 1110 -0.00787465 -0.0832358 -0.0040959 -1.50148 5.42991 175.878 
0.582215 0.606193 88646 1 -0.448437 0.354808 171 1 1111 -0.00554087 -0.0827901 -0.00526458 -1.48664 5.4416 175.952 
0.548222 0.552007 88726 1 -0.448437 0.354808 172 1 1113 -0.00556485 -0.083668 -0.00558464 -1.50002 5.45225 175.875 
0.513013 0.532211 88806 1 -0.448437 0.354808 173 1 1115 -0.00703915 -0.0860052 -0.00581921 -1.53567 5.46803 175.93 
0.50954 0.529544 88846 1 -0.448437 0.354808 174 1 1116 -0.00692581 -0.0859354 -0.00579896 -1.53651 5.46828 175.929 
0.50954 0.529544 88846 1 -0.448437 0.354808 175 1 1116 -0.00692581 -0.0859354 -0.00579896 -1.53651 5.46828 175.929 
0.505366 0.522703 89007 1 -0.448437 0.354808 176 1 1120 -0.00679764 -0.0858817 -0.00567423 -1.53712 5.4697 175.903 
0.646298 0.475773 89086 1 -0.448437 0.354808 177 1 1122 -0.00604535 -0.0801337 -0.00565009 -1.45401 5.47119 176.262 
0.649341 0.431951 89167 1 -0.448437 0.354808 178 1 1124 -0.00468035 -0.0785551 -0.00845499 -1.44083 5.50066 176.06 
0.602519 0.560997 89247 1 -0.448437 0.354808 179 1 1126 -0.00652582 -0.0782171 -0.00550163 -1.43335 5.47612 176.123 
0.615952 0.535548 89288 1 -0.448437 0.354808 180 1 1127 -0.0055246 -0.0782304 -0.00542262 -1.43409 5.47688 176.116 
0.542003 0.532363 89367 1 -0.448437 0.354808 181 1 1129 -0.00678164 -0.0797951 -0.00559215 -1.44752 5.4953 176.128 
0.55096 0.513556 89447 1 -0.448437 0.354808 182 1 1131 -0.00559294 -0.0835535 -0.00606374 -1.48873 5.51157 176.136 
0.461177 0.566047 89527 1 -0.448437 0.354808 183 1 1133 -0.00490831 -0.0803757 -0.00547719 -1.44739 5.51321 176.08 
0.261757 0.460459 89609 1 -0.448437 0.354808 184 1 1135 -0.00513907 -0.0761336 -0.00807107 -1.41147 5.55207 176.159 
0.195528 0.501944 89688 1 -0.448437 0.354808 185 1 1137 -0.00576287 -0.0767579 -0.00799949 -1.40741 5.55387 176.047 
0.280327 0.433707 89768 1 -0.448437 0.354808 186 1 1139 -0.00380943 -0.0770144 -0.00912458 -1.40365 5.56966 176.387 
0.287338 0.43391 89848 1 -0.448437 0.354808 187 1 1141 -0.00265225 -0.0767573 -0.00942159 -1.40625 5.56598 176.553 
0.314465 0.170161 89928 1 -0.448437 0.354808 188 1 1143 -0.00233777 -0.0709055 -0.00992373 -1.35129 5.57251 176.944 
0.356986 0.177467 90008 1 -0.448437 0.354808 189 1 1145 -0.0022265 -0.0696458 -0.00974294 -1.33967 5.55625 176.752 
0.395092 0.213685 90089 1 -0.448437 0.354808 190 1 1147 -0.00245712 -0.0679978 -0.00967825 -1.32366 5.54383 176.691 
0.309777 0.293799 90168 1 -0.448437 0.354808 191 1 1149 -0.00347331 -0.0710625 -0.0104701 -1.37026 5.53458 176.626 
0.304565 0.292006 90249 1 -0.448437 0.354808 192 1 1151 -0.00377362 -0.071007 -0.0114052 -1.36981 5.5377 176.622 
0.315556 0.271807 90289 1 -0.448437 0.354808 193 1 1152 -0.00428847 -0.0718973 -0.0112557 -1.37924 5.5281 176.677 
0.20779 0.35153 90369 1 -0.448437 0.354808 194 1 1154 -0.00451068 -0.0748816 -0.0112259 -1.43131 5.51654 176.427 
0.223523 0.40782 90450 1 -0.448437 0.354808 195 1 1156 -0.00491586 -0.0756535 -0.0100845 -1.42124 5.48164 176.384 
0.245888 0.423589 90490 1 -0.448437 0.354808 196 1 1157 -0.00430558 -0.0759341 -0.0102679 -1.41791 5.47916 176.401 
0.289992 0.416558 90569 1 -0.448437 0.354808 197 1 1159 -0.00371739 -0.0736867 -0.00894036 -1.38379 5.45178 176.82 
0.284494 0.362458 90649 1 -0.448437 0.354808 198 1 1161 -0.00265443 -0.0755168 -0.0110412 -1.41376 5.44934 176.718 
0.142092 0.402523 90730 1 -0.448437 0.354808 199 1 1163 -0.0052072 -0.0773783 -0.00892832 -1.45395 5.42404 176.504 
0.096236 0.403193 90810 1 -0.448437 0.354808 200 1 1165 -0.00638481 -0.0788557 -0.00889768 -1.48915 5.42136 176.172 
0.0345936 0.528457 90891 1 -0.448437 0.354808 201 1 1167 -0.00669208 -0.0827518 -0.00799687 -1.54942 5.40891 176.118 
-0.0527782 0.652043 90970 1 -0.448437 0.354808 202 1 1169 -0.00714104 -0.0831103 -0.00772203 -1.57515 5.38903 175.956 
-0.0815571 0.56551 91010 1 -0.448437 0.354808 203 1 1170 -0.0077026 -0.0822915 -0.00999363 -1.58262 5.41248 175.753 
-0.1175 0.56773 91091 1 -0.448437 0.354808 204 1 1172 -0.00959952 -0.0822646 -0.00983133 -1.58973 5.41113 175.622 
-0.116862 0.701309 91171 1 -0.448437 0.354808 205 1 1174 -0.0103844 -0.0822335 -0.00839714 -1.57459 5.39034 175.387 
-0.0588252 0.742758 91251 1 -0.448437 0.354808 206 1 1176 -0.00884531 -0.0849279 -0.00980217 -1.58991 5.40393 175.593 
-0.0588252 0.742758 91331 1 -0.450521 0.356731 207 1 1178 -0.00884531 -0.0849279 -0.00980217 -1.58991 5.40393 175.593 
-0.0551474 0.789054 91411 1 -0.451042 0.357692 208 1 1180 -0.00871496 -0.0865547 -0.0119658 -1.59962 5.42808 175.895 
-0.07992 0.860463 91491 1 -0.451042 0.357692 209 1 1182 -0.00980792 -0.0869029 -0.0118308 -1.59574 5.4305 175.835 
-0.0754056 0.849239 91571 1 -0.451042 0.357692 210 1 1184 -0.00985043 -0.0869803 -0.011758 -1.59487 5.43149 175.813 
-0.0780374 0.826768 91652 1 -0.451042 0.357692 211 1 1186 -0.0102865 -0.087067 -0.0115064 -1.59411 5.43545 175.713 
-0.0915503 0.833661 91732 1 -0.451042 0.357692 212 1 1188 -0.0104167 -0.0870762 -0.0113838 -1.59418 5.4372 175.675 
-0.200707 0.886628 91772 1 -0.451042 0.357692 213 0 1189 -0.0117277 -0.0885656 -0.0127951 -1.61846 5.46287 175.518 
-0.40026 0.767143 91852 1 -0.451042 0.357692 214 0 1191 -0.0126533 -0.0889828 -0.0166367 -1.63404 5.53512 175.59 
-0.394174 0.775335 91932 1 -0.451042 0.357692 215 0 1193 -0.0113907 -0.089662 -0.016223 -1.62609 5.53966 175.397 
-0.516244 0.854059 91973 1 -0.451042 0.357692 216 0 1194 -0.0124854 -0.0946566 -0.0177927 -1.68572 5.57407 175.433 
-0.516244 0.854059 91973 1 -0.451042 0.357692 217 0 1194 -0.0124854 -0.0946566 -0.0177927 -1.68572 5.57407 175.433 
-0.347066 0.497502 92132 1 -0.451042 0.357692 218 0 1198 -0.0118613 -0.0892281 -0.0184427 -1.60409 5.5942 175.553 
-0.357719 0.479873 92213 1 -0.451042 0.357692 219 0 1200 -0.0116804 -0.0892769 -0.0181067 -1.60371 5.59817 175.459 
-0.499896 0.532243 92293 1 -0.451042 0.357692 220 0 1202 -0.0118657 -0.0950608 -0.0193399 -1.67512 5.63879 175.377 
-0.499896 0.532243 92293 1 -0.451042 0.357692 221 0 1202 -0.0118657 -0.0950608 -0.0193399 -1.67512 5.63879 175.377 
-0.499896 0.532243 92293 1 -0.451042 0.357692 222 0 1202 -0.0118657 -0.0950608 -0.0193399 -1.67512 5.63879 175.377 
-0.163682 0.146102 92493 1 -0.451042 0.357692 223 1 1207 -0.0112396 -0.0940045 -0.0201945 -1.67163 5.68118 175.597 
-0.0490107 0.0321459 92574 1 -0.451042 0.357692 224 1 1209 -0.00983593 -0.0879774 -0.0205158 -1.60353 5.6971 175.797 
-0.00475484 0.0510373 92613 1 -0.451042 0.357692 225 1 1210 -0.0100283 -0.08589 -0.0198506 -1.58146 5.69679 175.91 
-0.00475484 0.0510373 92613 1 -0.451042 0.357692 226 1 1210 -0.0100283 -0.08589 -0.0198506 -1.58146 5.69679 175.91 
0.132221 -0.112021 92774 1 -0.451042 0.357692 227 1 1214 -0.00801093 -0.0804838 -0.0220049 -1.50725 5.72038 176.263 
0.193672 -0.143162 92854 1 -0.451042 0.357692 228 1 1216 -0.00808214 -0.0813139 -0.0214539 -1.51426 5.7009 176.248 
0.522376 1.88984 92934 1 -0.451042 0.357692 229 0 1218 -0.00807335 -0.0812837 -0.0214731 -1.51461 5.70071 176.253 
0.694255 2.44399 93015 1 -0.451042 0.357692 230 0 1220 -0.00553734 -0.08263 -0.0239846 -1.55106 5.7244 176.249 
0.306693 0.263281 93095 1 -0.451042 0.357692 231 1 1222 -0.00746566 -0.078443 -0.0248734 -1.50606 5.71593 176.125 
0.32866 -0.00839213 93174 1 -0.451042 0.357692 232 1 1224 -0.00654592 -0.0762846 -0.024742 -1.4895 5.70292 176.271 
0.333315 0.00640243 93254 1 -0.451042 0.357692 233 1 1226 -0.00706383 -0.0758895 -0.0248586 -1.4944 5.70128 176.244 
0.470268 0.136265 93335 1 -0.451042 0.357692 234 1 1228 -0.00591293 -0.0731777 -0.0251087 -1.48635 5.68765 176.229 
0.401587 0.202556 93415 1 -0.451042 0.357692 235 1 1230 -0.00519031 -0.0789325 -0.0244526 -1.54366 5.65796 176.144 
0.405946 0.246656 93455 1 -0.451042 0.357692 236 1 1231 -0.00520259 -0.077116 -0.0230193 -1.5181 5.6327 176.269 
0.374281 0.234055 93536 1 -0.451042 0.357692 237 1 1233 -0.00541558 -0.0771765 -0.0236644 -1.5176 5.62521 176.464 
0.285353 0.115095 93615 1 -0.451042 0.357692 238 1 1235 -0.00516416 -0.0772432 -0.0241736 -1.511 5.61972 176.707 
0.209981 0.173543 93735 1 -0.449479 0.359615 239 1 1238 -0.00718163 -0.0769076 -0.0242671 -1.52251 5.61 176.425 
0.249277 0.0806566 93817 1 -0.448437 0.361538 240 1 1240 -0.00711542 -0.0779267 -0.0239668 -1.55568 5.61331 176.248 
0.288699 0.166443 93896 1 -0.451042 0.367308 241 1 1242 -0.00673442 -0.0820506 -0.023595 -1.62063 5.60516 176.276 
0.295337 0.206541 93976 1 -0.461458 0.368269 242 1 1244 -0.0078104 -0.0796757 -0.0215947 -1.61535 5.58164 176.349 
0.244523 0.365051 94016 1 -0.467187 0.369231 243 1 1245 -0.00848281 -0.0828996 -0.0224069 -1.66887 5.5963 176.346 
0.187075 0.630439 94096 1 -0.467708 0.369231 244 1 1247 -0.0105294 -0.0844824 -0.023924 -1.68593 5.61056 176.04 
0.214409 0.633093 94136 1 -0.467708 0.367308 245 1 1248 -0.0105811 -0.0849171 -0.0239388 -1.68058 5.61004 176.036 
0.222073 0.655841 94217 1 -0.465104 0.364423 246 1 1250 -0.0103665 -0.085129 -0.0239966 -1.67798 5.60921 176.028 
0.223134 0.704778 94297 1 -0.460417 0.360577 247 1 1252 -0.0101385 -0.0853597 -0.0241778 -1.67511 5.60712 176.08 
0.227487 0.701516 94336 1 -0.457813 0.358654 248 1 1253 -0.0101331 -0.0854289 -0.0241563 -1.67427 5.60734 176.07 
0.156373 1.05477 94416 1 -0.457813 0.358654 249 1 1255 -0.00952348 -0.0790741 -0.0207072 -1.57861 5.56735 175.939 
0.159568 0.951225 94497 1 -0.457813 0.358654 250 1 1257 -0.0108073 -0.0808969 -0.0213422 -1.58994 5.58403 175.708 
0.191053 0.890641 94578 1 -0.457813 0.358654 251 1 1259 -0.0108274 -0.0808324 -0.0218897 -1.57972 5.59453 175.734 
0.169252 0.943413 94618 1 -0.457813 0.358654 252 1 1260 -0.0105105 -0.0780912 -0.0203728 -1.54257 5.58204 175.709 
0.179302 1.11989 94697 1 -0.457813 0.358654 253 1 1262 -0.0111768 -0.0790346 -0.0204354 -1.55586 5.59041 175.675 
0.172332 1.14144 94737 1 -0.457813 0.358654 254 1 1263 -0.0110219 -0.0785978 -0.0203158 -1.56142 5.59201 175.681 
0.171348 1.19154 94818 1 -0.436979 0.357692 255 1 1265 -0.0113507 -0.0785527 -0.0200955 -1.56239 5.59481 175.578 
0.0645152 1.36276 94901 1 -0.431771 0.357692 256 0 1267 -0.012199 -0.0800456 -0.0203761 -1.56762 5.60531 175.698 
0.0701559 1.35427 94978 1 -0.431771 0.356731 257 0 1269 -0.0119984 -0.0800161 -0.0203703 -1.56798 5.60537 175.698 
0.0752188 1.34245 95058 1 -0.431771 0.356731 258 0 1271 -0.0119612 -0.0799703 -0.0204024 -1.56853 5.60504 175.714 
0.0591824 1.2744 95138 1 -0.431771 0.356731 259 0 1273 -0.0123485 -0.082406 -0.0212244 -1.60144 5.62788 175.715 
0.0699247 1.26646 95219 1 -0.431771 0.356731 260 0 1275 -0.0122973 -0.0823974 -0.0211296 -1.60152 5.62899 175.682 
0.0993358 1.26237 95259 1 -0.431771 0.356731 261 0 1276 -0.0125427 -0.0850053 -0.0200551 -1.63869 5.62779 175.555 
0.0993358 1.26237 95259 1 -0.431771 0.356731 262 0 1276 -0.0125427 -0.0850053 -0.0200551 -1.63869 5.62779 175.555 
0.125907 1.13391 95459 1 -0.431771 0.356731 263 1 1281 -0.0130278 -0.0856173 -0.0217417 -1.67045 5.68065 175.565 
0.192485 0.962381 95498 1 -0.431771 0.356731 264 1 1282 -0.0133654 -0.0856756 -0.0216652 -1.67151 5.68226 175.641 
0.150276 1.00958 95579 1 -0.431771 0.356731 265 1 1284 -0.0138921 -0.0830971 -0.02221 -1.6155 5.69295 175.662 
0.150276 1.00958 95579 1 -0.431771 0.356731 266 1 1284 -0.0138921 -0.0830971 -0.02221 -1.6155 5.69295 175.662 
0.168183 0.963596 95619 1 -0.431771 0.356731 267 1 1285 -0.0135537 -0.0831006 -0.0219474 -1.61997 5.6976 175.639 
0.225776 0.332566 95779 1 -0.431771 0.356731 268 1 1289 -0.0121258 -0.0802154 -0.0231212 -1.57947 5.70338 175.977 
0.221875 0.334568 95859 1 -0.431771 0.356731 269 1 1291 -0.0119374 -0.080138 -0.0231264 -1.58037 5.7034 175.973 
0.209083 0.34075 95940 1 -0.431771 0.356731 270 1 1293 -0.0118319 -0.0798448 -0.0231809 -1.5838 5.70279 175.991 
0.203519 0.34387 95980 1 -0.431771 0.356731 271 1 1294 -0.011649 -0.0796862 -0.0232286 -1.58569 5.70226 176.003 
0.298431 -0.0580807 96060 1 -0.431771 0.356731 272 1 1296 -0.0105143 -0.0800941 -0.0268806 -1.60141 5.72575 176.112 
0.263118 -0.0471538 96142 1 -0.431771 0.356731 273 1 1298 -0.0104831 -0.080043 -0.0264672 -1.63226 5.71213 175.988 
0.277343 0.0262093 96260 1 -0.431771 0.356731 274 1 1301 -0.0115782 -0.0798117 -0.0261512 -1.62254 5.68843 176.002 
0.203244 0.0536199 96300 1 -0.431771 0.356731 275 1 1302 -0.0104187 -0.0811287 -0.0262684 -1.64044 5.67873 176.028 
0.265032 0.0311407 96421 1 -0.431771 0.356731 276 1 1305 -0.00929169 -0.0783829 -0.0277917 -1.60073 5.6733 176.44 
0.249428 -0.0140573 96501 1 -0.431771 0.356731 277 1 1307 -0.00870745 -0.0781524 -0.0283486 -1.59601 5.65931 176.358 
0.273062 0.0179817 96540 1 -0.431771 0.356731 278 1 1308 -0.011029 -0.0778606 -0.0283597 -1.57769 5.65399 176.303 
0.270966 0.0714675 96621 1 -0.431771 0.356731 279 1 1310 -0.0108777 -0.077814 -0.0284184 -1.57827 5.65327 176.317 
0.288239 0.205818 96701 1 -0.431771 0.356731 280 1 1312 -0.00977935 -0.0773105 -0.0276147 -1.56013 5.62967 176.443 
0.245428 0.236757 96782 1 -0.431771 0.356731 281 1 1314 -0.0104686 -0.079345 -0.0285255 -1.59268 5.62505 176.176 
0.182246 0.216515 96862 1 -0.431771 0.356731 282 1 1316 -0.0116517 -0.0807967 -0.0299581 -1.62693 5.64685 176.168 
0.190521 0.469901 96942 1 -0.431771 0.356731 283 1 1318 -0.0125835 -0.0828747 -0.025784 -1.66086 5.60645 176.235 
0.276634 0.300594 97022 1 -0.431771 0.356731 284 1 1320 -0.0115385 -0.0828722 -0.0278529 -1.65143 5.61928 176.253 
0.295129 0.221449 97062 1 -0.431771 0.356731 285 1 1321 -0.0110491 -0.0830667 -0.0289956 -1.65761 5.62162 176.193 
0.224255 0.256841 97142 1 -0.431771 0.356731 286 1 1323 -0.0122288 -0.0820115 -0.0318695 -1.6557 5.65093 176.176 
0.210826 0.224278 97262 1 -0.431771 0.356731 287 1 1326 -0.0124292 -0.0816248 -0.0318028 -1.6606 5.65214 176.133 
0.214189 0.219508 97302 1 -0.431771 0.356731 288 1 1327 -0.0123955 -0.0815705 -0.0318146 -1.66126 5.65197 176.137 
0.172334 0.201685 97382 1 -0.431771 0.356731 289 1 1329 -0.0122345 -0.0853954 -0.0317322 -1.73195 5.66236 176.193 
0.121503 0.238518 97462 1 -0.431771 0.356731 290 1 1331 -0.0124787 -0.0860595 -0.0299976 -1.75146 5.64293 176.209 
0.0729978 0.316961 97543 1 -0.431771 0.356731 291 1 1333 -0.0154896 -0.0835168 -0.0265597 -1.74105 5.61485 176.213 
0.0752059 0.258334 97623 1 -0.431771 0.356731 292 1 1335 -0.014537 -0.0858907 -0.0269596 -1.76746 5.62481 175.927 
0.0837732 0.295163 97703 1 -0.431771 0.356731 293 1 1337 -0.0152742 -0.086172 -0.0241095 -1.74901 5.59266 176.102 
0.0856198 0.302939 97743 1 -0.431771 0.356731 294 1 1338 -0.014743 -0.086158 -0.02417 -1.74967 5.59204 176.142 
0.105213 0.3497 97823 1 -0.431771 0.356731 295 1 1340 -0.0139616 -0.0859628 -0.0233774 -1.73989 5.58039 176.193 
0.106693 0.298036 97904 1 -0.431771 0.356731 296 1 1342 -0.0146542 -0.0870301 -0.0257605 -1.74584 5.60904 175.967 
0.00582801 0.443067 97984 1 -0.431771 0.356731 297 1 1344 -0.0153651 -0.0901732 -0.0244416 -1.77861 5.60247 175.722 
0.0392522 0.467047 98063 1 -0.431771 0.356731 298 1 1346 -0.0152052 -0.0928501 -0.0228731 -1.81013 5.59363 175.613 
0.0874138 0.479714 98104 1 -0.431771 0.356731 299 1 1347 -0.0154996 -0.0905963 -0.0211848 -1.78072 5.5799 175.667 
0.062922 0.42498 98184 1 -0.431771 0.356731 300 1 1349 -0.0153378 -0.0902396 -0.0207285 -1.78551 5.58543 175.525 
-0.0144843 0.350144 98264 1 -0.431771 0.356731 301 1 1351 -0.0158826 -0.0891703 -0.0201392 -1.79936 5.59255 175.406 
-0.00172234 0.370162 98385 1 -0.431771 0.356731 302 1 1354 -0.0160428 -0.0893725 -0.0199376 -1.79733 5.59489 175.364 
-0.0542911 0.787709 98464 1 -0.431771 0.356731 303 1 1356 -0.0149401 -0.0913082 -0.0202139 -1.83389 5.60702 175.697 
-0.0930258 0.736067 98545 1 -0.431771 0.356731 304 1 1358 -0.0167956 -0.0930062 -0.0216062 -1.85967 5.62731 175.62 
-0.095529 0.804898 98665 1 -0.431771 0.356731 305 1 1361 -0.0160792 -0.0942816 -0.0233431 -1.8781 5.65709 175.328 
-0.119686 0.76323 98705 1 -0.431771 0.356731 306 1 1362 -0.0169063 -0.0954908 -0.0250035 -1.90077 5.67996 175.232 
-0.119686 0.76323 98705 1 -0.431771 0.356731 307 1 1362 -0.0169063 -0.0954908 -0.0250035 -1.90077 5.67996 175.232 
-0.130573 0.865218 98865 1 -0.431771 0.356731 308 1 1366 -0.0176656 -0.0957377 -0.0238175 -1.90702 5.68764 175.103 
-0.117286 1.00377 98945 1 -0.431771 0.356731 309 1 1368 -0.0170937 -0.0944922 -0.0253217 -1.90427 5.71688 175.344 
-0.158911 1.03094 98985 1 -0.431771 0.356731 310 1 1369 -0.0162155 -0.0946685 -0.0246151 -1.90225 5.70663 175.283 
-0.0862825 1.01174 99066 1 -0.431771 0.356731 311 1 1371 -0.0170198 -0.0946259 -0.0254407 -1.89054 5.72453 175.332 
-0.0412443 1.01688 99146 1 -0.431771 0.356731 312 1 1373 -0.0149443 -0.0926491 -0.0254952 -1.86856 5.72099 175.653 
-0.453629 5.09809 99225 1 -0.431771 0.356731 313 0 1375 -0.0148957 -0.0923407 -0.0255224 -1.87227 5.72037 175.676 
1.64366 3.62539 99306 1 -0.431771 0.356731 314 0 1377 -0.0147226 -0.0928628 -0.0260395 -1.88403 5.71571 175.609 
-0.032245 1.47821 99386 1 -0.431771 0.356731 315 0 1379 -0.014652 -0.0891575 -0.0253093 -1.84447 5.69831 175.717 
-0.051363 1.22826 99427 1 -0.431771 0.356731 316 0 1380 -0.0149582 -0.0860677 -0.0258338 -1.80929 5.69996 175.744 
-0.0396314 1.15615 99507 1 -0.431771 0.356731 317 1 1382 -0.0149591 -0.0861024 -0.0258549 -1.8089 5.69969 175.751 
0.113171 1.11341 99586 1 -0.431771 0.356731 318 1 1384 -0.0142496 -0.0837336 -0.0249947 -1.77592 5.67948 175.91 
0.19508 1.12892 99667 1 -0.431771 0.356731 319 1 1386 -0.015194 -0.0828833 -0.0236014 -1.77028 5.65527 175.974 
0.135479 1.15259 99747 1 -0.431771 0.356731 320 1 1388 -0.013489 -0.085463 -0.022048 -1.76689 5.61477 176.108 
0.161868 1.10143 99827 1 -0.431771 0.356731 321 1 1390 -0.0127875 -0.0856426 -0.0225061 -1.76516 5.6097 176.312 
0.172016 1.13315 99868 1 -0.431771 0.356731 322 1 1391 -0.0127552 -0.0857461 -0.0227151 -1.76412 5.6073 176.433 
0.173799 1.14736 99947 1 -0.431771 0.356731 323 1 1393 -0.0127552 -0.0857461 -0.0227151 -1.76412 5.6073 176.433 
-0.0142553 1.28359 100027 1 -0.431771 0.356731 324 0 1395 -0.0145403 -0.089867 -0.0188783 -1.82535 5.57516 176.054 
-0.0285687 1.34727 100108 1 -0.431771 0.356731 325 0 1397 -0.014698 -0.0909697 -0.0175586 -1.83847 5.56574 175.933 
-0.0747535 1.48516 100188 1 -0.431771 0.356731 326 0 1399 -0.0150208 -0.0930666 -0.013259 -1.85395 5.52421 175.936 
-0.0334505 1.40598 100268 1 -0.431771 0.356731 327 0 1401 -0.016182 -0.0932671 -0.0137103 -1.86982 5.5538 175.987 
-0.15012 1.45005 100348 1 -0.431771 0.356731 328 0 1403 -0.0171503 -0.0965582 -0.0131888 -1.91509 5.55885 175.767 
-0.105646 1.49938 100428 1 -0.431771 0.356731 329 0 1405 -0.0163111 -0.096455 -0.0128745 -1.88891 5.56096 176.021 
-0.105646 1.49938 100428 1 -0.431771 0.356731 330 0 1405 -0.0163111 -0.096455 -0.0128745 -1.88891 5.56096 176.021 
-0.105646 1.49938 100428 1 -0.431771 0.356731 331 0 1405 -0.0163111 -0.096455 -0.0128745 -1.88891 5.56096 176.021 
0.0128004 1.50109 100629 1 -0.431771 0.356731 332 0 1410 -0.0157917 -0.0907465 -0.0137535 -1.80196 5.56722 176.423 
-0.0080507 1.42593 100708 1 -0.431771 0.356731 333 0 1412 -0.0160258 -0.0917468 -0.0147676 -1.81151 5.58449 176.227 
-0.581296 1.20744 100748 1 -0.431771 0.356731 334 0 1413 -0.0176059 -0.0949319 -0.0133687 -1.84999 5.58442 176.298 
-0.581296 1.20744 100748 1 -0.431771 0.356731 335 0 1413 -0.0176059 -0.0949319 -0.0133687 -1.84999 5.58442 176.298 
-0.480361 0.764543 100949 1 -0.431771 0.356731 336 0 1418 -0.0162729 -0.097009 -0.0124959 -1.88221 5.60462 176.229 
-0.467288 0.587909 101030 1 -0.431771 0.356731 337 0 1420 -0.0174986 -0.0973496 -0.0133408 -1.91823 5.64895 176.536 
-0.430643 0.533916 101069 1 -0.431771 0.356731 338 0 1421 -0.0175909 -0.0970539 -0.0134794 -1.9092 5.65882 176.499 
-0.430643 0.533916 101069 1 -0.431771 0.356731 339 0 1421 -0.0175909 -0.0970539 -0.0134794 -1.9092 5.65882 176.499 
-0.332606 0.489807 101229 1 -0.431771 0.356731 340 0 1425 -0.0156929 -0.0925241 -0.011327 -1.85046 5.63641 176.971 
-0.318481 0.514269 101310 1 -0.431771 0.356731 341 0 1427 -0.0156535 -0.0891736 -0.0111098 -1.81099 5.62586 176.92 
-0.355211 0.504818 101391 1 -0.431771 0.356731 342 0 1429 -0.0160764 -0.0915676 -0.0114823 -1.84715 5.63856 176.656 
-0.355211 0.504818 101391 1 -0.431771 0.356731 343 0 1429 -0.0160764 -0.0915676 -0.0114823 -1.84715 5.63856 176.656 
-0.281466 0.575399 101550 1 -0.431771 0.356731 344 0 1433 -0.0161224 -0.0920339 -0.0125553 -1.87261 5.65978 176.401 
-0.104735 0.625985 101631 1 -0.431771 0.356731 345 1 1435 -0.0168885 -0.0819378 -0.00879729 -1.74894 5.61935 176.708 
-0.065246 0.614932 101671 1 -0.431771 0.356731 346 1 1436 -0.0175538 -0.0785821 -0.00850603 -1.71506 5.6186 176.838 
-0.088437 0.603841 101711 1 -0.431771 0.356731 347 1 1437 -0.0183633 -0.0780995 -0.00843721 -1.71909 5.61877 176.901 
-0.088437 0.603841 101711 1 -0.431771 0.356731 348 1 1437 -0.0183633 -0.0780995 -0.00843721 -1.71909 5.61877 176.901 
-0.0894576 0.729981 101911 1 -0.431771 0.356731 349 1 1442 -0.0173721 -0.0655278 -0.00458746 -1.52274 5.5489 177.906 
-0.0614062 0.645213 101991 1 -0.431771 0.356731 350 1 1444 -0.0175356 -0.0643414 -0.00936401 -1.50804 5.58777 177.797 
-0.0879095 0.604225 102071 1 -0.431771 0.356731 351 1 1446 -0.0161067 -0.0668587 -0.00990507 -1.53381 5.57775 177.765 
-0.145259 0.649957 102112 1 -0.431771 0.356731 352 1 1447 -0.0163297 -0.0681046 -0.0104912 -1.54699 5.57921 177.781 
-0.248415 0.669318 102191 1 -0.431771 0.356731 353 0 1449 -0.0147705 -0.0696997 -0.0124483 -1.56835 5.59328 177.503 
-0.226113 0.597206 102271 1 -0.431771 0.356731 354 0 1451 -0.0150711 -0.0701168 -0.013884 -1.56108 5.60042 177.581 
-0.278821 0.5527 102352 1 -0.431771 0.356731 355 0 1453 -0.0154894 -0.0750783 -0.0152068 -1.62734 5.62365 177.672 
-0.287976 0.510686 102392 1 -0.431771 0.356731 356 0 1454 -0.0159276 -0.0754315 -0.0153129 -1.62506 5.62262 177.713 
-0.228141 0.505991 102472 1 -0.431771 0.356731 357 0 1456 -0.015689 -0.0759294 -0.0159045 -1.6235 5.6261 177.617 
-0.152224 0.553721 102552 1 -0.431771 0.356731 358 1 1458 -0.0156571 -0.0788241 -0.0155663 -1.67122 5.62766 177.71 
-0.169413 0.560686 102632 1 -0.431771 0.356731 359 1 1460 -0.0151778 -0.0782444 -0.0157339 -1.67825 5.62573 177.793 
-0.16667 0.545705 102712 1 -0.431771 0.356731 360 1 1462 -0.0148542 -0.0778669 -0.0160116 -1.68293 5.62249 177.875 
-0.081957 0.349544 102793 1 -0.431771 0.356731 361 1 1464 -0.0174652 -0.078787 -0.018264 -1.70793 5.65328 177.713 
-0.119174 0.447677 102873 1 -0.431771 0.356731 362 1 1466 -0.016601 -0.0761419 -0.015806 -1.69809 5.61969 177.474 
-0.137954 0.484774 102953 1 -0.431771 0.356731 363 1 1468 -0.01646 -0.0794582 -0.0150468 -1.73706 5.61019 177.301 
-0.202382 0.615187 103033 1 -0.431771 0.356731 364 0 1470 -0.0181629 -0.0812709 -0.0132687 -1.77506 5.58919 177.084 
-0.291527 0.708413 103113 1 -0.431771 0.356731 365 0 1472 -0.0208433 -0.0848763 -0.0138206 -1.82659 5.60134 176.718 
-0.280089 0.752254 103194 1 -0.431771 0.356731 366 0 1474 -0.0205572 -0.0854167 -0.0118544 -1.80381 5.58832 176.602 
-0.34697 0.776953 103274 1 -0.431771 0.356731 367 0 1476 -0.0196261 -0.0884401 -0.0109855 -1.82334 5.58285 176.806 
-0.354472 0.755309 103313 1 -0.431771 0.356731 368 0 1477 -0.018433 -0.0902468 -0.0121378 -1.83708 5.59493 176.761 
-0.348428 0.75357 103354 1 -0.431771 0.356731 369 0 1478 -0.0183668 -0.0903228 -0.0121336 -1.83616 5.595 176.76 
-0.348428 0.75357 103354 1 -0.431771 0.356731 370 0 1478 -0.0183668 -0.0903228 -0.0121336 -1.83616 5.595 176.76 
-0.374057 0.759979 103554 1 -0.431771 0.356731 371 0 1483 -0.0184523 -0.0910317 -0.0126914 -1.81578 5.60825 176.471 
-0.302454 0.713176 103635 1 -0.431771 0.356731 372 0 1485 -0.0177188 -0.0910544 -0.0123327 -1.81566 5.61246 176.33 
-0.29316 0.707391 103674 1 -0.431771 0.356731 373 0 1486 -0.017703 -0.0911054 -0.0122701 -1.8151 5.61318 176.313 
-0.29316 0.707391 103674 1 -0.431771 0.356731 374 0 1486 -0.017703 -0.0911054 -0.0122701 -1.8151 5.61318 176.313 
-0.225014 0.532411 103875 1 -0.431771 0.356731 375 0 1491 -0.0184198 -0.0954663 -0.010787 -1.87854 5.65325 176.497 
-0.201817 0.564836 103915 1 -0.431771 0.356731 376 0 1492 -0.016447 -0.0950866 -0.0101627 -1.86635 5.65156 176.541 
-0.149193 0.525524 103995 1 -0.431771 0.356731 377 1 1494 -0.0163634 -0.0927316 -0.0108246 -1.83108 5.6619 176.941 
-0.149193 0.525524 103995 1 -0.431771 0.356731 378 1 1494 -0.0163634 -0.0927316 -0.0108246 -1.83108 5.6619 176.941 
-0.751187 2.58553 104155 1 -0.431771 0.356731 379 0 1498 -0.016144 -0.0875599 -0.0108188 -1.76654 5.6576 176.939 
-1.05105 2.65531 104195 1 -0.431771 0.356731 380 0 1499 -0.0145816 -0.0892631 -0.0112772 -1.77313 5.65714 176.517 
-0.552651 0.982639 104276 1 -0.431771 0.356731 381 0 1501 -0.0155154 -0.0931568 -0.0113235 -1.82695 5.66876 176.531 
-0.325149 0.807098 104356 1 -0.431771 0.356731 382 0 1503 -0.0142019 -0.0883907 -0.00769497 -1.74658 5.63601 176.694 
-0.302559 0.655529 104435 1 -0.431771 0.356731 383 0 1505 -0.015449 -0.0864378 -0.0106615 -1.72579 5.68882 176.72 
-0.34258 0.63377 104475 1 -0.431771 0.356731 384 0 1506 -0.0160011 -0.0867193 -0.00987249 -1.73307 5.68884 176.842 
-0.380207 0.548299 104516 1 -0.431771 0.356731 385 0 1507 -0.0154208 -0.0838653 -0.0125585 -1.69802 5.71895 176.792 
-0.380207 0.548299 104516 1 -0.431771 0.356731 386 0 1507 -0.0154208 -0.0838653 -0.0125585 -1.69802 5.71895 176.792 
-0.275027 0.531355 104718 1 -0.431771 0.356731 387 0 1512 -0.0129457 -0.0802922 -0.0115436 -1.63485 5.68892 177.072 
-0.24778 0.414655 104796 1 -0.431771 0.356731 388 0 1514 -0.0136526 -0.0800726 -0.0120035 -1.64157 5.68063 177.119 
-0.267115 0.459857 104836 1 -0.431771 0.356731 389 0 1515 -0.0136984 -0.0791204 -0.0126565 -1.63507 5.68393 177.186 
-0.267115 0.459857 104836 1 -0.431771 0.356731 390 0 1515 -0.0136984 -0.0791204 -0.0126565 -1.63507 5.68393 177.186 
-0.190559 0.289131 104877 1 -0.431771 0.356731 391 1 1516 -0.0128593 -0.081086 -0.0133278 -1.67505 5.69063 177.081 
-0.0571053 0.275722 105077 1 -0.431771 0.356731 392 1 1521 -0.0128452 -0.0815078 -0.0145073 -1.70081 5.68068 177.257 
-0.0636212 0.270222 105159 1 -0.431771 0.356731 393 1 1523 -0.013987 -0.0795207 -0.0151348 -1.6822 5.67179 177.309 
-0.498746 0.363099 105237 1 -0.431771 0.356731 394 0 1525 -0.0146248 -0.0826995 -0.0176318 -1.73314 5.67665 176.981 
-0.512587 0.385948 105318 1 -0.431771 0.356731 395 0 1527 -0.0153665 -0.0799803 -0.0173658 -1.67195 5.65142 177.014 
-0.546103 0.396691 105358 1 -0.431771 0.356731 396 0 1528 -0.0151315 -0.0800195 -0.0177921 -1.66794 5.65005 177.062 
-0.512378 0.256021 105440 1 -0.431771 0.356731 397 0 1530 -0.0144608 -0.0811969 -0.01903 -1.66599 5.64185 177.237 
-0.51741 0.199974 105518 1 -0.431771 0.356731 398 0 1532 -0.0136002 -0.0816307 -0.0218897 -1.6605 5.66708 177.287 
-0.504637 0.751791 105598 1 -0.431771 0.356731 399 0 1534 -0.0140753 -0.081765 -0.0218859 -1.66164 5.66628 177.081 
-0.463298 0.898795 105638 1 -0.431771 0.356731 400 0 1535 -0.0139789 -0.0825441 -0.0208573 -1.67774 5.65199 177.084 
-0.463298 0.898795 105638 1 -0.431771 0.356731 401 0 1535 -0.0139789 -0.0825441 -0.0208573 -1.67774 5.65199 177.084 
-0.481523 0.988016 105798 1 -0.431771 0.356731 402 0 1539 -0.0146277 -0.0847128 -0.0201642 -1.73191 5.64157 176.883 
-0.571351 1.02589 105879 1 -0.431771 0.356731 403 0 1541 -0.0169841 -0.0889256 -0.018242 -1.81911 5.63031 176.805 
-0.570444 1.04423 105918 1 -0.431771 0.356731 404 0 1542 -0.0170319 -0.0888586 -0.0182201 -1.81992 5.63055 176.799 
-0.528679 1.0586 105958 1 -0.431771 0.356731 405 0 1543 -0.017126 -0.0888437 -0.0181701 -1.82012 5.63108 176.777 
-0.528679 1.0586 105958 1 -0.431771 0.356731 406 0 1543 -0.017126 -0.0888437 -0.0181701 -1.82012 5.63108 176.777 
-0.392366 1.04676 106119 1 -0.431771 0.356731 407 0 1547 -0.0164348 -0.0885097 -0.0185977 -1.81977 5.63029 177.016 
-0.377454 1.09262 106199 1 -0.431771 0.356731 408 0 1549 -0.0173826 -0.0871507 -0.0169749 -1.8078 5.61039 176.851 
-0.355398 1.13553 106280 1 -0.431771 0.356731 409 0 1551 -0.0169051 -0.0873273 -0.017066 -1.80587 5.6095 176.837 
-0.355398 1.13553 106280 1 -0.431771 0.356731 410 0 1551 -0.0169051 -0.0873273 -0.017066 -1.80587 5.6095 176.837 
-0.0476132 0.130515 106439 1 -0.431771 0.356731 411 1 1555 -0.018326 -0.0932156 -0.0158752 -1.86344 5.59792 176.62 
0.714678 0.096199 106520 1 -0.431771 0.356731 412 1 1557 -0.01908 -0.0936323 -0.0146428 -1.87049 5.57611 176.279 
0.733577 0.104838 106600 1 -0.431771 0.356731 413 1 1559 -0.0191654 -0.0943249 -0.0150847 -1.89155 5.58511 176.192 
0.733577 0.104838 106600 1 -0.431771 0.356731 414 1 1559 -0.0191654 -0.0943249 -0.0150847 -1.89155 5.58511 176.192 
0.772578 0.177717 106760 1 -0.431771 0.356731 415 1 1563 -0.0180343 -0.0970674 -0.0141989 -1.89109 5.58239 176.225 
0.806968 0.199586 106800 1 -0.431771 0.356731 416 1 1564 -0.0172141 -0.0962991 -0.0139156 -1.88271 5.57392 176.148 
0.793894 0.165126 106881 1 -0.431771 0.356731 417 1 1566 -0.016824 -0.0940184 -0.016262 -1.86014 5.60001 176.149 
0.773303 0.0646825 106961 1 -0.431771 0.356731 418 1 1568 -0.016801 -0.0905065 -0.016186 -1.82752 5.60111 176.244 
0.749363 0.0366797 107041 1 -0.431771 0.356731 419 1 1570 -0.0164763 -0.0900751 -0.0159826 -1.83311 5.60366 176.18 
0.764475 0.0486912 107080 1 -0.431771 0.356731 420 1 1571 -0.0173239 -0.089436 -0.0173516 -1.83562 5.61635 176.229 
0.691157 0.0354495 107161 1 -0.431771 0.356731 421 1 1573 -0.0169013 -0.0889832 -0.017181 -1.85667 5.60603 176.171 
0.754087 -0.0525323 107241 1 -0.431771 0.356731 422 1 1575 -0.0180832 -0.0804536 -0.0195299 -1.77185 5.61854 176.28 
0.748621 -0.224882 107321 1 -0.431771 0.356731 423 0 1577 -0.0172942 -0.082664 -0.0194153 -1.81988 5.61234 176.23 
0.765888 -0.211013 107402 1 -0.431771 0.356731 424 0 1579 -0.0170146 -0.0829338 -0.0154235 -1.80979 5.54537 176.302 
0.791883 -0.300022 107481 1 -0.431771 0.356731 425 0 1581 -0.0160526 -0.0816763 -0.0193502 -1.8032 5.57897 176.566 
0.810275 -0.26692 107521 1 -0.431771 0.356731 426 0 1582 -0.0163295 -0.0798631 -0.019035 -1.787 5.56775 176.626 
0.800354 -0.235577 107602 1 -0.431771 0.356731 427 0 1584 -0.0152994 -0.0806447 -0.0196099 -1.7897 5.55396 176.577 
0.430839 -0.101266 107684 1 -0.431771 0.356731 428 1 1586 -0.0157306 -0.0810351 -0.0182266 -1.78498 5.53454 176.463 
-0.489795 0.0279951 107762 1 -0.431771 0.356731 429 0 1588 -0.0170083 -0.0816922 -0.0208689 -1.77618 5.56772 176.573 
-0.525156 0.0129758 107842 1 -0.431771 0.356731 430 0 1590 -0.0162594 -0.0829327 -0.0203519 -1.78984 5.57698 176.533 
-0.49778 -0.0215578 107922 1 -0.431771 0.356731 431 0 1592 -0.0172313 -0.0838013 -0.0197627 -1.8034 5.5847 176.631 
-0.508825 -0.0509819 107962 1 -0.431771 0.356731 432 0 1593 -0.0177539 -0.0829727 -0.0191604 -1.8062 5.58578 176.615 
-0.546831 -0.0790707 108043 1 -0.431771 0.356731 433 0 1595 -0.0178394 -0.0843559 -0.0196467 -1.80685 5.59572 176.636 
-0.523729 -0.0291794 108123 1 -0.431771 0.356731 434 0 1597 -0.0167779 -0.0849806 -0.0196805 -1.79953 5.59548 176.607 
-0.523729 -0.0291794 108123 1 -0.431771 0.356731 435 0 1597 -0.0167779 -0.0849806 -0.0196805 -1.79953 5.59548 176.607 
-0.498854 -0.142217 108283 1 -0.431771 0.356731 436 0 1601 -0.0155102 -0.0841535 -0.0215506 -1.78482 5.61781 176.862 
-0.351952 0.198799 108364 1 -0.431771 0.356731 437 0 1603 -0.0158014 -0.0850996 -0.0200046 -1.78228 5.60297 176.719 
-0.361644 0.414793 108444 1 -0.431771 0.356731 438 0 1605 -0.015385 -0.0891473 -0.0182374 -1.82857 5.58836 176.535 
-0.361644 0.414793 108444 1 -0.431771 0.356731 439 0 1605 -0.015385 -0.0891473 -0.0182374 -1.82857 5.58836 176.535 
-0.375011 0.482082 108484 1 -0.431771 0.356731 440 0 1606 -0.0155932 -0.0896982 -0.0181091 -1.83249 5.59214 176.484 
-0.292571 0.340965 108645 1 -0.431771 0.356731 441 0 1610 -0.0174804 -0.0901205 -0.0171257 -1.84037 5.58774 176.323 
-0.302001 0.384177 108724 1 -0.431771 0.356731 442 0 1612 -0.0179129 -0.0921175 -0.0165819 -1.84691 5.581 176.185 
-0.297749 0.403638 108764 1 -0.431771 0.356731 443 0 1613 -0.0178899 -0.0921907 -0.0165218 -1.84608 5.58172 176.167 
-0.297749 0.403638 108764 1 -0.431771 0.356731 444 0 1613 -0.0178899 -0.0921907 -0.0165218 -1.84608 5.58172 176.167 
-0.311707 0.533085 108924 1 -0.431771 0.356731 445 0 1617 -0.0165587 -0.0931725 -0.0167551 -1.84143 5.58909 176.252 
-0.301943 0.520556 109004 1 -0.431771 0.356731 446 0 1619 -0.0165694 -0.0931438 -0.0166529 -1.84176 5.59028 176.224 
-0.554379 0.66388 109085 1 -0.431771 0.356731 447 0 1621 -0.0174389 -0.0921291 -0.0177895 -1.83107 5.61856 176.028 
-0.566252 0.672293 109125 1 -0.431771 0.356731 448 0 1622 -0.0178041 -0.0919271 -0.0178347 -1.82868 5.63179 175.994 
-0.515334 0.622179 109205 1 -0.431771 0.356731 449 0 1624 -0.0168695 -0.0885863 -0.0178003 -1.77497 5.64732 176.243 
-0.453541 0.630708 109286 1 -0.431771 0.356731 450 0 1626 -0.0160805 -0.0864402 -0.0181779 -1.74701 5.65383 176.297 
-0.427483 0.580824 109365 1 -0.43125 0.357692 451 0 1628 -0.0162351 -0.0845923 -0.0163461 -1.74174 5.64779 176.784 
-0.369512 0.65857 109405 1 -0.43125 0.359615 452 0 1629 -0.0154959 -0.0805748 -0.0151589 -1.69608 5.63498 176.853 
-0.369512 0.65857 109405 1 -0.430729 0.359615 453 0 1629 -0.0154959 -0.0805748 -0.0151589 -1.69608 5.63498 176.853 
-0.185778 0.589406 109606 1 -0.428125 0.358654 454 1 1634 -0.0123354 -0.0739796 -0.0124515 -1.59747 5.60077 178.056 
-0.0540298 0.618815 109646 1 -0.407813 0.358654 455 1 1635 -0.0126324 -0.0726352 -0.0121391 -1.57636 5.59653 178.18 
-0.0335631 0.634862 109725 1 -0.404687 0.360577 456 1 1637 -0.0124779 -0.072636 -0.0122419 -1.57634 5.59534 178.212 
-0.0335631 0.634862 109725 1 -0.398958 0.3625 457 1 1637 -0.0124779 -0.072636 -0.0122419 -1.57634 5.59534 178.212 
-0.0335631 0.634862 109766 1 -0.398958 0.3625 458 1 1638 -0.0124779 -0.072636 -0.0122419 -1.57634 5.59534 178.212 
0.0993017 0.795992 109967 1 -0.397917 0.3625 459 1 1643 -0.0100369 -0.0673983 -0.0120288 -1.51026 5.57316 178.656 
0.0882096 0.79204 110007 1 -0.397917 0.3625 460 1 1644 -0.0112444 -0.0696773 -0.0131334 -1.53601 5.57007 178.615 
0.0500629 0.826428 110086 1 -0.397917 0.3625 461 1 1646 -0.0114648 -0.0703027 -0.015012 -1.56084 5.58641 178.626 
0.0908581 0.909758 110166 1 -0.397917 0.3625 462 1 1648 -0.0106585 -0.0705899 -0.0123381 -1.53576 5.53535 178.839 
0.0597552 0.895317 110207 1 -0.397917 0.3625 463 1 1649 -0.0124104 -0.0726705 -0.0136474 -1.55183 5.55592 179.179 
0.0392789 0.90912 110289 1 -0.397917 0.3625 464 1 1651 -0.0119955 -0.0728693 -0.00969472 -1.5499 5.53504 179.39 
-0.166409 1.04224 110368 1 -0.397917 0.3625 465 1 1653 -0.0181193 -0.0871188 -0.0101659 -1.71064 5.58669 177.126 
0.428421 0.206209 110408 1 -0.397917 0.3625 466 1 1654 -0.0175608 -0.0763437 -0.0188666 -1.51795 5.78102 176.179 
0.291826 -0.249964 110487 1 -0.397917 0.3625 467 0 1656 -0.0239952 -0.095642 -0.0439736 -1.68966 6.0343 173.556 
0.395278 -0.72038 110568 1 -0.397917 0.3625 468 0 1658 -0.029741 -0.105084 -0.0595349 -1.76618 6.10283 173.218 
0.528124 -0.950142 110648 1 -0.397917 0.3625 469 0 1660 -0.0280102 -0.0953105 -0.0631714 -1.69612 6.01891 173.562 
0.376301 -1.04376 110690 1 -0.397917 0.3625 470 0 1661 -0.0275312 -0.1052 -0.0680229 -1.88563 6.01168 173.365 
0.447445 -0.209879 110768 1 -0.397917 0.3625 471 0 1663 -0.0339718 -0.0979077 -0.0466918 -2.01267 5.73078 175.067 
0.227882 0.508829 110848 1 -0.397917 0.3625 472 1 1665 -0.0457712 -0.0923314 -0.0290984 -2.10589 5.5261 174.535 
0.00426212 0.990009 110888 1 -0.397917 0.3625 473 1 1666 -0.0503054 -0.103413 -0.0222777 -2.1889 5.46997 173.704 
0.126711 1.02247 110968 1 -0.397917 0.3625 474 1 1668 -0.0436354 -0.110239 -0.00956522 -1.92504 5.42312 173.946 
0.320607 0.825529 111049 1 -0.397917 0.3625 475 1 1670 -0.0314441 -0.103143 -0.0105925 -1.61852 5.43553 175.162 
0.963783 0.519205 111129 1 -0.397917 0.3625 476 0 1672 -0.0310376 -0.076478 -0.00689721 -1.26845 5.34137 178.114 
0.83426 0.714265 111168 1 -0.397917 0.3625 477 0 1673 -0.0327313 -0.0807206 0.00652575 -1.35989 5.22086 179.074 
0.953756 1.15928 111249 1 -0.397917 0.3625 478 0 1675 -0.0311792 -0.0703185 0.02331 -1.35275 5.11228 180.209 
1.12157 1.2587 111329 1 -0.397917 0.3625 479 0 1677 -0.0346948 -0.0598417 0.0284111 -1.54408 5.17757 180.054 
0.898515 0.29517 111409 1 -0.397917 0.3625 480 0 1679 -0.0434171 -0.0636196 0.0194712 -1.90701 5.2129 180.697 
1.01862 0.395083 111490 1 -0.397917 0.3625 481 0 1681 -0.0525576 -0.0604005 0.0205277 -2.06408 5.0899 180.176 
1.11566 0.30393 111530 1 -0.397917 0.3625 482 0 1682 -0.0544249 -0.0612109 0.0145711 -2.07081 5.08043 179.544 
1.11566 0.30393 111530 1 -0.397917 0.3625 483 0 1682 -0.0544249 -0.0612109 0.0145711 -2.07081 5.08043 179.544 
0.298029 4.35255 111689 1 -0.397917 0.3625 484 0 1686 -0.0476659 -0.0636399 -0.0113855 -2.18489 5.26597 175.527 
0.411573 -2.2213 111770 1 -0.397917 0.3625 485 0 1688 -0.0592285 -0.113426 0.0314379 -2.78983 5.24708 167.217 
1.27886 -1.59701 111810 1 -0.397917 0.3625 486 0 1689 -0.063439 -0.12764 0.00206548 -2.98615 5.81657 165.305 
1.27886 -1.59701 111810 1 -0.397917 0.3625 487 0 1689 -0.063439 -0.12764 0.00206548 -2.98615 5.81657 165.305 
0.530766 0.986762 111851 1 -0.397917 0.3625 488 1 1690 -0.0516789 -0.0874486 0.0219557 -2.40135 5.92665 167.48 
-0.0252932 0.64794 112050 1 -0.397917 0.3625 489 1 1695 -0.0564141 -0.104356 0.0136867 -2.62748 6.47539 159.067 
0.38508 0.391191 112130 1 -0.397917 0.3625 490 1 1697 -0.0504431 -0.0859792 0.012942 -2.27152 6.50302 158.951 
0.452377 0.168307 112171 1 -0.397917 0.3625 491 1 1698 -0.0456767 -0.0806771 0.00108749 -2.0896 6.57903 158.576 
0.387761 0.161128 112251 1 -0.397917 0.3625 492 1 1700 -0.0362502 -0.0798211 -0.0095332 -1.73095 6.5656 157.792 
0.0376708 -1.35126 112330 1 -0.397917 0.3625 493 0 1702 -0.0260069 -0.0735436 -0.0077266 -1.52705 6.46554 158.53 
0.59019 -0.4338 112370 1 -0.397917 0.3625 494 0 1703 -0.0154312 -0.0740937 -0.025702 -1.16732 6.25648 158.76 
0.68131 -0.438135 112451 1 -0.397917 0.3625 495 0 1705 -0.00354195 -0.0761512 -0.0456016 -0.814394 6.13253 158.084 
0.630321 -0.194979 112531 1 -0.397917 0.3625 496 1 1707 0.00079739 -0.0806966 -0.0598534 -0.458111 5.98832 156.683 
0.540175 -0.225924 112571 1 -0.397917 0.3625 497 0 1708 -0.00076543 -0.0804287 -0.0628765 -0.305371 5.91965 156.089 
0.26368 -1.21263 112652 1 -0.397917 0.3625 498 0 1710 0.00253774 -0.0742266 -0.0643408 -0.142121 5.83478 155.875 
0.873451 -0.67885 112731 1 -0.394792 0.343269 499 0 1712 0.0106795 -0.0574192 -0.0735983 0.284708 5.50447 155.152 
0.718942 -2.56052 112772 1 -0.367188 0.291346 500 0 1713 0.0106795 -0.0574192 -0.0735983 0.284708 5.50447 155.152 
0.718942 -2.56052 112772 1 -0.241146 0.275 501 0 1713 0.0106795 -0.0574192 -0.0735983 0.284708 5.50447 155.152 
0.302538 -0.160183 112932 1 -0.0760417 0.3 502 1 1717 0.00686503 -0.0914965 -0.0768376 -0.46217 4.09588 146.098 
0.669832 -0.697433 113012 1 0.0583333 0.309615 503 0 1719 0.013716 -0.0786275 -0.0736003 -0.487196 3.91996 145.031 
0.560397 -0.474198 113092 1 0.209375 0.132692 504 0 1721 0.00710876 -0.0806244 -0.0658671 -0.834063 3.67652 142.935 
0.186434 -0.0931227 113172 1 0.330208 0 505 1 1723 -0.00484707 -0.0992862 -0.0623701 -1.28567 3.71196 141.44 
0.283281 0.210049 113253 1 0.505729 0 506 1 1725 -0.00970902 -0.104695 -0.0439441 -1.50518 3.56576 143.66 
0.683738 -0.331274 113333 1 0.65 0 507 0 1727 -0.00560526 -0.0936638 -0.053078 -1.4936 3.5328 148.865 
0.701893 -0.302648 113373 1 0.691146 0.00769231 508 0 1728 -0.00433731 -0.0928101 -0.0572224 -1.59854 3.50593 150.919 
1.71494 2.06043 113453 1 0.688542 0.0221154 509 0 1730 -0.00524624 -0.089872 -0.0578065 -1.68496 3.46116 152.911 
0.915963 1.16347 113533 1 0.646875 0.0230769 510 0 1732 -0.0118915 -0.108571 -0.0623676 -2.38012 3.60008 159.043 
0.775068 0.176701 113573 1 0.59375 0.0153846 511 1 1733 -0.00916135 -0.0854226 -0.0634954 -2.2174 3.56966 160.91 
0.491195 -0.0591997 113653 1 0.498437 0.00192308 512 1 1735 -0.0103366 -0.0827814 -0.0759993 -2.42048 3.71094 162.459 
0.484363 -1.43361 113734 1 0.447396 0 513 0 1737 -0.0123591 -0.0832095 -0.0717384 -2.47171 3.64497 164.838 
0.484363 -1.43361 113734 1 0.377604 0 514 0 1737 -0.0123591 -0.0832095 -0.0717384 -2.47171 3.64497 164.838 
0.484363 -1.43361 113734 1 0.367708 0 515 0 1737 -0.0123591 -0.0832095 -0.0717384 -2.47171 3.64497 164.838 
0.231364 0.0953949 113935 1 0.367708 0 516 1 1742 -0.0331097 -0.0866296 -0.0943636 -2.90704 3.68422 167.54 
-0.0987864 0.545901 113974 1 0.379167 0.0153846 517 1 1743 -0.0421527 -0.0844487 -0.100807 -3.03736 3.88939 165.939 
-0.223274 0.569888 114094 1 0.563542 0.151923 518 0 1746 -0.0497542 -0.089025 -0.105161 -3.05765 4.29761 164.962 
-0.242844 2.76811 114134 1 0.623437 0.174038 519 0 1747 -0.0497542 -0.089025 -0.105161 -3.05765 4.29761 164.962 
-0.242844 2.76811 114134 1 0.601563 0.161538 520 0 1747 -0.0497542 -0.089025 -0.105161 -3.05765 4.29761 164.962 
-0.181361 0.289658 114294 1 0.564063 0.116346 521 1 1751 -0.0543824 -0.0952473 -0.0976817 -3.04652 5.23488 165.337 
-0.182758 0.649102 114375 1 0.546875 0.0759615 522 1 1753 -0.0514169 -0.0919713 -0.0876472 -2.90758 5.20994 166.49 
-0.258556 0.27065 114455 1 0.532292 0.0519231 523 0 1755 -0.0521491 -0.0904836 -0.0994898 -2.86257 5.52927 166.044 
-0.26663 0.214498 114534 1 0.530208 0.0490385 524 0 1757 -0.0557188 -0.101157 -0.104497 -3.10257 5.85083 166.974 
-0.11567 0.153075 114575 1 0.519792 0.0403846 525 1 1758 -0.0534414 -0.0954946 -0.09874 -3.09128 5.80039 167.944 
-0.414408 0.420476 114655 1 0.508854 0.0355769 526 0 1760 -0.0578453 -0.104064 -0.105644 -3.3526 6.04849 168.134 
-0.158492 0.426194 114736 1 0.504687 0.0326923 527 1 1762 -0.0579576 -0.0942415 -0.0967653 -3.29614 5.98006 169.549 
-0.0148476 0.334789 114775 1 0.504687 0.0317308 528 1 1763 -0.0584253 -0.0870504 -0.0958537 -3.2228 5.96378 170.125 
0.638841 -0.553975 114856 1 0.502604 0.0192308 529 0 1765 -0.0497321 -0.0748927 -0.103201 -2.93179 5.97359 173.372 
1.21186 0.50622 114935 1 0.5 0 530 0 1767 -0.0430946 -0.0664693 -0.111573 -2.73322 5.92714 174.342 
1.31191 -0.203811 115016 1 0.499479 0 531 0 1769 -0.0235791 -0.0761641 -0.108826 -2.70068 5.41947 173.582 
0.954137 -1.24471 115096 1 0.499479 0.00673077 532 0 1771 -0.0122429 -0.0664228 -0.111705 -2.54617 5.22836 172.474 
0.832644 -1.05708 115136 1 0.498958 0.0230769 533 0 1772 -0.0127598 -0.0627642 -0.111006 -2.49402 5.19999 170.938 
0.934628 -0.867882 115217 1 0.498437 0.0307692 534 0 1774 -0.017152 -0.0566568 -0.107176 -2.33946 5.09654 169.723 
0.58209 -0.609441 115296 1 0.497917 0.0384615 535 0 1776 -0.0257147 -0.0720552 -0.103086 -2.51589 5.06196 168.339 
0.58209 -0.609441 115296 1 0.498437 0.0576923 536 0 1776 -0.0257147 -0.0720552 -0.103086 -2.51589 5.06196 168.339 
0.58209 -0.609441 115296 1 0.497917 0.0605769 537 0 1776 -0.0257147 -0.0720552 -0.103086 -2.51589 5.06196 168.339 
0.772498 -1.11463 115497 1 0.497917 0.0605769 538 0 1781 -0.0240676 -0.0790619 -0.107054 -2.7818 5.09065 169.96 
0.761341 -1.18162 115578 1 0.495312 0.0605769 539 0 1783 -0.0273279 -0.0725998 -0.106532 -2.83725 5.04537 170.08 
0.661545 -1.02046 115618 1 0.405729 0.0596154 540 0 1784 -0.0340911 -0.0666332 -0.10492 -2.79104 5.02377 169.509 
0.661545 -1.02046 115618 1 0.235417 0.0336538 541 0 1784 -0.0340911 -0.0666332 -0.10492 -2.79104 5.02377 169.509 
0.458693 -0.343878 115858 1 0.216146 0.00865385 542 0 1790 -0.044664 -0.083725 -0.112698 -2.73057 5.06807 168.759 
0.509749 -0.459114 115898 1 0.192708 0.00769231 543 0 1791 -0.0373439 -0.0772936 -0.108538 -2.68671 5.01214 168.744 
0.40082 -0.254058 115938 1 0.168229 0.00961538 544 0 1792 -0.0366799 -0.0729855 -0.104656 -2.64027 4.97159 168.073 
0.40082 -0.254058 115938 1 0.13125 0.00961538 545 0 1792 -0.0366799 -0.0729855 -0.104656 -2.64027 4.97159 168.073 
-0.532803 0.730376 116138 1 0.123438 0.00961538 546 0 1797 -0.0454891 -0.101323 -0.101144 -2.82677 5.18042 163.052 
-2.19783 2.36387 116218 1 0.123438 0.00961538 547 0 1799 -0.0557295 -0.110042 -0.104698 -2.84389 5.28722 160.022 
-1.75564 1.03039 116258 1 0.123438 0.0105769 548 0 1800 -0.051303 -0.116562 -0.102378 -2.87235 5.34982 159.636 
-1.75564 1.03039 116258 1 0.123438 0.0105769 549 0 1800 -0.051303 -0.116562 -0.102378 -2.87235 5.34982 159.636 
-0.314548 0.0147944 116418 1 0.123438 0.0105769 550 0 1804 -0.0324324 -0.104072 -0.0626649 -2.55663 5.13165 163.515 
-0.266708 -0.403281 116539 1 0.121875 0.0326923 551 0 1807 -0.0270059 -0.115154 -0.0754238 -2.77107 5.29094 163.677 
-0.202371 -0.385402 116579 1 0.119271 0.186538 552 0 1808 -0.0285973 -0.121554 -0.0783328 -2.8504 5.42113 163.938 
-0.202371 -0.385402 116579 1 0.117188 0.259615 553 0 1808 -0.0285973 -0.121554 -0.0783328 -2.8504 5.42113 163.938 
0.0194925 -0.246438 116779 1 0.122917 0.258654 554 0 1813 -0.0319205 -0.118581 -0.0801378 -3.16467 5.59026 164.004 
0.0165957 -0.0510034 116859 1 0.129688 0.251923 555 1 1815 -0.0329127 -0.108677 -0.0800359 -3.05051 5.57968 163.425 
-0.0415125 0.232511 116899 1 0.139583 0.256731 556 1 1816 -0.0339934 -0.107496 -0.0812017 -3.00986 5.58409 162.784 
