ImageFile:
-0.000738904 0.162166 87457 1 0.25625 0.240385 1 1 1064 0.0374971 -0.0304631 -0.0686348 -1.99038 1.7439 123.004 
-0.000922406 0.162938 87538 1 0.253125 0.241346 2 1 1066 0.037463 -0.0305003 -0.0685579 -1.98999 1.74478 122.994 
-0.0262988 0.12361 87618 1 0.247917 0.246154 3 1 1068 0.0375646 -0.0344897 -0.0670653 -2.0327 1.74924 122.991 
-0.048451 0.137045 87699 1 0.230729 0.304808 4 1 1070 0.0366059 -0.0363839 -0.0659704 -2.05769 1.75237 123.001 
-0.0657644 0.195852 87779 1 0.194271 0.542308 5 1 1072 0.0367835 -0.0365664 -0.0651216 -2.05661 1.73975 122.977 
0.00423915 0.129353 87858 1 0.142708 0.821154 6 1 1074 0.037738 -0.0323626 -0.0655824 -2.01471 1.72718 123.256 
0.00525249 0.174612 87939 1 0.0947917 0.928846 7 1 1076 0.0381136 -0.0312532 -0.0661616 -1.9913 1.72783 123.095 
0.257394 0.490323 88019 1 0.078125 0.949038 8 1 1078 0.0371134 -0.0345603 -0.0665121 -2.02903 1.74227 122.993 
0.245247 0.515076 88100 1 0.0755208 0.952885 9 1 1080 0.0380943 -0.0374754 -0.0666932 -2.05333 1.73378 122.94 
0.241737 0.520688 88139 1 0.0755208 0.952885 10 1 1081 0.0372397 -0.0383529 -0.0669688 -2.06488 1.74008 122.977 
0.16997 0.445678 88219 1 0.0755208 0.952885 11 1 1083 0.0372335 -0.0390668 -0.0665088 -2.07567 1.74991 122.969 
0.155634 0.468716 88300 1 0.0755208 0.956731 12 1 1085 0.0374366 -0.0396571 -0.0654173 -2.08265 1.74277 122.944 
0.18422 0.440802 88340 1 0.071875 0.967308 13 1 1086 0.0375926 -0.0367772 -0.0661584 -2.05381 1.74869 122.95 
0.184147 0.44363 88420 1 0.0713542 0.970192 14 1 1088 0.0375741 -0.0367668 -0.0662081 -2.05393 1.74811 122.968 
0.220268 0.452469 88500 1 0.0713542 0.971154 15 1 1090 0.0385939 -0.0340903 -0.0673083 -2.03255 1.7539 123.02 
0.254325 0.435616 88580 1 0.0713542 0.971154 16 1 1092 0.0385784 -0.0302499 -0.0673158 -1.99119 1.74812 123.027 
0.230501 0.431214 88660 1 0.0713542 0.971154 17 1 1094 0.0386434 -0.0314753 -0.0673437 -2.00845 1.75589 123.052 
0.207126 0.402139 88700 1 0.0713542 0.971154 18 1 1095 0.0380595 -0.0320257 -0.0665193 -2.025 1.75699 123.181 
0.1774 0.452501 88781 1 0.0713542 0.971154 19 1 1097 0.0376154 -0.0339395 -0.0660794 -2.04542 1.76278 123.018 
0.174814 0.45281 88861 1 0.0713542 0.971154 20 1 1099 0.0370997 -0.0342648 -0.0654127 -2.04397 1.75199 122.991 
0.158515 0.463253 88940 1 0.0713542 0.971154 21 1 1101 0.0376452 -0.0361255 -0.0657138 -2.05946 1.75845 122.953 
0.242363 0.515753 89021 1 0.0713542 0.971154 22 1 1103 0.0372992 -0.0336154 -0.0651371 -2.03386 1.74401 122.981 
0.520244 0.729112 89101 1 0.0713542 0.971154 23 1 1105 0.0380317 -0.032168 -0.0675584 -2.02067 1.75792 122.998 
0.501441 0.719128 89141 1 0.0734375 0.968269 24 1 1106 0.0380894 -0.0319533 -0.0676188 -2.01877 1.74626 123.054 
0.539585 0.708761 89222 1 0.0734375 0.968269 25 1 1108 0.0382711 -0.0295712 -0.0671814 -2.00227 1.72959 123.075 
0.553415 0.739377 89301 1 0.0734375 0.968269 26 1 1110 0.0381788 -0.0286391 -0.0685275 -1.99299 1.72686 123.061 
0.501324 0.76874 89381 1 0.0734375 0.968269 27 1 1112 0.0374317 -0.0324428 -0.0668054 -2.04341 1.72375 123.072 
0.50111 0.770176 89464 1 0.0734375 0.968269 28 1 1114 0.0366379 -0.0326355 -0.0664703 -2.04186 1.72774 123.119 
0.504524 0.749833 89542 1 0.0734375 0.968269 29 1 1116 0.0364229 -0.0329443 -0.0659668 -2.0391 1.7335 123.097 
0.466279 0.851553 89622 1 0.0734375 0.968269 30 1 1118 0.0361378 -0.0387692 -0.066098 -2.10194 1.75051 123.028 
0.487585 0.864453 89702 1 0.0734375 0.968269 31 1 1120 0.0358199 -0.0393606 -0.0651293 -2.10925 1.74537 122.989 
0.471915 0.873462 89784 1 0.0734375 0.968269 32 1 1122 0.0354823 -0.0383551 -0.0646799 -2.09767 1.73614 123.005 
0.464885 0.876599 89822 1 0.0734375 0.968269 33 1 1123 0.0356538 -0.0414977 -0.0654075 -2.1271 1.7389 122.957 
0.464885 0.876599 89822 1 0.0734375 0.968269 34 1 1123 0.0356538 -0.0414977 -0.0654075 -2.1271 1.7389 122.957 
0.480169 0.899795 90023 1 0.0734375 0.968269 35 1 1128 0.036319 -0.0366978 -0.0652059 -2.07699 1.71837 122.986 
0.491142 0.894839 90103 1 0.0734375 0.968269 36 1 1130 0.0364612 -0.0368986 -0.0658713 -2.07775 1.72963 122.952 
0.458528 0.904765 90143 1 0.0734375 0.968269 37 1 1131 0.0362491 -0.0393453 -0.0658989 -2.10634 1.73927 122.968 
0.478066 0.883989 90223 1 0.0734375 0.968269 38 1 1133 0.0355902 -0.0380448 -0.0655157 -2.09598 1.7437 122.989 
0.490986 0.893672 90304 1 0.0734375 0.968269 39 1 1135 0.0358334 -0.0391764 -0.0644512 -2.10313 1.73159 123.004 
0.453158 0.900476 90344 1 0.0734375 0.968269 40 1 1136 0.0351685 -0.0409078 -0.063361 -2.12146 1.72582 122.984 
0.472386 0.892483 90423 1 0.0734375 0.968269 41 1 1138 0.0350289 -0.0416179 -0.0634045 -2.13172 1.74444 123.039 
0.497477 0.876105 90503 1 0.0734375 0.968269 42 1 1140 0.0348829 -0.038501 -0.0632092 -2.09664 1.75092 123.067 
0.531211 0.844109 90584 1 0.0734375 0.968269 43 1 1142 0.0355222 -0.0358525 -0.0647543 -2.0692 1.77229 123.147 
0.533388 0.876596 90665 1 0.0734375 0.968269 44 1 1144 0.0361408 -0.0342246 -0.0631114 -2.06065 1.75813 123.255 
0.599505 0.875073 90704 1 0.0734375 0.968269 45 1 1145 0.0359207 -0.0311809 -0.0620717 -2.02874 1.75169 123.23 
0.605001 0.905589 90784 1 0.0734375 0.968269 46 1 1147 0.0363736 -0.0316893 -0.0609816 -2.03531 1.73999 123.254 
0.563334 0.90301 90865 1 0.0734375 0.968269 47 1 1149 0.0362514 -0.0336719 -0.058671 -2.05255 1.72513 123.253 
0.596002 0.937886 90944 1 0.0734375 0.968269 48 1 1151 0.0359184 -0.0316706 -0.0579448 -2.03061 1.72434 123.267 
0.574949 0.958096 91025 1 0.0734375 0.968269 49 1 1153 0.0357591 -0.0322641 -0.0572437 -2.03857 1.71578 123.253 
0.552968 0.984968 91105 1 0.0734375 0.968269 50 1 1155 0.0357142 -0.0341692 -0.0561338 -2.04654 1.6994 123.2 
0.561972 0.94728 91185 1 0.0734375 0.968269 51 1 1157 0.0356837 -0.033288 -0.058292 -2.03713 1.72031 123.231 
0.528857 0.971676 91225 1 0.0734375 0.968269 52 1 1158 0.0352223 -0.0355781 -0.0575195 -2.05534 1.70655 123.207 
0.544205 0.909294 91305 1 0.0734375 0.968269 53 1 1160 0.0358297 -0.0357522 -0.0623809 -2.05039 1.74618 123.252 
0.538219 0.896959 91385 1 0.0734375 0.968269 54 1 1162 0.0360621 -0.0355731 -0.0621804 -2.05235 1.74844 123.233 
0.53938 0.888819 91466 1 0.0734375 0.968269 55 1 1164 0.035682 -0.0357114 -0.0619805 -2.05088 1.75046 123.233 
0.549194 0.927511 91545 1 0.0734375 0.968269 56 1 1166 0.03595 -0.0342694 -0.0589455 -2.04473 1.73494 123.295 
0.551477 1.00035 91626 1 0.0734375 0.968269 57 1 1168 0.03517 -0.0349154 -0.0542216 -2.04257 1.68926 123.277 
0.549233 0.985242 91706 1 0.0734375 0.968269 58 1 1170 0.0358729 -0.0342496 -0.0544418 -2.03875 1.69744 123.31 
0.580536 1.02776 91787 1 0.0734375 0.968269 59 1 1172 0.0359301 -0.0317886 -0.0542135 -2.00962 1.68864 123.237 
0.59063 1.01065 91867 1 0.0734375 0.968269 60 1 1174 0.0362823 -0.0310762 -0.05433 -2.00498 1.68807 123.371 
0.598696 1.00768 91907 1 0.0734375 0.968269 61 1 1175 0.0366459 -0.0315483 -0.0554056 -2.00366 1.6951 123.335 
0.615315 0.961176 91986 1 0.0734375 0.968269 62 1 1177 0.0377199 -0.0301127 -0.0575585 -1.98964 1.70674 123.313 
0.693335 0.912846 92066 1 0.0734375 0.968269 63 1 1179 0.0388904 -0.0242187 -0.0594088 -1.93914 1.72226 123.476 
0.744816 0.848066 92149 1 0.0734375 0.968269 64 1 1181 0.0400606 -0.0193021 -0.0625469 -1.92357 1.74413 123.455 
0.70483 0.843828 92227 1 0.0734375 0.968269 65 1 1183 0.0392739 -0.0218174 -0.0637936 -1.97273 1.74841 123.417 
0.649743 0.887894 92307 1 0.0734375 0.968269 66 1 1185 0.0376053 -0.0248208 -0.062463 -2.0205 1.72811 123.363 
0.5747 0.92061 92347 1 0.0734375 0.968269 67 1 1186 0.0358727 -0.0304003 -0.0618791 -2.08588 1.72544 123.372 
0.512652 1.03789 92467 1 0.0734375 0.968269 68 1 1189 0.0347612 -0.038856 -0.0574823 -2.14922 1.6758 123.181 
0.477761 1.04557 92548 1 0.0734375 0.968269 69 1 1191 0.0344217 -0.0400143 -0.058322 -2.15502 1.6966 123.175 
0.4805 1.04954 92588 1 0.0734375 0.968269 70 1 1192 0.0348354 -0.0397545 -0.0559884 -2.14681 1.66375 123.225 
0.537879 1.05774 92668 1 0.0630208 0.967308 71 1 1194 0.0358579 -0.0362605 -0.0566904 -2.11483 1.66361 123.295 
0.573313 1.01509 92748 1 -0.04375 0.95 72 1 1196 0.0361665 -0.0343003 -0.0592315 -2.1031 1.69153 123.295 
0.557825 0.995642 92828 1 -0.396354 0.910577 73 1 1198 0.035914 -0.0343197 -0.060276 -2.10582 1.68741 123.291 
0.491147 1.04658 92908 1 -0.916667 0.715385 74 1 1200 0.034778 -0.0393745 -0.0604203 -2.16064 1.69181 123.209 
0.478598 1.03574 92949 1 -1 0.619231 75 1 1201 0.0350315 -0.0396688 -0.0601356 -2.16155 1.68002 123.221 
0.478598 1.03574 92949 1 -1 0.614423 76 1 1201 0.0350315 -0.0396688 -0.0601356 -2.16155 1.68002 123.221 
0.501116 1.03243 93068 1 -1 0.614423 77 1 1204 0.0358175 -0.0379939 -0.0601136 -2.14289 1.66889 123.205 
0.521575 1.02692 93148 1 -1 0.614423 78 1 1206 0.0344329 -0.0380354 -0.0604302 -2.14568 1.67805 123.191 
0.478934 1.03891 93229 1 -1 0.614423 79 1 1208 0.0346033 -0.0415814 -0.0612803 -2.18953 1.69372 123.157 
0.448899 1.06824 93311 1 -1 0.600962 80 1 1210 0.0341221 -0.041565 -0.0613699 -2.17732 1.68042 123.077 
0.436281 1.10295 93390 1 -1 0.450962 81 1 1212 0.0340629 -0.0438691 -0.0588256 -2.19403 1.6688 123.05 
0.387121 1.12033 93469 1 -1 0.220192 82 1 1214 0.0338105 -0.0458487 -0.0585213 -2.20371 1.66522 123.011 
0.40454 1.12688 93509 1 -1 0.0278846 83 1 1215 0.0339461 -0.0464105 -0.0577914 -2.20617 1.66777 123.036 
0.404487 1.1192 93592 1 -0.997917 0.00769231 84 1 1217 0.034123 -0.0456336 -0.057321 -2.18968 1.67474 123.022 
0.444634 1.06163 93670 1 -0.967708 0.00769231 85 1 1219 0.0331884 -0.0415801 -0.0649018 -2.12525 1.71155 122.881 
0.415499 1.04977 93751 1 -0.934375 0.00769231 86 1 1221 0.0326883 -0.0423501 -0.0666068 -2.14391 1.71343 122.873 
0.378141 1.06614 93830 1 -0.920833 0.00769231 87 1 1223 0.0320992 -0.046518 -0.0655755 -2.19156 1.70386 122.805 
0.328322 1.10223 93910 1 -0.893229 0.00769231 88 1 1225 0.0316107 -0.051355 -0.0638604 -2.24597 1.69671 122.79 
0.278854 1.12405 93990 1 -0.665104 0.00769231 89 1 1227 0.0315691 -0.0571065 -0.0625199 -2.29259 1.68903 122.802 
0.241991 1.18351 94071 1 -0.324479 0.00769231 90 1 1229 0.031591 -0.0604468 -0.0575494 -2.31485 1.67202 122.743 
0.253317 1.18648 94111 1 -0.177083 0.00769231 91 1 1230 0.0317894 -0.0593527 -0.0571719 -2.29339 1.66541 122.762 
0.264975 1.15602 94190 1 -0.182292 0.00961538 92 1 1232 0.0326346 -0.0580536 -0.0562953 -2.27081 1.67989 122.804 
0.286167 1.17411 94271 1 -0.202083 0.00961538 93 1 1234 0.0333089 -0.0548268 -0.0530115 -2.24048 1.66147 122.991 
0.379303 1.12606 94351 1 -0.202604 0.00769231 94 1 1236 0.0347794 -0.0487897 -0.0541601 -2.17665 1.68087 123.139 
0.430082 1.11125 94391 1 -0.198958 0.00769231 95 1 1237 0.0358778 -0.0434948 -0.0540126 -2.12505 1.67783 123.184 
0.510583 1.06847 94471 1 -0.201042 0.0240385 96 1 1239 0.0373025 -0.0384197 -0.0553383 -2.06804 1.68372 123.3 
0.536789 1.06547 94552 1 -0.323437 0.276923 97 1 1241 0.0375697 -0.0368785 -0.0566528 -2.05874 1.69116 123.294 
0.589941 1.03849 94631 1 -0.473438 0.534615 98 1 1243 0.0396356 -0.0303334 -0.0580581 -1.99717 1.7005 123.408 
0.613231 1.00388 94671 1 -0.496354 0.564423 99 1 1244 0.040871 -0.0275655 -0.0602396 -1.97001 1.71606 123.363 
0.614714 0.997825 94752 1 -0.496354 0.564423 100 1 1246 0.0413482 -0.0311832 -0.0616527 -1.98379 1.70025 123.372 
0.531922 1.00121 94832 1 -0.494792 0.577885 101 1 1248 0.0409858 -0.0328854 -0.0618562 -2.00598 1.70362 123.24 
0.0412178 0.840082 94912 1 -0.463021 0.639423 102 1 1250 0.0410663 -0.0337417 -0.0607759 -2.01385 1.69125 123.247 
0.0521909 0.801099 94952 1 -0.450521 0.669231 103 1 1251 0.041383 -0.0336082 -0.061363 -2.01124 1.6967 123.189 
0.0324964 0.777554 95032 1 -0.450521 0.681731 104 1 1253 0.041239 -0.0346443 -0.061096 -2.02729 1.70559 123.181 
0.0273153 0.727083 95115 1 -0.455208 0.683654 105 1 1255 0.0408874 -0.0342135 -0.0592163 -2.02576 1.69116 123.16 
0.0276103 0.739463 95193 1 -0.470313 0.686538 106 1 1257 0.0411558 -0.0340859 -0.0595197 -2.02703 1.68754 123.263 
0.0556336 0.714139 95273 1 -0.484896 0.691346 107 1 1259 0.0418019 -0.0328851 -0.0586543 -2.01075 1.68146 123.189 
0.0900169 0.657194 95353 1 -0.496354 0.693269 108 1 1261 0.0422844 -0.0284504 -0.0617567 -1.96675 1.71417 123.269 
0.122717 0.648167 95393 1 -0.503125 0.693269 109 1 1262 0.0426541 -0.0250783 -0.061783 -1.93149 1.70718 123.272 
0.116482 0.673486 95473 1 -0.509375 0.695192 110 1 1264 0.0424091 -0.0264932 -0.0611009 -1.95237 1.70301 123.208 
0.0675662 0.684208 95553 1 -0.5125 0.696154 111 1 1266 0.040787 -0.0294546 -0.0597911 -1.98329 1.70417 123.176 
0.0747175 0.684459 95594 1 -0.513021 0.696154 112 1 1267 0.0406806 -0.0296276 -0.0581935 -1.99006 1.6926 123.218 
0.0233288 0.679419 95674 1 -0.513021 0.697115 113 1 1269 0.0390355 -0.0326937 -0.0559715 -2.02549 1.69418 123.265 
0.056301 0.715275 95753 1 -0.513021 0.697115 114 1 1271 0.0390853 -0.0324427 -0.0553689 -2.02755 1.69519 123.271 
0.101699 0.723334 95803 1 -0.513021 0.697115 115 1 1272 0.0399075 -0.02982 -0.0539045 -2.00254 1.68189 123.219 
0.0958682 0.717438 95874 1 -0.510417 0.697115 116 1 1274 0.0397164 -0.0296837 -0.0538335 -2.00401 1.68271 123.259 
0.109495 0.723404 95954 1 -0.499479 0.697115 117 1 1276 0.0408832 -0.0290054 -0.0547278 -1.98273 1.67908 123.292 
0.118168 0.728738 96035 1 -0.491146 0.697115 118 1 1278 0.0408139 -0.0292962 -0.05472 -1.98007 1.67368 123.355 
0.1477 0.697434 96075 1 -0.489583 0.697115 119 1 1279 0.041487 -0.0277118 -0.0556483 -1.95673 1.67655 123.325 
0.1477 0.697434 96075 1 -0.489583 0.697115 120 1 1279 0.041487 -0.0277118 -0.0556483 -1.95673 1.67655 123.325 
0.119399 0.674296 96235 1 -0.489583 0.697115 121 1 1283 0.0418269 -0.0278035 -0.0575866 -1.95744 1.71317 123.312 
0.126388 0.665292 96275 1 -0.489583 0.697115 122 1 1284 0.042355 -0.0261727 -0.0568392 -1.94281 1.70829 123.421 
0.166635 0.685964 96355 1 -0.489583 0.697115 123 1 1286 0.0421177 -0.0257811 -0.0560421 -1.94434 1.70403 123.354 
0.164977 0.664455 96436 1 -0.489583 0.697115 124 1 1288 0.0429798 -0.0240591 -0.0583138 -1.93276 1.72543 123.363 
0.209563 0.672566 96475 1 -0.489583 0.697115 125 1 1289 0.0417649 -0.0234103 -0.0567814 -1.9267 1.71682 123.375 
0.193444 0.67445 96555 1 -0.489583 0.697115 126 1 1291 0.0422264 -0.0222526 -0.0588019 -1.91867 1.72847 123.326 
0.158501 0.674858 96636 1 -0.489583 0.697115 127 1 1293 0.0421536 -0.0255108 -0.0601404 -1.94418 1.73234 123.319 
0.182558 0.652406 96676 1 -0.489583 0.697115 128 1 1294 0.0426138 -0.0237214 -0.06136 -1.92185 1.73826 123.344 
0.175755 0.638116 96756 1 -0.489583 0.697115 129 1 1296 0.0429098 -0.0232707 -0.062678 -1.91536 1.74223 123.341 
0.566139 0.338979 96836 1 -0.489583 0.697115 130 1 1298 0.0434853 -0.0226768 -0.0621713 -1.9063 1.73757 123.26 
0.590216 0.206933 96916 1 -0.489583 0.697115 131 1 1300 0.0428359 -0.0234622 -0.062875 -1.92243 1.7449 123.303 
0.588478 0.208648 96956 1 -0.489583 0.697115 132 1 1301 0.0428283 -0.0234705 -0.062853 -1.92235 1.74516 123.299 
0.594617 0.23546 97036 1 -0.489583 0.697115 133 1 1303 0.0427836 -0.0244419 -0.0624483 -1.93044 1.73857 123.277 
0.630061 0.232371 97116 1 -0.489583 0.697115 134 1 1305 0.0422796 -0.0250741 -0.0622473 -1.93856 1.74241 123.229 
0.605718 0.241882 97197 1 -0.489583 0.697115 135 1 1307 0.0416665 -0.0264323 -0.061102 -1.95346 1.73047 123.352 
0.605867 0.243755 97236 1 -0.489583 0.697115 136 1 1308 0.0417022 -0.0263752 -0.0608831 -1.95433 1.7329 123.306 
0.655039 0.231494 97316 1 -0.489583 0.697115 137 1 1310 0.0416534 -0.0254786 -0.0611647 -1.94696 1.73835 123.377 
0.664063 0.228938 97399 1 -0.489583 0.697115 138 1 1312 0.0421337 -0.0228 -0.0608346 -1.93251 1.73033 123.421 
0.669821 0.241805 97477 1 -0.489583 0.697115 139 1 1314 0.0417207 -0.022977 -0.0614733 -1.94675 1.73566 123.362 
0.654254 0.228321 97517 1 -0.489583 0.697115 140 1 1315 0.0414792 -0.0227077 -0.0609637 -1.94882 1.73289 123.346 
0.653524 0.229581 97597 1 -0.489583 0.697115 141 1 1317 0.0413694 -0.0226757 -0.0607156 -1.94931 1.73577 123.314 
0.64798 0.235921 97679 1 -0.489583 0.697115 142 1 1319 0.0413663 -0.0240767 -0.0586497 -1.96456 1.71619 123.375 
0.651792 0.24744 97757 1 -0.489583 0.697115 143 1 1321 0.0418181 -0.0239702 -0.0576517 -1.95039 1.70678 123.355 
0.655275 0.283295 97838 1 -0.479167 0.697115 144 1 1323 0.0421753 -0.0237831 -0.0554637 -1.94896 1.67811 123.38 
0.648643 0.282304 97918 1 -0.479167 0.697115 145 1 1325 0.0416412 -0.0245496 -0.0565203 -1.95892 1.68619 123.335 
0.657743 0.237445 97958 1 -0.479167 0.697115 146 1 1326 0.0417643 -0.0234821 -0.0583373 -1.95065 1.70377 123.405 
0.662032 0.218751 98038 1 -0.479167 0.697115 147 1 1328 0.0418955 -0.0235864 -0.0605077 -1.94673 1.70446 123.319 
0.640174 0.19136 98118 1 -0.479167 0.697115 148 1 1330 0.0417031 -0.0232553 -0.0628647 -1.95496 1.72168 123.412 
0.64589 0.223475 98198 1 -0.479167 0.697115 149 1 1332 0.0417804 -0.0232742 -0.0633924 -1.9545 1.71546 123.516 
0.640702 0.191654 98279 1 -0.479167 0.697115 150 1 1334 0.0419503 -0.0233433 -0.0631843 -1.95394 1.71788 123.402 
0.609317 0.208694 98359 1 -0.479167 0.697115 151 1 1336 0.0414406 -0.0259847 -0.0604859 -1.98912 1.69642 123.308 
0.605645 0.216015 98398 1 -0.479167 0.697115 152 1 1337 0.0416022 -0.0259692 -0.0592315 -1.99242 1.69014 123.268 
0.571794 0.275434 98479 1 -0.479167 0.697115 153 1 1339 0.0403366 -0.0286675 -0.0597583 -2.03608 1.71093 123.284 
0.562632 0.26524 98559 1 -0.479167 0.697115 154 1 1341 0.0397137 -0.0281804 -0.0590894 -2.03696 1.70853 123.224 
0.571861 0.276433 98599 1 -0.479167 0.697115 155 1 1342 0.0392366 -0.0281929 -0.0587265 -2.03694 1.71264 123.191 
0.594183 0.302327 98680 1 -0.479167 0.697115 156 1 1344 0.0395954 -0.0259259 -0.0566259 -2.0149 1.67157 123.314 
0.592454 0.316805 98759 1 -0.479167 0.697115 157 1 1346 0.0395162 -0.0252304 -0.0548126 -2.00514 1.63625 123.365 
0.60871 0.318873 98799 1 -0.479167 0.697115 158 1 1347 0.0395098 -0.0245335 -0.0552977 -1.99489 1.62659 123.316 
1.80424 1.50311 98879 1 -0.479167 0.697115 159 0 1349 0.0387603 -0.0253517 -0.0581166 -2.01247 1.64196 123.336 
1.16318 0.752135 98960 1 -0.479167 0.697115 160 1 1351 0.0389259 -0.0242499 -0.0604938 -2.00772 1.64157 123.322 
1.06614 0.709921 99040 1 -0.479167 0.697115 161 1 1353 0.0375312 -0.0285158 -0.0588767 -2.06745 1.63049 123.278 
0.993213 0.670381 99120 1 -0.479167 0.697115 162 1 1355 0.0364713 -0.0317203 -0.0605966 -2.11229 1.64726 123.273 
0.985162 0.668257 99160 1 -0.479167 0.697115 163 1 1356 0.0360477 -0.0326233 -0.0591081 -2.12363 1.63063 123.191 
0.923343 0.665909 99200 1 -0.479167 0.697115 164 1 1357 0.0350139 -0.034898 -0.0585163 -2.16298 1.64933 123.275 
0.847256 0.648583 99240 1 -0.479167 0.697115 165 1 1358 0.0345487 -0.0383941 -0.0582639 -2.20887 1.66279 123.145 
0.820738 0.60596 99401 1 -0.479167 0.697115 166 1 1362 0.0326734 -0.040402 -0.0566744 -2.23733 1.6788 123.126 
0.814168 0.654615 99480 1 -0.479167 0.697115 167 1 1364 0.0333612 -0.0409801 -0.0543665 -2.23874 1.63793 123.138 
0.801544 0.653392 99562 1 -0.479167 0.697115 168 1 1366 0.0332835 -0.0414953 -0.0551547 -2.24808 1.65112 123.155 
0.83055 0.624595 99601 1 -0.479167 0.697115 169 1 1367 0.0339058 -0.039704 -0.0564638 -2.22798 1.65609 123.226 
0.837605 0.691568 99681 1 -0.479167 0.697115 170 1 1369 0.0336779 -0.0396144 -0.055418 -2.21864 1.632 123.086 
0.801037 0.660407 99762 1 -0.479167 0.697115 171 1 1371 0.0328866 -0.0410856 -0.056247 -2.23871 1.65016 123.125 
0.830606 0.659168 99802 1 -0.479167 0.697115 172 1 1372 0.0332759 -0.0403943 -0.055832 -2.22775 1.63563 123.104 
0.773258 0.637288 99881 1 -0.479167 0.697115 173 1 1374 0.032209 -0.0441237 -0.0563921 -2.27395 1.66635 123.111 
0.788088 0.612516 99924 1 -0.479167 0.697115 174 1 1375 0.0322098 -0.0426829 -0.0562201 -2.26382 1.66358 123.175 
0.787539 0.606293 100002 1 -0.479167 0.697115 175 1 1377 0.0320353 -0.0425859 -0.0564177 -2.26327 1.66395 123.166 
0.774706 0.62286 100082 1 -0.479167 0.697115 176 1 1379 0.0308602 -0.0443398 -0.0548059 -2.28436 1.66882 123.201 
0.795664 0.650782 100162 1 -0.479167 0.697115 177 1 1381 0.031509 -0.0436994 -0.0516212 -2.26346 1.62853 123.168 
0.763677 0.662289 100203 1 -0.479167 0.697115 178 1 1382 0.0306054 -0.0450439 -0.0511389 -2.27802 1.63598 123.221 
0.713438 0.67975 100282 1 -0.479167 0.697115 179 1 1384 0.0316515 -0.0464904 -0.0513608 -2.27535 1.6263 123.173 
0.734151 0.681926 100362 1 -0.479167 0.697115 180 1 1386 0.0320226 -0.0459515 -0.0519554 -2.25842 1.61655 123.155 
0.768518 0.667981 100403 1 -0.479167 0.697115 181 1 1387 0.03215 -0.0446236 -0.0532185 -2.24103 1.62291 123.21 
0.77127 0.69025 100483 1 -0.479167 0.697115 182 1 1389 0.0325982 -0.0433763 -0.0538091 -2.22256 1.61239 123.171 
0.775313 0.693002 100563 1 -0.479167 0.697115 183 1 1391 0.033321 -0.0426017 -0.0523736 -2.21204 1.60051 123.203 
0.803813 0.719326 100603 1 -0.479167 0.697115 184 1 1392 0.0338169 -0.0422671 -0.0509069 -2.20335 1.58194 123.189 
0.75713 0.722833 100683 1 -0.479167 0.697115 185 1 1394 0.0327641 -0.0437081 -0.0508306 -2.23032 1.59242 123.167 
0.692616 0.761878 100763 1 -0.479167 0.697115 186 1 1396 0.0313479 -0.048262 -0.0486264 -2.26673 1.56791 123.111 
0.366738 0.841303 100803 1 -0.479167 0.697115 187 1 1397 0.0327381 -0.0474175 -0.0499491 -2.25918 1.58348 123.108 
0.358269 0.826496 100884 1 -0.479167 0.697115 188 1 1399 0.0330597 -0.0430973 -0.0510812 -2.21943 1.59539 123.139 
0.386999 0.811383 100924 1 -0.479167 0.697115 189 1 1400 0.033455 -0.042897 -0.0509462 -2.216 1.59375 123.104 
0.368367 0.799785 101003 1 -0.479167 0.697115 190 1 1402 0.0341582 -0.0403613 -0.0522926 -2.1934 1.60874 123.157 
0.400591 0.767992 101084 1 -0.479167 0.697115 191 1 1404 0.0342653 -0.0374316 -0.0532408 -2.16514 1.60879 123.223 
0.356981 0.788647 101164 1 -0.479167 0.697115 192 1 1406 0.0345606 -0.0400886 -0.0537731 -2.18778 1.60494 123.156 
0.365468 0.781663 101204 1 -0.479167 0.697115 193 1 1407 0.0342372 -0.0413926 -0.0536108 -2.19501 1.60951 123.086 
0.364214 0.776751 101285 1 -0.479167 0.697115 194 1 1409 0.0341299 -0.0398603 -0.052883 -2.18238 1.6042 123.172 
0.359017 0.777695 101365 1 -0.479167 0.697115 195 1 1411 0.0341563 -0.042034 -0.052968 -2.20691 1.60484 123.151 
0.349293 0.792303 101444 1 -0.479167 0.697115 196 1 1413 0.0344778 -0.0414046 -0.0532262 -2.20032 1.60948 123.118 
0.370793 0.797306 101484 1 -0.479167 0.697115 197 1 1414 0.0341908 -0.0410699 -0.0530635 -2.2038 1.61059 123.092 
0.36484 0.790535 101565 1 -0.479167 0.697115 198 1 1416 0.0340981 -0.0410729 -0.0528068 -2.20401 1.61347 123.07 
0.365433 0.799799 101645 1 -0.479167 0.697115 199 1 1418 0.0337476 -0.0413351 -0.0522948 -2.20569 1.60466 123.132 
0.365034 0.79894 101685 1 -0.479167 0.697115 200 1 1419 0.0336366 -0.0413774 -0.0522662 -2.20526 1.60501 123.138 
0.356137 0.743009 101765 1 -0.479167 0.697115 201 1 1421 0.0333744 -0.0413897 -0.055224 -2.21402 1.62128 123.14 
0.340849 0.738311 101845 1 -0.479167 0.697115 202 1 1423 0.0320597 -0.041411 -0.0561205 -2.22683 1.617 123.077 
0.243219 0.771921 101926 1 -0.479167 0.697115 203 1 1425 0.0304316 -0.04904 -0.0552819 -2.31643 1.61461 122.929 
0.227182 0.813208 101966 1 -0.479167 0.697115 204 1 1426 0.0297732 -0.0490359 -0.0543087 -2.32163 1.60371 122.942 
0.199 0.839367 102046 1 -0.479167 0.697115 205 1 1428 0.0296858 -0.0520394 -0.0532458 -2.35033 1.59762 122.878 
0.200228 0.807783 102126 1 -0.479167 0.697115 206 1 1430 0.0297229 -0.0522915 -0.0527153 -2.3506 1.60406 122.899 
0.197861 0.810316 102166 1 -0.479167 0.697115 207 1 1431 0.029807 -0.052215 -0.0526649 -2.35144 1.60464 122.896 
0.192309 0.807571 102246 1 -0.479167 0.697115 208 1 1433 0.0300683 -0.0520268 -0.0524765 -2.35356 1.60675 122.927 
0.193342 0.806828 102327 1 -0.479167 0.697115 209 1 1435 0.0300217 -0.0520452 -0.0523535 -2.35337 1.6082 122.921 
0.193342 0.806828 102327 1 -0.479167 0.697115 210 1 1435 0.0300217 -0.0520452 -0.0523535 -2.35337 1.6082 122.921 
0.193342 0.806828 102327 1 -0.479167 0.697115 211 1 1435 0.0300217 -0.0520452 -0.0523535 -2.35337 1.6082 122.921 
0.282966 0.8004 102526 1 -0.479167 0.697115 212 1 1440 0.0313179 -0.0463143 -0.0550451 -2.30167 1.62699 123.062 
0.257794 0.778071 102607 1 -0.479167 0.697115 213 1 1442 0.0314661 -0.0451226 -0.0548778 -2.29616 1.62881 123.092 
0.253659 0.578803 102687 1 -0.479167 0.697115 214 1 1444 0.0298941 -0.0363618 -0.0677946 -2.18937 1.80624 122.117 
0.208675 0.594802 102767 1 -0.479167 0.697115 215 1 1446 0.0304307 -0.037374 -0.0667274 -2.18791 1.80887 122.138 
0.250468 0.58138 102808 1 -0.479167 0.697115 216 1 1447 0.0304303 -0.0371957 -0.0659956 -2.17792 1.81447 122.14 
0.260563 0.560001 102887 1 -0.479167 0.697115 217 1 1449 0.0311516 -0.036602 -0.0660918 -2.17134 1.82157 122.204 
0.333897 0.546813 102967 1 -0.479167 0.697115 218 1 1451 0.0324924 -0.0321826 -0.0655956 -2.10964 1.82843 122.253 
0.290111 0.169652 103048 1 -0.479167 0.697115 219 1 1453 0.0339754 -0.0286117 -0.0657044 -2.06291 1.80504 122.277 
0.309693 0.126914 103088 1 -0.479167 0.697115 220 1 1454 0.0344316 -0.0286671 -0.0658406 -2.06215 1.80351 122.272 
0.365999 0.0728793 103168 1 -0.479167 0.697115 221 1 1456 0.0354174 -0.025155 -0.0685225 -2.01811 1.80848 122.334 
0.357832 0.0247183 103208 1 -0.479167 0.697115 222 1 1457 0.0362975 -0.0237697 -0.070211 -2.00654 1.81931 122.366 
0.346249 -0.00597484 103288 1 -0.479167 0.697115 223 1 1459 0.0360875 -0.0215246 -0.0708 -1.9807 1.8152 122.219 
0.346249 -0.00597484 103368 1 -0.479167 0.697115 224 1 1461 0.0360875 -0.0215246 -0.0708 -1.9807 1.8152 122.219 
0.341906 -0.00403643 103448 1 -0.479167 0.697115 225 1 1463 0.0362732 -0.0213826 -0.0708251 -1.98235 1.81489 122.221 
0.410679 -0.0772563 103529 1 -0.479167 0.697115 226 1 1465 0.0355827 -0.0212437 -0.0711461 -1.98835 1.82384 122.295 
0.359254 -0.00714256 103610 1 -0.479167 0.697115 227 1 1467 0.0347456 -0.0263631 -0.0696795 -2.03513 1.81104 122.095 
0.360894 -0.00647388 103648 1 -0.479167 0.697115 228 1 1468 0.0346917 -0.0264065 -0.0697031 -2.03464 1.81076 122.11 
0.333188 0.00388428 103729 1 -0.479167 0.697115 229 1 1470 0.0338242 -0.0279433 -0.0692263 -2.04802 1.81683 122.085 
0.0205608 0.19993 103809 1 -0.479167 0.697115 230 1 1472 0.0349978 -0.0261078 -0.0697552 -2.02975 1.80646 122.209 
0.0238942 0.162645 103889 1 -0.479167 0.697115 231 1 1474 0.0350002 -0.0254514 -0.071052 -2.01979 1.80781 122.273 
0.0163433 0.172731 103930 1 -0.479167 0.697115 232 1 1475 0.0358767 -0.0251131 -0.0712034 -2.02355 1.80596 122.296 
-0.0125221 0.194603 104010 1 -0.479167 0.697115 233 1 1477 0.0355034 -0.0232885 -0.0722223 -2.00315 1.79776 122.289 
-0.0127764 0.198439 104089 1 -0.479167 0.697115 234 1 1479 0.0355027 -0.0232743 -0.0722827 -2.0033 1.79704 122.3 
-0.0508732 0.281675 104170 1 -0.479167 0.697115 235 1 1481 0.0352844 -0.0289977 -0.0707394 -2.05062 1.76741 122.163 
-0.104654 0.338544 104250 1 -0.479167 0.697115 236 1 1483 0.0341928 -0.0294886 -0.0710901 -2.06131 1.79132 122.266 
-0.12005 0.345093 104330 1 -0.479167 0.697115 237 1 1485 0.0347257 -0.0298801 -0.070904 -2.05512 1.79733 122.147 
-0.112045 0.352751 104410 1 -0.479167 0.697115 238 1 1487 0.0350994 -0.0306605 -0.0688122 -2.05813 1.79137 122.15 
-0.149315 0.348238 104490 1 -0.479167 0.697115 239 1 1489 0.0345625 -0.031483 -0.0682193 -2.0614 1.79191 122.185 
-0.136215 0.275119 104531 1 -0.479167 0.697115 240 1 1490 0.0348204 -0.0303232 -0.0689489 -2.04988 1.79852 122.144 
-0.125881 0.268937 104611 1 -0.479167 0.697115 241 1 1492 0.0353923 -0.0277376 -0.0694089 -2.02324 1.80024 122.176 
-0.117301 0.262942 104693 1 -0.479167 0.697115 242 1 1494 0.035484 -0.0282472 -0.0695074 -2.02616 1.79819 122.156 
-0.0431793 0.124387 104771 1 -0.479167 0.697115 243 1 1496 0.0358636 -0.026768 -0.0693611 -2.01871 1.80509 122.21 
-0.00436194 0.138417 104851 1 -0.479167 0.697115 244 1 1498 0.0353562 -0.028137 -0.0675528 -2.03015 1.79997 122.208 
0.00466224 0.146203 104931 1 -0.479167 0.697115 245 1 1500 0.0355512 -0.0268806 -0.0668838 -2.0156 1.79748 122.269 
0.00431606 0.150059 105012 1 -0.479167 0.697115 246 1 1502 0.0357066 -0.0290322 -0.0665935 -2.03005 1.79676 122.234 
-0.0151807 0.164682 105052 1 -0.479167 0.697115 247 1 1503 0.0350048 -0.0294268 -0.0656128 -2.02876 1.78276 122.187 
-0.0587296 0.184698 105132 1 -0.479167 0.697115 248 1 1505 0.0347021 -0.0325803 -0.0646956 -2.05685 1.77592 122.221 
-0.0427278 0.200945 105212 1 -0.513021 0.804808 249 1 1507 0.0344192 -0.0328073 -0.0653056 -2.05014 1.77658 122.19 
-0.0401877 0.219846 105252 1 -0.635417 0.995192 250 1 1508 0.035034 -0.032731 -0.0656145 -2.05078 1.77307 122.237 
-0.0447901 0.222335 105332 1 -0.694792 1.04519 251 1 1510 0.0351947 -0.0325652 -0.0657785 -2.05255 1.77116 122.242 
-0.0509847 0.217624 105412 1 -0.670833 0.997115 252 1 1512 0.0351269 -0.0324396 -0.0657367 -2.05391 1.77167 122.224 
-0.0609336 0.171475 105453 1 -0.639583 0.963462 253 1 1513 0.0346516 -0.0312884 -0.0654183 -2.04575 1.78337 122.161 
-0.0609336 0.171475 105453 1 -0.639583 0.963462 254 1 1513 0.0346516 -0.0312884 -0.0654183 -2.04575 1.78337 122.161 
-0.0923879 0.192693 105612 1 -0.645312 0.964423 255 1 1517 0.0335016 -0.0328778 -0.0632864 -2.06199 1.78363 122.11 
-0.0876575 0.200777 105693 1 -0.665104 0.964423 256 1 1519 0.0335831 -0.0328953 -0.0635236 -2.0607 1.78061 122.226 
-0.0783377 0.225717 105773 1 -0.675521 0.964423 257 1 1521 0.034587 -0.032911 -0.0639994 -2.06003 1.77498 122.28 
-0.0839166 0.312298 105813 1 -0.678125 0.964423 258 1 1522 0.0345763 -0.0314993 -0.0639348 -2.04131 1.76747 122.178 
-0.057656 0.363656 105894 1 -0.679167 0.964423 259 1 1524 0.035914 -0.0281093 -0.0650279 -2.01258 1.77134 122.296 
0.036259 0.304973 105973 1 -0.681771 0.964423 260 1 1526 0.0367755 -0.0254026 -0.067566 -1.99144 1.79176 122.331 
0.0549404 0.294994 106013 1 -0.683854 0.964423 261 1 1527 0.0369021 -0.0243114 -0.0673255 -1.98653 1.78713 122.307 
-0.132193 0.325 106094 1 -0.686458 0.964423 262 1 1529 0.0360943 -0.0252111 -0.0669443 -2.00081 1.79188 122.232 
-0.157352 0.308665 106174 1 -0.686979 0.964423 263 1 1531 0.036316 -0.0265017 -0.0661668 -2.01008 1.77659 122.275 
-0.211905 0.329386 106254 1 -0.6875 0.964423 264 0 1533 0.0357952 -0.0288322 -0.0651373 -2.031 1.76783 122.22 
-0.236731 0.306851 106294 1 -0.688021 0.964423 265 0 1534 0.0353145 -0.0301999 -0.0665092 -2.04645 1.78777 122.248 
-0.0285487 0.263904 106374 1 -0.691667 0.964423 266 1 1536 0.035013 -0.0291109 -0.0648815 -2.02982 1.7697 122.172 
0.0210515 0.251697 106454 1 -0.703125 0.9625 267 1 1538 0.0350035 -0.0286025 -0.0640562 -2.03202 1.76441 122.242 
-0.00746473 0.284856 106534 1 -0.7375 0.963462 268 1 1540 0.0351926 -0.0289865 -0.062572 -2.04827 1.76888 122.229 
0.423136 0.187514 106615 1 -0.769792 0.963462 269 1 1542 0.0348506 -0.0280647 -0.0627588 -2.04487 1.77867 122.263 
0.443388 0.117788 106695 1 -0.801562 0.963462 270 1 1544 0.0357099 -0.0250067 -0.0638815 -2.01609 1.77952 122.3 
0.430472 0.109868 106775 1 -0.818229 0.9625 271 1 1546 0.0349577 -0.0281759 -0.0649978 -2.03893 1.78575 122.241 
0.422827 0.103444 106815 1 -0.828646 0.961538 272 1 1547 0.0355434 -0.0286871 -0.0651823 -2.04299 1.78133 122.299 
0.386897 0.0787988 106895 1 -0.835938 0.961538 273 1 1549 0.0357584 -0.0289223 -0.06635 -2.0345 1.77227 122.288 
0.398698 0.110961 106976 1 -0.836979 0.961538 274 1 1551 0.0362509 -0.028566 -0.06663 -2.02545 1.76244 122.295 
0.398698 0.110961 107016 1 -0.836979 0.961538 275 1 1552 0.0362509 -0.028566 -0.06663 -2.02545 1.76244 122.295 
0.419167 0.256626 107096 1 -0.836979 0.961538 276 1 1554 0.0359521 -0.0280072 -0.067205 -2.02414 1.77932 122.254 
0.383998 0.317739 107175 1 -0.836979 0.961538 277 1 1556 0.0353735 -0.0292858 -0.0649427 -2.05346 1.77393 122.236 
0.384665 0.308219 107256 1 -0.836979 0.961538 278 1 1558 0.0353267 -0.0293324 -0.0648647 -2.05294 1.77487 122.227 
0.381515 0.220654 107336 1 -0.836979 0.961538 279 1 1560 0.0361042 -0.0285879 -0.0681949 -2.03836 1.79494 122.123 
0.377882 0.22803 107417 1 -0.836979 0.961538 280 1 1562 0.0366088 -0.0290592 -0.0700744 -2.04105 1.78594 122.191 
0.378391 0.222909 107457 1 -0.836979 0.961538 281 1 1563 0.0361085 -0.0291208 -0.0701344 -2.03957 1.78822 122.179 
0.364786 0.21802 107536 1 -0.836979 0.961538 282 1 1565 0.0361692 -0.0323495 -0.0703676 -2.06369 1.79158 122.101 
0.327754 0.228434 107616 1 -0.836979 0.961538 283 1 1567 0.0357736 -0.032517 -0.069856 -2.05183 1.78467 122.091 
0.290945 0.273177 107697 1 -0.830729 0.960577 284 1 1569 0.0357586 -0.033055 -0.0681704 -2.06382 1.79106 122.095 
0.317413 0.29358 107777 1 -0.827083 0.958654 285 1 1571 0.0360399 -0.0329921 -0.0655969 -2.05785 1.77891 122.094 
0.30465 0.311608 107817 1 -0.816146 0.957692 286 1 1572 0.0345746 -0.0327458 -0.064399 -2.06088 1.77476 122.125 
0.309046 0.30311 107897 1 -0.801042 0.957692 287 1 1574 0.0350945 -0.0308963 -0.0645435 -2.04456 1.78378 122.161 
0.405799 0.290344 107937 1 -0.770312 0.956731 288 1 1575 0.0357395 -0.0295697 -0.0652904 -2.02788 1.7877 122.164 
0.427945 0.255808 108057 1 -0.753646 0.954808 289 1 1578 0.0359546 -0.0286238 -0.0663304 -2.02247 1.79597 122.226 
0.426368 0.293442 108138 1 -0.717708 0.952885 290 1 1580 0.035168 -0.0294765 -0.0652095 -2.03021 1.78859 122.194 
0.373372 0.288249 108297 1 -0.683333 0.951923 291 1 1584 0.0354562 -0.0298877 -0.0640803 -2.03692 1.79483 122.187 
0.367702 0.266199 108337 1 -0.655729 0.951923 292 1 1585 0.0353678 -0.0291349 -0.0640306 -2.03396 1.80121 122.237 
0.388674 0.242493 108418 1 -0.635417 0.95 293 1 1587 0.0350719 -0.0272279 -0.0637082 -2.01794 1.80543 122.285 
0.388723 0.242483 108458 1 -0.626042 0.95 294 1 1588 0.0351432 -0.027233 -0.0636405 -2.01789 1.80622 122.27 
0.392168 0.259439 108579 1 -0.621875 0.95 295 1 1591 0.035466 -0.024787 -0.0633946 -1.99779 1.79884 122.352 
0.392168 0.259439 108579 1 -0.618229 0.950962 296 1 1591 0.035466 -0.024787 -0.0633946 -1.99779 1.79884 122.352 
0.372973 0.271676 108619 1 -0.607292 0.950962 297 1 1592 0.0362226 -0.0231672 -0.0642705 -1.97798 1.80227 122.314 
0.391102 0.24127 108819 1 -0.601563 0.950962 298 1 1597 0.036701 -0.0224939 -0.0647828 -1.97254 1.78977 122.302 
0.441102 0.266753 108899 1 -0.601563 0.950962 299 1 1599 0.0362361 -0.0235843 -0.064604 -1.98596 1.79398 122.271 
0.42515 0.268623 108980 1 -0.601563 0.950962 300 1 1601 0.0358831 -0.0247946 -0.0633542 -2.00239 1.79494 122.221 
0.400106 0.306527 109059 1 -0.599479 0.950962 301 1 1603 0.0351082 -0.0267499 -0.0624303 -2.02099 1.78577 122.215 
0.367919 0.557288 109139 1 -0.597917 0.950962 302 1 1605 0.0350977 -0.0289401 -0.0633447 -2.03913 1.79602 122.241 
0.370954 0.557285 109179 1 -0.595833 0.950962 303 1 1606 0.0353622 -0.0314373 -0.0641 -2.0567 1.79794 122.208 
0.386894 0.54601 109260 1 -0.595313 0.950962 304 1 1608 0.0349098 -0.0316071 -0.0640531 -2.04694 1.77505 122.315 
0.354849 0.563436 109300 1 -0.595313 0.950962 305 1 1609 0.0354735 -0.0319818 -0.0659067 -2.04441 1.77655 122.269 
0.396852 1.0157 109380 1 -0.595313 0.950962 306 1 1611 0.0350548 -0.0339626 -0.0682033 -2.05497 1.78647 122.283 
0.373037 0.997274 109460 1 -0.595313 0.950962 307 1 1613 0.0353696 -0.0334604 -0.0704956 -2.04963 1.79705 122.247 
0.336044 1.03027 109540 1 -0.595313 0.950962 308 1 1615 0.0349503 -0.0353312 -0.0688843 -2.0643 1.78687 122.152 
0.368455 0.996134 109580 1 -0.595313 0.950962 309 1 1616 0.0349651 -0.0364693 -0.0682518 -2.08236 1.79128 122.181 
0.384181 0.919253 109661 1 -0.595313 0.950962 310 1 1618 0.0347857 -0.0351005 -0.0654965 -2.07235 1.7865 122.237 
0.390581 0.927894 109741 1 -0.595313 0.950962 311 1 1620 0.0349097 -0.0334321 -0.0634685 -2.05593 1.78349 122.287 
0.406477 0.892418 109820 1 -0.595313 0.950962 312 1 1622 0.0350081 -0.0320745 -0.0641344 -2.04786 1.80483 122.3 
0.402104 0.88804 109901 1 -0.595313 0.950962 313 1 1624 0.0352752 -0.0326291 -0.0628025 -2.05453 1.79571 122.287 
0.470056 0.973717 109941 1 -0.595313 0.950962 314 1 1625 0.0353015 -0.030773 -0.0631773 -2.03246 1.79122 122.273 
0.474395 0.962092 110021 1 -0.595313 0.950962 315 1 1627 0.0362935 -0.0303637 -0.0650608 -2.02137 1.79458 122.355 
0.490468 0.985993 110102 1 -0.595313 0.950962 316 1 1629 0.036438 -0.0306926 -0.0659188 -2.01856 1.78205 122.34 
0.480246 0.994247 110142 1 -0.595313 0.950962 317 1 1630 0.0364903 -0.0301279 -0.0672542 -2.01311 1.79053 122.316 
0.333894 1.06548 110221 1 -0.595313 0.950962 318 1 1632 0.0360149 -0.0319211 -0.067384 -2.03234 1.79113 122.271 
0.311839 1.04539 110302 1 -0.595313 0.950962 319 1 1634 0.0360701 -0.0323591 -0.0659582 -2.038 1.79459 122.265 
0.28212 1.04538 110382 1 -0.595313 0.950962 320 1 1636 0.0357256 -0.0316341 -0.0652445 -2.03053 1.80159 122.251 
0.319309 1.02483 110424 1 -0.595313 0.950962 321 1 1637 0.0352489 -0.030555 -0.0648657 -2.01645 1.80441 122.18 
0.371579 0.838662 110503 1 -0.595313 0.950962 322 1 1639 0.0361122 -0.0274978 -0.0648853 -1.99399 1.81821 122.255 
0.312253 0.854133 110582 1 -0.595313 0.950962 323 1 1641 0.0354646 -0.0308578 -0.0636599 -2.0324 1.83101 122.146 
0.295321 0.863443 110662 1 -0.595313 0.950962 324 1 1643 0.0334497 -0.0323306 -0.0641423 -2.05838 1.85001 122.24 
0.210547 0.921326 110743 1 -0.595313 0.950962 325 1 1645 0.0317021 -0.0389856 -0.0642444 -2.13453 1.83901 122.235 
0.18134 0.932103 110783 1 -0.595313 0.950962 326 1 1646 0.0311813 -0.040222 -0.0637065 -2.14695 1.82566 122.283 
0.328493 0.994193 110863 1 -0.595313 0.950962 327 1 1648 0.0315089 -0.0404222 -0.0634284 -2.15395 1.80748 122.345 
0.412353 0.979257 110945 1 -0.595313 0.950962 328 1 1650 0.0321674 -0.040315 -0.0645819 -2.15322 1.79742 122.321 
0.45856 0.977161 111023 1 -0.595313 0.950962 329 1 1652 0.0324525 -0.0387306 -0.0644279 -2.14232 1.79233 122.467 
0.420756 0.948716 111063 1 -0.595313 0.950962 330 1 1653 0.0313709 -0.0386162 -0.0663849 -2.14609 1.81834 122.451 
0.435282 1.17474 111143 1 -0.595313 0.950962 331 1 1655 0.0309122 -0.0426047 -0.066314 -2.20582 1.81357 122.63 
0.387922 1.50423 111226 1 -0.595313 0.950962 332 0 1657 0.0299417 -0.047926 -0.0669526 -2.27143 1.81736 122.618 
0.361753 1.37161 111303 1 -0.595313 0.950962 333 0 1659 0.0305319 -0.0474362 -0.0649237 -2.25022 1.79115 122.53 
0.364037 1.33044 111383 1 -0.595313 0.950962 334 0 1661 0.0299653 -0.0446383 -0.0649969 -2.20879 1.78828 122.433 
0.388654 1.31086 111424 1 -0.595313 0.950962 335 0 1662 0.0305731 -0.0443907 -0.0645258 -2.21146 1.79176 122.485 
0.338096 1.28105 111504 1 -0.595313 0.950962 336 0 1664 0.0298542 -0.046419 -0.0656894 -2.24191 1.81388 122.472 
0.361659 1.25775 111544 1 -0.595313 0.950962 337 0 1665 0.0306957 -0.0444236 -0.0656616 -2.22494 1.80725 122.449 
0.361659 1.25775 111544 1 -0.595313 0.950962 338 0 1665 0.0306957 -0.0444236 -0.0656616 -2.22494 1.80725 122.449 
0.354806 1.20566 111704 1 -0.595313 0.950962 339 0 1669 0.0304162 -0.0422537 -0.0670981 -2.21209 1.81697 122.242 
0.290073 1.25763 111784 1 -0.595313 0.950962 340 0 1671 0.0296529 -0.0444616 -0.0643777 -2.24338 1.79609 122.214 
0.159474 1.24719 111865 1 -0.595313 0.950962 341 0 1673 0.0295066 -0.0454267 -0.0656089 -2.24513 1.80373 122.218 
0.159474 1.24719 111865 1 -0.595313 0.950962 342 0 1673 0.0295066 -0.0454267 -0.0656089 -2.24513 1.80373 122.218 
0.159474 1.24719 111865 1 -0.595313 0.950962 343 0 1673 0.0295066 -0.0454267 -0.0656089 -2.24513 1.80373 122.218 
0.121699 1.22709 112065 1 -0.595313 0.950962 344 0 1678 0.0302698 -0.0446954 -0.0660513 -2.22607 1.80608 122.224 
0.145198 1.26234 112105 1 -0.595313 0.950962 345 0 1679 0.0303877 -0.0435475 -0.0649473 -2.20757 1.78527 122.164 
0.172031 0.994689 112185 1 -0.595313 0.950962 346 1 1681 0.0312544 -0.0437727 -0.0657568 -2.20132 1.80402 122.28 
0.172031 0.994689 112185 1 -0.595313 0.950962 347 1 1681 0.0312544 -0.0437727 -0.0657568 -2.20132 1.80402 122.28 
0.199813 0.892817 112225 1 -0.595313 0.950962 348 1 1682 0.0316982 -0.041781 -0.0664312 -2.18024 1.79787 122.338 
0.23659 0.8953 112386 1 -0.595313 0.950962 349 1 1686 0.0321384 -0.039525 -0.0676644 -2.15645 1.8022 122.371 
0.208498 0.900751 112465 1 -0.595313 0.950962 350 1 1688 0.0319723 -0.0415956 -0.0667821 -2.17337 1.80291 122.3 
0.209305 0.914987 112506 1 -0.595313 0.950962 351 1 1689 0.0317124 -0.0415835 -0.0668411 -2.17349 1.80188 122.293 
0.254902 0.953603 112586 1 -0.595313 0.950962 352 1 1691 0.0318781 -0.039983 -0.0632895 -2.14441 1.76246 122.256 
0.305839 0.851307 112666 1 -0.595313 0.950962 353 1 1693 0.0316433 -0.0384026 -0.0646568 -2.1333 1.77737 122.368 
0.0412447 0.719774 112747 1 -0.595313 0.950962 354 1 1695 0.032943 -0.0391494 -0.066052 -2.13866 1.79237 122.347 
-0.142221 0.463777 112829 1 -0.595313 0.950962 355 1 1697 0.0321909 -0.035963 -0.0639239 -2.11418 1.76256 122.369 
-0.187969 0.456297 112907 1 -0.595313 0.950962 356 1 1699 0.032177 -0.0385832 -0.0671272 -2.14366 1.78497 122.289 
-0.181852 0.464853 112987 1 -0.595313 0.950962 357 1 1701 0.0318066 -0.0400821 -0.0669564 -2.15421 1.77454 122.309 
-0.193501 0.422355 113027 1 -0.595313 0.950962 358 1 1702 0.0325734 -0.0405411 -0.0690108 -2.16295 1.79263 122.345 
-0.23555 0.447701 113107 1 -0.595313 0.950962 359 0 1704 0.0315337 -0.0411916 -0.068418 -2.16471 1.78546 122.203 
-0.256393 0.467163 113188 1 -0.595313 0.950962 360 0 1706 0.031573 -0.0412124 -0.0664901 -2.16722 1.77162 122.241 
-0.375389 0.492753 113227 1 -0.595313 0.950962 361 0 1707 0.0311722 -0.0422663 -0.0654728 -2.18087 1.76876 122.229 
-0.395022 0.468914 113307 1 -0.595313 0.950962 362 0 1709 0.0315632 -0.041512 -0.0651012 -2.16514 1.76977 122.244 
-0.392918 0.44044 113388 1 -0.595313 0.950962 363 0 1711 0.0316703 -0.039622 -0.0643532 -2.14755 1.77391 122.265 
-0.313496 0.68919 113468 1 -0.595313 0.950962 364 0 1713 0.0328862 -0.0403575 -0.0652673 -2.15478 1.78493 122.359 
-0.229131 0.642975 113508 1 -0.595313 0.950962 365 0 1714 0.0331366 -0.0392369 -0.0670638 -2.14094 1.80793 122.321 
-0.229131 0.642975 113508 1 -0.595313 0.950962 366 0 1714 0.0331366 -0.0392369 -0.0670638 -2.14094 1.80793 122.321 
-0.237305 0.675478 113668 1 -0.595313 0.950962 367 0 1718 0.0325407 -0.0403847 -0.0661786 -2.14117 1.79545 122.288 
-0.177068 0.517456 113748 1 -0.595313 0.950962 368 1 1720 0.0330699 -0.0388201 -0.065963 -2.12238 1.80352 122.381 
-0.191185 0.218731 113831 1 -0.595313 0.950962 369 1 1722 0.0330518 -0.0380885 -0.065497 -2.10812 1.79448 122.367 
-0.191185 0.218731 113831 1 -0.595313 0.950962 370 1 1722 0.0330518 -0.0380885 -0.065497 -2.10812 1.79448 122.367 
-0.18684 0.246612 113869 1 -0.595313 0.950962 371 1 1723 0.0329203 -0.0373863 -0.0646773 -2.09608 1.7819 122.254 
-0.162924 0.252074 114029 1 -0.595313 0.950962 372 1 1727 0.0320302 -0.0384058 -0.0620008 -2.10825 1.76167 122.263 
-0.187187 0.270366 114109 1 -0.595313 0.950962 373 1 1729 0.0315805 -0.0393268 -0.0612 -2.11653 1.75808 122.298 
-0.175244 0.247611 114189 1 -0.595313 0.950962 374 1 1731 0.03219 -0.0392337 -0.0604874 -2.10733 1.76637 122.252 
0.172186 0.173961 114270 1 -0.595313 0.950962 375 1 1733 0.0332744 -0.0370211 -0.0625654 -2.08793 1.78726 122.402 
0.284671 0.156806 114310 1 -0.595313 0.950962 376 1 1734 0.0327841 -0.0369676 -0.0621624 -2.08344 1.78171 122.328 
0.283562 0.136183 114389 1 -0.595313 0.950962 377 1 1736 0.03355 -0.0359163 -0.0622407 -2.08023 1.77724 122.313 
0.332215 0.178529 114470 1 -0.595313 0.950962 378 1 1738 0.0325831 -0.0354891 -0.0629472 -2.08502 1.76722 122.261 
0.268614 0.352869 114510 1 -0.595313 0.950962 379 1 1739 0.0324906 -0.0370812 -0.0638509 -2.10933 1.77952 122.312 
0.249585 0.380384 114590 1 -0.595313 0.950962 380 1 1741 0.0317016 -0.0388192 -0.06279 -2.12572 1.77154 122.21 
0.237291 0.322039 114671 1 -0.595313 0.950962 381 1 1743 0.0321668 -0.0400104 -0.0625493 -2.14274 1.787 122.278 
0.236128 0.325866 114710 1 -0.595313 0.950962 382 1 1744 0.0321617 -0.0400667 -0.0625801 -2.1421 1.78661 122.281 
0.231376 0.332355 114790 1 -0.595313 0.950962 383 1 1746 0.0321348 -0.0401097 -0.062663 -2.14156 1.78563 122.293 
0.226463 0.31364 114871 1 -0.595313 0.950962 384 1 1748 0.0325407 -0.0399615 -0.0623784 -2.14336 1.78907 122.255 
0.221524 0.385707 114953 1 -0.595313 0.950962 385 1 1750 0.0323503 -0.0396053 -0.0625582 -2.14725 1.78696 122.278 
0.230092 0.40263 115033 1 -0.595313 0.950962 386 1 1752 0.032446 -0.0396639 -0.0633358 -2.14455 1.78799 122.329 
0.242872 0.420762 115111 1 -0.595313 0.950962 387 1 1754 0.0328818 -0.0390357 -0.0632343 -2.13666 1.77701 122.327 
0.230252 0.483658 115192 1 -0.595313 0.950962 388 1 1756 0.0334108 -0.0378713 -0.068074 -2.10891 1.79281 122.291 
0.236755 0.505611 115231 1 -0.595313 0.950962 389 1 1757 0.0338466 -0.0409284 -0.0704001 -2.13387 1.7927 122.195 
0.241194 0.534542 115312 1 -0.595313 0.950962 390 1 1759 0.0342268 -0.0404098 -0.0703025 -2.13438 1.77973 122.213 
0.209914 0.785884 115392 1 -0.595313 0.950962 391 1 1761 0.0345898 -0.0388537 -0.0716409 -2.12477 1.78394 122.348 
0.230133 0.78296 115471 1 -0.595313 0.950962 392 1 1763 0.0344073 -0.0392322 -0.0727589 -2.13028 1.77871 122.324 
0.219162 0.772563 115552 1 -0.595313 0.950962 393 1 1765 0.0349522 -0.0391885 -0.072134 -2.1368 1.77615 122.411 
0.167978 0.805709 115592 1 -0.595313 0.950962 394 1 1766 0.0360242 -0.0365698 -0.0720276 -2.11851 1.77895 122.371 
0.209163 0.744525 115672 1 -0.595313 0.950962 395 1 1768 0.0354098 -0.031757 -0.0745205 -2.08374 1.80753 122.346 
0.206365 0.737524 115752 1 -0.595313 0.950962 396 1 1770 0.034986 -0.0318358 -0.0744864 -2.09838 1.80565 122.372 
0.210844 1.04332 115832 1 -0.595313 0.950962 397 1 1772 0.0342473 -0.0362615 -0.0739583 -2.1432 1.79657 122.404 
0.212547 1.0323 115912 1 -0.595313 0.950962 398 1 1774 0.0340171 -0.04143 -0.0734577 -2.18098 1.79483 122.312 
0.161167 1.04647 115952 1 -0.595313 0.950962 399 1 1775 0.0335484 -0.0423685 -0.0739732 -2.18294 1.80063 122.358 
0.165727 1.04653 116033 1 -0.595313 0.950962 400 1 1777 0.0347089 -0.0415981 -0.0733289 -2.16997 1.79654 122.298 
0.156127 1.07683 116073 1 -0.595313 0.950962 401 1 1778 0.0337839 -0.0434412 -0.0729099 -2.18425 1.79886 122.316 
0.201031 1.0441 116153 1 -0.595313 0.950962 402 1 1780 0.0356989 -0.0397782 -0.0735386 -2.14729 1.80816 122.268 
0.226016 0.976856 116233 1 -0.595313 0.950962 403 1 1782 0.0349993 -0.0393223 -0.0736828 -2.149 1.83577 122.326 
0.279772 1.06164 116313 1 -0.595313 0.950962 404 1 1784 0.0352158 -0.0375953 -0.0709602 -2.13634 1.82478 122.3 
0.410304 1.03581 116353 1 -0.595313 0.950962 405 1 1785 0.0347187 -0.0364897 -0.0697645 -2.13033 1.82514 122.283 
0.3649 1.02336 116434 1 -0.595313 0.950962 406 1 1787 0.0353015 -0.0387205 -0.0676601 -2.15348 1.82052 122.31 
0.319521 1.08071 116514 1 -0.595313 0.950962 407 1 1789 0.0368211 -0.0404333 -0.0654046 -2.15736 1.81585 122.285 
0.3296 1.07452 116554 1 -0.595313 0.950962 408 1 1790 0.0376834 -0.0416017 -0.0660873 -2.15614 1.82481 122.282 
0.356181 1.05374 116674 1 -0.595313 0.950962 409 1 1793 0.037094 -0.0431459 -0.0663048 -2.14382 1.8366 122.228 
0.356209 1.05329 116714 1 -0.595313 0.950962 410 1 1794 0.0371647 -0.0431352 -0.0663005 -2.14391 1.83666 122.228 
0.413192 1.03071 116794 1 -0.595313 0.950962 411 1 1796 0.0391675 -0.0343136 -0.066335 -2.05027 1.83648 122.351 
0.528557 0.940079 116875 1 -0.595313 0.950962 412 1 1798 0.0398715 -0.0280079 -0.0668781 -2.00725 1.83836 122.437 
0.569751 0.710689 116915 1 -0.595313 0.950962 413 1 1799 0.0402402 -0.0252001 -0.0669975 -1.99173 1.84073 122.508 
0.569004 0.709955 116955 1 -0.595313 0.950962 414 1 1800 0.0402054 -0.0251746 -0.0669388 -1.99204 1.84142 122.496 
0.569004 0.709955 116955 1 -0.595313 0.950962 415 1 1800 0.0402054 -0.0251746 -0.0669388 -1.99204 1.84142 122.496 
0.556978 0.685611 117155 1 -0.595313 0.950962 416 1 1805 0.0392891 -0.0253208 -0.066085 -1.99668 1.84297 122.523 
0.55901 0.698792 117196 1 -0.595313 0.950962 417 1 1806 0.0394778 -0.0267689 -0.0665218 -2.00972 1.84234 122.563 
0.43689 0.79919 117275 1 -0.595313 0.950962 418 1 1808 0.0392647 -0.0250468 -0.0658808 -1.98978 1.82773 122.536 
0.429332 0.774428 117355 1 -0.595313 0.950962 419 1 1810 0.0384254 -0.0259332 -0.0672374 -1.99835 1.83305 122.485 
0.363443 0.795174 117395 1 -0.595313 0.950962 420 1 1811 0.038365 -0.0294014 -0.0664412 -2.04236 1.82358 122.432 
0.352212 0.768849 117475 1 -0.595313 0.950962 421 1 1813 0.0381663 -0.0301357 -0.066462 -2.05395 1.83121 122.449 
0.301906 0.899164 117556 1 -0.595313 0.950962 422 1 1815 0.037756 -0.0299465 -0.0648814 -2.05675 1.82336 122.441 
0.271766 0.925798 117636 1 -0.595313 0.950962 423 1 1817 0.037396 -0.0305929 -0.0637435 -2.05935 1.82018 122.384 
0.28375 0.924634 117717 1 -0.595313 0.950962 424 1 1819 0.0366522 -0.030382 -0.0646053 -2.06299 1.84729 122.355 
0.300195 0.922513 117756 1 -0.595313 0.950962 425 1 1820 0.0368713 -0.0283634 -0.0639916 -2.04275 1.8434 122.327 
0.474707 0.99414 117836 1 -0.595313 0.950962 426 1 1822 0.0368948 -0.0311424 -0.0647413 -2.0693 1.85161 122.271 
0.457023 1.00287 117916 1 -0.595313 0.950962 427 1 1824 0.036437 -0.0315853 -0.0645056 -2.06968 1.83557 122.295 
0.432218 1.01775 117997 1 -0.595313 0.950962 428 1 1826 0.036242 -0.0323017 -0.0650702 -2.07122 1.82413 122.311 
0.40418 1.0317 118080 1 -0.595313 0.950962 429 1 1828 0.0361423 -0.034672 -0.0653177 -2.08851 1.82174 122.272 
0.419951 1.03014 118156 1 -0.595313 0.950962 430 1 1830 0.0357279 -0.0346106 -0.065872 -2.09079 1.82226 122.358 
0.420154 1.05705 118237 1 -0.595313 0.950962 431 1 1832 0.0354948 -0.0349989 -0.065256 -2.09001 1.80886 122.329 
0.3947 1.05715 118277 1 -0.595313 0.950962 432 1 1833 0.0353663 -0.0352548 -0.0653347 -2.09747 1.80752 122.345 
0.398419 1.08768 118357 1 -0.595313 0.950962 433 1 1835 0.0354445 -0.0369855 -0.0647565 -2.11632 1.81155 122.355 
0.411901 1.07712 118438 1 -0.595313 0.950962 434 1 1837 0.0350195 -0.0349469 -0.0651597 -2.09681 1.82304 122.378 
0.412542 1.07433 118517 1 -0.595313 0.950962 435 1 1839 0.0359456 -0.0343305 -0.0650821 -2.09447 1.82295 122.44 
0.430828 1.05478 118557 1 -0.595313 0.950962 436 1 1840 0.0357888 -0.0347994 -0.0662722 -2.10144 1.83333 122.442 
0.435604 1.0681 118638 1 -0.595313 0.950962 437 1 1842 0.035594 -0.0338225 -0.0664561 -2.09025 1.83128 122.463 
0.440566 0.920224 118718 1 -0.595313 0.950962 438 1 1844 0.0359087 -0.0344726 -0.0652942 -2.09328 1.81593 122.38 
0.432576 0.944131 118799 1 -0.598437 0.951923 439 1 1846 0.0356692 -0.0347746 -0.0655678 -2.09368 1.82337 122.389 
0.447567 0.915805 118878 1 -0.604688 0.956731 440 1 1848 0.0361094 -0.0334293 -0.0663839 -2.08769 1.83874 122.414 
0.439183 0.979768 118918 1 -0.607812 0.959615 441 1 1849 0.0360396 -0.0332021 -0.0653462 -2.08487 1.8246 122.437 
0.365639 1.04746 118998 1 -0.608854 0.959615 442 1 1851 0.0368677 -0.029935 -0.0665161 -2.0577 1.85216 122.508 
0.363108 1.03558 119081 1 -0.608854 0.959615 443 1 1853 0.0367426 -0.0297513 -0.0658565 -2.05454 1.8469 122.472 
0.345579 1.03603 119161 1 -0.606771 0.959615 444 1 1855 0.0359855 -0.0297095 -0.0657323 -2.06787 1.86446 122.577 
0.356113 1.08788 119238 1 -0.606771 0.959615 445 1 1857 0.0362274 -0.0305288 -0.0648538 -2.07574 1.85854 122.482 
0.40234 1.06783 119319 1 -0.608333 0.959615 446 1 1859 0.0368522 -0.028721 -0.0664172 -2.0572 1.87399 122.487 
0.405337 1.07413 119359 1 -0.619792 0.959615 447 1 1860 0.0370065 -0.0281742 -0.0657456 -2.04998 1.86742 122.502 
0.375735 1.09741 119440 1 -0.629167 0.959615 448 1 1862 0.0362293 -0.031188 -0.0651193 -2.06664 1.85176 122.537 
0.345593 1.87082 119520 1 -0.63125 0.959615 449 0 1864 0.0367716 -0.0318448 -0.0658323 -2.06547 1.84976 122.452 
0.425102 2.43471 119560 1 -0.631771 0.959615 450 0 1865 0.0367144 -0.0327279 -0.0636923 -2.0691 1.83202 122.456 
0.431903 1.56776 119639 1 -0.631771 0.959615 451 0 1867 0.0366942 -0.0329628 -0.0656737 -2.06929 1.86679 122.472 
0.436198 1.34663 119720 1 -0.631771 0.959615 452 0 1869 0.0372304 -0.0314532 -0.0648603 -2.05916 1.86265 122.506 
0.474531 1.25551 119800 1 -0.631771 0.959615 453 0 1871 0.0372007 -0.029315 -0.064964 -2.04709 1.87698 122.488 
0.464005 1.19289 119840 1 -0.632813 0.959615 454 1 1872 0.037108 -0.0279363 -0.0639963 -2.03475 1.87004 122.521 
0.420254 0.978537 119921 1 -0.633854 0.959615 455 1 1874 0.0361758 -0.0279953 -0.0641664 -2.04452 1.87674 122.498 
0.419733 0.960058 120001 1 -0.633854 0.959615 456 1 1876 0.036092 -0.0288965 -0.064251 -2.05297 1.86559 122.497 
0.399287 0.957243 120080 1 -0.633854 0.959615 457 1 1878 0.0358799 -0.030636 -0.0643294 -2.06902 1.86468 122.546 
0.399287 0.957243 120080 1 -0.633854 0.959615 458 1 1878 0.0358799 -0.030636 -0.0643294 -2.06902 1.86468 122.546 
0.360854 1.04969 120201 1 -0.633854 0.959615 459 1 1881 0.036027 -0.0314179 -0.064306 -2.07315 1.84819 122.538 
0.359269 1.06803 120282 1 -0.633854 0.959615 460 1 1883 0.0351969 -0.0331595 -0.0640278 -2.09552 1.84592 122.411 
0.345517 0.926347 120362 1 -0.633854 0.959615 461 1 1885 0.0359515 -0.0327697 -0.0635053 -2.09577 1.83919 122.508 
0.33849 0.847203 120441 1 -0.634375 0.959615 462 1 1887 0.0362719 -0.0319303 -0.0631671 -2.0845 1.83252 122.423 
0.357281 0.840443 120481 1 -0.634375 0.959615 463 1 1888 0.0360632 -0.0310261 -0.06339 -2.07753 1.83828 122.408 
0.328161 0.824696 120561 1 -0.634375 0.959615 464 1 1890 0.0358344 -0.0319734 -0.0638706 -2.08499 1.84474 122.444 
0.32486 0.829474 120642 1 -0.634375 0.959615 465 1 1892 0.0355612 -0.0333012 -0.0640893 -2.10159 1.84576 122.401 
0.307853 0.880418 120682 1 -0.634375 0.959615 466 1 1893 0.0351328 -0.0355505 -0.062666 -2.12428 1.83318 122.37 
0.258113 0.863195 120761 1 -0.634375 0.959615 467 1 1895 0.0342232 -0.0404589 -0.0618517 -2.15417 1.83503 122.302 
0.240151 0.495959 120842 1 -0.634375 0.959615 468 1 1897 0.0341543 -0.0458987 -0.0612731 -2.16868 1.81107 122.341 
0.192413 0.5059 120882 1 -0.634375 0.959615 469 1 1898 0.0349391 -0.0456484 -0.0609027 -2.14306 1.79889 122.219 
0.191768 0.487167 120962 1 -0.634375 0.959615 470 1 1900 0.0364669 -0.0459601 -0.0614339 -2.10963 1.8169 122.233 
0.194078 0.498542 121043 1 -0.636458 0.959615 471 1 1902 0.037207 -0.0457859 -0.0616843 -2.11093 1.81393 122.381 
0.345305 0.307746 121123 1 -0.639062 0.959615 472 1 1904 0.0400613 -0.0349781 -0.0630189 -2.0101 1.82114 122.526 
0.375859 0.233602 121162 1 -0.639062 0.959615 473 1 1905 0.0406325 -0.0305551 -0.0627275 -1.97122 1.81904 122.496 
0.418266 0.129436 121242 1 -0.639062 0.959615 474 1 1907 0.0397972 -0.0273483 -0.0622394 -1.94893 1.81687 122.375 
0.383984 0.0259795 121323 1 -0.639062 0.959615 475 1 1909 0.0378159 -0.0287066 -0.0598521 -1.9756 1.7762 122.285 
0.350509 0.0563907 121403 1 -0.639062 0.959615 476 1 1911 0.0367805 -0.0325798 -0.0597424 -2.02113 1.7536 122.292 
0.325758 0.0492014 121443 1 -0.641146 0.959615 477 1 1912 0.0362399 -0.034345 -0.0596478 -2.03568 1.74141 122.362 
0.327463 0.0928621 121523 1 -0.642708 0.957692 478 1 1914 0.0363308 -0.0337169 -0.0584472 -2.02579 1.72412 122.389 
0.379677 0.0321687 121603 1 -0.643229 0.957692 479 1 1916 0.0358769 -0.0288503 -0.0579715 -1.95195 1.71974 122.168 
0.549214 -0.0254375 121684 1 -0.643229 0.957692 480 1 1918 0.04077 -0.0153608 -0.0567329 -1.76676 1.72068 122.235 
0.682168 -0.0754771 121764 1 -0.643229 0.957692 481 1 1920 0.044965 -0.00561067 -0.0562744 -1.63027 1.7505 122.416 
0.816353 -0.101317 121844 1 -0.643229 0.957692 482 1 1922 0.0476807 0.00340332 -0.0572654 -1.5175 1.76759 122.583 
0.830219 -0.113419 121883 1 -0.643229 0.957692 483 1 1923 0.0476545 0.00265112 -0.0569822 -1.52154 1.76341 122.576 
0.822456 -0.106198 121964 1 -0.643229 0.957692 484 1 1925 0.047692 0.00138562 -0.0584194 -1.53461 1.77656 122.668 
0.778819 -0.0812982 122044 1 -0.643229 0.957692 485 1 1927 0.0473234 0.000252959 -0.0571495 -1.53999 1.75575 122.636 
0.776043 -0.0331733 122084 1 -0.643229 0.957692 486 1 1928 0.0473289 -0.00239984 -0.057914 -1.57941 1.78024 122.624 
0.717845 -0.0899892 122166 1 -0.643229 0.957692 487 1 1930 0.0453433 -0.00501689 -0.0582938 -1.62189 1.80069 122.617 
0.693431 -0.125888 122246 1 -0.643229 0.957692 488 1 1932 0.0450759 -0.0059153 -0.0582837 -1.65359 1.80646 122.5 
0.658202 -0.132458 122324 1 -0.643229 0.957692 489 1 1934 0.0440164 -0.00832145 -0.0588921 -1.69761 1.82427 122.468 
0.641127 -0.00777958 122365 1 -0.643229 0.957692 490 1 1935 0.0431912 -0.00924329 -0.0583411 -1.71681 1.82339 122.404 
0.564092 0.207387 122445 1 -0.643229 0.957692 491 1 1937 0.0402753 -0.0162285 -0.0581721 -1.80355 1.84682 122.464 
0.568006 0.211738 122525 1 -0.643229 0.957692 492 1 1939 0.0402429 -0.0163184 -0.0582498 -1.80252 1.84591 122.485 
0.581506 0.22792 122566 1 -0.643229 0.957692 493 1 1940 0.0401987 -0.01664 -0.0585183 -1.7991 1.84261 122.535 
0.58429 0.231926 122645 1 -0.643229 0.957692 494 1 1942 0.0402081 -0.0166947 -0.0585888 -1.79847 1.84179 122.553 
0.491112 0.204415 122725 1 -0.643229 0.957692 495 1 1944 0.0412988 -0.0184024 -0.0583581 -1.80971 1.82986 122.432 
0.483571 0.191859 122766 1 -0.643229 0.957692 496 1 1945 0.0413749 -0.0181429 -0.0582529 -1.81252 1.83086 122.467 
0.510526 0.121754 122846 1 -0.643229 0.957692 497 1 1947 0.0416854 -0.0151998 -0.057866 -1.78888 1.82154 122.64 
0.612269 0.180446 122926 1 -0.643229 0.957692 498 1 1949 0.041915 -0.0154694 -0.0595055 -1.79879 1.82763 122.441 
0.630748 0.136396 123007 1 -0.643229 0.957692 499 1 1951 0.0410353 -0.0168603 -0.0596731 -1.82738 1.8338 122.414 
0.600482 0.174882 123086 1 -0.642708 0.960577 500 1 1953 0.039307 -0.0187015 -0.0582083 -1.85927 1.82216 122.35 
0.580992 0.179994 123126 1 -0.641667 0.961538 501 1 1954 0.039566 -0.0199227 -0.0575052 -1.87797 1.81535 122.344 
0.556392 0.167481 123206 1 -0.641146 0.961538 502 1 1956 0.0388466 -0.0211861 -0.058688 -1.88914 1.82414 122.338 
0.556392 0.167481 123206 1 -0.641146 0.9625 503 1 1956 0.0388466 -0.0211861 -0.058688 -1.88914 1.82414 122.338 
0.457389 0.117701 123368 1 -0.641146 0.9625 504 1 1960 0.0382742 -0.0250747 -0.0586943 -1.93072 1.82558 122.283 
0.359757 0.0261067 123406 1 -0.641146 0.9625 505 1 1961 0.0380716 -0.0278881 -0.0574526 -1.96104 1.81183 122.281 
0.330843 0.0321725 123487 1 -0.632292 0.9625 506 1 1963 0.0374571 -0.0288236 -0.0570689 -1.96432 1.80553 122.227 
0.106382 0.13886 123568 1 -0.616667 0.9625 507 1 1965 0.0379329 -0.0290618 -0.0572109 -1.96552 1.80069 122.386 
-0.0840786 0.141934 123607 1 -0.615104 0.9625 508 1 1966 0.0377535 -0.0283014 -0.0577162 -1.94932 1.79759 122.275 
-0.103573 0.107357 123688 1 -0.615104 0.9625 509 1 1968 0.0384813 -0.0266599 -0.0592301 -1.931 1.80758 122.307 
-0.0859221 0.100997 123768 1 -0.615104 0.9625 510 1 1970 0.0392471 -0.0250272 -0.0591766 -1.91248 1.7998 122.301 
-0.0571682 0.0890627 123848 1 -0.615104 0.9625 511 1 1972 0.0382576 -0.0268689 -0.0582057 -1.93576 1.78977 122.335 
-0.0553744 0.0906071 123888 1 -0.615104 0.9625 512 1 1973 0.0382277 -0.0269237 -0.0582063 -1.93517 1.78979 122.344 
-0.0556454 0.10428 123968 1 -0.620313 0.9625 513 1 1975 0.0381101 -0.0275194 -0.0580238 -1.92878 1.79182 122.317 
-0.0556389 0.102418 124008 1 -0.623437 0.9625 514 1 1976 0.0379891 -0.0275687 -0.0579918 -1.92822 1.79221 122.326 
-0.0592542 0.0958527 124088 1 -0.626563 0.9625 515 1 1978 0.0385751 -0.0273346 -0.0584083 -1.91725 1.81218 122.263 
-0.170218 0.109137 124168 1 -0.628125 0.9625 516 1 1980 0.0389623 -0.0260861 -0.056651 -1.91085 1.81061 122.3 
-0.18679 0.149525 124248 1 -0.628646 0.9625 517 1 1982 0.0374521 -0.024822 -0.0545535 -1.90321 1.79607 122.303 
-0.217753 0.164209 124329 1 -0.628646 0.9625 518 0 1984 0.037578 -0.0262205 -0.054234 -1.92265 1.78561 122.475 
-0.295289 0.353056 124369 1 -0.628646 0.9625 519 0 1985 0.0389421 -0.0263706 -0.0527819 -1.92518 1.76867 122.476 
-0.265097 0.363273 124489 1 -0.629687 0.9625 520 0 1988 0.0419968 -0.0259428 -0.0534776 -1.91814 1.77824 121.869 
-0.255388 0.330518 124569 1 -0.631771 0.9625 521 0 1990 0.0432901 -0.0304659 -0.0568198 -1.98273 1.81679 121.667 
-0.277039 0.411697 124649 1 -0.633854 0.9625 522 0 1992 0.0412244 -0.03313 -0.0564561 -2.01338 1.79261 121.699 
-0.267083 0.38048 124689 1 -0.634896 0.9625 523 0 1993 0.0395548 -0.0343899 -0.0561045 -2.02137 1.78887 121.779 
0.00928868 0.316807 124810 1 -0.635938 0.9625 524 1 1996 0.0383419 -0.0317553 -0.0549007 -1.99746 1.77177 121.594 
0.0472069 0.302692 124850 1 -0.636458 0.9625 525 1 1997 0.0408442 -0.0287653 -0.0550445 -1.95601 1.77034 121.548 
0.119375 0.317944 124929 1 -0.636458 0.9625 526 1 1999 0.0402801 -0.0220116 -0.0516496 -1.84691 1.71668 121.774 
0.371933 0.0914874 125010 1 -0.6375 0.9625 527 1 2001 0.0451119 -0.00296772 -0.0535958 -1.57144 1.75474 122.124 
0.500457 0.0427883 125050 1 -0.638542 0.9625 528 1 2002 0.048434 0.0079505 -0.0535343 -1.4154 1.7419 122.146 
0.486567 0.0342796 125171 1 -0.638542 0.9625 529 1 2005 0.051539 0.00702257 -0.0553906 -1.40362 1.73947 122.592 
0.420105 0.0675291 125251 1 -0.638542 0.9625 530 1 2007 0.0507878 0.00187079 -0.053217 -1.49289 1.72316 122.773 
0.31417 0.163267 125330 1 -0.639062 0.956731 531 1 2009 0.0481556 -0.00537835 -0.0495878 -1.61125 1.67246 122.762 
0.31417 0.163267 125330 1 -0.640104 0.942308 532 1 2009 0.0481556 -0.00537835 -0.0495878 -1.61125 1.67246 122.762 
0.31417 0.163267 125330 1 -0.656771 0.908654 533 1 2009 0.0481556 -0.00537835 -0.0495878 -1.61125 1.67246 122.762 
0.154324 0.22726 125531 1 -0.75 0.955769 534 1 2014 0.0452903 -0.0119005 -0.0460076 -1.73578 1.66348 122.911 
0.0591146 0.292697 125611 1 -0.798958 0.993269 535 1 2016 0.0437501 -0.0199084 -0.0445516 -1.82688 1.63706 122.825 
0.0554727 0.300017 125652 1 -0.791146 0.984615 536 1 2017 0.0427081 -0.0205052 -0.0446224 -1.82936 1.63812 122.647 
-0.0226438 0.329481 125731 1 -0.789583 0.979808 537 1 2019 0.0414872 -0.0282297 -0.0447263 -1.90723 1.64141 122.691 
-0.0525424 0.357528 125811 1 -0.788542 0.975 538 1 2021 0.0408493 -0.0312988 -0.0466437 -1.93391 1.64436 122.636 
-0.0875527 0.389762 125893 1 -0.788542 0.975 539 1 2023 0.0394217 -0.0325461 -0.0446352 -1.93749 1.61044 122.519 
-0.155148 0.42911 125972 1 -0.788542 0.975 540 1 2025 0.0380648 -0.0357089 -0.0434916 -1.9673 1.61197 122.483 
-0.159159 0.446181 126052 1 -0.788542 0.975 541 1 2027 0.0350611 -0.0367153 -0.0402056 -1.96408 1.58396 122.391 
-0.158178 0.423157 126132 1 -0.788542 0.975 542 1 2029 0.0359853 -0.0358353 -0.0418267 -1.95748 1.5862 122.474 
-0.0728533 0.419821 126215 1 -0.788542 0.975 543 1 2031 0.0371602 -0.0407606 -0.0437658 -1.99678 1.59523 122.411 
0.311463 0.409636 126293 1 -0.782292 0.975 544 1 2033 0.0362592 -0.0423754 -0.0436857 -2.00153 1.58738 122.391 
0.329919 0.395422 126373 1 -0.764583 0.972115 545 1 2035 0.035903 -0.0429049 -0.0453627 -2.00144 1.61037 122.388 
0.313163 0.375788 126413 1 -0.748437 0.964423 546 1 2036 0.0355765 -0.0428301 -0.0460754 -2.00072 1.62013 122.371 
0.334288 0.375839 126492 1 -0.710938 0.956731 547 1 2038 0.0361 -0.0419733 -0.0455699 -1.99047 1.6222 122.315 
0.365553 0.315027 126573 1 -0.665625 0.956731 548 1 2040 0.0382702 -0.0370221 -0.0473903 -1.94632 1.65322 122.348 
-0.0211452 0.465038 126654 1 -0.596354 0.956731 549 1 2042 0.0360862 -0.0383438 -0.0472676 -1.96676 1.69675 122.32 
-0.009176 0.410438 126734 1 -0.468229 0.959615 550 1 2044 0.0371173 -0.0346152 -0.0468987 -1.93433 1.71427 122.417 
0.00316611 0.413495 126774 1 -0.196354 0.995192 551 1 2045 0.037435 -0.0358027 -0.0473519 -1.93917 1.7175 122.321 
-0.202874 0.421663 126853 1 0.0895833 0.994231 552 0 2047 0.0364828 -0.0368318 -0.0459034 -1.95232 1.71471 122.377 
-0.230275 0.393784 126934 1 0.364583 0.843269 553 0 2049 0.03666 -0.0357061 -0.0466813 -1.93486 1.73465 122.452 
-0.165141 0.339097 127014 1 0.526563 0.535577 554 1 2051 0.0373256 -0.0365621 -0.048253 -1.933 1.74524 122.342 
-0.160998 0.284083 127094 1 0.602604 0.158654 555 1 2053 0.0370772 -0.0369131 -0.0473707 -1.92665 1.72904 122.484 
-0.202748 0.295643 127175 1 0.725521 0 556 0 2055 0.036789 -0.036603 -0.0470794 -1.91818 1.71926 122.421 
-0.171622 0.243032 127214 1 0.772917 0 557 1 2056 0.0375865 -0.0365935 -0.0480047 -1.91809 1.72115 122.419 
-0.170925 0.242861 127294 1 0.780729 0.00192308 558 1 2058 0.0375819 -0.0365917 -0.0479987 -1.91811 1.72122 122.418 
-0.0590019 0.235052 127374 1 0.758333 0.0201923 559 1 2060 0.0376237 -0.0364094 -0.0485758 -1.92005 1.7325 122.372 
-0.0120749 0.231171 127455 1 0.736458 0.0230769 560 1 2062 0.03779 -0.0348681 -0.0483121 -1.90802 1.72759 122.418 
0.155586 0.102863 127495 1 0.725 0.0192308 561 1 2063 0.0382567 -0.0327051 -0.0497122 -1.89324 1.74241 122.426 
0.398221 0.0203578 127575 1 0.675 0.0288462 562 1 2065 0.0381359 -0.0331885 -0.0497833 -1.89511 1.73062 122.388 
0.391563 0.0415091 127655 1 0.614583 0.0461538 563 1 2067 0.0372957 -0.0336538 -0.0500649 -1.90117 1.72662 122.401 
0.385021 0.0624198 127735 1 0.588021 0.0461538 564 1 2069 0.0376753 -0.034003 -0.0502668 -1.90235 1.72238 122.403 
0.38795 0.0330666 127815 1 0.576042 0.0451923 565 1 2071 0.0368345 -0.0336971 -0.0519208 -1.90193 1.73578 122.329 
0.35762 0.0689572 127896 1 0.553646 0.0451923 566 1 2073 0.0367614 -0.0338989 -0.0509986 -1.91429 1.73949 122.239 
0.370716 0.030307 127936 1 0.520312 0.0480769 567 1 2074 0.0366925 -0.0335194 -0.0510562 -1.91369 1.74668 122.269 
0.363997 0.04217 128016 1 0.505729 0.0519231 568 1 2076 0.0366225 -0.0331586 -0.050596 -1.91653 1.74739 122.314 
0.365794 0.0169837 128096 1 0.5 0.0567308 569 1 2078 0.0369265 -0.0331711 -0.0522218 -1.91904 1.76164 122.288 
0.349525 0.0238418 128176 1 0.5 0.0567308 570 1 2080 0.0359414 -0.033874 -0.0527663 -1.92861 1.76205 122.217 
0.317968 0.0606685 128256 1 0.496354 0.0576923 571 1 2082 0.0361356 -0.0324185 -0.0535452 -1.91947 1.76885 122.219 
0.289933 0.0885313 128336 1 0.430729 0.0605769 572 1 2084 0.0356769 -0.0329165 -0.0531871 -1.92877 1.75794 122.228 
0.311187 0.085989 128416 1 0.325521 0.0442308 573 1 2086 0.0368151 -0.0322174 -0.0538994 -1.9182 1.75554 122.374 
0.326154 0.0995308 128456 1 0.280729 0.0230769 574 1 2087 0.0368043 -0.0317161 -0.0542404 -1.90847 1.75693 122.352 
0.326154 0.0995308 128456 1 0.250521 0.0192308 575 1 2087 0.0368043 -0.0317161 -0.0542404 -1.90847 1.75693 122.352 
0.328078 0.16512 128658 1 0.220312 0.0173077 576 1 2092 0.0381912 -0.0331354 -0.0491285 -1.91694 1.69258 122.639 
0.295874 0.184052 128737 1 0.18125 0.0125 577 1 2094 0.0380157 -0.0347747 -0.0481978 -1.93733 1.70761 122.632 
0.32687 0.155171 128817 1 0.142708 0.0125 578 1 2096 0.0386782 -0.0322867 -0.0471681 -1.91041 1.72032 122.65 
0.327059 0.133182 128857 1 0.132292 0.0134615 579 1 2097 0.0393531 -0.0314909 -0.046611 -1.90237 1.72956 122.615 
0.0545371 0.215058 128938 1 0.13125 0.0134615 580 1 2099 0.0391619 -0.0297206 -0.044525 -1.88035 1.70529 122.85 
-0.0704789 0.326953 129018 1 0.129167 0.0144231 581 1 2101 0.0394628 -0.0281447 -0.0428338 -1.8514 1.69604 122.771 
-0.0360683 0.155049 129058 1 0.126562 0.0144231 582 1 2102 0.0400001 -0.0301418 -0.0417771 -1.86598 1.67162 122.795 
-0.0336508 0.10342 129138 1 0.123438 0.0144231 583 1 2104 0.0410534 -0.0288376 -0.0428045 -1.85949 1.67706 122.832 
-0.0193234 0.0713801 129219 1 0.122396 0.0144231 584 1 2106 0.0410129 -0.0268773 -0.0438099 -1.84207 1.6678 122.937 
-0.0373402 0.0692444 129299 1 0.122396 0.0144231 585 1 2108 0.040753 -0.0270037 -0.0435789 -1.84094 1.67071 122.887 
-0.100164 0.0588801 129380 1 0.123958 0.0221154 586 1 2110 0.0389574 -0.029856 -0.0433385 -1.87568 1.68593 122.704 
-0.195249 -0.151537 129500 1 0.172917 0.188462 587 1 2113 0.0384966 -0.0257634 -0.0519808 -1.8299 1.79096 122.27 
-0.167817 0.114713 129579 1 0.191667 0.357692 588 1 2115 0.0378907 -0.0320753 -0.0468542 -1.90378 1.73823 122.596 
-0.0835253 0.28241 129659 1 0.191667 0.365385 589 1 2117 0.0384833 -0.0303619 -0.0450616 -1.88977 1.70879 122.687 
-0.0680904 0.266891 129739 1 0.2125 0.358654 590 1 2119 0.0382841 -0.0304785 -0.0448841 -1.88854 1.71091 122.661 
-0.061904 0.277115 129821 1 0.227083 0.339423 591 1 2121 0.0384268 -0.0304365 -0.0451257 -1.88901 1.70813 122.694 
-0.0502164 0.254712 129859 1 0.228646 0.330769 592 1 2122 0.0390216 -0.0299746 -0.0474466 -1.8851 1.71883 122.682 
-0.0932712 0.327939 129939 1 0.228646 0.327885 593 1 2124 0.0380316 -0.0317679 -0.0487757 -1.90625 1.74261 122.579 
-0.133325 0.27114 130020 1 0.229167 0.325 594 1 2126 0.0368823 -0.0343468 -0.0464696 -1.94255 1.74027 122.49 
-0.133325 0.27114 130100 1 0.229167 0.324038 595 1 2128 0.0368823 -0.0343468 -0.0464696 -1.94255 1.74027 122.49 
-0.155909 0.222318 130180 1 0.229167 0.324038 596 1 2130 0.0354428 -0.0363948 -0.0447556 -1.96525 1.74065 122.394 
-0.21956 0.274598 130260 1 0.229687 0.324038 597 0 2132 0.0348917 -0.0386112 -0.0431541 -1.98604 1.73421 122.372 
-0.268618 0.266742 130340 1 0.230208 0.318269 598 0 2134 0.0349374 -0.0382883 -0.0431916 -1.97711 1.73883 122.33 
-0.286326 0.287636 130380 1 0.230208 0.315385 599 0 2135 0.0353241 -0.0403321 -0.0416712 -1.99813 1.72171 122.304 
