ImageFile:
0.504661 1.30481 68535 1 0.228646 0.330769 1 0 782 -0.0163648 -0.0275102 0.13849 -0.164114 8.557 102.606 
0.504661 1.30481 68535 1 0.228646 0.330769 2 0 782 -0.0163648 -0.0275102 0.13849 -0.164114 8.557 102.606 
0.504661 1.30481 68535 1 0.228646 0.330769 3 0 782 -0.0163648 -0.0275102 0.13849 -0.164114 8.557 102.606 
0.492786 1.30939 68776 1 0.228646 0.331731 4 0 788 -0.015273 -0.0300401 0.146198 -0.163759 8.51752 102.573 
0.48855 1.34975 68816 1 0.229687 0.399038 5 0 789 -0.0151944 -0.0302473 0.14572 -0.162723 8.5143 102.579 
0.498518 1.34912 68856 1 0.229167 0.619231 6 0 790 -0.0145883 -0.0291249 0.14423 -0.150746 8.52439 102.598 
0.498518 1.34912 68856 1 0.170313 0.876923 7 0 790 -0.0145883 -0.0291249 0.14423 -0.150746 8.52439 102.598 
0.484358 1.3101 69057 1 0.125 0.973077 8 0 795 -0.0150738 -0.0304765 0.142582 -0.171322 8.5311 102.591 
0.481229 1.30829 69137 1 0.0911458 0.982692 9 0 797 -0.0149206 -0.0315375 0.142217 -0.188709 8.54892 102.628 
0.482127 1.33637 69176 1 0.0635417 0.961538 10 0 798 -0.0155055 -0.0302576 0.143766 -0.179701 8.53393 102.611 
0.482127 1.33637 69176 1 0.0447917 0.950962 11 0 798 -0.0155055 -0.0302576 0.143766 -0.179701 8.53393 102.611 
0.48504 1.35035 69336 1 0.0447917 0.950962 12 0 802 -0.0158641 -0.0331994 0.148367 -0.202199 8.52198 102.649 
0.509662 1.40107 69419 1 0.0515625 0.954808 13 0 804 -0.0150035 -0.0341091 0.15249 -0.204887 8.48328 102.576 
0.523822 1.4011 69497 1 0.0651042 0.955769 14 0 806 -0.0146098 -0.0328753 0.156144 -0.186088 8.46768 102.584 
0.523822 1.4011 69497 1 0.0666667 0.957692 15 0 806 -0.0146098 -0.0328753 0.156144 -0.186088 8.46768 102.584 
0.473925 1.37402 69537 1 0.0666667 0.963462 16 0 807 -0.0145416 -0.0335874 0.15729 -0.187001 8.48162 102.613 
0.351619 1.311 69697 1 0.0671875 0.966346 17 0 811 -0.0139102 -0.036706 0.156227 -0.196262 8.50135 102.673 
0.457142 1.44198 69778 1 0.0671875 0.968269 18 0 813 -0.0140967 -0.0374851 0.158876 -0.204199 8.44724 102.569 
0.459381 1.44193 69818 1 0.0671875 0.968269 19 0 814 -0.0139163 -0.0355949 0.157682 -0.194829 8.46016 102.604 
0.459381 1.44193 69818 1 0.0671875 0.968269 20 0 814 -0.0139163 -0.0355949 0.157682 -0.194829 8.46016 102.604 
0.480572 1.48246 69978 1 0.0671875 0.968269 21 0 818 -0.0153262 -0.0319865 0.159704 -0.18042 8.4243 102.568 
0.479105 1.42622 70058 1 0.0671875 0.968269 22 0 820 -0.0156398 -0.0327775 0.158564 -0.184901 8.43806 102.597 
0.486384 1.43423 70138 1 0.0671875 0.968269 23 0 822 -0.0144751 -0.0349544 0.159092 -0.189452 8.43392 102.602 
0.486384 1.43423 70138 1 0.0671875 0.968269 24 0 822 -0.0144751 -0.0349544 0.159092 -0.189452 8.43392 102.602 
0.5007 1.44173 70299 1 0.0671875 0.968269 25 0 826 -0.0148325 -0.0324468 0.158793 -0.171241 8.4375 102.617 
0.501002 1.42543 70378 1 0.0671875 0.968269 26 0 828 -0.0155281 -0.0309807 0.158213 -0.16398 8.44662 102.622 
0.496751 1.44089 70418 1 0.0671875 0.968269 27 0 829 -0.0153377 -0.0319626 0.159594 -0.168513 8.4303 102.588 
0.500798 1.44615 70459 1 0.0671875 0.968269 28 0 830 -0.0149538 -0.0331456 0.159365 -0.174561 8.4271 102.582 
0.500798 1.44615 70459 1 0.0671875 0.968269 29 0 830 -0.0149538 -0.0331456 0.159365 -0.174561 8.4271 102.582 
0.509314 1.44442 70499 1 0.0671875 0.968269 30 0 831 -0.0153699 -0.0320133 0.159756 -0.169186 8.43022 102.581 
0.509314 1.44442 70499 1 0.0671875 0.968269 31 0 831 -0.0153699 -0.0320133 0.159756 -0.169186 8.43022 102.581 
-0.00247599 1.88071 70620 1 0.0671875 0.968269 32 0 834 -0.0190025 -0.0440968 0.223651 -0.465243 7.67291 100.742 
0.125396 1.94046 70739 1 0.0671875 0.968269 33 0 837 -0.0200033 -0.0357047 0.223178 -0.34816 7.69193 100.674 
0.125396 1.94046 70739 1 0.0671875 0.968269 34 0 837 -0.0200033 -0.0357047 0.223178 -0.34816 7.69193 100.674 
0.125396 1.94046 70739 1 0.0671875 0.968269 35 0 837 -0.0200033 -0.0357047 0.223178 -0.34816 7.69193 100.674 
0.238269 1.93685 70860 1 0.0671875 0.968269 36 0 840 -0.0189255 -0.0234772 0.231794 -0.189374 7.5424 99.5198 
0.176333 1.50544 71021 1 0.0671875 0.968269 37 0 844 -0.0172651 -0.0372618 0.177399 -0.274559 8.3492 102.442 
0.176333 1.50544 71021 1 0.0671875 0.968269 38 0 844 -0.0172651 -0.0372618 0.177399 -0.274559 8.3492 102.442 
0.451215 1.68126 71181 1 0.0671875 0.968269 39 0 848 -0.0184119 -0.0335169 0.171587 -0.2257 8.45011 102.591 
0.483387 1.54727 71301 1 0.0671875 0.968269 40 0 851 -0.0185292 -0.0318605 0.172212 -0.216032 8.49543 102.692 
0.483387 1.54727 71301 1 0.0671875 0.968269 41 0 851 -0.0185292 -0.0318605 0.172212 -0.216032 8.49543 102.692 
0.50236 1.64531 71341 1 0.0671875 0.968269 42 0 852 -0.0208977 -0.052215 0.200582 -0.593384 8.09772 101.448 
0.104809 1.8675 71460 1 0.0671875 0.968269 43 0 855 -0.021278 -0.0369926 0.208334 -0.416294 8.00644 101.245 
0.104809 1.8675 71460 1 0.0671875 0.968269 44 0 855 -0.021278 -0.0369926 0.208334 -0.416294 8.00644 101.245 
0.148605 1.62986 71621 1 0.0671875 0.968269 45 0 859 -0.0240691 -0.0420513 0.185656 -0.398747 8.37762 102.462 
0.148605 1.62986 71621 1 0.0671875 0.968269 46 0 859 -0.0240691 -0.0420513 0.185656 -0.398747 8.37762 102.462 
0.0706398 1.99946 71742 1 0.0671875 0.968269 47 0 862 -0.0207553 -0.0376533 0.233972 -0.380146 7.74351 100.633 
0.0706398 1.99946 71742 1 0.0671875 0.968269 48 0 862 -0.0207553 -0.0376533 0.233972 -0.380146 7.74351 100.633 
0.172316 1.67773 71861 1 0.0671875 0.968269 49 0 865 -0.0218602 -0.0467135 0.187105 -0.401323 8.33666 102.388 
0.172316 1.67773 71861 1 0.0671875 0.968269 50 0 865 -0.0218602 -0.0467135 0.187105 -0.401323 8.33666 102.388 
0.329403 1.53972 71982 1 0.0671875 0.968269 51 0 868 -0.0202035 -0.0392534 0.179332 -0.293994 8.47024 102.668 
0.445935 1.57537 72143 1 0.0671875 0.968269 52 0 872 -0.0195105 -0.0346404 0.174923 -0.216507 8.52208 102.772 
0.445935 1.57537 72143 1 0.0671875 0.968269 53 0 872 -0.0195105 -0.0346404 0.174923 -0.216507 8.52208 102.772 
0.111884 1.50447 72262 1 0.0671875 0.968269 54 0 875 -0.0200176 -0.050289 0.184588 -0.453658 8.26144 101.293 
0.111884 1.50447 72262 1 0.0671875 0.968269 55 0 875 -0.0200176 -0.050289 0.184588 -0.453658 8.26144 101.293 
0.148741 1.53375 72382 1 0.0671875 0.968269 56 0 878 -0.0213936 -0.054136 0.180244 -0.430345 8.42259 102.67 
0.148741 1.53375 72382 1 0.0671875 0.968269 57 0 878 -0.0213936 -0.054136 0.180244 -0.430345 8.42259 102.67 
0.339793 1.59053 72542 1 0.0671875 0.968269 58 0 882 -0.019087 -0.0423029 0.178955 -0.273674 8.4394 102.627 
0.339793 1.59053 72542 1 0.0671875 0.968269 59 0 882 -0.019087 -0.0423029 0.178955 -0.273674 8.4394 102.627 
0.41091 1.66573 72663 1 0.0671875 0.968269 60 0 885 -0.0173043 -0.0430111 0.176874 -0.233064 8.45391 102.673 
0.41091 1.66573 72663 1 0.0671875 0.968269 61 0 885 -0.0173043 -0.0430111 0.176874 -0.233064 8.45391 102.673 
0.289478 1.79375 72823 1 0.0671875 0.968269 62 0 889 -0.0165565 -0.0340122 0.207084 -0.223358 8.02027 101.334 
0.289478 1.79375 72823 1 0.0671875 0.968269 63 0 889 -0.0165565 -0.0340122 0.207084 -0.223358 8.02027 101.334 
0.414044 1.47641 72944 1 0.0671875 0.968269 64 0 892 -0.0180323 -0.0365657 0.180304 -0.202716 8.43816 102.691 
0.414044 1.47641 72944 1 0.0671875 0.968269 65 0 892 -0.0180323 -0.0365657 0.180304 -0.202716 8.43816 102.691 
0.515008 1.59342 73105 1 0.0671875 0.968269 66 0 896 -0.0137071 -0.0291718 0.188169 -0.101582 8.38431 102.511 
0.515008 1.59342 73105 1 0.0671875 0.968269 67 0 896 -0.0137071 -0.0291718 0.188169 -0.101582 8.38431 102.511 
0.501681 1.57333 73224 1 0.0671875 0.968269 68 0 899 -0.013755 -0.0293458 0.186383 -0.0975863 8.41721 102.623 
0.501681 1.57333 73224 1 0.0671875 0.968269 69 0 899 -0.013755 -0.0293458 0.186383 -0.0975863 8.41721 102.623 
0.134731 1.96292 73384 1 0.0671875 0.968269 70 0 903 -0.0161737 -0.0419337 0.241094 -0.293646 7.68022 100.355 
0.0324198 1.9399 73505 1 0.0671875 0.968269 71 0 906 -0.0174243 -0.0507975 0.238052 -0.415908 7.78601 100.811 
0.0324198 1.9399 73505 1 0.0671875 0.968269 72 0 906 -0.0174243 -0.0507975 0.238052 -0.415908 7.78601 100.811 
0.283158 1.81501 73667 1 0.0671875 0.968269 73 0 910 -0.0144773 -0.0346479 0.224918 -0.224199 7.90063 100.941 
0.283158 1.81501 73667 1 0.0671875 0.968269 74 0 910 -0.0144773 -0.0346479 0.224918 -0.224199 7.90063 100.941 
-0.123214 1.77887 73825 1 0.0671875 0.968269 75 0 914 -0.0112204 -0.0617577 0.219862 -0.541483 8.05734 101.97 
-0.123214 1.77887 73825 1 0.065625 0.969231 76 0 914 -0.0112204 -0.0617577 0.219862 -0.541483 8.05734 101.97 
0.00359192 1.73935 73946 1 -0.0604167 0.968269 77 0 917 -0.0153511 -0.0660773 0.210815 -0.530313 8.1136 101.66 
0.00359192 1.73935 73946 1 -0.659375 0.815385 78 0 917 -0.0153511 -0.0660773 0.210815 -0.530313 8.1136 101.66 
0.170642 1.59975 74065 1 -0.909896 0.775 79 0 920 -0.0180967 -0.0529539 0.183523 -0.368714 8.46975 102.741 
0.170642 1.59975 74065 1 -0.909896 0.775 80 0 920 -0.0180967 -0.0529539 0.183523 -0.368714 8.46975 102.741 
0.561099 1.5846 74227 1 -0.909896 0.775 81 0 924 -0.00807944 -0.0798062 0.19698 -0.724277 8.26059 102.109 
0.561099 1.5846 74227 1 -0.909896 0.775 82 0 924 -0.00807944 -0.0798062 0.19698 -0.724277 8.26059 102.109 
0.561099 1.5846 74227 1 -0.910417 0.775 83 0 924 -0.00807944 -0.0798062 0.19698 -0.724277 8.26059 102.109 
0.355601 -0.576614 74346 1 -0.989583 0.741346 84 0 927 -0.0194323 -0.0535601 0.154176 -0.388872 8.8411 103.557 
0.355601 -0.576614 74346 1 -1 0.676923 85 0 927 -0.0194323 -0.0535601 0.154176 -0.388872 8.8411 103.557 
0.355601 -0.576614 74346 1 -1 0.625 86 0 927 -0.0194323 -0.0535601 0.154176 -0.388872 8.8411 103.557 
0.355601 -0.576614 74346 1 -0.986458 0.596154 87 0 927 -0.0194323 -0.0535601 0.154176 -0.388872 8.8411 103.557 
0.529367 -0.128844 74587 1 -0.975521 0.579808 88 0 933 -0.0206628 -0.0481169 0.172975 -0.324938 8.5255 102.667 
0.529367 -0.128844 74587 1 -0.977604 0.568269 89 0 933 -0.0206628 -0.0481169 0.172975 -0.324938 8.5255 102.667 
1.02363 1.83947 74867 1 -1 0.555769 90 0 940 -0.0136976 -0.0357821 0.176591 -0.184966 8.43019 102.659 
1.02363 1.83947 74867 1 -1 0.478846 91 0 940 -0.0136976 -0.0357821 0.176591 -0.184966 8.43019 102.659 
0.893471 1.71447 74988 1 -0.995833 0.329808 92 0 943 -0.0132424 -0.0342601 0.173444 -0.166771 8.48548 102.835 
0.498463 1.61787 75148 1 -0.969271 0.147115 93 0 947 -0.0142916 -0.0325693 0.170363 -0.169307 8.5338 103 
0.498463 1.61787 75148 1 -0.959896 0.0153846 94 0 947 -0.0142916 -0.0325693 0.170363 -0.169307 8.5338 103 
0.00061109 1.96345 75268 1 -0.967708 0.00769231 95 0 950 -0.01894 -0.0469534 0.233901 -0.438405 7.69415 100.831 
0.00061109 1.96345 75268 1 -0.967708 0.00769231 96 0 950 -0.01894 -0.0469534 0.233901 -0.438405 7.69415 100.831 
0.0163828 2.00437 75388 1 -0.968229 0.00769231 97 0 953 -0.018424 -0.0472605 0.23985 -0.435708 7.63764 100.788 
0.0163828 2.00437 75388 1 -0.968229 0.00769231 98 0 953 -0.018424 -0.0472605 0.23985 -0.435708 7.63764 100.788 
0.281312 1.50069 75548 1 -0.966667 0.00769231 99 0 957 -0.0157313 -0.0466882 0.172504 -0.339578 8.49092 102.97 
0.281312 1.50069 75548 1 -0.905729 0.00865385 100 0 957 -0.0157313 -0.0466882 0.172504 -0.339578 8.49092 102.97 
0.420259 1.49797 75709 1 -0.7875 0.00961538 101 0 961 -0.0136015 -0.0387031 0.171415 -0.226814 8.51681 102.896 
0.420259 1.49797 75709 1 -0.736979 0.0105769 102 0 961 -0.0136015 -0.0387031 0.171415 -0.226814 8.51681 102.896 
0.471001 1.52668 75831 1 -0.719792 0.0105769 103 0 964 -0.0125319 -0.0373531 0.170443 -0.20007 8.52745 102.978 
0.471001 1.52668 75831 1 -0.717708 0.00769231 104 0 964 -0.0125319 -0.0373531 0.170443 -0.20007 8.52745 102.978 
0.467392 1.48488 75990 1 -0.717187 0.00769231 105 0 968 -0.0123003 -0.0396817 0.173116 -0.200411 8.51945 102.912 
0.467392 1.48488 75990 1 -0.717187 0.00769231 106 0 968 -0.0123003 -0.0396817 0.173116 -0.200411 8.51945 102.912 
0.467392 1.48488 75990 1 -0.717187 0.00769231 107 0 968 -0.0123003 -0.0396817 0.173116 -0.200411 8.51945 102.912 
0.0760369 0.846168 76110 1 -0.716146 0.0182692 108 0 971 -0.0112473 -0.0362819 0.170999 -0.159707 8.58032 103.081 
0.0760369 0.846168 76110 1 -0.705208 0.0692308 109 0 971 -0.0112473 -0.0362819 0.170999 -0.159707 8.58032 103.081 
0.0760369 0.846168 76110 1 -0.661458 0.167308 110 0 971 -0.0112473 -0.0362819 0.170999 -0.159707 8.58032 103.081 
0.056071 0.717108 76350 1 -0.610938 0.235577 111 0 977 -0.010528 -0.0379745 0.172862 -0.164445 8.54686 102.983 
0.056071 0.717108 76350 1 -0.570313 0.2875 112 0 977 -0.010528 -0.0379745 0.172862 -0.164445 8.54686 102.983 
0.111879 0.639757 76750 1 -0.55 0.313462 113 1 987 -0.0116492 -0.0374617 0.175579 -0.168108 8.59762 103.103 
0.1274 0.604984 76791 1 -0.525521 0.318269 114 1 988 -0.0111527 -0.0377476 0.171823 -0.164862 8.65208 103.235 
0.149047 0.596122 76871 1 -0.51875 0.318269 115 1 990 -0.0105894 -0.0383709 0.170907 -0.156224 8.66753 103.243 
0.149047 0.596122 76871 1 -0.514062 0.320192 116 1 990 -0.0105894 -0.0383709 0.170907 -0.156224 8.66753 103.243 
0.149047 0.596122 76871 1 -0.504687 0.327885 117 1 990 -0.0105894 -0.0383709 0.170907 -0.156224 8.66753 103.243 
0.185314 0.59437 77071 1 -0.501563 0.330769 118 1 995 -0.0100889 -0.0369966 0.171525 -0.111906 8.67031 103.232 
0.220661 0.580524 77151 1 -0.501563 0.330769 119 1 997 -0.00937466 -0.0361838 0.171336 -0.105108 8.68841 103.263 
0.198261 0.625572 77232 1 -0.495833 0.335577 120 1 999 -0.0107054 -0.0354185 0.172977 -0.117496 8.66403 103.205 
0.165911 0.641675 77312 1 -0.49375 0.336538 121 1 1001 -0.0113508 -0.0366983 0.173198 -0.131943 8.65884 103.165 
0.179852 0.639266 77392 1 -0.49375 0.336538 122 1 1003 -0.0107044 -0.0366703 0.173328 -0.112441 8.67199 103.202 
0.185236 0.622456 77432 1 -0.48125 0.339423 123 1 1004 -0.00987918 -0.037492 0.172454 -0.105312 8.69273 103.279 
0.198377 0.644279 77512 1 -0.457292 0.340385 124 1 1006 -0.00981691 -0.036632 0.174708 -0.0854458 8.66785 103.223 
0.19363 0.647026 77593 1 -0.445313 0.340385 125 1 1008 -0.00906721 -0.0356555 0.172467 -0.0711363 8.67672 103.197 
0.199554 0.656459 77632 1 -0.434896 0.342308 126 1 1009 -0.00924421 -0.0339674 0.172447 -0.0578114 8.67633 103.22 
0.187341 0.669076 77713 1 -0.433333 0.342308 127 1 1011 -0.00972029 -0.03547 0.173828 -0.069439 8.65657 103.15 
0.186725 0.670676 77792 1 -0.432812 0.342308 128 1 1013 -0.00976814 -0.0362202 0.175998 -0.0759823 8.64204 103.122 
0.185834 0.670078 77873 1 -0.432812 0.342308 129 1 1015 -0.00999718 -0.0365848 0.175551 -0.0872989 8.66542 103.144 
0.192074 0.681513 77913 1 -0.432812 0.342308 130 1 1016 -0.00998108 -0.0353817 0.175879 -0.0768341 8.65618 103.153 
0.504707 0.677368 77993 1 -0.432812 0.342308 131 1 1018 -0.00984558 -0.0377454 0.175269 -0.095174 8.66413 103.166 
0.608758 0.652231 78074 1 -0.432812 0.342308 132 1 1020 -0.00884432 -0.0351265 0.171186 -0.0540737 8.70231 103.276 
0.637568 0.594923 78153 1 -0.432812 0.342308 133 1 1022 -0.00794952 -0.0355884 0.171556 -0.054927 8.7024 103.265 
0.657767 0.599249 78194 1 -0.432812 0.342308 134 1 1023 -0.00840685 -0.0357772 0.172269 -0.0622109 8.69614 103.261 
0.66117 0.613756 78273 1 -0.432812 0.342308 135 1 1025 -0.00823206 -0.0361126 0.172456 -0.0730671 8.69268 103.269 
0.668447 0.613692 78354 1 -0.432812 0.342308 136 1 1027 -0.00904164 -0.0352694 0.172539 -0.0712122 8.69241 103.239 
0.670201 0.611392 78394 1 -0.432812 0.342308 137 1 1028 -0.0085411 -0.0361468 0.1703 -0.0708152 8.70809 103.297 
0.673984 0.608638 78475 1 -0.432812 0.342308 138 1 1030 -0.00781047 -0.0378869 0.168171 -0.075871 8.72861 103.312 
0.682853 0.617936 78554 1 -0.432812 0.342308 139 1 1032 -0.00874474 -0.0347121 0.171495 -0.0542215 8.69599 103.264 
0.672485 0.620287 78636 1 -0.432812 0.342308 140 1 1034 -0.00916558 -0.0364261 0.172098 -0.0870932 8.68746 103.231 
0.68198 0.631508 78674 1 -0.432812 0.342308 141 1 1035 -0.00933227 -0.0356888 0.172466 -0.0848647 8.68381 103.247 
0.678115 0.610794 78755 1 -0.432812 0.342308 142 1 1037 -0.00948918 -0.0357653 0.169 -0.0850746 8.71881 103.334 
0.680844 0.609895 78835 1 -0.432812 0.342308 143 1 1039 -0.00829165 -0.0370914 0.168853 -0.0834858 8.72548 103.339 
0.670952 0.601634 78914 1 -0.432812 0.342308 144 1 1041 -0.00801245 -0.0379931 0.169155 -0.087921 8.71835 103.335 
0.647592 0.58225 78995 1 -0.432812 0.342308 145 1 1043 -0.00800531 -0.037803 0.170289 -0.0844181 8.71028 103.33 
0.654003 0.604475 79076 1 -0.432812 0.342308 146 1 1045 -0.00865648 -0.0347949 0.16911 -0.0544719 8.70855 103.312 
0.65788 0.597447 79156 1 -0.432812 0.342308 147 1 1047 -0.00769851 -0.0380055 0.167543 -0.070958 8.72092 103.298 
0.639902 0.598903 79196 1 -0.432812 0.342308 148 1 1048 -0.00826467 -0.0388462 0.169482 -0.0788555 8.70425 103.274 
0.656459 0.606982 79316 1 -0.432812 0.342308 149 1 1051 -0.00858143 -0.0368075 0.170699 -0.062997 8.70669 103.28 
0.655382 0.607686 79356 1 -0.432812 0.342308 150 1 1052 -0.00827585 -0.036614 0.169159 -0.0623741 8.71994 103.305 
0.643114 0.618133 79436 1 -0.432812 0.342308 151 1 1054 -0.00887573 -0.0373171 0.169466 -0.0708523 8.71286 103.299 
0.648137 0.613648 79517 1 -0.432812 0.342308 152 1 1056 -0.00860766 -0.0371231 0.172207 -0.0602239 8.69421 103.24 
0.665845 0.614549 79596 1 -0.432812 0.342308 153 1 1058 -0.00801697 -0.0375952 0.173543 -0.0618785 8.69917 103.211 
0.649226 0.604701 79637 1 -0.432812 0.342308 154 1 1059 -0.00854237 -0.0376619 0.174828 -0.0682238 8.69686 103.2 
0.674674 0.672082 79716 1 -0.432812 0.342308 155 1 1061 -0.00793304 -0.0350415 0.177081 -0.0468479 8.67899 103.174 
0.670061 0.691911 79797 1 -0.432812 0.342308 156 1 1063 -0.00828123 -0.0347209 0.176459 -0.0462754 8.67885 103.162 
0.663768 0.667999 79837 1 -0.432812 0.342308 157 1 1064 -0.00854533 -0.0358445 0.173979 -0.0521076 8.70444 103.213 
0.657868 0.646046 79917 1 -0.432812 0.342308 158 1 1066 -0.00778009 -0.0384368 0.173585 -0.0624554 8.7189 103.265 
0.776747 0.806476 79997 1 -0.432812 0.342308 159 1 1068 -0.00910103 -0.038671 0.17902 -0.0617273 8.67206 103.144 
0.776747 0.806476 79997 1 -0.432812 0.342308 160 1 1068 -0.00910103 -0.038671 0.17902 -0.0617273 8.67206 103.144 
1.0137 1.21813 80038 1 -0.432812 0.342308 161 0 1069 -0.0101145 -0.0404425 0.185931 -0.0867992 8.5858 102.968 
0.985419 1.22615 80199 1 -0.432812 0.342308 162 0 1073 -0.0119582 -0.0393481 0.186463 -0.096225 8.60421 103.062 
1.01744 1.31954 80278 1 -0.432812 0.342308 163 0 1075 -0.0120159 -0.0392831 0.185347 -0.0902269 8.62753 103.031 
1.06953 1.31558 80358 1 -0.432812 0.342308 164 0 1077 -0.010089 -0.0366947 0.178991 -0.0557322 8.72772 103.099 
1.13844 1.34729 80437 1 -0.432812 0.342308 165 0 1079 -0.00970764 -0.0441886 0.183747 -0.0516176 8.71672 102.942 
1.22531 1.31042 80478 1 -0.432812 0.342308 166 0 1080 -0.0087806 -0.0424762 0.182897 0.0104529 8.75598 102.997 
1.28505 1.4146 80558 1 -0.432812 0.342308 167 0 1082 -0.00495876 -0.044599 0.184559 0.0594408 8.73193 102.92 
1.28505 1.4146 80558 1 -0.432812 0.342308 168 0 1082 -0.00495876 -0.044599 0.184559 0.0594408 8.73193 102.92 
1.28505 1.4146 80558 1 -0.432812 0.342308 169 0 1082 -0.00495876 -0.044599 0.184559 0.0594408 8.73193 102.92 
1.1514 1.29923 80759 1 -0.432812 0.342308 170 0 1087 -0.00705132 -0.0389143 0.175048 0.0232136 8.80507 103.233 
1.09003 1.24761 80838 1 -0.432812 0.342308 171 0 1089 -0.00856116 -0.0378844 0.175649 -0.0111559 8.77296 103.122 
1.06371 1.24117 80878 1 -0.432812 0.342308 172 0 1090 -0.00977005 -0.0379404 0.177213 -0.0194528 8.75188 103.064 
1.06371 1.24117 80878 1 -0.432812 0.342308 173 0 1090 -0.00977005 -0.0379404 0.177213 -0.0194528 8.75188 103.064 
1.10962 1.28706 81039 1 -0.432812 0.342308 174 0 1094 -0.00842421 -0.0411703 0.177426 -0.0173407 8.76207 103.086 
1.13077 1.30094 81079 1 -0.432812 0.342308 175 0 1095 -0.00788337 -0.0409119 0.176018 -0.00248663 8.78075 103.167 
1.13352 1.30394 81160 1 -0.432812 0.342308 176 0 1097 -0.00759552 -0.0408667 0.173892 0.00719019 8.79517 103.207 
1.12741 1.29385 81199 1 -0.432812 0.342308 177 0 1098 -0.00806451 -0.0404329 0.17361 0.00625747 8.79256 103.231 
1.12741 1.29385 81199 1 -0.432812 0.342308 178 0 1098 -0.00806451 -0.0404329 0.17361 0.00625747 8.79256 103.231 
1.11092 1.23212 81359 1 -0.432812 0.342308 179 0 1102 -0.0078505 -0.0406117 0.174024 -0.00126459 8.78112 103.158 
1.09412 1.20361 81440 1 -0.432812 0.342308 180 0 1104 -0.00846585 -0.04062 0.174522 -0.0129294 8.77826 103.144 
1.07502 1.18687 81480 1 -0.432812 0.342308 181 0 1105 -0.00861946 -0.0405229 0.174228 -0.0157109 8.77382 103.128 
1.07196 1.22133 81519 1 -0.432812 0.342308 182 0 1106 -0.00896857 -0.0407628 0.175043 -0.0219763 8.75854 103.102 
1.10835 1.25256 81640 1 -0.432812 0.342308 183 0 1109 -0.00838687 -0.0411914 0.173464 -0.00611077 8.77405 103.138 
1.12903 1.26927 81720 1 -0.432812 0.342308 184 0 1111 -0.00755853 -0.0413571 0.1734 0.00322829 8.78318 103.161 
1.12501 1.24328 81760 1 -0.432812 0.342308 185 0 1112 -0.0077676 -0.0417168 0.172409 -0.00261518 8.7986 103.192 
1.12138 1.29563 81841 1 -0.432812 0.342308 186 0 1114 -0.00731341 -0.0407377 0.174344 0.00289619 8.77026 103.133 
1.12138 1.29563 81841 1 -0.432812 0.342308 187 0 1114 -0.00731341 -0.0407377 0.174344 0.00289619 8.77026 103.133 
1.12138 1.29563 81841 1 -0.432812 0.342308 188 0 1114 -0.00731341 -0.0407377 0.174344 0.00289619 8.77026 103.133 
0.658093 0.925089 82041 1 -0.432812 0.342308 189 1 1119 -0.00699624 -0.0398266 0.17333 0.0230097 8.75688 103.049 
0.639139 0.910245 82123 1 -0.432812 0.342308 190 1 1121 -0.00739008 -0.0388464 0.173476 0.0209193 8.77124 103.132 
0.64411 0.945714 82164 1 -0.432812 0.342308 191 1 1122 -0.00766181 -0.0380903 0.173449 0.0232773 8.76 103.089 
0.604742 0.931061 82242 1 -0.432812 0.342308 192 1 1124 -0.00780543 -0.0394162 0.171663 0.0015224 8.76741 103.113 
0.605463 0.91915 82322 1 -0.432812 0.342308 193 1 1126 -0.00743335 -0.0386401 0.173042 0.0173927 8.75262 103.069 
0.61651 0.915342 82401 1 -0.432812 0.342308 194 1 1128 -0.00671317 -0.0394544 0.173271 0.0237157 8.76636 103.102 
0.620257 0.938845 82482 1 -0.432812 0.342308 195 1 1130 -0.0070445 -0.0378222 0.173361 0.0360995 8.76072 103.12 
0.620257 0.938845 82482 1 -0.432812 0.342308 196 1 1130 -0.0070445 -0.0378222 0.173361 0.0360995 8.76072 103.12 
0.62114 0.966487 82522 1 -0.432812 0.342308 197 1 1131 -0.00682341 -0.0386329 0.173726 0.0241951 8.74042 103.071 
0.619329 0.933238 82682 1 -0.432812 0.342308 198 1 1135 -0.00715119 -0.0383042 0.173252 0.0192111 8.75006 103.081 
0.626178 0.932012 82762 1 -0.432812 0.342308 199 1 1137 -0.00700492 -0.0386508 0.171453 0.0232686 8.76841 103.105 
0.628548 0.909772 82843 1 -0.432812 0.342308 200 1 1139 -0.00689403 -0.0372909 0.172261 0.0285585 8.77235 103.117 
0.625545 0.899292 82923 1 -0.432812 0.342308 201 1 1141 -0.0078427 -0.0380744 0.172099 0.0153675 8.7969 103.162 
0.624728 0.94138 83003 1 -0.432812 0.342308 202 1 1143 -0.00727094 -0.0369992 0.17365 0.023289 8.7814 103.119 
0.635585 0.945248 83082 1 -0.432812 0.342308 203 1 1145 -0.00717782 -0.0375557 0.174998 0.0212132 8.78081 103.113 
0.642437 0.940094 83163 1 -0.432812 0.342308 204 1 1147 -0.00665614 -0.0367872 0.17518 0.0323095 8.79666 103.13 
0.640498 0.941948 83203 1 -0.432812 0.342308 205 1 1148 -0.00700195 -0.0366469 0.176657 0.0325618 8.78723 103.122 
0.626088 0.95052 83283 1 -0.432812 0.342308 206 1 1150 -0.0068947 -0.0371622 0.174932 0.0266983 8.80689 103.166 
0.630375 0.985923 83364 1 -0.432812 0.342308 207 1 1152 -0.00700778 -0.0363094 0.176898 0.040689 8.78816 103.112 
0.621513 1.00447 83443 1 -0.432812 0.342308 208 1 1154 -0.00660481 -0.0366123 0.179183 0.0491548 8.76191 103.024 
0.627005 0.986217 83483 1 -0.432812 0.342308 209 1 1155 -0.00647672 -0.0366905 0.178487 0.0585033 8.77728 103.029 
0.623678 0.984524 83564 1 -0.432812 0.342308 210 1 1157 -0.00604153 -0.0363973 0.180929 0.0666827 8.75961 102.992 
0.614757 1.03137 83644 1 -0.432812 0.342308 211 1 1159 -0.00641678 -0.0353491 0.185046 0.0692513 8.72153 102.924 
0.608355 1.07065 83725 1 -0.432812 0.342308 212 1 1161 -0.00773242 -0.0341921 0.186131 0.0692031 8.69888 102.879 
0.596696 1.06771 83804 1 -0.432812 0.342308 213 1 1163 -0.00792993 -0.0342709 0.188114 0.0712625 8.68351 102.844 
0.619287 0.780517 83884 1 -0.432812 0.342308 214 1 1165 -0.013884 -0.0390874 0.163975 0.0451203 8.94858 102.881 
0.622544 0.568666 83965 1 -0.432812 0.342308 215 1 1167 -0.0165334 -0.0431086 0.148316 -0.000501508 9.14239 103.271 
0.596741 0.635613 84005 1 -0.432812 0.342308 216 1 1168 -0.0162489 -0.0417801 0.153917 0.00869618 9.04867 103.053 
0.595462 0.726685 84085 1 -0.432812 0.342308 217 1 1170 -0.016307 -0.0405955 0.160745 0.0125769 8.93976 102.834 
0.59575 0.716325 84164 1 -0.432812 0.342308 218 1 1172 -0.0164384 -0.0414213 0.162212 0.00209585 8.90998 102.781 
0.55509 0.670586 84245 1 -0.432812 0.342308 219 1 1174 -0.0151164 -0.0405707 0.16402 0.0172643 8.84892 102.589 
0.552698 0.625006 84325 1 -0.432812 0.342308 220 1 1176 -0.0150952 -0.0405809 0.164313 0.0169305 8.8472 102.58 
0.552511 0.632898 84365 1 -0.432812 0.342308 221 1 1177 -0.0149388 -0.0410425 0.165796 0.00911031 8.82534 102.552 
0.54654 0.655584 84446 1 -0.432812 0.342308 222 1 1179 -0.0152736 -0.0415643 0.164011 0.000861582 8.81662 102.586 
0.569678 0.470619 84565 1 -0.432812 0.342308 223 1 1182 -0.0159033 -0.0444793 0.142129 -0.0292506 9.03468 103.17 
0.558076 0.528977 84608 1 -0.432812 0.342308 224 1 1183 -0.015867 -0.0444751 0.149591 -0.0381268 8.9065 102.893 
0.56219 0.676157 84686 1 -0.432812 0.342308 225 1 1185 -0.0148429 -0.0402898 0.161184 -0.0202521 8.68965 102.498 
0.572774 0.518022 84767 1 -0.432812 0.342308 226 1 1187 -0.0157214 -0.0414402 0.144932 -0.0725182 8.79532 102.821 
0.556061 0.650037 84806 1 -0.432812 0.342308 227 1 1188 -0.0164328 -0.0402544 0.154355 -0.0798223 8.5727 102.341 
0.54333 0.537128 84886 1 -0.432812 0.342308 228 1 1190 -0.0175559 -0.0400111 0.139079 -0.103645 8.55068 102.444 
0.548048 0.448668 84966 1 -0.432812 0.342308 229 1 1192 -0.0174505 -0.0435088 0.128475 -0.120169 8.44056 102.38 
0.518606 0.532652 85006 1 -0.432812 0.342308 230 1 1193 -0.0164374 -0.0455579 0.135257 -0.131867 8.23309 102.151 
0.562987 0.446755 85087 1 -0.432812 0.342308 231 1 1195 -0.0172335 -0.0484149 0.123206 -0.163399 8.1374 102.189 
0.613353 0.638963 85167 1 -0.432812 0.342308 232 1 1197 -0.0173839 -0.0466973 0.122897 -0.209144 7.90933 102.034 
0.666521 0.593955 85248 1 -0.432812 0.342308 233 1 1199 -0.0183665 -0.0430714 0.116359 -0.230049 7.78955 102.167 
0.649587 0.590979 85286 1 -0.432812 0.342308 234 1 1200 -0.018955 -0.0446956 0.113135 -0.270895 7.7178 102.292 
0.627404 0.531589 85367 1 -0.432812 0.342308 235 1 1202 -0.0193237 -0.0453123 0.103667 -0.325018 7.54057 102.394 
0.630346 0.467737 85407 1 -0.432812 0.342308 236 1 1203 -0.0195926 -0.0466307 0.0985666 -0.353518 7.45111 102.502 
1.29954 0.18909 85487 1 -0.432812 0.342308 237 0 1205 -0.0208069 -0.0483974 0.0946869 -0.389744 7.32462 102.515 
1.04012 0.593452 85568 1 -0.432812 0.342308 238 0 1207 -0.0237763 -0.0528298 0.0761186 -0.431694 7.03567 102.308 
1.02711 0.619026 85609 1 -0.432812 0.342308 239 0 1208 -0.023166 -0.0544004 0.0753148 -0.43741 6.91045 102.397 
1.02711 0.619026 85609 1 -0.432812 0.342308 240 0 1208 -0.023166 -0.0544004 0.0753148 -0.43741 6.91045 102.397 
0.848418 0.574249 85808 1 -0.432812 0.342308 241 0 1213 -0.0194246 -0.0608913 0.0690482 -0.369112 6.6571 102.167 
0.509732 0.21115 85888 1 -0.432812 0.342308 242 1 1215 -0.0114541 -0.0614166 0.0679454 -0.315092 6.71356 102.544 
0.529605 0.25542 85928 1 -0.432812 0.342308 243 1 1216 -0.0107705 -0.0584075 0.0691957 -0.288618 6.70401 102.501 
0.568633 0.29548 86008 1 -0.432812 0.342308 244 1 1218 -0.00916705 -0.0499107 0.0702803 -0.242468 6.70443 102.471 
0.559352 0.142659 86088 1 -0.432812 0.342308 245 1 1220 -0.00976004 -0.0457615 0.0710476 -0.257109 6.69963 102.525 
0.556385 0.116067 86128 1 -0.432812 0.342308 246 1 1221 -0.00966002 -0.046132 0.0671881 -0.289496 6.73117 102.551 
0.524727 0.0634394 86209 1 -0.432812 0.342308 247 1 1223 -0.00820412 -0.0464547 0.0646812 -0.339503 6.78377 102.572 
0.565408 0.0769116 86289 1 -0.432812 0.342308 248 1 1225 -0.0076721 -0.0427454 0.0641058 -0.32914 6.83773 102.607 
0.496518 0.0565675 86369 1 -0.432812 0.342308 249 1 1227 -0.00849355 -0.0446532 0.0655089 -0.347328 6.84448 102.635 
0.495771 0.0677961 86449 1 -0.432812 0.342308 250 1 1229 -0.00760099 -0.0489558 0.0646972 -0.373836 6.81203 102.617 
0.492226 0.0830346 86489 1 -0.432812 0.342308 251 1 1230 -0.00747318 -0.050637 0.0629372 -0.383421 6.80975 102.593 
0.534995 0.195189 86569 1 -0.432812 0.342308 252 1 1232 -0.00707127 -0.0510021 0.061278 -0.387434 6.81352 102.567 
0.567613 0.211591 86650 1 -0.432812 0.342308 253 1 1234 -0.00700413 -0.0478567 0.0612594 -0.375101 6.80432 102.533 
0.566243 0.214508 86690 1 -0.432812 0.342308 254 1 1235 -0.0072762 -0.0471674 0.0601018 -0.377094 6.80898 102.565 
0.541733 0.257131 86769 1 -0.432812 0.342308 255 1 1237 -0.00777538 -0.047632 0.0621841 -0.399479 6.75762 102.461 
0.546832 0.252243 86852 1 -0.432812 0.342308 256 1 1239 -0.00775484 -0.0470861 0.0611136 -0.398228 6.75996 102.432 
0.52044 0.105705 86931 1 -0.432812 0.342308 257 1 1241 -0.00655973 -0.0481706 0.0619769 -0.405222 6.75947 102.395 
0.505629 0.050012 87010 1 -0.432812 0.342308 258 1 1243 -0.00692849 -0.0489462 0.0612291 -0.401246 6.75964 102.401 
0.501089 0.0268794 87051 1 -0.432812 0.342308 259 1 1244 -0.0068641 -0.0515523 0.0590833 -0.41917 6.77492 102.409 
0.496746 -0.0187467 87130 1 -0.432812 0.342308 260 1 1246 -0.0064412 -0.0523184 0.0548649 -0.425893 6.80093 102.441 
0.483559 -0.00787456 87210 1 -0.432812 0.342308 261 1 1248 -0.00634109 -0.053177 0.0579838 -0.441013 6.77734 102.405 
0.480161 -0.016455 87250 1 -0.432812 0.342308 262 1 1249 -0.0062644 -0.051708 0.0575991 -0.436376 6.78581 102.392 
0.470328 -0.0569279 87331 1 -0.432812 0.342308 263 1 1251 -0.00537341 -0.0500034 0.0554702 -0.445002 6.80544 102.415 
0.428289 -0.0792486 87411 1 -0.432812 0.342308 264 1 1253 -0.0067458 -0.0534683 0.0560702 -0.48966 6.79929 102.383 
0.426093 -0.0982953 87493 1 -0.432812 0.342308 265 1 1255 -0.00628211 -0.0552808 0.0537888 -0.522619 6.80704 102.394 
0.404376 -0.142876 87531 1 -0.432812 0.342308 266 1 1256 -0.006854 -0.0570299 0.0528261 -0.55491 6.82377 102.462 
0.415543 -0.168081 87611 1 -0.432812 0.342308 267 1 1258 -0.00721426 -0.0504089 0.0508314 -0.540709 6.823 102.483 
0.437627 -0.132983 87692 1 -0.432812 0.342308 268 1 1260 -0.00671164 -0.0473342 0.052128 -0.546475 6.80757 102.431 
0.441728 -0.151926 87732 1 -0.432812 0.342308 269 1 1261 -0.00745967 -0.0475165 0.0507306 -0.560168 6.8224 102.476 
0.422618 -0.145102 87852 1 -0.432812 0.342308 270 1 1264 -0.00636919 -0.0498351 0.0469771 -0.595499 6.82366 102.439 
0.43812 -0.119238 87891 1 -0.432812 0.342308 271 1 1265 -0.00621977 -0.0482276 0.0481041 -0.590199 6.80366 102.405 
0.417957 -0.151667 87972 1 -0.432812 0.342308 272 1 1267 -0.00765862 -0.0475183 0.046948 -0.61491 6.81758 102.429 
0.395469 -0.150372 88052 1 -0.432812 0.342308 273 1 1269 -0.00844786 -0.0494282 0.0467428 -0.653544 6.82348 102.462 
0.389235 -0.149737 88132 1 -0.434375 0.343269 274 1 1271 -0.00871001 -0.0504238 0.0457289 -0.669207 6.81961 102.431 
0.39566 -0.146385 88173 1 -0.434896 0.344231 275 1 1272 -0.00827173 -0.0499299 0.0459303 -0.664485 6.81401 102.403 
0.397128 -0.11297 88253 1 -0.434896 0.344231 276 1 1274 -0.00799644 -0.0495492 0.0465284 -0.66085 6.79621 102.397 
0.391208 -0.152082 88333 1 -0.434896 0.344231 277 1 1276 -0.00720059 -0.048414 0.0458224 -0.659374 6.82106 102.421 
0.402394 -0.137432 88413 1 -0.434896 0.344231 278 1 1278 -0.00811674 -0.0456453 0.0460733 -0.644403 6.8157 102.369 
0.417813 -0.146824 88494 1 -0.434896 0.344231 279 1 1280 -0.00860674 -0.0469232 0.0451758 -0.667291 6.82954 102.391 
0.419747 -0.155872 88574 1 -0.434896 0.344231 280 1 1282 -0.00844045 -0.0473082 0.0456077 -0.674551 6.81941 102.386 
0.428481 -0.17071 88614 1 -0.434896 0.344231 281 1 1283 -0.00801272 -0.0462776 0.0448872 -0.672763 6.83184 102.419 
0.404543 -0.191807 88693 1 -0.434896 0.344231 282 1 1285 -0.00887669 -0.0457346 0.0464675 -0.689533 6.82649 102.394 
0.407971 -0.184857 88733 1 -0.434896 0.344231 283 1 1286 -0.00906821 -0.0449854 0.0453863 -0.686931 6.82746 102.422 
0.407971 -0.184857 88733 1 -0.434896 0.344231 284 1 1286 -0.00906821 -0.0449854 0.0453863 -0.686931 6.82746 102.422 
0.397216 -0.180576 88894 1 -0.434896 0.344231 285 1 1290 -0.0100724 -0.0463834 0.0464386 -0.698073 6.81563 102.372 
0.391665 -0.18096 88974 1 -0.434896 0.344231 286 1 1292 -0.00882843 -0.0467569 0.0485403 -0.697701 6.81129 102.34 
0.365399 -0.163042 89060 1 -0.434896 0.344231 287 1 1294 -0.0103851 -0.0444287 0.0484778 -0.694605 6.8096 102.311 
0.319504 -0.238014 89134 1 -0.434896 0.344231 288 0 1296 -0.0117052 -0.046148 0.0500122 -0.723424 6.81313 102.272 
0.274841 -0.254784 89214 1 -0.434896 0.344231 289 0 1298 -0.0131846 -0.0458634 0.0533036 -0.732426 6.79628 102.268 
0.283643 -0.243422 89295 1 -0.434896 0.344231 290 0 1300 -0.0137767 -0.0469949 0.0544105 -0.734161 6.80148 102.167 
0.280551 -0.254787 89374 1 -0.434896 0.344231 291 0 1302 -0.0140851 -0.0454491 0.0540511 -0.733514 6.83257 102.224 
0.274047 -0.255857 89414 1 -0.434896 0.344231 292 0 1303 -0.0144295 -0.0446334 0.0538757 -0.736514 6.84146 102.198 
0.316268 -0.262438 89495 1 -0.434896 0.344231 293 0 1305 -0.0136405 -0.0428877 0.0533326 -0.739684 6.88141 102.36 
0.316268 -0.262438 89495 1 -0.434896 0.344231 294 0 1305 -0.0136405 -0.0428877 0.0533326 -0.739684 6.88141 102.36 
0.316268 -0.262438 89495 1 -0.434896 0.344231 295 0 1305 -0.0136405 -0.0428877 0.0533326 -0.739684 6.88141 102.36 
0.352218 -0.0201798 89696 1 -0.434896 0.344231 296 1 1310 -0.0151748 -0.0440305 0.0541476 -0.761679 6.90009 102.383 
0.383074 0.647817 89775 1 -0.434896 0.344231 297 1 1312 -0.0153277 -0.0418375 0.0550518 -0.741356 6.88752 102.371 
0.381634 0.644426 89815 1 -0.434896 0.344231 298 1 1313 -0.015529 -0.0422716 0.0546768 -0.747557 6.89297 102.365 
0.381634 0.644426 89815 1 -0.434896 0.344231 299 1 1313 -0.015529 -0.0422716 0.0546768 -0.747557 6.89297 102.365 
0.383687 0.62173 89855 1 -0.434896 0.344231 300 1 1314 -0.0155404 -0.0414336 0.057599 -0.737947 6.8596 102.353 
0.392678 0.604672 90017 1 -0.434896 0.344231 301 1 1318 -0.015524 -0.0441639 0.0569373 -0.758983 6.86203 102.381 
0.397022 0.573688 90136 1 -0.434896 0.344231 302 1 1321 -0.0167302 -0.0435914 0.056849 -0.759504 6.88231 102.366 
0.336756 0.762815 90216 1 -0.434896 0.344231 303 1 1323 -0.0169237 -0.0427869 0.0564342 -0.766495 6.87721 102.455 
0.328493 0.755378 90256 1 -0.434896 0.344231 304 1 1324 -0.0176828 -0.0425248 0.056574 -0.768943 6.87774 102.462 
0.325579 0.777768 90336 1 -0.434896 0.344231 305 1 1326 -0.0169253 -0.0447027 0.0550964 -0.782207 6.88859 102.468 
0.296607 0.877857 90417 1 -0.434896 0.344231 306 1 1328 -0.0159992 -0.0440893 0.0582507 -0.77042 6.86317 102.471 
0.321756 0.855625 90457 1 -0.434896 0.344231 307 1 1329 -0.0159117 -0.0442289 0.0581025 -0.766798 6.87314 102.515 
0.316553 0.873845 90536 1 -0.434896 0.344231 308 1 1331 -0.016089 -0.0427469 0.0580305 -0.75953 6.86591 102.519 
0.24797 0.976353 90617 1 -0.434896 0.344231 309 1 1333 -0.0154175 -0.0439215 0.0586296 -0.781606 6.8627 102.551 
0.235298 1.02364 90697 1 -0.434896 0.344231 310 1 1335 -0.0160674 -0.0438461 0.0610233 -0.781328 6.83149 102.515 
0.227717 1.02731 90737 1 -0.434896 0.344231 311 1 1336 -0.0154792 -0.0459789 0.0620284 -0.7948 6.81988 102.465 
0.217106 0.997688 90818 1 -0.434896 0.344231 312 1 1338 -0.0164152 -0.0474716 0.0621321 -0.801275 6.8295 102.459 
0.20328 1.00701 90897 1 -0.434896 0.344231 313 1 1340 -0.0166839 -0.0470762 0.0627343 -0.804367 6.83459 102.44 
0.220624 1.03572 90978 1 -0.434896 0.344231 314 1 1342 -0.0159533 -0.0428592 0.0596274 -0.775503 6.87022 102.51 
0.218175 1.01461 91058 1 -0.434896 0.344231 315 1 1344 -0.0171202 -0.0428059 0.0599918 -0.776028 6.87302 102.503 
0.218175 1.01461 91098 1 -0.434896 0.344231 316 1 1345 -0.0171202 -0.0428059 0.0599918 -0.776028 6.87302 102.503 
0.219704 1.00978 91178 1 -0.434896 0.344231 317 1 1347 -0.0172497 -0.0428617 0.0601122 -0.7755 6.87409 102.498 
0.128036 1.16674 91258 1 -0.434896 0.344231 318 1 1349 -0.0167335 -0.0427357 0.0659001 -0.775866 6.8459 102.536 
0.124402 1.1886 91298 1 -0.434896 0.344231 319 1 1350 -0.0175272 -0.0426547 0.066133 -0.776692 6.84781 102.531 
0.306722 1.42958 91378 1 -0.434896 0.344231 320 0 1352 -0.0176716 -0.0432396 0.0664636 -0.788271 6.8625 102.62 
0.367945 1.53719 91459 1 -0.434896 0.344231 321 0 1354 -0.0175168 -0.0429575 0.0682254 -0.789173 6.8467 102.541 
0.348422 1.52558 91499 1 -0.434896 0.344231 322 0 1355 -0.0183069 -0.044726 0.0675227 -0.794634 6.84781 102.487 
0.373318 1.47475 91579 1 -0.434896 0.344231 323 0 1357 -0.0166164 -0.045848 0.0663295 -0.788181 6.87594 102.526 
0.38287 1.37093 91658 1 -0.434896 0.344231 324 0 1359 -0.0170573 -0.046167 0.0672472 -0.789444 6.87308 102.509 
0.429115 1.21393 91739 1 -0.434896 0.344231 325 0 1361 -0.0184886 -0.0446671 0.0664726 -0.787937 6.90132 102.673 
0.429115 1.21393 91739 1 -0.434896 0.344231 326 0 1361 -0.0184886 -0.0446671 0.0664726 -0.787937 6.90132 102.673 
0.399885 1.17494 91900 1 -0.434896 0.344231 327 1 1365 -0.0187162 -0.0447942 0.0660096 -0.793452 6.91237 102.706 
0.402124 1.22989 91980 1 -0.434896 0.344231 328 0 1367 -0.0170859 -0.0451094 0.0674373 -0.78832 6.88318 102.576 
0.421486 1.23308 92019 1 -0.434896 0.344231 329 0 1368 -0.017375 -0.0437106 0.0667252 -0.777917 6.89326 102.605 
0.435074 1.22576 92059 1 -0.434896 0.344231 330 0 1369 -0.0171929 -0.0415208 0.0674134 -0.76056 6.89327 102.596 
0.446965 1.25017 92180 1 -0.434896 0.344231 331 0 1372 -0.0179871 -0.0422979 0.0709277 -0.759229 6.88308 102.522 
0.427859 1.30526 92261 1 -0.434896 0.344231 332 0 1374 -0.0175439 -0.0439709 0.0748173 -0.745466 6.86173 102.491 
0.384015 1.32431 92341 1 -0.434896 0.344231 333 0 1376 -0.0180751 -0.0458843 0.0748577 -0.736471 6.87093 102.487 
0.35022 1.35947 92380 1 -0.434896 0.344231 334 0 1377 -0.0168433 -0.0463764 0.0772972 -0.726323 6.85391 102.437 
0.35022 1.35947 92380 1 -0.434896 0.344231 335 0 1377 -0.0168433 -0.0463764 0.0772972 -0.726323 6.85391 102.437 
0.404152 1.48254 92541 1 -0.434896 0.344231 336 0 1381 -0.0165118 -0.0458967 0.0795444 -0.717481 6.87168 102.53 
0.408621 1.39563 92624 1 -0.434896 0.344231 337 0 1383 -0.0173111 -0.0463351 0.0752609 -0.719176 6.9445 102.553 
0.414661 1.39485 92661 1 -0.434896 0.344231 338 0 1384 -0.0171742 -0.047002 0.0753234 -0.717522 6.95962 102.577 
0.405493 1.38016 92701 1 -0.434896 0.344231 339 0 1385 -0.0168858 -0.0476715 0.0767471 -0.716075 6.964 102.564 
0.405493 1.38016 92701 1 -0.434896 0.344231 340 0 1385 -0.0168858 -0.0476715 0.0767471 -0.716075 6.964 102.564 
0.388107 1.39872 92901 1 -0.434896 0.344231 341 0 1390 -0.0154543 -0.0482567 0.0804906 -0.677473 6.95803 102.551 
0.196063 1.33764 92982 1 -0.434896 0.344231 342 0 1392 -0.014589 -0.0471385 0.0809192 -0.642319 6.93732 102.558 
0.186041 1.31149 93022 1 -0.434896 0.344231 343 0 1393 -0.014752 -0.0485297 0.0820448 -0.647544 6.92918 102.556 
0.186041 1.31149 93022 1 -0.434896 0.344231 344 0 1393 -0.014752 -0.0485297 0.0820448 -0.647544 6.92918 102.556 
0.17011 1.29219 93181 1 -0.436979 0.350962 345 0 1397 -0.0143387 -0.048386 0.0791559 -0.652448 6.93178 102.546 
0.193502 1.18592 93262 1 -0.457813 0.398077 346 1 1399 -0.0149105 -0.0446217 0.075075 -0.648373 6.95472 102.654 
0.194169 1.16934 93342 1 -0.461458 0.402885 347 1 1401 -0.0152224 -0.0461894 0.0744318 -0.681346 6.95854 102.616 
0.194169 1.16934 93342 1 -0.461458 0.402885 348 1 1401 -0.0152224 -0.0461894 0.0744318 -0.681346 6.95854 102.616 
0.194169 1.16934 93342 1 -0.461458 0.402885 349 1 1401 -0.0152224 -0.0461894 0.0744318 -0.681346 6.95854 102.616 
0.179054 1.12564 93542 1 -0.461458 0.402885 350 1 1406 -0.0172545 -0.048665 0.0739968 -0.692281 6.95384 102.631 
0.269788 0.991658 93623 1 -0.461458 0.402885 351 1 1408 -0.0139273 -0.0474117 0.072426 -0.679126 6.94224 102.57 
0.25823 1.01198 93664 1 -0.461458 0.402885 352 1 1409 -0.0140227 -0.0464876 0.0731508 -0.675832 6.93111 102.525 
0.271386 1.05297 93743 1 -0.461458 0.402885 353 1 1411 -0.0143065 -0.0460985 0.0743937 -0.691654 6.89839 102.488 
0.291299 1.06431 93823 1 -0.461458 0.402885 354 1 1413 -0.0142035 -0.0480707 0.073006 -0.702564 6.88611 102.461 
0.345636 0.949837 93903 1 -0.461458 0.402885 355 1 1415 -0.0139849 -0.0467146 0.0696259 -0.690647 6.90827 102.492 
0.383642 0.906239 93943 1 -0.461458 0.402885 356 1 1416 -0.013737 -0.0458337 0.0695108 -0.686032 6.91158 102.471 
0.374343 0.887366 94023 1 -0.45625 0.406731 357 1 1418 -0.0141891 -0.0477677 0.0677055 -0.716565 6.91877 102.524 
0.371835 0.823836 94104 1 -0.455208 0.408654 358 1 1420 -0.0142358 -0.0467196 0.0648683 -0.707755 6.93368 102.512 
0.38579 0.818815 94184 1 -0.444792 0.417308 359 1 1422 -0.0139905 -0.0483799 0.0641876 -0.71024 6.92314 102.462 
0.484762 0.706702 94263 1 -0.453646 0.417308 360 1 1424 -0.0140284 -0.0491314 0.0634767 -0.710021 6.93517 102.484 
0.498871 0.719191 94344 1 -0.453646 0.417308 361 1 1426 -0.0135957 -0.0465015 0.0644234 -0.687617 6.91446 102.497 
0.495899 0.721953 94425 1 -0.453646 0.417308 362 1 1428 -0.0137753 -0.0475386 0.0637252 -0.704414 6.9185 102.504 
0.489548 0.707779 94464 1 -0.453646 0.417308 363 1 1429 -0.0137853 -0.0481937 0.0621898 -0.716289 6.92472 102.483 
0.468108 0.735124 94545 1 -0.453646 0.417308 364 1 1431 -0.0150895 -0.0509318 0.0615999 -0.742189 6.90647 102.41 
0.493015 0.728236 94624 1 -0.453646 0.417308 365 1 1433 -0.0139861 -0.0491363 0.0602538 -0.713031 6.93576 102.425 
0.48681 0.71324 94664 1 -0.453646 0.417308 366 1 1434 -0.0134609 -0.0485103 0.0614933 -0.703041 6.92779 102.421 
0.504561 0.69769 94745 1 -0.453646 0.417308 367 1 1436 -0.0127134 -0.0493869 0.0612012 -0.703167 6.95088 102.498 
0.490291 0.405737 94825 1 -0.453646 0.417308 368 1 1438 -0.0125815 -0.0487756 0.0614965 -0.683562 6.9332 102.455 
0.495737 0.385664 94865 1 -0.453646 0.417308 369 1 1439 -0.0126299 -0.0500562 0.0607502 -0.687891 6.93796 102.44 
0.481234 0.352122 94945 1 -0.451562 0.410577 370 1 1441 -0.0118153 -0.0546677 0.0610907 -0.706303 6.9406 102.483 
0.477819 0.379176 95026 1 -0.447396 0.399038 371 1 1443 -0.0103869 -0.0586986 0.0640914 -0.713579 6.91807 102.458 
0.491641 0.404107 95106 1 -0.445833 0.394231 372 1 1445 -0.00950361 -0.0595369 0.0674914 -0.698984 6.91642 102.451 
0.512766 0.414255 95145 1 -0.445833 0.394231 373 1 1446 -0.00881665 -0.0579906 0.0667387 -0.675051 6.93452 102.426 
0.414995 0.282796 95226 1 -0.445833 0.394231 374 1 1448 -0.00833303 -0.0541468 0.0690402 -0.625627 6.92798 102.369 
0.423636 0.284505 95306 1 -0.445833 0.394231 375 1 1450 -0.00767237 -0.0535638 0.0700721 -0.600975 6.90983 102.313 
0.453483 0.284619 95386 1 -0.445833 0.394231 376 1 1452 -0.00620539 -0.0547883 0.0687254 -0.593972 6.93432 102.362 
0.451724 0.28308 95426 1 -0.445833 0.394231 377 1 1453 -0.00589571 -0.0550684 0.0693491 -0.599121 6.93061 102.405 
0.435507 0.2442 95506 1 -0.445833 0.394231 378 1 1455 -0.0062457 -0.053984 0.0669373 -0.59086 6.94297 102.415 
0.251933 0.0937768 95586 1 -0.445833 0.394231 379 1 1457 -0.00745353 -0.0540145 0.0662084 -0.589855 6.94152 102.422 
0.251205 0.0968617 95667 1 -0.445833 0.394231 380 1 1459 -0.00773528 -0.0564093 0.0665678 -0.602913 6.94703 102.436 
0.250099 0.0829835 95746 1 -0.445833 0.394231 381 1 1461 -0.00691708 -0.059334 0.0680353 -0.607956 6.94268 102.436 
0.208629 0.0636544 95827 1 -0.445833 0.394231 382 1 1463 -0.00776804 -0.0623481 0.069136 -0.62093 6.93205 102.403 
0.0964331 0.0694995 95907 1 -0.445833 0.394231 383 1 1465 -0.00642285 -0.0654899 0.070714 -0.633027 6.9216 102.355 
0.110979 0.083873 95947 1 -0.445833 0.394231 384 1 1466 -0.00656499 -0.0650023 0.0717813 -0.615005 6.91372 102.325 
0.13184 0.0713068 96027 1 -0.445833 0.394231 385 1 1468 -0.00552587 -0.0614086 0.06977 -0.553189 6.92995 102.334 
0.193153 0.0934959 96108 1 -0.445833 0.394231 386 1 1470 -0.00431919 -0.0600627 0.0682476 -0.504228 6.94153 102.326 
0.253879 0.118465 96147 1 -0.445833 0.394231 387 1 1471 -0.00327919 -0.0599221 0.0669388 -0.494245 6.95696 102.33 
0.254577 0.138913 96227 1 -0.445833 0.394231 388 1 1473 -0.00200432 -0.062017 0.0688039 -0.509374 6.93995 102.366 
0.258767 0.108035 96308 1 -0.445833 0.394231 389 1 1475 -0.00237928 -0.0609966 0.0659626 -0.50109 6.95928 102.366 
0.225358 0.12631 96388 1 -0.445833 0.394231 390 1 1477 -0.0034381 -0.0655173 0.066568 -0.534403 6.95188 102.325 
0.165958 0.176437 96428 1 -0.445833 0.394231 391 1 1478 -0.00427375 -0.0658739 0.0693421 -0.529544 6.93812 102.409 
0.140767 0.170851 96472 1 -0.445833 0.394231 392 1 1479 -0.00300844 -0.0697 0.067986 -0.54908 6.94419 102.325 
0.140767 0.170851 96472 1 -0.445833 0.394231 393 1 1479 -0.00300844 -0.0697 0.067986 -0.54908 6.94419 102.325 
-0.00473869 0.130953 96668 1 -0.445833 0.394231 394 1 1484 -0.0024511 -0.072955 0.0655881 -0.551573 6.95398 102.308 
-0.00473869 0.130953 96709 1 -0.445833 0.394231 395 1 1485 -0.0024511 -0.072955 0.0655881 -0.551573 6.95398 102.308 
0.0032612 0.129519 96789 1 -0.445833 0.394231 396 1 1487 -0.00257546 -0.0730228 0.0654217 -0.550589 6.95251 102.314 
0.00564491 0.12627 96868 1 -0.445833 0.394231 397 1 1489 -0.00262976 -0.0730805 0.0654894 -0.550029 6.95315 102.309 
0.0162063 0.159965 96949 1 -0.445833 0.394231 398 1 1491 -0.00231216 -0.0723137 0.0684176 -0.543438 6.93433 102.246 
0.0271405 0.167081 97029 1 -0.445833 0.394231 399 1 1493 -0.00115853 -0.0721194 0.0686186 -0.552651 6.93819 102.243 
0.027131 0.147673 97110 1 -0.445833 0.394231 400 1 1495 -0.00209469 -0.07422 0.0670746 -0.570617 6.95454 102.23 
0.0228158 0.154495 97150 1 -0.445833 0.394231 401 1 1496 -0.00243974 -0.0730623 0.067748 -0.552715 6.95074 102.212 
0.0221045 0.0689776 97230 1 -0.445833 0.394231 402 1 1498 -0.00155212 -0.0734231 0.070018 -0.52345 6.93469 102.239 
0.0917203 -0.135152 97309 1 -0.445833 0.394231 403 1 1500 -0.000518332 -0.0695226 0.0693364 -0.466442 6.93823 102.314 
0.12317 -0.169925 97390 1 -0.445833 0.394231 404 1 1502 0.000645117 -0.0687849 0.0665819 -0.452008 6.95039 102.354 
0.128839 -0.184835 97430 1 -0.445833 0.394231 405 1 1503 -0.000348039 -0.068831 0.065277 -0.454871 6.9595 102.34 
0.140154 -0.17342 97510 1 -0.445833 0.394231 406 1 1505 -0.000566248 -0.0666203 0.0640596 -0.444855 6.96042 102.308 
0.195651 -0.126566 97592 1 -0.445833 0.394231 407 1 1507 0.00105962 -0.0682682 0.0651999 -0.447222 6.94279 102.272 
0.213401 -0.127078 97670 1 -0.445833 0.394231 408 1 1509 0.00105241 -0.0681323 0.0655803 -0.450236 6.94374 102.302 
0.211262 -0.126031 97752 1 -0.445833 0.394231 409 1 1511 0.00132068 -0.0664136 0.0632378 -0.437276 6.95198 102.311 
0.205734 -0.141689 97790 1 -0.445833 0.394231 410 1 1512 0.000930821 -0.0667924 0.0603452 -0.442758 6.97425 102.337 
0.211603 -0.136328 97871 1 -0.445833 0.394231 411 1 1514 0.00107613 -0.0679266 0.0619416 -0.438822 6.95913 102.328 
0.220217 -0.157582 97951 1 -0.445833 0.394231 412 1 1516 0.00157739 -0.0715906 0.0629368 -0.44862 6.96113 102.308 
0.0788717 -0.249077 98031 1 -0.445833 0.394231 413 0 1518 0.00198869 -0.0736349 0.0638074 -0.454299 6.94746 102.297 
0.0695156 -0.263231 98071 1 -0.445833 0.394231 414 0 1519 0.00191544 -0.0742689 0.0618104 -0.460569 6.95735 102.27 
0.0624269 -0.258452 98151 1 -0.445833 0.394231 415 0 1521 0.00254373 -0.0739354 0.0615211 -0.461484 6.95137 102.278 
0.0635399 -0.245247 98232 1 -0.445833 0.394231 416 0 1523 0.00164379 -0.0712214 0.0620072 -0.445808 6.95435 102.297 
0.110034 -0.21469 98272 1 -0.445833 0.394231 417 0 1524 0.00114041 -0.0704032 0.0618787 -0.436994 6.95972 102.317 
0.194101 -0.202745 98354 1 -0.445833 0.394231 418 0 1526 0.00162719 -0.0711859 0.0623708 -0.439711 6.95671 102.268 
0.194101 -0.202745 98354 1 -0.445833 0.394231 419 0 1526 0.00162719 -0.0711859 0.0623708 -0.439711 6.95671 102.268 
0.18288 -0.227843 98472 1 -0.445833 0.394231 420 0 1529 0.000577478 -0.0692223 0.064598 -0.435316 6.95558 102.253 
0.179274 -0.250054 98552 1 -0.445833 0.394231 421 0 1531 0.00112542 -0.0691515 0.0630332 -0.441765 6.97763 102.303 
0.184111 -0.224788 98632 1 -0.445833 0.394231 422 0 1533 0.000439382 -0.0695675 0.0659601 -0.437377 6.96104 102.279 
0.180911 -0.224842 98673 1 -0.445833 0.394231 423 0 1534 0.000711998 -0.0726198 0.0653108 -0.454842 6.97622 102.283 
0.180911 -0.224842 98673 1 -0.445833 0.394231 424 0 1534 0.000711998 -0.0726198 0.0653108 -0.454842 6.97622 102.283 
-0.0497722 -0.217232 98832 1 -0.445833 0.394231 425 0 1538 0.000959983 -0.0711115 0.0666054 -0.427349 6.98323 102.309 
-0.0777713 -0.158264 98913 1 -0.445833 0.394231 426 1 1540 0.00182425 -0.0721325 0.0692375 -0.392715 6.96723 102.108 
-0.0561838 -0.183851 98993 1 -0.445833 0.394231 427 1 1542 0.00248882 -0.0709827 0.0683149 -0.336387 7.01125 102.102 
-0.0561838 -0.183851 98993 1 -0.445833 0.394231 428 1 1542 0.00248882 -0.0709827 0.0683149 -0.336387 7.01125 102.102 
-0.107194 -0.275426 99113 1 -0.445833 0.394231 429 0 1545 0.00366614 -0.0713478 0.0693219 -0.297353 7.04728 102.165 
-0.225565 -0.394807 99194 1 -0.445833 0.394231 430 0 1547 0.00389595 -0.0695231 0.069205 -0.295914 7.04663 102.188 
-0.235504 -0.384388 99273 1 -0.445833 0.394231 431 0 1549 0.00275884 -0.06702 0.066555 -0.301245 7.04813 102.222 
-0.260212 -0.37041 99354 1 -0.445833 0.394231 432 0 1551 0.00231974 -0.0687185 0.066106 -0.338601 7.03447 102.169 
-0.283834 -0.367173 99434 1 -0.445833 0.394231 433 0 1553 0.00239197 -0.0711764 0.0685391 -0.357625 7.01278 102.108 
-0.261134 -0.380594 99473 1 -0.445833 0.394231 434 0 1554 0.00246761 -0.0702815 0.0693873 -0.337921 7.01673 102.142 
-0.214851 -0.404179 99515 1 -0.445833 0.394231 435 0 1555 0.00206003 -0.0704749 0.0686176 -0.329177 7.02713 102.173 
-0.214851 -0.404179 99515 1 -0.445833 0.394231 436 0 1555 0.00206003 -0.0704749 0.0686176 -0.329177 7.02713 102.173 
-0.155355 -0.477991 99715 1 -0.445833 0.394231 437 0 1560 0.00420119 -0.0719155 0.0697324 -0.318701 6.97113 102.094 
-0.165584 -0.480235 99795 1 -0.445833 0.394231 438 0 1562 0.00530264 -0.0723938 0.0699383 -0.302192 6.95929 102.073 
-0.172287 -0.50663 99838 1 -0.445833 0.394231 439 0 1563 0.00540535 -0.0733454 0.0704219 -0.307527 6.95697 102.053 
-0.172287 -0.50663 99838 1 -0.445833 0.394231 440 0 1563 0.00540535 -0.0733454 0.0704219 -0.307527 6.95697 102.053 
-0.139128 -0.562093 99995 1 -0.445833 0.394231 441 0 1567 0.00470047 -0.0727607 0.0708408 -0.315983 6.9491 102.032 
-0.164279 -0.602194 100075 1 -0.445833 0.394231 442 0 1569 0.00349429 -0.0733424 0.0688198 -0.333447 6.96716 102.06 
-0.193735 -0.426122 100155 1 -0.444792 0.394231 443 0 1571 0.00345962 -0.0753481 0.0676867 -0.351043 6.97783 102.057 
-0.193735 -0.426122 100155 1 -0.434896 0.382692 444 0 1571 0.00345962 -0.0753481 0.0676867 -0.351043 6.97783 102.057 
-0.166139 -0.373907 100315 1 -0.41875 0.3625 445 0 1575 0.00371398 -0.0734206 0.0658192 -0.336124 6.98197 102.122 
-0.134429 -0.370648 100355 1 -0.409896 0.346154 446 0 1576 0.00424465 -0.0745098 0.0653999 -0.347846 6.98091 102.14 
-0.0805158 -0.275115 100476 1 -0.408854 0.338462 447 0 1579 0.00351344 -0.0747569 0.0659522 -0.353838 6.96254 102.091 
-0.0805158 -0.275115 100476 1 -0.407813 0.334615 448 0 1579 0.00351344 -0.0747569 0.0659522 -0.353838 6.96254 102.091 
-0.0805158 -0.275115 100476 1 -0.407813 0.334615 449 0 1579 0.00351344 -0.0747569 0.0659522 -0.353838 6.96254 102.091 
-0.0206791 -0.186462 100676 1 -0.407813 0.334615 450 1 1584 0.00372084 -0.0753655 0.0672463 -0.345699 6.95944 102.012 
-0.0288178 -0.177155 100756 1 -0.405208 0.335577 451 1 1586 0.00367406 -0.0754722 0.0667115 -0.353579 6.95427 102.03 
-0.0391456 -0.190019 100796 1 -0.397396 0.339423 452 1 1587 0.00299135 -0.0771042 0.0646046 -0.371038 6.96431 101.987 
-0.0391456 -0.190019 100796 1 -0.384896 0.341346 453 1 1587 0.00299135 -0.0771042 0.0646046 -0.371038 6.96431 101.987 
-0.0475197 -0.186527 100957 1 -0.38125 0.341346 454 1 1591 0.00349753 -0.0780669 0.06584 -0.365299 6.95698 102.016 
-0.0124948 -0.244994 101037 1 -0.38125 0.341346 455 0 1593 0.00369545 -0.0768294 0.0657191 -0.352082 6.957 102.001 
-0.0288466 -0.230566 101076 1 -0.38125 0.341346 456 0 1594 0.0037673 -0.0774078 0.0656304 -0.358549 6.95895 101.986 
-0.201754 -0.358878 101158 1 -0.38125 0.341346 457 0 1596 0.00331207 -0.0758502 0.0644143 -0.347515 6.97367 102 
-0.239108 -0.427923 101237 1 -0.38125 0.341346 458 0 1598 0.0038101 -0.0764241 0.0643012 -0.344871 6.96882 101.995 
-0.24497 -0.428922 101318 1 -0.386458 0.341346 459 0 1600 0.00312582 -0.0773594 0.0636003 -0.352325 6.96778 101.971 
-0.250564 -0.433624 101357 1 -0.404687 0.341346 460 0 1601 0.00383099 -0.0777146 0.0639923 -0.365301 6.967 101.971 
-0.25457 -0.418007 101398 1 -0.413021 0.341346 461 0 1602 0.00374927 -0.0768072 0.0658389 -0.366642 6.95855 101.958 
-0.25457 -0.418007 101398 1 -0.413542 0.341346 462 0 1602 0.00374927 -0.0768072 0.0658389 -0.366642 6.95855 101.958 
-0.327836 -0.156081 101598 1 -0.413542 0.341346 463 0 1607 0.00298855 -0.0720984 0.0657555 -0.346352 6.97896 101.985 
-0.440918 0.360259 101678 1 -0.401042 0.341346 464 0 1609 0.00253784 -0.0713815 0.0666248 -0.332611 6.97501 101.985 
-0.437489 0.34695 101719 1 -0.384375 0.341346 465 0 1610 0.00305146 -0.072279 0.0671715 -0.338954 6.97629 101.98 
-0.437489 0.34695 101719 1 -0.383333 0.341346 466 0 1610 0.00305146 -0.072279 0.0671715 -0.338954 6.97629 101.98 
-0.36873 0.444368 101919 1 -0.383333 0.341346 467 0 1615 0.00325715 -0.071565 0.0671717 -0.321246 6.97466 102.025 
-0.247709 0.451011 101960 1 -0.383333 0.341346 468 0 1616 0.00310033 -0.072458 0.0670968 -0.322254 6.97096 101.982 
-0.186761 0.405338 102039 1 -0.391146 0.341346 469 1 1618 0.00378255 -0.0754242 0.0670208 -0.339153 6.98346 101.961 
-0.186761 0.405338 102039 1 -0.418229 0.341346 470 1 1618 0.00378255 -0.0754242 0.0670208 -0.339153 6.98346 101.961 
-0.0566045 -0.241583 102199 1 -0.420312 0.341346 471 0 1622 0.00380207 -0.0745305 0.0670378 -0.339831 7.01398 102.077 
-0.0514357 -0.255774 102239 1 -0.420312 0.341346 472 0 1623 0.00328738 -0.0727783 0.0657764 -0.330075 7.02379 102.087 
-0.0435076 -0.236594 102359 1 -0.417187 0.340385 473 0 1626 0.00310397 -0.072857 0.0687332 -0.330077 6.98745 102.042 
-0.0435076 -0.236594 102359 1 -0.3875 0.340385 474 0 1626 0.00310397 -0.072857 0.0687332 -0.330077 6.98745 102.042 
-0.0435076 -0.236594 102359 1 -0.383854 0.340385 475 0 1626 0.00310397 -0.072857 0.0687332 -0.330077 6.98745 102.042 
-0.0124714 -0.257436 102559 1 -0.383854 0.340385 476 0 1631 0.00349288 -0.0744422 0.068036 -0.350088 6.97207 102.05 
-0.011347 -0.199407 102640 1 -0.383854 0.340385 477 1 1633 0.00207683 -0.0717718 0.0656532 -0.326582 6.99174 102.04 
-0.0184738 -0.183719 102680 1 -0.383854 0.340385 478 1 1634 0.00267241 -0.0724022 0.0662039 -0.333551 6.97911 102.033 
-0.0184738 -0.183719 102680 1 -0.383854 0.340385 479 1 1634 0.00267241 -0.0724022 0.0662039 -0.333551 6.97911 102.033 
-0.0333623 -0.165465 102841 1 -0.383854 0.340385 480 1 1638 0.00274611 -0.0758181 0.0670302 -0.363054 6.98372 101.974 
-0.0139133 -0.164796 102920 1 -0.398438 0.341346 481 1 1640 0.00254272 -0.0741027 0.0677982 -0.36587 6.98896 102.01 
-0.0227852 -0.207266 103001 1 -0.414583 0.341346 482 0 1642 0.00111824 -0.0720294 0.0660048 -0.371072 7.00083 102.006 
-0.0227852 -0.207266 103001 1 -0.415625 0.341346 483 0 1642 0.00111824 -0.0720294 0.0660048 -0.371072 7.00083 102.006 
-0.0108001 -0.216913 103041 1 -0.415625 0.341346 484 0 1643 0.000512872 -0.0726843 0.0668758 -0.391594 6.98408 101.957 
0.00965818 -0.20769 103201 1 -0.396354 0.341346 485 0 1647 0.000865208 -0.074646 0.0673929 -0.424772 6.97142 101.975 
0.0604696 -0.128755 103281 1 -0.372396 0.342308 486 1 1649 0.00115883 -0.0730146 0.0664529 -0.421883 6.97925 101.997 
0.109761 -0.111367 103321 1 -0.372396 0.342308 487 1 1650 0.000483236 -0.074151 0.0667244 -0.433133 6.98084 101.99 
0.109761 -0.111367 103321 1 -0.372396 0.342308 488 1 1650 0.000483236 -0.074151 0.0667244 -0.433133 6.98084 101.99 
0.173141 -0.0339589 103482 1 -0.372396 0.342308 489 1 1654 0.000268256 -0.072952 0.0686556 -0.394412 6.98715 101.987 
0.182968 -0.0418149 103562 1 -0.376042 0.342308 490 1 1656 0.00112429 -0.0724147 0.0704396 -0.352666 7.01013 102.017 
0.220836 -0.0722313 103641 1 -0.395833 0.342308 491 1 1658 0.00158939 -0.0710045 0.0712746 -0.335255 7.03793 102.034 
0.220836 -0.0722313 103641 1 -0.409896 0.341346 492 1 1658 0.00158939 -0.0710045 0.0712746 -0.335255 7.03793 102.034 
0.228122 -0.0668762 103682 1 -0.410417 0.341346 493 1 1659 0.00184136 -0.0691927 0.0712541 -0.322357 7.04527 102.099 
0.478813 0.0953946 103842 1 -0.410938 0.341346 494 1 1663 -0.000203008 -0.0712663 0.0695934 -0.382329 7.04796 102.022 
0.331705 0.0153468 103922 1 -0.409375 0.341346 495 1 1665 -0.000537342 -0.0723343 0.0703982 -0.401614 7.05334 102.065 
0.127212 -0.0797215 103963 1 -0.391146 0.341346 496 1 1666 -0.00100123 -0.0723599 0.0705051 -0.404654 7.05091 102.055 
0.127212 -0.0797215 103963 1 -0.382813 0.340385 497 1 1666 -0.00100123 -0.0723599 0.0705051 -0.404654 7.05091 102.055 
0.0949354 -0.102894 104122 1 -0.382813 0.340385 498 1 1670 -0.0027585 -0.0704466 0.0699037 -0.386605 7.04958 102.141 
0.0946016 -0.0908706 104203 1 -0.382813 0.340385 499 1 1672 -0.00142018 -0.0720644 0.0692822 -0.393231 7.04205 102.052 
0.121971 -0.0729334 104283 1 -0.383854 0.340385 500 1 1674 -0.000382154 -0.0712 0.0698381 -0.361712 7.05103 102.07 
0.0895811 0.212848 104363 1 -0.400521 0.340385 501 1 1676 -0.000410273 -0.0702725 0.069989 -0.353694 7.05632 102.093 
0.0824861 0.234878 104443 1 -0.414063 0.340385 502 1 1678 -0.00171888 -0.0713064 0.0694208 -0.394552 7.03263 102.008 
0.0547559 0.23717 104483 1 -0.414063 0.340385 503 1 1679 -0.0028193 -0.0684867 0.0696962 -0.403343 7.0202 102.039 
0.0803387 0.231469 104565 1 -0.414063 0.340385 504 1 1681 -0.00301987 -0.0658116 0.0711734 -0.386746 7.00525 102.05 
0.114077 0.267912 104644 1 -0.398958 0.340385 505 1 1683 -0.00310017 -0.0644347 0.0723283 -0.380531 6.9917 102.102 
0.12144 0.266231 104718 1 -0.386458 0.340385 506 1 1684 -0.00281983 -0.062701 0.0723858 -0.364204 6.9898 102.123 
0.668739 1.02834 104804 1 -0.386458 0.340385 507 1 1687 -0.0036242 -0.061186 0.0768814 -0.354221 6.9347 102.087 
0.694746 0.797351 104844 1 -0.386458 0.340385 508 1 1688 -0.00337792 -0.0614775 0.0779168 -0.352755 6.92809 102.071 
0.697051 0.658852 104924 1 -0.392188 0.340385 509 1 1690 -0.00407129 -0.0613004 0.0784696 -0.348131 6.91608 102.028 
0.692508 0.614051 105005 1 -0.415104 0.340385 510 1 1692 -0.00361185 -0.0645027 0.0789284 -0.375495 6.91375 102.011 
0.702788 0.589217 105045 1 -0.417708 0.340385 511 1 1693 -0.00425966 -0.0609989 0.0798874 -0.347687 6.91251 102.024 
0.840684 0.654263 105125 1 -0.417708 0.340385 512 1 1695 -0.00420237 -0.0579426 0.0793254 -0.33703 6.92837 102.044 
1.43039 1.08821 105204 1 -0.410938 0.340385 513 0 1697 -0.00538564 -0.0585833 0.0790788 -0.380746 6.93442 102.046 
1.38521 0.974175 105286 1 -0.393229 0.340385 514 0 1699 -0.00785007 -0.0608962 0.0791991 -0.448509 6.92976 101.987 
1.35691 0.929959 105325 1 -0.391146 0.340385 515 0 1700 -0.00797566 -0.0613867 0.0785178 -0.467296 6.94398 102.025 
1.36568 0.906994 105408 1 -0.391146 0.340385 516 0 1702 -0.00779969 -0.0627073 0.077306 -0.487247 6.95778 102.03 
1.21772 0.68335 105485 1 -0.391146 0.340385 517 0 1704 -0.00722446 -0.0613831 0.0736179 -0.48409 7.00259 102.122 
1.1512 0.631133 105566 1 -0.403646 0.340385 518 1 1706 -0.00697858 -0.0599058 0.0733473 -0.479974 6.98543 102.046 
1.15544 0.632578 105605 1 -0.409896 0.340385 519 1 1707 -0.0074393 -0.0560572 0.0736971 -0.453711 6.98543 102.072 
1.28499 0.69345 105686 1 -0.409896 0.340385 520 0 1709 -0.00776392 -0.0538256 0.0723769 -0.44718 6.99288 102.048 
1.47566 0.69605 105767 1 -0.407813 0.340385 521 0 1711 -0.00796368 -0.054277 0.0725185 -0.448746 6.99949 102.068 
1.46116 0.649577 105808 1 -0.391146 0.340385 522 0 1712 -0.00874197 -0.0543044 0.0729952 -0.457932 7.00208 102.076 
1.5213 0.645819 105885 1 -0.389062 0.340385 523 0 1714 -0.00844466 -0.0526312 0.0704903 -0.463205 7.03601 102.094 
1.4825 0.554264 105968 1 -0.389062 0.340385 524 0 1716 -0.00997736 -0.0548457 0.0694212 -0.515969 7.05752 102.088 
1.40934 0.51264 106047 1 -0.389062 0.340385 525 0 1718 -0.01231 -0.0552053 0.0695989 -0.54805 7.06761 102.098 
1.40934 0.51264 106047 1 -0.391667 0.340385 526 0 1718 -0.01231 -0.0552053 0.0695989 -0.54805 7.06761 102.098 
1.40934 0.51264 106047 1 -0.410417 0.340385 527 0 1718 -0.01231 -0.0552053 0.0695989 -0.54805 7.06761 102.098 
1.67113 0.855422 106246 1 -0.41875 0.340385 528 0 1723 -0.0129227 -0.050552 0.0686961 -0.543608 7.10912 102.245 
1.67424 0.850345 106327 1 -0.41875 0.340385 529 0 1725 -0.0150101 -0.0483858 0.068042 -0.553965 7.13682 102.31 
1.4982 1.14635 106367 1 -0.417708 0.340385 530 0 1726 -0.0165795 -0.0476258 0.0683366 -0.575887 7.12979 102.275 
1.4982 1.14635 106367 1 -0.394792 0.340385 531 0 1726 -0.0165795 -0.0476258 0.0683366 -0.575887 7.12979 102.275 
1.34321 1.70769 106527 1 -0.392188 0.340385 532 0 1730 -0.0216723 -0.0436169 0.0657618 -0.69135 7.16174 102.27 
1.3415 1.74367 106607 1 -0.392188 0.340385 533 0 1732 -0.0254823 -0.0427867 0.065524 -0.815818 7.16903 102.311 
1.37568 1.80477 106687 1 -0.392188 0.340385 534 0 1734 -0.0258215 -0.0427795 0.0668689 -0.955063 7.14376 102.284 
1.37568 1.80477 106687 1 -0.398438 0.340385 535 0 1734 -0.0258215 -0.0427795 0.0668689 -0.955063 7.14376 102.284 
1.43664 1.41315 106808 1 -0.415104 0.340385 536 0 1737 -0.0257806 -0.0430385 0.0654817 -1.1811 7.12259 102.117 
1.38816 1.32367 106891 1 -0.419271 0.340385 537 0 1739 -0.0248449 -0.0396289 0.0653865 -1.37218 7.09435 101.906 
1.02642 0.745883 106968 1 -0.419271 0.340385 538 1 1741 -0.0264826 -0.0347694 0.0642206 -1.56764 7.09341 101.7 
1.02938 0.724606 107008 1 -0.408854 0.339423 539 1 1742 -0.0271728 -0.0314792 0.0645009 -1.6477 7.07907 101.491 
1.02938 0.724606 107008 1 -0.388021 0.339423 540 1 1742 -0.0271728 -0.0314792 0.0645009 -1.6477 7.07907 101.491 
1.14745 2.53554 107168 1 -0.385937 0.339423 541 0 1746 -0.0305912 -0.0179669 0.0517477 -1.88836 6.92853 100.495 
-0.210048 1.76026 107249 1 -0.385937 0.339423 542 0 1748 -0.0177949 -0.0400138 0.0356841 -2.38124 6.89164 100.12 
0.202036 1.01634 107329 1 -0.385937 0.339423 543 1 1750 -0.00240251 -0.0580476 0.0318498 -2.81386 6.82977 99.6115 
0.219046 0.76976 107368 1 -0.395833 0.340385 544 1 1751 0.00523711 -0.0667016 0.0289272 -3.01764 6.77232 99.2237 
0.348574 0.628352 107449 1 -0.416146 0.340385 545 1 1753 0.0279029 -0.0740367 0.0129466 -3.19005 6.7924 98.7453 
0.272204 0.829694 107529 1 -0.417187 0.340385 546 1 1755 0.0285854 -0.0672911 0.0127602 -3.21937 6.65738 98.4536 
0.160895 0.750068 107613 1 -0.417187 0.340385 547 1 1757 0.0254439 -0.0716137 0.00834335 -3.32149 6.67623 99.227 
0.0975611 0.58993 107690 1 -0.417187 0.340385 548 1 1759 0.0271458 -0.0849126 -0.000697845 -3.35971 6.73908 99.3913 
0.0329634 0.551047 107770 1 -0.417187 0.340385 549 1 1761 0.0267995 -0.0953941 -0.0130953 -3.16208 6.81954 99.0726 
0.0132692 0.609291 107809 1 -0.417187 0.340385 550 1 1762 0.0257946 -0.101914 -0.0131632 -2.99492 6.79124 98.8923 
0.317795 0.965246 107890 1 -0.417187 0.340385 551 1 1764 0.0229982 -0.105837 0.00445804 -2.3856 6.70717 98.8617 
0.43737 1.27548 107972 1 -0.417708 0.340385 552 0 1766 0.0100709 -0.111773 0.0341987 -1.84119 6.42799 98.7638 
0.381007 1.33254 108010 1 -0.417708 0.340385 553 0 1767 0.00236845 -0.118112 0.0453432 -1.64274 6.31765 98.7834 
-0.309533 1.6098 108130 1 -0.417708 0.340385 554 0 1770 -0.01765 -0.144746 0.0748105 -1.41981 5.90395 98.8331 
-0.624983 1.71608 108170 1 -0.417708 0.340385 555 0 1771 -0.0285196 -0.151352 0.0850241 -1.37115 5.72271 98.6598 
-0.68981 1.76518 108250 1 -0.417708 0.340385 556 0 1773 -0.0344677 -0.150463 0.0869785 -1.33262 5.71308 98.6075 
-0.741644 1.75416 108331 1 -0.417708 0.340385 557 0 1775 -0.0447434 -0.151242 0.102245 -1.30962 5.5984 98.1658 
-0.672185 1.78237 108371 1 -0.417708 0.340385 558 0 1776 -0.0431719 -0.14533 0.0985485 -1.27535 5.6086 97.892 
-0.672185 1.78237 108371 1 -0.417708 0.340385 559 0 1776 -0.0431719 -0.14533 0.0985485 -1.27535 5.6086 97.892 
-0.572039 1.73547 108411 1 -0.405208 0.343269 560 0 1777 -0.0388574 -0.138358 0.0852435 -1.23996 5.68128 97.5978 
-0.0967843 1.53433 108611 1 -0.396354 0.347115 561 0 1782 -0.0133059 -0.101851 0.0621097 -0.963232 6.19768 96.5246 
0.122284 1.53662 108651 1 -0.347917 0.339423 562 0 1783 -0.00253757 -0.0939327 0.0577152 -0.918461 6.36185 96.2024 
0.258199 1.46732 108691 1 -0.169792 0.343269 563 0 1784 0.00478084 -0.0960397 0.0486184 -0.996429 6.61505 96.1115 
0.258199 1.46732 108691 1 0.167187 0.348077 564 0 1784 0.00478084 -0.0960397 0.0486184 -0.996429 6.61505 96.1115 
0.0132459 2.43364 108891 1 0.358854 0.305769 565 0 1789 0.0024742 -0.0824727 0.0525548 -1.48525 7.09112 95.4488 
0.133453 2.38376 108931 1 0.426563 0.221154 566 0 1790 -0.00181756 -0.0744163 0.0522348 -1.46968 7.14186 95.4817 
-0.076102 2.1995 109012 1 0.477604 0.0884615 567 0 1792 -0.00889947 -0.0767216 0.0454222 -1.56695 7.24056 95.5178 
-0.076102 2.1995 109012 1 0.534375 0 568 0 1792 -0.00889947 -0.0767216 0.0454222 -1.56695 7.24056 95.5178 
0.0498312 2.21288 109174 1 0.548958 0 569 0 1796 0.0184757 -0.0864626 0.0417187 -1.76941 7.35122 95.4799 
0.13757 1.96924 109253 1 0.534896 0 570 0 1798 0.021059 -0.0838867 0.0367744 -1.89578 7.49959 95.4944 
0.205892 1.96642 109292 1 0.529687 0.0144231 571 0 1799 0.0197066 -0.0840428 0.0361311 -1.96884 7.57213 95.4858 
0.131988 1.70695 109333 1 0.527083 0.0230769 572 0 1800 0.0201232 -0.0875076 0.0310204 -2.05371 7.67068 95.4297 
0.131988 1.70695 109333 1 0.527083 0.0317308 573 0 1800 0.0201232 -0.0875076 0.0310204 -2.05371 7.67068 95.4297 
0.350665 0.751607 109533 1 0.520312 0.0413462 574 1 1805 0.01144 -0.0974367 0.0241273 -2.36244 7.98312 95.5709 
0.395548 0.702819 109613 1 0.516667 0.0490385 575 1 1807 0.0102918 -0.0944688 0.0327128 -2.39532 8.0169 95.2835 
0.402517 0.76271 109653 1 0.513542 0.0567308 576 1 1808 0.00845037 -0.0937208 0.0383299 -2.42561 8.01201 95.1577 
0.402517 0.76271 109653 1 0.509375 0.0625 577 1 1808 0.00845037 -0.0937208 0.0383299 -2.42561 8.01201 95.1577 
0.25163 0.598724 109856 1 0.508854 0.0644231 578 1 1813 0.00933506 -0.104213 0.0298657 -2.4841 8.15234 95.0749 
0.121052 1.18506 109935 1 0.497396 0.0615385 579 1 1815 0.0109762 -0.110102 0.0264807 -2.45295 8.13141 95.0393 
0.15873 1.29255 110014 1 0.438021 0.0365385 580 0 1817 0.014994 -0.106202 0.0264975 -2.36893 8.09702 95.114 
0.192326 1.31119 110094 1 0.336979 0.0221154 581 0 1819 0.0175621 -0.104009 0.0277331 -2.35983 8.09344 95.1349 
0.157793 1.49767 110175 1 0.279167 0.00961538 582 0 1821 0.0191344 -0.101025 0.0435788 -2.37243 7.96983 95.371 
0.133965 1.50219 110214 1 0.246875 0.00576923 583 0 1822 0.0184018 -0.100708 0.0457236 -2.37595 7.95234 95.4159 
0.120733 1.50345 110295 1 0.221354 0.00192308 584 0 1824 0.0174906 -0.102304 0.0462064 -2.38577 7.95121 95.5544 
0.243469 1.15622 110374 1 0.185417 0.000961538 585 1 1826 0.0179066 -0.10275 0.0391986 -2.35618 7.9739 95.6509 
0.274105 0.945947 110454 1 0.161979 0 586 1 1828 0.0183989 -0.10595 0.0359402 -2.3524 7.95246 95.5768 
0.290236 0.948675 110535 1 0.151042 0.00192308 587 1 1830 0.0198262 -0.104042 0.0386005 -2.30809 7.88586 95.6113 
0.224954 0.409911 110616 1 0.147396 0.00192308 588 1 1832 0.0211197 -0.104807 0.0364687 -2.29866 7.90628 95.7252 
0.285068 0.290118 110695 1 0.144792 0.00480769 589 1 1834 0.0215737 -0.103283 0.0370132 -2.28536 7.90268 95.7091 
0.2835 0.280246 110775 1 0.134896 0.00769231 590 1 1836 0.0217736 -0.0982661 0.0406329 -2.27502 7.89602 95.742 
0.299587 0.291157 110856 1 0.130729 0.00961538 591 1 1838 0.0208417 -0.0970044 0.0398201 -2.29753 7.8991 95.7679 
0.430178 0.350369 110936 1 0.126562 0.0105769 592 1 1840 0.019574 -0.0965747 0.0406423 -2.31741 7.89671 95.7464 
0.423307 0.342506 110976 1 0.124479 0.0115385 593 1 1841 0.0195531 -0.0970927 0.0410704 -2.32722 7.89386 95.7281 
0.424624 0.344285 111056 1 0.123958 0.0115385 594 1 1843 0.0195715 -0.097076 0.0410668 -2.3274 7.89378 95.7293 
0.435196 0.36373 111138 1 0.123958 0.0115385 595 1 1845 0.0193378 -0.0975593 0.0424421 -2.33346 7.89134 95.7187 
0.435974 0.361492 111216 1 0.123958 0.0115385 596 1 1847 0.0193588 -0.0975722 0.0424893 -2.33336 7.89179 95.7155 
0.510679 0.268076 111338 1 0.123958 0.0134615 597 1 1850 0.0192715 -0.100127 0.0346784 -2.32312 7.94862 95.3235 
0.492882 0.321851 111417 1 0.145833 0.103846 598 1 1852 0.0209055 -0.101703 0.0403234 -2.35886 7.89459 95.4844 
0.474356 0.343768 111496 1 0.192188 0.275 599 1 1854 0.0202482 -0.0990677 0.0422918 -2.35255 7.87747 95.5644 
0.428602 0.330617 111536 1 0.208854 0.348077 600 1 1855 0.019699 -0.0991017 0.0419986 -2.35616 7.8802 95.5667 
0.189283 0.254905 111617 1 0.220833 0.396154 601 1 1857 0.0195709 -0.0973359 0.0431588 -2.34003 7.88124 95.6135 
0.18735 0.266339 111657 1 0.226563 0.398077 602 1 1858 0.0198761 -0.0992713 0.0434854 -2.35242 7.87396 95.6008 
0.116527 0.174545 111778 1 0.227083 0.376923 603 1 1861 0.0201907 -0.0973287 0.0430434 -2.35099 7.91578 95.7407 
0.0306792 0.00364041 111818 1 0.219271 0.359615 604 1 1862 0.0205158 -0.0964358 0.0436942 -2.34775 7.91024 95.7674 
0.0271904 -0.0341365 111897 1 0.218229 0.359615 605 1 1864 0.0209655 -0.0973708 0.0434331 -2.35863 7.91543 95.7708 
0.036499 -0.0159403 111978 1 0.218229 0.359615 606 1 1866 0.021458 -0.097553 0.0432801 -2.34401 7.91125 95.8235 
0.038019 -0.0241442 112017 1 0.223958 0.374038 607 1 1867 0.022319 -0.0994315 0.0430054 -2.34772 7.90608 95.7837 
0.0458219 -0.034566 112098 1 0.224479 0.374038 608 1 1869 0.0236264 -0.0988767 0.0427986 -2.34159 7.91958 95.8638 
