ImageFile:
-0.272007 0.65041 76445 1 0.233333 0.316346 1 0 897 -0.0407492 -0.11385 -0.0211155 -0.51904 5.67438 170.821 
-0.272007 0.65041 76445 1 0.233333 0.316346 2 0 897 -0.0407492 -0.11385 -0.0211155 -0.51904 5.67438 170.821 
-0.396073 0.734979 76727 1 0.233333 0.316346 3 0 904 -0.0406473 -0.115462 -0.0201762 -0.545864 5.68721 170.563 
-0.396073 0.734979 76727 1 0.233333 0.316346 4 0 904 -0.0406473 -0.115462 -0.0201762 -0.545864 5.68721 170.563 
-0.893354 0.882496 76846 1 0.219271 0.375962 5 0 907 -0.0427785 -0.127689 -0.024416 -0.662344 5.69696 169.941 
-0.893354 0.882496 76846 1 0.158333 0.656731 6 0 907 -0.0427785 -0.127689 -0.024416 -0.662344 5.69696 169.941 
-0.805574 0.718004 77007 1 0.122917 0.853846 7 0 911 -0.0417622 -0.132176 -0.0226847 -0.687375 5.70283 170.172 
-0.805574 0.718004 77007 1 0.114063 0.849038 8 0 911 -0.0417622 -0.132176 -0.0226847 -0.687375 5.70283 170.172 
-0.788318 0.734174 77167 1 0.0895833 0.865385 9 0 915 -0.0391729 -0.129323 -0.0248597 -0.665369 5.71126 169.786 
-0.788318 0.734174 77167 1 0.105729 0.931731 10 0 915 -0.0391729 -0.129323 -0.0248597 -0.665369 5.71126 169.786 
-1.06772 0.909463 77327 1 0.109375 0.963462 11 0 919 -0.041206 -0.143964 -0.0181427 -0.8329 5.65358 169.864 
-1.06772 0.909463 77327 1 0.105729 0.965385 12 0 919 -0.041206 -0.143964 -0.0181427 -0.8329 5.65358 169.864 
-1.05661 1.22869 77528 1 0.0963542 0.966346 13 0 924 -0.0453743 -0.125236 -0.00906403 -0.686925 5.51975 169.997 
-1.05661 1.22869 77528 1 0.0864583 0.968269 14 0 924 -0.0453743 -0.125236 -0.00906403 -0.686925 5.51975 169.997 
-0.712973 0.897702 77688 1 0.0817708 0.969231 15 0 928 -0.042889 -0.128793 -0.0196254 -0.715143 5.61013 169.927 
0.198479 3.30301 77808 1 0.0796875 0.971154 16 0 931 -0.042889 -0.128793 -0.0196254 -0.715143 5.61013 169.927 
0.198479 3.30301 77808 1 0.0796875 0.971154 17 0 931 -0.042889 -0.128793 -0.0196254 -0.715143 5.61013 169.927 
-0.196927 0.472627 77889 1 0.0791667 0.971154 18 1 933 -0.0366852 -0.141587 -0.0417435 -0.713856 5.90262 169.915 
-0.196927 0.472627 77889 1 0.075 0.973077 19 1 933 -0.0366852 -0.141587 -0.0417435 -0.713856 5.90262 169.915 
-0.818881 1.04046 78048 1 0.0713542 0.973077 20 0 937 -0.0425967 -0.129302 -0.0186131 -0.737708 5.57121 169.745 
-0.818881 1.04046 78048 1 0.0713542 0.973077 21 0 937 -0.0425967 -0.129302 -0.0186131 -0.737708 5.57121 169.745 
-0.966476 0.842778 78209 1 0.0708333 0.973077 22 0 941 -0.0420449 -0.146167 -0.0225722 -0.824084 5.65409 169.72 
-0.966476 0.842778 78209 1 0.0708333 0.973077 23 0 941 -0.0420449 -0.146167 -0.0225722 -0.824084 5.65409 169.72 
-0.781048 0.802157 78329 1 0.0708333 0.973077 24 0 944 -0.0377236 -0.131576 -0.034232 -0.716467 5.72119 169.873 
-0.781048 0.802157 78329 1 0.0708333 0.973077 25 0 944 -0.0377236 -0.131576 -0.034232 -0.716467 5.72119 169.873 
-0.956313 0.909983 78489 1 0.0708333 0.973077 26 0 948 -0.0376671 -0.131738 -0.0327269 -0.716494 5.70281 169.675 
-0.956313 0.909983 78489 1 0.0708333 0.973077 27 0 948 -0.0376671 -0.131738 -0.0327269 -0.716494 5.70281 169.675 
-0.847728 0.723293 78610 1 0.0708333 0.973077 28 0 951 -0.0434898 -0.135807 -0.0266724 -0.714818 5.70218 169.636 
-0.946954 0.751473 78730 1 0.0708333 0.973077 29 0 954 -0.040399 -0.133075 -0.0308338 -0.731761 5.73401 169.322 
-0.946954 0.751473 78730 1 0.0708333 0.973077 30 0 954 -0.040399 -0.133075 -0.0308338 -0.731761 5.73401 169.322 
-0.946954 0.751473 78730 1 0.0708333 0.973077 31 0 954 -0.040399 -0.133075 -0.0308338 -0.731761 5.73401 169.322 
-0.95246 0.922513 78890 1 0.0708333 0.973077 32 0 958 -0.0443724 -0.13123 -0.020508 -0.700004 5.66088 169.901 
-0.95246 0.922513 78890 1 0.0708333 0.973077 33 0 958 -0.0443724 -0.13123 -0.020508 -0.700004 5.66088 169.901 
-1.04585 0.852334 79050 1 0.0708333 0.973077 34 0 962 -0.0436463 -0.140588 -0.0279295 -0.763702 5.69866 169.401 
-1.04585 0.852334 79050 1 0.0708333 0.973077 35 0 962 -0.0436463 -0.140588 -0.0279295 -0.763702 5.69866 169.401 
-0.966848 1.28262 79211 1 0.0708333 0.973077 36 0 966 -0.045625 -0.135254 -0.00354659 -0.685404 5.46992 169.912 
-0.966848 1.28262 79211 1 0.0708333 0.973077 37 0 966 -0.045625 -0.135254 -0.00354659 -0.685404 5.46992 169.912 
-0.925267 0.858785 79371 1 0.0708333 0.973077 38 0 970 -0.0410742 -0.131849 -0.0188661 -0.615393 5.65419 169.833 
-1.0641 1.00745 79531 1 0.0708333 0.973077 39 0 974 -0.0422869 -0.1398 -0.0192863 -0.725998 5.64995 169.547 
-1.0641 1.00745 79531 1 0.0708333 0.973077 40 0 974 -0.0422869 -0.1398 -0.0192863 -0.725998 5.64995 169.547 
-1.08932 1.14716 79652 1 0.0708333 0.973077 41 0 977 -0.0422401 -0.141107 -0.00935178 -0.734342 5.54825 169.872 
-1.08932 1.14716 79652 1 0.0708333 0.973077 42 0 977 -0.0422401 -0.141107 -0.00935178 -0.734342 5.54825 169.872 
-0.923031 0.763999 79811 1 0.0708333 0.973077 43 0 981 -0.0418007 -0.141634 -0.0252296 -0.697077 5.70587 169.724 
-0.923031 0.763999 79811 1 0.0708333 0.973077 44 0 981 -0.0418007 -0.141634 -0.0252296 -0.697077 5.70587 169.724 
-1.07845 1.16847 79932 1 0.0708333 0.973077 45 0 984 -0.0414193 -0.140456 -0.0129166 -0.723236 5.56508 169.668 
-1.07845 1.16847 79932 1 0.0708333 0.973077 46 0 984 -0.0414193 -0.140456 -0.0129166 -0.723236 5.56508 169.668 
-1.06656 1.15428 80093 1 0.0708333 0.973077 47 0 988 -0.0400206 -0.138285 -0.0132174 -0.697831 5.58452 169.66 
-3.12596 5.77498 80212 1 0.0708333 0.973077 48 0 991 -0.0400206 -0.138285 -0.0132174 -0.697831 5.58452 169.66 
-3.12596 5.77498 80212 1 0.0708333 0.973077 49 0 991 -0.0400206 -0.138285 -0.0132174 -0.697831 5.58452 169.66 
-0.454303 0.0873174 80293 1 0.0708333 0.973077 50 0 993 -0.034088 -0.15308 -0.0452984 -0.720002 6.0046 170.03 
-0.454303 0.0873174 80293 1 0.0708333 0.973077 51 0 993 -0.034088 -0.15308 -0.0452984 -0.720002 6.0046 170.03 
-1.16185 0.919901 80413 1 0.0708333 0.973077 52 0 996 -0.0410392 -0.147721 -0.021939 -0.848434 5.63994 169.545 
-1.16185 0.919901 80413 1 0.0708333 0.973077 53 0 996 -0.0410392 -0.147721 -0.021939 -0.848434 5.63994 169.545 
-1.16746 0.820287 80573 1 0.0708333 0.973077 54 0 1000 -0.0398513 -0.147164 -0.0284735 -0.861345 5.70457 169.421 
-1.16746 0.820287 80573 1 0.0708333 0.973077 55 0 1000 -0.0398513 -0.147164 -0.0284735 -0.861345 5.70457 169.421 
-1.2623 0.716108 80734 1 0.0708333 0.973077 56 0 1004 -0.0402706 -0.153706 -0.0262385 -0.910143 5.70765 169.332 
-1.2623 0.716108 80734 1 0.0708333 0.973077 57 0 1004 -0.0402706 -0.153706 -0.0262385 -0.910143 5.70765 169.332 
-1.20448 0.775024 80854 1 0.0708333 0.973077 58 0 1007 -0.0387546 -0.143388 -0.0290538 -0.857858 5.70879 169.363 
-1.20448 0.775024 80854 1 0.0708333 0.973077 59 0 1007 -0.0387546 -0.143388 -0.0290538 -0.857858 5.70879 169.363 
-1.20448 0.775024 80854 1 0.0708333 0.973077 60 0 1007 -0.0387546 -0.143388 -0.0290538 -0.857858 5.70879 169.363 
-1.25139 1.11422 81014 1 0.0708333 0.973077 61 0 1011 -0.0369027 -0.146831 -0.0264564 -0.894587 5.62097 169.009 
-1.25139 1.11422 81014 1 0.0708333 0.973077 62 0 1011 -0.0369027 -0.146831 -0.0264564 -0.894587 5.62097 169.009 
-1.19465 0.888851 81134 1 0.0708333 0.973077 63 0 1014 -0.0380468 -0.148142 -0.0426746 -0.896796 5.75676 169.582 
-1.19465 0.888851 81134 1 0.0708333 0.973077 64 0 1014 -0.0380468 -0.148142 -0.0426746 -0.896796 5.75676 169.582 
-1.28518 1.15029 81295 1 0.0708333 0.973077 65 0 1018 -0.0382743 -0.147859 -0.0244562 -0.906976 5.59169 169.475 
-1.28518 1.15029 81295 1 0.0708333 0.973077 66 0 1018 -0.0382743 -0.147859 -0.0244562 -0.906976 5.59169 169.475 
-1.27829 1.04996 81456 1 0.0708333 0.973077 67 0 1022 -0.0406667 -0.154134 -0.0213546 -0.937251 5.61287 169.876 
-1.27829 1.04996 81456 1 0.0708333 0.973077 68 0 1022 -0.0406667 -0.154134 -0.0213546 -0.937251 5.61287 169.876 
-1.27205 1.10611 81616 1 0.0708333 0.973077 69 0 1026 -0.0400853 -0.134989 -0.0256364 -0.797837 5.62775 169.533 
-1.27205 1.10611 81616 1 0.0708333 0.973077 70 0 1026 -0.0400853 -0.134989 -0.0256364 -0.797837 5.62775 169.533 
-1.29717 1.05672 81816 1 0.0708333 0.973077 71 0 1031 -0.0384429 -0.152477 -0.0278383 -0.941 5.64764 169.725 
-1.29717 1.05672 81816 1 0.0645833 0.972115 72 0 1031 -0.0384429 -0.152477 -0.0278383 -0.941 5.64764 169.725 
-1.28966 1.10056 81936 1 -0.0625 0.871154 73 0 1034 -0.0397583 -0.146435 -0.0295426 -0.927907 5.65691 169.744 
-1.28966 1.10056 81936 1 -0.316146 0.693269 74 0 1034 -0.0397583 -0.146435 -0.0295426 -0.927907 5.65691 169.744 
-1.19401 0.947584 82137 1 -0.316146 0.693269 75 0 1039 -0.0419179 -0.148977 -0.020627 -0.931473 5.64404 169.555 
-1.39039 1.26444 82297 1 -0.316146 0.693269 76 0 1043 -0.0407869 -0.133462 -0.0185024 -0.785753 5.61212 169.223 
-1.39039 1.26444 82297 1 -0.316146 0.693269 77 0 1043 -0.0407869 -0.133462 -0.0185024 -0.785753 5.61212 169.223 
-1.42324 1.05604 82417 1 -0.316146 0.693269 78 0 1046 -0.0445994 -0.133769 -0.019338 -0.776011 5.62701 169.298 
-1.42324 1.05604 82417 1 -0.470313 0.675 79 0 1046 -0.0445994 -0.133769 -0.019338 -0.776011 5.62701 169.298 
-1.50369 1.02597 82537 1 -0.815104 0.651923 80 0 1049 -0.0435241 -0.133746 -0.0227404 -0.75694 5.6576 169.267 
-1.50369 1.02597 82537 1 -1 0.538462 81 0 1049 -0.0435241 -0.133746 -0.0227404 -0.75694 5.6576 169.267 
-1.03986 1.18073 82657 1 -1 0.507692 82 0 1052 -0.0436729 -0.153438 -0.0197001 -0.83226 5.736 170.26 
-1.03986 1.18073 82657 1 -0.984375 0.509615 83 0 1052 -0.0436729 -0.153438 -0.0197001 -0.83226 5.736 170.26 
-0.109593 0.273686 82777 1 -0.972917 0.509615 84 1 1055 -0.0280666 -0.162538 -0.0348794 -0.74221 6.01804 170.235 
-0.109593 0.273686 82777 1 -0.972917 0.509615 85 1 1055 -0.0280666 -0.162538 -0.0348794 -0.74221 6.01804 170.235 
-0.790907 -0.153497 82939 1 -0.939583 0.506731 86 0 1059 -0.0260181 -0.166219 -0.0354504 -0.904132 5.93931 169.03 
-0.790907 -0.153497 82939 1 -0.891667 0.505769 87 0 1059 -0.0260181 -0.166219 -0.0354504 -0.904132 5.93931 169.03 
-1.05686 0.586296 83058 1 -0.851563 0.502885 88 0 1062 -0.039308 -0.145242 -0.0359546 -0.780183 5.8284 169.493 
-1.05686 0.586296 83058 1 -0.824479 0.496154 89 0 1062 -0.039308 -0.145242 -0.0359546 -0.780183 5.8284 169.493 
-1.0419 0.720273 83178 1 -0.821354 0.495192 90 0 1065 -0.0364206 -0.13951 -0.0327565 -0.713965 5.77864 168.982 
-1.0419 0.720273 83178 1 -0.808333 0.491346 91 0 1065 -0.0364206 -0.13951 -0.0327565 -0.713965 5.77864 168.982 
-1.12933 0.815958 83346 1 -0.754167 0.457692 92 0 1069 -0.0362799 -0.142049 -0.0307803 -0.74031 5.76812 169.329 
-1.12933 0.815958 83346 1 -0.645833 0.378846 93 0 1069 -0.0362799 -0.142049 -0.0307803 -0.74031 5.76812 169.329 
-1.13284 0.778834 83499 1 -0.585938 0.349038 94 0 1073 -0.0415377 -0.139888 -0.0243745 -0.747439 5.71893 169.693 
-1.13284 0.778834 83499 1 -0.571875 0.344231 95 0 1073 -0.0415377 -0.139888 -0.0243745 -0.747439 5.71893 169.693 
-1.13284 0.778834 83499 1 -0.571354 0.344231 96 0 1073 -0.0415377 -0.139888 -0.0243745 -0.747439 5.71893 169.693 
-1.04099 0.85539 83659 1 -0.566146 0.346154 97 0 1077 -0.0377341 -0.141279 -0.0204801 -0.773769 5.65506 169.569 
-1.04099 0.85539 83659 1 -0.547396 0.351923 98 0 1077 -0.0377341 -0.141279 -0.0204801 -0.773769 5.65506 169.569 
-0.988731 0.80788 83780 1 -0.532813 0.353846 99 0 1080 -0.0384175 -0.137176 -0.0251291 -0.738604 5.67656 169.393 
-0.988731 0.80788 83780 1 -0.524479 0.353846 100 0 1080 -0.0384175 -0.137176 -0.0251291 -0.738604 5.67656 169.393 
-0.859754 0.695849 83939 1 -0.524479 0.353846 101 0 1084 -0.0367762 -0.134803 -0.0298732 -0.696471 5.70505 169.559 
-0.859754 0.695849 83939 1 -0.524479 0.353846 102 0 1084 -0.0367762 -0.134803 -0.0298732 -0.696471 5.70505 169.559 
-1.12373 0.844139 84060 1 -0.524479 0.353846 103 0 1087 -0.0382454 -0.145004 -0.0320292 -0.801565 5.6804 169.237 
-1.12373 0.844139 84060 1 -0.523958 0.357692 104 0 1087 -0.0382454 -0.145004 -0.0320292 -0.801565 5.6804 169.237 
-0.571493 1.06373 84221 1 -0.523438 0.357692 105 0 1091 -0.0406987 -0.142314 -0.0259083 -0.771402 5.67318 169.964 
1.60299 4.1497 84340 1 -0.523438 0.357692 106 0 1094 -0.0381042 -0.120364 -0.0331675 -0.779065 5.77196 169.477 
1.48403 0.896929 84421 1 -0.523438 0.357692 107 0 1096 -0.0240127 -0.148156 -0.104342 -1.05509 6.51493 168.669 
1.48403 0.896929 84421 1 -0.523438 0.357692 108 0 1096 -0.0240127 -0.148156 -0.104342 -1.05509 6.51493 168.669 
0.923504 1.06766 84541 1 -0.523438 0.357692 109 1 1099 -0.0244858 -0.133048 -0.110825 -1.06737 6.52818 167.669 
0.923504 1.06766 84541 1 -0.514583 0.361538 110 1 1099 -0.0244858 -0.133048 -0.110825 -1.06737 6.52818 167.669 
0.987126 1.33727 84661 1 -0.511458 0.3625 111 0 1102 -0.0263634 -0.122447 -0.0790085 -0.969712 6.31073 168.3 
0.987126 1.33727 84661 1 -0.511458 0.3625 112 0 1102 -0.0263634 -0.122447 -0.0790085 -0.969712 6.31073 168.3 
1.0988 1.26108 84821 1 -0.511458 0.3625 113 0 1106 -0.0257751 -0.133448 -0.0815991 -1.05386 6.3232 167.268 
1.0988 1.26108 84821 1 -0.511458 0.3625 114 0 1106 -0.0257751 -0.133448 -0.0815991 -1.05386 6.3232 167.268 
1.05574 2.0048 84942 1 -0.511458 0.3625 115 0 1109 -0.0388016 -0.0621809 -0.030146 -0.485052 5.93152 169.051 
1.05574 2.0048 84942 1 -0.511458 0.3625 116 0 1109 -0.0388016 -0.0621809 -0.030146 -0.485052 5.93152 169.051 
1.04068 1.85778 85061 1 -0.511458 0.3625 117 0 1112 -0.0320852 -0.126437 -0.0420986 -0.949738 6.01564 168.155 
1.2192 0.822432 85222 1 -0.511458 0.3625 118 0 1116 -0.0203664 -0.156406 -0.0990826 -1.10308 6.56633 167.83 
1.2192 0.822432 85222 1 -0.511458 0.3625 119 0 1116 -0.0203664 -0.156406 -0.0990826 -1.10308 6.56633 167.83 
1.16386 0.860483 85343 1 -0.511458 0.3625 120 1 1119 -0.0213569 -0.157205 -0.0991705 -1.11052 6.58063 167.931 
1.16386 0.860483 85343 1 -0.511458 0.3625 121 1 1119 -0.0213569 -0.157205 -0.0991705 -1.11052 6.58063 167.931 
0.943758 2.15867 85462 1 -0.511458 0.3625 122 0 1122 -0.0304395 -0.133886 -0.0410497 -1.04453 6.02749 168.367 
0.943758 2.15867 85462 1 -0.511458 0.3625 123 0 1122 -0.0304395 -0.133886 -0.0410497 -1.04453 6.02749 168.367 
1.00248 1.91399 85583 1 -0.511458 0.3625 124 0 1125 -0.0366881 -0.08179 -0.0431078 -0.660551 6.07305 168.722 
1.04068 2.49768 85704 1 -0.511458 0.3625 125 0 1128 -0.0319519 -0.140811 -0.028587 -1.06924 5.87959 168.502 
1.04068 2.49768 85704 1 -0.511458 0.3625 126 0 1128 -0.0319519 -0.140811 -0.028587 -1.06924 5.87959 168.502 
1.2438 0.844481 85783 1 -0.511458 0.3625 127 0 1130 -0.0200903 -0.159386 -0.0954223 -1.13867 6.56458 167.971 
1.2438 0.844481 85783 1 -0.511458 0.3625 128 0 1130 -0.0200903 -0.159386 -0.0954223 -1.13867 6.56458 167.971 
1.45972 1.20238 85903 1 -0.511458 0.3625 129 0 1133 -0.021849 -0.140833 -0.0644968 -0.960892 6.31828 168.627 
1.45972 1.20238 85903 1 -0.511458 0.3625 130 0 1133 -0.021849 -0.140833 -0.0644968 -0.960892 6.31828 168.627 
0.582315 1.57128 86064 1 -0.511458 0.3625 131 0 1137 -0.0349024 -0.116343 -0.05966 -0.932182 6.22971 168.375 
0.582315 1.57128 86064 1 -0.511458 0.3625 132 0 1137 -0.0349024 -0.116343 -0.05966 -0.932182 6.22971 168.375 
0.0618712 1.04003 86184 1 -0.511458 0.3625 133 1 1140 -0.0203199 -0.148899 -0.0379855 -0.893463 6.17267 169.387 
-0.00631688 0.96252 86304 1 -0.511458 0.3625 134 1 1143 -0.0186919 -0.149405 -0.0395905 -0.885429 6.1985 169.606 
-0.00631688 0.96252 86304 1 -0.511458 0.3625 135 1 1143 -0.0186919 -0.149405 -0.0395905 -0.885429 6.1985 169.606 
0.0543735 1.43617 86465 1 -0.511458 0.3625 136 0 1147 -0.0202069 -0.138918 -0.0275466 -0.837791 6.03973 169.852 
-0.188817 0.707199 86584 1 -0.511458 0.3625 137 1 1150 -0.0177417 -0.144313 -0.0701402 -0.962647 6.40454 168.689 
-0.190125 0.674278 86666 1 -0.511458 0.3625 138 1 1152 -0.0175703 -0.143955 -0.0722597 -0.941462 6.41476 168.609 
-0.190125 0.674278 86666 1 -0.511458 0.3625 139 1 1152 -0.0175703 -0.143955 -0.0722597 -0.941462 6.41476 168.609 
0.0172725 1.08146 86705 1 -0.511458 0.3625 140 1 1153 -0.0189238 -0.151411 -0.0377368 -0.929499 6.13472 169.648 
-0.0621984 0.686991 86866 1 -0.511458 0.3625 141 1 1157 -0.0163825 -0.136543 -0.0644003 -0.846365 6.35326 168.996 
-0.0621984 0.686991 86866 1 -0.511458 0.3625 142 1 1157 -0.0163825 -0.136543 -0.0644003 -0.846365 6.35326 168.996 
0.013111 1.22569 86905 1 -0.511458 0.3625 143 0 1158 -0.019849 -0.151938 -0.0319523 -0.924491 6.07231 169.944 
-0.0891084 0.979845 87025 1 -0.511458 0.3625 144 1 1161 -0.0171409 -0.145875 -0.0426185 -0.894234 6.14567 169.489 
-0.0891084 0.979845 87025 1 -0.511458 0.3625 145 1 1161 -0.0171409 -0.145875 -0.0426185 -0.894234 6.14567 169.489 
-0.0598807 1.37311 87106 1 -0.511458 0.3625 146 0 1163 -0.0184933 -0.148362 -0.0269215 -0.90308 5.96874 169.579 
-0.0598807 1.37311 87106 1 -0.511458 0.3625 147 0 1163 -0.0184933 -0.148362 -0.0269215 -0.90308 5.96874 169.579 
-0.0277603 1.23191 87267 1 -0.511458 0.3625 148 0 1167 -0.0170121 -0.152639 -0.0323187 -0.930928 6.03244 169.394 
-0.116959 0.969964 87386 1 -0.511458 0.3625 149 1 1170 -0.0190978 -0.141234 -0.0540625 -0.864006 6.22949 169.145 
-0.116959 0.969964 87386 1 -0.511458 0.3625 150 1 1170 -0.0190978 -0.141234 -0.0540625 -0.864006 6.22949 169.145 
-0.0776881 1.2288 87467 1 -0.511458 0.3625 151 0 1172 -0.017167 -0.164839 -0.0304533 -0.999537 6.03083 169.741 
-0.0776881 1.2288 87467 1 -0.511458 0.3625 152 0 1172 -0.017167 -0.164839 -0.0304533 -0.999537 6.03083 169.741 
-0.0734261 1.14765 87627 1 -0.511458 0.3625 153 1 1176 -0.0192838 -0.16457 -0.0352005 -0.997954 6.09681 169.714 
-0.0734261 1.14765 87627 1 -0.511458 0.3625 154 1 1176 -0.0192838 -0.16457 -0.0352005 -0.997954 6.09681 169.714 
-0.1231 1.15321 87747 1 -0.511458 0.3625 155 1 1179 -0.0192035 -0.165951 -0.0373544 -1.01757 6.11732 169.704 
-0.0970893 1.09821 87867 1 -0.511458 0.3625 156 1 1182 -0.0200613 -0.161893 -0.0406235 -0.991147 6.15523 169.517 
-0.0970893 1.09821 87867 1 -0.511458 0.3625 157 1 1182 -0.0200613 -0.161893 -0.0406235 -0.991147 6.15523 169.517 
-0.122365 1.28629 87988 1 -0.511458 0.3625 158 0 1185 -0.0201282 -0.168222 -0.0336526 -1.03169 6.09127 169.654 
-0.122365 1.28629 87988 1 -0.511458 0.3625 159 0 1185 -0.0201282 -0.168222 -0.0336526 -1.03169 6.09127 169.654 
-0.122365 1.28629 87988 1 -0.511458 0.3625 160 0 1185 -0.0201282 -0.168222 -0.0336526 -1.03169 6.09127 169.654 
0.220095 1.59747 88148 1 -0.511458 0.3625 161 0 1189 -0.0346243 -0.126871 -0.0160922 -0.826736 5.74932 169.075 
0.837303 0.621656 88269 1 -0.511458 0.3625 162 1 1192 -0.0332525 -0.134427 -0.0390441 -0.979321 5.91717 168.566 
0.896457 0.640835 88468 1 -0.511458 0.3625 163 1 1197 -0.0343896 -0.144051 -0.0313786 -1.03157 5.85599 168.537 
0.898463 0.595974 88549 1 -0.511458 0.3625 164 1 1199 -0.0349835 -0.144194 -0.0342289 -1.03878 5.88134 168.419 
0.900374 0.615181 88588 1 -0.511458 0.3625 165 1 1200 -0.0346477 -0.14357 -0.0330678 -1.03398 5.87551 168.439 
0.868397 0.581224 88669 1 -0.511458 0.3625 166 1 1202 -0.0351138 -0.143088 -0.032132 -1.03384 5.87608 168.45 
0.879372 0.590081 88750 1 -0.511458 0.3625 167 1 1204 -0.0341751 -0.14192 -0.0318989 -1.02714 5.88894 168.395 
0.879982 0.597633 88829 1 -0.511458 0.3625 168 1 1206 -0.0333224 -0.143413 -0.0293382 -1.04606 5.87327 168.471 
0.852756 0.641242 88909 1 -0.511458 0.3625 169 1 1208 -0.034256 -0.145054 -0.0302244 -1.06679 5.86913 168.412 
0.873522 0.634454 88989 1 -0.511458 0.3625 170 1 1210 -0.035098 -0.140751 -0.0309041 -1.04229 5.87152 168.367 
0.87321 0.652352 89030 1 -0.511458 0.3625 171 1 1211 -0.0347501 -0.141415 -0.030572 -1.04838 5.86518 168.376 
0.906502 0.712141 89110 1 -0.511458 0.3625 172 1 1213 -0.034106 -0.141734 -0.0325939 -1.02871 5.88513 168.413 
0.886494 0.663907 89189 1 -0.511458 0.3625 173 1 1215 -0.0338884 -0.145343 -0.0308572 -1.06409 5.86197 168.398 
0.873661 0.702391 89229 1 -0.511458 0.3625 174 1 1216 -0.0343193 -0.144889 -0.0315907 -1.06126 5.86605 168.336 
0.903437 0.662647 89310 1 -0.511458 0.3625 175 1 1218 -0.0336605 -0.142634 -0.0320887 -1.03347 5.86936 168.318 
0.84887 0.675396 89390 1 -0.511458 0.3625 176 1 1220 -0.0337507 -0.145461 -0.0319818 -1.0637 5.86154 168.299 
0.935588 0.683654 89430 1 -0.511458 0.3625 177 1 1221 -0.033676 -0.140801 -0.0324022 -1.02429 5.86541 168.269 
0.884941 0.62524 89511 1 -0.511458 0.3625 178 1 1223 -0.033838 -0.143976 -0.0320786 -1.04813 5.8693 168.314 
0.856222 0.656396 89590 1 -0.511458 0.3625 179 1 1225 -0.0332054 -0.144389 -0.031843 -1.07674 5.86673 168.337 
0.874393 0.724213 89671 1 -0.511458 0.3625 180 1 1227 -0.0342532 -0.142988 -0.0361542 -1.07456 5.88084 168.314 
0.969585 0.695194 89751 1 -0.511458 0.3625 181 1 1229 -0.0339879 -0.134031 -0.0390571 -1.00864 5.90315 168.358 
0.985373 0.605316 89832 1 -0.511458 0.3625 182 1 1231 -0.033676 -0.130259 -0.0433339 -0.974315 5.93084 168.414 
1.01443 0.601902 89911 1 -0.511458 0.3625 183 1 1233 -0.033365 -0.129734 -0.0437405 -0.979286 5.92732 168.503 
1.04917 0.546925 89991 1 -0.511458 0.3625 184 1 1235 -0.0348994 -0.123899 -0.0453269 -0.953984 5.93895 168.659 
1.02318 0.541767 90072 1 -0.511458 0.3625 185 1 1237 -0.0344415 -0.124321 -0.046215 -0.950278 5.93084 168.719 
0.173142 1.06959 90152 1 -0.511458 0.3625 186 1 1239 -0.0347479 -0.117577 -0.0464738 -0.893281 5.93276 168.649 
0.171172 1.08372 90232 1 -0.511458 0.3625 187 1 1241 -0.0347396 -0.117727 -0.0465262 -0.89197 5.9323 168.652 
0.173112 1.01417 90271 1 -0.511458 0.3625 188 1 1242 -0.0347119 -0.117718 -0.0459796 -0.892017 5.93705 168.402 
0.0985706 1.07161 90352 1 -0.511458 0.3625 189 1 1244 -0.034926 -0.117063 -0.0447947 -0.898304 5.94804 168.186 
0.119804 1.17691 90432 1 -0.510417 0.363462 190 1 1246 -0.0354837 -0.115446 -0.0435511 -0.893361 5.96264 168.377 
-0.00431648 1.37157 90472 1 -0.510417 0.363462 191 0 1247 -0.0358961 -0.114303 -0.042666 -0.883626 5.97846 168.504 
-0.0647564 1.40601 90553 1 -0.510417 0.363462 192 0 1249 -0.0352106 -0.125584 -0.041248 -0.962889 5.95288 168.462 
-0.0279759 1.35308 90633 1 -0.510417 0.363462 193 0 1251 -0.0358932 -0.115604 -0.0407865 -0.913526 5.96307 168.492 
0.0433246 1.30438 90672 1 -0.510417 0.363462 194 0 1252 -0.0355445 -0.114513 -0.0411054 -0.91338 5.96353 168.481 
0.0379443 1.38146 90752 1 -0.510417 0.363462 195 0 1254 -0.0357491 -0.115964 -0.0406149 -0.923955 5.95731 168.463 
-0.0288781 1.40961 90833 1 -0.510417 0.363462 196 0 1256 -0.036055 -0.11289 -0.0394734 -0.884126 5.95372 168.452 
-0.0288781 1.40961 90833 1 -0.504687 0.361538 197 0 1256 -0.036055 -0.11289 -0.0394734 -0.884126 5.95372 168.452 
-0.0288781 1.40961 90833 1 -0.506771 0.358654 198 0 1256 -0.036055 -0.11289 -0.0394734 -0.884126 5.95372 168.452 
-0.150253 1.50528 91033 1 -0.506771 0.358654 199 0 1261 -0.0341261 -0.126439 -0.0328703 -0.958597 5.92743 168.419 
-0.215819 1.41546 91113 1 -0.506771 0.358654 200 0 1263 -0.0345623 -0.125067 -0.0344362 -0.952026 5.96232 168.403 
-0.232734 1.4291 91153 1 -0.506771 0.358654 201 0 1264 -0.0343103 -0.1269 -0.0338952 -0.961655 5.96506 168.481 
-0.258395 1.45873 91234 1 -0.506771 0.358654 202 0 1266 -0.0337884 -0.1393 -0.0341193 -1.04032 5.94965 168.392 
-0.229405 1.35319 91317 1 -0.506771 0.358654 203 0 1268 -0.0335269 -0.132921 -0.036674 -1.00233 5.97682 168.395 
-0.147871 1.37459 91393 1 -0.507813 0.361538 204 0 1270 -0.0335829 -0.128327 -0.0385427 -0.965379 5.97742 168.447 
-0.17857 1.41794 91475 1 -0.507813 0.361538 205 0 1272 -0.0348451 -0.124358 -0.0382382 -0.929785 5.9774 168.365 
-0.17857 1.41794 91475 1 -0.507813 0.361538 206 0 1272 -0.0348451 -0.124358 -0.0382382 -0.929785 5.9774 168.365 
-0.17857 1.41794 91475 1 -0.507813 0.361538 207 0 1272 -0.0348451 -0.124358 -0.0382382 -0.929785 5.9774 168.365 
-0.19868 1.33886 91675 1 -0.507813 0.361538 208 0 1277 -0.0337007 -0.126082 -0.0381717 -0.947232 5.98938 168.295 
-0.193705 1.34604 91715 1 -0.507813 0.361538 209 0 1278 -0.0336787 -0.128592 -0.0389298 -0.96222 5.99206 168.238 
-0.200934 1.33795 91794 1 -0.507813 0.361538 210 0 1280 -0.033786 -0.12564 -0.0357182 -0.953253 5.9715 168.274 
-0.200934 1.33795 91794 1 -0.507813 0.361538 211 0 1280 -0.033786 -0.12564 -0.0357182 -0.953253 5.9715 168.274 
-0.196373 1.28528 91834 1 -0.507813 0.361538 212 0 1281 -0.033869 -0.125454 -0.0411826 -0.947575 6.01445 168.212 
-0.158189 1.27697 91995 1 -0.507813 0.361538 213 0 1285 -0.0333226 -0.130359 -0.0534735 -0.968631 6.10421 167.615 
-0.145114 1.16108 92075 1 -0.507813 0.361538 214 1 1287 -0.0328219 -0.125935 -0.0583478 -0.939712 6.15399 167.522 
-0.108445 1.11079 92116 1 -0.507813 0.361538 215 1 1288 -0.0337853 -0.124764 -0.0601035 -0.924404 6.17059 167.498 
-0.108445 1.11079 92116 1 -0.507813 0.361538 216 1 1288 -0.0337853 -0.124764 -0.0601035 -0.924404 6.17059 167.498 
-0.440622 0.914273 92275 1 -0.507813 0.361538 217 0 1292 -0.0328977 -0.121875 -0.0607649 -0.904334 6.18112 167.46 
-0.478315 0.783269 92356 1 -0.507813 0.361538 218 0 1294 -0.0325313 -0.123916 -0.0607644 -0.924157 6.19228 167.606 
-0.462217 0.743137 92396 1 -0.507813 0.361538 219 0 1295 -0.032251 -0.122377 -0.0633021 -0.912921 6.2099 167.546 
-0.362741 0.67607 92476 1 -0.507813 0.361538 220 0 1297 -0.0330737 -0.119354 -0.0617961 -0.907329 6.18651 167.59 
-0.37903 0.741955 92556 1 -0.507813 0.361538 221 0 1299 -0.033373 -0.11622 -0.0596866 -0.886743 6.15987 167.567 
-0.366418 4.60856 92637 1 -0.507813 0.361538 222 0 1301 -0.0345361 -0.114724 -0.0584903 -0.867051 6.13687 167.576 
2.44682 1.87147 92676 1 -0.507813 0.361538 223 0 1302 -0.0337787 -0.117136 -0.0632437 -0.891026 6.16942 167.216 
2.44682 1.87147 92676 1 -0.507813 0.361538 224 0 1302 -0.0337787 -0.117136 -0.0632437 -0.891026 6.16942 167.216 
1.49288 3.3644 92717 1 -0.507813 0.361538 225 0 1303 -0.0337787 -0.117136 -0.0632437 -0.891026 6.16942 167.216 
-0.208031 0.91542 92877 1 -0.507813 0.361538 226 0 1307 -0.033597 -0.117453 -0.0638683 -0.888708 6.16402 167.302 
-0.241611 0.896113 92956 1 -0.507813 0.361538 227 0 1309 -0.0334822 -0.117666 -0.0641449 -0.886973 6.16149 167.337 
-0.361988 0.842427 92997 1 -0.507813 0.361538 228 0 1310 -0.0344214 -0.12748 -0.0589904 -0.961259 6.09362 167.196 
-0.361988 0.842427 92997 1 -0.507813 0.361538 229 0 1310 -0.0344214 -0.12748 -0.0589904 -0.961259 6.09362 167.196 
-0.513917 1.20626 93157 1 -0.507813 0.361538 230 0 1314 -0.0355274 -0.120401 -0.0491498 -0.93185 6.00821 167.576 
-0.54765 1.2101 93240 1 -0.507813 0.361538 231 0 1316 -0.036197 -0.111713 -0.0514415 -0.869859 6.04718 167.632 
-0.510203 1.20641 93317 1 -0.507813 0.361538 232 0 1318 -0.0358759 -0.115274 -0.0519255 -0.909111 6.06263 167.632 
-0.510203 1.20641 93317 1 -0.507813 0.361538 233 0 1318 -0.0358759 -0.115274 -0.0519255 -0.909111 6.06263 167.632 
-0.580214 1.10242 93478 1 -0.507813 0.361538 234 0 1322 -0.0363884 -0.110168 -0.055376 -0.88626 6.08883 167.553 
-0.650002 1.13302 93518 1 -0.507813 0.361538 235 0 1323 -0.036819 -0.11288 -0.0555146 -0.90859 6.08281 167.506 
-0.684224 1.19536 93599 1 -0.507813 0.361538 236 0 1325 -0.0366814 -0.112036 -0.0523798 -0.895754 6.06541 167.627 
-0.682838 1.13944 93638 1 -0.507813 0.361538 237 0 1326 -0.0372686 -0.115004 -0.0535149 -0.912575 6.07939 167.566 
-0.682838 1.13944 93638 1 -0.507813 0.361538 238 0 1326 -0.0372686 -0.115004 -0.0535149 -0.912575 6.07939 167.566 
-0.614398 1.08078 93798 1 -0.507813 0.361538 239 0 1330 -0.0367274 -0.112438 -0.0539843 -0.870639 6.10771 167.557 
-0.649074 1.02067 93839 1 -0.507813 0.361538 240 0 1331 -0.0361916 -0.114042 -0.0525175 -0.883899 6.11646 167.548 
-0.581382 0.927339 93919 1 -0.507813 0.361538 241 0 1333 -0.0357223 -0.123474 -0.0525345 -0.930853 6.14891 167.552 
-0.483436 0.937275 93959 1 -0.507813 0.361538 242 0 1334 -0.0345609 -0.129038 -0.0527321 -0.961686 6.15706 167.591 
-0.483436 0.937275 93959 1 -0.507813 0.361538 243 0 1334 -0.0345609 -0.129038 -0.0527321 -0.961686 6.15706 167.591 
-0.397288 0.966073 94159 1 -0.507813 0.361538 244 0 1339 -0.0340286 -0.140779 -0.0510372 -1.05058 6.13757 167.547 
-0.433994 0.94843 94199 1 -0.507813 0.361538 245 0 1340 -0.0342069 -0.139622 -0.0530937 -1.04074 6.15608 167.427 
-0.43657 1.03895 94280 1 -0.507813 0.361538 246 0 1342 -0.0329455 -0.14167 -0.0492271 -1.06396 6.12605 167.606 
-0.43657 1.03895 94280 1 -0.507813 0.361538 247 0 1342 -0.0329455 -0.14167 -0.0492271 -1.06396 6.12605 167.606 
-0.397665 1.04297 94439 1 -0.507813 0.361538 248 0 1346 -0.0349681 -0.136425 -0.0492542 -1.03055 6.14199 167.514 
-0.412282 1.01685 94479 1 -0.507813 0.361538 249 0 1347 -0.0351536 -0.136779 -0.0482316 -1.04689 6.14182 167.42 
-0.313405 1.19956 94560 1 -0.507813 0.361538 250 0 1349 -0.0345579 -0.131357 -0.0500558 -0.995554 6.1609 167.533 
-0.359822 1.19724 94600 1 -0.507813 0.361538 251 0 1350 -0.0347167 -0.136253 -0.0499221 -1.03003 6.15877 167.494 
-0.359822 1.19724 94600 1 -0.507813 0.361538 252 0 1350 -0.0347167 -0.136253 -0.0499221 -1.03003 6.15877 167.494 
-0.455828 1.08956 94760 1 -0.507813 0.361538 253 0 1354 -0.034166 -0.137727 -0.0507009 -1.04342 6.17171 167.573 
-0.48079 1.08822 94840 1 -0.507813 0.361538 254 0 1356 -0.0340359 -0.141119 -0.0510415 -1.06068 6.16871 167.501 
-0.579323 1.01533 94880 1 -0.507813 0.361538 255 0 1357 -0.0334575 -0.141384 -0.047109 -1.06121 6.13201 167.53 
-0.664397 1.01163 94920 1 -0.507813 0.361538 256 0 1358 -0.0339221 -0.142473 -0.0457892 -1.07534 6.11954 167.433 
-0.664397 1.01163 94920 1 -0.507813 0.361538 257 0 1358 -0.0339221 -0.142473 -0.0457892 -1.07534 6.11954 167.433 
-0.696041 1.15616 95081 1 -0.507813 0.361538 258 0 1362 -0.0332754 -0.141402 -0.0427772 -1.05497 6.10336 167.428 
-0.721244 1.16797 95161 1 -0.507813 0.361538 259 0 1364 -0.0330334 -0.141396 -0.0399795 -1.06724 6.07689 167.31 
-0.680661 1.12334 95241 1 -0.507813 0.361538 260 0 1366 -0.0332013 -0.139861 -0.0443927 -1.04422 6.11005 167.276 
-0.680661 1.12334 95241 1 -0.507813 0.361538 261 0 1366 -0.0332013 -0.139861 -0.0443927 -1.04422 6.11005 167.276 
-0.661211 1.12309 95281 1 -0.507813 0.361538 262 0 1367 -0.0341338 -0.140982 -0.04498 -1.03934 6.11849 167.284 
-0.841466 0.850975 95442 1 -0.507813 0.361538 263 0 1371 -0.0338456 -0.139525 -0.0462547 -1.03782 6.12643 167.291 
-0.88927 0.836828 95522 1 -0.507813 0.361538 264 0 1373 -0.0342172 -0.142424 -0.0436524 -1.05888 6.09751 167.226 
-0.840423 0.812574 95561 1 -0.507813 0.361538 265 0 1374 -0.0342366 -0.14094 -0.0421941 -1.04676 6.08649 167.296 
-0.840423 0.812574 95561 1 -0.507813 0.361538 266 0 1374 -0.0342366 -0.14094 -0.0421941 -1.04676 6.08649 167.296 
-0.771821 0.855023 95722 1 -0.507813 0.361538 267 0 1378 -0.0328095 -0.136412 -0.042892 -1.0085 6.0944 167.474 
-0.789015 0.784812 95803 1 -0.507813 0.361538 268 0 1380 -0.0340919 -0.137721 -0.0459488 -1.02093 6.12302 167.473 
-0.7029 0.786021 95843 1 -0.507813 0.361538 269 0 1381 -0.0341387 -0.133702 -0.0435287 -0.997574 6.09729 167.448 
-0.673364 0.710136 95882 1 -0.507813 0.361538 270 0 1382 -0.0345032 -0.130735 -0.0478904 -0.981168 6.13695 167.507 
-0.673364 0.710136 95882 1 -0.507813 0.361538 271 0 1382 -0.0345032 -0.130735 -0.0478904 -0.981168 6.13695 167.507 
-0.521517 0.716262 95922 1 -0.507813 0.361538 272 0 1383 -0.0334834 -0.132531 -0.0471905 -0.999373 6.12196 167.547 
-0.202636 0.685166 96043 1 -0.507813 0.361538 273 0 1386 -0.0302261 -0.122837 -0.0564783 -0.863801 6.18806 167.837 
-0.202636 0.685166 96043 1 -0.507813 0.361538 274 0 1386 -0.0302261 -0.122837 -0.0564783 -0.863801 6.18806 167.837 
-0.244482 0.545761 96163 1 -0.507813 0.361538 275 0 1389 -0.0310271 -0.126224 -0.064388 -0.909758 6.25459 167.562 
-0.244482 0.545761 96163 1 -0.507813 0.361538 276 0 1389 -0.0310271 -0.126224 -0.064388 -0.909758 6.25459 167.562 
-0.416737 0.700879 96283 1 -0.507813 0.361538 277 0 1392 -0.0341798 -0.139456 -0.0496485 -1.03034 6.1446 167.952 
-0.416737 0.700879 96283 1 -0.507813 0.361538 278 0 1392 -0.0341798 -0.139456 -0.0496485 -1.03034 6.1446 167.952 
-0.343193 0.742095 96403 1 -0.507813 0.361538 279 0 1395 -0.0343489 -0.131363 -0.0539268 -0.954658 6.18595 167.943 
-0.343193 0.742095 96403 1 -0.507813 0.361538 280 0 1395 -0.0343489 -0.131363 -0.0539268 -0.954658 6.18595 167.943 
-0.406463 0.919358 96564 1 -0.507813 0.361538 281 0 1399 -0.0351778 -0.142874 -0.0427301 -1.05582 6.08196 167.816 
-0.406463 0.919358 96564 1 -0.507813 0.361538 282 0 1399 -0.0351778 -0.142874 -0.0427301 -1.05582 6.08196 167.816 
-0.466834 0.747293 96845 1 -0.507813 0.361538 283 0 1406 -0.0334084 -0.141417 -0.0526996 -1.06685 6.1486 167.339 
-0.485466 0.764138 96926 1 -0.507813 0.361538 284 0 1408 -0.0333945 -0.132414 -0.0523739 -0.999245 6.14248 167.486 
-0.466707 0.820328 96965 1 -0.507813 0.361538 285 0 1409 -0.0343536 -0.130201 -0.0495174 -0.983866 6.12709 167.552 
-0.518777 0.714903 97085 1 -0.507813 0.361538 286 0 1412 -0.0366158 -0.13019 -0.0498957 -0.996233 6.15956 167.339 
-0.439864 0.789271 97125 1 -0.507813 0.361538 287 0 1413 -0.0357345 -0.132423 -0.0457159 -1.00817 6.13224 167.413 
-0.486543 0.687171 97205 1 -0.507813 0.361538 288 0 1415 -0.0373373 -0.126278 -0.0420815 -0.95727 6.12277 167.446 
-0.450244 0.781824 97285 1 -0.507813 0.361538 289 0 1417 -0.0363192 -0.131198 -0.0418321 -0.975999 6.13275 167.466 
-0.450244 0.781824 97285 1 -0.507813 0.361538 290 0 1417 -0.0363192 -0.131198 -0.0418321 -0.975999 6.13275 167.466 
-0.450244 0.781824 97285 1 -0.507813 0.361538 291 0 1417 -0.0363192 -0.131198 -0.0418321 -0.975999 6.13275 167.466 
-0.650747 1.18248 97485 1 -0.507813 0.361538 292 0 1422 -0.033529 -0.126859 -0.0434067 -0.856029 6.11829 167.391 
-0.651349 1.22294 97525 1 -0.507813 0.361538 293 0 1423 -0.0339967 -0.125212 -0.0431127 -0.821009 6.1173 167.395 
-0.612871 1.21871 97606 1 -0.507813 0.361538 294 0 1425 -0.0330801 -0.124898 -0.041882 -0.781985 6.10738 167.396 
-0.612871 1.21871 97606 1 -0.507813 0.361538 295 0 1425 -0.0330801 -0.124898 -0.041882 -0.781985 6.10738 167.396 
-0.564989 1.20387 97646 1 -0.507813 0.361538 296 0 1426 -0.0332776 -0.126415 -0.0436489 -0.78282 6.13181 167.316 
-0.489699 1.30096 97805 1 -0.507813 0.361538 297 0 1430 -0.0332807 -0.126271 -0.0379379 -0.758789 6.10359 167.516 
-0.277034 1.48946 97886 1 -0.507813 0.361538 298 0 1432 -0.0335265 -0.127137 -0.0389601 -0.778925 6.12064 167.417 
0.0664565 1.80348 97926 1 -0.507813 0.361538 299 0 1433 -0.0341846 -0.131993 -0.0433766 -0.832063 6.16289 167.403 
0.0664565 1.80348 97926 1 -0.507813 0.361538 300 0 1433 -0.0341846 -0.131993 -0.0433766 -0.832063 6.16289 167.403 
0.117588 1.84051 97967 1 -0.507813 0.361538 301 0 1434 -0.0335261 -0.128647 -0.0398491 -0.800495 6.13202 167.453 
0.105949 1.84016 98129 1 -0.507813 0.361538 302 0 1438 -0.0314404 -0.132173 -0.0406937 -0.859535 6.11604 167.323 
0.0504105 1.90413 98207 1 -0.507813 0.361538 303 0 1440 -0.0329201 -0.129933 -0.0419254 -0.861235 6.11378 167.352 
0.0033578 1.95799 98247 1 -0.507813 0.361538 304 0 1441 -0.0328716 -0.130822 -0.0425215 -0.876252 6.1149 167.343 
0.0033578 1.95799 98247 1 -0.507813 0.361538 305 0 1441 -0.0328716 -0.130822 -0.0425215 -0.876252 6.1149 167.343 
-0.118471 2.00936 98407 1 -0.507813 0.361538 306 0 1445 -0.0319663 -0.135699 -0.0395201 -0.950848 6.08268 166.882 
-0.22075 1.97497 98488 1 -0.507813 0.361538 307 0 1447 -0.0318851 -0.139517 -0.039347 -1.00458 6.1012 166.925 
-0.165722 1.89729 98527 1 -0.507813 0.361538 308 0 1448 -0.0331655 -0.136859 -0.0419333 -0.982783 6.13885 167.128 
-0.196659 1.88485 98567 1 -0.507813 0.361538 309 0 1449 -0.0329574 -0.139068 -0.0399569 -1.01232 6.12882 167.006 
-0.196659 1.88485 98567 1 -0.507813 0.361538 310 0 1449 -0.0329574 -0.139068 -0.0399569 -1.01232 6.12882 167.006 
0.0696842 1.61013 98768 1 -0.507813 0.361538 311 0 1454 -0.0342024 -0.118218 -0.0466145 -0.894655 6.22147 167.195 
0.141829 1.53539 98808 1 -0.507813 0.361538 312 0 1455 -0.0338635 -0.118343 -0.0487612 -0.90739 6.23632 167.092 
0.235543 1.58782 98888 1 -0.507813 0.361538 313 0 1457 -0.0342318 -0.113824 -0.0461784 -0.880386 6.21308 167.23 
0.235543 1.58782 98888 1 -0.507813 0.361538 314 0 1457 -0.0342318 -0.113824 -0.0461784 -0.880386 6.21308 167.23 
0.258459 1.60812 99048 1 -0.507813 0.361538 315 0 1461 -0.0337582 -0.10976 -0.0449074 -0.858632 6.20432 167.232 
0.253594 1.57 99088 1 -0.507813 0.361538 316 0 1462 -0.0334831 -0.111773 -0.0469077 -0.872844 6.2225 167.195 
0.200599 1.56776 99169 1 -0.507813 0.361538 317 0 1464 -0.0330681 -0.116118 -0.0472292 -0.90917 6.2258 167.27 
0.180005 1.58177 99209 1 -0.507813 0.361538 318 0 1465 -0.0328321 -0.114138 -0.0459403 -0.887567 6.21048 167.321 
0.180005 1.58177 99209 1 -0.507813 0.361538 319 0 1465 -0.0328321 -0.114138 -0.0459403 -0.887567 6.21048 167.321 
0.103261 1.57461 99369 1 -0.507813 0.361538 320 0 1469 -0.0331646 -0.114156 -0.0459291 -0.901713 6.2231 167.35 
0.0586721 1.57464 99451 1 -0.507813 0.361538 321 0 1471 -0.03283 -0.119107 -0.0443823 -0.944538 6.20815 167.338 
0.0840401 1.63263 99530 1 -0.507813 0.361538 322 0 1473 -0.0323415 -0.120653 -0.0433476 -0.971462 6.18691 167.225 
0.114489 1.62712 99570 1 -0.507813 0.361538 323 0 1474 -0.0332045 -0.119708 -0.0439147 -0.974507 6.18741 167.224 
0.114489 1.62712 99570 1 -0.507813 0.361538 324 0 1474 -0.0332045 -0.119708 -0.0439147 -0.974507 6.18741 167.224 
0.142445 1.75692 99729 1 -0.507813 0.361538 325 0 1478 -0.0353265 -0.112663 -0.0440793 -0.935098 6.21126 167.345 
0.212046 1.61956 99810 1 -0.507813 0.361538 326 0 1480 -0.0355683 -0.114457 -0.0473678 -0.949789 6.25382 167.212 
0.20268 1.60398 99893 1 -0.507813 0.361538 327 0 1482 -0.0347954 -0.113384 -0.0470641 -0.927545 6.25922 167.254 
0.20268 1.60398 99893 1 -0.507813 0.361538 328 0 1482 -0.0347954 -0.113384 -0.0470641 -0.927545 6.25922 167.254 
0.184632 1.57706 99930 1 -0.507813 0.361538 329 0 1483 -0.034976 -0.116372 -0.0511939 -0.947069 6.29878 167.16 
0.184632 1.57706 99930 1 -0.507813 0.361538 330 0 1483 -0.034976 -0.116372 -0.0511939 -0.947069 6.29878 167.16 
0.345006 0.856277 100212 1 -0.507813 0.361538 331 1 1490 -0.0227479 -0.137802 -0.0760816 -1.02773 6.56994 166.581 
0.298339 0.879147 100251 1 -0.507813 0.361538 332 1 1491 -0.0229488 -0.137615 -0.0750032 -1.03727 6.55192 166.441 
0.304995 0.87309 100331 1 -0.507813 0.361538 333 1 1493 -0.0253519 -0.132816 -0.0780157 -0.999259 6.56724 166.421 
0.254804 0.945422 100411 1 -0.507813 0.361538 334 1 1495 -0.0266713 -0.132221 -0.0766563 -1.00652 6.54728 166.508 
0.253513 0.88835 100451 1 -0.507813 0.361538 335 1 1496 -0.0274582 -0.131439 -0.0764734 -1.00306 6.53713 166.552 
0.229171 0.386797 100531 1 -0.507813 0.361538 336 1 1498 -0.0272004 -0.130602 -0.0654239 -1.01798 6.42236 166.712 
0.207766 0.728933 100612 1 -0.507813 0.361538 337 1 1500 -0.0308137 -0.124529 -0.0503609 -0.990178 6.26911 166.825 
0.200876 0.890889 100692 1 -0.507813 0.361538 338 1 1502 -0.0324127 -0.120199 -0.0457506 -0.970501 6.21664 166.877 
0.193969 0.893527 100734 1 -0.507813 0.361538 339 1 1503 -0.0317564 -0.118529 -0.0440518 -0.949699 6.1986 166.891 
0.193056 1.00251 100811 1 -0.507813 0.361538 340 1 1505 -0.0308903 -0.120745 -0.0443756 -0.964506 6.1855 166.655 
0.220779 1.0712 100892 1 -0.507813 0.361538 341 1 1507 -0.0312865 -0.114641 -0.0452138 -0.926454 6.18781 166.582 
0.181453 1.04685 100974 1 -0.507813 0.361538 342 1 1509 -0.0323826 -0.114716 -0.0458983 -0.927116 6.19493 166.55 
0.145922 1.15211 101052 1 -0.507813 0.361538 343 1 1511 -0.0322627 -0.11005 -0.0451122 -0.890371 6.18196 166.512 
0.14318 1.07776 101132 1 -0.507813 0.361538 344 1 1513 -0.033072 -0.104045 -0.0502978 -0.820735 6.24124 166.716 
0.126696 1.02027 101172 1 -0.507813 0.361538 345 1 1514 -0.0334928 -0.104592 -0.0517421 -0.822718 6.26278 166.827 
0.184384 1.06726 101252 1 -0.507813 0.361538 346 1 1516 -0.0334377 -0.101801 -0.0504883 -0.794241 6.25646 167.018 
0.132682 1.11295 101293 1 -0.507813 0.361538 347 1 1517 -0.0343626 -0.103945 -0.0480659 -0.81232 6.23464 167.112 
0.225058 1.18204 101373 1 -0.507813 0.361538 348 1 1519 -0.0340564 -0.103201 -0.0467602 -0.816616 6.21784 167.204 
0.26118 1.25624 101453 1 -0.507813 0.361538 349 0 1521 -0.0336941 -0.10324 -0.0443887 -0.803063 6.18054 167.273 
0.316332 1.11499 101533 1 -0.507813 0.361538 350 1 1523 -0.0335435 -0.102868 -0.0483823 -0.821094 6.19569 167.24 
0.361574 1.16818 101614 1 -0.507813 0.361538 351 1 1525 -0.0342781 -0.103593 -0.0465585 -0.850245 6.15728 167.094 
0.348711 1.17273 101653 1 -0.507813 0.361538 352 1 1526 -0.0347661 -0.103204 -0.0472166 -0.853844 6.15394 167.059 
0.283262 1.17198 101734 1 -0.507813 0.361538 353 1 1528 -0.033972 -0.10832 -0.0482438 -0.903645 6.14732 167.142 
0.29317 1.12838 101814 1 -0.507813 0.361538 354 1 1530 -0.0343697 -0.107671 -0.0531192 -0.902688 6.18982 167.292 
0.278532 1.14023 101854 1 -0.507813 0.361538 355 1 1531 -0.0339182 -0.107276 -0.0539186 -0.897451 6.19347 167.307 
0.28614 1.13589 101933 1 -0.507813 0.361538 356 1 1533 -0.0331951 -0.110817 -0.0559467 -0.933838 6.20563 167.386 
0.188947 1.10291 102014 1 -0.507813 0.361538 357 1 1535 -0.0338225 -0.115703 -0.0523385 -0.999986 6.1786 167.371 
0.13533 1.00352 102094 1 -0.507813 0.361538 358 1 1537 -0.0343275 -0.11833 -0.0493662 -1.02716 6.14384 167.379 
0.123963 0.842104 102175 1 -0.507813 0.361538 359 1 1539 -0.0344836 -0.119486 -0.0548972 -1.0383 6.18678 167.363 
0.0287652 0.794506 102215 1 -0.507813 0.361538 360 1 1540 -0.0345144 -0.121293 -0.0550636 -1.06269 6.18999 167.339 
0.0202423 0.814844 102294 1 -0.507813 0.361538 361 1 1542 -0.0338463 -0.123214 -0.0481047 -1.09677 6.13151 167.309 
0.0100452 0.827105 102374 1 -0.507813 0.361538 362 1 1544 -0.0343612 -0.12238 -0.0481803 -1.08338 6.1328 167.297 
-0.0623798 0.78222 102415 1 -0.507813 0.361538 363 1 1545 -0.0354227 -0.122488 -0.049284 -1.07755 6.14071 167.243 
0.027586 0.741182 102495 1 -0.507813 0.361538 364 1 1547 -0.0348642 -0.120387 -0.0515464 -1.04979 6.1625 167.203 
0.0315125 0.690878 102578 1 -0.507813 0.361538 365 1 1549 -0.034911 -0.118568 -0.0532673 -1.02392 6.19065 167.253 
0.0360581 0.700168 102655 1 -0.507813 0.361538 366 1 1551 -0.0357805 -0.117754 -0.0529366 -1.01495 6.19555 167.216 
0.0663737 0.767458 102735 1 -0.507813 0.361538 367 1 1553 -0.0354529 -0.115843 -0.0482775 -1.00997 6.15425 167.156 
0.0909086 0.814106 102816 1 -0.507813 0.361538 368 1 1555 -0.0352233 -0.116582 -0.0483604 -1.00351 6.15816 167.188 
0.0791044 0.833953 102856 1 -0.507813 0.361538 369 1 1556 -0.0354842 -0.116648 -0.0483709 -1.00304 6.15836 167.229 
0.104173 0.841977 102936 1 -0.507813 0.361538 370 1 1558 -0.0356818 -0.115543 -0.0487095 -0.98818 6.1602 167.316 
0.0842408 0.848045 102976 1 -0.507813 0.361538 371 1 1559 -0.0354183 -0.114878 -0.052091 -0.978965 6.18771 167.224 
-0.0437275 0.878631 103056 1 -0.507813 0.361538 372 1 1561 -0.0360698 -0.115485 -0.0505889 -0.969894 6.1772 167.145 
0.0269313 0.878912 103136 1 -0.507813 0.361538 373 1 1563 -0.0348675 -0.112767 -0.0520934 -0.921103 6.18926 167.143 
0.0269313 0.878912 103136 1 -0.507813 0.361538 374 1 1563 -0.0348675 -0.112767 -0.0520934 -0.921103 6.18926 167.143 
0.0269313 0.878912 103136 1 -0.507813 0.361538 375 1 1563 -0.0348675 -0.112767 -0.0520934 -0.921103 6.18926 167.143 
0.145984 1.14449 103337 1 -0.507813 0.361538 376 1 1568 -0.0355048 -0.112985 -0.0458946 -0.914888 6.15746 167.16 
0.148341 1.12763 103377 1 -0.507813 0.361538 377 1 1569 -0.0357971 -0.111955 -0.0475636 -0.913343 6.17941 167.113 
0.230188 1.07938 103457 1 -0.507813 0.361538 378 1 1571 -0.0354314 -0.111564 -0.0471907 -0.893945 6.18329 167.285 
0.204607 1.14489 103537 1 -0.507813 0.361538 379 1 1573 -0.0346356 -0.116036 -0.044953 -0.939699 6.16546 167.291 
0.243246 1.15911 103617 1 -0.507813 0.361538 380 1 1575 -0.0353784 -0.112147 -0.0481031 -0.925181 6.18479 167.187 
0.191318 1.17595 103657 1 -0.507813 0.361538 381 1 1576 -0.0354637 -0.111934 -0.0491698 -0.924361 6.1924 167.255 
0.194241 1.17871 103740 1 -0.507813 0.361538 382 1 1578 -0.0353554 -0.115092 -0.0485825 -0.943727 6.18741 167.238 
0.154891 1.2174 103817 1 -0.507813 0.361538 383 0 1580 -0.0353229 -0.115668 -0.0480342 -0.951264 6.18254 167.166 
0.226755 1.13345 103897 1 -0.507813 0.361538 384 1 1582 -0.0348313 -0.112534 -0.0493822 -0.91535 6.19402 167.163 
0.240407 0.988015 103938 1 -0.507813 0.361538 385 1 1583 -0.0345487 -0.112831 -0.0452007 -0.915174 6.15324 167.222 
0.201722 1.03407 104018 1 -0.507813 0.361538 386 1 1585 -0.0347359 -0.112871 -0.0420978 -0.933697 6.12312 167.174 
0.172138 1.04545 104099 1 -0.507813 0.361538 387 1 1587 -0.034003 -0.114798 -0.0421967 -0.953042 6.11743 167.145 
0.267244 1.03938 104178 1 -0.507813 0.361538 388 1 1589 -0.0326732 -0.112205 -0.043819 -0.925433 6.11079 166.919 
0.269863 1.06204 104258 1 -0.507813 0.361538 389 1 1591 -0.0334277 -0.114744 -0.0452488 -0.968998 6.11085 166.706 
0.268295 1.06827 104298 1 -0.507813 0.361538 390 1 1592 -0.0336355 -0.112414 -0.0466153 -0.957 6.12551 166.703 
0.279884 1.13388 104378 1 -0.507813 0.361538 391 1 1594 -0.0334648 -0.11211 -0.0465196 -0.951814 6.12313 166.76 
0.279171 1.15265 104459 1 -0.507813 0.361538 392 1 1596 -0.0334587 -0.11569 -0.0430303 -0.99212 6.09651 166.697 
0.328438 1.14596 104538 1 -0.507813 0.361538 393 1 1598 -0.0338415 -0.112472 -0.0448549 -0.960107 6.11839 166.758 
0.299169 1.15829 104619 1 -0.507813 0.361538 394 1 1600 -0.0329605 -0.114809 -0.0446038 -0.983296 6.11407 166.806 
0.280264 1.14112 104659 1 -0.509896 0.361538 395 1 1601 -0.0338692 -0.11559 -0.0439818 -0.99248 6.10209 166.783 
0.0705879 1.01397 104739 1 -0.511458 0.360577 396 1 1603 -0.0322569 -0.113033 -0.0480648 -0.978963 6.12486 166.81 
0.0454907 1.01039 104820 1 -0.511979 0.360577 397 1 1605 -0.0326629 -0.113145 -0.0519215 -0.949678 6.13914 166.767 
0.596484 0.719183 104899 1 -0.511979 0.360577 398 1 1607 -0.0322273 -0.1131 -0.0556371 -0.938846 6.16788 166.89 
0.726208 0.752954 104980 1 -0.511979 0.360577 399 1 1609 -0.0330127 -0.112474 -0.0601863 -0.938377 6.2109 167.171 
0.719827 0.730068 105020 1 -0.511979 0.360577 400 1 1610 -0.0333251 -0.111634 -0.0601664 -0.933764 6.20809 167.109 
0.743413 0.723104 105100 1 -0.511458 0.358654 401 1 1612 -0.0324301 -0.113317 -0.061173 -0.951706 6.21009 167.184 
0.725284 0.909945 105181 1 -0.511458 0.358654 402 1 1614 -0.032209 -0.113321 -0.0680465 -0.949 6.26822 167.081 
0.716251 0.91189 105221 1 -0.511458 0.358654 403 1 1615 -0.0328766 -0.113343 -0.0680147 -0.948899 6.26858 166.971 
0.697131 0.902707 105300 1 -0.509896 0.358654 404 1 1617 -0.0331761 -0.112995 -0.0679058 -0.952268 6.26976 166.866 
0.816878 1.1299 105380 1 -0.506771 0.359615 405 1 1619 -0.0336731 -0.113848 -0.0665179 -0.990568 6.26708 166.911 
0.707946 0.729984 105461 1 -0.505729 0.359615 406 1 1621 -0.033567 -0.12247 -0.0583962 -1.08626 6.20258 167.079 
0.726598 0.717614 105501 1 -0.505729 0.359615 407 1 1622 -0.0333117 -0.120374 -0.0554807 -1.06062 6.17067 167.23 
0.697553 0.693249 105584 1 -0.505729 0.359615 408 1 1624 -0.0328747 -0.123921 -0.0583848 -1.10735 6.1811 167.163 
0.644553 0.635962 105661 1 -0.505729 0.359615 409 1 1626 -0.0335393 -0.1252 -0.0648964 -1.14233 6.23454 167.077 
0.595705 0.69671 105741 1 -0.505729 0.359615 410 1 1628 -0.0353974 -0.123156 -0.0616928 -1.12364 6.21099 167.119 
-0.130666 0.673948 105781 1 -0.505729 0.359615 411 1 1629 -0.034245 -0.122716 -0.0582625 -1.11598 6.18162 167.183 
-0.396171 0.623757 105861 1 -0.505729 0.359615 412 0 1631 -0.0350132 -0.123683 -0.0577462 -1.12253 6.18935 167.082 
-0.368369 0.634236 105902 1 -0.505729 0.359615 413 0 1632 -0.0354184 -0.122129 -0.0581695 -1.10832 6.19709 167.041 
-0.395042 0.665629 105982 1 -0.505729 0.359615 414 0 1634 -0.0355284 -0.126947 -0.0563382 -1.14031 6.18368 167.042 
-0.350967 1.03369 106061 1 -0.505729 0.359615 415 0 1636 -0.0373054 -0.1205 -0.0540205 -1.10928 6.19518 166.957 
-0.308628 1.13916 106101 1 -0.505729 0.359615 416 0 1637 -0.0372559 -0.117541 -0.054769 -1.08145 6.21318 166.988 
-0.306794 1.1455 106182 1 -0.505729 0.359615 417 0 1639 -0.0367681 -0.120135 -0.0567449 -1.08197 6.23331 167.043 
-0.306794 1.1455 106182 1 -0.505729 0.359615 418 0 1639 -0.0367681 -0.120135 -0.0567449 -1.08197 6.23331 167.043 
-0.40443 1.22858 106222 1 -0.505729 0.359615 419 0 1640 -0.0369822 -0.119709 -0.0542788 -1.07445 6.20737 167.015 
-0.332119 1.42165 106422 1 -0.505729 0.359615 420 0 1645 -0.0351804 -0.0994913 -0.0570623 -0.804331 6.21397 168.001 
-0.25576 1.62185 106462 1 -0.505729 0.359615 421 0 1646 -0.0356533 -0.0957332 -0.0503532 -0.729522 6.16676 168.532 
-0.379575 1.78147 106502 1 -0.505729 0.359615 422 0 1647 -0.0341612 -0.111246 -0.0413042 -0.827542 6.09533 168.778 
-0.509772 1.8397 106542 1 -0.505729 0.359615 423 0 1648 -0.0351324 -0.118255 -0.0348025 -0.823835 6.05465 169.064 
-0.473278 1.36114 106704 1 -0.505729 0.359615 424 0 1652 -0.0272971 -0.114387 -0.00705536 -0.475564 5.98414 169.662 
-0.618199 1.68932 106742 1 -0.505729 0.359615 425 0 1653 -0.0274343 -0.109153 0.0121779 -0.40418 5.87403 169.617 
-0.399874 1.56613 106823 1 -0.505729 0.359615 426 0 1655 -0.0254012 -0.107686 0.0250298 -0.392825 5.98577 169.549 
-0.399874 1.56613 106823 1 -0.505729 0.359615 427 0 1655 -0.0254012 -0.107686 0.0250298 -0.392825 5.98577 169.549 
-0.419795 1.05055 106863 1 -0.505729 0.359615 428 0 1656 -0.0252213 -0.112877 0.017956 -0.449858 6.19417 169.507 
-0.33314 0.435076 107024 1 -0.504167 0.356731 429 0 1660 -0.0356428 -0.110587 0.039556 -0.925304 6.57602 168.116 
-0.233549 0.15791 107104 1 -0.503646 0.354808 430 0 1662 -0.0429822 -0.0696135 0.0476431 -1.05951 6.56885 167.213 
-0.310905 0.0149019 107144 1 -0.503646 0.354808 431 0 1663 -0.0475097 -0.0605817 0.0356323 -1.23571 6.64832 166.27 
-0.310905 0.0149019 107144 1 -0.503125 0.354808 432 0 1663 -0.0475097 -0.0605817 0.0356323 -1.23571 6.64832 166.27 
-1.97129 1.35843 107346 1 -0.502083 0.354808 433 0 1668 -0.0718781 -0.129152 0.204277 -2.95262 5.972 170.557 
-1.46994 2.71813 107426 1 -0.501042 0.353846 434 0 1670 -0.0758541 -0.070172 0.297912 -2.50949 5.25273 171.236 
-1.91648 3.38445 107504 1 -0.501042 0.353846 435 0 1672 -0.0744817 -0.0693249 0.30089 -2.50583 5.27442 171.137 
-1.91648 3.38445 107504 1 -0.496354 0.353846 436 0 1672 -0.0744817 -0.0693249 0.30089 -2.50583 5.27442 171.137 
-1.91648 3.38445 107504 1 -0.494271 0.351923 437 0 1672 -0.0744817 -0.0693249 0.30089 -2.50583 5.27442 171.137 
-1.04348 3.57731 107705 1 -0.494271 0.351923 438 0 1677 -0.031688 0.0430395 0.30348 -1.34664 5.02946 167.021 
-0.902473 2.34122 107785 1 -0.494271 0.351923 439 0 1679 -0.040623 0.0326475 0.207002 -1.38285 5.78942 167.337 
-0.232531 -0.0150616 107826 1 -0.494271 0.351923 440 0 1680 -0.0494088 0.0470382 0.111289 -1.10411 6.6022 165.47 
-0.232531 -0.0150616 107826 1 -0.494271 0.351923 441 0 1680 -0.0494088 0.0470382 0.111289 -1.10411 6.6022 165.47 
-0.312574 0.236592 107985 1 -0.49375 0.351923 442 0 1684 -0.0343854 -0.0150498 0.0877834 -1.1268 6.44423 167.746 
0.0518792 3.11379 108066 1 -0.49375 0.353846 443 0 1686 -0.0312415 -0.0366588 0.0793518 -1.16511 6.39261 168.293 
2.02443 2.51087 108106 1 -0.49375 0.353846 444 0 1687 -0.0257599 -0.0818158 0.0607203 -1.2593 6.39535 168.969 
1.59929 1.83071 108146 1 -0.494792 0.354808 445 0 1688 -0.0253101 -0.0682148 0.0630712 -1.0604 6.32429 168.337 
-0.279167 2.49758 108186 1 -0.495312 0.354808 446 0 1689 -0.0275661 -0.0637924 0.0662677 -0.94346 6.28753 167.995 
-0.383672 0.537711 108306 1 -0.495312 0.354808 447 0 1692 -0.023287 -0.10391 0.0513702 -0.982051 6.34603 168.153 
-0.52839 0.381084 108386 1 -0.495312 0.354808 448 0 1694 -0.019683 -0.109972 0.00162393 -1.00791 6.25005 166.442 
-0.338748 -0.43642 108466 1 -0.495833 0.354808 449 0 1696 -0.0150491 -0.128205 -0.0632175 -1.19374 6.33792 164.383 
-0.338748 -0.43642 108466 1 -0.495833 0.354808 450 0 1696 -0.0150491 -0.128205 -0.0632175 -1.19374 6.33792 164.383 
-0.00233476 -0.643483 108509 1 -0.495833 0.354808 451 0 1697 -0.0150097 -0.112039 -0.0817722 -1.10136 6.43238 163.545 
-0.197424 -0.00978325 108707 1 -0.495833 0.354808 452 1 1702 -0.0398544 -0.0784121 -0.034301 -1.37081 6.34063 163.803 
0.219543 0.125065 108787 1 -0.496354 0.354808 453 1 1704 -0.0352604 -0.0829179 -0.049051 -1.41863 6.37822 164.229 
0.219543 0.125065 108787 1 -0.496354 0.354808 454 1 1704 -0.0352604 -0.0829179 -0.049051 -1.41863 6.37822 164.229 
0.219543 0.125065 108787 1 -0.496354 0.354808 455 1 1704 -0.0352604 -0.0829179 -0.049051 -1.41863 6.37822 164.229 
-0.339918 1.0376 108988 1 -0.496354 0.354808 456 0 1709 -0.0430217 -0.0936606 -0.0266645 -1.65832 6.20941 164.898 
-0.306373 1.22732 109027 1 -0.496354 0.354808 457 0 1710 -0.0443949 -0.0896944 -0.020704 -1.6161 6.21181 165.058 
0.0102078 1.3513 109107 1 -0.496354 0.354808 458 0 1712 -0.04077 -0.0957881 -0.0148495 -1.66945 6.24277 165.342 
0.37673 1.24994 109188 1 -0.496354 0.354808 459 0 1714 -0.0378914 -0.0924365 -0.0183404 -1.67471 6.30906 166.58 
0.477434 1.32579 109228 1 -0.496354 0.354808 460 0 1715 -0.0397247 -0.0813452 -0.0108473 -1.5998 6.25106 166.924 
0.422992 1.35042 109308 1 -0.496354 0.354808 461 0 1717 -0.0403241 -0.0743281 -0.00726484 -1.55796 6.23789 167.264 
0.46414 1.34807 109348 1 -0.496354 0.354808 462 0 1718 -0.0409095 -0.0652267 -0.00345326 -1.48448 6.22414 167.402 
0.46414 1.34807 109348 1 -0.496354 0.354808 463 0 1718 -0.0409095 -0.0652267 -0.00345326 -1.48448 6.22414 167.402 
-0.112562 0.987506 109508 1 -0.496354 0.354808 464 1 1722 -0.0392581 -0.0699497 -0.00632484 -1.50084 6.26847 167.835 
-0.112537 0.956147 109589 1 -0.496354 0.354808 465 1 1724 -0.0373522 -0.0724459 -0.0143129 -1.53925 6.29581 167.837 
-0.169515 1.07318 109670 1 -0.496354 0.354808 466 1 1726 -0.0406619 -0.0653952 -0.0152119 -1.48189 6.29057 167.678 
-0.169515 1.07318 109670 1 -0.496354 0.354808 467 1 1726 -0.0406619 -0.0653952 -0.0152119 -1.48189 6.29057 167.678 
-0.169515 1.07318 109670 1 -0.496354 0.354808 468 1 1726 -0.0406619 -0.0653952 -0.0152119 -1.48189 6.29057 167.678 
-0.280686 1.04925 109869 1 -0.496354 0.354808 469 0 1731 -0.0393471 -0.0615745 -0.0149966 -1.26037 6.3024 167.466 
-0.329681 1.0821 109909 1 -0.496354 0.354808 470 0 1732 -0.0377257 -0.0655936 -0.0133762 -1.26317 6.3078 167.492 
-0.309684 0.91056 109989 1 -0.496354 0.354808 471 0 1734 -0.0352247 -0.076696 -0.0167211 -1.30365 6.31222 167.406 
-0.35919 1.0026 110070 1 -0.496354 0.354808 472 0 1736 -0.0361093 -0.0736234 -0.0122567 -1.25802 6.29144 167.282 
-0.320916 0.968127 110149 1 -0.496354 0.354808 473 0 1738 -0.0378456 -0.0770422 -0.0109534 -1.24318 6.30132 167.178 
-0.31231 0.964236 110189 1 -0.496354 0.354808 474 0 1739 -0.0374804 -0.0771315 -0.010348 -1.25096 6.3054 167.176 
-0.306934 0.926739 110229 1 -0.496354 0.354808 475 0 1740 -0.0373026 -0.0769662 -0.00705964 -1.26677 6.28274 167.034 
-0.252473 0.582865 110270 1 -0.496354 0.354808 476 0 1741 -0.0383749 -0.0748496 -0.00671232 -1.26595 6.28243 167.024 
-0.186781 0.367333 110430 1 -0.496354 0.354808 477 1 1745 -0.0358708 -0.0725325 -0.0134437 -1.22518 6.29298 167.086 
-0.13071 0.495174 110510 1 -0.496354 0.354808 478 1 1747 -0.0385043 -0.0581033 -0.0135524 -1.1466 6.26896 167.089 
-0.12609 0.480304 110550 1 -0.496354 0.354808 479 1 1748 -0.0399168 -0.0594647 -0.014807 -1.15828 6.26788 167.192 
-0.12609 0.480304 110550 1 -0.496354 0.354808 480 1 1748 -0.0399168 -0.0594647 -0.014807 -1.15828 6.26788 167.192 
-0.206439 0.285516 110711 1 -0.496354 0.354808 481 0 1752 -0.0415761 -0.0515111 -0.0295399 -1.13174 6.32577 166.908 
-0.336213 0.435622 110791 1 -0.496354 0.354808 482 0 1754 -0.0439688 -0.0522025 -0.0304171 -1.11647 6.30338 166.799 
-0.332648 0.422128 110831 1 -0.496354 0.354808 483 0 1755 -0.0438071 -0.0525961 -0.0306378 -1.11305 6.30138 166.834 
-0.329713 0.489577 110910 1 -0.490104 0.360577 484 0 1757 -0.0430448 -0.0599424 -0.0279216 -1.15324 6.25519 166.749 
-0.586978 0.531187 110991 1 -0.469271 0.389423 485 0 1759 -0.0431034 -0.0770377 -0.0308051 -1.25805 6.27995 166.839 
-0.645137 0.654837 111031 1 -0.434375 0.448077 486 0 1760 -0.0417551 -0.0801426 -0.025693 -1.26421 6.22496 166.993 
-0.635405 0.662458 111071 1 -0.406771 0.470192 487 0 1761 -0.0398164 -0.0820425 -0.0270636 -1.27427 6.21235 167.041 
-0.635405 0.662458 111071 1 -0.320313 0.485577 488 0 1761 -0.0398164 -0.0820425 -0.0270636 -1.27427 6.21235 167.041 
-0.311063 0.327955 111271 1 -0.165625 0.486538 489 0 1766 -0.0389368 -0.0796144 -0.0342575 -1.19582 6.21568 167.142 
-0.313315 0.357428 111311 1 0.0734375 0.422115 490 0 1767 -0.0393628 -0.0822831 -0.0318932 -1.24342 6.18862 167.045 
-0.367657 0.361498 111392 1 0.238021 0.300962 491 0 1769 -0.0400555 -0.0823399 -0.0330731 -1.25926 6.19575 166.972 
-0.367657 0.361498 111392 1 0.338021 0.2125 492 0 1769 -0.0400555 -0.0823399 -0.0330731 -1.25926 6.19575 166.972 
-0.341255 0.283887 111553 1 0.360417 0.144231 493 0 1773 -0.037041 -0.0816149 -0.0373014 -1.23378 6.18788 166.845 
-0.433054 0.353416 111593 1 0.369271 0.0394231 494 0 1774 -0.04033 -0.0814501 -0.0374686 -1.23149 6.19512 166.838 
-0.386187 0.291366 111672 1 0.407813 0 495 0 1776 -0.0388462 -0.0799501 -0.0418174 -1.19117 6.23331 166.822 
-0.350513 0.25727 111712 1 0.464062 0 496 0 1777 -0.0374571 -0.0786855 -0.0437211 -1.1807 6.2447 166.849 
-0.350513 0.25727 111712 1 0.495833 0.0153846 497 0 1777 -0.0374571 -0.0786855 -0.0437211 -1.1807 6.2447 166.849 
-0.311511 -0.0877918 111873 1 0.501563 0.0307692 498 0 1781 -0.038902 -0.0750002 -0.0445564 -1.12515 6.27108 166.756 
-0.361111 -0.116083 111953 1 0.502083 0.0317308 499 0 1783 -0.0387519 -0.0788123 -0.0371428 -1.18193 6.23047 166.637 
-0.393106 0.00111528 111992 1 0.505208 0.0403846 500 0 1784 -0.039633 -0.0779422 -0.034156 -1.18119 6.21834 166.536 
-0.389545 0.176675 112033 1 0.510938 0.0576923 501 0 1785 -0.0394179 -0.0805734 -0.0313678 -1.18488 6.20451 166.614 
-0.389545 0.176675 112033 1 0.510938 0.0634615 502 0 1785 -0.0394179 -0.0805734 -0.0313678 -1.18488 6.20451 166.614 
-0.364541 0.290501 112234 1 0.506771 0.0663462 503 0 1790 -0.039153 -0.0783232 -0.0291958 -1.16008 6.20561 166.374 
-0.260006 0.249359 112314 1 0.503125 0.0663462 504 0 1792 -0.0378105 -0.0755946 -0.0272609 -1.10047 6.19874 166.379 
-0.277325 0.216826 112353 1 0.502604 0.0663462 505 0 1793 -0.0369689 -0.0768138 -0.0288766 -1.11739 6.21083 166.355 
-0.277325 0.216826 112353 1 0.502604 0.0663462 506 0 1793 -0.0369689 -0.0768138 -0.0288766 -1.11739 6.21083 166.355 
-0.260494 0.0594849 112514 1 0.478646 0.0653846 507 0 1797 -0.0368656 -0.0815418 -0.0323686 -1.09194 6.26603 166.253 
-0.187424 -0.0910713 112596 1 0.349479 0.0615385 508 1 1799 -0.0361987 -0.0821053 -0.0310082 -1.09208 6.27314 166.306 
-0.558025 0.395772 112677 1 0.243229 0.0576923 509 0 1801 -0.0362134 -0.0823691 -0.0284075 -1.05215 6.28196 166.514 
-0.558025 0.395772 112677 1 0.180208 0.0442308 510 0 1801 -0.0362134 -0.0823691 -0.0284075 -1.05215 6.28196 166.514 
-0.951462 -0.189956 112835 1 0.144271 0.025 511 0 1805 -0.0320686 -0.085129 -0.0245095 -1.05429 6.2028 166.437 
-1.0646 0.00952526 112915 1 0.125 0.0125 512 0 1807 -0.0332532 -0.0872499 -0.0228052 -1.05532 6.16359 166.235 
-1.11779 -0.02459 112995 1 0.119792 0.0105769 513 0 1809 -0.0326682 -0.0888522 -0.0203394 -1.07133 6.12602 166.256 
-1.11779 -0.02459 112995 1 0.123438 0.00961538 514 0 1809 -0.0326682 -0.0888522 -0.0203394 -1.07133 6.12602 166.256 
-1.88883 0.326106 113155 1 0.124479 0.0105769 515 0 1813 -0.0380427 -0.0831164 -0.0233332 -0.962192 6.18223 166.264 
-1.43296 -0.150063 113236 1 0.124479 0.0115385 516 0 1815 -0.0377783 -0.0773293 -0.030419 -0.898957 6.2572 166.159 
-1.51877 -0.0871566 113316 1 0.123958 0.0125 517 0 1817 -0.0378153 -0.0737585 -0.0323594 -0.857383 6.29895 166.276 
-1.51877 -0.0871566 113316 1 0.123438 0.0125 518 0 1817 -0.0378153 -0.0737585 -0.0323594 -0.857383 6.29895 166.276 
-1.51877 -0.0871566 113316 1 0.122396 0.0125 519 0 1817 -0.0378153 -0.0737585 -0.0323594 -0.857383 6.29895 166.276 
-1.15578 -0.362228 113515 1 0.121875 0.0125 520 0 1822 -0.0330314 -0.0757357 -0.0206676 -0.861306 6.13521 166.577 
3.34501 4.05084 113637 1 0.121875 0.0125 521 0 1825 -0.0321666 -0.0861344 -0.0310002 -0.929624 6.19086 166.787 
3.34501 4.05084 113637 1 0.125521 0.0557692 522 0 1825 -0.0321666 -0.0861344 -0.0310002 -0.929624 6.19086 166.787 
-0.797062 -0.634872 113756 1 0.145313 0.143269 523 0 1828 -0.0337149 -0.0807686 -0.0534008 -0.883734 6.36929 166.717 
-0.646254 -0.657669 113876 1 0.166146 0.249038 524 0 1831 -0.0305388 -0.0748655 -0.056716 -0.867286 6.30408 166.473 
-0.74837 0.348626 113958 1 0.195313 0.323077 525 0 1833 -0.036156 -0.0960554 -0.0387669 -1.1325 6.09836 166.303 
-0.74837 0.348626 113958 1 0.207813 0.342308 526 0 1833 -0.036156 -0.0960554 -0.0387669 -1.1325 6.09836 166.303 
-0.802177 0.727917 114117 1 0.214062 0.372115 527 0 1837 -0.040786 -0.0888364 -0.0179892 -1.28629 5.90161 166.609 
-0.891073 0.917268 114197 1 0.217708 0.389423 528 0 1839 -0.045696 -0.0790592 -0.0251649 -1.26548 6.00688 167.674 
-0.820765 0.933374 114277 1 0.217708 0.389423 529 0 1841 -0.046124 -0.0740201 -0.0168415 -1.20742 5.99552 168.302 
-0.820765 0.933374 114277 1 0.217708 0.389423 530 0 1841 -0.046124 -0.0740201 -0.0168415 -1.20742 5.99552 168.302 
