ImageFile:
0.321283 0.183575 65943 1 0.215104 0.297115 1 1 689 0.0223736 0.0155019 0.0216746 1.597 3.13029 108.106 
0.348438 0.185889 66263 1 0.2125 0.318269 2 1 697 0.0228945 0.0172718 0.0229606 1.6366 3.12027 108.058 
0.349708 0.194136 66344 1 0.200521 0.401923 3 1 699 0.0229678 0.0154413 0.0235231 1.61841 3.1181 108.043 
0.349316 0.193759 66384 1 0.2 0.471154 4 1 700 0.0227517 0.0164891 0.0235809 1.63195 3.11794 108.098 
0.337667 0.209793 66464 1 0.235417 0.509615 5 1 702 0.0222276 0.0139205 0.0246929 1.60333 3.11109 108.063 
0.334083 0.225557 66545 1 0.235417 0.509615 6 1 704 0.0226393 0.0141714 0.0261441 1.59784 3.09923 108.119 
0.329506 0.227117 66586 1 0.235417 0.509615 7 1 705 0.0223619 0.0134017 0.0252024 1.59131 3.10652 108.088 
0.319363 0.226266 66664 1 0.234375 0.524038 8 1 707 0.022633 0.0105079 0.0249807 1.55097 3.10972 108.085 
0.3251 0.222095 66745 1 0.195833 0.644231 9 1 709 0.0227727 0.0128495 0.0251625 1.5667 3.11144 108.073 
0.326161 0.211978 66785 1 0.139063 0.848077 10 1 710 0.0224038 0.0117738 0.024598 1.55725 3.1179 108.127 
0.320139 0.241782 66865 1 0.110937 0.950962 11 1 712 0.0230869 0.0112453 0.0249288 1.54964 3.10669 108.095 
0.331136 0.241922 66947 1 0.0916667 1.00865 12 1 714 0.022907 0.0125117 0.0250978 1.56049 3.10427 108.086 
0.33201 0.217752 67025 1 0.0869792 1.0125 13 1 716 0.0222365 0.0133642 0.0219403 1.56685 3.1373 108.022 
0.32386 0.224 67065 1 0.0885417 0.970192 14 1 717 0.021925 0.0122267 0.0224186 1.55272 3.13277 108.041 
0.31462 0.227523 67145 1 0.0895833 0.961538 15 1 719 0.0214264 0.0116497 0.0226445 1.54022 3.13052 108.04 
0.309816 0.225372 67226 1 0.0958333 0.976923 16 1 721 0.0221576 0.0121834 0.0228558 1.5369 3.12861 108.032 
0.307708 0.227324 67266 1 0.105729 0.992308 17 1 722 0.0227957 0.0118163 0.0225275 1.52721 3.13175 108.051 
0.327564 0.214445 67346 1 0.104167 0.985577 18 1 724 0.0224645 0.0146039 0.0211209 1.55022 3.14453 108.013 
0.327455 0.227829 67426 1 0.102083 0.973077 19 1 726 0.0223034 0.0128338 0.0219505 1.52817 3.13461 108.023 
0.344827 0.201474 67466 1 0.0822917 0.959615 20 1 727 0.0221274 0.0145517 0.0198546 1.54718 3.15699 107.976 
0.349408 0.215092 67546 1 0.0583333 0.959615 21 1 729 0.0224882 0.0137865 0.0207775 1.54782 3.14325 108.015 
0.340202 0.209733 67627 1 0.0567708 0.961538 22 1 731 0.0227542 0.0133432 0.0201482 1.5465 3.14736 107.978 
0.351087 0.21263 67667 1 0.0572917 0.964423 23 1 732 0.0225628 0.0142846 0.0199262 1.55439 3.15064 107.988 
0.33706 0.221985 67746 1 0.0630208 0.973077 24 1 734 0.0226819 0.0122185 0.0205519 1.52884 3.14234 107.985 
0.339663 0.220372 67827 1 0.0651042 0.975 25 1 736 0.0218891 0.013574 0.0200351 1.53823 3.14663 107.942 
0.344237 0.211211 67867 1 0.0671875 0.975962 26 1 737 0.0219375 0.014267 0.0197447 1.54421 3.15035 107.917 
0.337176 0.223878 67947 1 0.0677083 0.975962 27 1 739 0.0229787 0.0143079 0.0215011 1.54001 3.13538 107.973 
0.327906 0.228523 68028 1 0.0677083 0.975962 28 1 741 0.0231765 0.0141734 0.0194618 1.53456 3.15407 107.924 
0.152208 0.817483 68067 1 0.0677083 0.975962 29 1 742 0.0217835 0.0139393 0.0197396 1.53226 3.1534 107.806 
0.107148 1.03699 68149 1 0.0677083 0.975962 30 1 744 0.0194677 0.0121244 0.0187181 1.51534 3.17519 107.876 
0.109073 1.05093 68228 1 0.0677083 0.975962 31 1 746 0.0196379 0.0128177 0.0182013 1.51893 3.18315 107.911 
0.0966867 1.04882 68267 1 0.0677083 0.975962 32 1 747 0.0194016 0.0123592 0.0177138 1.51796 3.18892 107.9 
0.110142 1.07059 68348 1 0.0677083 0.975962 33 1 749 0.0196744 0.0106487 0.0179778 1.50459 3.18292 107.896 
0.105833 1.07309 68428 1 0.0677083 0.975962 34 1 751 0.0200862 0.0118319 0.016993 1.51439 3.19599 107.923 
0.108489 1.08845 68468 1 0.0677083 0.975962 35 1 752 0.0196175 0.011244 0.0188389 1.5086 3.17669 107.949 
0.113837 1.09997 68548 1 0.0677083 0.975962 36 1 754 0.0190213 0.0120932 0.0183636 1.52026 3.18244 107.895 
0.110653 1.09859 68630 1 0.0677083 0.975962 37 1 756 0.0185961 0.0104602 0.0186936 1.50768 3.18386 107.928 
0.109502 1.1024 68709 1 0.0677083 0.975962 38 1 758 0.0189234 0.00827385 0.0189385 1.49249 3.18389 107.948 
0.10517 1.12127 68749 1 0.0677083 0.975962 39 1 759 0.0187817 0.00748954 0.0203198 1.48359 3.16977 107.94 
0.0947779 1.11782 68829 1 0.0677083 0.975962 40 1 761 0.0189103 0.00663913 0.0197589 1.48032 3.17596 107.968 
0.0943383 1.11669 68909 1 0.0677083 0.975962 41 1 763 0.0192307 0.00701895 0.0202789 1.48211 3.17223 107.982 
0.0893135 1.13283 68948 1 0.0770833 0.975 42 1 764 0.0192676 0.00771673 0.0204151 1.48894 3.16984 107.949 
0.112459 1.13334 69030 1 0.217708 0.970192 43 1 766 0.0191999 0.0089198 0.0221327 1.49948 3.15394 107.962 
0.129642 1.13914 69111 1 0.347396 0.941346 44 1 768 0.0196071 0.00769762 0.0221757 1.49651 3.15361 107.976 
0.109389 1.15449 69189 1 0.347396 0.941346 45 1 770 0.0190385 0.00703423 0.0232201 1.49436 3.1433 107.978 
0.107142 1.15149 69230 1 0.347396 0.941346 46 1 771 0.0194393 0.00823108 0.0234956 1.5067 3.14487 108.021 
0.107142 1.15149 69230 1 0.363542 0.930769 47 1 771 0.0194393 0.00823108 0.0234956 1.5067 3.14487 108.021 
0.108255 1.17852 69390 1 0.623958 0.907692 48 1 775 0.01956 0.00721787 0.0251847 1.49756 3.1247 108.015 
0.110394 1.20868 69470 1 1.06875 0.738462 49 0 777 0.0195814 0.00786925 0.0254932 1.50002 3.12784 108.009 
0.104324 1.21643 69510 1 1.4599 0.520192 50 0 778 0.0196273 0.00796265 0.0257405 1.49591 3.12928 108.011 
0.160517 3.29895 69590 1 1.56302 0.453846 51 0 780 0.0194231 0.00674396 0.030439 1.47838 3.09069 108.068 
0.649683 1.6779 69671 1 1.5651 0.453846 52 0 782 0.0197053 0.00444759 0.0286097 1.44792 3.11363 108.157 
0.705217 1.3301 69753 1 1.56354 0.458654 53 0 784 0.0213167 0.00629283 0.0259729 1.45962 3.13501 108.126 
0.735079 1.1497 69830 1 1.56354 0.458654 54 1 786 0.0210225 0.00620467 0.0245351 1.46182 3.1459 108.144 
0.718456 1.10897 69871 1 1.5625 0.467308 55 1 787 0.0211231 0.00406812 0.0251756 1.43976 3.1368 108.076 
0.774034 1.01828 69951 1 1.55938 0.482692 56 1 789 0.0202369 0.00452567 0.0244362 1.46017 3.14069 107.999 
0.770675 0.973289 70032 1 1.55781 0.499038 57 1 791 0.0202409 0.00455645 0.0230711 1.46702 3.15079 107.883 
0.782073 0.949602 70071 1 1.55573 0.502885 58 1 792 0.0204696 0.00659863 0.0221986 1.4871 3.15997 107.856 
0.766619 0.912323 70152 1 1.55677 0.502885 59 1 794 0.0202061 0.00604438 0.0219903 1.47547 3.16231 107.864 
0.779678 0.887319 70191 1 1.56042 0.503846 60 1 795 0.0205218 0.00610241 0.0206493 1.47334 3.17727 107.849 
0.770609 0.888043 70271 1 1.56406 0.5125 61 1 797 0.0203693 0.00761893 0.0225836 1.48184 3.16063 107.853 
0.776961 0.895023 70352 1 1.5651 0.5125 62 1 799 0.0207232 0.00725229 0.0230607 1.47145 3.15248 107.808 
0.764073 0.879815 70392 1 1.5651 0.5125 63 1 800 0.0201604 0.00690008 0.0206553 1.46633 3.17481 107.773 
0.773844 0.895759 70471 1 1.5651 0.5125 64 1 802 0.0206943 0.00827021 0.02318 1.47289 3.1487 107.791 
0.770657 0.892581 70552 1 1.5651 0.5125 65 1 804 0.0201291 0.00707559 0.023121 1.45936 3.14772 107.753 
0.772027 0.892003 70593 1 1.56615 0.511538 66 1 805 0.0206468 0.00850705 0.0225617 1.47855 3.1518 107.78 
0.787178 0.872874 70672 1 1.56719 0.510577 67 1 807 0.0207781 0.00909305 0.0218784 1.48671 3.15978 107.78 
0.789816 0.869814 70752 1 1.5125 0.507692 68 1 809 0.0206936 0.0090832 0.0219772 1.4827 3.15788 107.785 
0.783441 0.876195 70792 1 1.47135 0.507692 69 1 810 0.0206965 0.00639073 0.0236281 1.45307 3.14109 107.805 
0.779287 0.868943 70872 1 1.47083 0.507692 70 1 812 0.0199316 0.00721165 0.0226193 1.46786 3.15079 107.751 
0.775974 0.842908 70953 1 1.47083 0.507692 71 1 814 0.0194944 0.00721583 0.0209002 1.46654 3.17119 107.748 
0.764787 0.845684 70994 1 1.48177 0.510577 72 1 815 0.0202084 0.00746103 0.0226208 1.46376 3.15499 107.746 
0.775184 0.850503 71073 1 1.53438 0.511538 73 1 817 0.0205515 0.00774573 0.0226986 1.46288 3.15243 107.795 
0.765235 0.864926 71153 1 1.54948 0.511538 74 1 819 0.0203035 0.00692493 0.0236038 1.4516 3.13874 107.748 
0.801205 0.843381 71193 1 1.54948 0.511538 75 1 820 0.0202758 0.0113136 0.0230316 1.49412 3.14335 107.71 
1.16726 0.324898 71274 1 1.55417 0.511538 76 1 822 0.021963 0.0113303 0.0206832 1.49181 3.16296 107.715 
1.15127 0.230279 71353 1 1.56146 0.511538 77 1 824 0.0227187 0.0112795 0.0205577 1.49273 3.16356 107.788 
1.27085 0.0104091 71393 1 1.57083 0.510577 78 0 825 0.0222085 0.0134706 0.0188771 1.52411 3.17771 107.749 
1.28956 -0.173526 71473 1 1.57135 0.510577 79 0 827 0.0229573 0.013682 0.0166391 1.52819 3.19949 107.748 
1.27483 -0.180354 71555 1 1.57135 0.510577 80 0 829 0.0231211 0.0107829 0.0185461 1.49393 3.17976 107.775 
1.2955 -0.197195 71634 1 1.57135 0.510577 81 0 831 0.0232895 0.0133217 0.0175422 1.5225 3.19214 107.747 
1.28484 -0.185351 71674 1 1.57135 0.510577 82 0 832 0.023119 0.0119869 0.0178531 1.50912 3.18739 107.756 
1.28804 -0.188248 71754 1 1.57135 0.510577 83 0 834 0.0226963 0.0122355 0.0184672 1.51363 3.1856 107.764 
1.28804 -0.188248 71754 1 1.57135 0.510577 84 0 834 0.0226963 0.0122355 0.0184672 1.51363 3.1856 107.764 
1.29376 -0.185172 71874 1 1.57135 0.510577 85 0 837 0.0227594 0.0116849 0.0187241 1.51522 3.18513 107.767 
1.29334 -0.181528 71955 1 1.57135 0.510577 86 0 839 0.0233166 0.0102588 0.0192843 1.5053 3.18211 107.793 
1.27272 -0.180846 72045 1 1.57135 0.510577 87 0 841 0.0229522 0.00890322 0.0183847 1.48648 3.19115 107.788 
1.28414 -0.168712 72075 1 1.57135 0.510577 88 0 842 0.0228519 0.0111739 0.0200109 1.51195 3.17449 107.771 
1.28414 -0.168712 72075 1 1.57135 0.510577 89 0 842 0.0228519 0.0111739 0.0200109 1.51195 3.17449 107.771 
1.29302 -0.164556 72275 1 1.57135 0.510577 90 0 847 0.0233232 0.0106516 0.0203369 1.51217 3.17404 107.817 
1.28475 -0.14037 72316 1 1.57135 0.510577 91 0 848 0.0234686 0.00892229 0.0214556 1.49662 3.16126 107.796 
1.29829 -0.11284 72395 1 1.57135 0.510577 92 0 850 0.0231506 0.0107334 0.0227939 1.51673 3.14564 107.796 
1.29829 -0.11284 72395 1 1.57135 0.510577 93 0 850 0.0231506 0.0107334 0.0227939 1.51673 3.14564 107.796 
1.29905 -0.118749 72516 1 1.57135 0.510577 94 0 853 0.0234617 0.0107844 0.0233312 1.51727 3.14415 107.802 
1.29587 -0.101352 72597 1 1.57135 0.510577 95 0 855 0.0243132 0.00984461 0.024731 1.50433 3.12801 107.801 
1.28749 -0.0936562 72676 1 1.54583 0.504808 96 0 857 0.023658 0.00961426 0.0253699 1.49701 3.12575 107.8 
1.28706 -0.103063 72716 1 1.53802 0.504808 97 0 858 0.0242441 0.0114678 0.0252402 1.51102 3.13034 107.821 
1.28706 -0.103063 72716 1 1.53802 0.504808 98 0 858 0.0242441 0.0114678 0.0252402 1.51102 3.13034 107.821 
1.27758 -0.125425 72877 1 1.53802 0.504808 99 0 862 0.0245754 0.0108715 0.0227177 1.4977 3.15139 107.782 
1.28008 -0.115141 72958 1 1.53802 0.504808 100 0 864 0.024862 0.0109233 0.0228695 1.49564 3.14917 107.749 
1.27632 -0.108276 73037 1 1.53802 0.504808 101 0 866 0.0247821 0.0129021 0.0220519 1.51037 3.15362 107.72 
1.27632 -0.108276 73037 1 1.53802 0.504808 102 0 866 0.0247821 0.0129021 0.0220519 1.51037 3.15362 107.72 
1.27632 -0.108276 73037 1 1.53802 0.504808 103 0 866 0.0247821 0.0129021 0.0220519 1.51037 3.15362 107.72 
0.0666441 0.783415 73237 1 1.53802 0.504808 104 1 871 0.0227536 0.00259148 0.0252995 1.40945 3.11339 107.563 
0.0646978 0.793851 73277 1 1.53802 0.504808 105 1 872 0.0227138 0.00344357 0.0245064 1.41231 3.11918 107.583 
0.0586139 0.806847 73357 1 1.53802 0.504808 106 1 874 0.0220752 0.00718663 0.0235232 1.43703 3.12705 107.596 
0.0586139 0.806847 73357 1 1.53802 0.504808 107 1 874 0.0220752 0.00718663 0.0235232 1.43703 3.12705 107.596 
-0.0121175 0.808663 73397 1 1.53802 0.504808 108 1 875 0.0221869 0.00605262 0.0244676 1.42569 3.11978 107.583 
-0.0304261 0.84704 73558 1 1.53802 0.504808 109 1 879 0.0221107 0.00640634 0.0244915 1.42744 3.1204 107.585 
-0.0522904 0.857573 73638 1 1.53802 0.504808 110 1 881 0.0212571 0.00461514 0.0225895 1.40649 3.14034 107.596 
-0.0530572 0.880619 73678 1 1.53802 0.504808 111 1 882 0.0215583 0.00480756 0.0237094 1.40745 3.12905 107.574 
-0.0347363 0.896257 73759 1 1.53802 0.504808 112 1 884 0.021434 0.0068063 0.0234818 1.42926 3.13371 107.585 
-0.0393312 0.906609 73838 1 1.53802 0.504808 113 1 886 0.0212853 0.00663947 0.0229404 1.43186 3.13596 107.555 
-0.0492581 0.936831 73918 1 1.53802 0.504808 114 1 888 0.0210854 0.00608224 0.0234136 1.42199 3.13095 107.547 
-0.024293 0.943772 73959 1 1.53802 0.504808 115 1 889 0.0210534 0.00842194 0.0248658 1.44528 3.11722 107.578 
-0.0292465 0.942882 74039 1 1.53802 0.504808 116 1 891 0.0210051 0.00813982 0.024646 1.44282 3.11885 107.55 
-0.0417635 0.926299 74119 1 1.53802 0.504808 117 1 893 0.0208949 0.00804476 0.0236115 1.44306 3.12577 107.558 
-0.0425196 0.926105 74159 1 1.53802 0.504808 118 1 894 0.02127 0.00679135 0.0233543 1.426 3.13 107.538 
-0.0400366 0.933398 74240 1 1.53802 0.504808 119 1 896 0.0208644 0.00769065 0.0242117 1.43669 3.12623 107.556 
-0.0437207 0.927607 74319 1 1.53802 0.504808 120 1 898 0.0210555 0.00702964 0.0247871 1.42827 3.11907 107.584 
-0.0323119 0.89917 74359 1 1.53802 0.504808 121 1 899 0.0209101 0.00960097 0.0238582 1.45528 3.13235 107.579 
-0.0381268 0.885765 74439 1 1.53802 0.504808 122 1 901 0.0205856 0.00894161 0.0237204 1.44691 3.12991 107.583 
-0.0421621 0.90326 74519 1 1.53802 0.504808 123 1 903 0.0204664 0.00854118 0.0251103 1.4414 3.12154 107.589 
-0.0403964 0.904162 74601 1 1.53802 0.504808 124 1 905 0.0205702 0.00723303 0.0247227 1.43875 3.12413 107.611 
-0.0431347 0.88932 74640 1 1.54792 0.504808 125 1 906 0.0205808 0.00793179 0.0244153 1.44976 3.127 107.6 
-0.0342438 0.898052 74720 1 1.57656 0.504808 126 1 908 0.0208459 0.00627333 0.0247416 1.43639 3.12352 107.586 
-0.0430241 0.901145 74800 1 1.58594 0.503846 127 1 910 0.0209836 0.00603197 0.0263154 1.43364 3.11156 107.599 
-0.0203049 0.90459 74880 1 1.60312 0.502885 128 1 912 0.0211149 0.00655789 0.0259702 1.44277 3.11662 107.618 
-0.0315141 0.908573 74960 1 1.62708 0.503846 129 1 914 0.0209263 0.00644062 0.027354 1.4413 3.10193 107.644 
0.121061 0.937715 75001 1 1.6276 0.506731 130 1 915 0.0206545 0.00545575 0.0287437 1.4294 3.09335 107.632 
1.04038 0.822666 75081 1 1.6276 0.510577 131 1 917 0.0205283 0.0102153 0.0291191 1.47388 3.10306 107.722 
1.15924 0.723084 75162 1 1.6276 0.510577 132 1 919 0.0210212 0.0106672 0.0271119 1.48036 3.13079 107.77 
1.26135 0.599149 75240 1 1.6276 0.510577 133 0 921 0.021765 0.0137904 0.0249788 1.51493 3.15468 107.834 
1.27963 0.608371 75280 1 1.6276 0.510577 134 0 922 0.0221906 0.0139335 0.0264354 1.51452 3.1386 107.814 
1.28677 0.614625 75361 1 1.6276 0.510577 135 0 924 0.0215355 0.0124707 0.0286985 1.50306 3.1164 107.825 
1.28948 0.580513 75441 1 1.6276 0.510577 136 0 926 0.0225783 0.0122361 0.0269146 1.50673 3.13484 107.837 
1.2751 0.587676 75481 1 1.62031 0.500962 137 0 927 0.0222643 0.0120875 0.0279837 1.50406 3.12336 107.812 
1.27574 0.557591 75562 1 1.62031 0.500962 138 0 929 0.0223642 0.0105977 0.0268009 1.48532 3.13952 107.865 
1.31564 0.54444 75602 1 1.62031 0.500962 139 0 930 0.0224054 0.0159776 0.026285 1.54199 3.14443 107.843 
1.31564 0.54444 75602 1 1.62031 0.500962 140 0 930 0.0224054 0.0159776 0.026285 1.54199 3.14443 107.843 
1.30508 0.570505 75761 1 1.62031 0.500962 141 0 934 0.0235733 0.0135528 0.0272932 1.50385 3.12936 107.821 
1.3084 0.549906 75842 1 1.62031 0.500962 142 0 936 0.0229508 0.0149169 0.0254528 1.51371 3.14877 107.798 
1.2958 0.542928 75882 1 1.62031 0.500962 143 0 937 0.0231065 0.0125582 0.0249508 1.48853 3.1519 107.816 
1.30584 0.52754 75923 1 1.62031 0.500962 144 0 938 0.0228851 0.0139353 0.0236356 1.50389 3.16482 107.807 
1.30584 0.52754 75923 1 1.61823 0.501923 145 0 938 0.0228851 0.0139353 0.0236356 1.50389 3.16482 107.807 
1.30454 0.529689 76082 1 1.61615 0.501923 146 0 942 0.0227839 0.0146752 0.0239856 1.51394 3.15879 107.804 
1.31523 0.538204 76162 1 1.61615 0.501923 147 0 944 0.0226986 0.0137061 0.0234307 1.51321 3.16016 107.774 
1.27225 0.55421 76243 1 1.61615 0.501923 148 0 946 0.02308 0.0104809 0.023927 1.47848 3.15404 107.781 
1.27225 0.55421 76243 1 1.61615 0.501923 149 0 946 0.02308 0.0104809 0.023927 1.47848 3.15404 107.781 
1.27225 0.55421 76243 1 1.61615 0.501923 150 0 946 0.02308 0.0104809 0.023927 1.47848 3.15404 107.781 
1.29628 0.546447 76403 1 1.61615 0.501923 151 0 950 0.0226908 0.0119019 0.022511 1.48929 3.16441 107.804 
1.29476 0.551662 76483 1 1.61615 0.501923 152 0 952 0.0226251 0.0132201 0.0239721 1.49878 3.15716 107.806 
1.28937 0.56753 76563 1 1.61615 0.501923 153 0 954 0.0220771 0.0125047 0.0249694 1.48959 3.15034 107.797 
1.28937 0.56753 76563 1 1.61615 0.501923 154 0 954 0.0220771 0.0125047 0.0249694 1.48959 3.15034 107.797 
1.28182 0.557609 76603 1 1.61615 0.501923 155 0 955 0.0216226 0.0117612 0.024551 1.48289 3.15479 107.79 
1.28455 0.539596 76765 1 1.61615 0.501923 156 0 959 0.0221622 0.0119043 0.0231346 1.48536 3.16816 107.785 
1.28785 0.537203 76844 1 1.61615 0.501923 157 0 961 0.0220609 0.0129508 0.0217508 1.49467 3.18093 107.786 
1.28765 0.55794 76884 1 1.61615 0.501923 158 0 962 0.0218648 0.0103101 0.0237437 1.47215 3.15722 107.791 
1.28765 0.55794 76884 1 1.61615 0.501923 159 0 962 0.0218648 0.0103101 0.0237437 1.47215 3.15722 107.791 
0.628229 0.468904 77044 1 1.61615 0.501923 160 1 966 0.021777 0.00999467 0.022079 1.46788 3.16945 107.72 
0.641004 0.461585 77125 1 1.61615 0.501923 161 1 968 0.0221144 0.0120352 0.0226739 1.48817 3.16369 107.736 
0.645396 0.455607 77164 1 1.61615 0.501923 162 1 969 0.0228945 0.0120796 0.0229248 1.49199 3.16044 107.711 
0.614362 0.455735 77205 1 1.61615 0.501923 163 1 970 0.0224137 0.00677925 0.0229593 1.43783 3.15989 107.718 
0.614362 0.455735 77205 1 1.61615 0.501923 164 1 970 0.0224137 0.00677925 0.0229593 1.43783 3.15989 107.718 
0.609973 0.436102 77405 1 1.61615 0.501923 165 1 975 0.0228896 0.00922118 0.0239225 1.46952 3.15738 107.747 
0.622009 0.422554 77446 1 1.61615 0.501923 166 1 976 0.0227991 0.00725059 0.0233163 1.45264 3.16399 107.78 
0.600534 0.422908 77525 1 1.61615 0.501923 167 1 978 0.0225223 0.00775135 0.0246355 1.45241 3.15306 107.8 
0.611485 0.423831 77607 1 1.61615 0.501923 168 1 980 0.0229668 0.0106294 0.0243253 1.48073 3.15624 107.771 
0.611474 0.404931 77686 1 1.61563 0.501923 169 1 982 0.0222828 0.00769326 0.0241889 1.45777 3.16091 107.814 
0.61227 0.404883 77725 1 1.61563 0.501923 170 1 983 0.0226934 0.00903159 0.0237504 1.47551 3.16851 107.836 
0.628358 0.41037 77805 1 1.61563 0.501923 171 1 985 0.0228868 0.00892909 0.0246527 1.4761 3.15747 107.845 
0.616203 0.42004 77885 1 1.61563 0.501923 172 1 987 0.0219039 0.00809805 0.0264958 1.47069 3.14323 107.856 
0.606334 0.415925 77926 1 1.61563 0.501923 173 1 988 0.0221942 0.00693252 0.0262689 1.45774 3.14437 107.859 
0.623321 0.42139 78006 1 1.61563 0.501923 174 1 990 0.0227043 0.00867912 0.0265067 1.4744 3.14046 107.822 
0.620785 0.417889 78086 1 1.61563 0.501923 175 1 992 0.0230176 0.00933196 0.0261554 1.47619 3.14597 107.843 
0.624496 0.400166 78167 1 1.61563 0.501923 176 1 994 0.0229699 0.0107962 0.0250801 1.49446 3.15764 107.849 
0.622722 0.414524 78206 1 1.61563 0.501923 177 1 995 0.0232661 0.00883341 0.0249073 1.4687 3.15457 107.814 
0.628059 0.411951 78288 1 1.61563 0.501923 178 1 997 0.0226212 0.010913 0.0234883 1.48365 3.16221 107.755 
0.611234 0.420592 78367 1 1.61563 0.501923 179 1 999 0.0227955 0.00952932 0.0248615 1.46616 3.14992 107.748 
0.613008 0.416055 78407 1 1.61563 0.501923 180 1 1000 0.022342 0.0111281 0.0236503 1.48295 3.16112 107.774 
0.623789 0.416053 78487 1 1.61563 0.501923 181 1 1002 0.0225782 0.00779291 0.0233486 1.45969 3.16058 107.751 
0.62286 0.416228 78567 1 1.61563 0.501923 182 1 1004 0.023222 0.00959436 0.0228861 1.4756 3.16458 107.736 
0.630814 0.417456 78607 1 1.61563 0.501923 183 1 1005 0.0232347 0.00995235 0.0230052 1.47722 3.16183 107.702 
0.627862 0.409581 78688 1 1.61563 0.501923 184 1 1007 0.0228916 0.00879091 0.0228779 1.46672 3.16548 107.742 
0.627063 0.415964 78767 1 1.61563 0.501923 185 1 1009 0.0229449 0.0103489 0.023787 1.47856 3.15415 107.712 
0.554998 0.374695 78847 1 1.61563 0.501923 186 1 1011 0.0244134 0.0115371 0.0229704 1.44489 3.16946 107.992 
0.554451 0.361335 78887 1 1.61563 0.501923 187 1 1012 0.0242586 0.0110522 0.0218114 1.43492 3.18105 107.998 
0.552786 0.357158 78968 1 1.61563 0.501923 188 1 1014 0.0243559 0.0108373 0.0213985 1.43338 3.18538 107.997 
0.341414 0.371598 79048 1 1.61563 0.501923 189 1 1016 0.0238023 0.00976003 0.0218616 1.41795 3.17567 107.95 
0.299866 0.370442 79128 1 1.61563 0.501923 190 1 1018 0.0239185 0.0128833 0.0222651 1.45233 3.17147 107.933 
0.307529 0.369811 79168 1 1.61563 0.501923 191 1 1019 0.0243126 0.0146801 0.0219438 1.47325 3.17241 107.915 
0.305745 0.341284 79249 1 1.61563 0.501923 192 1 1021 0.0248193 0.0140893 0.0190679 1.47528 3.20219 107.937 
0.567911 0.395652 79328 1 1.61563 0.501923 193 1 1023 0.0243103 0.0140422 0.0201742 1.4725 3.19738 107.942 
0.554925 0.402988 79368 1 1.61563 0.501923 194 1 1024 0.0241871 0.012295 0.0212806 1.45159 3.18741 108.003 
0.615664 0.466479 79448 1 1.61563 0.501923 195 1 1026 0.02404 0.0123377 0.0201703 1.45813 3.20135 107.981 
0.594712 0.500329 79529 1 1.61563 0.501923 196 1 1028 0.023629 0.0136271 0.0212738 1.4676 3.19238 107.965 
0.585352 0.495228 79569 1 1.61563 0.501923 197 1 1029 0.0234295 0.0125951 0.0198387 1.45809 3.21072 108.005 
0.57243 0.516999 79649 1 1.61563 0.501923 198 1 1031 0.0238567 0.0102823 0.0219493 1.43705 3.19232 108.029 
0.576603 0.531651 79689 1 1.61563 0.501923 199 1 1032 0.023746 0.010223 0.0220665 1.44157 3.18889 108.028 
0.587909 0.5107 79771 1 1.61563 0.501923 200 1 1034 0.0240617 0.0127455 0.0218239 1.47332 3.19488 108.044 
0.557249 1.34331 79849 1 1.61563 0.501923 201 0 1036 0.0226324 0.0103336 0.0226893 1.4511 3.19215 108.034 
0.37581 2.42566 79930 1 1.61563 0.501923 202 0 1038 0.0238384 0.0133301 0.0234894 1.47757 3.19887 108.159 
0.000819171 2.51262 79970 1 1.61563 0.501923 203 0 1039 0.020981 0.0124485 0.0243479 1.47198 3.19673 108.136 
0.624853 3.49014 80052 1 1.61563 0.501923 204 0 1041 0.0124404 0.0066592 0.0356225 1.41124 3.07658 107.542 
0.413444 2.09288 80130 1 1.61563 0.501923 205 0 1043 0.0111344 -0.00807435 0.0568291 1.25377 2.88272 107.396 
0.386746 1.63643 80211 1 1.61563 0.501923 206 0 1045 0.0127592 -0.0113562 0.0662655 1.21277 2.85858 107.768 
0.412647 1.45644 80251 1 1.61563 0.501923 207 0 1046 0.0150375 -0.00768798 0.0701862 1.24614 2.86435 108.027 
0.412647 1.45644 80251 1 1.61563 0.501923 208 0 1046 0.0150375 -0.00768798 0.0701862 1.24614 2.86435 108.027 
0.416605 1.27427 80290 1 1.61563 0.501923 209 0 1047 0.0156652 -0.00921002 0.0707728 1.22785 2.91505 108.51 
0.392338 1.3209 80451 1 1.61563 0.501923 210 0 1051 0.0161912 -0.0204877 0.104644 1.06573 2.75468 109.301 
0.393316 1.29115 80531 1 1.61563 0.501923 211 0 1053 0.0166583 -0.015335 0.110705 1.07794 2.77399 109.665 
0.3674 1.3301 80571 1 1.61563 0.501923 212 0 1054 0.0167445 -0.0149934 0.116585 1.05425 2.74285 109.712 
0.3674 1.3301 80571 1 1.61563 0.501923 213 0 1054 0.0167445 -0.0149934 0.116585 1.05425 2.74285 109.712 
0.433255 1.27935 80731 1 1.61563 0.501923 214 0 1058 0.01219 -0.00220606 0.128386 1.07564 2.74763 109.948 
0.473432 0.796259 80812 1 1.61563 0.501923 215 1 1060 0.0144906 0.00140391 0.128686 1.08262 2.72422 109.656 
0.432781 0.624783 80893 1 1.61563 0.501923 216 1 1062 0.0146044 -0.0045708 0.120996 1.00819 2.7875 109.635 
0.432781 0.624783 80893 1 1.61563 0.501923 217 1 1062 0.0146044 -0.0045708 0.120996 1.00819 2.7875 109.635 
0.345145 0.520085 81011 1 1.61563 0.501923 218 1 1065 0.0200423 -0.00627503 0.11711 1.05342 2.76407 109.459 
0.350051 0.568006 81092 1 1.61563 0.501923 219 1 1067 0.0214623 -0.00800066 0.118253 1.07448 2.71746 109.306 
0.319388 0.558396 81173 1 1.61563 0.501923 220 1 1069 0.0218985 -0.0139683 0.115288 1.04589 2.73124 109.294 
0.299786 0.514128 81212 1 1.61563 0.501923 221 1 1070 0.022555 -0.0131956 0.115089 1.07691 2.73219 109.381 
0.257478 0.45649 81292 1 1.61563 0.501923 222 1 1072 0.0236875 -0.0199781 0.108819 1.03469 2.77442 109.438 
0.254538 0.416129 81373 1 1.61563 0.501923 223 1 1074 0.0266782 -0.0173724 0.100357 1.08316 2.83411 109.509 
0.264256 0.382723 81412 1 1.61563 0.501923 224 1 1075 0.0284867 -0.0167544 0.0968786 1.10654 2.85625 109.511 
0.27221 0.347774 81493 1 1.61563 0.501923 225 1 1077 0.0292444 -0.0202307 0.0941529 1.10129 2.86568 109.517 
0.279321 0.319167 81573 1 1.61563 0.501923 226 1 1079 0.0309461 -0.0204992 0.0930199 1.10486 2.87782 109.511 
0.287924 0.328714 81613 1 1.61563 0.501923 227 1 1080 0.0301995 -0.0196294 0.0943775 1.11458 2.86323 109.488 
0.487653 0.308513 81694 1 1.61563 0.501923 228 1 1082 0.0323098 -0.0199752 0.0942579 1.10079 2.86573 109.454 
0.871854 0.241835 81774 1 1.61563 0.501923 229 1 1084 0.034737 -0.0123831 0.0919852 1.16158 2.89963 109.504 
0.865875 0.217206 81814 1 1.61563 0.501923 230 1 1085 0.0351219 -0.0144252 0.0911425 1.14328 2.91244 109.558 
0.837673 0.208476 81893 1 1.61563 0.501923 231 1 1087 0.0337976 -0.0198205 0.0912506 1.10017 2.91115 109.55 
0.905149 0.149235 81973 1 1.61563 0.501923 232 1 1089 0.0360679 -0.0139927 0.0903205 1.1611 2.91683 109.601 
0.897929 0.12811 82013 1 1.61563 0.501923 233 1 1090 0.0352775 -0.0181712 0.0883847 1.11793 2.93099 109.569 
0.889746 0.136751 82094 1 1.61563 0.501923 234 1 1092 0.0350971 -0.0214106 0.0888097 1.0834 2.91748 109.556 
0.889544 0.14301 82174 1 1.61563 0.501923 235 1 1094 0.0341475 -0.0194183 0.0899756 1.09849 2.90405 109.55 
0.873005 0.213403 82254 1 1.61563 0.501923 236 1 1096 0.0335794 -0.0199711 0.0896891 1.11932 2.90427 109.535 
0.837176 0.268028 82294 1 1.61563 0.501923 237 1 1097 0.032188 -0.0216623 0.0898493 1.10628 2.89651 109.452 
0.856207 0.29473 82374 1 1.61563 0.501923 238 1 1099 0.0322931 -0.0194792 0.0916675 1.13286 2.87478 109.441 
0.854208 0.319652 82455 1 1.61563 0.501923 239 1 1101 0.0328672 -0.0221298 0.0926173 1.11349 2.86625 109.4 
0.861937 0.348307 82495 1 1.61563 0.501923 240 1 1102 0.0323881 -0.0243007 0.0925073 1.09212 2.86257 109.386 
0.857082 0.361575 82575 1 1.61563 0.501923 241 1 1104 0.0333129 -0.0236383 0.0935497 1.09339 2.85292 109.354 
0.847864 0.359765 82655 1 1.61563 0.501923 242 1 1106 0.0316884 -0.0231419 0.0932219 1.09407 2.86318 109.421 
0.829453 0.493778 82695 1 1.61563 0.501923 243 1 1107 0.0308985 -0.0188036 0.0926127 1.14093 2.86959 109.31 
0.695131 0.668046 82775 1 1.61563 0.501923 244 1 1109 0.030078 -0.0226353 0.0925778 1.09739 2.87825 109.393 
0.697722 0.682668 82857 1 1.61563 0.501923 245 1 1111 0.0305467 -0.0220768 0.0933954 1.10017 2.87287 109.427 
0.583266 0.667308 82936 1 1.61563 0.501923 246 1 1113 0.0308161 -0.0215021 0.0927542 1.1038 2.88062 109.463 
0.582321 0.675159 82976 1 1.61563 0.501923 247 1 1114 0.0309917 -0.0217721 0.0938231 1.10508 2.8688 109.453 
0.567894 0.668129 83056 1 1.61563 0.501923 248 1 1116 0.0314175 -0.0251984 0.092035 1.07107 2.88588 109.479 
0.565399 0.668458 83135 1 1.61563 0.501923 249 1 1118 0.0316572 -0.0208498 0.0916552 1.1088 2.88531 109.446 
0.551128 0.691001 83176 1 1.61563 0.501923 250 1 1119 0.0314919 -0.0223514 0.0931431 1.09001 2.86805 109.407 
0.555908 0.672814 83256 1 1.61563 0.501923 251 1 1121 0.0309767 -0.0233674 0.0920736 1.07276 2.87688 109.409 
0.564679 0.659758 83337 1 1.61563 0.501923 252 1 1123 0.031459 -0.0213385 0.0912859 1.081 2.8908 109.472 
0.555377 0.673628 83416 1 1.61563 0.501923 253 1 1125 0.030634 -0.0208179 0.0925721 1.08272 2.87946 109.513 
0.584279 0.652231 83496 1 1.61563 0.501923 254 1 1127 0.0310165 -0.0219639 0.0917951 1.07009 2.88274 109.507 
0.587088 0.637317 83537 1 1.61563 0.501923 255 1 1128 0.0312153 -0.0229415 0.0912733 1.05987 2.88519 109.519 
0.593366 0.60461 83617 1 1.61563 0.501923 256 1 1130 0.0322908 -0.0209488 0.0906907 1.08202 2.89071 109.508 
0.600615 0.591266 83697 1 1.61563 0.501923 257 1 1132 0.0320561 -0.0225164 0.0909658 1.07281 2.88366 109.476 
0.601394 0.580477 83737 1 1.61563 0.501923 258 1 1133 0.0328288 -0.0231096 0.0910092 1.06902 2.88029 109.437 
0.324747 0.44189 83816 1 1.61563 0.501923 259 1 1135 0.0323658 -0.0208896 0.0899999 1.08643 2.88179 109.426 
0.33917 0.400767 83897 1 1.61563 0.501923 260 1 1137 0.0331636 -0.0171195 0.0912719 1.12432 2.85798 109.353 
0.33419 0.414001 83937 1 1.61563 0.501923 261 1 1138 0.0331921 -0.0182061 0.0913586 1.10942 2.85185 109.339 
0.300307 0.411359 84017 1 1.61563 0.501923 262 1 1140 0.0337011 -0.0179434 0.0912024 1.11159 2.84747 109.247 
0.300307 0.411359 84017 1 1.61563 0.501923 263 1 1140 0.0337011 -0.0179434 0.0912024 1.11159 2.84747 109.247 
0.297513 0.413227 84138 1 1.61563 0.501923 264 1 1143 0.0343726 -0.0172834 0.0929689 1.1145 2.83186 109.291 
0.292266 0.395738 84217 1 1.61563 0.501923 265 1 1145 0.0339639 -0.0180738 0.0921492 1.10654 2.84194 109.329 
0.289604 0.401882 84299 1 1.61563 0.501923 266 1 1147 0.0338354 -0.0189285 0.0915278 1.09698 2.8453 109.328 
0.294284 0.381349 84338 1 1.61563 0.501923 267 1 1148 0.0344841 -0.0183165 0.0896823 1.09896 2.86677 109.293 
0.305349 0.365603 84418 1 1.61563 0.501923 268 1 1150 0.0340078 -0.0152064 0.0902348 1.13288 2.86688 109.291 
0.310518 0.391855 84498 1 1.61563 0.501923 269 1 1152 0.0346111 -0.017932 0.0918542 1.11283 2.84449 109.238 
0.318316 0.392393 84580 1 1.61563 0.501923 270 1 1154 0.0343203 -0.0169735 0.0924524 1.12717 2.84228 109.275 
0.282086 0.367224 84658 1 1.61563 0.501923 271 1 1156 0.0343049 -0.0196184 0.0904358 1.10027 2.86349 109.233 
0.294438 0.363496 84698 1 1.61563 0.501923 272 1 1157 0.034442 -0.0174322 0.0913854 1.12894 2.85498 109.256 
0.276096 0.366968 84779 1 1.61563 0.501923 273 1 1159 0.0350278 -0.0207588 0.0933998 1.09701 2.83655 109.258 
0.288205 0.365263 84859 1 1.61563 0.501923 274 1 1161 0.0355561 -0.017278 0.0932764 1.1277 2.84685 109.321 
0.273899 0.364604 84899 1 1.61563 0.501923 275 1 1162 0.0349311 -0.019828 0.0929122 1.10485 2.85177 109.343 
0.277204 0.369171 84979 1 1.61563 0.501923 276 1 1164 0.0355875 -0.0193881 0.0925825 1.10605 2.85914 109.358 
0.269281 0.388361 85060 1 1.61563 0.501923 277 1 1166 0.0352897 -0.0188116 0.0939164 1.10488 2.84587 109.379 
0.265704 0.391384 85099 1 1.61563 0.501923 278 1 1167 0.0353036 -0.0212163 0.0942434 1.08129 2.84406 109.331 
0.260471 0.371643 85180 1 1.61563 0.501923 279 1 1169 0.035288 -0.0210628 0.0921251 1.08465 2.8699 109.369 
0.267855 0.366696 85260 1 1.61563 0.501923 280 1 1171 0.035995 -0.0190218 0.0924332 1.11171 2.86886 109.389 
0.272552 0.354586 85300 1 1.61563 0.501923 281 1 1172 0.0358216 -0.0201114 0.0924354 1.10469 2.87178 109.406 
0.360073 0.355163 85380 1 1.61563 0.501923 282 1 1174 0.0364767 -0.0195558 0.0938671 1.10553 2.8627 109.435 
0.369299 0.330899 85461 1 1.61563 0.501923 283 1 1176 0.0366108 -0.0192225 0.0910934 1.10484 2.89475 109.416 
0.352103 0.329206 85500 1 1.61563 0.501923 284 1 1177 0.0366604 -0.0212812 0.0910611 1.07932 2.89514 109.424 
0.371128 0.32998 85580 1 1.61563 0.501923 285 1 1179 0.035873 -0.0166911 0.0919648 1.11484 2.88734 109.426 
0.383891 0.620684 85661 1 1.61563 0.501923 286 1 1181 0.0353878 -0.0171119 0.0904721 1.10357 2.91265 109.468 
0.448054 2.37724 85701 1 1.61563 0.501923 287 0 1182 0.0353878 -0.0171119 0.0904721 1.10357 2.91265 109.468 
0.101244 2.34384 85781 1 1.61563 0.501923 288 0 1184 0.0336078 -0.0287116 0.0904751 0.976502 2.93659 109.757 
0.310744 1.52296 85860 1 1.61563 0.501923 289 0 1186 0.0331838 -0.0192967 0.0898045 1.07394 2.95493 109.644 
0.340523 1.32196 85901 1 1.61563 0.501923 290 0 1187 0.0315472 -0.020607 0.0908216 1.06582 2.94195 109.619 
0.354189 1.1383 85981 1 1.61563 0.501923 291 1 1189 0.0322529 -0.0210272 0.0904424 1.06195 2.93817 109.634 
0.349903 1.05577 86063 1 1.61563 0.501923 292 1 1191 0.0335698 -0.018562 0.0912675 1.08465 2.9285 109.6 
0.350558 0.992439 86101 1 1.61563 0.501923 293 1 1192 0.0333555 -0.0193098 0.0905801 1.07177 2.93535 109.602 
0.361966 0.958921 86182 1 1.61563 0.501923 294 1 1194 0.0336399 -0.0178435 0.0909948 1.08525 2.92435 109.532 
0.389781 1.02412 86262 1 1.61563 0.501923 295 1 1196 0.0329853 -0.018585 0.0899431 1.07677 2.93599 109.543 
0.375643 1.0687 86301 1 1.61563 0.501923 296 1 1197 0.0325147 -0.0193399 0.0922824 1.06423 2.91163 109.504 
0.392291 1.01252 86382 1 1.61563 0.501923 297 1 1199 0.0333378 -0.0185543 0.0885798 1.06744 2.9533 109.533 
0.382895 1.02033 86462 1 1.61563 0.501923 298 1 1201 0.032821 -0.0186225 0.0894318 1.06386 2.94211 109.527 
0.37365 1.04175 86502 1 1.61563 0.501923 299 1 1202 0.0330789 -0.0198193 0.0915122 1.04845 2.91838 109.532 
0.373993 1.01994 86583 1 1.61563 0.501923 300 1 1204 0.0317927 -0.0184716 0.0896789 1.06289 2.94337 109.538 
0.367462 1.03958 86663 1 1.61563 0.501923 301 1 1206 0.0324919 -0.0199307 0.0911041 1.04959 2.92465 109.543 
0.38091 1.04103 86703 1 1.61563 0.501923 302 1 1207 0.0330779 -0.0184907 0.0907719 1.07014 2.92707 109.51 
0.402498 1.05908 86783 1 1.61563 0.501923 303 1 1209 0.0329783 -0.0184483 0.0915433 1.06884 2.92025 109.53 
0.423583 1.17742 86863 1 1.61563 0.501923 304 1 1211 0.0324754 -0.0167882 0.0898497 1.08909 2.94109 109.469 
0.435809 1.16027 86903 1 1.61563 0.501923 305 1 1212 0.032348 -0.0175991 0.0882053 1.08103 2.96128 109.536 
0.388446 1.17261 86983 1 1.61563 0.501923 306 1 1214 0.0325072 -0.0196059 0.0886017 1.05478 2.95911 109.511 
0.411796 1.18634 87065 1 1.61563 0.501923 307 1 1216 0.0325764 -0.0189584 0.0895873 1.0617 2.95349 109.525 
0.383042 1.19819 87144 1 1.61563 0.501923 308 1 1218 0.0322175 -0.0214671 0.0918269 1.04086 2.93171 109.547 
0.383042 1.19819 87144 1 1.61563 0.501923 309 1 1218 0.0322175 -0.0214671 0.0918269 1.04086 2.93171 109.547 
0.383042 1.19819 87144 1 1.61563 0.501923 310 1 1218 0.0322175 -0.0214671 0.0918269 1.04086 2.93171 109.547 
0.426392 1.18541 87344 1 1.61563 0.501923 311 1 1223 0.0328879 -0.0200926 0.0923018 1.05955 2.93355 109.602 
0.422137 1.15964 87384 1 1.61563 0.501923 312 1 1224 0.0330397 -0.0189872 0.0915195 1.07186 2.9429 109.66 
0.396517 1.15287 87464 1 1.61563 0.501923 313 1 1226 0.0329679 -0.0201359 0.0917117 1.06451 2.94505 109.685 
0.401718 1.1668 87544 1 1.61563 0.501923 314 1 1228 0.0326369 -0.0217634 0.0936834 1.05297 2.9259 109.659 
0.426628 1.14338 87584 1 1.61563 0.501923 315 1 1229 0.0336082 -0.0189165 0.0950585 1.07765 2.91086 109.627 
0.407058 1.11622 87665 1 1.61563 0.501923 316 1 1231 0.0332919 -0.0228159 0.0930294 1.04068 2.93433 109.697 
0.436609 1.11855 87746 1 1.61563 0.501923 317 1 1233 0.0337144 -0.0211521 0.0937811 1.06107 2.92628 109.672 
0.405245 1.06066 87825 1 1.61563 0.501923 318 1 1235 0.0332642 -0.0174105 0.0931971 1.09361 2.93495 109.703 
0.387474 1.07203 87864 1 1.61563 0.501923 319 1 1236 0.0341572 -0.0219474 0.0933192 1.04514 2.93072 109.65 
0.395162 1.04301 87945 1 1.61563 0.501923 320 1 1238 0.0340199 -0.0208958 0.0920627 1.05152 2.94168 109.676 
0.407073 1.04709 88025 1 1.61563 0.501923 321 1 1240 0.0341151 -0.0188689 0.093881 1.06889 2.92053 109.633 
0.357858 0.997652 88065 1 1.61563 0.501923 322 1 1241 0.0340173 -0.0201282 0.0927554 1.05072 2.9294 109.648 
0.372189 0.950485 88145 1 1.61563 0.501923 323 1 1243 0.0339414 -0.0173633 0.0922957 1.08131 2.93362 109.662 
0.361886 0.938099 88226 1 1.61563 0.501923 324 1 1245 0.0343293 -0.0200417 0.091691 1.05275 2.93671 109.65 
0.378307 0.922096 88266 1 1.61563 0.501923 325 1 1246 0.0347152 -0.017511 0.0916046 1.08147 2.93748 109.59 
0.354674 0.904435 88346 1 1.61563 0.501923 326 1 1248 0.0347251 -0.0192026 0.0910841 1.0589 2.93949 109.573 
0.345578 0.872857 88426 1 1.61563 0.501923 327 1 1250 0.0348736 -0.0225118 0.0902402 1.01726 2.94777 109.548 
0.350395 0.8804 88466 1 1.61563 0.501923 328 1 1251 0.034523 -0.0207551 0.0910525 1.03389 2.94017 109.568 
0.321004 0.88206 88546 1 1.61563 0.501923 329 1 1253 0.033885 -0.023022 0.0920613 1.00486 2.93237 109.61 
0.34523 0.852189 88626 1 1.61563 0.501923 330 1 1255 0.0348563 -0.0209956 0.0900003 1.02241 2.95476 109.582 
0.323612 0.864422 88666 1 1.61563 0.501923 331 1 1256 0.0343054 -0.022897 0.0917252 1.0016 2.93593 109.61 
0.347191 0.838777 88747 1 1.61563 0.501923 332 1 1258 0.0344396 -0.020703 0.0906674 1.01977 2.94869 109.579 
0.363721 0.839157 88827 1 1.61563 0.501923 333 1 1260 0.0340395 -0.0184462 0.0929054 1.04537 2.92461 109.638 
0.357657 0.813246 88867 1 1.61563 0.501923 334 1 1261 0.0344965 -0.020396 0.0898384 1.03013 2.95653 109.607 
0.351969 0.812856 88947 1 1.61563 0.501923 335 1 1263 0.0353082 -0.022253 0.090229 1.01174 2.95275 109.633 
0.354888 0.822155 89027 1 1.61563 0.501923 336 1 1265 0.0349575 -0.0205387 0.0910011 1.02735 2.94299 109.626 
0.351593 0.825915 89067 1 1.61563 0.501923 337 1 1266 0.0346391 -0.0209401 0.0914607 1.0207 2.93771 109.626 
0.35983 0.810705 89147 1 1.61563 0.501923 338 1 1268 0.0344128 -0.0214947 0.0901795 1.01714 2.95384 109.577 
0.34927 0.83078 89228 1 1.61563 0.501923 339 1 1270 0.0348885 -0.0206401 0.0915578 1.0244 2.93868 109.582 
0.345095 0.843751 89268 1 1.61563 0.501923 340 1 1271 0.0347203 -0.0224009 0.0922601 1.00486 2.93176 109.609 
0.418299 1.06429 89349 1 1.61563 0.501923 341 1 1273 0.0342631 -0.0195643 0.0904319 1.03588 2.95483 109.577 
0.405157 1.05243 89427 1 1.61563 0.501923 342 1 1275 0.0338586 -0.0203854 0.0893606 1.02534 2.97209 109.612 
0.653597 3.52832 89508 1 1.61563 0.501923 343 0 1277 0.0329687 -0.0205534 0.0896014 1.02346 2.97668 109.622 
0.510274 3.45004 89548 1 1.61563 0.501923 344 0 1278 0.0331059 -0.0292753 0.0927791 0.9414 2.95489 109.908 
0.378625 2.08658 89628 1 1.61563 0.501923 345 0 1280 0.0314472 -0.020631 0.0907616 1.04401 2.98121 109.767 
0.390916 1.7484 89710 1 1.61563 0.501923 346 0 1282 0.0326204 -0.0199091 0.0909888 1.05972 2.97983 109.749 
0.394278 1.65784 89749 1 1.61563 0.501923 347 0 1283 0.0326201 -0.0210055 0.0932664 1.04965 2.9562 109.748 
0.394293 1.52473 89829 1 1.61563 0.501923 348 0 1285 0.0332035 -0.0209962 0.0928833 1.04942 2.95851 109.706 
0.384422 1.49269 89869 1 1.61563 0.501923 349 0 1286 0.0337959 -0.0226459 0.0934102 1.03216 2.95368 109.71 
0.384422 1.49269 89869 1 1.61563 0.501923 350 0 1286 0.0337959 -0.0226459 0.0934102 1.03216 2.95368 109.71 
0.359495 1.34981 90029 1 1.61563 0.501923 351 0 1290 0.0336184 -0.0217345 0.0956631 1.0353 2.93148 109.698 
0.350651 1.29932 90109 1 1.61563 0.501923 352 0 1292 0.0337961 -0.023266 0.0951731 1.01441 2.93843 109.731 
0.332361 1.27374 90149 1 1.61563 0.501923 353 0 1293 0.0337954 -0.0247751 0.094502 0.997242 2.9457 109.722 
0.36731 1.23578 90189 1 1.61563 0.501923 354 0 1294 0.0335285 -0.0212166 0.0937335 1.03561 2.95419 109.721 
0.36731 1.23578 90189 1 1.61563 0.501923 355 0 1294 0.0335285 -0.0212166 0.0937335 1.03561 2.95419 109.721 
0.37297 1.21472 90349 1 1.61563 0.501923 356 0 1298 0.0342619 -0.0221951 0.0949058 1.01249 2.94065 109.674 
0.376389 1.19723 90429 1 1.61563 0.501923 357 1 1300 0.0345623 -0.0201466 0.0960491 1.03441 2.92525 109.708 
0.36895 1.16687 90510 1 1.61563 0.501923 358 1 1302 0.0350264 -0.0238823 0.0959188 0.982767 2.92399 109.681 
0.36895 1.16687 90510 1 1.61563 0.501923 359 1 1302 0.0350264 -0.0238823 0.0959188 0.982767 2.92399 109.681 
0.36895 1.16687 90510 1 1.61563 0.501923 360 1 1302 0.0350264 -0.0238823 0.0959188 0.982767 2.92399 109.681 
0.376339 1.14324 90711 1 1.61563 0.501923 361 1 1307 0.0338873 -0.0233928 0.0974379 0.971036 2.91235 109.629 
0.360127 1.1515 90750 1 1.61563 0.501923 362 1 1308 0.0339909 -0.0272901 0.0971238 0.922724 2.91537 109.632 
0.358342 1.13215 90830 1 1.61563 0.501923 363 1 1310 0.0339037 -0.024818 0.0959585 0.946597 2.93033 109.692 
0.33747 1.06221 90910 1 1.61563 0.501923 364 1 1312 0.0339021 -0.0251922 0.0947782 0.935982 2.93946 109.682 
0.344812 1.06656 90950 1 1.61563 0.501923 365 1 1313 0.0334526 -0.025539 0.095001 0.929835 2.93331 109.619 
0.367947 1.06271 91030 1 1.61563 0.501923 366 1 1315 0.0337092 -0.023617 0.0962512 0.952731 2.9196 109.637 
0.330958 1.04309 91111 1 1.61563 0.501923 367 1 1317 0.0336068 -0.026063 0.0946047 0.931951 2.9359 109.621 
0.337413 1.04563 91151 1 1.61563 0.501923 368 1 1318 0.033652 -0.0254056 0.0945868 0.941017 2.93297 109.602 
0.373794 1.01791 91231 1 1.61563 0.501923 369 1 1320 0.0346822 -0.0228941 0.093591 0.973604 2.94513 109.644 
0.368013 1.01493 91312 1 1.61563 0.501923 370 1 1322 0.0336668 -0.0248148 0.0928067 0.950057 2.95096 109.615 
0.372353 1.06934 91351 1 1.61563 0.501923 371 1 1323 0.0335328 -0.0242413 0.0956757 0.956888 2.91984 109.615 
0.386204 1.09933 91431 1 1.61563 0.501923 372 1 1325 0.0333122 -0.0274588 0.0926595 0.923376 2.95425 109.633 
0.38455 1.1109 91511 1 1.61563 0.501923 373 1 1327 0.0336301 -0.0255437 0.0955245 0.94218 2.92628 109.599 
0.394895 1.09181 91551 1 1.61563 0.501923 374 1 1328 0.0343389 -0.0244972 0.0921935 0.94847 2.96285 109.628 
0.374955 1.08887 91632 1 1.61563 0.501923 375 1 1330 0.0332148 -0.0254557 0.0928211 0.936245 2.95625 109.63 
0.390978 1.09906 91672 1 1.61563 0.501923 376 1 1331 0.0335763 -0.0260378 0.0951953 0.928916 2.9315 109.606 
0.377352 1.1287 91753 1 1.61563 0.501923 377 1 1333 0.0335964 -0.0239889 0.0929459 0.947103 2.95435 109.679 
0.383761 1.1411 91832 1 1.61563 0.501923 378 1 1335 0.0333198 -0.0251059 0.093552 0.935031 2.94896 109.612 
0.387056 1.12481 91912 1 1.61563 0.501923 379 1 1337 0.0329265 -0.0235594 0.0924665 0.954723 2.9626 109.631 
0.365308 1.12987 91952 1 1.61563 0.501923 380 1 1338 0.0329543 -0.0272892 0.0935017 0.924546 2.95034 109.635 
0.40184 1.12647 92033 1 1.61563 0.501923 381 1 1340 0.033593 -0.0220907 0.0935487 0.980117 2.95353 109.67 
0.405475 1.12721 92073 1 1.61563 0.501923 382 1 1341 0.0324609 -0.0214808 0.094482 0.993361 2.94349 109.666 
0.390654 1.15733 92153 1 1.61563 0.501923 383 1 1343 0.0332616 -0.023441 0.0957551 0.973783 2.93315 109.649 
0.405655 1.16722 92233 1 1.61563 0.501923 384 1 1345 0.03275 -0.0204958 0.0971038 1.01221 2.92224 109.637 
0.424567 1.17062 92313 1 1.61563 0.501923 385 1 1347 0.0330078 -0.0225019 0.0963534 0.986084 2.93022 109.622 
0.417906 1.15833 92353 1 1.61563 0.501923 386 1 1348 0.0331181 -0.0206738 0.0957275 1.00477 2.94176 109.619 
0.447543 1.16109 92433 1 1.61563 0.501923 387 1 1350 0.0329419 -0.0191336 0.0967454 1.0153 2.93572 109.677 
0.430884 1.16188 92514 1 1.61563 0.501923 388 1 1352 0.0330029 -0.0223517 0.0967404 0.981209 2.93538 109.649 
0.424627 1.12823 92554 1 1.61563 0.501923 389 1 1353 0.0330031 -0.0245367 0.0940369 0.955416 2.96411 109.693 
0.418354 1.16774 92634 1 1.61563 0.501923 390 1 1355 0.0331851 -0.0227487 0.0980059 0.974009 2.92713 109.679 
0.427856 1.15932 92674 1 1.61563 0.501923 391 1 1356 0.033345 -0.0227385 0.0987106 0.974478 2.92307 109.732 
0.423332 1.14369 92754 1 1.61563 0.501923 392 1 1358 0.033884 -0.0216554 0.0964977 0.988375 2.94154 109.685 
0.414441 1.14232 92834 1 1.61563 0.501923 393 1 1360 0.0336364 -0.0243594 0.0962922 0.966385 2.94398 109.704 
0.445078 1.12397 92874 1 1.61563 0.501923 394 1 1361 0.0340786 -0.0196079 0.0963703 1.01742 2.94131 109.695 
0.436732 1.14167 92954 1 1.61563 0.501923 395 1 1363 0.0334675 -0.0196122 0.0971853 1.01325 2.93148 109.656 
0.431987 1.14849 93035 1 1.61563 0.501923 396 1 1365 0.0330705 -0.0213044 0.0966573 0.989314 2.93242 109.685 
0.445475 1.16125 93075 1 1.61563 0.501923 397 1 1366 0.0329354 -0.0226623 0.0988287 0.969877 2.90745 109.608 
0.423369 1.15577 93155 1 1.61563 0.501923 398 1 1368 0.0336331 -0.0238683 0.0961744 0.941053 2.93965 109.633 
0.378186 1.18414 93234 1 1.61563 0.501923 399 1 1370 0.0327794 -0.0255742 0.0975992 0.924094 2.9209 109.571 
0.381166 1.15879 93274 1 1.61563 0.501923 400 1 1371 0.0329817 -0.0224438 0.0938939 0.954544 2.95945 109.67 
0.40271 1.20921 93355 1 1.61563 0.501923 401 0 1373 0.0325522 -0.0238595 0.0964261 0.939347 2.927 109.566 
0.787283 4.4646 93435 1 1.61563 0.501923 402 0 1375 0.0335637 -0.0358079 0.100588 0.832009 2.89405 109.815 
0.515742 2.5032 93515 1 1.61563 0.501923 403 0 1377 0.0325941 -0.0393355 0.0995619 0.793008 2.90938 109.945 
0.287716 2.31136 93555 1 1.61563 0.501923 404 0 1378 0.0331978 -0.0408749 0.100392 0.77951 2.89866 109.925 
0.40733 1.85509 93636 1 1.61563 0.501923 405 0 1380 0.0319912 -0.0241886 0.0938435 0.954471 2.97278 109.715 
0.40733 1.85509 93636 1 1.61563 0.501923 406 0 1380 0.0319912 -0.0241886 0.0938435 0.954471 2.97278 109.715 
0.40733 1.85509 93636 1 1.61563 0.501923 407 0 1380 0.0319912 -0.0241886 0.0938435 0.954471 2.97278 109.715 
0.398459 1.57502 93837 1 1.61563 0.501923 408 0 1385 0.0324314 -0.0234177 0.0949614 0.951586 2.95101 109.617 
0.364332 1.58836 93876 1 1.61563 0.501923 409 0 1386 0.0327202 -0.0227417 0.0951389 0.958927 2.94732 109.596 
0.382232 1.48665 93956 1 1.61563 0.501923 410 0 1388 0.0328831 -0.0246078 0.0940812 0.938663 2.96548 109.642 
0.382232 1.48665 93956 1 1.61563 0.501923 411 0 1388 0.0328831 -0.0246078 0.0940812 0.938663 2.96548 109.642 
0.363212 1.46009 94076 1 1.61563 0.501923 412 0 1391 0.0322596 -0.0229084 0.0931778 0.957856 2.96991 109.57 
0.365441 1.42865 94158 1 1.61563 0.501923 413 0 1393 0.0324475 -0.0247887 0.0937697 0.935555 2.96161 109.617 
0.375873 1.39157 94237 1 1.61563 0.501923 414 0 1395 0.0326848 -0.0238978 0.0937304 0.942949 2.96307 109.609 
0.36368 1.3972 94277 1 1.61563 0.501923 415 0 1396 0.0324787 -0.0229987 0.0951867 0.959535 2.94444 109.591 
0.36368 1.3972 94277 1 1.61563 0.501923 416 0 1396 0.0324787 -0.0229987 0.0951867 0.959535 2.94444 109.591 
0.385353 1.06913 94438 1 1.61563 0.501923 417 1 1400 0.0343128 -0.021515 0.0949718 0.988992 2.94323 109.607 
0.404777 1.03901 94477 1 1.61563 0.501923 418 1 1401 0.0336174 -0.0228933 0.0956226 0.978262 2.93686 109.636 
0.401967 0.999621 94557 1 1.61563 0.501923 419 1 1403 0.0345084 -0.0217592 0.0950458 1.00003 2.94416 109.621 
0.416539 0.988703 94597 1 1.61563 0.501923 420 1 1404 0.0342569 -0.0208626 0.0960455 1.01396 2.93332 109.567 
0.416539 0.988703 94597 1 1.61563 0.501923 421 1 1404 0.0342569 -0.0208626 0.0960455 1.01396 2.93332 109.567 
0.339918 0.95997 94758 1 1.61563 0.501923 422 1 1408 0.0345613 -0.0212856 0.0983256 1.01819 2.91193 109.575 
0.353349 0.919794 94838 1 1.61563 0.501923 423 1 1410 0.0356237 -0.0208409 0.0954679 1.01853 2.94299 109.661 
0.358526 0.913915 94878 1 1.61563 0.501923 424 1 1411 0.0347095 -0.019472 0.0968071 1.03483 2.93164 109.659 
0.3507 0.908636 94958 1 1.61563 0.501923 425 1 1413 0.0349776 -0.0211129 0.0974649 1.01638 2.92562 109.663 
0.341859 0.911042 95039 1 1.61563 0.501923 426 1 1415 0.0349187 -0.022287 0.0982818 1.00699 2.91923 109.676 
0.336595 0.906074 95078 1 1.61563 0.501923 427 1 1416 0.0347726 -0.0225156 0.0987731 1.00677 2.91471 109.723 
0.350446 0.888599 95160 1 1.61563 0.501923 428 1 1418 0.0356474 -0.02244 0.097518 1.01779 2.92439 109.644 
0.348827 0.874101 95239 1 1.61563 0.501923 429 1 1420 0.0361238 -0.0229171 0.0988556 1.0146 2.91353 109.718 
0.365507 0.84928 95318 1 1.61563 0.501923 430 1 1422 0.0364368 -0.0220278 0.100596 1.02961 2.89656 109.646 
0.320677 0.764814 95358 1 1.61563 0.501923 431 1 1423 0.0365115 -0.0244265 0.100249 1.00402 2.89581 109.619 
0.325784 0.648687 95439 1 1.61563 0.501923 432 1 1425 0.0360801 -0.0229256 0.0992585 1.01937 2.90113 109.627 
0.346094 0.613443 95519 1 1.61563 0.501923 433 1 1427 0.0361818 -0.0211429 0.0981222 1.03648 2.91307 109.622 
0.342294 0.625953 95559 1 1.61563 0.501923 434 1 1428 0.0364947 -0.0209396 0.099471 1.03839 2.89688 109.666 
0.331396 0.599888 95639 1 1.61563 0.501923 435 1 1430 0.0363001 -0.0207647 0.0977377 1.02816 2.90963 109.557 
0.237993 0.629912 95720 1 1.61563 0.501923 436 1 1432 0.0362207 -0.0227296 0.0986584 1.00552 2.89705 109.559 
0.230304 0.62755 95760 1 1.61563 0.501923 437 1 1433 0.0365381 -0.0223213 0.0982254 1.00854 2.89915 109.526 
0.206232 0.607137 95840 1 1.61563 0.501923 438 1 1435 0.0367625 -0.0214598 0.0970948 1.01855 2.90789 109.541 
0.0231219 0.673304 95920 1 1.61563 0.501923 439 1 1437 0.0371573 -0.0215287 0.0958348 1.01854 2.91674 109.494 
0.0282003 0.687579 95960 1 1.61563 0.501923 440 1 1438 0.0371021 -0.0221264 0.0969099 1.01033 2.90466 109.463 
0.0515457 0.676735 96040 1 1.61563 0.501923 441 1 1440 0.0372683 -0.0201772 0.0970629 1.02917 2.90318 109.499 
-0.02409 0.627825 96120 1 1.61563 0.501923 442 1 1442 0.0366175 -0.019661 0.0958661 1.03463 2.91196 109.46 
-0.0402985 0.63426 96160 1 1.61563 0.501923 443 1 1443 0.0367279 -0.0202553 0.0976673 1.02425 2.89377 109.483 
-0.0263828 0.599282 96240 1 1.61563 0.501923 444 1 1445 0.03644 -0.0200305 0.0967639 1.03011 2.90479 109.443 
-0.102146 0.594466 96321 1 1.61563 0.501923 445 1 1447 0.0372688 -0.0223601 0.097029 0.995658 2.89846 109.434 
-0.101395 0.572653 96361 1 1.61563 0.501923 446 1 1448 0.0377706 -0.0216169 0.0963598 1.00199 2.90601 109.466 
-0.104613 0.565647 96441 1 1.61563 0.501923 447 1 1450 0.0372757 -0.0217907 0.0954528 0.991234 2.91526 109.458 
-0.093664 0.570651 96522 1 1.61563 0.501923 448 1 1452 0.0373498 -0.020259 0.0968105 1.00099 2.90172 109.4 
-0.102745 0.569233 96561 1 1.61563 0.501923 449 1 1453 0.0369031 -0.0222245 0.0968112 0.980959 2.90227 109.478 
-0.106979 0.57469 96641 1 1.61563 0.501923 450 1 1455 0.037033 -0.0220028 0.0973408 0.992297 2.89466 109.436 
-0.0948697 0.565408 96722 1 1.61563 0.501923 451 1 1457 0.0376627 -0.0224032 0.0962015 0.988254 2.90743 109.437 
-0.0925765 0.568211 96802 1 1.61563 0.501923 452 1 1459 0.0369757 -0.021867 0.0962733 0.995538 2.90678 109.439 
-0.119436 0.633796 96842 1 1.61563 0.501923 453 1 1460 0.037646 -0.0190623 0.0966365 1.02403 2.90507 109.464 
-0.135201 0.672906 96923 1 1.61563 0.501923 454 1 1462 0.0365031 -0.0210769 0.0953781 0.994601 2.9197 109.452 
-0.160499 0.697696 97002 1 1.61563 0.501923 455 1 1464 0.0365256 -0.0237574 0.097506 0.961115 2.90318 109.432 
-0.179516 0.70505 97042 1 1.61563 0.501923 456 1 1465 0.0359343 -0.0243484 0.0976919 0.954401 2.90345 109.438 
-0.156942 0.701472 97122 1 1.61563 0.501923 457 1 1467 0.0351378 -0.0220739 0.0984187 0.994742 2.89787 109.472 
-0.185156 0.662804 97202 1 1.61563 0.501923 458 1 1469 0.0355982 -0.0228091 0.0964782 1.00027 2.91468 109.452 
-0.185147 0.680278 97243 1 1.61563 0.501923 459 1 1470 0.0357735 -0.0216273 0.0989037 1.01988 2.88856 109.416 
-0.169845 0.691532 97323 1 1.61563 0.501923 460 1 1472 0.0359167 -0.021278 0.0986621 1.03086 2.89492 109.487 
-0.165484 0.668178 97403 1 1.61563 0.501923 461 1 1474 0.0367406 -0.0202951 0.0996005 1.03942 2.88565 109.492 
-0.167418 0.690974 97443 1 1.61563 0.501923 462 1 1475 0.0364466 -0.0201697 0.100299 1.04619 2.8746 109.476 
-0.191667 0.69325 97523 1 1.61563 0.501923 463 1 1477 0.0369759 -0.0226202 0.0987825 1.01166 2.89189 109.479 
-0.0402018 0.653591 97603 1 1.61563 0.501923 464 1 1479 0.0368741 -0.0230421 0.101128 1.0072 2.87098 109.5 
-0.0318399 0.637944 97643 1 1.61563 0.501923 465 1 1480 0.0371943 -0.0217065 0.101175 1.0201 2.87265 109.535 
-0.0383823 0.64685 97724 1 1.61563 0.501923 466 1 1482 0.0371123 -0.0209095 0.102581 1.02563 2.85471 109.473 
-0.0383823 0.64685 97724 1 1.61563 0.501923 467 1 1482 0.0371123 -0.0209095 0.102581 1.02563 2.85471 109.473 
-0.0360637 0.637669 97764 1 1.61563 0.501923 468 1 1483 0.0373611 -0.0216297 0.102661 1.01938 2.85468 109.45 
-0.0145145 0.598488 97923 1 1.61563 0.501923 469 1 1487 0.0377681 -0.020085 0.101379 1.03802 2.86795 109.497 
-0.0129319 0.581097 98004 1 1.61563 0.501923 470 1 1489 0.0375127 -0.0179568 0.101993 1.05645 2.85856 109.539 
-0.0282857 0.5724 98044 1 1.61563 0.501923 471 1 1490 0.0373251 -0.0224662 0.100197 1.00422 2.87489 109.424 
-0.0573773 0.581008 98124 1 1.61563 0.501923 472 1 1492 0.0367773 -0.0225149 0.101834 0.99589 2.85944 109.461 
-0.0700855 0.559949 98204 1 1.61563 0.501923 473 1 1494 0.0367953 -0.020303 0.101277 1.0205 2.8622 109.49 
-0.0546408 0.551651 98244 1 1.61563 0.501923 474 1 1495 0.03677 -0.0189243 0.100384 1.03395 2.87132 109.468 
-0.0818931 0.561116 98325 1 1.61563 0.501923 475 1 1497 0.0370472 -0.0211886 0.0997941 1.00466 2.87624 109.471 
-0.0676987 0.550245 98405 1 1.61563 0.501923 476 1 1499 0.0368811 -0.0212368 0.0993211 1.00872 2.87923 109.473 
-0.0776724 0.580352 98484 1 1.61563 0.501923 477 1 1501 0.0365124 -0.021231 0.0997207 1.00454 2.87305 109.48 
0.491235 3.11598 98565 1 1.61563 0.501923 478 0 1503 0.0356138 -0.0211763 0.0990643 1.00585 2.89782 109.456 
0.0293029 2.50601 98605 1 1.61563 0.501923 479 0 1504 0.0353581 -0.0387267 0.10381 0.826674 2.8599 109.811 
-0.0304502 1.45804 98685 1 1.61563 0.501923 480 0 1506 0.0347643 -0.023782 0.0982355 0.971977 2.92427 109.625 
-0.0396432 1.18964 98726 1 1.61563 0.501923 481 1 1507 0.0352642 -0.0241215 0.0975613 0.96452 2.92934 109.585 
-0.0298291 0.951419 98806 1 1.61563 0.501923 482 1 1509 0.0356683 -0.0252384 0.0988724 0.942866 2.90874 109.594 
-0.0111851 0.789065 98886 1 1.61563 0.501923 483 1 1511 0.0359997 -0.0274729 0.0962416 0.919204 2.93327 109.608 
-0.00335031 0.756655 98925 1 1.61563 0.501923 484 1 1512 0.0364242 -0.0265832 0.0972714 0.934454 2.92144 109.628 
0.109145 0.781424 99006 1 1.61563 0.501923 485 1 1514 0.0367187 -0.0246782 0.0957975 0.960986 2.93281 109.549 
0.104366 0.773466 99086 1 1.61563 0.501923 486 1 1516 0.0366771 -0.0249219 0.0979429 0.947773 2.91255 109.575 
0.0955465 0.762522 99126 1 1.61563 0.501923 487 1 1517 0.0368072 -0.0285625 0.096505 0.908084 2.92511 109.559 
0.111912 0.737834 99206 1 1.61563 0.501923 488 1 1519 0.0359855 -0.0242206 0.0970039 0.950472 2.92267 109.584 
0.104173 0.741457 99287 1 1.61563 0.501923 489 1 1521 0.035772 -0.0258257 0.0976992 0.929305 2.91175 109.55 
0.100296 0.722623 99327 1 1.61563 0.501923 490 1 1522 0.0368754 -0.0275035 0.0961627 0.910801 2.92827 109.56 
0.10476 0.719749 99406 1 1.61563 0.501923 491 1 1524 0.0359834 -0.0263884 0.0968661 0.924095 2.92225 109.561 
0.0911592 0.708481 99487 1 1.61563 0.501923 492 1 1526 0.0363128 -0.0276528 0.0965394 0.918418 2.92567 109.543 
0.0919221 0.728596 99527 1 1.61563 0.501923 493 1 1527 0.0359122 -0.0262239 0.0976509 0.932632 2.91067 109.527 
0.0309117 0.790551 99607 1 1.61563 0.501923 494 1 1529 0.0356102 -0.0245215 0.0969851 0.955305 2.92152 109.504 
-0.00278659 0.822817 99688 1 1.61563 0.501923 495 1 1531 0.0351169 -0.0257678 0.096313 0.949515 2.92985 109.517 
0.00744963 0.825886 99727 1 1.61563 0.501923 496 1 1532 0.0355014 -0.0239474 0.0971546 0.973331 2.92107 109.54 
0.0162165 0.82553 99807 1 1.61563 0.501923 497 1 1534 0.0357211 -0.0248573 0.0984327 0.970773 2.90957 109.573 
0.0181231 0.826978 99889 1 1.61563 0.501923 498 1 1536 0.035412 -0.0244901 0.0987558 0.971968 2.91087 109.575 
0.039464 0.852299 99967 1 1.61563 0.501923 499 1 1538 0.0361471 -0.0208952 0.100678 1.00903 2.89077 109.549 
0.011921 0.861397 100048 1 1.61563 0.501923 500 1 1540 0.0355174 -0.024399 0.100178 0.977713 2.89862 109.635 
0.0184128 0.863971 100088 1 1.61563 0.501923 501 1 1541 0.0355576 -0.0243455 0.100378 0.974941 2.89647 109.569 
0.00153869 0.886559 100168 1 1.61563 0.501923 502 1 1543 0.03555 -0.0264817 0.101678 0.953592 2.88827 109.587 
0.0104676 0.871188 100209 1 1.61563 0.501923 503 1 1544 0.0357518 -0.022977 0.10099 0.987677 2.89972 109.644 
-0.00883754 0.892193 100289 1 1.61563 0.501923 504 1 1546 0.0358787 -0.0266782 0.101649 0.94885 2.88972 109.632 
-0.0210155 0.893568 100368 1 1.61563 0.501923 505 1 1548 0.0356858 -0.0266564 0.10105 0.947906 2.89063 109.596 
0.00627749 0.887079 100408 1 1.61563 0.501923 506 1 1549 0.0359784 -0.0243498 0.100756 0.973007 2.89551 109.573 
0.00866585 0.886759 100489 1 1.61563 0.501923 507 1 1551 0.0359419 -0.0247407 0.101682 0.961313 2.88782 109.601 
-0.000685206 0.878357 100570 1 1.61563 0.501923 508 1 1553 0.03563 -0.0260965 0.10068 0.951251 2.89292 109.55 
0.00998047 0.857632 100649 1 1.61563 0.501923 509 1 1555 0.0348629 -0.0238474 0.0990206 0.975147 2.91156 109.596 
0.00961601 0.875305 100689 1 1.61563 0.501923 510 1 1556 0.0351523 -0.0253316 0.100666 0.95974 2.89406 109.604 
0.00233925 0.887505 100771 1 1.61563 0.501923 511 1 1558 0.0351647 -0.0237306 0.10084 0.970271 2.88972 109.503 
0.00440515 0.902171 100849 1 1.61563 0.501923 512 1 1560 0.0350462 -0.0259347 0.100542 0.943367 2.88847 109.541 
0.00440515 0.902171 100849 1 1.61563 0.501923 513 1 1560 0.0350462 -0.0259347 0.100542 0.943367 2.88847 109.541 
-0.00643182 0.90506 100890 1 1.61563 0.501923 514 1 1561 0.0347006 -0.0267582 0.100512 0.930909 2.88849 109.499 
-0.00437459 0.892505 101049 1 1.61563 0.501923 515 1 1565 0.0344657 -0.0261784 0.0986782 0.930551 2.91314 109.539 
-0.00285078 0.895841 101130 1 1.61563 0.501923 516 1 1567 0.0341518 -0.025721 0.0981469 0.937407 2.91481 109.562 
0.0050273 0.883461 101170 1 1.61563 0.501923 517 1 1568 0.0346091 -0.0250016 0.0988357 0.944669 2.90713 109.508 
-0.00627246 0.885905 101250 1 1.61563 0.501923 518 1 1570 0.0343861 -0.0250962 0.098283 0.944488 2.91833 109.547 
-0.0100182 0.904809 101290 1 1.61563 0.501923 519 1 1571 0.0348231 -0.0254558 0.099464 0.937958 2.90353 109.509 
-0.00858121 0.904401 101370 1 1.61563 0.501923 520 1 1573 0.0344818 -0.0268239 0.0999544 0.930779 2.89373 109.509 
-0.00949784 0.899332 101452 1 1.61563 0.501923 521 1 1575 0.0353222 -0.0242064 0.0990495 0.953699 2.90263 109.51 
-0.12373 0.851723 101531 1 1.61563 0.501923 522 1 1577 0.035208 -0.0275074 0.100138 0.916771 2.88673 109.443 
-0.120672 0.821804 101611 1 1.61563 0.501923 523 1 1579 0.034739 -0.0272074 0.0989988 0.922484 2.89864 109.477 
-0.108113 0.829905 101650 1 1.61563 0.501923 524 1 1580 0.0349212 -0.0245352 0.100979 0.950598 2.87805 109.487 
-0.109635 0.839984 101731 1 1.61563 0.501923 525 1 1582 0.0348682 -0.0244881 0.101132 0.948594 2.87492 109.462 
-0.111685 0.836346 101771 1 1.61563 0.501923 526 1 1583 0.035031 -0.0253412 0.0999881 0.939335 2.88686 109.445 
-0.12907 0.827016 101851 1 1.61563 0.501923 527 1 1585 0.0350742 -0.0267871 0.09984 0.917904 2.88947 109.45 
-0.0418257 0.775942 101932 1 1.61563 0.501923 528 1 1587 0.0350694 -0.0265167 0.097799 0.920794 2.91351 109.524 
-0.0410862 0.787774 102015 1 1.61563 0.501923 529 1 1589 0.0344384 -0.0274916 0.0990253 0.907189 2.89736 109.491 
-0.0296567 0.784134 102091 1 1.61563 0.501923 530 1 1591 0.0344985 -0.0270593 0.100337 0.910217 2.88541 109.5 
-0.0156304 0.750426 102131 1 1.61563 0.501923 531 1 1592 0.0346039 -0.0241768 0.098942 0.942779 2.89623 109.5 
-0.00122952 0.728479 102212 1 1.61563 0.501923 532 1 1594 0.0356726 -0.0259117 0.0996455 0.938267 2.88889 109.436 
-0.00973565 0.748549 102292 1 1.61563 0.501923 533 1 1596 0.0348325 -0.0252575 0.101793 0.943965 2.86721 109.468 
-0.000931295 0.740243 102332 1 1.61563 0.501923 534 1 1597 0.0350118 -0.0256859 0.10109 0.942007 2.8755 109.483 
-0.0105376 0.746964 102412 1 1.61563 0.501923 535 1 1599 0.0345679 -0.0255768 0.102632 0.944756 2.86083 109.435 
-0.072502 0.706737 102493 1 1.61563 0.501923 536 1 1601 0.0358174 -0.0257445 0.0999725 0.949594 2.88725 109.475 
-0.0859245 0.705467 102533 1 1.61563 0.501923 537 1 1602 0.0354054 -0.0261831 0.10099 0.945001 2.87923 109.47 
-0.100171 0.6964 102613 1 1.61563 0.501923 538 1 1604 0.035768 -0.0290933 0.100779 0.912418 2.88554 109.461 
-0.080835 0.699604 102693 1 1.61563 0.501923 539 1 1606 0.0352307 -0.0244352 0.103788 0.958107 2.85935 109.51 
-0.106211 0.689305 102732 1 1.61563 0.501923 540 1 1607 0.0357922 -0.0286349 0.102612 0.915287 2.86995 109.502 
-0.107909 0.685981 102813 1 1.61563 0.501923 541 1 1609 0.034942 -0.0232481 0.10319 0.972452 2.86324 109.578 
-0.0947205 0.687655 102893 1 1.61563 0.501923 542 1 1611 0.0351523 -0.0223197 0.104667 0.98219 2.84886 109.466 
-0.104173 0.681439 102933 1 1.61563 0.501923 543 1 1612 0.0354378 -0.0231239 0.102693 0.969957 2.86867 109.549 
0.0266768 0.596991 103013 1 1.61563 0.501923 544 1 1614 0.0354808 -0.0253454 0.102654 0.959626 2.87174 109.549 
0.0460785 0.572503 103094 1 1.61563 0.501923 545 1 1616 0.03579 -0.0234073 0.103496 0.988372 2.8621 109.578 
0.0402137 0.587565 103134 1 1.61563 0.501923 546 1 1617 0.0348597 -0.024178 0.105113 0.981192 2.84191 109.507 
0.0516703 0.572522 103214 1 1.61563 0.501923 547 1 1619 0.0355632 -0.024019 0.105702 0.984784 2.83715 109.532 
0.026999 0.568749 103294 1 1.61563 0.501923 548 1 1621 0.0360598 -0.0254288 0.104713 0.962271 2.84403 109.476 
0.00830358 0.558876 103334 1 1.61563 0.501923 549 1 1622 0.0358167 -0.0283154 0.103788 0.929086 2.85305 109.475 
0.0432648 0.537603 103414 1 1.61563 0.501923 550 1 1624 0.0362544 -0.0242294 0.103894 0.966967 2.85529 109.511 
0.0224804 0.545841 103495 1 1.61563 0.501923 551 1 1626 0.0360993 -0.0258952 0.10364 0.94086 2.85326 109.478 
0.0385468 0.530737 103535 1 1.61563 0.501923 552 1 1627 0.035451 -0.0237145 0.102437 0.967579 2.86634 109.501 
0.00887242 0.538697 103615 1 1.61563 0.501923 553 1 1629 0.0362164 -0.0267276 0.102464 0.927008 2.86352 109.469 
0.017604 0.53488 103695 1 1.61563 0.501923 554 1 1631 0.0358993 -0.0268047 0.102208 0.926196 2.86999 109.467 
0.0326328 0.538506 103735 1 1.61563 0.501923 555 1 1632 0.0353218 -0.0244179 0.103309 0.955079 2.8575 109.532 
0.0945269 0.519858 103815 1 1.61563 0.501923 556 1 1634 0.0356125 -0.0242096 0.100716 0.965095 2.88152 109.511 
0.0966268 0.520982 103895 1 1.61563 0.501923 557 1 1636 0.0358879 -0.0257691 0.103376 0.946843 2.85513 109.514 
0.0975398 0.524497 103935 1 1.61563 0.501923 558 1 1637 0.036416 -0.0251019 0.10289 0.947613 2.85903 109.476 
0.0891987 0.520141 103975 1 1.61563 0.501923 559 1 1638 0.0352207 -0.0274168 0.102102 0.925559 2.86557 109.482 
0.0891987 0.520141 103975 1 1.61563 0.501923 560 1 1638 0.0352207 -0.0274168 0.102102 0.925559 2.86557 109.482 
0.0196308 2.40478 104136 1 1.61563 0.501923 561 0 1642 0.0347647 -0.0448259 0.107549 0.745928 2.82505 109.769 
-0.012882 1.29127 104216 1 1.61563 0.501923 562 0 1644 0.0348349 -0.0279321 0.1004 0.911289 2.91366 109.607 
-0.0171201 1.06611 104256 1 1.61563 0.501923 563 1 1645 0.0342658 -0.0280558 0.0996065 0.909443 2.91916 109.603 
0.0120199 0.760992 104335 1 1.61563 0.501923 564 1 1647 0.0346069 -0.02748 0.0999276 0.916281 2.90913 109.594 
0.0128886 0.658506 104416 1 1.61563 0.501923 565 1 1649 0.0346793 -0.0300971 0.100537 0.880433 2.90063 109.596 
0.0239839 0.645156 104456 1 1.61563 0.501923 566 1 1650 0.0350369 -0.0292648 0.103416 0.888831 2.872 109.544 
0.0290858 0.611997 104536 1 1.61563 0.501923 567 1 1652 0.0351169 -0.0271951 0.101081 0.907076 2.89044 109.576 
0.0398638 0.587644 104617 1 1.61563 0.501923 568 1 1654 0.0353714 -0.0268499 0.100478 0.922807 2.89106 109.51 
0.0463265 0.566494 104657 1 1.61563 0.501923 569 1 1655 0.0350427 -0.0262461 0.101076 0.931699 2.8875 109.546 
0.0503453 0.550231 104736 1 1.61563 0.501923 570 1 1657 0.0352806 -0.0264821 0.101534 0.92491 2.88214 109.476 
0.0531717 0.539046 104816 1 1.61563 0.501923 571 1 1659 0.0356551 -0.0267896 0.10217 0.922274 2.87715 109.491 
0.0447593 0.54089 104857 1 1.61563 0.501923 572 1 1660 0.0355094 -0.0260764 0.101867 0.926753 2.8784 109.497 
0.0526386 0.542081 104937 1 1.61563 0.501923 573 1 1662 0.0356217 -0.0249433 0.102695 0.935594 2.86792 109.48 
0.0358001 0.534786 105017 1 1.61563 0.501923 574 1 1664 0.0349148 -0.0264844 0.101773 0.912803 2.88105 109.461 
0.0420677 0.552934 105098 1 1.61563 0.501923 575 1 1666 0.0355661 -0.0270224 0.103944 0.908932 2.8593 109.486 
0.0474921 0.548051 105138 1 1.61563 0.501923 576 1 1667 0.0350989 -0.0265495 0.102994 0.914441 2.86982 109.505 
0.0709889 0.538465 105217 1 1.61563 0.501923 577 1 1669 0.0355669 -0.0224965 0.103141 0.955778 2.8727 109.507 
0.0523887 0.55022 105298 1 1.61563 0.501923 578 1 1671 0.0348381 -0.0261825 0.103094 0.91995 2.87388 109.512 
0.0540237 0.553388 105378 1 1.61563 0.501923 579 1 1673 0.0350401 -0.0266072 0.105315 0.931962 2.85353 109.531 
0.0668333 0.553896 105418 1 1.61563 0.501923 580 1 1674 0.034329 -0.0253477 0.105737 0.949345 2.85184 109.51 
0.0751963 0.556747 105498 1 1.61563 0.501923 581 1 1676 0.0347338 -0.0238049 0.105305 0.96299 2.85513 109.524 
0.0708716 0.557558 105578 1 1.61563 0.501923 582 1 1678 0.0347916 -0.0231533 0.105725 0.966896 2.85323 109.59 
0.0596339 0.572964 105619 1 1.61563 0.501923 583 1 1679 0.0351813 -0.026393 0.10658 0.93187 2.84297 109.501 
0.072308 0.57384 105699 1 1.61563 0.501923 584 1 1681 0.0352622 -0.0224719 0.10697 0.97304 2.83963 109.559 
0.0520209 0.566886 105738 1 1.61563 0.501923 585 1 1682 0.0358614 -0.026666 0.105363 0.9258 2.85843 109.527 
0.0804393 0.578189 105818 1 1.61563 0.501923 586 1 1684 0.0354547 -0.0230336 0.107954 0.967395 2.83286 109.628 
0.0690957 0.557736 105899 1 1.61563 0.501923 587 1 1686 0.0352078 -0.0242111 0.106142 0.953747 2.85271 109.533 
0.0589505 0.565666 105939 1 1.61563 0.501923 588 1 1687 0.0349943 -0.0242539 0.106921 0.950642 2.8445 109.603 
0.0709907 0.560625 106019 1 1.61563 0.501923 589 1 1689 0.0353867 -0.0238364 0.106774 0.958115 2.8466 109.538 
0.0583504 0.57673 106100 1 1.61563 0.501923 590 1 1691 0.0344617 -0.0245041 0.107515 0.951084 2.83718 109.587 
0.0601985 0.56767 106140 1 1.61563 0.501923 591 1 1692 0.0352191 -0.0239137 0.106001 0.958968 2.85034 109.572 
0.0616249 0.555945 106219 1 1.61563 0.501923 592 1 1694 0.035364 -0.0240405 0.104743 0.955957 2.8625 109.566 
0.0677557 0.56955 106300 1 1.61563 0.501923 593 1 1696 0.0348781 -0.0235509 0.105969 0.953322 2.84923 109.559 
0.0463047 0.583079 106340 1 1.61563 0.501923 594 1 1697 0.0351992 -0.0265992 0.106836 0.918822 2.8392 109.527 
0.080355 0.58531 106422 1 1.61563 0.501923 595 1 1699 0.0348374 -0.0221484 0.107062 0.967302 2.83267 109.49 
0.0143119 0.613422 106500 1 1.61563 0.501923 596 1 1701 0.0343904 -0.0267873 0.104502 0.915208 2.86136 109.475 
-0.0251293 0.668366 106580 1 1.61563 0.501923 597 1 1703 0.0341503 -0.0258221 0.104331 0.927041 2.86691 109.558 
-0.0292343 0.668158 106662 1 1.61563 0.501923 598 1 1705 0.0338014 -0.0245225 0.103369 0.936153 2.87632 109.568 
-0.0372978 0.676191 106742 1 1.61563 0.501923 599 1 1707 0.033578 -0.027707 0.103753 0.905973 2.87295 109.565 
-0.0353598 0.679297 106821 1 1.61563 0.501923 600 1 1709 0.0337927 -0.0256622 0.104002 0.919932 2.8691 109.521 
-0.0209 0.666763 106861 1 1.61563 0.501923 601 1 1710 0.0330545 -0.0247876 0.102576 0.938059 2.88375 109.555 
-0.0206424 0.68062 106941 1 1.61563 0.501923 602 1 1712 0.0332916 -0.0259712 0.104563 0.924814 2.86249 109.49 
-0.0361339 0.672556 107021 1 1.61563 0.501923 603 1 1714 0.033918 -0.0274067 0.102557 0.904502 2.88347 109.473 
-0.0249204 0.670225 107063 1 1.61563 0.501923 604 1 1715 0.034545 -0.0252765 0.102222 0.924618 2.88742 109.497 
-0.0166225 0.682741 107102 1 1.61563 0.501923 605 1 1716 0.0333032 -0.0233389 0.104012 0.94911 2.86882 109.506 
-0.0166225 0.682741 107102 1 1.61563 0.501923 606 1 1716 0.0333032 -0.0233389 0.104012 0.94911 2.86882 109.506 
-0.0297883 0.672853 107262 1 1.61563 0.501923 607 1 1720 0.0335966 -0.0265699 0.10232 0.914743 2.88847 109.463 
-0.0408527 0.685071 107341 1 1.61563 0.501923 608 1 1722 0.0345438 -0.0274488 0.102855 0.901065 2.88021 109.535 
-0.0266423 0.679287 107422 1 1.61563 0.501923 609 1 1724 0.0336555 -0.0245911 0.100731 0.935616 2.89646 109.543 
-0.0303851 0.691369 107462 1 1.61563 0.501923 610 1 1725 0.0337226 -0.0266916 0.103013 0.914523 2.87218 109.52 
0.239332 0.661328 107542 1 1.61563 0.501923 611 1 1727 0.0341123 -0.027553 0.100627 0.908264 2.90315 109.505 
0.351717 0.620283 107623 1 1.61563 0.501923 612 1 1729 0.0340491 -0.0285378 0.0997825 0.9038 2.921 109.624 
0.361408 0.620279 107663 1 1.61563 0.501923 613 1 1730 0.034258 -0.0281288 0.0998066 0.909793 2.92166 109.596 
0.347181 0.640437 107742 1 1.61563 0.501923 614 1 1732 0.0340656 -0.0299175 0.101402 0.89056 2.90961 109.617 
0.375698 0.710387 107822 1 1.61563 0.501923 615 1 1734 0.0343661 -0.0313734 0.0998542 0.875327 2.9294 109.635 
0.386102 0.723907 107863 1 1.61563 0.501923 616 1 1735 0.0342142 -0.0309485 0.101097 0.88776 2.91889 109.645 
0.381342 0.756579 107943 1 1.61563 0.501923 617 1 1737 0.0335393 -0.0311621 0.10159 0.888888 2.91523 109.641 
0.76521 3.50108 108023 1 1.61563 0.501923 618 0 1739 0.0333678 -0.0297167 0.0982756 0.903538 2.96624 109.683 
0.410424 2.82462 108063 1 1.61563 0.501923 619 0 1740 0.0333139 -0.0387258 0.10424 0.814261 2.91519 110.078 
0.328196 1.83642 108143 1 1.61563 0.501923 620 0 1742 0.0332961 -0.0276882 0.0994786 0.930416 2.97129 109.824 
0.331634 1.4645 108223 1 1.61563 0.501923 621 0 1744 0.0342154 -0.0301809 0.0999116 0.902473 2.96437 109.892 
0.346732 1.36372 108263 1 1.61563 0.501923 622 0 1745 0.0346191 -0.0289589 0.101896 0.913339 2.94154 109.845 
0.345494 1.16038 108344 1 1.61563 0.501923 623 1 1747 0.0342685 -0.0304864 0.100724 0.889228 2.95264 109.855 
0.348629 1.05823 108426 1 1.61563 0.501923 624 1 1749 0.0354812 -0.0304664 0.100589 0.897673 2.95114 109.852 
0.353541 1.02085 108504 1 1.61563 0.501923 625 1 1751 0.0354072 -0.0309903 0.103431 0.895025 2.91923 109.863 
0.35333 0.998431 108543 1 1.61563 0.501923 626 1 1752 0.0349772 -0.0292433 0.103296 0.913888 2.92004 109.907 
0.404442 2.94348 108624 1 1.61563 0.501923 627 0 1754 0.034841 -0.0292348 0.106516 0.915856 2.88839 109.749 
-0.0616097 4.35061 108704 1 1.61563 0.501923 628 0 1756 0.0255174 -0.0605242 0.0999443 0.678984 2.91872 109.025 
0.206289 3.04252 108744 1 1.61563 0.501923 629 0 1757 0.0235221 -0.0759817 0.0920555 0.541047 2.92895 108.676 
-0.240675 3.43203 108825 1 1.61563 0.501923 630 0 1759 0.0278162 -0.0768888 0.0682209 0.518504 2.97921 107.352 
0.0153334 2.51814 108905 1 1.61563 0.501923 631 0 1761 0.0332824 -0.0708108 0.0260446 0.560271 3.22826 104.987 
-0.445359 2.2838 108944 1 1.61563 0.501923 632 0 1762 0.0315657 -0.0634697 0.00519033 0.626033 3.32992 104.131 
-0.494001 2.38289 108984 1 1.61563 0.501923 633 0 1763 0.0285257 -0.0566935 0.00287216 0.689197 3.23296 103.595 
0.278702 1.4527 109105 1 1.61563 0.501923 634 0 1766 0.0485421 -0.0271232 -0.0142672 0.915782 3.09986 102.889 
0.398432 1.28758 109145 1 1.61563 0.501923 635 0 1767 0.0578378 -0.0318259 -0.0129921 0.848482 3.05383 102.671 
0.403977 1.02287 109226 1 1.61563 0.501923 636 0 1769 0.0569171 -0.039134 0.000410387 0.816657 3.01075 103.145 
0.415647 0.908234 109266 1 1.61563 0.501923 637 0 1770 0.0542925 -0.036823 0.00879072 0.8893 3.04085 103.223 
0.325094 0.874397 109306 1 1.61563 0.501923 638 1 1771 0.0490535 -0.0524886 0.0258008 0.786652 3.01303 103.705 
0.325094 0.874397 109306 1 1.61563 0.501923 639 1 1771 0.0490535 -0.0524886 0.0258008 0.786652 3.01303 103.705 
0.142399 0.601957 109506 1 1.61563 0.501923 640 1 1776 0.0431298 -0.0723013 0.053928 0.758808 2.9912 105.493 
0.216494 0.560128 109546 1 1.48333 0.500962 641 1 1777 0.0417989 -0.0573952 0.0609478 0.939853 2.94531 106.139 
0.241917 0.972524 109626 1 1.05833 0.479808 642 1 1779 0.0387674 -0.0551106 0.0825411 0.989512 2.76122 107.012 
0.527143 3.10526 109706 1 0.946875 0.488462 643 0 1781 0.0402254 -0.0310187 0.107846 1.20474 2.58847 108.173 
0.229233 2.16975 109746 1 1.08229 0.4875 644 0 1782 0.0343606 -0.0452611 0.11843 1.04052 2.54577 107.968 
0.363921 1.23315 109827 1 1.33125 0.490385 645 0 1784 0.0303602 -0.0360787 0.124087 1.14111 2.58199 108.091 
0.389786 0.789502 109906 1 1.3724 0.489423 646 1 1786 0.0271776 -0.0285692 0.125089 1.21661 2.61693 108.4 
0.399681 0.709558 109946 1 1.11458 0.450962 647 1 1787 0.0261172 -0.0305236 0.118925 1.21167 2.66995 108.35 
0.368845 0.630171 110026 1 0.861979 0.427885 648 1 1789 0.0278097 -0.033267 0.11287 1.19102 2.70306 108.328 
0.390236 0.624505 110107 1 0.84375 0.425962 649 1 1791 0.0297408 -0.0305471 0.116902 1.23494 2.6386 108.359 
0.410787 0.650196 110147 1 0.868229 0.443269 650 1 1792 0.0310539 -0.030881 0.120451 1.23805 2.60357 108.279 
0.402009 0.742109 110227 1 0.86875 0.443269 651 1 1794 0.033784 -0.0340068 0.131959 1.20572 2.49525 108.263 
0.457489 0.847196 110307 1 0.86875 0.443269 652 1 1796 0.0385515 -0.0354072 0.144787 1.24672 2.46429 108.162 
0.426165 0.878058 110388 1 0.875521 0.443269 653 1 1798 0.0404716 -0.0392578 0.149026 1.34661 2.47602 108.362 
0.370749 0.924023 110427 1 0.867188 0.407692 654 1 1799 0.0395698 -0.0446303 0.152195 1.34391 2.42401 108.571 
0.263905 0.867199 110508 1 0.816667 0.361538 655 1 1801 0.0315506 -0.0394315 0.135704 1.40298 2.51967 108.998 
0.314921 0.836221 110588 1 0.813542 0.355769 656 1 1803 0.0332448 -0.0240392 0.133152 1.42396 2.51272 108.898 
0.342654 0.763247 110628 1 0.808333 0.348077 657 1 1804 0.0311605 -0.0176092 0.1256 1.40535 2.57782 109.099 
0.358078 0.356871 110709 1 0.763021 0.328846 658 1 1806 0.0226561 -0.00810365 0.0798939 1.38794 2.87377 109.105 
0.310796 0.273856 110788 1 0.714583 0.306731 659 1 1808 0.0171417 -0.0167858 0.0647262 1.20018 2.86044 109.287 
0.302454 0.227594 110828 1 0.6625 0.272115 660 1 1809 0.0211874 -0.0150462 0.0539834 1.13687 2.84936 109.175 
0.31622 0.253521 110909 1 0.566667 0.249038 661 1 1811 0.0170869 -0.0133823 0.0502231 0.966614 2.77401 109.411 
0.48253 0.418471 110989 1 0.498958 0.261538 662 1 1813 0.0118546 -0.00752044 0.083818 0.888928 2.42738 110.781 
0.563383 0.542272 111028 1 0.532813 0.2875 663 1 1814 0.0147629 -0.00194143 0.0955608 0.903813 2.31478 110.984 
0.728922 0.768492 111108 1 0.532813 0.2875 664 1 1816 0.0167475 0.0123822 0.119655 1.04931 2.13959 110.941 
0.707054 0.866687 111149 1 0.532813 0.300962 665 1 1817 0.0167672 0.00612859 0.127735 0.958101 2.14874 110.908 
0.58478 0.855218 111229 1 0.424479 0.296154 666 1 1819 0.0157596 -0.0056506 0.150703 0.761908 2.23333 111.725 
0.193802 1.2858 111310 1 0.336458 0.311538 667 0 1821 0.0120862 -0.0115348 0.194411 0.626582 2.06247 111.628 
0.379585 3.11092 111389 1 0.298438 0.349038 668 0 1823 0.0133099 0.0100549 0.236023 0.843681 1.79216 111.327 
0.341633 1.73757 111429 1 0.267188 0.374038 669 0 1824 0.00899108 0.00957469 0.287287 0.858794 1.88298 112.013 
0.473316 1.63755 111510 1 0.252083 0.371154 670 0 1826 0.00201655 0.028604 0.344157 1.1374 2.05127 113.212 
0.536426 4.46384 111589 1 0.244271 0.361538 671 0 1828 0.00866309 -0.00358203 0.448601 0.90449 1.28542 113.153 
-0.082541 -0.767465 111670 1 0.220833 0.357692 672 0 1830 0.00233063 -0.0509732 0.479921 0.544647 1.37491 112.401 
0.0588696 -1.4256 111710 1 0.21875 0.356731 673 0 1831 0.00205062 -0.0574301 0.455143 0.501334 1.83314 112.848 
