ImageFile:
-0.33284 -0.218892 57521 1 0.179167 0.214423 1 0 797 0.0627937 -0.056761 0.0470166 -0.0127031 2.47469 106.821 
-0.329502 0.0388793 57602 1 0.179167 0.214423 2 0 799 0.0622686 -0.0534671 0.0452544 0.00730662 2.49685 106.92 
-0.370333 -0.0700582 57642 1 0.179167 0.214423 3 0 800 0.0629648 -0.0542045 0.0442302 -0.00660177 2.50947 106.887 
-0.370333 -0.0700582 57642 1 0.179167 0.214423 4 0 800 0.0629648 -0.0542045 0.0442302 -0.00660177 2.50947 106.887 
-0.374783 -0.0733413 57682 1 0.168229 0.2375 5 0 801 0.0631106 -0.055024 0.0458255 -0.0225474 2.49554 106.839 
-0.124579 0.290248 57882 1 0.147396 0.298077 6 1 806 0.063662 -0.0629697 0.0403779 -0.132265 2.58464 106.642 
-0.152196 0.141673 57962 1 0.117708 0.390385 7 1 808 0.0637493 -0.0595857 0.0511996 -0.0958147 2.47275 106.663 
-0.152196 0.141673 57962 1 0.104688 0.483654 8 1 808 0.0637493 -0.0595857 0.0511996 -0.0958147 2.47275 106.663 
-0.083224 0.26743 58122 1 0.09375 0.588462 9 1 812 0.0647132 -0.0597117 0.0488111 -0.086733 2.47305 106.667 
-0.0717023 0.268808 58162 1 0.08125 0.719231 10 1 813 0.0652646 -0.0601481 0.0476029 -0.0795483 2.47515 106.716 
-0.0490127 0.287778 58242 1 0.06875 0.805769 11 1 815 0.0651366 -0.0581221 0.0473468 -0.0387178 2.46958 106.768 
-0.0315171 0.295046 58283 1 0.0671875 0.846154 12 1 816 0.0649404 -0.0555361 0.0489557 -0.000735096 2.44447 106.818 
-0.0315171 0.295046 58283 1 0.0729167 0.8625 13 1 816 0.0649404 -0.0555361 0.0489557 -0.000735096 2.44447 106.818 
-0.0295515 0.29805 58323 1 0.0791667 0.902885 14 1 817 0.0662747 -0.0556071 0.0499095 0.0104721 2.42732 106.85 
-0.190846 0.945406 58566 1 0.0755208 0.9375 15 1 823 0.0656618 -0.0612574 0.0508639 0.00685157 2.40912 106.975 
-0.175274 1.02749 58603 1 0.0744792 0.942308 16 1 824 0.066459 -0.0615127 0.0509772 0.0129504 2.40824 106.991 
-0.175274 1.02749 58603 1 0.06875 0.951923 17 1 824 0.066459 -0.0615127 0.0509772 0.0129504 2.40824 106.991 
-0.188421 1.00883 58804 1 0.0640625 0.958654 18 1 829 0.0661715 -0.0639293 0.0492416 0.00606686 2.43669 106.949 
-0.197254 1.00687 58884 1 0.0625 0.966346 19 1 831 0.0666386 -0.0641627 0.049333 0.010721 2.43389 106.953 
-0.180661 1.0133 58924 1 0.0625 0.967308 20 1 832 0.06615 -0.0630906 0.050316 0.0285504 2.42212 106.969 
-0.180661 1.0133 58924 1 0.0635417 0.968269 21 1 832 0.06615 -0.0630906 0.050316 0.0285504 2.42212 106.969 
-0.142031 1.0371 59084 1 0.065625 0.969231 22 1 836 0.0664207 -0.0618158 0.0513117 0.0573187 2.39704 107.058 
-0.0519423 1.03505 59127 1 0.0671875 0.969231 23 1 837 0.0670694 -0.060923 0.0508883 0.072491 2.39659 107.1 
-0.0542933 1.03495 59204 1 0.0677083 0.969231 24 1 839 0.0669646 -0.0609825 0.0500743 0.0820923 2.39884 107.103 
-0.0247064 1.03398 59244 1 0.0682292 0.968269 25 1 840 0.0671744 -0.0578992 0.0499773 0.119 2.39745 107.128 
-0.0247064 1.03398 59244 1 0.0682292 0.967308 26 1 840 0.0671744 -0.0578992 0.0499773 0.119 2.39745 107.128 
-0.0298522 1.0456 59405 1 0.0682292 0.967308 27 1 844 0.0674043 -0.0599364 0.0510865 0.117174 2.39609 107.118 
0.00863852 1.047 59485 1 0.0682292 0.967308 28 1 846 0.0674471 -0.0570316 0.0517133 0.149918 2.39741 107.129 
0.00561017 1.04511 59565 1 0.0682292 0.967308 29 1 848 0.0681416 -0.0560051 0.051322 0.156699 2.40178 107.142 
0.00561017 1.04511 59565 1 0.0682292 0.967308 30 1 848 0.0681416 -0.0560051 0.051322 0.156699 2.40178 107.142 
0.00561017 1.04511 59565 1 0.0682292 0.967308 31 1 848 0.0681416 -0.0560051 0.051322 0.156699 2.40178 107.142 
-0.0150465 1.03805 59766 1 0.0682292 0.967308 32 1 853 0.0681936 -0.0578669 0.0508158 0.140715 2.40369 107.107 
-0.0178389 1.02882 59808 1 0.0682292 0.967308 33 1 854 0.0690503 -0.0587942 0.0506721 0.136939 2.40154 107.134 
-0.00748306 1.03478 59886 1 0.0682292 0.967308 34 1 856 0.0699162 -0.0577125 0.0489336 0.160759 2.40895 107.142 
-0.00748306 1.03478 59886 1 0.0682292 0.967308 35 1 856 0.0699162 -0.0577125 0.0489336 0.160759 2.40895 107.142 
-0.043551 1.05306 60047 1 0.0682292 0.967308 36 1 860 0.0706 -0.0574974 0.0495669 0.173179 2.38151 107.229 
-0.0630284 1.07948 60086 1 0.0682292 0.967308 37 1 861 0.0709573 -0.056061 0.0486065 0.188485 2.38592 107.209 
-0.0655818 1.19056 60166 1 0.0682292 0.967308 38 1 863 0.0716864 -0.0558112 0.0479436 0.18928 2.37917 107.289 
-0.0655818 1.19056 60166 1 0.0682292 0.967308 39 1 863 0.0716864 -0.0558112 0.0479436 0.18928 2.37917 107.289 
-0.0655818 1.19056 60166 1 0.0682292 0.967308 40 1 863 0.0716864 -0.0558112 0.0479436 0.18928 2.37917 107.289 
-0.00761669 2.52577 60207 1 0.0682292 0.967308 41 0 864 0.0716864 -0.0558112 0.0479436 0.18928 2.37917 107.289 
-0.140404 0.2548 60447 1 0.0682292 0.967308 42 1 870 0.0727493 -0.0619075 0.0428265 0.137404 2.43202 107.204 
-0.180258 0.105003 60530 1 0.0682292 0.967308 43 1 872 0.0729737 -0.0681662 0.0438102 0.0836565 2.42325 107.13 
-0.180258 0.105003 60530 1 0.0682292 0.967308 44 1 872 0.0729737 -0.0681662 0.0438102 0.0836565 2.42325 107.13 
-0.100297 0.0470476 60687 1 0.0682292 0.967308 45 1 876 0.07241 -0.0655854 0.04544 0.113752 2.42633 107.068 
-0.0925107 0.0351385 60767 1 0.0682292 0.967308 46 1 878 0.0708646 -0.0670148 0.0480917 0.0962498 2.41745 107.073 
-0.0797954 0.0502392 60807 1 0.0682292 0.967308 47 1 879 0.0709809 -0.0657566 0.0488428 0.103272 2.41976 107.057 
-0.015891 0.304765 60847 1 0.0682292 0.967308 48 1 880 0.0698034 -0.0660714 0.0501632 0.0913491 2.40366 107.048 
-0.015891 0.304765 60847 1 0.0682292 0.967308 49 1 880 0.0698034 -0.0660714 0.0501632 0.0913491 2.40366 107.048 
-0.0362454 0.358255 61048 1 0.0682292 0.967308 50 1 885 0.070664 -0.0692442 0.0483097 0.049758 2.42869 106.923 
-0.0325123 0.36688 61128 1 0.0682292 0.967308 51 1 887 0.0705668 -0.0672195 0.0510655 0.0589286 2.41708 106.88 
-0.112079 0.309744 61168 1 0.0682292 0.967308 52 1 888 0.0708721 -0.0668716 0.0496213 0.0571621 2.43961 106.871 
-0.112079 0.309744 61168 1 0.0682292 0.967308 53 1 888 0.0708721 -0.0668716 0.0496213 0.0571621 2.43961 106.871 
-0.195309 0.484649 61328 1 0.0682292 0.967308 54 1 892 0.0694553 -0.0628704 0.0527213 0.0784622 2.40057 106.975 
2.4532 3.05483 61369 1 0.0682292 0.967308 55 0 893 0.0694553 -0.0628704 0.0527213 0.0784622 2.40057 106.975 
0.870599 2.06947 61409 1 0.0682292 0.967308 56 0 894 0.0675027 -0.0700056 0.0483471 0.00498804 2.44197 106.824 
0.870599 2.06947 61409 1 0.0453125 0.966346 57 0 894 0.0675027 -0.0700056 0.0483471 0.00498804 2.44197 106.824 
-0.282251 1.2561 61448 1 -0.140625 0.892308 58 0 895 0.0684124 -0.0632087 0.0553851 0.0822574 2.36326 107.07 
-0.216642 0.168139 61649 1 -0.457813 0.726923 59 0 900 0.0712069 -0.0580112 0.05036 0.157208 2.39058 107.108 
-0.224415 0.1289 61729 1 -0.753125 0.525 60 0 902 0.0720562 -0.0581523 0.0509857 0.155252 2.37212 107.143 
-0.291041 -0.0185792 61809 1 -0.826562 0.45 61 0 904 0.0718379 -0.0647729 0.0479499 0.093445 2.39563 107.111 
-0.291041 -0.0185792 61809 1 -0.826562 0.45 62 0 904 0.0718379 -0.0647729 0.0479499 0.093445 2.39563 107.111 
-0.291041 -0.0185792 61809 1 -0.826562 0.45 63 0 904 0.0718379 -0.0647729 0.0479499 0.093445 2.39563 107.111 
-0.470332 -0.285621 62010 1 -0.826562 0.45 64 0 909 0.0711569 -0.0658969 0.0491845 0.104208 2.39766 107.103 
-0.463409 -0.302343 62090 1 -0.826562 0.45 65 0 911 0.0716269 -0.0669915 0.0517265 0.111505 2.37258 107.049 
-0.467286 -0.285226 62130 1 -0.826562 0.45 66 0 912 0.0717226 -0.0672116 0.0533832 0.114162 2.35902 107.047 
-0.467286 -0.285226 62130 1 -0.85625 0.459615 67 0 912 0.0717226 -0.0672116 0.0533832 0.114162 2.35902 107.047 
-0.501619 -0.270736 62250 1 -0.902083 0.465385 68 0 915 0.0717457 -0.0688412 0.0531411 0.103729 2.36892 106.983 
-0.544348 -0.262869 62330 1 -0.942708 0.474038 69 0 917 0.0715322 -0.0712992 0.0549829 0.0863458 2.3617 107.024 
-0.559761 -0.283507 62411 1 -0.965104 0.476923 70 0 919 0.0716785 -0.0729652 0.0531619 0.0724206 2.3821 106.992 
-0.551848 -0.277363 62451 1 -0.966667 0.461538 71 0 920 0.0712484 -0.0724541 0.054599 0.083001 2.36926 107.005 
-0.551848 -0.277363 62451 1 -0.950521 0.45 72 0 920 0.0712484 -0.0724541 0.054599 0.083001 2.36926 107.005 
-0.54168 -0.243142 62610 1 -0.914063 0.4875 73 0 924 0.0716162 -0.0712542 0.0576313 0.0931773 2.34146 106.997 
-0.551512 -0.271217 62691 1 -0.875521 0.535577 74 0 926 0.071506 -0.0726909 0.0555729 0.0836916 2.36439 107.03 
-0.545866 -0.266773 62731 1 -0.863542 0.5375 75 0 927 0.0714696 -0.0723157 0.0544977 0.0876481 2.36923 106.997 
-0.548453 -0.255472 62771 1 -0.861979 0.5375 76 0 928 0.0721614 -0.0726957 0.0550641 0.0842433 2.3575 107.023 
-0.548453 -0.255472 62771 1 -0.856771 0.535577 77 0 928 0.0721614 -0.0726957 0.0550641 0.0842433 2.3575 107.023 
-0.560051 -0.247684 62811 1 -0.854167 0.531731 78 0 929 0.0725226 -0.0735647 0.0541147 0.0736122 2.36761 107.054 
-0.560051 -0.247684 62811 1 -0.852604 0.525 79 0 929 0.0725226 -0.0735647 0.0541147 0.0736122 2.36761 107.054 
-0.560051 -0.247684 62811 1 -0.851563 0.523077 80 0 929 0.0725226 -0.0735647 0.0541147 0.0736122 2.36761 107.054 
-0.27921 0.0173661 62892 1 -0.851563 0.520192 81 0 931 0.0632044 -0.0586564 0.0868472 0.341432 2.04058 109.338 
-0.27921 0.0173661 62892 1 -0.851563 0.520192 82 0 931 0.0632044 -0.0586564 0.0868472 0.341432 2.04058 109.338 
-0.296448 0.110344 63092 1 -0.847396 0.518269 83 0 936 0.0646956 -0.0598308 0.0872073 0.316454 2.02911 109.151 
-0.296448 0.110344 63092 1 -0.834896 0.518269 84 0 936 0.0646956 -0.0598308 0.0872073 0.316454 2.02911 109.151 
-0.296448 0.110344 63092 1 -0.825 0.516346 85 0 936 0.0646956 -0.0598308 0.0872073 0.316454 2.02911 109.151 
-0.274431 -0.0114794 63292 1 -0.819792 0.515385 86 0 941 0.0642993 -0.0585145 0.0853388 0.34819 2.05974 109.307 
-0.274431 -0.0114794 63292 1 -0.817708 0.515385 87 0 941 0.0642993 -0.0585145 0.0853388 0.34819 2.05974 109.307 
-0.244764 -0.0269898 63452 1 -0.817187 0.514423 88 0 945 0.0661794 -0.0601457 0.0837722 0.337664 2.07011 109.209 
-0.244764 -0.0269898 63452 1 -0.817187 0.514423 89 0 945 0.0661794 -0.0601457 0.0837722 0.337664 2.07011 109.209 
-0.244764 -0.0269898 63452 1 -0.817187 0.514423 90 0 945 0.0661794 -0.0601457 0.0837722 0.337664 2.07011 109.209 
-0.261024 -0.0332117 63653 1 -0.817187 0.514423 91 0 950 0.0652433 -0.0619597 0.0833272 0.321006 2.06639 109.209 
1.29617 0.866752 63853 1 -0.817187 0.514423 92 0 955 0.0720881 -0.0647109 0.0577489 0.210557 2.33211 107.174 
1.29742 1.00934 63974 1 -0.810937 0.513462 93 0 958 0.0721815 -0.0773924 0.0564917 0.0543328 2.35071 107.007 
1.29786 0.979853 64054 1 -0.806771 0.513462 94 0 960 0.071908 -0.0782088 0.0550171 0.0353964 2.37546 106.982 
1.29551 0.955201 64094 1 -0.806771 0.513462 95 0 961 0.0720474 -0.0775946 0.0533571 0.0410806 2.40278 106.952 
1.31268 0.975962 64134 1 -0.806771 0.513462 96 0 962 0.0721058 -0.0788902 0.0533753 0.0278751 2.41027 106.945 
1.33648 0.984919 64254 1 -0.806771 0.513462 97 0 965 0.0725985 -0.0757814 0.0539686 0.0473021 2.42349 106.902 
1.34453 0.999742 64294 1 -0.805729 0.513462 98 0 966 0.0727601 -0.0761737 0.0544989 0.041384 2.41683 106.992 
1.36155 1.01106 64375 1 -0.805729 0.513462 99 0 968 0.0729815 -0.0740275 0.053907 0.0530181 2.41192 106.993 
1.36531 1.0217 64415 1 -0.805729 0.513462 100 0 969 0.072579 -0.0721114 0.0527375 0.0630048 2.41916 106.986 
1.36531 1.0217 64415 1 -0.805729 0.513462 101 0 969 0.072579 -0.0721114 0.0527375 0.0630048 2.41916 106.986 
1.04533 0.878012 64454 1 -0.805729 0.513462 102 1 970 0.0777134 -0.108122 0.0463885 -0.401174 2.48976 107.361 
1.24728 1.04882 64655 1 -0.805729 0.513462 103 0 975 0.0710036 -0.0805195 0.053482 -0.149975 2.42726 106.834 
1.30889 1.08163 64695 1 -0.805729 0.513462 104 0 976 0.0699302 -0.072386 0.0558471 -0.0744298 2.41084 106.865 
1.39638 1.12679 64815 1 -0.805729 0.513462 105 0 979 0.069046 -0.0618744 0.0600864 -0.00649252 2.39244 106.948 
1.39638 1.12679 64815 1 -0.805729 0.513462 106 0 979 0.069046 -0.0618744 0.0600864 -0.00649252 2.39244 106.948 
1.39638 1.12679 64815 1 -0.805729 0.513462 107 0 979 0.069046 -0.0618744 0.0600864 -0.00649252 2.39244 106.948 
1.20992 0.901806 64855 1 -0.805729 0.513462 108 0 980 0.0767741 -0.0809804 0.0564758 -0.266268 2.46702 107.965 
1.35065 1.16687 65096 1 -0.805729 0.513462 109 0 986 0.0713388 -0.0582296 0.059827 -0.0507905 2.36477 107.17 
1.33574 1.15006 65136 1 -0.805729 0.513462 110 0 987 0.0713673 -0.060361 0.0589403 -0.0713998 2.36447 107.202 
1.33574 1.15006 65136 1 -0.805729 0.513462 111 0 987 0.0713673 -0.060361 0.0589403 -0.0713998 2.36447 107.202 
1.33574 1.15006 65136 1 -0.805729 0.513462 112 0 987 0.0713673 -0.060361 0.0589403 -0.0713998 2.36447 107.202 
1.31194 1.11494 65336 1 -0.805729 0.513462 113 0 992 0.0703886 -0.0622025 0.0565368 -0.156592 2.38203 107.018 
1.27589 1.08553 65417 1 -0.805729 0.513462 114 0 994 0.0708997 -0.0691398 0.0587101 -0.207073 2.41478 107.015 
1.27589 1.08553 65417 1 -0.805729 0.513462 115 0 994 0.0708997 -0.0691398 0.0587101 -0.207073 2.41478 107.015 
1.27589 1.08553 65417 1 -0.805729 0.513462 116 0 994 0.0708997 -0.0691398 0.0587101 -0.207073 2.41478 107.015 
1.22236 0.871393 65457 1 -0.805729 0.513462 117 0 995 0.0789153 -0.0814543 0.0573812 -0.305102 2.50499 108.276 
1.27669 1.07502 65697 1 -0.805729 0.513462 118 0 1001 0.0687757 -0.067272 0.0596025 -0.139621 2.44096 107.049 
1.26096 1.12441 65737 1 -0.805729 0.513462 119 0 1002 0.0692517 -0.0676508 0.0647227 -0.130458 2.39073 107.107 
1.26096 1.12441 65737 1 -0.805729 0.513462 120 0 1002 0.0692517 -0.0676508 0.0647227 -0.130458 2.39073 107.107 
1.26096 1.12441 65737 1 -0.805729 0.513462 121 0 1002 0.0692517 -0.0676508 0.0647227 -0.130458 2.39073 107.107 
0.796196 1.09261 65777 1 -0.805729 0.513462 122 1 1003 0.0689387 -0.0666106 0.0597988 -0.121083 2.44056 107.038 
0.796196 1.09261 65777 1 -0.805729 0.513462 123 1 1003 0.0689387 -0.0666106 0.0597988 -0.121083 2.44056 107.038 
0.796196 1.09261 65777 1 -0.805729 0.513462 124 1 1003 0.0689387 -0.0666106 0.0597988 -0.121083 2.44056 107.038 
0.0914642 1.1488 65977 1 -0.805729 0.513462 125 1 1008 0.0708611 -0.0239566 0.0719472 0.423905 2.31485 107.537 
0.0914642 1.1488 65977 1 -0.805729 0.513462 126 1 1008 0.0708611 -0.0239566 0.0719472 0.423905 2.31485 107.537 
0.0914642 1.1488 65977 1 -0.805729 0.513462 127 1 1008 0.0708611 -0.0239566 0.0719472 0.423905 2.31485 107.537 
0.00912192 1.09172 66218 1 -0.805729 0.513462 128 1 1014 0.0726389 -0.0268951 0.0656145 0.468229 2.38295 107.674 
0.00912192 1.09172 66218 1 -0.805729 0.513462 129 1 1014 0.0726389 -0.0268951 0.0656145 0.468229 2.38295 107.674 
-0.023043 1.15815 66378 1 -0.805729 0.513462 130 1 1018 0.071695 -0.0322106 0.0685988 0.426519 2.35553 107.549 
-0.023043 1.15815 66378 1 -0.805729 0.513462 131 1 1018 0.071695 -0.0322106 0.0685988 0.426519 2.35553 107.549 
-0.023043 1.15815 66378 1 -0.805729 0.513462 132 1 1018 0.071695 -0.0322106 0.0685988 0.426519 2.35553 107.549 
-0.0241654 1.17021 66538 1 -0.805729 0.513462 133 1 1022 0.0717184 -0.0304535 0.0725699 0.443977 2.29892 107.536 
-0.0241654 1.17021 66538 1 -0.805729 0.513462 134 1 1022 0.0717184 -0.0304535 0.0725699 0.443977 2.29892 107.536 
-0.00342141 1.18597 66738 1 -0.805729 0.513462 135 1 1027 0.0710282 -0.0291689 0.0736784 0.508917 2.28653 107.537 
-0.00342141 1.18597 66738 1 -0.807813 0.510577 136 1 1027 0.0710282 -0.0291689 0.0736784 0.508917 2.28653 107.537 
-0.00342141 1.18597 66738 1 -0.807813 0.510577 137 1 1027 0.0710282 -0.0291689 0.0736784 0.508917 2.28653 107.537 
0.00880676 1.1017 66899 1 -0.802604 0.510577 138 1 1031 0.0729825 -0.0278729 0.068757 0.551087 2.36088 107.548 
0.00880676 1.1017 66899 1 -0.790104 0.510577 139 1 1031 0.0729825 -0.0278729 0.068757 0.551087 2.36088 107.548 
0.0188305 1.13595 67059 1 -0.789583 0.510577 140 1 1035 0.0717605 -0.0265106 0.0729176 0.570397 2.31167 107.506 
0.0188305 1.13595 67059 1 -0.789583 0.510577 141 1 1035 0.0717605 -0.0265106 0.0729176 0.570397 2.31167 107.506 
0.0188305 1.13595 67059 1 -0.789583 0.510577 142 1 1035 0.0717605 -0.0265106 0.0729176 0.570397 2.31167 107.506 
-0.0186617 1.08665 67260 1 -0.789583 0.510577 143 1 1040 0.0734609 -0.0286522 0.0681498 0.568479 2.36071 107.52 
-0.0186617 1.08665 67260 1 -0.789583 0.510577 144 1 1040 0.0734609 -0.0286522 0.0681498 0.568479 2.36071 107.52 
-0.0186617 1.08665 67260 1 -0.789583 0.510577 145 1 1040 0.0734609 -0.0286522 0.0681498 0.568479 2.36071 107.52 
-0.011801 1.08042 67419 1 -0.789583 0.510577 146 1 1044 0.0723369 -0.0289043 0.0689674 0.560054 2.38637 107.533 
-0.011801 1.08042 67419 1 -0.789583 0.510577 147 1 1044 0.0723369 -0.0289043 0.0689674 0.560054 2.38637 107.533 
-0.0352508 1.11837 67620 1 -0.789583 0.510577 148 1 1049 0.0718669 -0.0294349 0.0714793 0.558985 2.34166 107.582 
-0.0352508 1.11837 67620 1 -0.789583 0.510577 149 1 1049 0.0718669 -0.0294349 0.0714793 0.558985 2.34166 107.582 
-0.0352508 1.11837 67620 1 -0.789583 0.510577 150 1 1049 0.0718669 -0.0294349 0.0714793 0.558985 2.34166 107.582 
0.828052 0.263709 67781 1 -0.789583 0.510577 151 1 1053 0.0771421 -0.0917523 0.0672747 -0.2095 2.35722 107.732 
1.25561 -0.0407907 68064 1 -0.789583 0.510577 152 0 1060 0.0744159 -0.0718164 0.0672998 -0.089774 2.2895 107.295 
1.23345 -0.0772121 68142 1 -0.789583 0.510577 153 0 1062 0.0745349 -0.0750903 0.064088 -0.115977 2.3197 107.213 
1.26469 -0.0600703 68221 1 -0.789583 0.510577 154 0 1064 0.074594 -0.0724541 0.0674896 -0.107843 2.31073 107.254 
1.23234 -0.0452496 68302 1 -0.789583 0.510577 155 0 1066 0.0747973 -0.0738742 0.0679199 -0.146442 2.31349 107.291 
1.21678 -0.0475377 68341 1 -0.789583 0.510577 156 0 1067 0.0744418 -0.0737218 0.0680558 -0.156469 2.30649 107.266 
1.21405 -0.0295654 68382 1 -0.789583 0.510577 157 0 1068 0.0748665 -0.0733549 0.0682755 -0.159168 2.2952 107.244 
1.21405 -0.0295654 68382 1 -0.789583 0.510577 158 0 1068 0.0748665 -0.0733549 0.0682755 -0.159168 2.2952 107.244 
1.18418 -0.0738388 68582 1 -0.789583 0.510577 159 1 1073 0.0744596 -0.0764559 0.0647274 -0.191896 2.30981 107.113 
1.18219 -0.0744834 68622 1 -0.789583 0.510577 160 1 1074 0.0737421 -0.0773549 0.065102 -0.211165 2.32929 107.095 
1.18128 -0.0406779 68702 1 -0.789583 0.510577 161 1 1076 0.0735525 -0.0772592 0.0679647 -0.22292 2.31905 107.158 
1.18361 -0.0390266 68783 1 -0.789583 0.510577 162 1 1078 0.0725034 -0.0773888 0.066698 -0.226028 2.33425 107.198 
1.18089 -0.0191734 68863 1 -0.789583 0.510577 163 1 1080 0.0727199 -0.0746436 0.0688629 -0.194785 2.28749 107.237 
1.16977 -0.018233 68903 1 -0.789583 0.510577 164 1 1081 0.0734459 -0.0770984 0.068859 -0.218191 2.27798 107.212 
1.1783 -0.0457045 68983 1 -0.789583 0.510577 165 1 1083 0.0740193 -0.0767998 0.0646472 -0.2075 2.30662 107.085 
1.17785 -0.042808 69023 1 -0.789583 0.510577 166 1 1084 0.0735068 -0.0771856 0.0653985 -0.218892 2.33925 107.105 
1.19329 -0.063913 69103 1 -0.789583 0.510577 167 1 1086 0.073307 -0.0768959 0.0647209 -0.222034 2.36801 107.15 
1.17472 -0.0710556 69184 1 -0.789583 0.510577 168 1 1088 0.0746505 -0.0793105 0.0647437 -0.250925 2.37594 107.178 
1.1576 -0.0698819 69264 1 -0.789583 0.510577 169 1 1090 0.074757 -0.0808059 0.0623045 -0.264066 2.39465 107.097 
1.16107 -0.081881 69343 1 -0.789583 0.510577 170 1 1092 0.0751388 -0.0819061 0.0642566 -0.255117 2.36148 107.165 
1.16887 -0.0585413 69383 1 -0.789583 0.510577 171 1 1093 0.0755882 -0.0818079 0.0666709 -0.243233 2.32178 107.113 
1.17235 -0.0886854 69464 1 -0.789583 0.510577 172 1 1095 0.0763547 -0.0836604 0.0646607 -0.257959 2.35317 107.086 
1.15633 -0.117118 69544 1 -0.789583 0.510577 173 1 1097 0.0743315 -0.0811035 0.0618151 -0.25911 2.41858 107.079 
1.14669 -0.0797314 69624 1 -0.789583 0.510577 174 1 1099 0.0738839 -0.0787764 0.0636536 -0.237664 2.40585 107.132 
0.789903 0.109166 69664 1 -0.789583 0.510577 175 1 1100 0.0740843 -0.0746613 0.0647442 -0.187817 2.39166 107.163 
0.501523 0.378599 69744 1 -0.789583 0.510577 176 1 1102 0.0735868 -0.0709741 0.0656702 -0.122283 2.36737 107.257 
0.498841 0.450353 69825 1 -0.789583 0.510577 177 1 1104 0.0739942 -0.0696487 0.0682341 -0.0776262 2.31277 107.255 
0.553019 0.479826 69905 1 -0.789583 0.510577 178 1 1106 0.0740178 -0.0616906 0.0700189 0.0350337 2.30465 107.324 
0.575941 0.473614 69985 1 -0.789583 0.510577 179 1 1108 0.0729399 -0.0573241 0.0689414 0.0815108 2.35667 107.342 
0.572646 0.520419 70064 1 -0.789583 0.510577 180 1 1110 0.0735043 -0.0530625 0.0705407 0.124955 2.34569 107.395 
0.57692 0.519737 70105 1 -0.789583 0.510577 181 1 1111 0.0731054 -0.0508083 0.0698656 0.144532 2.35214 107.407 
0.571418 0.524528 70185 1 -0.789583 0.510577 182 1 1113 0.0738176 -0.0513976 0.0705485 0.139882 2.32114 107.397 
0.550019 0.510228 70225 1 -0.789583 0.510577 183 1 1114 0.0751248 -0.0558883 0.0713988 0.101001 2.29894 107.398 
0.555604 0.521712 70306 1 -0.789583 0.510577 184 1 1116 0.0749623 -0.055158 0.0713324 0.108403 2.29331 107.385 
0.587088 0.500769 70386 1 -0.789583 0.510577 185 1 1118 0.0731196 -0.0483876 0.0695634 0.154464 2.34873 107.342 
0.576489 0.511323 70466 1 -0.789063 0.510577 186 1 1120 0.0727507 -0.0496056 0.0694485 0.135823 2.36703 107.333 
0.569053 0.521929 70546 1 -0.788542 0.508654 187 1 1122 0.0717212 -0.0462728 0.0693076 0.155583 2.35839 107.363 
0.562345 0.522347 70586 1 -0.788542 0.507692 188 1 1123 0.0725175 -0.0473683 0.0711233 0.139485 2.33297 107.376 
0.531484 0.509401 70666 1 -0.788542 0.507692 189 1 1125 0.0741273 -0.0558273 0.069719 0.0658376 2.32348 107.387 
0.556861 0.508511 70747 1 -0.774479 0.507692 190 1 1127 0.0747618 -0.0522679 0.0690505 0.102323 2.33017 107.356 
0.551102 0.492491 70786 1 -0.7375 0.505769 191 1 1128 0.0735851 -0.0510837 0.0675477 0.106502 2.36515 107.325 
0.555299 0.480352 70866 1 -0.734896 0.505769 192 1 1130 0.0740643 -0.0504281 0.0678743 0.110394 2.39007 107.304 
0.552967 0.46392 70946 1 -0.732292 0.503846 193 1 1132 0.0725581 -0.0505151 0.0663599 0.114272 2.41791 107.367 
0.548592 0.410454 70987 1 -0.73125 0.500962 194 1 1133 0.0716254 -0.0488875 0.0640483 0.127817 2.46076 107.612 
0.477583 0.186517 71067 1 -0.730208 0.494231 195 1 1135 0.071795 -0.0580228 0.055495 0.0329964 2.58897 108.241 
0.430741 0.125394 71146 1 -0.730208 0.493269 196 1 1137 0.0737032 -0.0656129 0.0535316 -0.0444704 2.61015 108.461 
0.421882 0.106718 71187 1 -0.730208 0.493269 197 1 1138 0.0736332 -0.0659421 0.0514608 -0.0507917 2.61995 108.439 
0.397327 0.0901405 71267 1 -0.724479 0.495192 198 1 1140 0.0722503 -0.0677607 0.0477647 -0.0965862 2.69242 108.461 
0.406663 0.126125 71347 1 -0.717187 0.497115 199 1 1142 0.0734118 -0.0660299 0.0544697 -0.0918385 2.63796 108.555 
0.43187 0.144616 71428 1 -0.715625 0.500962 200 1 1144 0.072643 -0.0599878 0.053685 -0.0369065 2.63612 108.543 
0.434089 0.182354 71508 1 -0.715104 0.500962 201 1 1146 0.0733057 -0.0607143 0.0555884 -0.0378544 2.58323 108.49 
0.434089 0.182354 71508 1 -0.715104 0.500962 202 1 1146 0.0733057 -0.0607143 0.0555884 -0.0378544 2.58323 108.49 
0.44884 0.210783 71628 1 -0.715104 0.500962 203 1 1149 0.0749142 -0.0622815 0.0546125 -0.0404981 2.54067 108.278 
0.628444 0.173853 71668 1 -0.715104 0.500962 204 1 1150 0.0741746 -0.0597456 0.0537251 -0.019237 2.54812 108.148 
1.18948 0.255632 71788 1 -0.715104 0.500962 205 1 1153 0.0739862 -0.0661076 0.0567658 -0.137405 2.53197 108.126 
1.22328 0.284853 71869 1 -0.715104 0.500962 206 0 1155 0.0734393 -0.0642163 0.0574921 -0.139806 2.51667 108.095 
1.2394 0.265674 71948 1 -0.714583 0.502885 207 0 1157 0.0739288 -0.0671186 0.0572866 -0.171023 2.50453 108.041 
1.23595 0.26034 71988 1 -0.714063 0.502885 208 0 1158 0.0741094 -0.0683305 0.0578597 -0.177095 2.48864 108.014 
1.25575 0.264288 72069 1 -0.713542 0.503846 209 0 1160 0.0745061 -0.0669798 0.0570588 -0.168642 2.49092 107.935 
1.27471 0.250451 72149 1 -0.713542 0.503846 210 0 1162 0.0740779 -0.0683968 0.0578275 -0.1938 2.51443 107.89 
1.29174 0.259563 72189 1 -0.713542 0.503846 211 0 1163 0.0744594 -0.0685221 0.0604868 -0.193251 2.49994 107.889 
1.29604 0.248509 72229 1 -0.713542 0.506731 212 0 1164 0.074406 -0.0682579 0.0610687 -0.190338 2.50171 107.885 
1.32851 0.277314 72349 1 -0.714063 0.511538 213 0 1167 0.0746615 -0.0648231 0.0623258 -0.151781 2.48433 108.041 
1.3481 0.314642 72429 1 -0.713542 0.514423 214 0 1169 0.0735275 -0.0641502 0.0644209 -0.13017 2.44344 108.167 
1.36441 0.303857 72470 1 -0.714063 0.514423 215 0 1170 0.0744247 -0.0627875 0.0640863 -0.112778 2.44741 108.152 
1.3754 0.288281 72550 1 -0.714063 0.514423 216 0 1172 0.0743558 -0.0591254 0.0652553 -0.0900292 2.46606 108.093 
1.39298 0.295755 72590 1 -0.714063 0.514423 217 0 1173 0.0748661 -0.0566614 0.0662619 -0.066706 2.46492 108.163 
1.3837 0.306861 72710 1 -0.714063 0.514423 218 0 1176 0.0746352 -0.0576028 0.0654889 -0.0716812 2.47036 108.087 
1.38575 0.293883 72750 1 -0.711979 0.514423 219 0 1177 0.0745335 -0.0583513 0.062749 -0.0745587 2.48828 108.024 
1.36105 0.286626 72830 1 -0.710417 0.514423 220 0 1179 0.0745837 -0.0632223 0.0597103 -0.117373 2.49121 108.022 
1.34955 0.264475 72870 1 -0.710417 0.514423 221 0 1180 0.0741802 -0.0631353 0.0581122 -0.112335 2.49611 107.994 
1.34955 0.264475 72870 1 -0.710417 0.514423 222 0 1180 0.0741802 -0.0631353 0.0581122 -0.112335 2.49611 107.994 
1.37056 0.230053 73030 1 -0.713542 0.514423 223 0 1184 0.0758172 -0.0605955 0.0628903 -0.104223 2.51211 107.879 
1.36218 0.288168 73111 1 -0.753125 0.514423 224 0 1186 0.0757258 -0.0601108 0.064708 -0.0995703 2.49162 107.805 
1.36522 0.306194 73151 1 -0.768229 0.514423 225 0 1187 0.0755259 -0.0593798 0.0644316 -0.0905191 2.48944 107.882 
1.36027 0.308101 73191 1 -0.772396 0.514423 226 0 1188 0.0753249 -0.0597696 0.0633184 -0.0877066 2.49047 107.894 
1.31297 0.280444 73311 1 -0.772396 0.515385 227 0 1191 0.0759997 -0.0684304 0.0585598 -0.147787 2.50388 107.869 
1.31684 0.25598 73391 1 -0.772396 0.515385 228 0 1193 0.0766054 -0.0673381 0.0579297 -0.146465 2.52512 107.816 
1.33412 0.251869 73431 1 -0.772396 0.515385 229 0 1194 0.0764081 -0.0645124 0.0613942 -0.12458 2.51338 107.797 
1.34426 0.311931 73511 1 -0.771354 0.516346 230 0 1196 0.0766591 -0.0623954 0.0654539 -0.113152 2.48384 107.812 
1.34426 0.311931 73511 1 -0.772396 0.525 231 0 1196 0.0766591 -0.0623954 0.0654539 -0.113152 2.48384 107.812 
1.28849 0.248704 73632 1 -0.777604 0.534615 232 0 1199 0.0762891 -0.0604207 0.062479 -0.0901892 2.49287 107.958 
0.459455 -0.344748 73752 1 -0.777604 0.534615 233 0 1202 0.0770911 -0.0656425 0.0585215 -0.0951873 2.49791 107.985 
0.456697 -0.313101 73791 1 -0.777604 0.534615 234 0 1203 0.0767201 -0.0651948 0.0582007 -0.0871378 2.5005 107.953 
0.450157 -0.337108 73832 1 -0.777604 0.534615 235 0 1204 0.0770092 -0.0629234 0.0593893 -0.0648158 2.5031 107.905 
0.450157 -0.337108 73832 1 -0.78125 0.531731 236 0 1204 0.0770092 -0.0629234 0.0593893 -0.0648158 2.5031 107.905 
0.442736 -0.254546 74033 1 -0.78125 0.531731 237 0 1209 0.0763567 -0.0603221 0.0677885 -0.0587389 2.45762 107.774 
0.440856 -0.266255 74073 1 -0.78125 0.531731 238 0 1210 0.0758759 -0.0598564 0.0666332 -0.0562322 2.46048 107.768 
0.410337 -0.291409 74152 1 -0.78125 0.531731 239 0 1212 0.0751001 -0.0641521 0.0634756 -0.0869849 2.46583 107.762 
0.410337 -0.291409 74152 1 -0.78125 0.531731 240 0 1212 0.0751001 -0.0641521 0.0634756 -0.0869849 2.46583 107.762 
0.401666 -0.2966 74192 1 -0.78125 0.531731 241 0 1213 0.0753049 -0.0658984 0.0601327 -0.098894 2.48363 107.774 
0.425222 -0.360985 74353 1 -0.780208 0.538462 242 0 1217 0.0741215 -0.0651728 0.0638011 -0.0973418 2.54393 107.599 
0.437973 -0.430765 74433 1 -0.781771 0.542308 243 0 1219 0.0724533 -0.0644278 0.0626996 -0.113806 2.57094 107.59 
0.467981 -0.408028 74474 1 -0.784375 0.543269 244 0 1220 0.0725013 -0.0604022 0.0626313 -0.0873866 2.55983 107.603 
0.467981 -0.408028 74474 1 -0.784375 0.543269 245 0 1220 0.0725013 -0.0604022 0.0626313 -0.0873866 2.55983 107.603 
0.501938 -0.31211 74633 1 -0.784375 0.543269 246 0 1224 0.0715887 -0.0534901 0.0662299 -0.0177963 2.44245 107.711 
0.506643 -0.355693 74714 1 -0.784375 0.543269 247 0 1226 0.0728215 -0.0508641 0.0645866 -0.00301242 2.46431 107.638 
0.522588 -0.345845 74754 1 -0.784375 0.543269 248 0 1227 0.0727493 -0.0470777 0.0693023 0.0247494 2.4354 107.621 
0.553971 -0.311797 74794 1 -0.784375 0.543269 249 0 1228 0.0730161 -0.0432475 0.0742889 0.0599583 2.40196 107.684 
0.553971 -0.311797 74794 1 -0.784375 0.543269 250 0 1228 0.0730161 -0.0432475 0.0742889 0.0599583 2.40196 107.684 
0.548045 -0.313993 74954 1 -0.784375 0.543269 251 0 1232 0.0725976 -0.0408428 0.0702212 0.0733629 2.41611 107.715 
0.541107 -0.30471 75034 1 -0.784375 0.543269 252 0 1234 0.0719535 -0.0436115 0.0655098 0.0581492 2.42088 107.78 
0.509703 -0.338164 75115 1 -0.784375 0.543269 253 0 1236 0.0721164 -0.0495398 0.0595858 0.000678494 2.44949 107.626 
0.509703 -0.338164 75115 1 -0.784375 0.543269 254 0 1236 0.0721164 -0.0495398 0.0595858 0.000678494 2.44949 107.626 
0.511235 -0.385705 75155 1 -0.784375 0.543269 255 0 1237 0.0730858 -0.0503763 0.0579834 -0.0153976 2.46492 107.685 
0.538861 -0.441738 75317 1 -0.784375 0.543269 256 0 1241 0.0731947 -0.0475877 0.0601102 0.00156213 2.47478 107.735 
0.56908 -0.416249 75397 1 -0.784375 0.543269 257 0 1243 0.0726375 -0.042582 0.0609511 0.055969 2.44265 107.718 
0.541397 -0.417775 75435 1 -0.767708 0.521154 258 0 1244 0.0724293 -0.0475715 0.0583842 0.0093452 2.46416 107.73 
0.541397 -0.417775 75435 1 -0.763542 0.516346 259 0 1244 0.0724293 -0.0475715 0.0583842 0.0093452 2.46416 107.73 
0.511416 -0.362549 75596 1 -0.763542 0.516346 260 0 1248 0.0737021 -0.0520606 0.0606549 -0.0153371 2.41516 107.665 
0.580268 -0.168308 75675 1 -0.763542 0.516346 261 1 1250 0.0729455 -0.0485399 0.0651553 0.0167254 2.42485 107.674 
0.633707 0.683192 75715 1 -0.763542 0.516346 262 1 1251 0.0716046 -0.037728 0.0697949 0.130067 2.40261 107.617 
0.715929 0.949884 75755 1 -0.763542 0.516346 263 1 1252 0.0709292 -0.0320198 0.0729785 0.187142 2.39108 107.651 
0.715929 0.949884 75755 1 -0.763542 0.516346 264 1 1252 0.0709292 -0.0320198 0.0729785 0.187142 2.39108 107.651 
0.76792 1.02878 75916 1 -0.763542 0.516346 265 1 1256 0.0691575 -0.0297092 0.0734292 0.230805 2.38837 107.703 
0.719878 1.05011 75997 1 -0.763542 0.516346 266 1 1258 0.0699262 -0.0350825 0.0739654 0.215275 2.35371 107.711 
0.712401 1.00774 76076 1 -0.763542 0.516346 267 1 1260 0.0713099 -0.0359279 0.0736446 0.210362 2.38511 107.649 
0.713202 1.03224 76116 1 -0.763542 0.516346 268 1 1261 0.070722 -0.0365622 0.0786717 0.200896 2.35974 107.636 
0.736502 1.08047 76196 1 -0.75625 0.501923 269 1 1263 0.0703712 -0.0344611 0.0821596 0.218719 2.33526 107.669 
0.765693 1.14753 76278 1 -0.755208 0.500962 270 1 1265 0.0694198 -0.0287789 0.0840744 0.265976 2.30878 107.703 
0.761606 1.13456 76317 1 -0.755208 0.500962 271 1 1266 0.0689726 -0.0282475 0.0814126 0.266295 2.3145 107.713 
0.738088 1.07533 76397 1 -0.755208 0.500962 272 1 1268 0.0682133 -0.0323808 0.0756907 0.241549 2.33983 107.659 
0.709484 1.08451 76477 1 -0.751042 0.499038 273 1 1270 0.0694639 -0.0376434 0.0752778 0.203041 2.32073 107.627 
0.712223 1.04806 76517 1 -0.75 0.477885 274 1 1271 0.0688527 -0.0374281 0.0725728 0.207345 2.35915 107.601 
0.685862 1.06453 76597 1 -0.75 0.477885 275 1 1273 0.0692 -0.0399644 0.0811576 0.177674 2.32383 107.589 
0.731203 1.12237 76678 1 -0.75 0.477885 276 1 1275 0.0703792 -0.0363194 0.0848914 0.213303 2.29117 107.612 
0.74171 1.13097 76718 1 -0.75 0.477885 277 1 1276 0.069551 -0.0340386 0.0849049 0.229922 2.29097 107.65 
0.747732 1.09644 76797 1 -0.750521 0.477885 278 1 1278 0.0686115 -0.0304447 0.0800955 0.262156 2.31613 107.641 
0.712575 1.07766 76878 1 -0.751563 0.492308 279 1 1280 0.0687721 -0.0360774 0.0764907 0.224389 2.33387 107.618 
0.707642 1.06616 76918 1 -0.752083 0.494231 280 1 1281 0.0692624 -0.0372999 0.0754508 0.217025 2.33511 107.569 
0.694991 1.02781 76998 1 -0.752083 0.494231 281 1 1283 0.0706746 -0.0385528 0.0749427 0.197746 2.36812 107.491 
0.717788 1.06992 77079 1 -0.752083 0.494231 282 1 1285 0.0706379 -0.0368134 0.0834488 0.209497 2.32127 107.599 
0.739571 1.12217 77158 1 -0.752083 0.494231 283 1 1287 0.0705098 -0.0346515 0.0862848 0.227376 2.28986 107.631 
0.738808 1.09901 77198 1 -0.752083 0.494231 284 1 1288 0.0704996 -0.0321065 0.0825097 0.247491 2.31226 107.623 
0.72564 1.07636 77279 1 -0.752083 0.494231 285 1 1290 0.069933 -0.0339351 0.0793971 0.231695 2.33133 107.606 
0.700314 1.05964 77359 1 -0.752083 0.494231 286 1 1292 0.0708134 -0.0377529 0.075899 0.209684 2.34218 107.61 
0.713004 1.01539 77439 1 -0.752083 0.494231 287 1 1294 0.0711947 -0.0354686 0.0754912 0.232294 2.3672 107.576 
0.725213 1.03458 77479 1 -0.752083 0.494231 288 1 1295 0.0714736 -0.0346927 0.0792729 0.233201 2.339 107.589 
0.727386 1.06364 77559 1 -0.752083 0.494231 289 1 1297 0.0716374 -0.0342897 0.0850399 0.234459 2.30882 107.679 
0.541459 0.976545 77639 1 -0.752083 0.494231 290 1 1299 0.0715742 -0.0339191 0.0841683 0.238806 2.31996 107.656 
-0.115391 0.737577 77719 1 -0.752083 0.494231 291 1 1301 0.0705706 -0.0349579 0.0841577 0.238639 2.33365 107.713 
-0.139492 0.65207 77760 1 -0.752083 0.494231 292 1 1302 0.0706327 -0.0358427 0.0825391 0.239844 2.34939 107.755 
-0.152994 0.590571 77840 1 -0.752083 0.494231 293 1 1304 0.0711636 -0.0344148 0.0812564 0.271556 2.33806 107.671 
-0.221451 0.531885 77919 1 -0.752083 0.494231 294 0 1306 0.0705415 -0.0349202 0.0814546 0.264449 2.38163 107.634 
-0.234964 0.496815 77960 1 -0.752083 0.494231 295 0 1307 0.0702286 -0.0346012 0.0809321 0.265532 2.40072 107.622 
-0.246375 0.509343 78040 1 -0.752083 0.494231 296 0 1309 0.0701064 -0.0352669 0.0822355 0.25264 2.39128 107.559 
-0.235737 0.487168 78120 1 -0.752083 0.494231 297 0 1311 0.0693559 -0.0352727 0.0812361 0.241252 2.38762 107.596 
-0.241929 0.469857 78201 1 -0.752083 0.494231 298 0 1313 0.0694447 -0.035679 0.0810769 0.24282 2.35808 107.67 
-0.241749 0.460523 78241 1 -0.752083 0.494231 299 0 1314 0.0698866 -0.0362438 0.0812143 0.24065 2.33866 107.674 
-0.241749 0.460523 78241 1 -0.752083 0.494231 300 0 1314 0.0698866 -0.0362438 0.0812143 0.24065 2.33866 107.674 
-0.264826 0.469596 78441 1 -0.752083 0.494231 301 0 1319 0.0703374 -0.0361106 0.0865611 0.214345 2.30664 107.678 
-0.268606 0.471966 78481 1 -0.752083 0.494231 302 0 1320 0.0703602 -0.0355506 0.084844 0.215672 2.31672 107.691 
-0.272808 0.478805 78561 1 -0.753646 0.494231 303 0 1322 0.0700467 -0.0352542 0.0830269 0.214087 2.31982 107.742 
-0.272808 0.478805 78561 1 -0.755729 0.493269 304 0 1322 0.0700467 -0.0352542 0.0830269 0.214087 2.31982 107.742 
-0.272808 0.478805 78561 1 -0.75625 0.493269 305 0 1322 0.0700467 -0.0352542 0.0830269 0.214087 2.31982 107.742 
-0.288356 0.405319 78761 1 -0.75625 0.493269 306 0 1327 0.0706696 -0.0362968 0.071807 0.227564 2.36791 107.719 
-0.271546 0.40208 78842 1 -0.75625 0.493269 307 0 1329 0.0705292 -0.0351508 0.0751145 0.239082 2.36909 107.642 
-0.278124 0.441231 78882 1 -0.75625 0.493269 308 0 1330 0.0707341 -0.0374515 0.0794433 0.222553 2.33412 107.724 
-0.278124 0.441231 78882 1 -0.75625 0.493269 309 0 1330 0.0707341 -0.0374515 0.0794433 0.222553 2.33412 107.724 
-0.277756 0.432994 79041 1 -0.75625 0.493269 310 0 1334 0.0694466 -0.0353803 0.0775859 0.240429 2.34097 107.736 
-0.277304 0.423562 79122 1 -0.75625 0.493269 311 0 1336 0.0703882 -0.0372235 0.0734152 0.247487 2.36132 107.754 
-0.227074 0.421658 79202 1 -0.75625 0.493269 312 0 1338 0.0709974 -0.0321125 0.0735022 0.314455 2.3601 107.712 
-0.227074 0.421658 79202 1 -0.75625 0.493269 313 0 1338 0.0709974 -0.0321125 0.0735022 0.314455 2.3601 107.712 
-0.227074 0.421658 79202 1 -0.75625 0.493269 314 0 1338 0.0709974 -0.0321125 0.0735022 0.314455 2.3601 107.712 
-0.268312 0.424786 79402 1 -0.75625 0.493269 315 0 1343 0.0714509 -0.0366556 0.0838048 0.239418 2.31884 107.691 
-0.267759 0.422965 79442 1 -0.75625 0.493269 316 0 1344 0.0717643 -0.03691 0.0840187 0.235035 2.31282 107.683 
-0.28026 0.437631 79523 1 -0.75625 0.493269 317 0 1346 0.070777 -0.038707 0.0839038 0.230417 2.30728 107.714 
-0.28026 0.437631 79523 1 -0.75625 0.493269 318 0 1346 0.070777 -0.038707 0.0839038 0.230417 2.30728 107.714 
0.178778 0.282635 79683 1 -0.75625 0.493269 319 1 1350 0.0735766 -0.0377818 0.0828146 0.248468 2.29975 107.633 
0.178778 0.282635 79683 1 -0.75625 0.493269 320 1 1350 0.0735766 -0.0377818 0.0828146 0.248468 2.29975 107.633 
1.22016 2.81857 79724 1 -0.75625 0.493269 321 0 1351 0.0735766 -0.0377818 0.0828146 0.248468 2.29975 107.633 
0.93527 3.08571 79763 1 -0.75625 0.493269 322 0 1352 0.0702111 -0.0478658 0.0754948 0.128538 2.41788 107.379 
0.93527 3.08571 79763 1 -0.75625 0.493269 323 0 1352 0.0702111 -0.0478658 0.0754948 0.128538 2.41788 107.379 
-2.12432 2.99904 79803 1 -0.75625 0.493269 324 0 1353 0.0715612 -0.0458529 0.0756368 0.138817 2.42434 107.552 
0.131016 -0.280481 80087 1 -0.75625 0.493269 325 0 1360 0.0748064 -0.0413261 0.07586 0.218519 2.34383 107.449 
0.146517 -0.309139 80164 1 -0.75625 0.493269 326 0 1362 0.0749669 -0.040543 0.0800088 0.223917 2.3363 107.439 
0.146517 -0.309139 80164 1 -0.75625 0.493269 327 0 1362 0.0749669 -0.040543 0.0800088 0.223917 2.3363 107.439 
0.160436 -0.29845 80204 1 -0.75625 0.493269 328 0 1363 0.074595 -0.0388431 0.0812545 0.236854 2.32731 107.46 
0.110696 -0.307498 80367 1 -0.75625 0.493269 329 0 1367 0.0728603 -0.0439343 0.0799539 0.170017 2.31447 107.481 
0.114145 -0.380892 80447 1 -0.75625 0.493269 330 0 1369 0.0728715 -0.042305 0.0719127 0.209425 2.3677 107.474 
0.122911 -0.374167 80485 1 -0.75625 0.493269 331 0 1370 0.0735416 -0.0411822 0.0713311 0.227785 2.36695 107.45 
0.122911 -0.374167 80485 1 -0.75625 0.493269 332 0 1370 0.0735416 -0.0411822 0.0713311 0.227785 2.36695 107.45 
0.14637 -0.438936 80645 1 -0.75625 0.493269 333 0 1374 0.0783447 -0.0429022 0.0745339 0.212739 2.40864 107.486 
0.152106 -0.403837 80725 1 -0.75625 0.493269 334 0 1376 0.0782372 -0.0401067 0.0742459 0.232956 2.40624 107.539 
0.145467 -0.356544 80806 1 -0.75625 0.493269 335 0 1378 0.0766097 -0.0392575 0.0712578 0.238 2.41306 107.496 
0.145467 -0.356544 80806 1 -0.75625 0.493269 336 0 1378 0.0766097 -0.0392575 0.0712578 0.238 2.41306 107.496 
0.100099 -0.379668 80965 1 -0.75625 0.493269 337 0 1382 0.077463 -0.0450371 0.0690595 0.211961 2.40629 107.346 
0.0954567 -0.397428 81005 1 -0.75625 0.493269 338 0 1383 0.0776789 -0.0467696 0.0720388 0.195568 2.40201 107.325 
0.0989668 -0.378918 81086 1 -0.757813 0.493269 339 0 1385 0.0787685 -0.0480314 0.0758023 0.179278 2.40218 107.331 
0.392336 -0.310522 81126 1 -0.758333 0.493269 340 0 1386 0.0791411 -0.0481725 0.0767715 0.17562 2.39378 107.352 
0.392336 -0.310522 81126 1 -0.758333 0.493269 341 0 1386 0.0791411 -0.0481725 0.0767715 0.17562 2.39378 107.352 
0.597966 -0.164583 81286 1 -0.758333 0.493269 342 1 1390 0.0755911 -0.0422371 0.0729779 0.215304 2.38557 107.377 
0.554826 -0.168803 81367 1 -0.758333 0.493269 343 1 1392 0.0733505 -0.0480028 0.0703803 0.155039 2.39672 107.255 
0.551329 -0.171899 81406 1 -0.758333 0.493269 344 1 1393 0.0740493 -0.0486974 0.071755 0.148861 2.38728 107.258 
0.562549 -0.168648 81446 1 -0.758333 0.493269 345 1 1394 0.0747406 -0.0484409 0.0757255 0.158561 2.35854 107.256 
0.562549 -0.168648 81446 1 -0.758333 0.493269 346 1 1394 0.0747406 -0.0484409 0.0757255 0.158561 2.35854 107.256 
0.586459 -0.319968 81607 1 -0.758333 0.493269 347 0 1398 0.0771877 -0.0462896 0.0725467 0.154641 2.4883 107.424 
0.861839 0.263087 81687 1 -0.758333 0.493269 348 1 1400 0.0762856 -0.0450299 0.0718166 0.1588 2.47823 107.356 
1.11467 0.987974 81768 1 -0.758333 0.493269 349 1 1402 0.0743319 -0.0404978 0.0787593 0.213244 2.37627 107.45 
1.13895 1.03338 81807 1 -0.758333 0.493269 350 1 1403 0.0736156 -0.0390464 0.0804521 0.232489 2.34884 107.422 
1.16088 1.08416 81888 1 -0.758333 0.493269 351 1 1405 0.0736976 -0.0375009 0.0813871 0.254237 2.35114 107.346 
1.14125 1.11795 81968 1 -0.758333 0.492308 352 1 1407 0.072398 -0.0381065 0.0788725 0.229599 2.42571 107.185 
1.11371 1.13144 82047 1 -0.758333 0.492308 353 1 1409 0.0722583 -0.0415776 0.0789451 0.171841 2.42534 107.177 
1.12489 1.19729 82088 1 -0.758333 0.492308 354 1 1410 0.0715834 -0.0402082 0.0822191 0.175716 2.37316 107.223 
1.14136 1.22138 82168 1 -0.758333 0.492308 355 0 1412 0.0718873 -0.0373823 0.0842359 0.183865 2.30881 107.316 
1.11658 1.15284 82248 1 -0.758333 0.4875 356 1 1414 0.0711661 -0.0410375 0.079915 0.153682 2.32711 107.348 
1.09918 1.1429 82288 1 -0.757813 0.477885 357 1 1415 0.0715794 -0.0431283 0.081956 0.139705 2.31183 107.333 
1.08091 1.12818 82368 1 -0.754687 0.474038 358 1 1417 0.0731228 -0.0472146 0.0809324 0.115568 2.32805 107.376 
1.10515 1.13855 82448 1 -0.754687 0.474038 359 1 1419 0.0732329 -0.0439098 0.0801023 0.145603 2.32608 107.443 
1.11344 1.13254 82488 1 -0.753646 0.473077 360 1 1420 0.0721806 -0.0417338 0.0782288 0.156431 2.34161 107.448 
1.12618 1.10264 82569 1 -0.753646 0.473077 361 1 1422 0.0714701 -0.0396394 0.0737091 0.169063 2.36391 107.457 
1.11408 1.07278 82649 1 -0.753646 0.473077 362 1 1424 0.0720637 -0.0408006 0.0696809 0.151205 2.39469 107.387 
1.11242 1.0848 82729 1 -0.753646 0.473077 363 1 1426 0.0719375 -0.0438644 0.0759039 0.122709 2.36725 107.286 
1.14691 1.17222 82809 1 -0.753646 0.473077 364 1 1428 0.0731737 -0.0437932 0.0819116 0.1255 2.35638 107.353 
1.14306 1.17365 82849 1 -0.753646 0.473077 365 1 1429 0.0733404 -0.0451025 0.0824839 0.115868 2.3545 107.369 
1.1315 1.20281 82929 1 -0.753646 0.473077 366 0 1431 0.0722081 -0.0449704 0.0847125 0.119473 2.31933 107.392 
1.07899 1.17642 83010 1 -0.753646 0.473077 367 1 1433 0.0722185 -0.0489752 0.0804002 0.0901408 2.33832 107.392 
1.06483 1.12165 83090 1 -0.753646 0.473077 368 1 1435 0.0740502 -0.0484748 0.0775904 0.113393 2.34663 107.345 
1.06884 1.12017 83129 1 -0.753646 0.473077 369 1 1436 0.0748705 -0.0481783 0.078318 0.122675 2.34234 107.337 
1.12664 1.17848 83210 1 -0.753646 0.473077 370 1 1438 0.0741737 -0.0438986 0.0811397 0.158611 2.36673 107.282 
1.12234 1.10195 83290 1 -0.753646 0.473077 371 1 1440 0.0740215 -0.0423333 0.0760854 0.152594 2.46697 107.331 
1.1492 1.09788 83330 1 -0.753646 0.473077 372 1 1441 0.0732479 -0.0400583 0.0750847 0.169366 2.47691 107.374 
1.11466 1.15255 83410 1 -0.753646 0.473077 373 1 1443 0.0721104 -0.0459982 0.0753559 0.106777 2.43834 107.37 
1.08994 1.19678 83490 1 -0.753646 0.473077 374 1 1445 0.071724 -0.0466543 0.0814163 0.12768 2.33698 107.416 
1.1181 1.16566 83570 1 -0.750521 0.473077 375 1 1447 0.074154 -0.0431017 0.0810255 0.204681 2.32683 107.372 
1.15444 1.13621 83650 1 -0.744792 0.479808 376 1 1449 0.0745662 -0.0390775 0.0788888 0.249787 2.40027 107.337 
1.15308 1.08321 83691 1 -0.719271 0.499038 377 1 1450 0.0743054 -0.0380837 0.0761287 0.245477 2.46419 107.275 
1.17237 0.301927 83771 1 -0.702083 0.519231 378 1 1452 0.0760998 -0.0431697 0.0780245 0.15013 2.46028 107.333 
1.05245 0.0704396 83851 1 -0.695833 0.535577 379 1 1454 0.0745002 -0.04614 0.0706397 0.0718621 2.50677 107.295 
0.928306 0.0328573 83931 1 -0.69375 0.521154 380 1 1456 0.0722325 -0.0617487 0.0696658 -0.0955237 2.46808 107.136 
0.880049 0.00920884 83971 1 -0.69375 0.520192 381 1 1457 0.071957 -0.0675001 0.0700211 -0.14866 2.44211 107.051 
0.868722 -0.0247132 84051 1 -0.690625 0.522115 382 1 1459 0.0766407 -0.069462 0.0756278 -0.141581 2.3672 107.164 
0.851776 -0.187107 84132 1 -0.691146 0.522115 383 1 1461 0.0793967 -0.0738586 0.0687363 -0.171376 2.4857 107.153 
0.866125 -0.234297 84172 1 -0.695833 0.525 384 0 1462 0.0802044 -0.073537 0.0653567 -0.173817 2.5432 107.116 
0.889975 -0.229119 84251 1 -0.711979 0.550962 385 0 1464 0.0796378 -0.0698723 0.0644738 -0.157457 2.54424 107.16 
0.906968 -0.198017 84332 1 -0.726042 0.569231 386 1 1466 0.0771839 -0.0601861 0.0650994 -0.100052 2.51345 107.193 
0.974644 -0.0584185 84412 1 -0.729167 0.581731 387 1 1468 0.0766267 -0.0476726 0.0741535 0.0119992 2.36181 107.344 
0.980947 -0.0943443 84452 1 -0.728125 0.582692 388 1 1469 0.0763143 -0.0455753 0.0682197 0.0329361 2.4007 107.372 
0.949167 -0.169095 84533 1 -0.728125 0.582692 389 1 1471 0.0771739 -0.0523936 0.0622462 -0.0297944 2.45224 107.244 
0.934726 -0.177424 84573 1 -0.728125 0.582692 390 1 1472 0.0776668 -0.0563041 0.0652458 -0.0616675 2.44398 107.194 
0.934726 -0.177424 84573 1 -0.728125 0.582692 391 1 1472 0.0776668 -0.0563041 0.0652458 -0.0616675 2.44398 107.194 
0.934577 -0.122254 84732 1 -0.728125 0.582692 392 1 1476 0.0789675 -0.055648 0.0730961 -0.0527271 2.40157 107.229 
0.947895 -0.108696 84813 1 -0.727604 0.592308 393 1 1478 0.0778018 -0.0505553 0.0734278 -0.00988271 2.39519 107.233 
0.950792 -0.105291 84853 1 -0.728125 0.598077 394 1 1479 0.0772869 -0.0506627 0.0736923 -0.00740041 2.38806 107.265 
0.932911 -0.125449 84933 1 -0.728125 0.619231 395 1 1481 0.0767859 -0.0548071 0.0692083 -0.0450638 2.41113 107.187 
0.91932 -0.119366 85013 1 -0.691667 0.692308 396 1 1483 0.0764426 -0.0544191 0.0704322 -0.0470895 2.41635 107.183 
0.923733 -0.167404 85093 1 -0.672917 0.726923 397 1 1485 0.0775011 -0.0556446 0.0709482 -0.0601824 2.43377 107.153 
0.935889 -0.181995 85174 1 -0.651563 0.748077 398 1 1487 0.0772184 -0.0519819 0.0707518 -0.0389055 2.44891 107.181 
0.954426 -0.152479 85214 1 -0.610417 0.757692 399 1 1488 0.0757753 -0.0491988 0.0728093 -0.015619 2.4234 107.123 
0.961593 -0.100148 85294 1 -0.590104 0.7625 400 1 1490 0.0754628 -0.0491617 0.0747777 -0.00591952 2.38168 107.17 
0.947903 -0.0907759 85374 1 -0.588021 0.765385 401 1 1492 0.0761331 -0.0512878 0.0725303 -0.00985095 2.37512 107.195 
0.932067 -0.111348 85414 1 -0.589063 0.766346 402 1 1493 0.0766201 -0.0535202 0.0708866 -0.0318811 2.39046 107.137 
0.934943 -0.13155 85494 1 -0.595833 0.770192 403 1 1495 0.0770954 -0.0530755 0.074033 -0.0336087 2.39588 107.141 
0.951177 -0.133059 85574 1 -0.598437 0.771154 404 1 1497 0.0780194 -0.0513374 0.0740979 -0.0251606 2.39986 107.194 
0.975553 -0.0995958 85655 1 -0.598958 0.773077 405 1 1499 0.0757446 -0.0443394 0.0747452 0.0287143 2.37451 107.325 
0.97114 -0.0699803 85695 1 -0.598958 0.773077 406 1 1500 0.0746225 -0.0425668 0.0707216 0.0517444 2.39085 107.317 
0.206338 0.892159 85814 1 -0.6 0.774038 407 1 1503 0.0737192 -0.0349184 0.0710659 0.209887 2.35111 107.436 
0.210991 0.923104 85897 1 -0.613021 0.775962 408 1 1505 0.0736241 -0.0362896 0.0702164 0.21825 2.38443 107.398 
0.243605 1.02478 85980 1 -0.654687 0.775962 409 1 1507 0.0739997 -0.0308274 0.0816983 0.281063 2.33235 107.46 
0.269393 1.0711 86056 1 -0.697917 0.774038 410 1 1509 0.0737282 -0.0283474 0.0855863 0.305639 2.29907 107.542 
0.265112 1.07135 86096 1 -0.716667 0.774038 411 1 1510 0.0725986 -0.0283448 0.0842795 0.299623 2.31031 107.536 
0.252419 1.05938 86175 1 -0.723958 0.775 412 1 1512 0.0712919 -0.0287552 0.078535 0.301147 2.33838 107.542 
0.24554 1.01983 86255 1 -0.729167 0.775 413 1 1514 0.0714155 -0.0319934 0.0764709 0.306209 2.34722 107.519 
0.284211 1.02905 86336 1 -0.729167 0.775 414 1 1516 0.0735259 -0.0275761 0.0811435 0.368937 2.32131 107.452 
0.289408 1.02562 86376 1 -0.729167 0.775 415 1 1517 0.0739063 -0.0270952 0.0842923 0.374049 2.31619 107.455 
0.292666 1.05994 86456 1 -0.729167 0.775 416 1 1519 0.0735163 -0.0280547 0.0848805 0.346491 2.35075 107.504 
0.265943 1.11039 86536 1 -0.729167 0.775 417 1 1521 0.0731676 -0.0306749 0.0863107 0.296713 2.32218 107.511 
0.275573 1.14054 86576 1 -0.729167 0.775 418 1 1522 0.0720946 -0.0287576 0.0866228 0.311613 2.30668 107.53 
0.260287 1.11818 86656 1 -0.729167 0.775 419 1 1524 0.071753 -0.0312022 0.083958 0.313371 2.30016 107.492 
0.26877 1.05198 86737 1 -0.729167 0.775 420 1 1526 0.0735248 -0.0280602 0.081284 0.388214 2.3217 107.429 
0.287575 1.02777 86817 1 -0.729167 0.775 421 1 1528 0.0745891 -0.0273938 0.0829127 0.414682 2.35131 107.391 
0.312334 1.05124 86856 1 -0.729688 0.774038 422 1 1529 0.0744972 -0.0238883 0.0812749 0.445165 2.39675 107.401 
0.351946 1.07155 86937 1 -0.729688 0.774038 423 1 1531 0.0740808 -0.0183751 0.0834951 0.486962 2.39143 107.424 
0.355644 1.0747 86977 1 -0.729688 0.773077 424 1 1532 0.0739139 -0.0173946 0.0824614 0.48648 2.39021 107.424 
0.36212 1.10827 87057 1 -0.730729 0.768269 425 1 1534 0.0727465 -0.0188039 0.0857155 0.456748 2.33033 107.459 
0.331874 1.12248 87137 1 -0.731771 0.766346 426 1 1536 0.0722309 -0.0204882 0.0863495 0.459118 2.28278 107.492 
0.326268 1.09812 87178 1 -0.731771 0.766346 427 1 1537 0.0728764 -0.0227967 0.0850063 0.455077 2.28743 107.527 
0.325283 1.06666 87257 1 -0.731771 0.766346 428 1 1539 0.0748204 -0.025401 0.0834091 0.446123 2.32136 107.48 
0.315281 1.07214 87337 1 -0.733333 0.765385 429 1 1541 0.075812 -0.0261331 0.0828217 0.424382 2.3771 107.481 
0.345655 1.09211 87418 1 -0.733854 0.763462 430 1 1543 0.0758352 -0.0210622 0.0844076 0.465894 2.36994 107.474 
0.364306 1.09575 87498 1 -0.735417 0.757692 431 1 1545 0.0741287 -0.0191462 0.085164 0.466751 2.34024 107.515 
0.33997 1.14115 87579 1 -0.736979 0.751923 432 1 1547 0.0728517 -0.0214052 0.0872411 0.456443 2.2781 107.517 
0.315289 1.10025 87618 1 -0.7375 0.75 433 1 1548 0.073537 -0.025713 0.0847511 0.431915 2.29208 107.508 
-0.027534 0.684348 87698 1 -0.738021 0.748077 434 1 1550 0.0758677 -0.0313579 0.0818137 0.392758 2.33122 107.415 
-0.027534 0.684348 87698 1 -0.738021 0.739423 435 1 1550 0.0758677 -0.0313579 0.0818137 0.392758 2.33122 107.415 
-0.163739 0.383311 87738 1 -0.738021 0.735577 436 1 1551 0.0775283 -0.0353551 0.0776267 0.342852 2.39869 107.332 
-0.156072 0.153832 87901 1 -0.738021 0.734615 437 1 1555 0.0775015 -0.0298 0.0806787 0.355674 2.42534 107.337 
-0.216837 0.176639 87978 1 -0.738021 0.734615 438 0 1557 0.0755449 -0.0308475 0.0792809 0.339571 2.40202 107.317 
-0.314884 0.192782 88059 1 -0.738021 0.733654 439 0 1559 0.0740297 -0.0371403 0.0768905 0.30404 2.37422 107.255 
-0.334611 0.193624 88099 1 -0.738021 0.730769 440 0 1560 0.074957 -0.0416753 0.0789579 0.285955 2.32889 107.329 
-0.370149 0.131021 88179 1 -0.738021 0.727885 441 0 1562 0.0770451 -0.0497841 0.0766493 0.232177 2.37852 107.261 
-0.365852 0.097023 88260 1 -0.739062 0.725962 442 0 1564 0.0775698 -0.0477158 0.0778176 0.25348 2.41509 107.282 
-0.360934 0.0856562 88300 1 -0.739062 0.725 443 0 1565 0.0769056 -0.0470307 0.0762434 0.254537 2.43787 107.286 
-0.348825 0.0327421 88340 1 -0.739062 0.725 444 0 1566 0.0759902 -0.0459299 0.0719168 0.252003 2.48112 107.268 
-0.348825 0.0327421 88340 1 -0.739062 0.725 445 0 1566 0.0759902 -0.0459299 0.0719168 0.252003 2.48112 107.268 
-0.351077 0.106649 88540 1 -0.739062 0.725 446 0 1571 0.0736213 -0.0413747 0.0754576 0.288367 2.36103 107.432 
-0.374898 0.0762772 88580 1 -0.739062 0.725 447 0 1572 0.0744964 -0.0442438 0.0722828 0.268746 2.37716 107.372 
-0.379726 0.0718888 88660 1 -0.739062 0.725 448 0 1574 0.0759041 -0.0484524 0.0744932 0.243863 2.39147 107.268 
-0.379726 0.0718888 88660 1 -0.739062 0.725 449 0 1574 0.0759041 -0.0484524 0.0744932 0.243863 2.39147 107.268 
-0.403585 0.0216428 88821 1 -0.739062 0.725 450 0 1578 0.07566 -0.0457042 0.073279 0.223996 2.47176 107.263 
-0.389279 0.0818569 88860 1 -0.739062 0.725 451 0 1579 0.073638 -0.0414742 0.075762 0.253727 2.43154 107.221 
-0.334295 0.173887 88941 1 -0.739062 0.725 452 0 1581 0.0724546 -0.0324202 0.0809374 0.343578 2.32763 107.308 
-0.345286 0.111698 88981 1 -0.739062 0.725 453 0 1582 0.0732456 -0.0373193 0.0790192 0.309063 2.33147 107.37 
-0.355288 0.0757765 89021 1 -0.739062 0.725 454 0 1583 0.0733005 -0.0403515 0.0753961 0.292351 2.35146 107.331 
-0.444749 0.100051 89181 1 -0.739062 0.725 455 0 1587 0.0760413 -0.0528564 0.0785778 0.180451 2.3767 107.295 
-0.486227 0.146313 89261 1 -0.739062 0.725 456 0 1589 0.0765372 -0.0570994 0.0799729 0.11532 2.35424 107.365 
-0.398591 0.19823 89301 1 -0.739062 0.725 457 0 1590 0.0758933 -0.044208 0.0847161 0.236816 2.2947 107.408 
-0.398591 0.19823 89301 1 -0.739062 0.725 458 0 1590 0.0758933 -0.044208 0.0847161 0.236816 2.2947 107.408 
-0.383895 0.0229539 89462 1 -0.739062 0.725 459 0 1594 0.0737938 -0.0444401 0.0705925 0.256526 2.36944 107.485 
-0.433589 -0.00499959 89542 1 -0.739062 0.725 460 0 1596 0.0751358 -0.0512895 0.0693158 0.212085 2.37471 107.385 
-0.443504 -0.0427855 89582 1 -0.739062 0.725 461 0 1597 0.0761481 -0.0520984 0.0705874 0.206264 2.39034 107.319 
-0.431966 0.0428884 89622 1 -0.739062 0.725 462 0 1598 0.0764614 -0.0522437 0.0774385 0.202958 2.35427 107.323 
-0.431966 0.0428884 89622 1 -0.739062 0.725 463 0 1598 0.0764614 -0.0522437 0.0774385 0.202958 2.35427 107.323 
1.1598 0.264591 89783 1 -0.739062 0.725 464 1 1602 0.074973 -0.0472287 0.0845706 0.167647 2.29223 107.238 
1.33106 0.31616 89862 1 -0.739062 0.725 465 0 1604 0.0731804 -0.0484751 0.0794305 0.131117 2.31244 107.238 
1.27247 0.249268 89942 1 -0.739062 0.725 466 0 1606 0.0725389 -0.0547177 0.0763982 0.0780427 2.32689 107.191 
1.27247 0.249268 89942 1 -0.739062 0.725 467 0 1606 0.0725389 -0.0547177 0.0763982 0.0780427 2.32689 107.191 
1.35726 0.222508 90063 1 -0.739062 0.725 468 0 1609 0.0748743 -0.0610146 0.0790602 0.0250952 2.36218 107.111 
1.34359 0.236679 90143 1 -0.739062 0.725 469 0 1611 0.0762486 -0.0622005 0.0788369 0.00598994 2.39931 107.145 
1.32541 0.303753 90222 1 -0.738542 0.724038 470 0 1613 0.0747937 -0.0597298 0.0794518 0.00927611 2.37657 107.151 
1.30865 0.315673 90263 1 -0.738021 0.725 471 0 1614 0.0735772 -0.0616736 0.0775741 -0.0169804 2.37644 107.146 
1.30865 0.315673 90263 1 -0.738021 0.725 472 0 1614 0.0735772 -0.0616736 0.0775741 -0.0169804 2.37644 107.146 
1.29619 0.239634 90423 1 -0.738021 0.725 473 0 1618 0.0740217 -0.0641401 0.0730838 -0.0148335 2.35923 107.035 
1.31725 0.218225 90504 1 -0.738021 0.725 474 0 1620 0.0751896 -0.0646312 0.0782671 -0.00374589 2.364 107.044 
1.33748 0.195007 90583 1 -0.738542 0.725 475 0 1622 0.0764664 -0.0609142 0.0766587 0.0251936 2.42545 107.04 
1.33748 0.195007 90583 1 -0.742188 0.722115 476 0 1622 0.0764664 -0.0609142 0.0766587 0.0251936 2.42545 107.04 
1.33748 0.195007 90583 1 -0.743229 0.718269 477 0 1622 0.0764664 -0.0609142 0.0766587 0.0251936 2.42545 107.04 
1.32038 0.280788 90784 1 -0.744792 0.713462 478 0 1627 0.0747301 -0.060173 0.0752058 0.00225554 2.38372 107.042 
1.32585 0.245514 90865 1 -0.745313 0.711538 479 0 1629 0.0759311 -0.0599202 0.0760726 0.0295556 2.34937 107.045 
1.32572 0.245877 90905 1 -0.745313 0.711538 480 0 1630 0.0773686 -0.0607551 0.0776999 0.0332321 2.34259 106.999 
1.32572 0.245877 90905 1 -0.745313 0.711538 481 0 1630 0.0773686 -0.0607551 0.0776999 0.0332321 2.34259 106.999 
1.33158 0.152299 91024 1 -0.745313 0.711538 482 0 1633 0.0781789 -0.0631967 0.0785808 0.0101648 2.40912 107.026 
1.34324 0.176718 91105 1 -0.745313 0.711538 483 0 1635 0.0782928 -0.0591214 0.0757175 0.039587 2.4426 107.096 
1.30494 0.207179 91185 1 -0.745313 0.711538 484 0 1637 0.0768782 -0.0643351 0.0721477 -0.0262321 2.43734 107.088 
1.30172 0.238036 91225 1 -0.738021 0.700962 485 0 1638 0.0768206 -0.0647205 0.0766111 -0.0195257 2.36843 107.081 
1.30172 0.238036 91225 1 -0.714583 0.680769 486 0 1638 0.0768206 -0.0647205 0.0766111 -0.0195257 2.36843 107.081 
1.25999 0.195413 91385 1 -0.701562 0.674038 487 0 1642 0.0808356 -0.0737151 0.0789523 -0.0485541 2.31523 107.035 
1.27811 0.133063 91465 1 -0.697396 0.675 488 0 1644 0.0808953 -0.0736105 0.0763332 -0.0485925 2.40889 107.016 
1.30007 0.108973 91546 1 -0.696875 0.686538 489 0 1646 0.0823063 -0.0701532 0.0782018 -0.0305644 2.43181 106.977 
1.30007 0.108973 91546 1 -0.719271 0.744231 490 0 1646 0.0823063 -0.0701532 0.0782018 -0.0305644 2.43181 106.977 
1.30007 0.108973 91546 1 -0.782292 0.880769 491 0 1646 0.0823063 -0.0701532 0.0782018 -0.0305644 2.43181 106.977 
-0.193038 0.540756 91746 1 -0.796875 0.920192 492 1 1651 0.0771855 -0.0606453 0.0785393 0.114685 2.405 107.103 
-0.272543 0.554864 91788 1 -0.79375 0.922115 493 0 1652 0.0787434 -0.0653787 0.0762114 0.0920664 2.41855 107.121 
-0.273597 0.657161 91866 1 -0.788542 0.919231 494 0 1654 0.0783647 -0.0505049 0.0785662 0.297521 2.42947 107.091 
-0.273597 0.657161 91866 1 -0.789063 0.920192 495 0 1654 0.0783647 -0.0505049 0.0785662 0.297521 2.42947 107.091 
-0.247209 0.672806 91906 1 -0.791667 0.932692 496 0 1655 0.0793366 -0.0447182 0.0851956 0.369505 2.40318 107.189 
-0.206902 0.719303 92067 1 -0.793229 0.940385 497 0 1659 0.0777626 -0.0360215 0.0921527 0.424648 2.34509 107.412 
-0.243883 0.717954 92149 1 -0.793229 0.946154 498 0 1661 0.0757249 -0.0383366 0.0852995 0.374198 2.36297 107.361 
-0.262178 0.716194 92186 1 -0.793229 0.948077 499 0 1662 0.0761117 -0.0397079 0.0854453 0.364377 2.33653 107.353 
-0.262178 0.716194 92186 1 -0.79375 0.949038 500 0 1662 0.0761117 -0.0397079 0.0854453 0.364377 2.33653 107.353 
-0.278273 0.734583 92347 1 -0.79375 0.949038 501 0 1666 0.0766683 -0.0435612 0.0838015 0.326947 2.37059 107.314 
-0.269557 0.692426 92428 1 -0.79375 0.949038 502 0 1668 0.0773347 -0.0415373 0.0850342 0.33453 2.38739 107.32 
-0.266055 0.722531 92507 1 -0.795312 0.949038 503 0 1670 0.0765812 -0.0402501 0.0835233 0.328876 2.38258 107.306 
-0.266055 0.722531 92507 1 -0.795312 0.95 504 0 1670 0.0765812 -0.0402501 0.0835233 0.328876 2.38258 107.306 
-0.274676 0.71926 92547 1 -0.796354 0.951923 505 0 1671 0.0754472 -0.0405443 0.0815618 0.322457 2.38864 107.295 
-0.329009 0.736692 92708 1 -0.796354 0.951923 506 0 1675 0.0764986 -0.0470809 0.0843231 0.269388 2.32334 107.265 
-0.31983 0.74075 92748 1 -0.796875 0.952885 507 0 1676 0.0765079 -0.0461582 0.0824856 0.276533 2.36468 107.269 
-0.311867 0.684915 92828 1 -0.796875 0.953846 508 0 1678 0.0768488 -0.0459529 0.0814951 0.281735 2.41088 107.243 
-0.311867 0.684915 92828 1 -0.796875 0.956731 509 0 1678 0.0768488 -0.0459529 0.0814951 0.281735 2.41088 107.243 
-0.259216 0.723584 92948 1 -0.796875 0.959615 510 0 1681 0.0745368 -0.0366586 0.0855488 0.359415 2.36251 107.309 
-0.306482 0.731059 93028 1 -0.795833 0.961538 511 0 1683 0.0749835 -0.0447139 0.0836681 0.292033 2.36292 107.327 
-0.314925 0.728836 93109 1 -0.794271 0.963462 512 0 1685 0.0770564 -0.045325 0.0843205 0.304646 2.33557 107.304 
-0.304934 0.754853 93149 1 -0.793229 0.964423 513 0 1686 0.077126 -0.0446227 0.0847105 0.318197 2.34068 107.314 
-0.304934 0.754853 93149 1 -0.793229 0.964423 514 0 1686 0.077126 -0.0446227 0.0847105 0.318197 2.34068 107.314 
-0.281863 0.716061 93189 1 -0.793229 0.964423 515 0 1687 0.0770157 -0.0429146 0.0817344 0.331035 2.39408 107.28 
-0.261567 0.73914 93391 1 -0.793229 0.964423 516 0 1692 0.0744644 -0.0378341 0.0832516 0.348902 2.38125 107.347 
-0.32291 0.73234 93469 1 -0.784896 0.963462 517 0 1694 0.0753902 -0.0452834 0.0847471 0.293274 2.33963 107.324 
-0.32291 0.73234 93469 1 -0.782292 0.9625 518 0 1694 0.0753902 -0.0452834 0.0847471 0.293274 2.33963 107.324 
-0.32291 0.73234 93469 1 -0.777083 0.9625 519 0 1694 0.0753902 -0.0452834 0.0847471 0.293274 2.33963 107.324 
0.064576 0.659329 93669 1 -0.771875 0.9625 520 1 1699 0.0779009 -0.04789 0.083537 0.256978 2.40313 107.219 
0.68785 0.727293 93710 1 -0.763021 0.9625 521 1 1700 0.0781147 -0.0467956 0.0865624 0.24644 2.37911 107.199 
1.26507 0.859771 93790 1 -0.755729 0.9625 522 0 1702 0.0779445 -0.0470991 0.0859746 0.201704 2.38192 107.16 
1.33872 0.844104 93911 1 -0.747917 0.9625 523 0 1705 0.0750891 -0.0529219 0.0808464 0.14848 2.40232 107.123 
1.35548 0.808191 93950 1 -0.747396 0.9625 524 0 1706 0.0763755 -0.0595567 0.0789172 0.0944601 2.40698 107.158 
1.31174 0.812252 94030 1 -0.747396 0.9625 525 0 1708 0.0788068 -0.0659978 0.0789475 0.0364563 2.38462 107.049 
1.31482 0.81249 94070 1 -0.749479 0.950962 526 0 1709 0.0793205 -0.0649977 0.0786678 0.0451401 2.40152 107.029 
1.33134 0.772777 94110 1 -0.760417 0.923077 527 0 1710 0.079927 -0.0620655 0.0782267 0.0665713 2.44129 107.025 
1.45829 0.885804 94231 1 -0.779167 0.872115 528 0 1713 0.0811165 -0.0508734 0.0910537 0.153215 2.34801 107.28 
1.50147 0.836301 94311 1 -0.789063 0.840385 529 0 1715 0.0787153 -0.0462835 0.0809635 0.169983 2.4131 107.218 
1.49492 0.858267 94391 1 -0.792708 0.825962 530 0 1717 0.0776929 -0.0493604 0.0821203 0.153502 2.35541 107.217 
1.48185 0.843355 94431 1 -0.793229 0.823077 531 0 1718 0.0781693 -0.0517825 0.0813446 0.13928 2.34611 107.192 
1.45422 0.839869 94511 1 -0.793229 0.823077 532 0 1720 0.0792562 -0.0547907 0.0809975 0.120814 2.33862 107.148 
1.45873 0.771736 94591 1 -0.793229 0.823077 533 0 1722 0.0801196 -0.0493593 0.0764684 0.161729 2.45205 107.044 
1.54132 0.866558 94672 1 -0.793229 0.823077 534 0 1724 0.0808943 -0.0439107 0.0877012 0.197002 2.38351 107.165 
1.51895 0.870341 94711 1 -0.793229 0.823077 535 0 1725 0.0805064 -0.0449915 0.0877242 0.171246 2.38873 107.199 
1.50807 0.881407 94751 1 -0.793229 0.823077 536 0 1726 0.0790375 -0.0454538 0.0862589 0.150978 2.40027 107.19 
1.39425 0.817959 94872 1 -0.793229 0.823077 537 0 1729 0.0761936 -0.0544244 0.083034 0.0480565 2.40877 107.081 
1.41093 0.796084 94952 1 -0.793229 0.823077 538 0 1731 0.0766961 -0.0532058 0.079688 0.0883359 2.42343 106.995 
1.42608 0.773934 94992 1 -0.793229 0.823077 539 0 1732 0.0773558 -0.052039 0.0797844 0.112741 2.43267 106.986 
1.52458 0.857619 95073 1 -0.793229 0.823077 540 0 1734 0.078784 -0.0469598 0.0892059 0.179424 2.40253 107.018 
1.52458 0.857619 95073 1 -0.793229 0.823077 541 0 1734 0.078784 -0.0469598 0.0892059 0.179424 2.40253 107.018 
1.47956 0.951115 95233 1 -0.793229 0.823077 542 0 1738 0.0780447 -0.048239 0.0937075 0.10121 2.35196 107.224 
1.41257 0.850508 95313 1 -0.793229 0.823077 543 0 1740 0.0759056 -0.0506309 0.08346 0.0567631 2.40262 107.185 
1.36516 0.786596 95353 1 -0.793229 0.823077 544 0 1741 0.0754845 -0.0554629 0.0793234 0.0135592 2.4273 107.11 
1.34814 0.792246 95393 1 -0.793229 0.823077 545 0 1742 0.0759757 -0.0567907 0.0794278 0.0138836 2.40636 107.054 
1.42368 0.759669 95513 1 -0.793229 0.823077 546 0 1745 0.0786248 -0.0525576 0.0812133 0.101035 2.42745 107.038 
1.48944 0.863158 95593 1 -0.794792 0.823077 547 0 1747 0.0802961 -0.0485191 0.0907427 0.147507 2.36278 107.2 
1.4163 0.824227 95633 1 -0.798438 0.825 548 0 1748 0.080487 -0.046263 0.0940277 0.161956 2.32762 107.298 
0.804435 0.579267 95673 1 -0.807813 0.826923 549 1 1749 0.0795821 -0.043423 0.0914237 0.178731 2.35052 107.4 
0.804435 0.579267 95673 1 -0.810417 0.827885 550 1 1749 0.0795821 -0.043423 0.0914237 0.178731 2.35052 107.4 
0.108789 0.267852 95873 1 -0.810417 0.827885 551 1 1754 0.0774999 -0.0398014 0.0814275 0.271692 2.36905 107.342 
0.103631 0.14583 95954 1 -0.810937 0.827885 552 1 1756 0.0792116 -0.0427927 0.0787158 0.26972 2.44511 107.301 
0.108291 0.202549 95994 1 -0.810937 0.827885 553 1 1757 0.0797151 -0.0467332 0.0897211 0.238259 2.36854 107.273 
0.121747 0.250113 96074 1 -0.810937 0.827885 554 1 1759 0.0808867 -0.0408747 0.0944688 0.283034 2.34701 107.353 
0.123682 0.258389 96155 1 -0.810937 0.826923 555 1 1761 0.0787514 -0.0365034 0.0944111 0.294863 2.32552 107.381 
0.155462 0.221203 96194 1 -0.818229 0.8 556 1 1762 0.0767155 -0.0309244 0.089199 0.344196 2.35631 107.351 
0.1312 0.185534 96274 1 -0.838021 0.736538 557 1 1764 0.0757754 -0.0344348 0.0803029 0.334512 2.41426 107.254 
0.0811858 0.133286 96355 1 -0.848437 0.690385 558 1 1766 0.0773484 -0.0499627 0.0786713 0.211796 2.44005 107.057 
0.051636 0.111454 96395 1 -0.85 0.686538 559 1 1767 0.0791778 -0.0542456 0.0858892 0.18735 2.39924 107.052 
0.053341 0.105674 96475 1 -0.85 0.686538 560 1 1769 0.0806785 -0.0541262 0.0893007 0.201469 2.42355 107.078 
0.0861286 0.114797 96555 1 -0.85 0.686538 561 1 1771 0.0815592 -0.048372 0.0872395 0.239795 2.45561 107.195 
0.0741205 0.223519 96635 1 -0.85 0.686538 562 1 1773 0.0785832 -0.0434665 0.0933802 0.262342 2.35284 107.226 
0.0778347 0.227241 96675 1 -0.85 0.686538 563 1 1774 0.0772133 -0.0431124 0.0923229 0.271503 2.33264 107.268 
0.0574768 0.109355 96756 1 -0.85 0.685577 564 1 1776 0.0774703 -0.0484999 0.0813764 0.23248 2.41077 107.141 
0.0479852 0.103625 96836 1 -0.85 0.682692 565 1 1778 0.079743 -0.0536101 0.0877925 0.201141 2.3778 107.049 
0.0486781 0.0754693 96876 1 -0.85 0.681731 566 1 1779 0.0807217 -0.0538112 0.0875125 0.204165 2.41827 107.033 
0.0919565 0.0590987 96955 1 -0.85 0.681731 567 1 1781 0.081723 -0.0490436 0.0879572 0.258083 2.46334 107.153 
0.111121 0.0995064 97036 1 -0.85 0.681731 568 1 1783 0.0800357 -0.0432157 0.0846414 0.2973 2.4799 107.114 
0.065593 0.138718 97076 1 -0.848958 0.690385 569 1 1784 0.0786235 -0.0475582 0.0857187 0.237234 2.44018 107.125 
0.0758091 0.150734 97156 1 -0.847396 0.705769 570 1 1786 0.0762872 -0.0459248 0.086423 0.266701 2.38256 107.174 
0.05847 0.123312 97237 1 -0.845833 0.719231 571 1 1788 0.0781134 -0.0495324 0.0839431 0.258972 2.39493 107.072 
0.0848962 0.123231 97317 1 -0.845313 0.722115 572 1 1790 0.0798309 -0.0472331 0.0895574 0.305117 2.38552 107.031 
0.115408 0.0858393 97356 1 -0.844792 0.730769 573 1 1791 0.0801454 -0.0438376 0.0891728 0.342838 2.41685 107.024 
0.132287 0.107615 97437 1 -0.844792 0.732692 574 1 1793 0.0810243 -0.0411498 0.0896956 0.355787 2.43406 107.106 
0.0800358 0.109353 97517 1 -0.844792 0.733654 575 1 1795 0.0800308 -0.0491079 0.0857827 0.240929 2.45082 107.113 
0.0548075 0.13977 97557 1 -0.844792 0.733654 576 1 1796 0.0791505 -0.0524252 0.0893696 0.201905 2.38856 107.133 
0.0592442 0.117576 97637 1 -0.844792 0.733654 577 1 1798 0.0773772 -0.0488816 0.0858256 0.25928 2.38885 107.107 
0.0750233 0.11226 97717 1 -0.844792 0.733654 578 1 1800 0.0776158 -0.0475263 0.0828561 0.319055 2.40929 107.036 
0.220519 0.216648 97757 1 -0.844792 0.733654 579 1 1801 0.0781138 -0.0488421 0.0873258 0.327314 2.38948 107.035 
1.13035 0.969441 97837 1 -0.844792 0.733654 580 1 1803 0.0781055 -0.0410377 0.0954925 0.40094 2.36783 107.07 
1.12053 0.90903 97918 1 -0.844792 0.733654 581 1 1805 0.0766585 -0.0418971 0.0908869 0.340733 2.44236 107.115 
1.13979 0.917129 97998 1 -0.844792 0.733654 582 1 1807 0.0753408 -0.0335084 0.0914754 0.364488 2.42731 107.13 
1.14206 0.958316 98038 1 -0.844792 0.733654 583 1 1808 0.075243 -0.032902 0.0943533 0.363242 2.37616 107.129 
1.10909 1.03829 98118 1 -0.844792 0.733654 584 1 1810 0.0742241 -0.0337572 0.0951312 0.353632 2.31906 107.168 
1.07255 0.997106 98198 1 -0.844792 0.733654 585 1 1812 0.0757433 -0.0388432 0.0927573 0.309169 2.35743 106.992 
1.03448 0.828452 98278 1 -0.844792 0.733654 586 1 1814 0.0762142 -0.044405 0.0872385 0.253852 2.49305 106.987 
1.09454 0.873111 98359 1 -0.844792 0.733654 587 1 1816 0.0765891 -0.0366333 0.0960229 0.312766 2.43901 107.016 
1.12332 0.849328 98438 1 -0.844792 0.733654 588 1 1818 0.0730556 -0.0307928 0.0903959 0.323861 2.47473 107.006 
1.06572 0.930368 98518 1 -0.844792 0.733654 589 1 1820 0.0718208 -0.0383104 0.091902 0.226762 2.39822 107.001 
1.08181 0.959539 98559 1 -0.844792 0.733654 590 1 1821 0.0712525 -0.0327483 0.0942019 0.288262 2.34905 106.965 
1.07831 0.937849 98639 1 -0.844792 0.733654 591 1 1823 0.0732712 -0.0355876 0.0950368 0.285308 2.33955 107.026 
1.08703 0.839077 98719 1 -0.844792 0.733654 592 1 1825 0.0745942 -0.0363611 0.0922624 0.290793 2.42862 107.05 
1.08542 0.808296 98760 1 -0.844792 0.733654 593 1 1826 0.0751356 -0.0382707 0.0917073 0.269867 2.45411 107.071 
1.08303 0.795317 98800 1 -0.844792 0.733654 594 1 1827 0.0757449 -0.0389039 0.0911506 0.256578 2.46194 107.055 
1.08303 0.795317 98800 1 -0.844792 0.733654 595 1 1827 0.0757449 -0.0389039 0.0911506 0.256578 2.46194 107.055 
1.12258 0.943978 98959 1 -0.844792 0.733654 596 1 1831 0.0713358 -0.0296757 0.0895512 0.316929 2.39303 107.108 
1.07375 0.880062 99040 1 -0.844792 0.733654 597 1 1833 0.0713807 -0.0330525 0.0882586 0.300432 2.37862 107.115 
1.116 0.849433 99120 1 -0.844792 0.733654 598 1 1835 0.075414 -0.0355602 0.0954591 0.30453 2.34771 107.007 
1.10965 0.781974 99160 1 -0.844792 0.733654 599 1 1836 0.0750794 -0.0362987 0.0905524 0.302336 2.43852 107.075 
1.10759 0.810541 99240 1 -0.844792 0.733654 600 1 1838 0.0765939 -0.0370622 0.0982001 0.283536 2.42103 107.042 
1.11383 0.846636 99320 1 -0.844792 0.733654 601 1 1840 0.0749563 -0.0348554 0.095686 0.268394 2.44259 107.012 
1.05753 0.839426 99401 1 -0.844792 0.733654 602 1 1842 0.0724025 -0.0396646 0.0919618 0.202427 2.45173 106.942 
1.06986 0.852506 99481 1 -0.844792 0.733654 603 1 1844 0.0735516 -0.0364028 0.0926275 0.27022 2.41935 106.995 
1.09321 0.877437 99521 1 -0.844792 0.733654 604 1 1845 0.0747055 -0.0347222 0.0932465 0.309514 2.40145 107.003 
1.10998 0.789794 99601 1 -0.844792 0.733654 605 1 1847 0.0760809 -0.0353451 0.0886362 0.325435 2.4869 106.947 
1.15855 0.848463 99681 1 -0.844792 0.733654 606 1 1849 0.077223 -0.0304329 0.104521 0.357348 2.39114 106.938 
1.14558 0.887574 99721 1 -0.844792 0.733654 607 1 1850 0.0770342 -0.0287001 0.107494 0.360564 2.3767 106.965 
0.383758 0.928387 99801 1 -0.844792 0.733654 608 1 1852 0.0761864 -0.0264602 0.110027 0.366741 2.34435 107.057 
0.305857 0.881714 99882 1 -0.844792 0.733654 609 1 1854 0.0725951 -0.027825 0.0965688 0.351877 2.4413 107.121 
0.2716 0.815192 99961 1 -0.844792 0.733654 610 1 1856 0.0719393 -0.028306 0.0910877 0.394576 2.47153 107.013 
0.184105 0.800716 100081 1 -0.844792 0.733654 611 1 1859 0.0766609 -0.04111 0.0945843 0.334851 2.4659 106.858 
0.21165 0.868143 100122 1 -0.844792 0.733654 612 1 1860 0.077753 -0.0381525 0.0999833 0.365152 2.4466 106.864 
0.226836 0.882128 100203 1 -0.844792 0.733654 613 1 1862 0.0784077 -0.0288438 0.0980762 0.421224 2.5139 106.926 
0.243535 0.861151 100242 1 -0.844792 0.733654 614 1 1863 0.0783138 -0.024157 0.0967587 0.44529 2.53477 106.927 
0.307831 0.898776 100322 1 -0.844792 0.733654 615 1 1865 0.0753452 -0.016629 0.104172 0.491147 2.41798 106.875 
0.257872 0.860642 100403 1 -0.844792 0.733654 616 1 1867 0.0730593 -0.0205615 0.0946547 0.452397 2.45594 106.874 
0.20241 0.791447 100442 1 -0.844792 0.733654 617 1 1868 0.0744689 -0.0264177 0.087932 0.407231 2.5118 106.837 
0.164188 0.762601 100523 1 -0.844792 0.733654 618 1 1870 0.0787334 -0.0372054 0.0866325 0.349651 2.52558 106.782 
0.147765 0.818234 100603 1 -0.844792 0.733654 619 1 1872 0.0812535 -0.039393 0.0930313 0.340635 2.53476 106.68 
0.15896 0.799937 100643 1 -0.844792 0.733654 620 1 1873 0.0815977 -0.0377038 0.0919209 0.342957 2.59479 106.835 
0.225526 0.769883 100723 1 -0.844792 0.733654 621 1 1875 0.0839082 -0.026754 0.0997267 0.425291 2.5705 107.063 
0.283077 0.756065 100803 1 -0.844792 0.733654 622 1 1877 0.0811805 -0.018374 0.0956736 0.473074 2.59081 107.12 
0.278469 0.795663 100843 1 -0.844792 0.733654 623 1 1878 0.079931 -0.0167677 0.0977367 0.473567 2.54685 107.102 
0.250723 0.762097 100924 1 -0.844792 0.733654 624 1 1880 0.0799235 -0.0204883 0.0975479 0.453309 2.50905 107.11 
0.243729 0.800313 101004 1 -0.844792 0.733654 625 1 1882 0.0806092 -0.0255249 0.100282 0.439097 2.46035 107.037 
0.268814 0.759947 101083 1 -0.844792 0.733654 626 1 1884 0.0814833 -0.0212542 0.0968968 0.462568 2.56899 106.989 
0.278796 0.718165 101164 1 -0.844792 0.733654 627 1 1886 0.0832017 -0.0193095 0.0974092 0.457978 2.59867 107.091 
0.269818 0.71405 101204 1 -0.844792 0.733654 628 1 1887 0.0824562 -0.0208465 0.0979911 0.434479 2.59083 107.118 
0.248644 0.76474 101284 1 -0.844792 0.733654 629 1 1889 0.0800119 -0.0221941 0.0970163 0.404436 2.5677 107.074 
0.219247 0.727903 101365 1 -0.844792 0.733654 630 1 1891 0.0799955 -0.0218573 0.0973106 0.424047 2.52469 107.043 
0.236693 0.748481 101444 1 -0.844792 0.733654 631 1 1893 0.0809155 -0.0215666 0.102316 0.454407 2.4536 106.978 
0.235599 0.687759 101524 1 -0.844792 0.733654 632 1 1895 0.0843279 -0.0243982 0.0972197 0.427197 2.55556 107.142 
0.238896 0.683406 101564 1 -0.844792 0.733654 633 1 1896 0.0849447 -0.0251058 0.0961986 0.415631 2.58934 107.195 
0.294962 0.748156 101645 1 -0.844792 0.733654 634 1 1898 0.0845611 -0.0252036 0.0971445 0.39122 2.56936 107.167 
1.40939 1.20517 101725 1 -0.844792 0.733654 635 0 1900 0.0797669 -0.0195012 0.0984062 0.448875 2.52854 107.066 
1.44372 0.937702 101765 1 -0.844792 0.733654 636 0 1901 0.0810483 -0.021911 0.10218 0.415301 2.4713 106.968 
1.74377 1.51854 101845 1 -0.844792 0.733654 637 0 1903 0.0797271 -0.0199274 0.105743 0.473949 2.38271 106.915 
42.9158 51.2134 101885 1 -0.844792 0.733654 638 0 1904 0.080168 -0.0126349 0.111042 0.577986 2.32834 106.923 
42.9158 51.2134 101885 1 -0.844792 0.733654 639 0 1904 0.080168 -0.0126349 0.111042 0.577986 2.32834 106.923 
1.43939 0.902383 102006 1 -0.844792 0.733654 640 0 1907 0.0828936 -0.0321643 0.0987421 0.307662 2.50804 106.534 
1.13204 0.402247 102126 1 -0.844792 0.733654 641 1 1910 0.0818894 -0.0332171 0.0953855 0.223363 2.54454 106.55 
1.08048 0.351953 102205 1 -0.844792 0.733654 642 1 1912 0.0797851 -0.0375986 0.0980415 0.159999 2.49844 106.532 
1.02759 0.294176 102246 1 -0.844792 0.733654 643 1 1913 0.0790183 -0.0462871 0.09557 0.0765098 2.53706 106.518 
1.02759 0.294176 102246 1 -0.844792 0.733654 644 1 1913 0.0790183 -0.0462871 0.09557 0.0765098 2.53706 106.518 
0.901107 0.219539 102406 1 -0.844792 0.733654 645 1 1917 0.0817629 -0.0663553 0.0963779 -0.072639 2.54113 106.489 
0.950673 0.23059 102487 1 -0.844792 0.733654 646 1 1919 0.080361 -0.0546479 0.0919367 0.0299808 2.58054 106.443 
0.933721 0.265089 102566 1 -0.844792 0.733654 647 1 1921 0.0801041 -0.0562785 0.0993358 -0.00593141 2.53047 106.513 
0.918972 0.277163 102606 1 -0.844792 0.733654 648 1 1922 0.0796958 -0.0585469 0.096347 -0.0268563 2.55009 106.603 
0.898327 0.238293 102687 1 -0.844792 0.733654 649 1 1924 0.0800687 -0.0586569 0.0912879 -0.0412352 2.56953 106.564 
0.909177 0.229641 102767 1 -0.844792 0.733654 650 1 1926 0.0797465 -0.0568833 0.0914038 -0.0140118 2.55409 106.564 
0.899086 0.222275 102847 1 -0.844792 0.733654 651 1 1928 0.0800261 -0.0586268 0.0938651 -0.0122351 2.5168 106.565 
0.922313 0.240104 102887 1 -0.844792 0.733654 652 1 1929 0.0809196 -0.0568626 0.0942663 0.00152222 2.51657 106.567 
0.911283 0.249762 102967 1 -0.844792 0.733654 653 1 1931 0.0811964 -0.0571309 0.0948871 -0.00523417 2.50957 106.615 
0.910297 0.236587 103047 1 -0.844792 0.733654 654 1 1933 0.080564 -0.0569083 0.0951267 -0.00898284 2.50869 106.639 
0.91217 0.257045 103128 1 -0.844792 0.733654 655 1 1935 0.0801127 -0.0556113 0.0958404 -0.000400398 2.49119 106.605 
0.916337 0.260299 103168 1 -0.844792 0.733654 656 1 1936 0.0805819 -0.0564429 0.0963933 -0.0059006 2.4861 106.521 
0.890853 0.226485 103248 1 -0.844792 0.733654 657 1 1938 0.080737 -0.0601568 0.093513 -0.0425837 2.5287 106.535 
0.885739 0.207071 103327 1 -0.844792 0.733654 658 1 1940 0.0807181 -0.0605827 0.0928185 -0.0399992 2.53983 106.528 
0.880759 0.18724 103368 1 -0.844792 0.733654 659 1 1941 0.0801374 -0.0617423 0.0896849 -0.0526415 2.57828 106.493 
0.889705 0.20173 103448 1 -0.844792 0.733654 660 1 1943 0.0798602 -0.0594044 0.091381 -0.0249471 2.5565 106.552 
0.914179 0.204977 103528 1 -0.844792 0.733654 661 1 1945 0.0803186 -0.0572964 0.0916139 0.00328274 2.55215 106.535 
0.882725 0.204617 103609 1 -0.844792 0.733654 662 1 1947 0.0797295 -0.0602057 0.0899593 -0.036496 2.53043 106.539 
0.875266 0.264549 103688 1 -0.844792 0.733654 663 1 1949 0.0800617 -0.0566993 0.096208 0.00363708 2.45204 106.55 
0.573491 0.752164 103768 1 -0.844792 0.733654 664 1 1951 0.0804917 -0.0492142 0.100825 0.106925 2.44807 106.533 
0.549633 0.765686 103809 1 -0.844792 0.733654 665 1 1952 0.0799317 -0.0520941 0.0954363 0.0802041 2.51932 106.543 
0.544443 0.82587 103889 1 -0.844792 0.733654 666 1 1954 0.0782409 -0.0476266 0.0979982 0.119975 2.52667 106.547 
0.558885 0.852261 103969 1 -0.844792 0.733654 667 1 1956 0.0775463 -0.0433434 0.103314 0.155951 2.50177 106.567 
0.551518 0.835404 104010 1 -0.844792 0.733654 668 1 1957 0.0774567 -0.044756 0.10439 0.155701 2.49803 106.574 
0.59043 0.82268 104089 1 -0.844792 0.733654 669 1 1959 0.0767727 -0.0419009 0.100889 0.225485 2.5246 106.672 
0.635815 0.83227 104169 1 -0.844792 0.733654 670 1 1961 0.0756916 -0.0316338 0.0991265 0.350707 2.52346 106.698 
0.68046 0.894266 104250 1 -0.844792 0.733654 671 1 1963 0.0759932 -0.0255463 0.100538 0.408224 2.49212 106.728 
0.690138 0.944585 104290 1 -0.844792 0.733654 672 1 1964 0.076842 -0.0242286 0.101598 0.413444 2.47354 106.703 
0.675712 0.826115 104370 1 -0.844792 0.733654 673 1 1966 0.0768205 -0.0275793 0.0975571 0.351564 2.55678 106.657 
0.684985 0.876181 104450 1 -0.844792 0.733654 674 1 1968 0.0784509 -0.0299938 0.114435 0.285286 2.42683 106.668 
0.690441 0.871887 104530 1 -0.844792 0.733654 675 1 1970 0.0783746 -0.0287061 0.117005 0.293805 2.41372 106.754 
0.68527 0.874843 104570 1 -0.844792 0.733654 676 1 1971 0.0767842 -0.0314394 0.115119 0.276358 2.41482 106.771 
0.604483 0.848966 104651 1 -0.844792 0.733654 677 1 1973 0.0747599 -0.0365881 0.100972 0.238031 2.50823 106.721 
0.606967 0.971865 104731 1 -0.844792 0.733654 678 1 1975 0.0756358 -0.031873 0.107486 0.318463 2.40355 106.764 
0.643236 1.0071 104771 1 -0.844792 0.733654 679 1 1976 0.0768959 -0.0280395 0.109493 0.374298 2.36674 106.731 
0.644172 0.904085 104850 1 -0.844792 0.733654 680 1 1978 0.0777566 -0.0296163 0.103532 0.365703 2.46756 106.82 
0.670876 0.83778 104891 1 -0.844792 0.733654 681 1 1979 0.0779746 -0.0271916 0.103438 0.379917 2.50785 106.833 
0.669226 0.924268 104971 1 -0.844792 0.733654 682 1 1981 0.0799171 -0.0282079 0.111846 0.328526 2.42676 106.887 
0.668097 0.873029 105051 1 -0.844792 0.733654 683 1 1983 0.0764867 -0.0251885 0.0998014 0.304977 2.52308 106.875 
0.686535 0.928082 105092 1 -0.844792 0.733654 684 1 1984 0.0754981 -0.0206088 0.101392 0.342003 2.48084 106.83 
0.648244 0.9211 105171 1 -0.844792 0.733654 685 1 1986 0.0749379 -0.0257751 0.103342 0.312285 2.45312 106.847 
0.606124 0.89161 105251 1 -0.844792 0.733654 686 1 1988 0.0761374 -0.0356096 0.102294 0.25345 2.47105 106.786 
0.596823 0.85257 105332 1 -0.844792 0.733654 687 1 1990 0.0782582 -0.0365479 0.100647 0.279476 2.51539 106.798 
0.645718 0.856087 105372 1 -0.844792 0.733654 688 1 1991 0.0795395 -0.0325715 0.104349 0.321516 2.49307 106.807 
0.645718 0.856087 105372 1 -0.844792 0.733654 689 1 1991 0.0795395 -0.0325715 0.104349 0.321516 2.49307 106.807 
0.641446 0.862949 105533 1 -0.844792 0.733654 690 1 1995 0.0768859 -0.0300601 0.098586 0.273048 2.53643 106.834 
0.622756 0.898688 105612 1 -0.844792 0.733654 691 1 1997 0.0750365 -0.032541 0.0972601 0.250878 2.52318 106.797 
0.599865 0.902446 105652 1 -0.844792 0.733654 692 1 1998 0.075339 -0.0368957 0.0976322 0.22227 2.5123 106.797 
0.183332 0.624605 105733 1 -0.844792 0.733654 693 1 2000 0.0759306 -0.0361132 0.0990332 0.281747 2.50467 106.814 
0.178524 0.577026 105813 1 -0.844792 0.733654 694 1 2002 0.0770084 -0.0367513 0.0962075 0.32437 2.53843 106.8 
0.208658 0.571548 105893 1 -0.844792 0.733654 695 1 2004 0.0770024 -0.0312188 0.0946518 0.384403 2.54868 106.818 
0.22731 0.580987 105932 1 -0.844792 0.733654 696 1 2005 0.077556 -0.0271831 0.0979235 0.420486 2.5159 106.801 
0.25913 0.543332 106013 1 -0.844792 0.733654 697 1 2007 0.0773141 -0.0253979 0.0977181 0.426252 2.53794 106.857 
0.244024 0.49307 106093 1 -0.844792 0.733654 698 1 2009 0.0775926 -0.0268587 0.0937174 0.413164 2.56703 106.823 
0.262172 0.501177 106133 1 -0.844792 0.733654 699 1 2010 0.0774869 -0.023414 0.0953509 0.445207 2.54409 106.83 
0.27601 0.54484 106214 1 -0.844792 0.733654 700 1 2012 0.0785212 -0.0230096 0.101899 0.456863 2.46043 106.916 
0.237809 0.614715 106293 1 -0.844792 0.733654 701 1 2014 0.0782499 -0.0257979 0.106349 0.442559 2.39126 106.925 
0.255279 0.665129 106333 1 -0.844792 0.733654 702 1 2015 0.0780888 -0.0238975 0.109775 0.464143 2.34849 106.918 
0.250029 0.6439 106413 1 -0.844792 0.733654 703 1 2017 0.0783396 -0.0243498 0.108026 0.453638 2.36997 106.936 
0.270127 0.636789 106494 1 -0.844792 0.733654 704 1 2019 0.0786532 -0.0215598 0.108303 0.476425 2.369 106.948 
0.277617 0.622175 106534 1 -0.844792 0.733654 705 1 2020 0.0791771 -0.0223911 0.107773 0.465177 2.37726 106.929 
0.269872 0.602613 106614 1 -0.844792 0.733654 706 1 2022 0.0800276 -0.0226239 0.105723 0.460741 2.40037 106.931 
0.259025 0.58615 106694 1 -0.844792 0.733654 707 1 2024 0.0794193 -0.0252486 0.104461 0.435425 2.41707 106.908 
0.257987 0.605247 106774 1 -0.844792 0.733654 708 1 2026 0.0792973 -0.0245589 0.105125 0.449105 2.40489 106.868 
0.250524 0.577611 106814 1 -0.844792 0.733654 709 1 2027 0.0789389 -0.0273207 0.10308 0.426508 2.43305 106.823 
0.179008 0.507096 106895 1 -0.844792 0.733654 710 1 2029 0.0776501 -0.0353755 0.0956854 0.347545 2.53853 106.738 
0.171197 0.478271 106975 1 -0.844792 0.733654 711 1 2031 0.0791013 -0.0372641 0.093671 0.32707 2.5693 106.657 
0.160517 0.467188 107015 1 -0.844792 0.733654 712 1 2032 0.0784651 -0.0367283 0.0935732 0.327537 2.58022 106.636 
0.180085 0.499377 107095 1 -0.844792 0.733654 713 1 2034 0.0793372 -0.034627 0.0953986 0.350891 2.56666 106.695 
0.165972 0.49884 107175 1 -0.844792 0.733654 714 1 2036 0.0786813 -0.0389471 0.0952094 0.312009 2.58406 106.667 
0.176386 0.510347 107215 1 -0.844792 0.733654 715 1 2037 0.0786266 -0.0349254 0.0964789 0.346121 2.5736 106.742 
0.193618 0.506028 107296 1 -0.844792 0.733654 716 1 2039 0.0773767 -0.029946 0.0963155 0.388126 2.56374 106.815 
0.208551 0.485191 107376 1 -0.844792 0.733654 717 1 2041 0.0761845 -0.0279195 0.0920768 0.411593 2.58741 106.836 
0.237442 0.504743 107455 1 -0.844792 0.733654 718 1 2043 0.0760603 -0.024617 0.094789 0.450709 2.5362 106.814 
0.246555 0.520586 107495 1 -0.844792 0.733654 719 1 2044 0.0767287 -0.0242069 0.0969369 0.458236 2.51714 106.873 
0.237795 0.469912 107576 1 -0.844792 0.733654 720 1 2046 0.0770749 -0.0242844 0.0932597 0.452164 2.57024 106.843 
0.402543 0.334848 107656 1 -0.844792 0.733654 721 1 2048 0.0771316 -0.0231407 0.0943852 0.447247 2.57964 106.846 
0.665427 0.28113 107696 1 -0.844792 0.733654 722 1 2049 0.0770584 -0.023339 0.0924897 0.424847 2.59182 106.724 
0.643379 0.239408 107777 1 -0.844792 0.733654 723 1 2051 0.0762066 -0.0259113 0.0894692 0.381156 2.61401 106.698 
0.624221 0.228626 107856 1 -0.844792 0.733654 724 1 2053 0.0755845 -0.0276421 0.0890152 0.354816 2.60816 106.65 
0.624631 0.234511 107936 1 -0.844792 0.733654 725 1 2055 0.0765488 -0.0269773 0.0927541 0.369375 2.5555 106.714 
0.627979 0.247955 108017 1 -0.844792 0.733654 726 1 2057 0.0779577 -0.0269212 0.0950484 0.374051 2.53057 106.789 
0.680982 0.458094 108057 1 -0.844792 0.733654 727 1 2058 0.0771066 -0.0257106 0.0997714 0.395028 2.47633 106.818 
5.30508 6.31108 108137 1 -0.844792 0.733654 728 0 2060 0.0751006 -0.0203504 0.105744 0.475079 2.40431 106.901 
1.53965 2.94461 108177 1 -0.844792 0.733654 729 0 2061 0.0735396 -0.0329085 0.10355 0.331101 2.4332 106.908 
0.808848 0.421294 108340 1 -0.844792 0.733654 730 1 2065 0.0781227 -0.0220718 0.104233 0.448605 2.40799 107.002 
0.784073 0.356684 108378 1 -0.844792 0.733654 731 1 2066 0.0793068 -0.0247573 0.105763 0.42321 2.3863 107.02 
0.74307 0.238697 108458 1 -0.844792 0.733654 732 1 2068 0.0787208 -0.0275645 0.104562 0.385771 2.40403 106.975 
0.730894 0.209952 108498 1 -0.844792 0.733654 733 1 2069 0.0787112 -0.0272603 0.106257 0.38792 2.38936 106.946 
0.730894 0.209952 108498 1 -0.844792 0.733654 734 1 2069 0.0787112 -0.0272603 0.106257 0.38792 2.38936 106.946 
0.700777 0.137794 108698 1 -0.844792 0.733654 735 1 2074 0.0786023 -0.0276992 0.103386 0.371946 2.43335 106.877 
0.708176 0.136396 108738 1 -0.844792 0.733654 736 1 2075 0.0786334 -0.0276311 0.103976 0.376103 2.43123 106.864 
0.688313 0.0711252 108819 1 -0.844792 0.733654 737 1 2077 0.0784933 -0.0317017 0.0989687 0.334686 2.49591 106.833 
0.681266 0.0476203 108898 1 -0.844792 0.733654 738 1 2079 0.0782878 -0.0296669 0.0961906 0.344376 2.52769 106.783 
0.680796 0.0647563 108938 1 -0.844792 0.733654 739 1 2080 0.0786637 -0.0300316 0.0975426 0.335876 2.50601 106.792 
0.672778 0.106919 109018 1 -0.844792 0.733654 740 1 2082 0.0783766 -0.0315136 0.0986297 0.314357 2.47439 106.751 
0.684044 0.197324 109099 1 -0.844792 0.733654 741 1 2084 0.0788532 -0.0312558 0.104022 0.310566 2.40176 106.771 
0.692045 0.209838 109139 1 -0.844792 0.733654 742 1 2085 0.0792429 -0.0319723 0.105538 0.306956 2.38335 106.788 
0.679893 0.221471 109219 1 -0.844792 0.733654 743 1 2087 0.0789597 -0.0329514 0.104963 0.294003 2.38608 106.815 
0.677505 0.223881 109299 1 -0.844792 0.733654 744 1 2089 0.079138 -0.0347202 0.104496 0.265743 2.38238 106.854 
0.663341 0.224788 109379 1 -0.844792 0.733654 745 1 2091 0.0793044 -0.0368281 0.102825 0.243988 2.38895 106.81 
0.656255 0.215873 109419 1 -0.844792 0.733654 746 1 2092 0.0792717 -0.0374264 0.101697 0.239826 2.39866 106.788 
0.659237 0.222806 109500 1 -0.844792 0.733654 747 1 2094 0.0800082 -0.0369919 0.102274 0.24673 2.39663 106.814 
0.649731 0.224944 109580 1 -0.844792 0.733654 748 1 2096 0.080155 -0.0382024 0.103368 0.245689 2.39017 106.847 
0.653634 0.232688 109620 1 -0.844792 0.733654 749 1 2097 0.0798703 -0.0381707 0.105682 0.249989 2.37011 106.846 
1.03023 0.503854 109700 1 -0.844792 0.733654 750 1 2099 0.0799462 -0.0410839 0.102674 0.209404 2.38847 106.795 
1.04271 0.585584 109780 1 -0.844792 0.733654 751 1 2101 0.0795805 -0.041646 0.0992733 0.193343 2.41576 106.755 
1.00672 0.606984 109860 1 -0.844792 0.733654 752 1 2103 0.0798779 -0.0445999 0.0993682 0.154064 2.40857 106.765 
0.991145 0.573757 109901 1 -0.844792 0.733654 753 1 2104 0.0801425 -0.0459715 0.0963018 0.137836 2.44205 106.775 
0.975469 0.571067 109981 1 -0.844792 0.733654 754 1 2106 0.0800365 -0.0470364 0.0945331 0.119841 2.45445 106.844 
0.963052 0.53571 110060 1 -0.844792 0.733654 755 1 2108 0.0798781 -0.0494878 0.0905128 0.104035 2.4876 106.807 
0.98444 0.560884 110100 1 -0.844792 0.733654 756 1 2109 0.0801712 -0.0481794 0.0931139 0.12618 2.46203 106.822 
1.02327 0.556687 110181 1 -0.844792 0.733654 757 1 2111 0.0795388 -0.0428913 0.0938113 0.195023 2.45755 106.805 
1.06125 0.572349 110261 1 -0.844792 0.733654 758 1 2113 0.0790886 -0.0396928 0.0975556 0.241747 2.43798 106.835 
1.08859 0.623479 110341 1 -0.844792 0.733654 759 1 2115 0.0777808 -0.036461 0.105448 0.280616 2.37649 106.813 
1.09814 0.64631 110382 1 -0.844792 0.733654 760 1 2116 0.0777074 -0.0342487 0.108835 0.298336 2.35228 106.833 
1.07364 0.617606 110461 1 -0.844792 0.733654 761 1 2118 0.0764784 -0.0347675 0.105989 0.264338 2.39523 106.794 
1.02429 0.59786 110501 1 -0.844792 0.733654 762 1 2119 0.0768209 -0.0393156 0.103859 0.203546 2.41776 106.739 
0.947508 0.528077 110582 1 -0.844792 0.733654 763 1 2121 0.0771552 -0.0499721 0.0960709 0.073986 2.49284 106.666 
0.956542 0.59074 110662 1 -0.844792 0.733654 764 1 2123 0.0776118 -0.0479014 0.0991998 0.094538 2.45037 106.662 
0.948782 0.574415 110702 1 -0.844792 0.733654 765 1 2124 0.0780619 -0.0514189 0.0988054 0.0892452 2.44566 106.692 
0.887436 0.462748 110782 1 -0.844792 0.733654 766 1 2126 0.0837518 -0.0732003 0.0872149 0.0265523 2.50347 106.809 
0.860337 0.375538 110862 1 -0.844792 0.733654 767 1 2128 0.0898757 -0.0835977 0.0788063 0.0893144 2.53069 106.817 
0.863383 0.421397 110942 1 -0.844792 0.733654 768 1 2130 0.0927299 -0.0826894 0.078838 0.206452 2.50594 106.99 
0.916342 0.508246 110982 1 -0.844792 0.732692 769 1 2131 0.0934347 -0.0746492 0.0854564 0.303408 2.42358 107.126 
1.02053 0.542539 111063 1 -0.844792 0.732692 770 1 2133 0.0916087 -0.0570601 0.0833042 0.434178 2.43939 107.396 
1.12104 0.645619 111142 1 -0.844792 0.732692 771 1 2135 0.0854956 -0.0414387 0.0892669 0.456857 2.33736 107.455 
1.1185 0.552798 111223 1 -0.844792 0.732692 772 1 2137 0.0774953 -0.0357865 0.0785193 0.373701 2.42179 107.359 
1.07595 0.52661 111303 1 -0.844792 0.732692 773 1 2139 0.0748501 -0.0357367 0.0774111 0.306824 2.44082 107.198 
1.05043 0.527697 111343 1 -0.844792 0.732692 774 1 2140 0.0765271 -0.0407999 0.0804484 0.260587 2.4291 107.125 
0.936674 0.481069 111423 1 -0.844792 0.732692 775 1 2142 0.0817312 -0.0648154 0.0866084 0.0904439 2.41061 107.017 
0.918938 0.434947 111504 1 -0.844792 0.732692 776 1 2144 0.0843984 -0.0747494 0.0856917 0.101417 2.45175 106.961 
0.90414 0.436866 111543 1 -0.844792 0.732692 777 1 2145 0.0854955 -0.0732146 0.0846392 0.144862 2.47556 106.938 
0.981197 0.465679 111623 1 -0.844792 0.732692 778 1 2147 0.0845881 -0.0621292 0.0830744 0.26292 2.49591 107.029 
1.04986 0.501837 111704 1 -0.844792 0.732692 779 1 2149 0.0806731 -0.0473037 0.0852585 0.334013 2.47898 107.076 
1.08184 0.513286 111784 1 -0.844792 0.732692 780 1 2151 0.0774573 -0.0405113 0.0857077 0.323834 2.48325 107.029 
1.06129 0.510013 111824 1 -0.844792 0.732692 781 1 2152 0.0764218 -0.0407561 0.0842377 0.291801 2.50623 107.017 
1.04161 0.525304 111904 1 -0.844792 0.732692 782 1 2154 0.0760649 -0.0410711 0.0863772 0.265667 2.48851 106.979 
1.03347 0.522446 111944 1 -0.775521 0.732692 783 1 2155 0.0763918 -0.0438748 0.086623 0.239499 2.4815 107.018 
1.03347 0.522446 111944 1 -0.401042 0.754808 784 1 2155 0.0763918 -0.0438748 0.086623 0.239499 2.4815 107.018 
1.01204 0.527829 112105 1 -0.135417 0.833654 785 1 2159 0.0768845 -0.0499973 0.0882734 0.188865 2.45243 107.016 
0.989777 0.498643 112185 1 0.0166667 0.931731 786 1 2161 0.0774788 -0.0538423 0.0869816 0.162102 2.47584 106.994 
0.98287 0.493078 112225 1 0.0817708 0.918269 787 1 2162 0.0776159 -0.054207 0.0862036 0.154798 2.48759 106.979 
1.00727 0.505404 112304 1 0.169271 0.748077 788 1 2164 0.0775077 -0.0467121 0.085573 0.215319 2.49308 106.976 
0.994964 0.498051 112385 1 0.335417 0.431731 789 1 2166 0.0769535 -0.050946 0.0861226 0.185502 2.4899 107.001 
0.976307 0.479855 112425 1 0.472396 0.153846 790 1 2167 0.077366 -0.0544168 0.0835444 0.149554 2.51726 106.99 
0.959432 0.507993 112505 1 0.582292 0 791 1 2169 0.0776083 -0.0555285 0.0853031 0.142151 2.49513 106.923 
0.959094 0.51645 112586 1 0.597396 0 792 1 2171 0.0777779 -0.0560105 0.0844154 0.147022 2.50274 106.935 
0.949342 0.540911 112666 1 0.594792 0 793 1 2173 0.0787075 -0.0573724 0.0870735 0.138398 2.47033 106.981 
0.945849 0.542397 112705 1 0.552604 0.0211538 794 1 2174 0.0792488 -0.0590932 0.0870022 0.1207 2.47267 106.986 
0.938614 0.537474 112786 1 0.494792 0.0692308 795 1 2176 0.0796088 -0.0602635 0.0862527 0.110646 2.48089 106.969 
0.949809 0.534599 112866 1 0.483333 0.0769231 796 1 2178 0.0792853 -0.0573571 0.0861654 0.129434 2.4727 107.004 
0.954269 0.56104 112906 1 0.488542 0.0711538 797 1 2179 0.0789347 -0.0574371 0.0886508 0.128882 2.44185 107.024 
0.942147 0.542513 112987 1 0.497396 0.0730769 798 1 2181 0.0798933 -0.0611672 0.0877639 0.095869 2.44758 107.018 
0.938069 0.518035 113066 1 0.521875 0.0730769 799 1 2183 0.0798472 -0.0618297 0.0866426 0.0963053 2.46778 106.977 
0.955965 0.525483 113146 1 0.521354 0.0730769 800 1 2185 0.0803195 -0.0582714 0.087085 0.130052 2.45838 107.009 
0.955064 0.530169 113186 1 0.5125 0.0711538 801 1 2186 0.0795514 -0.0585336 0.086998 0.122338 2.4601 106.996 
0.936337 0.517012 113267 1 0.504167 0.0682692 802 1 2188 0.0787955 -0.0599876 0.0865642 0.103673 2.46788 106.957 
0.94245 0.523304 113347 1 0.503646 0.0673077 803 1 2190 0.0797052 -0.0610481 0.0874596 0.101654 2.46495 106.94 
0.920543 0.50575 113427 1 0.503125 0.0653846 804 1 2192 0.0797402 -0.0634165 0.0854693 0.0816957 2.49864 106.876 
0.937582 0.517612 113507 1 0.470313 0.0615385 805 1 2194 0.0797341 -0.0607883 0.0845938 0.104071 2.50358 106.872 
0.942026 0.517797 113588 1 0.320313 0.0471154 806 1 2196 0.0794058 -0.0587095 0.0848135 0.114064 2.50326 106.885 
0.932048 0.50936 113668 1 0.214583 0.0134615 807 1 2198 0.0789419 -0.0615099 0.0852396 0.0932205 2.51049 106.826 
0.747583 0.357179 113708 1 0.176042 0 808 1 2199 0.0787114 -0.060042 0.0885753 0.111186 2.49126 106.913 
0.336283 0.194699 113787 1 0.166146 0 809 1 2201 0.079261 -0.0498656 0.0905196 0.222656 2.48252 107.009 
0.361208 0.193645 113868 1 0.163021 0 810 1 2203 0.0785044 -0.0448874 0.0896693 0.268099 2.48707 107.048 
0.348216 0.185647 113908 1 0.152083 0.000961538 811 1 2204 0.0778942 -0.0445536 0.0859432 0.265754 2.51394 107.025 
-0.11794 0.015081 113988 1 0.135937 0.00192308 812 1 2206 0.0777662 -0.0482974 0.0841045 0.214765 2.51701 106.61 
-0.295938 -0.00856733 114069 1 0.134375 0.00192308 813 0 2208 0.0797554 -0.0602411 0.0884488 0.0529986 2.45048 105.598 
-0.474231 0.468065 114148 1 0.134896 0.00384615 814 0 2210 0.0843638 -0.0793397 0.0921278 -0.166862 2.34068 104.125 
-0.506519 0.509985 114188 1 0.134896 0.00480769 815 0 2211 0.0857841 -0.0827625 0.0939789 -0.217944 2.22706 103.088 
-1.3203 2.77267 114268 1 0.133333 0.00865385 816 0 2213 0.0844558 -0.106838 0.112809 -0.508294 1.78008 101.126 
0.177633 12.4392 114308 1 0.127083 0.0115385 817 0 2214 0.080972 -0.114405 0.105744 -0.578693 1.80211 100.642 
-1.48064 2.67975 114389 1 0.125521 0.0115385 818 0 2216 0.0812689 -0.107219 0.102654 -0.517923 1.77793 100.551 
-1.48064 2.67975 114389 1 0.122396 0.0115385 819 0 2216 0.0812689 -0.107219 0.102654 -0.517923 1.77793 100.551 
-0.822112 1.53064 114429 1 0.121875 0.0115385 820 0 2217 0.081199 -0.107128 0.106938 -0.512542 1.75191 101.018 
-0.399282 -0.31758 114670 1 0.121354 0.0115385 821 0 2223 0.0861304 -0.0665018 0.0792394 -0.00308285 2.36962 106.823 
-0.0651755 -0.116122 114751 1 0.122917 0.0173077 822 1 2225 0.0849818 -0.0477311 0.0768698 0.33349 2.35326 108.149 
-0.0651755 -0.116122 114751 1 0.136979 0.152885 823 1 2225 0.0849818 -0.0477311 0.0768698 0.33349 2.35326 108.149 
0.30558 0.411061 114790 1 0.151562 0.341346 824 1 2226 0.0835369 -0.0424069 0.06641 0.606937 2.39796 109.09 
0.452956 0.0940546 115030 1 0.176563 0.373077 825 1 2232 0.0703528 -0.157952 0.0569119 1.15029 1.21731 116.438 
0.571534 0.374434 115070 1 0.188021 0.381731 826 1 2233 0.0622069 -0.171286 0.0745859 1.15254 0.75088 118.952 
0.611087 0.420597 115150 1 0.171354 0.344231 827 1 2235 0.0492369 -0.194497 0.0763524 0.840096 -0.0332023 124.475 
0.585338 0.595067 115191 1 0.165104 0.314423 828 1 2236 0.0430534 -0.191743 0.0730061 0.620725 -0.504678 127.145 
1.0744 2.07995 115232 1 0.163021 0.3 829 0 2237 0.0334331 -0.158984 0.0719137 0.597128 -0.988181 130.247 
-0.207693 2.62899 115310 1 0.1625 0.297115 830 0 2239 0.00484699 -0.138132 0.0362789 -0.186513 -1.26785 131.754 
