ImageFile:
0.0529647 -0.237785 73960 1 0.125 0.150962 1 0 824 -0.00821557 -0.0453467 -0.00466671 -0.500738 5.8372 118.117 
0.0417982 -0.248739 74040 1 0.0494792 0.221154 2 0 826 -0.00830052 -0.0496004 -0.00662233 -0.552672 5.86474 118.07 
0.0417982 -0.248739 74040 1 0.0234375 0.242308 3 0 826 -0.00830052 -0.0496004 -0.00662233 -0.552672 5.86474 118.07 
-0.365958 -0.387791 74200 1 0.025 0.246154 4 0 830 -0.00846997 -0.0503478 -0.00574723 -0.550987 5.8758 118.221 
-0.417025 -0.413186 74240 1 0.0234375 0.2625 5 0 831 -0.00772543 -0.0506826 -0.00498527 -0.564633 5.85495 118.034 
-0.380926 -0.347842 74320 1 0.0130208 0.293269 6 0 833 -0.00739241 -0.0422665 -0.00180411 -0.450114 5.81803 118.076 
-0.344926 -0.324125 74361 1 -0.00625 0.348077 7 0 834 -0.00524075 -0.0381909 -0.000747049 -0.39828 5.80792 118.055 
-0.627538 -0.37893 74480 1 -0.0078125 0.411538 8 0 837 -0.00393568 -0.0336836 -0.000399728 -0.336203 5.80873 118.207 
-0.765947 -0.378772 74561 1 0.0046875 0.508654 9 0 839 -0.00387627 -0.0308577 0.0035204 -0.309888 5.75934 118.178 
-0.803226 -0.403409 74601 1 0.01875 0.582692 10 0 840 -0.00344219 -0.0343504 0.00242709 -0.359023 5.77774 118.271 
-0.589238 -0.22988 74681 1 0.065625 0.683654 11 0 842 -0.00549169 -0.0306732 0.0048641 -0.324796 5.76351 118.34 
-0.583607 -0.196815 74721 1 0.084375 0.751923 12 0 843 -0.00576689 -0.0302909 0.00708653 -0.323775 5.73841 118.278 
-0.592849 -0.231661 74841 1 0.0802083 0.810577 13 0 846 -0.0057652 -0.0322135 0.00403573 -0.358465 5.77006 118.202 
-0.568426 -0.24322 74921 1 0.0640625 0.873077 14 0 848 -0.00587344 -0.028295 0.00388983 -0.313755 5.77401 118.166 
-0.586924 -0.20344 74961 1 0.0609375 0.939423 15 0 849 -0.00478285 -0.0268759 0.00260126 -0.308926 5.78577 118.165 
-0.586924 -0.20344 74961 1 0.0614583 0.967308 16 0 849 -0.00478285 -0.0268759 0.00260126 -0.308926 5.78577 118.165 
-0.425474 0.796218 75163 1 0.0645833 0.972115 17 0 854 -0.00689845 -0.0279876 0.00221424 -0.301126 5.79714 118.143 
-0.335322 0.892686 75242 1 0.0645833 0.972115 18 0 856 -0.00615661 -0.0125775 0.0113583 -0.130152 5.68874 118.044 
-0.376339 0.901724 75323 1 0.0645833 0.972115 19 0 858 -0.00396639 -0.0204424 0.00825284 -0.235977 5.72145 118.188 
-0.376339 0.901724 75323 1 0.0645833 0.972115 20 0 858 -0.00396639 -0.0204424 0.00825284 -0.235977 5.72145 118.188 
-0.361635 0.918925 75363 1 0.0645833 0.972115 21 0 859 -0.00526161 -0.0102324 0.0122413 -0.114845 5.67178 117.993 
-0.350444 0.902325 75562 1 0.0645833 0.972115 22 0 864 -0.00484527 -0.00906073 0.01216 -0.0912192 5.68005 118.079 
-0.396649 0.853126 75643 1 0.0645833 0.972115 23 0 866 -0.00280195 -0.01636 0.00644478 -0.162811 5.74927 118.124 
-0.396649 0.853126 75643 1 0.0645833 0.972115 24 0 866 -0.00280195 -0.01636 0.00644478 -0.162811 5.74927 118.124 
-0.390435 0.817901 75804 1 0.0645833 0.972115 25 0 870 -0.00182093 -0.0157944 0.0071288 -0.121275 5.7603 118.111 
-0.359688 0.877964 75884 1 0.0645833 0.972115 26 0 872 -0.00177718 -0.0112695 0.0108523 -0.064177 5.70905 118.077 
-0.40203 0.860884 75963 1 0.0645833 0.972115 27 0 874 -0.0020086 -0.0185739 0.00645382 -0.141264 5.76146 118.168 
-0.40203 0.860884 75963 1 0.0645833 0.972115 28 0 874 -0.0020086 -0.0185739 0.00645382 -0.141264 5.76146 118.168 
-0.44787 0.840856 76003 1 0.0645833 0.972115 29 0 875 -0.00166595 -0.0227273 0.00528418 -0.191889 5.77766 118.152 
-0.371754 0.854334 76164 1 0.0645833 0.972115 30 0 879 -0.00261966 -0.0188236 0.00779133 -0.140274 5.73881 118.113 
-0.420137 0.928314 76245 1 0.0645833 0.972115 31 0 881 -0.00282234 -0.0199657 0.0109381 -0.154674 5.68606 118.113 
-0.402258 0.895732 76284 1 0.0645833 0.972115 32 0 882 -0.00187792 -0.0133531 0.00883919 -0.0822482 5.71176 118.243 
-0.402258 0.895732 76284 1 0.0645833 0.972115 33 0 882 -0.00187792 -0.0133531 0.00883919 -0.0822482 5.71176 118.243 
-0.406395 0.899106 76444 1 0.0645833 0.972115 34 0 886 -0.00148905 -0.0184684 0.00782647 -0.121486 5.72626 118.353 
-0.411472 0.855962 76524 1 0.0645833 0.972115 35 0 888 0.00033316 -0.016074 0.00344627 -0.0962791 5.77853 118.388 
-0.442513 0.834294 76606 1 0.0645833 0.972115 36 0 890 -0.00134716 -0.023316 0.00501241 -0.170498 5.77218 118.27 
-0.442513 0.834294 76606 1 0.0645833 0.972115 37 0 890 -0.00134716 -0.023316 0.00501241 -0.170498 5.77218 118.27 
-0.442513 0.834294 76606 1 0.0645833 0.972115 38 0 890 -0.00134716 -0.023316 0.00501241 -0.170498 5.77218 118.27 
-0.46105 0.839099 76765 1 0.0645833 0.972115 39 0 894 -0.000589349 -0.0256157 0.00498905 -0.182986 5.7834 118.298 
-0.469117 0.870925 76805 1 0.0645833 0.972115 40 0 895 -0.00196962 -0.0264854 0.00738766 -0.183649 5.7616 118.357 
-0.469117 0.870925 76805 1 0.0645833 0.972115 41 0 895 -0.00196962 -0.0264854 0.00738766 -0.183649 5.7616 118.357 
-0.469117 0.870925 76805 1 0.0645833 0.972115 42 0 895 -0.00196962 -0.0264854 0.00738766 -0.183649 5.7616 118.357 
-0.427328 0.836865 76885 1 0.0645833 0.972115 43 0 897 -0.00272063 -0.0290349 0.0019951 -0.194571 5.82302 118.391 
-0.427328 0.836865 76885 1 0.0645833 0.972115 44 0 897 -0.00272063 -0.0290349 0.0019951 -0.194571 5.82302 118.391 
-0.427328 0.836865 76885 1 0.0645833 0.972115 45 0 897 -0.00272063 -0.0290349 0.0019951 -0.194571 5.82302 118.391 
-0.173606 0.835178 77085 1 0.0645833 0.972115 46 1 902 -0.00934631 -0.0379127 -0.0394018 -0.358055 6.32415 118.386 
0.866897 -0.314872 77367 1 0.0645833 0.972115 47 0 909 -0.00416931 -0.0407788 -0.0102253 -0.405254 6.00148 118.66 
0.882421 -0.5869 77446 1 0.0645833 0.972115 48 0 911 -0.00556748 -0.0520596 -0.00314559 -0.49264 5.91498 118.734 
0.900924 -0.569793 77486 1 0.0645833 0.972115 49 0 912 -0.00209414 -0.0369802 -0.00470575 -0.363813 5.91057 118.342 
0.912423 -0.553316 77567 1 0.0645833 0.972115 50 0 914 -5.43946e-005 -0.0327374 -0.0020172 -0.325615 5.88044 118.447 
0.99423 -0.567895 77647 1 0.0645833 0.972115 51 0 916 -0.00144828 -0.027603 0.000179316 -0.262922 5.85144 118.47 
0.999016 -0.476931 77728 1 0.0645833 0.972115 52 0 918 0.000363366 -0.0303564 0.000636355 -0.301846 5.85832 118.663 
0.999016 -0.476931 77728 1 0.0645833 0.972115 53 0 918 0.000363366 -0.0303564 0.000636355 -0.301846 5.85832 118.663 
0.999016 -0.476931 77728 1 0.0645833 0.972115 54 0 918 0.000363366 -0.0303564 0.000636355 -0.301846 5.85832 118.663 
0.999016 -0.476931 77728 1 0.0645833 0.972115 55 0 918 0.000363366 -0.0303564 0.000636355 -0.301846 5.85832 118.663 
1.22261 0.18149 77967 1 0.0645833 0.972115 56 0 924 -0.00434716 -0.024714 -0.00329343 -0.202517 5.87739 118.567 
-0.459471 -0.0423232 78047 1 0.0645833 0.972115 57 0 926 -0.00552218 -0.0295436 -0.00164091 -0.289425 5.8242 118.359 
-0.447072 -0.113711 78088 1 0.0645833 0.972115 58 0 927 -0.00489127 -0.0240357 -0.000689782 -0.235106 5.81264 118.491 
-0.447072 -0.113711 78088 1 0.0645833 0.972115 59 0 927 -0.00489127 -0.0240357 -0.000689782 -0.235106 5.81264 118.491 
-0.478495 -0.144553 78128 1 0.0645833 0.972115 60 0 928 -0.00483914 -0.0250441 -0.000430693 -0.263305 5.79988 118.46 
-0.51916 0.820146 78328 1 0.0645833 0.972115 61 0 933 -0.0102683 -0.0362396 -0.00321024 -0.430418 5.83788 118.526 
-0.447487 0.820031 78408 1 0.0645833 0.972115 62 0 935 -0.00722356 -0.0202631 0.00144099 -0.248647 5.775 118.411 
-0.447487 0.820031 78408 1 0.0645833 0.972115 63 0 935 -0.00722356 -0.0202631 0.00144099 -0.248647 5.775 118.411 
-0.467289 0.824942 78448 1 0.0645833 0.972115 64 0 936 -0.00611711 -0.0244122 -0.00156622 -0.288075 5.8016 118.373 
0.842566 1.65252 78608 1 0.0645833 0.972115 65 0 940 -0.00780175 -0.0316708 -0.00202924 -0.31948 5.81354 118.444 
1.08191 1.19621 78690 1 0.0645833 0.972115 66 1 942 -0.00817838 -0.0287246 0.0018114 -0.278809 5.76169 118.462 
1.04933 1.09156 78729 1 0.0645833 0.972115 67 1 943 -0.00802848 -0.0276812 0.000288529 -0.271533 5.78562 118.448 
1.04933 1.09156 78729 1 0.0645833 0.972115 68 1 943 -0.00802848 -0.0276812 0.000288529 -0.271533 5.78562 118.448 
1.07053 0.959458 78929 1 0.0645833 0.972115 69 1 948 -0.00816966 -0.026357 0.00243849 -0.300464 5.74357 118.463 
0.774259 0.831305 79009 1 0.0645833 0.972115 70 1 950 -0.00759007 -0.0251771 0.000761531 -0.300165 5.77047 118.536 
0.118967 0.385928 79049 1 0.0046875 0.971154 71 1 951 -0.00842214 -0.034394 0.000611496 -0.399623 5.7631 118.59 
0.118967 0.385928 79049 1 -0.392188 0.924038 72 1 951 -0.00842214 -0.034394 0.000611496 -0.399623 5.7631 118.59 
-0.291381 -0.186262 79250 1 -0.963021 0.854808 73 0 956 -0.00199078 -0.0142021 -0.000699334 -0.149077 5.71925 118.513 
-0.375067 -0.157675 79329 1 -1 0.854808 74 0 958 0.00216225 -0.015994 0.00376253 -0.164378 5.67245 118.704 
-0.359885 -0.160364 79410 1 -1 0.854808 75 0 960 0.00261611 -0.0143033 0.00488137 -0.140327 5.65734 118.795 
-0.313676 -0.111015 79490 1 -1 0.854808 76 0 962 0.00391063 -0.00693085 0.00934487 -0.064631 5.61574 118.739 
-0.326985 -0.106241 79571 1 -1 0.854808 77 0 964 0.00429184 -0.0116975 0.00909109 -0.105164 5.61769 118.926 
-0.311212 -0.0760932 79651 1 -1 0.854808 78 0 966 0.00486617 -0.0101774 0.010475 -0.083641 5.59832 118.915 
-0.311212 -0.0760932 79651 1 -1 0.807692 79 0 966 0.00486617 -0.0101774 0.010475 -0.083641 5.59832 118.915 
-0.290791 -0.0910487 79771 1 -1 0.690385 80 0 969 0.00401059 -0.0135842 0.010822 -0.0808319 5.58841 119.031 
-0.321353 -0.103736 79851 1 -1 0.604808 81 0 971 0.00488262 -0.019855 0.0107782 -0.132386 5.59334 119.083 
-0.314298 -0.127487 79931 1 -0.997396 0.593269 82 0 973 0.00355257 -0.0221997 0.00905852 -0.130662 5.61561 119.122 
-0.312947 -0.173012 79971 1 -0.957292 0.599038 83 0 974 0.00388367 -0.0256176 0.00846751 -0.163003 5.62607 118.997 
-0.291214 -0.166093 80012 1 -0.914063 0.601923 84 0 975 0.00363868 -0.0240807 0.0087184 -0.133911 5.62816 118.989 
-0.339936 -0.224315 80131 1 -0.905208 0.601923 85 0 978 0.00247799 -0.0264817 0.00757009 -0.146075 5.65872 118.855 
-0.356165 -0.260036 80211 1 -0.905208 0.601923 86 0 980 0.00162779 -0.0290631 0.00716138 -0.182668 5.67711 118.895 
-0.376127 -0.30072 80292 1 -0.905208 0.601923 87 0 982 0.000663792 -0.0352727 0.00612504 -0.247083 5.703 118.914 
-0.376127 -0.30072 80292 1 -0.905208 0.601923 88 0 982 0.000663792 -0.0352727 0.00612504 -0.247083 5.703 118.914 
-0.386974 -0.328952 80332 1 -0.905208 0.601923 89 0 983 -0.000137846 -0.0371099 0.00337922 -0.260764 5.73047 118.863 
-0.387948 -0.352571 80493 1 -0.905208 0.601923 90 0 987 -0.000798549 -0.0380906 0.00193863 -0.237184 5.7459 118.743 
-0.402423 -0.388726 80572 1 -0.905208 0.601923 91 0 989 0.000260335 -0.0374625 0.00156372 -0.211753 5.76061 118.768 
-0.411986 -0.377654 80612 1 -0.905208 0.601923 92 0 990 0.000693389 -0.0385044 0.00144966 -0.212246 5.76503 118.772 
-0.411986 -0.377654 80612 1 -0.897396 0.582692 93 0 990 0.000693389 -0.0385044 0.00144966 -0.212246 5.76503 118.772 
-0.444821 -0.38202 80773 1 -0.864583 0.456731 94 0 994 0.00103973 -0.0416396 9.94492e-005 -0.230183 5.76577 118.728 
-0.501329 -0.393603 80852 1 -0.736979 0.128846 95 0 996 0.000617619 -0.0444274 -0.000348173 -0.273362 5.76907 118.798 
-0.54438 -0.403354 80933 1 -0.602083 0.00769231 96 0 998 8.23647e-005 -0.0459907 0.000534158 -0.297573 5.77418 119.08 
-0.54438 -0.403354 80933 1 -0.551562 0.00769231 97 0 998 8.23647e-005 -0.0459907 0.000534158 -0.297573 5.77418 119.08 
-0.54438 -0.403354 80933 1 -0.529167 0.00769231 98 0 998 8.23647e-005 -0.0459907 0.000534158 -0.297573 5.77418 119.08 
-0.31221 -0.326153 81134 1 -0.508854 0.00769231 99 0 1003 -0.00145274 -0.0525305 -0.00457865 -0.378663 5.80746 118.757 
0.463817 0.313346 81213 1 -0.503125 0.00769231 100 1 1005 -0.00542101 -0.0616472 -0.0139192 -0.475577 5.92507 118.777 
0.452586 0.272521 81253 1 -0.497917 0.00769231 101 1 1006 -0.00790172 -0.0610986 -0.0147285 -0.469606 5.94462 118.871 
0.452586 0.272521 81253 1 -0.491667 0.00769231 102 1 1006 -0.00790172 -0.0610986 -0.0147285 -0.469606 5.94462 118.871 
0.40818 0.205824 81414 1 -0.489063 0.00769231 103 1 1010 -0.00691992 -0.0631579 -0.0159131 -0.543784 5.95382 118.888 
0.384337 0.225409 81494 1 -0.4875 0.00769231 104 1 1012 -0.00830348 -0.0694829 -0.0156725 -0.63127 5.94417 118.913 
0.352248 0.211693 81575 1 -0.4875 0.00769231 105 1 1014 -0.00762924 -0.0690679 -0.0148214 -0.649512 5.94614 119.094 
0.414171 0.234902 81656 1 -0.4875 0.00769231 106 1 1016 -0.00785737 -0.0630543 -0.0142978 -0.589273 5.92593 118.956 
0.420211 0.242821 81734 1 -0.4875 0.00769231 107 1 1018 -0.00862197 -0.0642109 -0.0147943 -0.589981 5.93298 118.945 
0.431366 0.244634 81815 1 -0.4875 0.00769231 108 1 1020 -0.00605094 -0.0617623 -0.0153371 -0.554184 5.93791 118.958 
0.456644 0.261445 81896 1 -0.488021 0.00769231 109 1 1022 -0.00399486 -0.0544225 -0.0166234 -0.463775 5.95152 118.929 
0.436825 0.285538 81975 1 -0.492188 0.0346154 110 1 1024 -0.00450501 -0.0568804 -0.0139821 -0.487377 5.91904 118.906 
0.458608 0.290788 82055 1 -0.494271 0.0663462 111 1 1026 -0.00465003 -0.0554238 -0.0150527 -0.455497 5.94164 118.885 
0.461402 0.262888 82097 1 -0.497917 0.140385 112 1 1027 -0.00424718 -0.0575016 -0.0161272 -0.474344 5.95755 118.834 
0.419931 0.231265 82176 1 -0.506771 0.201923 113 1 1029 -0.00439191 -0.0554634 -0.0158147 -0.444239 5.947 118.816 
0.418726 0.265704 82295 1 -0.522917 0.257692 114 1 1032 -0.0035042 -0.0547089 -0.0145657 -0.427861 5.90766 118.786 
0.421459 0.296884 82335 1 -0.534896 0.301923 115 1 1033 -0.00334166 -0.0552131 -0.0126486 -0.435038 5.8898 118.911 
0.415426 0.313042 82419 1 -0.543229 0.342308 116 1 1035 -0.00218722 -0.0531354 -0.0116274 -0.407937 5.88118 118.863 
0.440397 0.299082 82496 1 -0.552083 0.379808 117 1 1037 -0.00207059 -0.0498882 -0.0123673 -0.360019 5.88677 118.884 
0.416906 0.312699 82536 1 -0.555208 0.386538 118 1 1038 -0.00167788 -0.0528662 -0.0110676 -0.393042 5.87497 118.939 
0.412798 0.287218 82617 1 -0.55625 0.391346 119 1 1040 -0.00284023 -0.0540563 -0.0129158 -0.403962 5.90152 118.855 
0.393275 0.265347 82696 1 -0.557292 0.393269 120 1 1042 -0.00226577 -0.0573213 -0.0135605 -0.442409 5.92109 118.893 
0.396205 0.261471 82777 1 -0.557292 0.394231 121 1 1044 -0.00217517 -0.0573065 -0.0136404 -0.444496 5.92313 118.86 
0.418063 0.253354 82857 1 -0.558333 0.396154 122 1 1046 -0.00340801 -0.0528243 -0.0146337 -0.398168 5.9345 118.817 
0.400903 0.258492 82937 1 -0.558854 0.399038 123 1 1048 -0.00285823 -0.0559825 -0.0136223 -0.431827 5.92904 118.893 
0.414012 0.243377 82977 1 -0.559375 0.401923 124 1 1049 -0.00221469 -0.0528289 -0.0141772 -0.396176 5.93271 118.875 
0.389904 0.27368 83056 1 -0.559896 0.401923 125 1 1051 -0.00229052 -0.0570992 -0.0121079 -0.440335 5.91197 118.822 
0.377078 0.284667 83137 1 -0.559896 0.401923 126 1 1053 -0.00178412 -0.057535 -0.0138728 -0.440786 5.93338 118.965 
0.156813 0.338907 83177 1 -0.559896 0.401923 127 1 1054 -0.00210968 -0.0551534 -0.0143331 -0.405218 5.93909 118.889 
-0.199495 0.36121 83258 1 -0.559896 0.401923 128 1 1056 -0.00196983 -0.0509054 -0.0129901 -0.344871 5.93861 118.871 
-0.191623 0.351052 83338 1 -0.567708 0.401923 129 1 1058 -0.00215573 -0.048119 -0.0130019 -0.30037 5.94038 118.745 
-0.234977 0.332337 83378 1 -0.594271 0.401923 130 0 1059 -0.00167681 -0.0531623 -0.0118014 -0.339596 5.9589 119.179 
-0.263644 0.336229 83457 1 -0.61875 0.404808 131 0 1061 -0.00215505 -0.0542548 -0.0112185 -0.330037 5.96213 119.089 
-0.207918 0.357504 83538 1 -0.626042 0.404808 132 0 1063 -0.00106345 -0.0458676 -0.0126389 -0.215241 5.96568 118.802 
-0.209262 0.348971 83618 1 -0.626042 0.404808 133 0 1065 -9.95675e-005 -0.047233 -0.0119637 -0.205095 5.96127 118.83 
-0.229426 0.344514 83658 1 -0.626042 0.404808 134 0 1066 0.000122136 -0.0460214 -0.0100382 -0.184557 5.93926 118.764 
-0.224363 0.382384 83740 1 -0.626042 0.404808 135 0 1068 0.000910836 -0.0414547 -0.00910239 -0.127642 5.93558 118.616 
-0.215554 0.396695 83779 1 -0.626042 0.404808 136 0 1069 0.00221322 -0.0389322 -0.00751633 -0.102395 5.92471 118.809 
-0.215554 0.396695 83779 1 -0.626042 0.404808 137 0 1069 0.00221322 -0.0389322 -0.00751633 -0.102395 5.92471 118.809 
-0.227934 0.438518 83980 1 -0.626042 0.404808 138 0 1074 0.00313534 -0.0412849 -0.00620146 -0.128313 5.91016 118.791 
-0.184647 0.436091 84059 1 -0.611979 0.404808 139 1 1076 0.00307378 -0.0317014 -0.00634515 -0.0331264 5.90622 118.732 
-0.164153 0.39885 84099 1 -0.583333 0.404808 140 1 1077 0.00353977 -0.0333049 -0.00674444 -0.0619779 5.90364 118.664 
-0.134098 0.385172 84178 1 -0.580208 0.404808 141 1 1079 0.00241008 -0.0305723 -0.00750696 -0.0385155 5.9098 118.735 
-0.19582 0.367011 84259 1 -0.578646 0.403846 142 1 1081 0.0027712 -0.0404234 -0.00799115 -0.158175 5.91785 118.792 
-0.170776 0.348974 84299 1 -0.577604 0.403846 143 1 1082 0.00165493 -0.0395514 -0.00923449 -0.145454 5.92231 118.685 
-0.128848 0.349602 84380 1 -0.577604 0.403846 144 1 1084 0.00338192 -0.0309107 -0.00832016 -0.0556872 5.90319 118.689 
-0.131963 0.366306 84460 1 -0.577604 0.403846 145 1 1086 0.00338691 -0.0322086 -0.00797711 -0.0763383 5.89512 118.667 
-0.169229 0.356028 84500 1 -0.577604 0.403846 146 1 1087 0.00277452 -0.0379127 -0.00835814 -0.138264 5.90386 118.747 
-0.127281 0.334833 84580 1 -0.577604 0.403846 147 1 1089 0.00307667 -0.0299834 -0.00835548 -0.0635605 5.90487 118.729 
-0.115168 0.295785 84660 1 -0.577604 0.403846 148 1 1091 0.00253846 -0.0277634 -0.00945967 -0.0563065 5.90816 118.699 
-0.0791438 0.303036 84740 1 -0.577604 0.403846 149 1 1093 0.00242326 -0.018271 -0.00813018 0.0330274 5.88779 118.675 
-0.109989 0.305823 84781 1 -0.577604 0.403846 150 1 1094 0.00257927 -0.0230116 -0.00765446 -0.0329599 5.87315 118.702 
-0.126289 0.252514 84861 1 -0.577604 0.403846 151 1 1096 0.00129997 -0.0256948 -0.0111918 -0.0772999 5.91293 118.738 
-0.144821 0.251782 84940 1 -0.577604 0.403846 152 1 1098 0.00229707 -0.0274077 -0.0102445 -0.107258 5.90648 118.688 
-0.120713 0.253976 85023 1 -0.577604 0.403846 153 1 1100 0.00199047 -0.0225881 -0.00936072 -0.0531547 5.89743 118.659 
-0.0897083 0.267838 85102 1 -0.577604 0.403846 154 1 1102 0.00175557 -0.0237302 -0.00895859 -0.0463239 5.89114 118.665 
0.22314 0.155243 85141 1 -0.577604 0.403846 155 1 1103 0.00299958 -0.0303269 -0.0100209 -0.112259 5.9118 118.905 
0.546919 -0.201513 85221 1 -0.577604 0.403846 156 0 1105 0.00460458 -0.0329779 -0.0092486 -0.14954 5.90194 118.726 
0.498448 -0.277335 85301 1 -0.577604 0.403846 157 0 1107 0.00546952 -0.0384929 -0.00771586 -0.208815 5.87575 118.692 
0.501613 -0.289102 85341 1 -0.577604 0.403846 158 0 1108 0.00629402 -0.041993 -0.00757509 -0.23864 5.87442 118.739 
0.490396 -0.309563 85421 1 -0.577604 0.403846 159 0 1110 0.00575319 -0.0467002 -0.00873402 -0.278462 5.88439 118.63 
0.480728 -0.324626 85501 1 -0.577604 0.403846 160 0 1112 0.0058933 -0.0464756 -0.0086718 -0.274625 5.8889 118.771 
0.466336 -0.351227 85583 1 -0.577604 0.403846 161 0 1114 0.00538227 -0.0520374 -0.0113513 -0.327507 5.90899 118.736 
0.466336 -0.351227 85583 1 -0.577604 0.403846 162 0 1114 0.00538227 -0.0520374 -0.0113513 -0.327507 5.90899 118.736 
0.466336 -0.351227 85583 1 -0.577604 0.403846 163 0 1114 0.00538227 -0.0520374 -0.0113513 -0.327507 5.90899 118.736 
0.545915 -0.143248 85782 1 -0.577604 0.403846 164 1 1119 0.0105748 -0.0433182 0.00428406 -0.215777 5.7238 118.896 
0.49546 -0.237456 85862 1 -0.577604 0.403846 165 0 1121 0.00843553 -0.0464631 0.00062339 -0.242813 5.77804 118.808 
0.482992 -0.312708 85943 1 -0.577604 0.403846 166 0 1123 0.00637459 -0.0506886 -0.0022574 -0.277695 5.81888 118.804 
0.486297 -0.320081 85983 1 -0.577604 0.403846 167 0 1124 0.00578404 -0.0487439 -0.00193394 -0.254898 5.81953 118.747 
0.475554 -0.329432 86063 1 -0.577604 0.403846 168 0 1126 0.00544099 -0.0477775 -0.00237661 -0.24221 5.82942 118.714 
0.453327 -0.368685 86143 1 -0.577604 0.403846 169 0 1128 0.00529621 -0.0493838 -0.00286975 -0.266211 5.84189 118.77 
0.439799 -0.385907 86183 1 -0.577604 0.403846 170 0 1129 0.00716055 -0.0522977 -0.00300451 -0.312985 5.87118 119.236 
0.446784 -0.364718 86263 1 -0.577604 0.403846 171 0 1131 0.00400447 -0.0534698 -0.00288739 -0.318577 5.85291 118.782 
0.446784 -0.364718 86263 1 -0.577604 0.403846 172 0 1131 0.00400447 -0.0534698 -0.00288739 -0.318577 5.85291 118.782 
0.466857 -0.332432 86423 1 -0.577604 0.403846 173 0 1135 0.00559496 -0.0576563 -0.00245118 -0.350444 5.86223 118.833 
0.464582 -0.35415 86503 1 -0.577604 0.403846 174 0 1137 0.00517694 -0.0594801 -0.00427273 -0.355022 5.88291 118.826 
0.443333 -0.346751 86584 1 -0.577604 0.403846 175 0 1139 0.00569647 -0.0596736 -0.00452096 -0.347855 5.87992 118.688 
0.443333 -0.346751 86584 1 -0.577604 0.403846 176 0 1139 0.00569647 -0.0596736 -0.00452096 -0.347855 5.87992 118.688 
0.447973 -0.337952 86704 1 -0.577604 0.403846 177 0 1142 0.00626856 -0.05984 -0.00232529 -0.331461 5.87603 118.816 
0.452309 -0.323353 86784 1 -0.577604 0.403846 178 0 1144 0.00674732 -0.061117 -0.00226825 -0.336923 5.87468 118.778 
0.45081 -0.316429 86865 1 -0.577604 0.403846 179 0 1146 0.00697173 -0.0605235 -0.000192291 -0.329563 5.86407 118.795 
0.461092 -0.320508 86904 1 -0.577604 0.403846 180 0 1147 0.00728091 -0.0584376 -0.000657169 -0.305456 5.87763 118.922 
0.461092 -0.320508 86904 1 -0.577604 0.403846 181 0 1147 0.00728091 -0.0584376 -0.000657169 -0.305456 5.87763 118.922 
0.453019 -0.329318 87065 1 -0.577604 0.403846 182 0 1151 0.00614764 -0.0591025 -0.0012542 -0.313029 5.88867 118.809 
0.376798 -0.288833 87145 1 -0.577604 0.403846 183 0 1153 0.00597158 -0.0585481 -0.00207055 -0.312279 5.90403 118.806 
0.141538 -0.153671 87185 1 -0.577604 0.403846 184 1 1154 0.00414673 -0.0559776 -0.00239182 -0.27174 5.92142 118.915 
0.100687 -0.167924 87225 1 -0.577604 0.403846 185 1 1155 0.00380535 -0.0549395 -0.00387408 -0.259078 5.93874 118.869 
0.100687 -0.167924 87225 1 -0.577604 0.403846 186 1 1155 0.00380535 -0.0549395 -0.00387408 -0.259078 5.93874 118.869 
0.0968923 -0.133057 87385 1 -0.577604 0.403846 187 1 1159 0.00513066 -0.0435223 -0.00320594 -0.180291 5.90914 118.747 
0.143388 -0.0979 87465 1 -0.577604 0.403846 188 1 1161 0.005899 -0.0357497 -0.000710203 -0.116902 5.87953 118.828 
0.123166 -0.108106 87545 1 -0.577604 0.403846 189 1 1163 0.0058124 -0.0361545 -0.00304744 -0.133998 5.89765 118.85 
0.151051 -0.0732216 87625 1 -0.577604 0.403846 190 1 1165 0.00560289 -0.0333972 -0.00160814 -0.10153 5.88027 118.786 
0.174776 -0.0831312 87665 1 -0.577604 0.403846 191 1 1166 0.00619303 -0.0293035 -0.00115982 -0.0567363 5.88244 118.806 
0.165168 -0.0630222 87746 1 -0.577604 0.403846 192 1 1168 0.00733227 -0.0335489 8.11968e-005 -0.108777 5.87164 118.768 
0.163609 -0.0599449 87826 1 -0.577604 0.403846 193 1 1170 0.00652691 -0.0359417 0.000131977 -0.114472 5.87167 118.777 
0.142922 -0.0609297 87906 1 -0.577604 0.403846 194 1 1172 0.0056219 -0.0343439 -0.000392443 -0.0879259 5.88132 118.822 
0.135506 -0.0743805 87946 1 -0.577604 0.403846 195 1 1173 0.00700305 -0.0371721 -0.0012513 -0.121161 5.88026 118.705 
0.144839 -0.0659349 88026 1 -0.577604 0.403846 196 1 1175 0.00656561 -0.0321483 -0.00264794 -0.0619495 5.88388 118.724 
0.1311 -0.0554469 88107 1 -0.577604 0.403846 197 1 1177 0.00571459 -0.0341785 -0.00391256 -0.0879976 5.88503 118.703 
0.148559 -0.0635528 88147 1 -0.577604 0.403846 198 1 1178 0.00641889 -0.0302208 -0.00356819 -0.046952 5.88024 118.695 
0.166037 -0.0607809 88227 1 -0.577604 0.403846 199 1 1180 0.00631295 -0.027544 -0.00365688 -0.0168991 5.8868 118.722 
0.151147 -0.0441432 88306 1 -0.577604 0.403846 200 1 1182 0.00640537 -0.0301671 -0.00338957 -0.0407145 5.88017 118.698 
0.158522 -0.0487462 88347 1 -0.577604 0.403846 201 1 1183 0.00688078 -0.0298146 -0.00351372 -0.0387985 5.88383 118.719 
0.158276 -0.040014 88427 1 -0.577604 0.403846 202 1 1185 0.00713839 -0.0291275 -0.0014637 -0.0254646 5.8661 118.73 
0.157466 -0.0440383 88507 1 -0.577604 0.403846 203 1 1187 0.00894845 -0.0317306 -0.00151937 -0.0477746 5.86773 118.716 
0.167726 -0.0277206 88547 1 -0.577604 0.403846 204 1 1188 0.00874467 -0.030261 -0.000722298 -0.0242061 5.86282 118.722 
0.170785 -0.0305049 88628 1 -0.577604 0.403846 205 1 1190 0.00849683 -0.0307602 -0.000892034 -0.0186184 5.85922 118.568 
0.148501 -0.0425484 88707 1 -0.577604 0.403846 206 1 1192 0.00864084 -0.0359433 -0.00129212 -0.0738142 5.8691 118.721 
0.160058 -0.0336621 88790 1 -0.577604 0.403846 207 1 1194 0.00859087 -0.0330324 -0.00218291 -0.0435487 5.86917 118.666 
0.158665 -0.0250624 88828 1 -0.577604 0.403846 208 1 1195 0.00852468 -0.0312648 -0.001558 -0.0259338 5.85716 118.63 
0.150937 -0.0116086 88908 1 -0.577604 0.403846 209 1 1197 0.00816924 -0.0326853 -0.00163512 -0.0484861 5.85521 118.715 
0.163174 -0.0392658 88989 1 -0.577604 0.403846 210 1 1199 0.0076553 -0.0256778 -0.00292719 0.0204493 5.86473 118.48 
0.0535258 -0.0969851 89068 1 -0.577604 0.403846 211 1 1201 0.00801287 -0.0347611 -0.00306934 -0.0971245 5.85092 118.04 
0.052725 -0.0788732 89148 1 -0.577604 0.403846 212 1 1203 0.0076674 -0.0385595 -0.00321606 -0.137301 5.85782 118.022 
0.0533714 -0.111655 89229 1 -0.577604 0.403846 213 1 1205 0.00680585 -0.0399108 -0.00205448 -0.144655 5.86601 118.262 
0.0432822 -0.116927 89309 1 -0.577604 0.403846 214 1 1207 0.00482507 -0.0440684 -0.00394544 -0.182426 5.8917 118.11 
0.00901838 -0.079218 89388 1 -0.577604 0.403846 215 1 1209 0.00390287 -0.0460091 -0.00520801 -0.209476 5.89779 117.993 
0.0474199 -0.0580079 89429 1 -0.577604 0.403846 216 1 1210 0.00335704 -0.0448993 -0.00411158 -0.200724 5.89061 118.111 
0.38239 -0.0244867 89509 1 -0.577604 0.403846 217 1 1212 0.00489991 -0.049186 -0.00467585 -0.253528 5.90318 118.233 
0.461201 -0.044704 89589 1 -0.577604 0.403846 218 1 1214 0.00443122 -0.0493193 -0.00418056 -0.250241 5.89983 118.432 
0.461159 -0.0664688 89671 1 -0.577604 0.403846 219 1 1216 0.00454866 -0.0490137 -0.00616288 -0.233464 5.92007 118.344 
0.267431 0.319053 89750 1 -0.577604 0.403846 220 1 1218 0.00364356 -0.0477063 -0.00549802 -0.210337 5.91694 118.535 
0.254121 0.379545 89789 1 -0.577604 0.403846 221 1 1219 0.00436881 -0.0447276 -0.00452818 -0.177337 5.91089 118.473 
0.254353 0.366629 89870 1 -0.577604 0.403846 222 1 1221 0.00491958 -0.0445508 -0.00364703 -0.177761 5.90704 118.437 
0.236114 0.37007 89950 1 -0.577604 0.403846 223 1 1223 0.00450986 -0.0437883 -0.00395625 -0.165959 5.92768 118.446 
0.196879 0.235948 90030 1 -0.577604 0.403846 224 1 1225 0.00360996 -0.0443519 -0.00527998 -0.1581 5.94764 118.528 
0.186095 0.214474 90111 1 -0.577604 0.403846 225 1 1227 0.00344362 -0.0469101 -0.00585934 -0.183832 5.96114 118.435 
0.167881 0.206128 90150 1 -0.577604 0.403846 226 1 1228 0.00294051 -0.0491047 -0.00685698 -0.20962 5.97504 118.377 
0.13412 0.220413 90230 1 -0.577604 0.403846 227 1 1230 0.0022753 -0.0488718 -0.00782432 -0.203627 5.97817 118.306 
-0.189906 0.244501 90310 1 -0.577604 0.403846 228 1 1232 0.00223946 -0.045278 -0.00694413 -0.168181 5.97347 118.288 
-0.188087 0.239354 90351 1 -0.577604 0.403846 229 1 1233 0.00220688 -0.0452636 -0.00695891 -0.168372 5.97329 118.294 
-0.188087 0.239354 90351 1 -0.577604 0.403846 230 1 1233 0.00220688 -0.0452636 -0.00695891 -0.168372 5.97329 118.294 
-0.210892 0.123819 90551 1 -0.577604 0.403846 231 0 1238 0.00654823 -0.0323662 0.00291464 -0.0584231 5.83863 118.297 
-0.280662 -0.0675499 90591 1 -0.577604 0.403846 232 0 1239 0.00744017 -0.036049 0.00290206 -0.116966 5.84286 118.292 
-0.34523 -0.152361 90671 1 -0.577604 0.403846 233 0 1241 0.00597677 -0.0407204 0.00115054 -0.179893 5.87545 118.344 
0.122539 -0.232131 90751 1 -0.577604 0.403846 234 0 1243 0.00560427 -0.0457122 -0.00159576 -0.244324 5.89539 118.186 
0.110633 -0.324788 90832 1 -0.577604 0.403846 235 0 1245 0.00408604 -0.0507102 -0.00264951 -0.293923 5.9183 118.166 
0.125604 -0.353359 90912 1 -0.577604 0.403846 236 0 1247 0.00435377 -0.0479011 -0.00300414 -0.254202 5.92484 118.022 
0.151414 -0.347426 90952 1 -0.578646 0.409615 237 0 1248 0.00437169 -0.0457042 -0.00278693 -0.226663 5.9292 118.049 
0.224099 -0.140826 91032 1 -0.578646 0.409615 238 1 1250 0.00361706 -0.0478586 -0.00378516 -0.23744 5.9538 118.036 
0.193567 -0.152523 91112 1 -0.578646 0.409615 239 1 1252 0.00327107 -0.0524155 -0.00353876 -0.287701 5.95345 117.977 
0.225505 -0.0867666 91193 1 -0.578646 0.409615 240 1 1254 0.00222199 -0.0499302 -0.00359896 -0.250437 5.96228 117.999 
0.371094 0.462071 91233 1 -0.578646 0.409615 241 1 1255 0.00109664 -0.0510015 -0.00652518 -0.262104 6.00254 118.117 
0.367955 0.56773 91312 1 -0.578646 0.409615 242 1 1257 5.57994e-005 -0.0524082 -0.00784403 -0.279314 6.02337 118.116 
0.351542 0.392887 91393 1 -0.578646 0.409615 243 1 1259 -5.69453e-005 -0.0519571 -0.00825258 -0.278989 6.03296 118.019 
0.338589 0.327589 91473 1 -0.578646 0.409615 244 1 1261 0.00148901 -0.0506069 -0.00673407 -0.268697 6.02501 118.287 
0.500148 0.0918109 91513 1 -0.578646 0.409615 245 1 1262 -0.000173336 -0.0537278 -0.00698868 -0.300034 6.02451 118.18 
0.436169 0.0167149 91593 1 -0.578646 0.409615 246 1 1264 -0.000398341 -0.0564705 -0.00576785 -0.331474 5.99973 118.071 
0.437717 -0.00181945 91673 1 -0.578646 0.409615 247 1 1266 0.000271481 -0.0543902 -0.00508277 -0.304557 6.0017 118.014 
0.52983 0.705893 91713 1 -0.578646 0.409615 248 1 1267 -0.00139662 -0.0534663 -0.00592218 -0.277362 6.01503 118.084 
0.285109 1.9975 91793 1 -0.580729 0.409615 249 0 1269 0.00227671 -0.0478505 -0.00813572 -0.224792 6.05985 118.395 
0.218527 0.305758 91874 1 -0.583333 0.407692 250 1 1271 -0.000677163 -0.054481 -0.00719596 -0.30229 6.02936 118.123 
0.124022 0.0391237 91955 1 -0.583333 0.408654 251 1 1273 -0.00177437 -0.0566383 -0.0071926 -0.316 6.01353 118.049 
0.0924375 -0.00698309 91995 1 -0.583333 0.408654 252 1 1274 -0.000589049 -0.0585728 -0.0071958 -0.339415 6.01528 118.027 
0.123014 -0.0319418 92074 1 -0.583854 0.422115 253 1 1276 0.00142407 -0.0522616 -0.00755798 -0.264838 6.01732 118.065 
-0.0559972 0.023567 92154 1 -0.594271 0.452885 254 1 1278 0.00206755 -0.0520632 -0.00649948 -0.26663 6.00234 118.073 
-0.0519675 0.0323605 92234 1 -0.596354 0.451923 255 1 1280 0.000909247 -0.0508731 -0.00670359 -0.250548 6.0086 118.149 
-0.0551124 0.0283203 92275 1 -0.596354 0.451923 256 1 1281 0.00157398 -0.0499905 -0.00538617 -0.241634 5.99548 118.043 
-0.131017 -0.01599 92355 1 -0.596354 0.451923 257 1 1283 0.00210723 -0.0495776 -0.00554652 -0.227479 5.99904 118.121 
-0.18677 -0.107678 92434 1 -0.596354 0.451923 258 1 1285 0.00202134 -0.0511239 -0.00590547 -0.237115 5.99563 118.158 
-0.164598 -0.113109 92515 1 -0.596354 0.451923 259 1 1287 0.00170282 -0.0503407 -0.00698785 -0.213786 6.0044 118.144 
-0.117967 -0.133123 92595 1 -0.592187 0.458654 260 1 1289 0.00283564 -0.0526402 -0.00628651 -0.219782 6.00612 118.167 
0.123972 -0.242641 92635 1 -0.583333 0.489423 261 0 1290 0.00382825 -0.0552047 -0.00570341 -0.23958 6.01117 118.206 
0.126466 -0.286886 92716 1 -0.572917 0.558654 262 0 1292 0.00423066 -0.0544854 -0.00277804 -0.216986 5.9686 118.049 
0.141771 -0.293906 92795 1 -0.541146 0.650962 263 0 1294 0.00524534 -0.051703 -9.33208e-005 -0.159026 5.95264 118.01 
0.134807 -0.313357 92835 1 -0.524479 0.713462 264 0 1295 0.00579445 -0.0521985 0.000858957 -0.148238 5.94547 118.008 
0.138317 -0.302789 92916 1 -0.503125 0.758654 265 0 1297 0.00755821 -0.0496508 0.00135473 -0.113434 5.93016 117.82 
-0.210989 -0.302925 92996 1 -0.478125 0.832692 266 0 1299 0.0049418 -0.0473786 0.00149607 -0.0699102 5.92512 118.004 
-0.315671 -0.33579 93036 1 -0.473958 0.866346 267 0 1300 0.00574556 -0.0506507 0.000329265 -0.112589 5.93128 118.011 
-0.315671 -0.33579 93036 1 -0.473438 0.872115 268 0 1300 0.00574556 -0.0506507 0.000329265 -0.112589 5.93128 118.011 
-0.205481 -0.121131 93196 1 -0.473438 0.901923 269 0 1304 0.0139408 -0.031804 0.0178769 0.0654662 5.69667 118.322 
-0.270469 -0.265023 93276 1 -0.471354 0.95 270 0 1306 0.0111729 -0.0334337 0.0113547 0.0380839 5.77816 118.256 
-0.387914 -0.355096 93356 1 -0.468229 0.9625 271 0 1308 0.0101563 -0.0412306 0.00766946 -0.0545301 5.81323 118.254 
-0.408616 -0.404645 93437 1 -0.468229 0.9625 272 0 1310 0.00973288 -0.040719 0.00658742 -0.0569083 5.83336 118.21 
-0.457938 -0.37015 93477 1 -0.468229 0.9625 273 0 1311 0.00935178 -0.0430228 0.00330924 -0.0784486 5.87515 118.201 
-0.602162 -0.246366 93556 1 -0.468229 0.9625 274 0 1313 0.00627394 -0.0486082 -0.00231605 -0.129039 5.93281 118.237 
-0.625089 -0.288835 93597 1 -0.468229 0.9625 275 0 1314 0.00569704 -0.0475474 -0.00427563 -0.126481 5.94729 118.131 
-0.625089 -0.288835 93597 1 -0.461458 0.963462 276 0 1314 0.00569704 -0.0475474 -0.00427563 -0.126481 5.94729 118.131 
-0.646646 -0.267677 93757 1 -0.43125 0.963462 277 0 1318 0.00491648 -0.0438091 -0.00266806 -0.12767 5.9195 118.197 
-0.762226 -0.106576 93838 1 -0.415625 0.963462 278 0 1320 0.00551657 -0.0404787 -0.00343507 -0.109543 5.91871 118.256 
-0.827366 0.14515 93918 1 -0.408854 0.963462 279 0 1322 0.00520613 -0.0386985 -0.00251783 -0.101705 5.90889 118.245 
-0.827366 0.14515 93918 1 -0.382813 0.963462 280 0 1322 0.00520613 -0.0386985 -0.00251783 -0.101705 5.90889 118.245 
-0.825664 0.164474 94079 1 -0.376563 0.964423 281 0 1326 0.00459815 -0.0357804 -0.0016435 -0.0669414 5.90107 118.288 
-0.636337 0.191593 94158 1 -0.376563 0.964423 282 0 1328 0.00641267 -0.0397086 -0.00373155 -0.10245 5.91366 118.278 
-0.0831633 0.00963341 94198 1 -0.376563 0.964423 283 1 1329 0.00746011 -0.0447445 -0.0057644 -0.156035 5.9269 118.213 
0.171816 -0.142017 94238 1 -0.380208 0.964423 284 1 1330 0.00791067 -0.04799 -0.00682436 -0.194421 5.93261 118.194 
0.171816 -0.142017 94238 1 -0.391667 0.964423 285 1 1330 0.00791067 -0.04799 -0.00682436 -0.194421 5.93261 118.194 
0.137019 -0.292735 94439 1 -0.401562 0.964423 286 0 1335 0.0077941 -0.050827 -0.00633683 -0.184761 5.93074 118.242 
0.135086 -0.380418 94519 1 -0.407813 0.964423 287 0 1337 0.00951661 -0.0486761 -0.00314504 -0.153758 5.90333 118.426 
0.132225 -0.393251 94599 1 -0.407813 0.964423 288 0 1339 0.00912914 -0.0486363 -0.00325684 -0.153912 5.90188 118.449 
0.128321 -0.414315 94678 1 -0.408333 0.965385 289 0 1341 0.00851315 -0.0512525 -0.0049835 -0.194405 5.90586 118.063 
0.469733 -0.264775 94759 1 -0.410417 0.971154 290 0 1343 0.00774049 -0.0530195 -0.00602727 -0.225469 5.92943 118.145 
0.574285 -0.206033 94799 1 -0.41875 0.964423 291 0 1344 0.00822992 -0.0502779 -0.00379977 -0.199146 5.91795 118.311 
0.574285 -0.206033 94799 1 -0.486979 0.905769 292 0 1344 0.00822992 -0.0502779 -0.00379977 -0.199146 5.91795 118.311 
0.544939 -0.220273 94839 1 -0.572917 0.843269 293 0 1345 0.00826528 -0.0504643 -0.00444287 -0.201976 5.92207 118.333 
0.698417 -0.330604 95000 1 -0.659896 0.749038 294 0 1349 0.00929107 -0.0502876 -0.00333781 -0.197899 5.92869 118.396 
0.70827 -0.36866 95079 1 -0.692187 0.696154 295 0 1351 0.00898323 -0.0504869 -0.00272163 -0.176842 5.92385 118.351 
0.720037 -0.373099 95121 1 -0.692187 0.696154 296 0 1352 0.00879383 -0.0492048 -0.00275296 -0.151078 5.92635 118.408 
0.720037 -0.373099 95121 1 -0.692187 0.696154 297 0 1352 0.00879383 -0.0492048 -0.00275296 -0.151078 5.92635 118.408 
0.537742 -0.331947 95280 1 -0.692187 0.696154 298 0 1356 0.00826177 -0.0545067 -0.00310047 -0.173767 5.92984 118.23 
0.536028 -0.281906 95361 1 -0.692187 0.696154 299 0 1358 0.0088214 -0.0541939 -0.00310032 -0.175335 5.93602 118.056 
0.527135 -0.259152 95400 1 -0.692187 0.696154 300 0 1359 0.00791046 -0.0554256 -0.00278774 -0.190996 5.93145 118.099 
0.495371 -0.259069 95440 1 -0.692187 0.696154 301 0 1360 0.0076076 -0.0539523 -0.00342949 -0.178266 5.93872 118.075 
0.495371 -0.259069 95440 1 -0.692187 0.696154 302 0 1360 0.0076076 -0.0539523 -0.00342949 -0.178266 5.93872 118.075 
0.335296 -0.270075 95641 1 -0.690104 0.697115 303 0 1365 0.00785055 -0.0537081 -0.0012216 -0.19942 5.9178 117.911 
0.34586 -0.271439 95681 1 -0.690104 0.698077 304 0 1366 0.00766742 -0.048802 -0.000555185 -0.139016 5.92074 117.941 
0.194523 -0.340153 95762 1 -0.690104 0.698077 305 0 1368 0.00777103 -0.0486611 -0.00059014 -0.128066 5.93175 117.862 
0.194523 -0.340153 95762 1 -0.690104 0.698077 306 0 1368 0.00777103 -0.0486611 -0.00059014 -0.128066 5.93175 117.862 
-0.0204263 0.157448 95921 1 -0.690104 0.698077 307 1 1372 0.0189065 -0.0241198 0.0209563 0.16434 5.68311 118.191 
-0.071483 0.137499 96003 1 -0.690104 0.698077 308 1 1374 0.0184663 -0.0246852 0.0173593 0.179865 5.75035 118.11 
-0.102435 0.111988 96042 1 -0.690104 0.698077 309 1 1375 0.0180641 -0.0281435 0.0147129 0.143357 5.78835 118.044 
-0.148074 0.0517293 96122 1 -0.690104 0.698077 310 1 1377 0.0167504 -0.0327775 0.0109338 0.10938 5.83497 117.948 
-0.163853 0.03875 96201 1 -0.690104 0.698077 311 1 1379 0.0168307 -0.0332811 0.0099794 0.111659 5.85584 117.863 
-0.169221 0.289618 96282 1 -0.690104 0.698077 312 1 1381 0.0156976 -0.0331156 0.00769266 0.127696 5.9021 117.991 
-0.19019 0.260549 96362 1 -0.690104 0.698077 313 1 1383 0.015311 -0.0343583 0.00668287 0.102246 5.92774 117.89 
-0.219049 0.244664 96403 1 -0.690104 0.698077 314 0 1384 0.0143118 -0.0373493 0.00609814 0.0587036 5.94106 117.831 
-0.232366 0.258514 96483 1 -0.692187 0.700962 315 0 1386 0.0129619 -0.0373147 0.00502403 0.0267208 5.9758 117.784 
-0.203938 0.103795 96562 1 -0.692187 0.700962 316 0 1388 0.0101592 -0.0436152 0.00316746 -0.06377 6.01724 117.731 
-0.312551 -0.0893918 96643 1 -0.692187 0.700962 317 0 1390 0.00975733 -0.0494801 0.00252 -0.153575 6.02571 117.657 
-0.339346 -0.133792 96723 1 -0.692187 0.700962 318 0 1392 0.00999085 -0.0501805 0.00237042 -0.170909 6.01772 117.635 
-0.314681 -0.13479 96763 1 -0.692187 0.700962 319 0 1393 0.0102669 -0.0469806 0.00162648 -0.136147 6.0171 117.469 
-0.314681 -0.13479 96763 1 -0.692187 0.700962 320 0 1393 0.0102669 -0.0469806 0.00162648 -0.136147 6.0171 117.469 
-0.288072 -0.208265 96804 1 -0.692187 0.700962 321 0 1394 0.00852415 -0.0468569 0.000979496 -0.131046 6.03571 117.646 
-0.342979 -0.428292 96963 1 -0.692187 0.700962 322 0 1398 0.00873464 -0.0456713 0.00173651 -0.131839 6.01504 117.545 
-0.342222 -0.422337 97043 1 -0.692187 0.700962 323 0 1400 0.0103141 -0.0448097 0.00352112 -0.135674 5.99767 117.641 
-0.325946 -0.430012 97083 1 -0.692187 0.700962 324 0 1401 0.0084669 -0.0430557 0.00485418 -0.115619 5.9837 117.635 
-0.325946 -0.430012 97083 1 -0.692187 0.700962 325 0 1401 0.0084669 -0.0430557 0.00485418 -0.115619 5.9837 117.635 
-0.38281 -0.476838 97284 1 -0.692187 0.700962 326 0 1406 0.00896052 -0.036337 0.00797347 -0.0723997 5.95059 117.601 
-0.180766 -0.410035 97364 1 -0.692187 0.700962 327 0 1408 0.00917728 -0.0385145 0.00839669 -0.0986208 5.95419 117.54 
0.143413 -0.32772 97404 1 -0.692187 0.700962 328 0 1409 0.00921343 -0.0427627 0.00753457 -0.14808 5.96954 117.603 
0.143413 -0.32772 97404 1 -0.692187 0.700962 329 0 1409 0.00921343 -0.0427627 0.00753457 -0.14808 5.96954 117.603 
0.140625 -0.39295 97565 1 -0.692187 0.700962 330 0 1413 0.0100559 -0.0455064 0.00600233 -0.1666 5.99023 117.502 
0.170414 -0.288537 97645 1 -0.692187 0.700962 331 0 1415 0.0116962 -0.043934 0.00826378 -0.144287 5.98395 117.558 
0.273541 -0.123014 97686 1 -0.692187 0.700962 332 1 1416 0.0100545 -0.0432732 0.00500013 -0.125849 6.03916 117.661 
0.281546 -0.1726 97725 1 -0.692187 0.700962 333 1 1417 0.0093491 -0.0461667 0.00522779 -0.153919 6.02211 117.405 
0.281546 -0.1726 97725 1 -0.693229 0.7 334 1 1417 0.0093491 -0.0461667 0.00522779 -0.153919 6.02211 117.405 
0.181347 -0.312386 97926 1 -0.69375 0.7 335 0 1422 0.00882999 -0.0506278 0.00214598 -0.20254 6.03788 117.383 
0.186083 -0.330722 98005 1 -0.69375 0.7 336 0 1424 0.0086038 -0.0512652 0.00189166 -0.224387 6.04217 117.463 
0.21558 -0.195219 98085 1 -0.69375 0.7 337 1 1426 0.00825299 -0.0503117 0.00136289 -0.221012 6.04989 117.53 
0.22111 -0.168164 98165 1 -0.69375 0.7 338 1 1428 0.00796999 -0.0489226 0.00322443 -0.199271 6.04238 117.567 
0.217883 -0.161856 98205 1 -0.69375 0.7 339 1 1429 0.00800518 -0.0496948 0.00227459 -0.205649 6.05153 117.425 
0.215149 -0.0902279 98286 1 -0.69375 0.7 340 1 1431 0.00831627 -0.0466192 0.00463834 -0.164421 6.02857 117.419 
-0.0418225 2.63237 98366 1 -0.69375 0.7 341 0 1433 0.00937887 -0.0452994 0.00321997 -0.139416 6.05353 117.469 
0.256206 2.10446 98407 1 -0.69375 0.7 342 0 1434 0.00980059 -0.0413016 0.00403645 -0.0858587 6.07725 117.857 
0.164086 0.289233 98527 1 -0.69375 0.7 343 1 1437 0.00978005 -0.0470802 0.00644375 -0.158143 6.02609 117.553 
0.131901 0.134708 98606 1 -0.69375 0.7 344 1 1439 0.00889612 -0.048522 0.00413373 -0.188275 6.03298 117.489 
0.138966 0.120984 98687 1 -0.69375 0.7 345 1 1441 0.00979961 -0.0444121 0.00546391 -0.149528 6.01502 117.463 
0.0479381 0.0466458 98767 1 -0.69375 0.7 346 1 1443 0.0109641 -0.0463 0.00356169 -0.174375 6.0263 117.494 
0.0335736 0.0353245 98847 1 -0.69375 0.7 347 1 1445 0.0111692 -0.047512 0.00299282 -0.18296 6.03094 117.465 
0.0516598 0.0433029 98887 1 -0.69375 0.7 348 1 1446 0.011794 -0.0456405 0.00495787 -0.15865 6.01557 117.533 
0.15148 0.192337 98967 1 -0.69375 0.7 349 1 1448 0.0128982 -0.0386665 0.00639123 -0.070549 6.0088 117.581 
0.187871 0.307624 99048 1 -0.69375 0.7 350 1 1450 0.0111776 -0.0435353 0.0043119 -0.124966 6.02481 117.492 
0.161148 0.274476 99127 1 -0.69375 0.7 351 1 1452 0.010011 -0.0472634 0.00208856 -0.17053 6.04903 117.52 
0.197976 0.298056 99208 1 -0.69375 0.7 352 1 1454 0.00993251 -0.0440658 0.00503351 -0.129481 6.0212 117.463 
0.220316 0.315997 99288 1 -0.69375 0.7 353 1 1456 0.01088 -0.0412527 0.0055511 -0.0772406 6.02716 117.497 
0.228207 0.382861 99368 1 -0.69375 0.7 354 1 1458 0.0109622 -0.0455963 0.00652047 -0.104446 6.02831 117.584 
0.263059 0.424315 99408 1 -0.69375 0.7 355 1 1459 0.0108052 -0.046418 0.00474088 -0.105938 6.04899 117.605 
0.288863 0.440996 99487 1 -0.69375 0.7 356 1 1461 0.0103429 -0.046067 0.00498656 -0.0716419 6.04321 117.638 
0.249258 0.447812 99568 1 -0.69375 0.7 357 1 1463 0.0108482 -0.0488629 0.00407411 -0.0867367 6.05575 117.693 
0.285775 0.481012 99648 1 -0.69375 0.7 358 1 1465 0.011075 -0.0467963 0.00564374 -0.0453328 6.03731 117.761 
0.295382 0.47869 99689 1 -0.69375 0.7 359 1 1466 0.0114248 -0.0479474 0.00461799 -0.057044 6.0426 117.658 
0.245686 0.464559 99769 1 -0.69375 0.7 360 1 1468 0.0122329 -0.0489229 0.00502303 -0.0776854 6.04272 117.749 
0.233197 0.478462 99849 1 -0.69375 0.7 361 1 1470 0.0115304 -0.0449346 0.00503175 -0.0500705 6.03662 117.682 
0.244633 0.499683 99928 1 -0.69375 0.7 362 1 1472 0.011529 -0.0412115 0.00847664 -0.0256244 5.99977 117.612 
0.261073 0.505176 100009 1 -0.69375 0.7 363 1 1474 0.013528 -0.0415848 0.00592591 -0.0374171 6.02814 117.706 
0.238288 0.464978 100089 1 -0.69375 0.7 364 1 1476 0.0110439 -0.0417745 0.00453027 -0.0374852 6.04125 117.744 
0.207499 0.331612 100170 1 -0.69375 0.7 365 1 1478 0.0115804 -0.046779 0.00185577 -0.0960044 6.0615 117.603 
0.2085 0.331274 100210 1 -0.69375 0.7 366 1 1479 0.0118374 -0.0473906 0.00254127 -0.0943429 6.04922 117.62 
0.185655 0.324084 100289 1 -0.69375 0.7 367 1 1481 0.012354 -0.0502161 0.00219935 -0.120642 6.04962 117.628 
0.188044 0.313891 100331 1 -0.69375 0.7 368 1 1482 0.0123019 -0.0482987 0.00206041 -0.0952026 6.05293 117.59 
0.257533 0.420528 100410 1 -0.69375 0.7 369 1 1484 0.0121364 -0.0496253 -0.00104773 -0.105985 6.08759 117.59 
0.272239 0.434364 100490 1 -0.69375 0.7 370 1 1486 0.0106494 -0.0522344 -0.00262411 -0.15341 6.10176 117.534 
0.250372 0.423615 100571 1 -0.69375 0.7 371 1 1488 0.0090081 -0.0538734 -0.00241658 -0.198765 6.10237 117.643 
0.254755 0.401015 100610 1 -0.69375 0.7 372 1 1489 0.00627953 -0.0543216 -0.00254588 -0.206043 6.11113 117.666 
0.209619 0.414852 100690 1 -0.69375 0.7 373 1 1491 0.00884063 -0.0524696 -0.00182186 -0.216352 6.12955 118.028 
0.174521 0.424672 100770 1 -0.69375 0.7 374 1 1493 0.00542897 -0.0545894 -0.00378967 -0.232078 6.13683 117.801 
0.186814 0.429406 100851 1 -0.69375 0.7 375 1 1495 0.00384798 -0.0570628 -0.00459235 -0.248791 6.14872 117.739 
0.186814 0.429406 100851 1 -0.69375 0.7 376 1 1495 0.00384798 -0.0570628 -0.00459235 -0.248791 6.14872 117.739 
0.186814 0.429406 100851 1 -0.69375 0.7 377 1 1495 0.00384798 -0.0570628 -0.00459235 -0.248791 6.14872 117.739 
0.215077 0.433953 101051 1 -0.69375 0.7 378 1 1500 0.00646947 -0.0523852 -0.000792122 -0.192348 6.13445 117.585 
0.178959 0.410754 101132 1 -0.69375 0.7 379 1 1502 0.00651894 -0.0546677 0.00027983 -0.205272 6.1274 117.658 
0.0816978 0.30039 101212 1 -0.69375 0.7 380 1 1504 0.00722739 -0.0539664 -0.000426464 -0.198798 6.11915 117.543 
0.0680905 0.278968 101292 1 -0.69375 0.7 381 1 1506 0.00802072 -0.055252 -0.00165949 -0.21802 6.11947 117.536 
0.0721287 0.288852 101371 1 -0.69375 0.7 382 1 1508 0.00810915 -0.0536852 -0.00210456 -0.200436 6.12288 117.582 
-0.287095 0.236202 101452 1 -0.69375 0.7 383 0 1510 0.00767686 -0.0529577 -0.00345315 -0.186779 6.123 117.411 
-0.313635 0.224474 101492 1 -0.69375 0.7 384 0 1511 0.00857701 -0.0538104 -0.00233368 -0.197784 6.10889 117.405 
-0.311522 0.234067 101573 1 -0.69375 0.7 385 0 1513 0.0083379 -0.0523664 -0.000481221 -0.180115 6.08996 117.449 
-0.626884 0.263262 101652 1 -0.69375 0.7 386 0 1515 0.010038 -0.0483585 -0.00134764 -0.119993 6.10291 117.498 
-0.610313 0.234682 101733 1 -0.69375 0.7 387 0 1517 0.011448 -0.0428514 0.000263782 -0.0226774 6.07296 117.445 
-0.642553 0.271713 101813 1 -0.69375 0.7 388 0 1519 0.0148258 -0.0424774 0.00285583 -0.0106521 6.03545 117.526 
-0.642553 0.271713 101813 1 -0.69375 0.7 389 0 1519 0.0148258 -0.0424774 0.00285583 -0.0106521 6.03545 117.526 
-0.642553 0.271713 101813 1 -0.69375 0.7 390 0 1519 0.0148258 -0.0424774 0.00285583 -0.0106521 6.03545 117.526 
-0.676305 0.390998 102014 1 -0.69375 0.7 391 0 1524 0.0166118 -0.0357688 0.00747321 0.032989 5.98323 117.499 
-0.649219 0.414713 102093 1 -0.69375 0.7 392 0 1526 0.0182004 -0.0317258 0.00778622 0.0578925 5.97697 117.484 
-0.64774 0.418557 102132 1 -0.69375 0.7 393 0 1527 0.017117 -0.0334342 0.00930714 0.0402159 5.95566 117.368 
-0.64774 0.418557 102132 1 -0.69375 0.7 394 0 1527 0.017117 -0.0334342 0.00930714 0.0402159 5.95566 117.368 
-0.58456 0.461129 102334 1 -0.69375 0.7 395 0 1532 0.0206001 -0.0198815 0.0162042 0.184479 5.88139 117.394 
-0.598802 0.246986 102374 1 -0.69375 0.7 396 0 1533 0.0213885 -0.0229696 0.0145435 0.158682 5.90056 117.541 
-0.758161 0.0660659 102454 1 -0.69375 0.7 397 0 1535 0.021917 -0.0231923 0.0155341 0.162875 5.88262 117.559 
-0.758161 0.0660659 102454 1 -0.69375 0.7 398 0 1535 0.021917 -0.0231923 0.0155341 0.162875 5.88262 117.559 
-0.745729 0.0410849 102615 1 -0.69375 0.7 399 0 1539 0.0220934 -0.0237785 0.0169241 0.185419 5.88004 117.557 
-0.762515 0.0118043 102654 1 -0.69375 0.7 400 0 1540 0.0216726 -0.0250768 0.0148863 0.175935 5.91197 117.691 
-0.747242 0.0591105 102734 1 -0.69375 0.7 401 0 1542 0.0228221 -0.0236331 0.018866 0.192462 5.86458 117.536 
-0.745949 0.0858196 102775 1 -0.69375 0.699038 402 0 1543 0.0230189 -0.0216219 0.0204563 0.210722 5.84705 117.542 
-0.745949 0.0858196 102775 1 -0.694271 0.699038 403 0 1543 0.0230189 -0.0216219 0.0204563 0.210722 5.84705 117.542 
-0.695822 -0.109345 102974 1 -0.694792 0.699038 404 0 1548 0.025253 -0.019928 0.0219123 0.251877 5.83134 117.618 
-0.730281 -0.132356 103055 1 -0.694792 0.699038 405 0 1550 0.0249395 -0.015697 0.0229398 0.320095 5.81532 117.686 
-0.803547 -0.118487 103095 1 -0.694792 0.698077 406 0 1551 0.0252653 -0.0117184 0.0252722 0.377158 5.78625 117.656 
-0.803547 -0.118487 103095 1 -0.691146 0.675962 407 0 1551 0.0252653 -0.0117184 0.0252722 0.377158 5.78625 117.656 
-0.736756 -0.108815 103255 1 -0.677604 0.621154 408 0 1555 0.0283956 -0.00360265 0.0274308 0.483037 5.75377 117.664 
-0.732025 -0.0927047 103335 1 -0.669271 0.561538 409 0 1557 0.0279004 -0.000898115 0.0301951 0.516584 5.73111 117.847 
-0.714797 -0.0730886 103375 1 -0.664063 0.485577 410 0 1558 0.0286526 -0.00218055 0.0300332 0.505964 5.7305 117.783 
-0.704886 -0.0149951 103415 1 -0.667708 0.451923 411 0 1559 0.0306411 0.00070107 0.0303848 0.520888 5.72758 117.721 
-0.704886 -0.0149951 103415 1 -0.679167 0.444231 412 0 1559 0.0306411 0.00070107 0.0303848 0.520888 5.72758 117.721 
1.01054 0.121518 103616 1 -0.683333 0.438462 413 1 1564 0.0286354 -0.0231753 0.0198355 0.152303 5.87728 117.953 
0.85691 -0.0906142 103700 1 -0.685937 0.436538 414 1 1566 0.0259149 -0.0309043 0.0150409 0.060249 5.93177 117.878 
0.819634 -0.127942 103736 1 -0.686458 0.429808 415 1 1567 0.0250301 -0.033381 0.0145148 0.0290684 5.93899 117.853 
0.819634 -0.127942 103736 1 -0.686979 0.421154 416 1 1567 0.0250301 -0.033381 0.0145148 0.0290684 5.93899 117.853 
0.847952 -0.35068 103897 1 -0.688542 0.418269 417 0 1571 0.024762 -0.0401644 0.0115932 -0.0608234 5.96287 117.87 
0.81751 -0.386308 103976 1 -0.688542 0.418269 418 0 1573 0.0255299 -0.042913 0.0126184 -0.0935576 5.95775 117.924 
0.848306 -0.385727 104056 1 -0.688542 0.418269 419 0 1575 0.0249685 -0.0393753 0.0143006 -0.0536558 5.94994 117.921 
0.854872 -0.3947 104138 1 -0.682813 0.416346 420 0 1577 0.0249119 -0.040108 0.0131565 -0.066399 5.96522 117.889 
0.788624 -0.187573 104217 1 -0.677083 0.413462 421 1 1579 0.0226405 -0.0434786 0.0100127 -0.0956833 5.99892 117.902 
0.750728 -0.201103 104299 1 -0.673958 0.410577 422 0 1581 0.0219908 -0.0457876 0.00860129 -0.116612 6.02508 117.837 
0.736687 -0.219723 104377 1 -0.670833 0.407692 423 0 1583 0.0221894 -0.0458817 0.00745929 -0.116868 6.03897 117.794 
0.731914 -0.240413 104417 1 -0.667188 0.403846 424 0 1584 0.0216693 -0.0480188 0.00624689 -0.142044 6.05045 117.78 
0.752959 -0.225725 104497 1 -0.660937 0.397115 425 0 1586 0.0213652 -0.0435719 0.00794212 -0.0947256 6.03475 117.877 
0.72581 -0.194313 104578 1 -0.660417 0.396154 426 1 1588 0.0213157 -0.0489196 0.00612931 -0.165738 6.04696 117.84 
0.819468 0.213099 104618 1 -0.660417 0.396154 427 1 1589 0.0205723 -0.0449348 0.00645694 -0.1243 6.05111 117.916 
0.71812 0.323684 104698 1 -0.660417 0.396154 428 1 1591 0.0187843 -0.0469634 0.00486947 -0.152802 6.0721 118.018 
0.720878 0.257655 104778 1 -0.660417 0.396154 429 1 1593 0.0176616 -0.0463168 0.00365743 -0.149896 6.07409 117.92 
0.73539 0.456517 104858 1 -0.660417 0.396154 430 1 1595 0.0171555 -0.0444833 0.00336113 -0.121105 6.09573 117.999 
0.406266 1.94597 104898 1 -0.660417 0.396154 431 0 1596 0.0171555 -0.0444833 0.00336113 -0.121105 6.09573 117.999 
0.239104 2.80265 104939 1 -0.660417 0.396154 432 0 1597 0.0160108 -0.0431993 0.00294132 -0.106612 6.10596 118.043 
0.439183 1.28559 105020 1 -0.661458 0.401923 433 0 1599 0.0154605 -0.042703 0.00159287 -0.0991425 6.11733 118.068 
0.574051 0.475395 105098 1 -0.665104 0.417308 434 1 1601 0.0167828 -0.0469471 0.00295568 -0.162105 6.09879 117.988 
0.536794 0.247194 105179 1 -0.679688 0.460577 435 1 1603 0.0157371 -0.0470868 0.000701169 -0.164196 6.11646 117.862 
0.513265 0.206255 105259 1 -0.696875 0.500962 436 1 1605 0.015602 -0.0497353 0.00211775 -0.192948 6.09329 117.92 
0.507877 0.220635 105299 1 -0.701042 0.523077 437 1 1606 0.0166754 -0.0526184 0.0019039 -0.229325 6.09555 117.898 
0.473859 0.233284 105379 1 -0.702083 0.526923 438 1 1608 0.0165389 -0.0496579 0.00253082 -0.193406 6.10582 117.977 
0.427958 0.288291 105460 1 -0.702083 0.526923 439 1 1610 0.0163878 -0.0461707 0.00409652 -0.146709 6.0825 117.949 
0.451213 0.284444 105499 1 -0.70625 0.526923 440 1 1611 0.0179916 -0.044962 0.00480059 -0.130841 6.08243 117.998 
0.231497 0.405621 105579 1 -0.705729 0.525 441 1 1613 0.0181738 -0.046369 0.0036179 -0.130742 6.07996 117.87 
0.249751 0.438127 105660 1 -0.705729 0.525 442 1 1615 0.0175194 -0.041337 0.00509003 -0.0839165 6.06116 117.914 
0.235502 0.444893 105740 1 -0.705729 0.525 443 1 1617 0.0171222 -0.0422847 0.00453715 -0.106396 6.05526 117.947 
0.196539 0.380569 105821 1 -0.704688 0.522115 444 1 1619 0.0174155 -0.0440109 0.00469331 -0.135597 6.0483 117.881 
0.184712 0.292883 105900 1 -0.704688 0.520192 445 1 1621 0.0169493 -0.0425273 0.00532026 -0.120734 6.04288 117.949 
0.17675 0.285708 105940 1 -0.704688 0.520192 446 1 1622 0.017518 -0.0435286 0.00477098 -0.133172 6.04211 117.787 
0.191518 0.306131 106020 1 -0.704688 0.520192 447 1 1624 0.0174992 -0.0408305 0.00753664 -0.0841578 6.01782 117.854 
0.101113 0.179934 106102 1 -0.704688 0.520192 448 1 1626 0.0191182 -0.0428643 0.00723842 -0.0794419 6.02384 117.86 
0.0866219 0.0925569 106181 1 -0.704688 0.520192 449 1 1628 0.0208096 -0.0402812 0.00929784 -0.029067 5.99968 117.918 
0.0830182 0.0848771 106220 1 -0.704688 0.520192 450 1 1629 0.023572 -0.0410532 0.00952383 -0.0342067 5.98822 117.827 
0.0906717 0.048635 106301 1 -0.704688 0.520192 451 1 1631 0.0223392 -0.0391617 0.00848363 0.00896776 5.99969 117.838 
-0.140588 0.0453069 106381 1 -0.704688 0.520192 452 1 1633 0.0232716 -0.0412807 0.00820692 0.0011749 6.01152 117.855 
-0.104549 0.0803757 106461 1 -0.704688 0.520192 453 1 1635 0.0237069 -0.0346953 0.0124812 0.0849657 5.97808 117.887 
-0.0970823 0.0818403 106501 1 -0.704688 0.520192 454 1 1636 0.0242321 -0.0345363 0.0124118 0.0889129 5.98091 117.965 
-0.101773 0.0910167 106582 1 -0.704167 0.517308 455 1 1638 0.0255832 -0.0339288 0.0124513 0.0819605 5.96495 117.763 
-0.197716 0.0773618 106661 1 -0.703646 0.515385 456 1 1640 0.0249792 -0.0364994 0.0132912 0.0361774 5.95994 117.806 
-0.23242 0.0562073 106701 1 -0.703646 0.515385 457 0 1641 0.0244367 -0.0321493 0.0122887 0.0796801 5.97342 117.799 
-0.251492 0.0463021 106783 1 -0.703646 0.514423 458 0 1643 0.0237411 -0.0335066 0.0114861 0.0489365 5.97006 117.779 
-0.290498 0.017774 106864 1 -0.703646 0.513462 459 0 1645 0.0224036 -0.0333847 0.0107825 0.040877 5.96526 117.788 
-0.290498 0.017774 106864 1 -0.703646 0.511538 460 0 1645 0.0224036 -0.0333847 0.0107825 0.040877 5.96526 117.788 
-0.305286 0.0114026 106902 1 -0.703646 0.511538 461 0 1646 0.0225055 -0.037596 0.0088633 -0.0115546 5.97871 117.763 
-0.321351 -0.00592848 107105 1 -0.703646 0.509615 462 0 1651 0.0206514 -0.0394134 0.00847716 -0.0341109 5.98043 117.632 
-0.365939 0.00417955 107182 1 -0.703646 0.507692 463 0 1653 0.021565 -0.0409607 0.00789461 -0.0453551 5.98792 117.624 
-0.365939 0.00417955 107182 1 -0.703125 0.505769 464 0 1653 0.021565 -0.0409607 0.00789461 -0.0453551 5.98792 117.624 
-0.401699 -0.0171875 107342 1 -0.702604 0.503846 465 0 1657 0.023227 -0.0366961 0.00808796 0.00779149 5.99361 117.713 
-0.3744 -0.110425 107423 1 -0.702604 0.501923 466 0 1659 0.0224904 -0.0377996 0.00854923 -0.0353083 5.97579 117.621 
-0.421255 -0.292654 107504 1 -0.702604 0.501923 467 0 1661 0.0194845 -0.0401369 0.00554979 -0.0814655 6.00942 117.865 
-0.421255 -0.292654 107504 1 -0.702604 0.501923 468 0 1661 0.0194845 -0.0401369 0.00554979 -0.0814655 6.00942 117.865 
-0.461865 -0.385599 107626 1 -0.702604 0.501923 469 0 1664 0.0179784 -0.041045 0.00411767 -0.102769 6.02734 117.86 
-0.471495 -0.39937 107703 1 -0.702604 0.501923 470 0 1666 0.0180354 -0.0412865 0.00454792 -0.108875 6.01518 117.748 
-0.461166 -0.40868 107783 1 -0.702604 0.502885 471 0 1668 0.0174883 -0.0409908 0.00373823 -0.0971744 6.0243 117.821 
-0.409541 -0.287715 107823 1 -0.702604 0.502885 472 0 1669 0.0174534 -0.0424888 0.0016598 -0.105675 6.04811 117.759 
-0.409541 -0.287715 107823 1 -0.702604 0.502885 473 0 1669 0.0174534 -0.0424888 0.0016598 -0.105675 6.04811 117.759 
-0.435266 -0.171001 108025 1 -0.702604 0.502885 474 0 1674 0.0176101 -0.04532 0.0013926 -0.128208 6.0603 117.737 
-0.446722 -0.17297 108065 1 -0.702604 0.502885 475 0 1675 0.0185698 -0.0465039 0.00215728 -0.141441 6.05616 117.742 
-0.423539 -0.129282 108145 1 -0.702604 0.502885 476 0 1677 0.019265 -0.0443869 0.00324732 -0.119069 6.04396 117.719 
-0.423539 -0.129282 108145 1 -0.702604 0.502885 477 0 1677 0.019265 -0.0443869 0.00324732 -0.119069 6.04396 117.719 
-0.582934 -0.0817986 108305 1 -0.702604 0.502885 478 0 1681 0.019511 -0.0400572 0.0045052 -0.0996531 6.02882 117.696 
-0.568963 -0.0556025 108345 1 -0.702604 0.502885 479 0 1682 0.0190518 -0.0356066 0.00629691 -0.0520822 6.01566 117.778 
-0.552765 0.300541 108426 1 -0.702604 0.502885 480 0 1684 0.0204096 -0.0375633 0.00776728 -0.0760223 5.99567 117.688 
-0.549603 0.164306 108464 1 -0.702604 0.502885 481 0 1685 0.0200243 -0.0334161 0.00840817 -0.0258874 5.97923 117.623 
-0.549603 0.164306 108464 1 -0.702604 0.502885 482 0 1685 0.0200243 -0.0334161 0.00840817 -0.0258874 5.97923 117.623 
-0.708346 -0.0348252 108666 1 -0.702604 0.502885 483 0 1690 0.0210322 -0.029979 0.00845892 0.0271711 5.97367 117.681 
-0.551748 -0.0163504 108746 1 -0.702604 0.502885 484 0 1692 0.0207868 -0.0329303 0.00855712 -0.00761334 5.98178 117.695 
-0.0686133 -0.0123474 108786 1 -0.702604 0.502885 485 1 1693 0.0207541 -0.0352475 0.00838758 -0.0383481 5.98854 117.741 
-0.0686133 -0.0123474 108786 1 -0.702604 0.502885 486 1 1693 0.0207541 -0.0352475 0.00838758 -0.0383481 5.98854 117.741 
0.156559 -0.131175 108986 1 -0.702604 0.502885 487 1 1698 0.0173661 -0.0456544 0.00290393 -0.187293 6.06316 117.831 
0.148147 -0.144958 109068 1 -0.703125 0.502885 488 1 1700 0.0173883 -0.0460877 0.00332888 -0.204302 6.05969 117.877 
0.174391 -0.159109 109147 1 -0.703125 0.502885 489 1 1702 0.0170725 -0.0435438 0.00252959 -0.165285 6.06923 118.025 
0.153787 -0.154003 109226 1 -0.703125 0.502885 490 1 1704 0.0183893 -0.0459124 0.00324526 -0.189913 6.06393 118.013 
0.157051 -0.101642 109267 1 -0.703125 0.502885 491 1 1705 0.0182253 -0.0426015 0.00530876 -0.141747 6.05081 118.008 
0.0997712 -0.0542443 109347 1 -0.703125 0.503846 492 1 1707 0.0185931 -0.0427038 0.00649581 -0.135325 6.03865 118.109 
0.118 -0.067015 109427 1 -0.703125 0.503846 493 1 1709 0.0181142 -0.0445981 0.00173928 -0.13528 6.06766 118.027 
0.72931 0.607682 109507 1 -0.703125 0.503846 494 1 1711 0.0154978 -0.0522634 -0.00129137 -0.187245 6.1157 118.172 
0.666426 0.354846 109587 1 -0.703125 0.503846 495 1 1713 0.0166148 -0.0493036 0.00348819 -0.126141 6.09831 118.133 
0.651056 0.283531 109627 1 -0.703125 0.503846 496 1 1714 0.0178327 -0.0513442 0.00308924 -0.134641 6.10499 118.167 
0.665395 0.246421 109707 1 -0.703125 0.503846 497 1 1716 0.0175571 -0.0490108 0.00174559 -0.102136 6.11793 118.177 
0.632125 0.274089 109747 1 -0.703125 0.503846 498 1 1717 0.0178261 -0.04989 0.00143544 -0.117368 6.11591 118.124 
0.32471 0.455675 109828 1 -0.703125 0.503846 499 1 1719 0.0173145 -0.0497141 0.00128127 -0.103095 6.12313 118.013 
0.316277 0.429228 109908 1 -0.703125 0.503846 500 1 1721 0.0191984 -0.0483659 0.00223251 -0.0910002 6.12694 118.014 
0.283884 0.389079 109987 1 -0.703125 0.503846 501 1 1723 0.0176682 -0.0498671 -0.00111607 -0.104326 6.16302 117.972 
0.272606 0.413054 110070 1 -0.703125 0.503846 502 1 1725 0.0175546 -0.0494605 -0.000741441 -0.106907 6.15365 118.08 
0.352935 0.505128 110148 1 -0.703125 0.503846 503 1 1727 0.0174876 -0.0476604 -0.00106064 -0.0679505 6.15533 118 
0.359147 0.393491 110189 1 -0.703125 0.503846 504 1 1728 0.0192191 -0.0500337 0.000860587 -0.0854531 6.15021 117.993 
0.297334 -0.200255 110269 1 -0.703125 0.503846 505 0 1730 0.0225079 -0.0521298 0.00319997 -0.0837472 6.11784 117.859 
0.273442 -0.315831 110348 1 -0.703125 0.503846 506 0 1732 0.022117 -0.0474682 0.00452018 -0.0249864 6.10571 118.211 
0.269835 -0.290825 110428 1 -0.703125 0.503846 507 0 1734 0.0235038 -0.0443984 0.00697896 -0.0190033 6.04424 117.906 
0.187559 -0.298876 110510 1 -0.703125 0.503846 508 0 1736 0.0233034 -0.0430491 0.00765063 -0.0485383 6.0086 117.894 
0.186445 -0.325898 110549 1 -0.703125 0.503846 509 0 1737 0.0223718 -0.0442138 0.00596205 -0.0805679 6.01715 117.868 
0.149525 -0.371787 110629 1 -0.703125 0.503846 510 0 1739 0.0201594 -0.0467117 0.00537717 -0.153232 6.00899 117.895 
0.149525 -0.371787 110629 1 -0.703125 0.503846 511 0 1739 0.0201594 -0.0467117 0.00537717 -0.153232 6.00899 117.895 
0.163294 -0.402229 110789 1 -0.703125 0.503846 512 0 1743 0.0142347 -0.043248 0.000876488 -0.139811 5.95317 118.164 
0.169468 -0.164309 110829 1 -0.703125 0.503846 513 1 1744 0.0141134 -0.0483821 -0.00331167 -0.195853 5.98563 118.265 
0.376057 0.805904 110950 1 -0.703125 0.503846 514 1 1747 0.0108477 -0.0528717 -0.00947108 -0.228211 6.08052 118.513 
0.376057 0.805904 110950 1 -0.703125 0.503846 515 1 1747 0.0108477 -0.0528717 -0.00947108 -0.228211 6.08052 118.513 
0.376057 0.805904 110950 1 -0.703125 0.503846 516 1 1747 0.0108477 -0.0528717 -0.00947108 -0.228211 6.08052 118.513 
0.247297 0.407057 111150 1 -0.703125 0.503846 517 1 1752 0.0141707 -0.0521892 -0.00736749 -0.167797 6.05625 117.692 
0.175154 0.341655 111230 1 -0.703125 0.503846 518 1 1754 0.009831 -0.0537644 -0.010528 -0.221478 6.00163 116.413 
0.136617 0.41692 111270 1 -0.703125 0.503846 519 1 1755 0.00742811 -0.0597396 -0.0106838 -0.341764 5.9096 115.131 
0.309913 0.655427 111351 1 -0.703125 0.503846 520 1 1757 0.00085667 -0.0476039 -0.0147262 -0.29455 5.75359 115.017 
0.336205 0.674282 111392 1 -0.703125 0.503846 521 1 1758 -0.0150976 -0.0488317 -0.0251218 -0.280973 5.73959 116.365 
0.289073 0.7871 111470 1 -0.703125 0.503846 522 1 1760 -0.0721985 -0.0924373 -0.0618872 -0.272723 5.45307 118.311 
0.323101 0.732569 111510 1 -0.703125 0.503846 523 1 1761 -0.0977987 -0.107203 -0.0661614 -0.211597 5.08751 119.418 
0.521089 1.11993 111591 1 -0.703125 0.503846 524 1 1763 -0.0928722 -0.0990201 -0.0678733 -0.300422 4.52805 122.065 
-0.577868 1.6137 111671 1 -0.703125 0.503846 525 0 1765 -0.0902712 -0.0967043 -0.0871552 -0.40109 4.48016 123.793 
0.0628374 1.21106 111792 1 -0.703125 0.503846 526 0 1768 -0.0882046 -0.0737355 -0.0916821 -0.037965 4.36878 124.145 
0.0631996 1.14521 111831 1 -0.703125 0.503846 527 1 1769 -0.0724313 -0.0748859 -0.0800439 -0.0934795 4.29852 123.199 
-19.3004 15.2232 111912 1 -0.703125 0.503846 528 0 1771 -0.0603674 -0.0791236 -0.0694629 -0.0587162 4.28871 122.227 
-2.82773 2.54571 111992 1 -0.703125 0.503846 529 0 1773 -0.0280388 -0.138856 -0.0671073 -0.0143722 4.33493 121.711 
-0.0364727 0.772153 112112 1 -0.703125 0.503846 530 1 1776 -0.0244713 -0.13318 -0.0854457 0.690542 4.64857 120.381 
-2.71203 4.85348 112191 1 -0.703125 0.503846 531 0 1778 -0.0259365 -0.142055 -0.0645557 0.725649 4.59341 120.366 
-1.88798 4.12561 112272 1 -0.703125 0.503846 532 0 1780 0.00573868 -0.110249 -0.0343355 0.956947 4.72989 120.469 
-1.46348 2.80016 112352 1 -0.703125 0.503846 533 0 1782 -0.00320192 -0.0984577 -0.0252149 1.09833 4.8563 118.765 
-7.68284 7.69282 112432 1 -0.703125 0.503846 534 0 1784 -0.0218506 -0.112633 -0.0155337 0.799067 4.98252 117.382 
-0.89484 2.01747 112513 1 -0.703125 0.503846 535 0 1786 -0.0402559 -0.101442 -0.00929762 0.763394 5.06595 117.405 
-0.271817 2.07882 112592 1 -0.703646 0.503846 536 0 1788 -0.0481875 -0.0842548 -0.0146636 0.761056 5.18037 117.556 
-0.271817 2.07882 112592 1 -0.703646 0.503846 537 0 1788 -0.0481875 -0.0842548 -0.0146636 0.761056 5.18037 117.556 
0.613934 0.89653 112632 1 -0.704167 0.503846 538 1 1789 -0.0527632 -0.0828886 -0.0180656 0.642605 5.21663 116.9 
0.435446 -0.209866 112833 1 -0.69375 0.510577 539 0 1794 -0.0655157 -0.0644466 -0.0114682 0.275486 5.33366 116.452 
0.367047 -0.185129 112914 1 -0.590625 0.514423 540 1 1796 -0.0722323 -0.0630501 -0.0128161 0.2457 5.3912 116.416 
0.225466 -0.162194 112953 1 -0.446875 0.514423 541 1 1797 -0.0754879 -0.0701898 -0.0156891 0.163115 5.43335 116.434 
0.225466 -0.162194 112953 1 -0.0817708 0.511538 542 1 1797 -0.0754879 -0.0701898 -0.0156891 0.163115 5.43335 116.434 
0.175401 -0.299396 113114 1 0.234896 0.444231 543 0 1801 -0.0728902 -0.0707709 -0.029689 0.232272 5.59143 116.803 
0.343395 -0.305995 113194 1 0.615104 0.130769 544 0 1803 -0.0635915 -0.0849125 -0.0324153 0.074056 5.64306 116.694 
0.330813 -0.231191 113275 1 0.782292 0 545 0 1805 -0.051982 -0.0737709 -0.0287833 0.134261 5.58032 116.584 
0.324587 -0.175355 113354 1 0.8375 0 546 1 1807 -0.0480781 -0.0691372 -0.0264476 0.0933845 5.55295 116.815 
0.324213 -0.0982264 113435 1 0.842187 0 547 1 1809 -0.0487528 -0.0632081 -0.0202778 0.0717307 5.50619 116.737 
0.327683 -0.0693325 113474 1 0.789583 0.00288462 548 1 1810 -0.0484715 -0.0620365 -0.0195886 0.0557497 5.52518 116.84 
0.297626 -0.111117 113555 1 0.766146 0.00961538 549 1 1812 -0.0494208 -0.0632414 -0.0212655 -0.0139081 5.58834 116.852 
0.495804 -0.0187139 113635 1 0.766146 0.0105769 550 1 1814 -0.0523267 -0.0650713 -0.0299875 -0.0789108 5.72708 116.824 
0.772461 0.0461588 113715 1 0.753125 0.0346154 551 1 1816 -0.0535261 -0.0724024 -0.0333161 -0.195192 5.79642 116.982 
0.775826 -0.0685434 113755 1 0.736458 0.0644231 552 1 1817 -0.0531281 -0.0695718 -0.0364754 -0.159022 5.83727 117.271 
0.785467 -0.12606 113835 1 0.726042 0.0730769 553 1 1819 -0.0523707 -0.0657416 -0.0382558 -0.115056 5.84332 116.985 
0.641631 -0.0506306 113916 1 0.704688 0.0894231 554 1 1821 -0.0543867 -0.0610923 -0.0369595 -0.0458115 5.82174 116.945 
0.349884 -0.0800876 113996 1 0.667708 0.0903846 555 1 1823 -0.053521 -0.0589135 -0.0393127 -0.00483838 5.84461 117.036 
0.329763 -0.158091 114036 1 0.616146 0.0894231 556 1 1824 -0.0540863 -0.057978 -0.0397576 0.0057712 5.84432 117.027 
0.5305 1.12562 114115 1 0.570313 0.0865385 557 0 1826 -0.0521182 -0.0586017 -0.0401947 -0.0192375 5.84338 116.977 
0.177857 1.33044 114196 1 0.538021 0.0846154 558 0 1828 -0.056053 -0.0693719 -0.042024 -0.112048 5.89487 117.538 
0.233273 -0.153401 114276 1 0.531771 0.0826923 559 1 1830 -0.05274 -0.0623544 -0.0425594 -0.0790702 5.86809 117.152 
0.209924 -0.407019 114356 1 0.522396 0.075 560 0 1832 -0.0507542 -0.0519535 -0.0333568 0.0124195 5.77706 117.12 
0.304888 -0.451043 114437 1 0.508854 0.0673077 561 0 1834 -0.046448 -0.0393195 -0.0267536 0.164017 5.70517 117.088 
0.336166 -0.450725 114516 1 0.504167 0.0644231 562 0 1836 -0.0463201 -0.0437685 -0.0206538 0.153382 5.65595 116.997 
0.347876 -0.444179 114556 1 0.504167 0.0644231 563 0 1837 -0.0463064 -0.0421459 -0.0183374 0.186849 5.63798 116.95 
0.375219 -0.448842 114677 1 0.498437 0.0634615 564 0 1840 -0.0464809 -0.0431967 -0.0123517 0.216869 5.60846 116.814 
0.375219 -0.448842 114677 1 0.40625 0.0634615 565 0 1840 -0.0464809 -0.0431967 -0.0123517 0.216869 5.60846 116.814 
0.377442 -0.411325 114836 1 0.163542 0.0451923 566 0 1844 -0.0464007 -0.0425896 -0.00656753 0.251319 5.58892 116.896 
0.262349 -0.171494 114917 1 0.108333 0.0336538 567 1 1846 -0.0469727 -0.0490537 -0.0117944 0.222541 5.67532 117.208 
0.031448 -0.0960641 114997 1 0.103646 0.0259615 568 1 1848 -0.0495124 -0.052056 -0.0152252 0.219403 5.75608 117 
0.031448 -0.0960641 114997 1 0.0989583 0.0115385 569 1 1848 -0.0495124 -0.052056 -0.0152252 0.219403 5.75608 117 
-0.0160285 -0.141757 115037 1 0.106771 0.00673077 570 1 1849 -0.0516004 -0.0586722 -0.0172145 0.151689 5.79224 116.963 
-0.566595 -0.654535 115238 1 0.107813 0.00673077 571 0 1854 -0.0532646 -0.0670911 -0.0205417 0.0127085 5.8347 116.886 
-0.531813 -0.648653 115278 1 0.109375 0.00865385 572 0 1855 -0.0519913 -0.0645725 -0.0193847 0.0295284 5.81638 116.838 
-0.545064 -0.656383 115358 1 0.1125 0.00961538 573 0 1857 -0.0514572 -0.0572942 -0.0149548 0.0979136 5.76869 116.789 
-0.57361 -0.695379 115438 1 0.115104 0.0115385 574 0 1859 -0.0489693 -0.0586318 -0.0146932 0.0925101 5.7709 116.873 
-0.544177 -0.709807 115519 1 0.116667 0.0115385 575 0 1861 -0.0494915 -0.0591408 -0.0149808 0.096783 5.77315 116.882 
-0.506238 -0.673414 115560 1 0.117188 0.0115385 576 0 1862 -0.048795 -0.059 -0.0143525 0.0958349 5.7679 116.957 
-0.506238 -0.673414 115560 1 0.117188 0.0115385 577 0 1862 -0.048795 -0.059 -0.0143525 0.0958349 5.7679 116.957 
-0.518808 -0.674433 115598 1 0.117188 0.0115385 578 0 1863 -0.0497013 -0.0606595 -0.013761 0.0731194 5.75625 116.857 
-0.360925 -0.715905 115799 1 0.133854 0.0471154 579 0 1868 -0.0498494 -0.0464033 -0.0105441 0.221747 5.70572 116.06 
-0.427159 -0.416217 115879 1 0.173437 0.175 580 0 1870 -0.0556445 -0.0571098 -0.017932 0.134975 5.83317 116.602 
-0.427159 -0.416217 115879 1 0.188542 0.244231 581 0 1870 -0.0556445 -0.0571098 -0.017932 0.134975 5.83317 116.602 
-0.48576 -0.794729 116039 1 0.190104 0.249038 582 0 1874 -0.054342 -0.0627738 -0.0219159 0.0610013 5.891 116.652 
-0.262717 -0.44147 116120 1 0.175521 0.217308 583 0 1876 -0.0557448 -0.0638317 -0.0237772 0.049099 5.92436 116.602 
-0.332936 -0.491727 116200 1 0.155208 0.197115 584 0 1878 -0.0587627 -0.0684399 -0.0254074 -0.0022422 5.94964 116.457 
-0.332936 -0.491727 116200 1 0.139583 0.1875 585 0 1878 -0.0587627 -0.0684399 -0.0254074 -0.0022422 5.94964 116.457 
-0.399289 -0.629691 116322 1 0.139583 0.188462 586 0 1881 -0.0564494 -0.0631374 -0.024223 0.0681425 5.95049 116.454 
-0.397939 -0.657218 116400 1 0.142708 0.198077 587 0 1883 -0.056037 -0.0598918 -0.0223325 0.101585 5.93819 116.419 
-0.427957 -0.653921 116440 1 0.142708 0.199038 588 0 1884 -0.057207 -0.062051 -0.0213688 0.0811226 5.93074 116.375 
