ImageFile:
-0.324901 -0.745843 73698 1 0.248438 0.494231 1 0 868 0.0069849 -0.0742941 0.12479 -1.05633 1.97402 128.677 
-0.933391 -1.70343 74059 1 0.184896 0.830769 2 0 877 0.0080155 -0.073177 0.118459 -1.04947 2.07035 128.618 
-0.98988 -1.80057 74138 1 0.161979 0.916346 3 0 879 0.00775283 -0.0766479 0.115539 -1.08059 2.10119 128.577 
-1.03016 -1.95885 74178 1 0.157292 0.939423 4 0 880 0.00776964 -0.0766609 0.115497 -1.08051 2.10083 128.578 
-1.03016 -1.95885 74178 1 0.153646 0.939423 5 0 880 0.00776964 -0.0766609 0.115497 -1.08051 2.10083 128.578 
-1.03695 -2.00578 74218 1 0.134375 0.939423 6 0 881 0.00829452 -0.081146 0.112476 -1.11975 2.13108 128.522 
-1.03165 -2.10383 74379 1 0.1125 0.95 7 0 885 0.00798609 -0.0817957 0.110854 -1.11917 2.16307 128.502 
-1.09416 -2.04499 74459 1 0.0932292 0.963462 8 0 887 0.00798614 -0.086632 0.111232 -1.16192 2.1687 128.475 
-1.09416 -2.04499 74459 1 0.0838542 0.968269 9 0 887 0.00798614 -0.086632 0.111232 -1.16192 2.1687 128.475 
-1.09416 -2.04499 74459 1 0.0833333 0.968269 10 0 887 0.00798614 -0.086632 0.111232 -1.16192 2.1687 128.475 
0.300248 -0.798171 74619 1 0.0791667 0.970192 11 0 891 0.00637132 -0.0854651 0.109642 -1.18802 2.19233 128.705 
-1.23935 -1.97754 74740 1 0.0755208 0.974038 12 0 894 0.00699712 -0.0830709 0.1167 -1.16391 2.11052 128.487 
-1.25271 -2.12079 74820 1 0.0739583 0.975 13 0 896 0.00651503 -0.085168 0.111005 -1.17667 2.14781 128.446 
-1.25271 -2.12079 74820 1 0.0734375 0.975 14 0 896 0.00651503 -0.085168 0.111005 -1.17667 2.14781 128.446 
-1.25271 -2.12079 74820 1 0.0734375 0.975 15 0 896 0.00651503 -0.085168 0.111005 -1.17667 2.14781 128.446 
-1.32922 -2.29056 75021 1 0.0734375 0.975 16 0 901 0.0076461 -0.0956763 0.108117 -1.20992 2.18635 128.353 
-1.29929 -2.26002 75100 1 0.0734375 0.975 17 0 903 0.00788099 -0.0958013 0.107712 -1.20883 2.18209 128.387 
-1.36761 -2.26242 75140 1 0.0734375 0.975 18 0 904 0.00746515 -0.0951739 0.109373 -1.20544 2.15295 128.38 
-1.36761 -2.26242 75140 1 0.0734375 0.975 19 0 904 0.00746515 -0.0951739 0.109373 -1.20544 2.15295 128.38 
-1.32811 -2.23702 75180 1 0.0734375 0.975 20 0 905 0.00755349 -0.095093 0.109481 -1.20838 2.14089 128.37 
1.73865 2.1565 75381 1 0.0734375 0.975 21 0 910 0.0081469 -0.0872247 0.118939 -1.13348 2.02649 128.444 
1.30981 2.56004 75421 1 0.0734375 0.975 22 0 911 0.00846469 -0.0871238 0.115986 -1.13453 2.05941 128.425 
-1.79592 0.534914 75461 1 0.0734375 0.975 23 0 912 0.00888965 -0.0867332 0.112719 -1.12783 2.10197 128.604 
-1.25336 -1.34739 75620 1 0.0734375 0.975 24 0 916 0.00756184 -0.088194 0.107428 -1.14168 2.14272 128.554 
-1.35259 -1.90779 75701 1 0.0734375 0.975 25 0 918 0.00724094 -0.0928955 0.105114 -1.18348 2.1548 128.428 
-1.35325 -2.1438 75781 1 0.0734375 0.975 26 0 920 0.00690837 -0.0963583 0.104211 -1.20855 2.16029 128.389 
-1.35325 -2.1438 75781 1 0.0734375 0.975 27 0 920 0.00690837 -0.0963583 0.104211 -1.20855 2.16029 128.389 
-1.23767 -2.18078 75942 1 0.0734375 0.975 28 0 924 0.00713949 -0.0927094 0.105697 -1.19581 2.14088 128.452 
-1.2316 -2.13685 76021 1 0.0734375 0.975 29 0 926 0.00750729 -0.0899161 0.107965 -1.1761 2.12585 128.427 
-1.23779 -2.16846 76061 1 0.0734375 0.975 30 0 927 0.00744682 -0.0893452 0.107285 -1.17064 2.13376 128.411 
-1.25903 -2.16958 76102 1 0.0734375 0.975 31 0 928 0.00779758 -0.0921551 0.10662 -1.19552 2.13674 128.395 
-1.25903 -2.16958 76102 1 0.0734375 0.975 32 0 928 0.00779758 -0.0921551 0.10662 -1.19552 2.13674 128.395 
1.58541 2.4422 76263 1 0.0734375 0.975 33 0 932 0.0107162 -0.0903752 0.123001 -1.13563 1.96258 128.415 
1.31529 2.60457 76342 1 0.0734375 0.975 34 0 934 0.00959813 -0.0893008 0.114315 -1.13998 2.04673 128.343 
1.38853 2.30388 76382 1 0.0734375 0.975 35 0 935 0.00939587 -0.0892573 0.112645 -1.14415 2.06465 128.33 
1.38853 2.30388 76382 1 0.0734375 0.975 36 0 935 0.00939587 -0.0892573 0.112645 -1.14415 2.06465 128.33 
1.73126 2.10131 76583 1 0.0734375 0.975 37 0 940 0.0106114 -0.0897136 0.112182 -1.15089 2.08746 128.44 
1.7302 2.11373 76623 1 0.0734375 0.975 38 0 941 0.0107492 -0.0893812 0.112351 -1.15081 2.08798 128.432 
1.02023 1.57255 76703 1 0.0734375 0.975 39 0 943 0.0100196 -0.0792699 0.108619 -1.07265 2.1296 128.516 
1.02023 1.57255 76703 1 0.0734375 0.975 40 0 943 0.0100196 -0.0792699 0.108619 -1.07265 2.1296 128.516 
0.980743 1.38245 76743 1 0.0734375 0.975 41 0 944 0.0104334 -0.0756262 0.111485 -1.04444 2.10211 128.556 
-1.30338 -1.85772 76944 1 0.0734375 0.975 42 0 949 0.0102712 -0.0849948 0.10556 -1.10494 2.18631 128.444 
-1.49587 -2.12239 77025 1 0.0661458 0.966346 43 0 951 0.00974096 -0.0968708 0.101469 -1.1913 2.22768 128.382 
-1.49587 -2.12239 77025 1 -0.153646 0.766346 44 0 951 0.00974096 -0.0968708 0.101469 -1.1913 2.22768 128.382 
-1.49412 -2.17247 77064 1 -0.560417 0.400962 45 0 952 0.0100909 -0.0970503 0.101283 -1.19048 2.22657 128.381 
-1.3793 -2.30155 77224 1 -0.628646 0.354808 46 0 956 0.00979437 -0.0990761 0.102183 -1.22262 2.18413 128.402 
-1.39496 -2.33161 77304 1 -0.628646 0.354808 47 0 958 0.00973296 -0.0992254 0.104607 -1.2265 2.159 128.433 
-1.37345 -2.26585 77344 1 -0.628646 0.354808 48 0 959 0.00972792 -0.0992167 0.106029 -1.22008 2.14967 128.393 
-1.37345 -2.26585 77344 1 -0.628646 0.354808 49 0 959 0.00972792 -0.0992167 0.106029 -1.22008 2.14967 128.393 
-1.17528 -1.65479 77465 1 -0.636979 0.331731 50 0 962 0.00973892 -0.096157 0.117203 -1.1747 2.02711 128.212 
1.51967 2.4734 77544 1 -0.75 0.133654 51 0 964 0.0105476 -0.0941203 0.112132 -1.16371 2.09676 128.484 
1.85792 2.39819 77625 1 -0.864062 0.00769231 52 0 966 0.012397 -0.0804039 0.114771 -1.01504 2.07665 128.551 
1.85428 2.37667 77665 1 -0.828125 0.00769231 53 0 967 0.0124701 -0.0808639 0.11595 -1.01877 2.07014 128.568 
1.85428 2.37667 77665 1 -0.676042 0.00769231 54 0 967 0.0124701 -0.0808639 0.11595 -1.01877 2.07014 128.568 
1.57113 2.56191 77865 1 -0.6625 0.00769231 55 0 972 0.0104006 -0.0849801 0.112408 -1.0883 2.09449 128.458 
0.214258 1.86382 77945 1 -0.664583 0.00769231 56 0 974 0.0101417 -0.0918951 0.11108 -1.16618 2.10132 128.355 
1.5174 2.07277 77985 1 -0.664583 0.00769231 57 0 975 0.0112836 -0.0914157 0.109909 -1.15656 2.11621 128.407 
1.5174 2.07277 77985 1 -0.658854 0.00769231 58 0 975 0.0112836 -0.0914157 0.109909 -1.15656 2.11621 128.407 
1.79558 2.42612 78026 1 -0.615104 0.00769231 59 0 976 0.0125765 -0.0822584 0.113856 -1.05506 2.07803 128.457 
1.51643 2.48524 78228 1 -0.607812 0.00769231 60 0 981 0.0111971 -0.0898409 0.110642 -1.13753 2.12043 128.347 
0.184011 1.92717 78306 1 -0.607812 0.00769231 61 0 983 0.0107673 -0.0890764 0.109423 -1.13916 2.14087 128.374 
0.184011 1.92717 78306 1 -0.610417 0.025 62 0 983 0.0107673 -0.0890764 0.109423 -1.13916 2.14087 128.374 
1.47349 2.3582 78346 1 -0.610938 0.2 63 0 984 0.0111216 -0.0906672 0.107806 -1.16052 2.15704 128.379 
0.18569 2.13806 78547 1 -0.594792 0.497115 64 0 989 0.0106709 -0.0951318 0.106116 -1.19 2.1609 128.321 
0.215128 2.03254 78628 1 -0.599479 0.573077 65 0 991 0.00998354 -0.0956724 0.10783 -1.20145 2.1339 128.375 
0.215128 2.03254 78628 1 -0.616146 0.576923 66 0 991 0.00998354 -0.0956724 0.10783 -1.20145 2.1339 128.375 
0.215128 2.03254 78628 1 -0.647917 0.625962 67 0 991 0.00998354 -0.0956724 0.10783 -1.20145 2.1339 128.375 
1.62377 2.33785 78666 1 -0.678125 0.677885 68 0 992 0.0127996 -0.09525 0.116287 -1.19012 2.03594 128.381 
1.62377 2.33785 78666 1 -0.689583 0.701923 69 0 992 0.0127996 -0.09525 0.116287 -1.19012 2.03594 128.381 
1.62377 2.33785 78666 1 -0.695313 0.703846 70 0 992 0.0127996 -0.09525 0.116287 -1.19012 2.03594 128.381 
1.67466 1.74294 78787 1 -0.701042 0.703846 71 0 995 0.0110371 -0.103725 0.0951261 -1.30299 2.28726 128.477 
1.46273 1.7555 78987 1 -0.716667 0.713462 72 0 1000 0.00931451 -0.110389 0.0979263 -1.36877 2.25883 128.457 
1.46273 1.7555 78987 1 -0.717708 0.714423 73 0 1000 0.00931451 -0.110389 0.0979263 -1.36877 2.25883 128.457 
1.46273 1.7555 78987 1 -0.717708 0.714423 74 0 1000 0.00931451 -0.110389 0.0979263 -1.36877 2.25883 128.457 
-0.120826 -0.624547 79148 1 -0.717708 0.714423 75 0 1004 0.0120883 -0.0848196 0.112525 -1.1104 2.09435 128.362 
-0.120826 -0.624547 79148 1 -0.708333 0.714423 76 0 1004 0.0120883 -0.0848196 0.112525 -1.1104 2.09435 128.362 
1.06925 0.797667 79551 1 -0.699479 0.714423 77 1 1014 0.0117945 -0.0977397 0.0963252 -1.29122 2.27347 128.435 
1.24426 0.880112 79630 1 -0.699479 0.714423 78 0 1016 0.014003 -0.0840387 0.100265 -1.15572 2.23976 128.587 
1.31234 0.909838 79669 1 -0.699479 0.714423 79 0 1017 0.0147983 -0.0788391 0.102435 -1.10492 2.22347 128.654 
1.29669 0.903105 79748 1 -0.699479 0.714423 80 0 1019 0.015054 -0.0797405 0.101956 -1.10627 2.22602 128.649 
1.3129 0.906856 79829 1 -0.699479 0.714423 81 0 1021 0.0152246 -0.0812448 0.1032 -1.08701 2.21948 128.703 
1.31863 0.868273 79909 1 -0.699479 0.714423 82 0 1023 0.016312 -0.0782837 0.102852 -1.04742 2.22963 128.767 
1.30466 0.857003 79949 1 -0.699479 0.714423 83 0 1024 0.0164885 -0.0779871 0.102828 -1.05011 2.22935 128.764 
1.37818 1.13813 80030 1 -0.699479 0.714423 84 0 1026 0.0162634 -0.0751569 0.101301 -1.03282 2.23672 128.808 
1.37818 1.13813 80030 1 -0.699479 0.714423 85 0 1026 0.0162634 -0.0751569 0.101301 -1.03282 2.23672 128.808 
1.72957 2.08045 80150 1 -0.699479 0.714423 86 0 1029 0.0175069 -0.0681169 0.105191 -0.98022 2.19859 128.811 
1.29708 0.97481 80230 1 -0.699479 0.714423 87 0 1031 0.0147164 -0.0837638 0.101306 -1.0962 2.20791 128.623 
1.19954 0.782032 80310 1 -0.699479 0.714423 88 1 1033 0.0150521 -0.0961731 0.0897166 -1.18345 2.23654 128.701 
1.16291 0.777907 80350 1 -0.699479 0.714423 89 1 1034 0.0149406 -0.0953241 0.088492 -1.17248 2.23456 128.631 
1.16291 0.777907 80350 1 -0.699479 0.714423 90 1 1034 0.0149406 -0.0953241 0.088492 -1.17248 2.23456 128.631 
1.34289 0.908587 80550 1 -0.699479 0.714423 91 0 1039 0.0159421 -0.0761343 0.0938845 -1.01762 2.18692 128.825 
1.41613 0.939715 80590 1 -0.699479 0.714423 92 0 1040 0.0164635 -0.0713492 0.0948644 -0.979852 2.18551 128.808 
1.47894 1.03041 80670 1 -0.699479 0.714423 93 0 1042 0.0169978 -0.0677065 0.102413 -0.957791 2.13348 128.775 
1.51991 1.1372 80751 1 -0.699479 0.714423 94 0 1044 0.0173527 -0.0639102 0.108552 -0.913615 2.09806 128.763 
1.48916 1.15195 80791 1 -0.699479 0.714423 95 0 1045 0.0170766 -0.0668073 0.11002 -0.939101 2.08221 128.767 
1.50651 1.18287 80870 1 -0.699479 0.714423 96 0 1047 0.0173223 -0.0663727 0.111214 -0.929119 2.07892 128.701 
1.49295 1.20619 80911 1 -0.699479 0.714423 97 0 1048 0.017023 -0.0650017 0.112792 -0.920471 2.06015 128.75 
1.49295 1.20619 80911 1 -0.699479 0.714423 98 0 1048 0.017023 -0.0650017 0.112792 -0.920471 2.06015 128.75 
1.55127 1.24256 81112 1 -0.699479 0.714423 99 0 1053 0.0168695 -0.0608974 0.112721 -0.91644 2.04625 128.791 
1.14283 1.16353 81152 1 -0.699479 0.714423 100 1 1054 0.0160459 -0.0588279 0.111571 -0.902772 2.05576 128.814 
-0.206945 1.09978 81231 1 -0.699479 0.714423 101 0 1056 0.015401 -0.0509753 0.111235 -0.815466 2.07798 128.841 
-0.206945 1.09978 81231 1 -0.699479 0.714423 102 0 1056 0.015401 -0.0509753 0.111235 -0.815466 2.07798 128.841 
-0.388418 1.0262 81392 1 -0.699479 0.714423 103 0 1060 0.0167858 -0.0475091 0.114252 -0.768517 2.07 128.843 
-0.366082 0.983929 81475 1 -0.699479 0.714423 104 0 1062 0.0181575 -0.0432922 0.115559 -0.739131 2.08386 128.857 
-0.420505 0.943901 81553 1 -0.699479 0.714423 105 0 1064 0.0167904 -0.0440676 0.110454 -0.766225 2.13711 128.849 
-0.397367 0.921093 81592 1 -0.699479 0.714423 106 0 1065 0.016737 -0.0448164 0.110747 -0.773575 2.14095 128.762 
-0.397367 0.921093 81592 1 -0.699479 0.714423 107 0 1065 0.016737 -0.0448164 0.110747 -0.773575 2.14095 128.762 
-0.412413 0.881324 81632 1 -0.699479 0.714423 108 0 1066 0.0168169 -0.0461943 0.110525 -0.792139 2.15484 128.753 
-0.41985 0.810202 81793 1 -0.699479 0.714423 109 0 1070 0.0174689 -0.0508005 0.106692 -0.805484 2.21699 128.716 
-0.398502 0.829442 81914 1 -0.699479 0.714423 110 0 1073 0.0189998 -0.0468843 0.115374 -0.764325 2.16824 128.63 
-0.398502 0.829442 81914 1 -0.699479 0.714423 111 0 1073 0.0189998 -0.0468843 0.115374 -0.764325 2.16824 128.63 
-0.419122 0.854318 81953 1 -0.699479 0.714423 112 0 1074 0.0189857 -0.0463908 0.115153 -0.76525 2.17132 128.582 
-0.427866 0.869356 82113 1 -0.699479 0.714423 113 0 1078 0.0186848 -0.0434062 0.115494 -0.760549 2.16185 128.635 
-0.501016 0.793237 82194 1 -0.699479 0.714423 114 0 1080 0.0183148 -0.0542272 0.10772 -0.859541 2.22957 128.607 
-0.529132 0.786863 82234 1 -0.699479 0.714423 115 0 1081 0.0182454 -0.0550996 0.105656 -0.857441 2.25437 128.674 
-0.529132 0.786863 82234 1 -0.699479 0.714423 116 0 1081 0.0182454 -0.0550996 0.105656 -0.857441 2.25437 128.674 
-0.486031 0.764598 82393 1 -0.699479 0.714423 117 0 1085 0.0181463 -0.0587575 0.103942 -0.872354 2.27249 128.653 
-0.473547 0.799781 82474 1 -0.699479 0.714423 118 0 1087 0.0183882 -0.0562599 0.109155 -0.841857 2.22574 128.607 
-0.452636 0.82571 82554 1 -0.699479 0.714423 119 0 1089 0.0189311 -0.0529374 0.111446 -0.811469 2.21349 128.697 
-0.452636 0.82571 82554 1 -0.699479 0.714423 120 0 1089 0.0189311 -0.0529374 0.111446 -0.811469 2.21349 128.697 
-0.452636 0.82571 82554 1 -0.699479 0.714423 121 0 1089 0.0189311 -0.0529374 0.111446 -0.811469 2.21349 128.697 
-0.502663 0.822611 82754 1 -0.699479 0.714423 122 0 1094 0.0190808 -0.0591252 0.107304 -0.860412 2.23609 128.678 
-0.501786 0.822195 82794 1 -0.699479 0.714423 123 0 1095 0.0191353 -0.0590613 0.106388 -0.856975 2.24166 128.672 
-0.491817 0.81625 82875 1 -0.699479 0.714423 124 0 1097 0.0194021 -0.0576114 0.108034 -0.842454 2.22923 128.724 
-0.491817 0.81625 82875 1 -0.699479 0.714423 125 0 1097 0.0194021 -0.0576114 0.108034 -0.842454 2.22923 128.724 
-0.49732 0.815372 83036 1 -0.699479 0.714423 126 0 1101 0.0191508 -0.057437 0.105012 -0.85526 2.24751 128.738 
-0.50477 0.810545 83115 1 -0.699479 0.714423 127 0 1103 0.0193212 -0.0583306 0.103047 -0.867888 2.25388 128.721 
-0.39462 0.827286 83155 1 -0.699479 0.714423 128 0 1104 0.0192992 -0.0570224 0.105033 -0.853751 2.23513 128.709 
-0.39462 0.827286 83155 1 -0.699479 0.714423 129 0 1104 0.0192992 -0.0570224 0.105033 -0.853751 2.23513 128.709 
-0.39462 0.827286 83155 1 -0.699479 0.714423 130 0 1104 0.0192992 -0.0570224 0.105033 -0.853751 2.23513 128.709 
0.26583 0.450542 83195 1 -0.699479 0.714423 131 1 1105 0.0184493 -0.0614016 0.106704 -0.903962 2.22739 128.794 
1.33567 -1.27066 83436 1 -0.699479 0.714423 132 0 1111 0.0133281 -0.0883072 0.109495 -1.2943 2.17624 128.203 
2.16271 -1.55808 83516 1 -0.699479 0.714423 133 0 1113 0.0119594 -0.0993883 0.101467 -1.41966 2.26537 128.271 
2.07318 -1.64405 83596 1 -0.699479 0.714423 134 0 1115 0.0111512 -0.107504 0.0972107 -1.51796 2.3019 128.106 
2.34339 -1.91666 83677 1 -0.699479 0.714423 135 0 1117 0.0109082 -0.112159 0.0957251 -1.56437 2.32442 128.053 
1.99523 -1.69548 83717 1 -0.699479 0.714423 136 0 1118 0.0106911 -0.111312 0.0963628 -1.56235 2.32421 128.066 
2.38393 -1.84627 83797 1 -0.699479 0.714423 137 0 1120 0.0103792 -0.111706 0.0984613 -1.57481 2.30659 128.014 
2.38393 -1.84627 83797 1 -0.699479 0.714423 138 0 1120 0.0103792 -0.111706 0.0984613 -1.57481 2.30659 128.014 
2.14723 -1.70791 83956 1 -0.699479 0.714423 139 0 1124 0.0101187 -0.11174 0.099107 -1.57515 2.29797 127.953 
1.152 -1.80113 84037 1 -0.699479 0.714423 140 0 1126 0.0104744 -0.115645 0.0971489 -1.61892 2.30004 127.923 
-0.189261 0.56194 84117 1 -0.699479 0.714423 141 0 1128 0.0110449 -0.098059 0.0972422 -1.44457 2.28096 128.169 
-0.189261 0.56194 84117 1 -0.699479 0.714423 142 0 1128 0.0110449 -0.098059 0.0972422 -1.44457 2.28096 128.169 
1.21099 -1.74472 84157 1 -0.699479 0.714423 143 0 1129 0.0118805 -0.103058 0.0952429 -1.51552 2.29042 128.121 
1.16342 -1.71246 84317 1 -0.699479 0.714423 144 0 1133 0.00948474 -0.108287 0.0947958 -1.5844 2.28969 128.151 
2.33878 -1.8079 84438 1 -0.699479 0.714423 145 0 1136 0.00830583 -0.109306 0.0920508 -1.61934 2.29902 128.112 
2.33878 -1.8079 84438 1 -0.699479 0.714423 146 0 1136 0.00830583 -0.109306 0.0920508 -1.61934 2.29902 128.112 
2.33878 -1.8079 84438 1 -0.699479 0.714423 147 0 1136 0.00830583 -0.109306 0.0920508 -1.61934 2.29902 128.112 
1.19268 -1.77107 84478 1 -0.699479 0.714423 148 0 1137 0.00877289 -0.106255 0.091373 -1.60114 2.32081 128.052 
1.21632 -1.88553 84678 1 -0.699479 0.714423 149 0 1142 0.00846083 -0.106736 0.0901883 -1.60109 2.36423 127.962 
0.761453 0.542965 84798 1 -0.699479 0.714423 150 1 1145 0.00812544 -0.101677 0.0981022 -1.54597 2.29207 128.122 
0.761453 0.542965 84798 1 -0.699479 0.714423 151 1 1145 0.00812544 -0.101677 0.0981022 -1.54597 2.29207 128.122 
0.761453 0.542965 84798 1 -0.699479 0.714423 152 1 1145 0.00812544 -0.101677 0.0981022 -1.54597 2.29207 128.122 
0.761453 0.542965 84958 1 -0.699479 0.714423 153 1 1149 0.00812544 -0.101677 0.0981022 -1.54597 2.29207 128.122 
0.761453 0.542965 85038 1 -0.699479 0.714423 154 1 1151 0.00812544 -0.101677 0.0981022 -1.54597 2.29207 128.122 
0.679432 -1.17862 85119 1 -0.699479 0.714423 155 0 1153 0.0073082 -0.101907 0.105523 -1.57781 2.21923 127.888 
0.124592 -0.528069 85199 1 -0.699479 0.714423 156 0 1155 0.00750803 -0.0950046 0.0984138 -1.51641 2.29963 128.086 
0.135143 -0.493564 85279 1 -0.699479 0.714423 157 0 1157 0.00780949 -0.0958225 0.0972203 -1.51496 2.31501 128.105 
0.149827 -0.097382 85320 1 -0.699479 0.714423 158 1 1158 0.00800438 -0.0972352 0.0965491 -1.50828 2.33083 128.161 
1.2583 1.88952 85400 1 -0.699479 0.714423 159 0 1160 0.00982327 -0.0921107 0.0908753 -1.4309 2.38787 128.234 
0.202456 0.411705 85480 1 -0.699479 0.714423 160 1 1162 0.0104625 -0.0897694 0.0956753 -1.3913 2.33819 128.326 
0.168049 0.161022 85520 1 -0.699479 0.714423 161 1 1163 0.0100794 -0.0914631 0.095871 -1.39852 2.33554 128.357 
0.192206 -0.0151461 85600 1 -0.699479 0.714423 162 1 1165 0.0110934 -0.0865999 0.0967588 -1.36372 2.32011 128.308 
0.19801 -0.0715958 85680 1 -0.699479 0.714423 163 1 1167 0.0118777 -0.08271 0.0973039 -1.35194 2.3067 128.338 
0.261162 -0.116511 85760 1 -0.699479 0.714423 164 1 1169 0.0115732 -0.0814901 0.0971227 -1.36389 2.30672 128.339 
0.243526 -0.0999558 85800 1 -0.699479 0.714423 165 1 1170 0.010868 -0.0815229 0.09763 -1.37198 2.3084 128.243 
0.0912112 4.17241 85880 1 -0.699479 0.714423 166 0 1172 0.0113064 -0.0815451 0.0940536 -1.37806 2.34893 128.282 
1.50911 2.59809 85920 1 -0.699479 0.714423 167 0 1173 0.0107894 -0.0803996 0.0910181 -1.35358 2.38466 128.104 
0.286541 0.525552 86041 1 -0.699479 0.714423 168 1 1176 0.0103355 -0.0821041 0.0996847 -1.3897 2.3233 128.191 
0.191052 0.171794 86121 1 -0.699479 0.714423 169 1 1178 0.00982876 -0.0854722 0.0979707 -1.4306 2.34655 128.166 
0.197886 0.112417 86201 1 -0.699479 0.714423 170 1 1180 0.00982867 -0.0859243 0.0980809 -1.42695 2.34772 128.122 
0.162139 -0.0192181 86281 1 -0.699479 0.714423 171 1 1182 0.00970736 -0.0934537 0.0945508 -1.48493 2.39142 128.063 
0.155074 -0.03181 86321 1 -0.699479 0.714423 172 1 1183 0.00924277 -0.0945943 0.0938399 -1.49165 2.39498 128.073 
0.153799 -0.0197638 86402 1 -0.699479 0.714423 173 1 1185 0.00970042 -0.0945379 0.0935068 -1.49223 2.39159 128.081 
0.152526 -0.00608503 86442 1 -0.699479 0.714423 174 1 1186 0.00981075 -0.0944923 0.093161 -1.49277 2.3882 128.082 
0.138725 -0.0722377 86521 1 -0.699479 0.714423 175 1 1188 0.0102145 -0.0939415 0.0929877 -1.49818 2.38509 128.043 
0.132825 -0.100307 86602 1 -0.699479 0.714423 176 1 1190 0.010491 -0.0935613 0.0935244 -1.5016 2.39001 128.041 
0.13248 -0.101901 86642 1 -0.699479 0.714423 177 1 1191 0.010456 -0.0935257 0.0935483 -1.50196 2.39026 128.043 
0.132254 -0.123585 86722 1 -0.699479 0.714423 178 1 1193 0.00985441 -0.0940084 0.0919438 -1.52865 2.39918 128.131 
0.127409 -0.131354 86802 1 -0.699479 0.714423 179 1 1195 0.00985739 -0.0925941 0.0920985 -1.53661 2.38876 128.116 
0.107117 -0.137827 86882 1 -0.699479 0.714423 180 1 1197 0.00984275 -0.0961171 0.090892 -1.57398 2.40426 128.073 
0.07856 -0.131633 86963 1 -0.699479 0.714423 181 1 1199 0.00982863 -0.0977787 0.0916564 -1.59675 2.40241 128.117 
0.141555 0.0646404 87043 1 -0.699479 0.714423 182 1 1201 0.00774415 -0.0909861 0.0928189 -1.51127 2.37762 127.773 
0.197798 0.165269 87123 1 -0.699479 0.714423 183 1 1203 0.0098171 -0.0785198 0.102377 -1.37332 2.28288 127.915 
0.195326 0.167344 87163 1 -0.699479 0.714423 184 1 1204 0.0101938 -0.0783606 0.102345 -1.37444 2.28244 127.926 
0.283691 0.210616 87243 1 -0.699479 0.714423 185 1 1206 0.0113349 -0.0662342 0.106791 -1.25477 2.23771 128.034 
0.318063 0.229346 87323 1 -0.699479 0.714423 186 1 1208 0.0114693 -0.0631603 0.110199 -1.2286 2.20838 128.074 
0.360577 0.151682 87403 1 -0.699479 0.714423 187 1 1210 0.0112523 -0.0623976 0.110849 -1.21561 2.21888 128.127 
0.36729 0.141432 87484 1 -0.699479 0.714423 188 1 1212 0.0107213 -0.0657655 0.110213 -1.23509 2.22778 128.087 
-0.0993229 0.0861322 87564 1 -0.699479 0.714423 189 1 1214 0.0107021 -0.0625405 0.109436 -1.18862 2.24819 128.09 
-0.127147 0.00589578 87643 1 -0.699479 0.714423 190 1 1216 0.0110088 -0.0602896 0.109194 -1.15039 2.25507 128.172 
-0.113523 -0.0393099 87724 1 -0.699479 0.714423 191 1 1218 0.0113888 -0.0577483 0.11023 -1.12008 2.25743 128.176 
-0.103941 -0.0254745 87764 1 -0.699479 0.714423 192 1 1219 0.0115671 -0.0567255 0.110883 -1.10677 2.25671 128.169 
-0.141811 -0.0336711 87844 1 -0.699479 0.714423 193 1 1221 0.0114502 -0.057163 0.110373 -1.12097 2.2508 128.162 
-0.17222 -0.218974 87964 1 -0.699479 0.714423 194 0 1224 0.0102872 -0.0588952 0.109043 -1.15615 2.24669 128.187 
-0.17222 -0.218974 87964 1 -0.699479 0.714423 195 0 1224 0.0102872 -0.0588952 0.109043 -1.15615 2.24669 128.187 
-0.17222 -0.218974 87964 1 -0.699479 0.714423 196 0 1224 0.0102872 -0.0588952 0.109043 -1.15615 2.24669 128.187 
-0.44116 -0.331056 88165 1 -0.699479 0.714423 197 0 1229 0.0110397 -0.056093 0.110529 -1.12426 2.23261 128.147 
-0.582779 -0.384234 88205 1 -0.699479 0.714423 198 0 1230 0.0108658 -0.0547449 0.108957 -1.10094 2.25237 128.196 
-0.582779 -0.384234 88285 1 -0.699479 0.714423 199 0 1232 0.0108658 -0.0547449 0.108957 -1.10094 2.25237 128.196 
-0.676303 -0.43374 88326 1 -0.699479 0.714423 200 0 1233 0.0106503 -0.0563282 0.109044 -1.1242 2.23863 128.173 
-0.676303 -0.43374 88326 1 -0.699479 0.714423 201 0 1233 0.0106503 -0.0563282 0.109044 -1.1242 2.23863 128.173 
-0.332696 -0.0188526 88485 1 -0.699479 0.714423 202 0 1237 0.011697 -0.0556871 0.109014 -1.12229 2.23566 128.135 
-0.351168 0.104447 88566 1 -0.699479 0.714423 203 0 1239 0.0125786 -0.0489606 0.112315 -1.04736 2.22324 128.184 
0.0793632 0.304974 88646 1 -0.699479 0.714423 204 1 1241 0.0128231 -0.0556305 0.11465 -1.12703 2.17932 128.067 
0.0793632 0.304974 88646 1 -0.699479 0.714423 205 1 1241 0.0128231 -0.0556305 0.11465 -1.12703 2.17932 128.067 
0.30504 0.387525 88686 1 -0.699479 0.714423 206 1 1242 0.012686 -0.0534349 0.113948 -1.11198 2.18191 128.084 
0.624391 0.711574 88846 1 -0.699479 0.714423 207 1 1246 0.0136713 -0.051985 0.114014 -1.10577 2.18535 128.091 
0.564937 0.851299 88926 1 -0.699479 0.714423 208 1 1248 0.0138513 -0.0503269 0.112774 -1.08927 2.19994 128.144 
0.5476 0.846031 88966 1 -0.699479 0.714423 209 1 1249 0.0131985 -0.0529552 0.110124 -1.11173 2.21449 128.158 
0.587817 0.866727 89047 1 -0.699479 0.714423 210 1 1251 0.0136249 -0.0499142 0.112724 -1.07687 2.20573 128.317 
0.595262 0.897923 89126 1 -0.699479 0.714423 211 1 1253 0.0139224 -0.0494196 0.111767 -1.07658 2.20181 128.407 
0.472423 0.957233 89207 1 -0.699479 0.714423 212 1 1255 0.0138058 -0.0426144 0.111642 -1.0083 2.21132 128.438 
0.33813 0.962023 89287 1 -0.699479 0.714423 213 1 1257 0.0141758 -0.0430323 0.110882 -1.00103 2.20898 128.417 
0.365093 0.981703 89368 1 -0.699479 0.714423 214 1 1259 0.0150362 -0.0399462 0.112428 -0.961297 2.19655 128.467 
0.362925 0.971939 89407 1 -0.699479 0.714423 215 1 1260 0.0153491 -0.0415457 0.113582 -0.969981 2.18432 128.47 
0.359056 0.966169 89487 1 -0.699479 0.714423 216 1 1262 0.015814 -0.0383922 0.109281 -0.939531 2.21229 128.48 
1.05715 1.07923 89567 1 -0.699479 0.714423 217 1 1264 0.0158461 -0.0429135 0.113665 -0.996306 2.18008 128.461 
1.16493 1.06793 89607 1 -0.699479 0.714423 218 1 1265 0.0149754 -0.0437027 0.116662 -1.01281 2.15297 128.459 
1.15885 1.03445 89688 1 -0.699479 0.714423 219 1 1267 0.0146673 -0.0489416 0.114887 -1.0588 2.17423 128.484 
1.12509 0.991705 89768 1 -0.699479 0.714423 220 1 1269 0.0145335 -0.0518137 0.113203 -1.08771 2.19225 128.426 
1.15141 1.01513 89848 1 -0.699479 0.714423 221 1 1271 0.0143775 -0.0506671 0.115679 -1.07341 2.17701 128.387 
1.20595 0.772998 89928 1 -0.699479 0.714423 222 0 1273 0.0140843 -0.0531832 0.117451 -1.10082 2.17239 128.412 
1.18687 -0.211806 90008 1 -0.699479 0.714423 223 0 1275 0.0114309 -0.065274 0.118179 -1.24448 2.17661 128.402 
1.17971 -0.275231 90048 1 -0.699479 0.714423 224 0 1276 0.0109441 -0.0650331 0.118274 -1.24739 2.17742 128.374 
1.18612 -0.401054 90129 1 -0.699479 0.714423 225 0 1278 0.00986127 -0.0723471 0.117776 -1.31866 2.19158 128.306 
1.17599 -0.486959 90208 1 -0.699479 0.714423 226 0 1280 0.00927234 -0.0783564 0.114231 -1.38459 2.24763 128.202 
1.17096 -0.515055 90248 1 -0.699479 0.714423 227 0 1281 0.00866204 -0.0808179 0.112425 -1.4021 2.27627 128.179 
1.08367 -0.558121 90288 1 -0.699479 0.714423 228 0 1282 0.00860928 -0.0831766 0.109047 -1.42421 2.31616 128.232 
1.08367 -0.558121 90288 1 -0.699479 0.714423 229 0 1282 0.00860928 -0.0831766 0.109047 -1.42421 2.31616 128.232 
0.923261 -0.568139 90449 1 -0.699479 0.714423 230 0 1286 0.00852886 -0.0829111 0.108062 -1.42885 2.37143 128.079 
0.614105 -0.72168 90529 1 -0.699479 0.714423 231 0 1288 0.00673473 -0.0863373 0.107003 -1.45172 2.39374 128.099 
0.554012 -0.772424 90609 1 -0.699479 0.714423 232 0 1290 0.00689389 -0.0864052 0.106933 -1.45081 2.39295 128.129 
0.554012 -0.772424 90609 1 -0.699479 0.714423 233 0 1290 0.00689389 -0.0864052 0.106933 -1.45081 2.39295 128.129 
0.525975 -0.810741 90649 1 -0.699479 0.714423 234 0 1291 0.00663304 -0.0863812 0.107133 -1.44874 2.39544 128.171 
0.558538 0.684613 90810 1 -0.699479 0.714423 235 1 1295 0.00718244 -0.0872892 0.103811 -1.45624 2.41274 128.261 
0.486536 0.351615 90890 1 -0.699479 0.714423 236 1 1297 0.00905054 -0.0688506 0.104988 -1.27108 2.40165 128.368 
0.346712 -0.0699957 90930 1 -0.699479 0.714423 237 1 1298 0.00889317 -0.068633 0.104233 -1.2752 2.40695 128.405 
0.346712 -0.0699957 90930 1 -0.699479 0.714423 238 1 1298 0.00889317 -0.068633 0.104233 -1.2752 2.40695 128.405 
0.377668 -0.183845 91090 1 -0.699479 0.714423 239 1 1302 0.00816334 -0.0724894 0.108111 -1.31694 2.34502 128.214 
0.365823 -0.0752047 91130 1 -0.699479 0.714423 240 1 1303 0.0082096 -0.076977 0.106662 -1.34984 2.35438 128.196 
0.442113 0.156791 91211 1 -0.699479 0.714423 241 1 1305 0.00912387 -0.0729059 0.106214 -1.28974 2.35883 128.196 
-1.20669 8.62129 91330 1 -0.699479 0.714423 242 0 1308 0.00993955 -0.0685443 0.106607 -1.24222 2.33071 128.249 
-0.389646 3.19639 91370 1 -0.699479 0.714423 243 0 1309 0.0107053 -0.0624203 0.106192 -1.19773 2.34127 128.451 
0.355034 2.056 91411 1 -0.699479 0.714423 244 0 1310 0.0113347 -0.0598747 0.106749 -1.18575 2.3311 128.445 
0.519708 0.790328 91491 1 -0.699479 0.714423 245 1 1312 0.0113506 -0.0574635 0.110311 -1.17596 2.30093 128.34 
0.46042 0.652502 91571 1 -0.699479 0.714423 246 1 1314 0.0122381 -0.057059 0.110124 -1.17796 2.31004 128.285 
0.575022 0.820589 91652 1 -0.699479 0.714423 247 1 1316 0.0129442 -0.0580325 0.108516 -1.1673 2.32376 128.204 
0.55129 0.805709 91731 1 -0.699479 0.714423 248 1 1318 0.012107 -0.0609129 0.109242 -1.16391 2.31147 128.206 
0.499887 0.798453 91771 1 -0.699479 0.714423 249 1 1319 0.0121717 -0.0635121 0.108815 -1.17899 2.30204 128.205 
0.464034 0.849828 91852 1 -0.699479 0.714423 250 1 1321 0.0132144 -0.0582365 0.111758 -1.11648 2.27646 128.259 
0.0873538 0.816714 91932 1 -0.699479 0.714423 251 1 1323 0.0135002 -0.0505826 0.113946 -1.04123 2.24831 128.292 
0.14869 0.808102 92013 1 -0.699479 0.714423 252 1 1325 0.0145871 -0.0435746 0.115669 -0.972608 2.23917 128.313 
0.137573 0.784159 92091 1 -0.699479 0.714423 253 1 1327 0.0148163 -0.0431859 0.115372 -0.969453 2.24453 128.277 
0.169047 0.747808 92132 1 -0.699479 0.714423 254 1 1328 0.015078 -0.0441841 0.113287 -0.976284 2.27621 128.301 
0.185721 0.753684 92212 1 -0.699479 0.714423 255 1 1330 0.0156038 -0.0424515 0.113483 -0.952076 2.29145 128.302 
-0.200106 0.761451 92295 1 -0.699479 0.714423 256 0 1332 0.0142829 -0.0451602 0.112513 -0.965571 2.29726 128.188 
-0.240233 0.694844 92373 1 -0.699479 0.714423 257 0 1334 0.0146666 -0.0456601 0.112649 -0.956685 2.29723 128.269 
-0.24779 0.67879 92452 1 -0.699479 0.714423 258 0 1336 0.0139145 -0.0423787 0.115012 -0.92877 2.26669 128.278 
-0.30701 0.629342 92533 1 -0.699479 0.714423 259 0 1338 0.0137908 -0.0490003 0.115102 -0.97977 2.24284 128.265 
-0.429267 0.271261 92573 1 -0.699479 0.714423 260 0 1339 0.0134755 -0.0502246 0.117211 -0.986613 2.22658 128.329 
-0.463277 0.0758954 92654 1 -0.699479 0.714423 261 0 1341 0.0138606 -0.0471135 0.118926 -0.958598 2.21808 128.395 
-0.452787 0.0806042 92693 1 -0.699479 0.714423 262 0 1342 0.0146688 -0.0463676 0.120416 -0.956963 2.20391 128.43 
-0.452787 0.0806042 92693 1 -0.699479 0.714423 263 0 1342 0.0146688 -0.0463676 0.120416 -0.956963 2.20391 128.43 
-0.243786 -0.162274 92894 1 -0.699479 0.714423 264 0 1347 0.0137402 -0.0617731 0.116323 -1.05623 2.24011 128.288 
-0.186939 -0.197941 92974 1 -0.699479 0.714423 265 1 1349 0.015557 -0.064095 0.120348 -1.02539 2.1999 128.264 
-0.593409 0.549972 93014 1 -0.699479 0.714423 266 0 1350 0.015557 -0.064095 0.120348 -1.02539 2.1999 128.264 
-0.593409 0.549972 93014 1 -0.699479 0.714423 267 0 1350 0.015557 -0.064095 0.120348 -1.02539 2.1999 128.264 
-0.0152363 0.273598 93175 1 -0.699479 0.714423 268 1 1354 0.0176244 -0.0455892 0.130833 -0.817624 2.0959 127.977 
-0.0160339 0.147636 93254 1 -0.699479 0.714423 269 1 1356 0.0190031 -0.0492059 0.130301 -0.81769 2.12174 127.893 
-0.0955459 0.132656 93334 1 -0.699479 0.714423 270 1 1358 0.0174998 -0.0567401 0.128089 -0.854231 2.12652 127.826 
-0.087746 0.158046 93374 1 -0.699479 0.714423 271 1 1359 0.018598 -0.0560359 0.129562 -0.847473 2.10669 127.834 
-0.0456587 0.161714 93455 1 -0.699479 0.714423 272 1 1361 0.0188186 -0.0472798 0.133327 -0.766845 2.06748 127.868 
-0.127804 0.198596 93535 1 -0.699479 0.714423 273 1 1363 0.0191376 -0.0418524 0.134246 -0.716564 2.05584 128.028 
-0.181324 0.205446 93574 1 -0.699479 0.714423 274 1 1364 0.0195653 -0.0382262 0.135561 -0.682109 2.03953 128.281 
-0.148002 0.237853 93655 1 -0.699479 0.714423 275 1 1366 0.0182485 -0.030448 0.139216 -0.612834 1.98626 128.819 
-0.300606 -0.100909 93735 1 -0.699479 0.714423 276 0 1368 0.0204243 -0.0258652 0.146073 -0.586895 1.93712 128.6 
-0.521062 -0.252252 93816 1 -0.699479 0.714423 277 0 1370 0.0181228 -0.0386503 0.143305 -0.720833 1.98422 128.367 
-0.573491 -0.294719 93856 1 -0.699479 0.714423 278 0 1371 0.0170499 -0.0445816 0.141976 -0.783265 2.00376 128.328 
-0.577215 -0.331468 93936 1 -0.699479 0.714423 279 0 1373 0.01654 -0.0450025 0.140628 -0.787816 2.02405 128.285 
-0.591893 -0.366834 94015 1 -0.699479 0.714423 280 0 1375 0.0163388 -0.0458576 0.139695 -0.801128 2.03894 128.286 
0.312779 -0.365943 94096 1 -0.699479 0.714423 281 0 1377 0.0163793 -0.0568675 0.136418 -0.933139 2.08163 128.01 
0.312779 -0.365943 94096 1 -0.699479 0.714423 282 0 1377 0.0163793 -0.0568675 0.136418 -0.933139 2.08163 128.01 
0.312779 -0.365943 94096 1 -0.698438 0.7125 283 0 1377 0.0163793 -0.0568675 0.136418 -0.933139 2.08163 128.01 
0.338693 -0.468533 94257 1 -0.688542 0.678846 284 0 1381 0.0141989 -0.0593293 0.133191 -0.968371 2.16094 127.956 
0.438762 -0.287529 94336 1 -0.685417 0.677885 285 0 1383 0.0130519 -0.0691766 0.130943 -1.08154 2.19529 127.919 
0.51328 -0.185513 94416 1 -0.678646 0.676923 286 1 1385 0.0146374 -0.0687192 0.13089 -1.07441 2.1872 127.93 
0.51328 -0.185513 94416 1 -0.671875 0.676923 287 1 1385 0.0146374 -0.0687192 0.13089 -1.07441 2.1872 127.93 
0.531556 -0.148217 94537 1 -0.672396 0.676923 288 1 1388 0.0153429 -0.067313 0.131348 -1.04433 2.18646 127.855 
1.10053 2.09775 94657 1 -0.709896 0.692308 289 0 1391 0.0182949 -0.0512829 0.130695 -0.87683 2.20347 127.979 
0.620303 0.885873 94737 1 -0.715625 0.695192 290 1 1393 0.0184985 -0.0510746 0.132936 -0.889184 2.17558 128.041 
0.640791 0.698075 94777 1 -0.715625 0.695192 291 1 1394 0.019022 -0.0522271 0.132468 -0.900721 2.18003 127.821 
0.618068 0.555857 94857 1 -0.715625 0.695192 292 1 1396 0.018611 -0.0515263 0.129848 -0.881851 2.2142 127.386 
0.571124 0.4475 94938 1 -0.73125 0.695192 293 1 1398 0.0196096 -0.0572331 0.123567 -0.939066 2.27555 126.5 
0.836995 0.388581 94978 1 -0.768229 0.705769 294 1 1399 0.0183732 -0.0549586 0.116073 -0.917572 2.35825 126.372 
1.01654 0.310907 95058 1 -0.772917 0.711538 295 1 1401 0.0160863 -0.0570404 0.118758 -0.952977 2.31858 126.487 
1.07464 0.275571 95138 1 -0.766667 0.713462 296 1 1403 0.0154202 -0.0497054 0.116273 -0.894694 2.34852 126.404 
1.07128 0.2969 95178 1 -0.727604 0.717308 297 1 1404 0.015511 -0.049001 0.117513 -0.894837 2.33403 126.604 
1.26724 0.630261 95261 1 -0.682292 0.720192 298 0 1406 0.0175413 -0.0441388 0.125693 -0.842637 2.24269 126.938 
1.34327 0.939264 95339 1 -0.627604 0.723077 299 0 1408 0.019752 -0.0429366 0.136804 -0.836773 2.1268 127.223 
1.43945 1.13081 95419 1 -0.617188 0.723077 300 0 1410 0.0199282 -0.0379694 0.148799 -0.777806 1.98823 127.579 
1.58416 1.37371 95499 1 -0.616667 0.721154 301 0 1412 0.021974 -0.0316428 0.160445 -0.721821 1.86848 127.731 
1.63646 1.38593 95538 1 -0.616667 0.720192 302 0 1413 0.0219668 -0.0302469 0.160842 -0.719638 1.8681 127.55 
1.5745 1.57125 95619 1 -0.624479 0.719231 303 0 1415 0.0228167 -0.0238327 0.166732 -0.658643 1.82302 127.06 
1.54045 1.59441 95659 1 -0.636458 0.717308 304 0 1416 0.023478 -0.0219 0.166536 -0.641886 1.82084 127.021 
1.54045 1.59441 95659 1 -0.639062 0.716346 305 0 1416 0.023478 -0.0219 0.166536 -0.641886 1.82084 127.021 
1.10259 1.40908 95820 1 -0.639583 0.716346 306 0 1420 0.0204758 -0.0194164 0.155153 -0.597297 1.89502 127.153 
0.996843 1.42508 95899 1 -0.639583 0.716346 307 0 1422 0.0218782 -0.0095667 0.154574 -0.524444 1.90309 127.338 
0.980784 1.42512 95979 1 -0.639583 0.716346 308 0 1424 0.0204102 -0.00125614 0.156286 -0.49225 1.89254 127.473 
0.980784 1.42512 95979 1 -0.631771 0.717308 309 0 1424 0.0204102 -0.00125614 0.156286 -0.49225 1.89254 127.473 
1.10779 1.5137 96140 1 -0.600521 0.717308 310 0 1428 0.0202763 0.00492097 0.164701 -0.493833 1.85533 127.522 
0.895848 0.977831 96220 1 -0.578125 0.717308 311 1 1430 0.017001 -0.0176646 0.160601 -0.729196 1.92717 127.576 
0.891794 0.955257 96260 1 -0.578125 0.717308 312 1 1431 0.015075 -0.0207009 0.157814 -0.748687 1.95612 127.604 
0.908784 1.06235 96300 1 -0.578125 0.717308 313 1 1432 0.0162978 -0.0214612 0.155048 -0.748052 1.99386 127.738 
-0.117228 3.1073 96420 1 -0.578125 0.717308 314 0 1435 0.0169376 -0.0223064 0.151818 -0.732066 2.02606 128.01 
0.846414 1.25963 96501 1 -0.578646 0.717308 315 0 1437 0.0157872 -0.028806 0.152156 -0.789496 2.01753 128.029 
0.760005 0.912948 96580 1 -0.578646 0.717308 316 1 1439 0.0146551 -0.0340552 0.150676 -0.821447 2.03789 128.058 
0.74204 0.832854 96621 1 -0.578646 0.717308 317 1 1440 0.0152222 -0.0353011 0.151566 -0.828013 2.03625 128.045 
0.74204 0.832854 96621 1 -0.578646 0.717308 318 1 1440 0.0152222 -0.0353011 0.151566 -0.828013 2.03625 128.045 
0.599969 0.212966 96782 1 -0.578646 0.717308 319 1 1444 0.0149701 -0.0460141 0.145743 -0.916502 2.12254 127.961 
0.614618 0.189534 96821 1 -0.578646 0.717308 320 1 1445 0.014686 -0.0451751 0.145154 -0.916566 2.13654 127.951 
0.548513 0.153759 96901 1 -0.578646 0.717308 321 1 1447 0.0127574 -0.0519347 0.141784 -0.995214 2.16886 127.869 
0.641792 0.472305 96981 1 -0.578646 0.717308 322 1 1449 0.0126048 -0.0518038 0.140746 -1.00463 2.18211 127.665 
0.634657 0.451917 97061 1 -0.578646 0.717308 323 1 1451 0.01324 -0.0549019 0.138082 -1.03808 2.21385 127.386 
0.626146 0.437588 97142 1 -0.578646 0.717308 324 1 1453 0.0137732 -0.0536727 0.137584 -1.02077 2.2394 127.416 
0.557827 0.497305 97222 1 -0.578646 0.718269 325 1 1455 0.0131241 -0.0568213 0.137612 -1.03505 2.26046 127.448 
0.541297 0.495686 97262 1 -0.579167 0.718269 326 1 1456 0.0128005 -0.057613 0.13667 -1.03326 2.27171 127.447 
0.52624 0.502931 97342 1 -0.579167 0.718269 327 1 1458 0.0127771 -0.0597356 0.134339 -1.05672 2.29716 127.514 
0.526687 0.503836 97422 1 -0.579167 0.718269 328 1 1460 0.0122643 -0.060272 0.131423 -1.07243 2.29663 127.652 
0.516916 0.513621 97462 1 -0.579167 0.718269 329 1 1461 0.0110394 -0.0594796 0.133171 -1.06268 2.27177 127.717 
0.970151 2.05965 97543 1 -0.579688 0.718269 330 0 1463 0.0109299 -0.0590844 0.126542 -1.05323 2.33352 127.872 
-0.00210614 2.29363 97623 1 -0.580208 0.718269 331 0 1465 0.0105829 -0.0581686 0.121941 -1.04284 2.36783 128.358 
0.729548 1.09082 97702 1 -0.580729 0.718269 332 1 1467 0.0118223 -0.0533683 0.131921 -0.995962 2.26284 127.915 
0.670352 0.912474 97783 1 -0.582292 0.718269 333 1 1469 0.0123038 -0.0473465 0.13541 -0.959189 2.23739 127.711 
0.613413 0.921822 97823 1 -0.586979 0.718269 334 1 1470 0.0127056 -0.0494329 0.135407 -0.99123 2.24574 127.549 
0.558013 0.876249 97943 1 -0.61875 0.718269 335 1 1473 0.0120799 -0.0513384 0.134264 -1.01228 2.24966 127.562 
0.525443 0.86304 97983 1 -0.669792 0.717308 336 1 1474 0.0116456 -0.0516399 0.131491 -1.0155 2.27297 127.578 
0.468802 0.811421 98064 1 -0.692187 0.716346 337 1 1476 0.0108083 -0.0585811 0.12908 -1.08786 2.28634 127.535 
0.456384 0.785727 98143 1 -0.714583 0.716346 338 1 1478 0.0102317 -0.060049 0.126169 -1.09889 2.31557 127.522 
0.562043 0.885677 98184 1 -0.716146 0.715385 339 1 1479 0.0102824 -0.0597536 0.124528 -1.10107 2.32615 127.507 
0.561901 0.892278 98264 1 -0.716146 0.715385 340 1 1481 0.0109044 -0.0583118 0.123386 -1.09276 2.3323 127.65 
0.571159 0.905356 98344 1 -0.716146 0.715385 341 1 1483 0.0113791 -0.0612798 0.121461 -1.13323 2.35094 127.533 
0.557693 0.889358 98384 1 -0.715625 0.714423 342 1 1484 0.0109621 -0.0616974 0.119927 -1.14872 2.3665 127.437 
0.516527 0.603599 98464 1 -0.706771 0.705769 343 1 1486 0.0116622 -0.0661179 0.122705 -1.21291 2.3496 127.325 
0.483876 0.538936 98544 1 -0.706771 0.705769 344 1 1488 0.0114146 -0.068407 0.119911 -1.23592 2.37156 127.307 
0.499932 0.568783 98584 1 -0.706771 0.705769 345 1 1489 0.0114962 -0.0662024 0.122011 -1.21497 2.35167 127.296 
-0.722239 2.744 98708 1 -0.706771 0.705769 346 0 1492 0.00836623 -0.0702882 0.108808 -1.25407 2.46558 128.309 
-0.410887 1.6559 98745 1 -0.706771 0.705769 347 0 1493 0.0101168 -0.0641194 0.117911 -1.19314 2.38949 128.446 
0.410932 0.725674 98824 1 -0.697917 0.714423 348 1 1495 0.0110312 -0.0672563 0.127107 -1.22043 2.30285 127.671 
0.435294 0.591842 98905 1 -0.699479 0.714423 349 1 1497 0.0108673 -0.062484 0.12467 -1.16272 2.33741 127.544 
0.3368 0.578321 99026 1 -0.7 0.714423 350 1 1500 0.0111667 -0.0612594 0.123751 -1.15775 2.35889 127.546 
0.336852 0.569249 99065 1 -0.7 0.714423 351 1 1501 0.0114395 -0.0613032 0.124177 -1.15634 2.36485 127.459 
0.369949 0.551872 99146 1 -0.7 0.714423 352 1 1503 0.0115684 -0.0616225 0.124022 -1.14556 2.39414 127.414 
0.3202 0.5675 99225 1 -0.7 0.714423 353 1 1505 0.0113631 -0.068838 0.125034 -1.19842 2.38088 127.408 
0.382406 0.558622 99265 1 -0.701042 0.714423 354 1 1506 0.0115113 -0.0699514 0.124804 -1.20425 2.38599 127.464 
0.50617 0.546664 99346 1 -0.703125 0.714423 355 1 1508 0.0110978 -0.0736913 0.124243 -1.26008 2.37913 127.488 
0.556091 0.552714 99429 1 -0.703125 0.714423 356 1 1510 0.012112 -0.066824 0.126302 -1.21493 2.37766 127.496 
0.55969 0.542397 99507 1 -0.703125 0.714423 357 1 1512 0.011348 -0.0654862 0.127303 -1.21667 2.38922 127.487 
0.578024 0.515053 99586 1 -0.703125 0.714423 358 1 1514 0.0109769 -0.0659836 0.126896 -1.21119 2.41722 127.459 
0.558465 0.483742 99666 1 -0.703125 0.714423 359 1 1516 0.0106076 -0.0702385 0.124534 -1.2441 2.43968 127.577 
0.523536 0.475718 99706 1 -0.703125 0.714423 360 1 1517 0.0101279 -0.0728438 0.123881 -1.26165 2.43189 127.555 
0.523536 0.475718 99706 1 -0.703125 0.714423 361 1 1517 0.0101279 -0.0728438 0.123881 -1.26165 2.43189 127.555 
0.474719 0.506699 99827 1 -0.703125 0.714423 362 1 1520 0.00903382 -0.076881 0.124356 -1.29052 2.38873 127.683 
0.54714 0.511954 99946 1 -0.703125 0.714423 363 1 1523 0.00980733 -0.0698625 0.125675 -1.22016 2.35468 127.77 
0.549057 0.513221 99987 1 -0.703125 0.714423 364 1 1524 0.00982705 -0.0697439 0.125874 -1.22469 2.34641 127.738 
0.480131 0.541887 100067 1 -0.70625 0.716346 365 1 1526 0.0101633 -0.0643338 0.127192 -1.1844 2.32481 127.765 
0.474737 0.540907 100148 1 -0.706771 0.716346 366 1 1528 0.0102452 -0.0642959 0.127257 -1.18877 2.32806 127.754 
0.478578 0.538794 100188 1 -0.707292 0.716346 367 1 1529 0.010197 -0.0621575 0.126517 -1.16842 2.33556 127.793 
0.466401 0.564837 100268 1 -0.707292 0.716346 368 1 1531 0.01034 -0.0634991 0.128449 -1.17812 2.32003 127.803 
0.490062 0.525967 100347 1 -0.707292 0.716346 369 1 1533 0.00972877 -0.0653907 0.125351 -1.18608 2.33998 127.874 
0.510295 0.449056 100428 1 -0.707292 0.716346 370 1 1535 0.0101555 -0.0666773 0.122146 -1.20899 2.34671 127.859 
0.533063 0.439801 100468 1 -0.707292 0.716346 371 1 1536 0.00996672 -0.0657428 0.122061 -1.19761 2.34356 127.829 
0.547443 0.453778 100548 1 -0.707292 0.716346 372 1 1538 0.0102112 -0.0647632 0.124288 -1.18269 2.33215 127.704 
0.396029 0.526006 100629 1 -0.707292 0.716346 373 1 1540 0.00991826 -0.0665326 0.124632 -1.18434 2.35225 127.703 
0.390321 0.509295 100708 1 -0.707292 0.716346 374 1 1542 0.0101907 -0.0665632 0.124783 -1.17939 2.33832 127.798 
0.458032 0.428028 100789 1 -0.707292 0.716346 375 1 1544 0.0108516 -0.0670031 0.124615 -1.18658 2.31533 127.8 
0.408188 0.227489 100828 1 -0.707292 0.716346 376 1 1545 0.010008 -0.0684963 0.122631 -1.20733 2.3287 127.94 
0.390063 0.12038 100909 1 -0.707292 0.716346 377 1 1547 0.010317 -0.072365 0.120246 -1.23447 2.34931 127.903 
-0.629927 2.36676 101030 1 -0.707292 0.716346 378 0 1550 0.0111846 -0.0710123 0.119969 -1.2298 2.3566 127.879 
-0.337745 2.02351 101070 1 -0.707292 0.716346 379 0 1551 0.00898272 -0.0674833 0.110075 -1.21016 2.434 129.054 
0.528462 0.907621 101109 1 -0.707292 0.716346 380 1 1552 0.0107278 -0.0685364 0.119201 -1.22145 2.35165 128.118 
0.335868 0.189128 101189 1 -0.707292 0.716346 381 1 1554 0.00970484 -0.0705045 0.120681 -1.24447 2.3486 127.981 
0.358323 0.157641 101270 1 -0.707292 0.716346 382 1 1556 0.00987582 -0.0706852 0.127706 -1.24291 2.29352 127.904 
0.353575 0.17293 101350 1 -0.707292 0.716346 383 1 1558 0.0114911 -0.0655391 0.131725 -1.18108 2.26028 127.989 
0.341418 0.141508 101390 1 -0.707292 0.716346 384 1 1559 0.0110465 -0.0684335 0.13088 -1.19851 2.27338 128.071 
0.319039 0.141821 101469 1 -0.707292 0.716346 385 1 1561 0.0108613 -0.0732746 0.131836 -1.22936 2.26717 128.033 
0.29884 0.113799 101550 1 -0.707292 0.716346 386 1 1563 0.00985328 -0.0768707 0.129789 -1.26056 2.28713 128.002 
0.351558 0.133474 101630 1 -0.707292 0.716346 387 1 1565 0.00951983 -0.0764563 0.128558 -1.25122 2.31389 127.959 
0.345985 0.139617 101670 1 -0.707292 0.716346 388 1 1566 0.00954518 -0.0762069 0.128791 -1.25243 2.3177 127.943 
0.316322 0.109835 101751 1 -0.707292 0.716346 389 1 1568 0.00902667 -0.0739185 0.128158 -1.23328 2.32708 127.875 
-0.0735231 -0.10932 101830 1 -0.707292 0.716346 390 1 1570 0.00799761 -0.0679835 0.128294 -1.17398 2.33601 127.952 
-0.0733288 -0.153448 101910 1 -0.707292 0.716346 391 1 1572 0.00876374 -0.0650206 0.130988 -1.14933 2.31726 127.936 
-0.100615 -0.155562 101951 1 -0.707292 0.716346 392 1 1573 0.00834671 -0.0660198 0.131895 -1.1591 2.31003 127.913 
-0.10333 -0.207534 102031 1 -0.707292 0.716346 393 0 1575 0.00983748 -0.0669456 0.132557 -1.16478 2.30527 127.875 
-0.102704 -0.239269 102111 1 -0.707292 0.716346 394 0 1577 0.00905753 -0.0715979 0.130038 -1.20625 2.32119 127.767 
-0.093208 -0.243375 102152 1 -0.707292 0.716346 395 0 1578 0.00890039 -0.068399 0.131449 -1.17075 2.3146 127.713 
-0.0819758 -0.137342 102231 1 -0.707292 0.716346 396 1 1580 0.00908989 -0.0695346 0.13794 -1.19491 2.2805 127.786 
0.0117799 -0.039155 102314 1 -0.707292 0.716346 397 1 1582 0.0106501 -0.0634244 0.140381 -1.12583 2.28781 127.857 
0.351708 0.0325553 102392 1 -0.707292 0.716346 398 1 1584 0.00901803 -0.0739155 0.139105 -1.24359 2.29039 127.777 
0.354625 -0.0251755 102473 1 -0.707292 0.716346 399 1 1586 0.0089531 -0.0753168 0.13464 -1.25836 2.31804 127.802 
0.363809 -0.0616485 102512 1 -0.707292 0.716346 400 1 1587 0.0092583 -0.0716703 0.131981 -1.21721 2.34245 127.876 
0.360484 -0.0419381 102591 1 -0.707292 0.716346 401 1 1589 0.0103351 -0.0734596 0.132084 -1.22304 2.3224 127.755 
0.31064 -0.0527385 102672 1 -0.707292 0.716346 402 1 1591 0.00944277 -0.0810464 0.129119 -1.28428 2.34348 127.682 
0.321031 -0.038775 102752 1 -0.707292 0.716346 403 1 1593 0.00987383 -0.0772883 0.128835 -1.25705 2.34029 127.729 
0.325324 -0.0455689 102793 1 -0.707292 0.716346 404 1 1594 0.00992128 -0.0761606 0.127731 -1.24436 2.34807 127.78 
0.408036 -0.0512125 102833 1 -0.707292 0.716346 405 1 1595 0.0104261 -0.0764966 0.126917 -1.25087 2.35082 127.763 
0.509019 -0.0937871 102873 1 -0.707292 0.716346 406 1 1596 0.00922015 -0.0776656 0.12593 -1.26952 2.35396 127.815 
0.536057 -0.0806614 103033 1 -0.707292 0.716346 407 1 1600 0.00913719 -0.0761002 0.127767 -1.27542 2.31235 127.973 
0.590578 -0.116686 103113 1 -0.707292 0.716346 408 1 1602 0.00931548 -0.0725094 0.125775 -1.25406 2.34292 127.891 
0.56758 -0.136255 103153 1 -0.707292 0.716346 409 1 1603 0.00929566 -0.0738032 0.124017 -1.26923 2.37051 127.946 
0.584098 -0.159894 103274 1 -0.707292 0.716346 410 1 1606 0.00957683 -0.0749712 0.127118 -1.25955 2.37234 127.922 
0.633073 -0.200959 103353 1 -0.707292 0.716346 411 0 1608 0.00942481 -0.0765728 0.130313 -1.26668 2.3504 127.868 
0.680126 -0.280208 103393 1 -0.707292 0.716346 412 0 1609 0.00939588 -0.0757809 0.13192 -1.26069 2.33956 127.918 
0.723339 0.0109568 103476 1 -0.707292 0.716346 413 1 1611 0.00917756 -0.0751042 0.130758 -1.26741 2.35505 128.005 
1.04037 1.24496 103554 1 -0.707292 0.716346 414 0 1613 0.0106368 -0.0704942 0.12906 -1.2397 2.35095 128.109 
0.774187 -0.00129448 103634 1 -0.707292 0.716346 415 1 1615 0.00719471 -0.0775996 0.125541 -1.33403 2.36751 128.139 
0.766925 -0.126053 103714 1 -0.707292 0.716346 416 1 1617 0.0071892 -0.0782573 0.127169 -1.35528 2.35283 128.1 
0.820432 -0.085407 103794 1 -0.707292 0.716346 417 1 1619 0.00806643 -0.0783949 0.128388 -1.3361 2.35839 128.056 
1.00319 0.207735 103875 1 -0.707292 0.716346 418 1 1621 0.00894331 -0.0827396 0.131238 -1.3734 2.34177 128.049 
1.03187 0.19601 103915 1 -0.707292 0.716346 419 1 1622 0.00936911 -0.0789954 0.131659 -1.32748 2.34504 127.975 
0.947472 0.213745 103995 1 -0.707292 0.716346 420 1 1624 0.00857301 -0.0832631 0.128283 -1.37448 2.40438 127.688 
0.956537 0.251232 104074 1 -0.707292 0.716346 421 1 1626 0.00973474 -0.0768526 0.134204 -1.30182 2.38071 127.578 
-0.419178 2.65331 104195 1 -0.707292 0.716346 422 0 1629 0.0113599 -0.0709893 0.136341 -1.23216 2.35899 127.499 
3.94598 2.30121 104235 1 -0.707292 0.716346 423 0 1630 0.0132838 -0.0680148 0.129275 -1.19519 2.40498 127.731 
-0.839047 3.51813 104275 1 -0.707292 0.716346 424 0 1631 0.015896 -0.0573572 0.131953 -1.08474 2.36926 127.459 
0.0155636 0.969999 104356 1 -0.707292 0.716346 425 1 1633 0.0187127 -0.0572804 0.135116 -1.09641 2.3135 126.333 
0.0488516 0.461624 104436 1 -0.707292 0.716346 426 1 1635 0.0206203 -0.0459998 0.138727 -0.990761 2.25736 126.239 
-0.0100914 0.342205 104515 1 -0.707292 0.716346 427 1 1637 0.0198163 -0.0597584 0.142474 -1.14129 2.2235 126.082 
-0.0861152 0.38025 104596 1 -0.707292 0.716346 428 1 1639 0.0214577 -0.0692594 0.148716 -1.24359 2.14607 126.053 
-0.290611 0.234881 104676 1 -0.707292 0.716346 429 0 1641 0.0212389 -0.0650374 0.146281 -1.20132 2.17203 126.316 
-0.328272 0.185225 104716 1 -0.707292 0.716346 430 0 1642 0.0212997 -0.0610631 0.145104 -1.16024 2.18618 126.447 
-0.230113 0.165734 104797 1 -0.707292 0.716346 431 0 1644 0.0231078 -0.0401189 0.14086 -0.947701 2.20063 126.241 
-0.121876 0.175706 104876 1 -0.707292 0.716346 432 1 1646 0.0253654 -0.0297928 0.146245 -0.832003 2.14377 126.228 
-0.104366 0.191236 104916 1 -0.707292 0.716346 433 1 1647 0.0256292 -0.0294836 0.152467 -0.813426 2.10094 126.455 
-0.298591 0.125525 105037 1 -0.707292 0.716346 434 0 1650 0.0242673 -0.0498583 0.149821 -1.0379 2.12543 126.923 
-0.186286 0.110788 105117 1 -0.707292 0.716346 435 1 1652 0.019759 -0.051102 0.149154 -1.04059 2.1201 126.788 
0.0271054 0.00105165 105197 1 -0.707292 0.716346 436 1 1654 0.0209301 -0.0414725 0.156222 -0.942048 2.12662 126.959 
0.048585 -0.0422586 105277 1 -0.707292 0.716346 437 1 1656 0.0197791 -0.0432824 0.162044 -0.960392 2.13854 126.692 
0.0513399 0.0890055 105317 1 -0.707292 0.716346 438 1 1657 0.0186285 -0.0469588 0.161359 -1.00034 2.15863 126.668 
-0.0340291 0.072559 105397 1 -0.707292 0.716346 439 1 1659 0.0167041 -0.0534459 0.156321 -1.06677 2.21838 126.654 
-0.0784908 0.0216403 105478 1 -0.70625 0.717308 440 1 1661 0.0162674 -0.0581985 0.150343 -1.12294 2.26339 126.664 
-0.124563 -0.146874 105518 1 -0.70625 0.717308 441 1 1662 0.0155375 -0.0606651 0.146155 -1.15444 2.2906 126.721 
-0.142619 -0.224421 105597 1 -0.70625 0.717308 442 0 1664 0.015583 -0.0666724 0.137149 -1.19327 2.34791 126.732 
-0.144007 -0.32626 105678 1 -0.679688 0.722115 443 0 1666 0.015928 -0.0717554 0.134855 -1.19042 2.35081 126.714 
-0.154555 -0.362892 105758 1 -0.217708 0.718269 444 0 1668 0.0183957 -0.0713873 0.137594 -1.15212 2.32305 126.724 
-0.149738 -0.344163 105840 1 0.2625 0.613462 445 0 1670 0.018166 -0.0671375 0.140986 -1.10797 2.3002 126.697 
-0.385974 -0.36821 105919 1 0.529687 0.316346 446 0 1672 0.0164885 -0.0626736 0.149286 -1.0735 2.24979 126.746 
-0.526644 -0.394336 105958 1 0.546354 0.2375 447 0 1673 0.0171191 -0.0623972 0.147554 -1.0742 2.26674 126.755 
-0.526644 -0.394336 105958 1 0.546875 0.234615 448 0 1673 0.0171191 -0.0623972 0.147554 -1.0742 2.26674 126.755 
-0.583399 -0.422326 105999 1 0.546875 0.234615 449 0 1674 0.0171518 -0.0665964 0.14587 -1.11372 2.28115 126.77 
-0.513184 0.0697968 106199 1 0.546354 0.233654 450 0 1679 0.0166006 -0.0671451 0.158836 -1.13706 2.20905 126.744 
-0.539047 0.121215 106239 1 0.534375 0.219231 451 0 1680 0.017188 -0.0690946 0.159169 -1.15516 2.21443 126.728 
-0.585934 0.149959 106279 1 0.474479 0.121154 452 0 1681 0.0172048 -0.0676155 0.1556 -1.14663 2.24042 126.83 
-0.645495 0.115092 106320 1 0.344271 0 453 0 1682 0.0172934 -0.0696317 0.150619 -1.17519 2.26593 126.976 
0.0439117 0.544644 106520 1 0.270313 0 454 1 1687 0.0179556 -0.0681261 0.149681 -1.1284 2.19893 127.153 
0.124921 0.505151 106600 1 0.225521 0 455 1 1689 0.0192397 -0.0585935 0.147585 -1.00928 2.23833 127.279 
0.124921 0.505151 106600 1 0.209375 0.00192308 456 1 1689 0.0192397 -0.0585935 0.147585 -1.00928 2.23833 127.279 
-0.302638 2.85903 106800 1 0.176563 0.00480769 457 0 1694 0.0215847 -0.0445807 0.153075 -0.868951 2.26559 127.526 
-1.84936 1.69919 106882 1 0.155729 0.00480769 458 0 1696 0.0187773 -0.0571733 0.138283 -0.963243 2.38279 128.168 
0.248493 0.228019 106961 1 0.14375 0.00384615 459 1 1698 0.0195834 -0.0648189 0.142591 -1.03182 2.31457 127.699 
0.2197 0.117263 107000 1 0.138021 0.00192308 460 1 1699 0.0188544 -0.0712618 0.140908 -1.08948 2.32168 127.694 
-0.0874043 4.24832 107080 1 0.128125 0.00384615 461 0 1701 0.0190428 -0.0740856 0.136375 -1.11204 2.35801 127.679 
0.368113 1.12282 107161 1 0.120833 0.00480769 462 1 1703 0.0196731 -0.0701402 0.141757 -1.06611 2.28618 127.53 
0.387281 0.533175 107241 1 0.115625 0.00769231 463 1 1705 0.0201856 -0.0686202 0.149743 -1.05051 2.22336 127.373 
0.590531 0.384453 107322 1 0.111458 0.00865385 464 1 1707 0.0203062 -0.0690802 0.147408 -1.07622 2.2621 127.303 
0.587751 0.349506 107361 1 0.109375 0.00865385 465 1 1708 0.019807 -0.0708904 0.147037 -1.10738 2.27676 127.281 
0.570227 0.307979 107441 1 0.108854 0.00865385 466 1 1710 0.0190884 -0.0751539 0.150718 -1.16717 2.26898 127.224 
0.538161 0.281658 107522 1 0.108854 0.00865385 467 1 1712 0.0179445 -0.0772044 0.149953 -1.22024 2.28517 127.102 
0.518204 0.293975 107642 1 0.113542 0.0144231 468 1 1715 0.0173858 -0.0856518 0.150467 -1.31533 2.30599 127.145 
0.504266 0.34747 107724 1 0.172917 0.0951923 469 1 1717 0.0176908 -0.0879975 0.145694 -1.34124 2.3433 127.07 
0.454615 0.350176 107804 1 0.226563 0.184615 470 1 1719 0.0161684 -0.0897623 0.139881 -1.35951 2.35082 127.14 
0.0368905 -0.00546202 107884 1 0.255208 0.225 471 1 1721 0.0156885 -0.0874314 0.134811 -1.30142 2.3878 127.171 
-0.00639559 -0.108835 107962 1 0.261458 0.226923 472 1 1723 0.0158924 -0.0885598 0.136489 -1.30402 2.37022 127.218 
0.0389315 -0.0739917 108043 1 0.261979 0.226923 473 1 1725 0.0166729 -0.0830187 0.142224 -1.25248 2.33328 127.119 
0.0303768 -0.0938466 108082 1 0.261979 0.226923 474 1 1726 0.017166 -0.081217 0.142032 -1.23117 2.34531 127.145 
-0.0776945 -0.470106 108162 1 0.266667 0.233654 475 0 1728 0.0167674 -0.0796 0.144478 -1.24176 2.33769 127.234 
-0.0977911 -0.539113 108243 1 0.267708 0.235577 476 0 1730 0.0158996 -0.080659 0.140995 -1.26216 2.36736 127.391 
