ImageFile:
0.612912 0.488993 67394 1 0.272917 0.288462 1 1 610 -0.0338935 0.00328024 -0.00890488 0.87627 3.73793 114.415 
0.631312 0.452382 67434 1 0.272917 0.288462 2 1 611 -0.0383393 0.00559254 -0.0126486 0.890916 3.77856 114.753 
0.62399 0.402025 67512 1 0.272917 0.288462 3 1 613 -0.0418504 0.00601066 -0.0215434 0.85397 3.89138 115.347 
0.60936 0.374546 67594 1 0.272917 0.288462 4 1 615 -0.0458226 0.00466671 -0.0273906 0.800189 3.98727 115.519 
0.667317 0.401668 67633 1 0.272917 0.288462 5 1 616 -0.0477106 0.0131299 -0.0265082 0.899744 3.99228 115.763 
0.605119 0.382569 67713 1 0.272917 0.288462 6 1 618 -0.047336 0.00830854 -0.0222385 0.88257 3.98799 116.029 
0.607908 0.389499 67754 1 0.272917 0.288462 7 1 619 -0.0456008 0.00796412 -0.0206541 0.913355 3.99046 115.945 
0.695219 0.353386 67834 1 0.271875 0.288462 8 1 621 -0.0439837 0.0170386 -0.0220926 1.10582 4.06808 116.095 
0.685595 0.484138 67955 1 0.270833 0.288462 9 1 624 -0.0472904 0.018776 -0.00941547 1.19091 3.99219 116.471 
0.738941 0.542238 67994 1 0.269792 0.325 10 1 625 -0.0469827 0.0252332 -0.00683071 1.27544 3.95925 116.524 
0.952157 2.35229 68075 1 0.2625 0.583654 11 0 627 -0.0467025 0.0411579 0.00289755 1.49474 3.84255 116.732 
0.853125 0.9472 68154 1 0.221354 0.854808 12 1 629 -0.0444739 0.0385425 -0.00728128 1.49172 3.955 116.753 
0.812949 0.660332 68234 1 0.196354 0.981731 13 1 631 -0.0441679 0.027719 -0.0115532 1.37303 3.99118 116.459 
0.800765 0.570041 68314 1 0.180208 1.0375 14 1 633 -0.0434875 0.0288683 -0.0167654 1.38676 4.03707 116.476 
0.763817 0.487642 68395 1 0.138542 1.0375 15 1 635 -0.0431644 0.0231556 -0.0204853 1.30722 4.09208 116.484 
0.763817 0.487642 68395 1 0.0958333 1.03365 16 1 635 -0.0431644 0.0231556 -0.0204853 1.30722 4.09208 116.484 
0.715852 0.413154 68556 1 0.0671875 0.996154 17 1 639 -0.0483778 0.017339 -0.0194029 1.13185 4.07694 116.082 
0.691897 0.412172 68594 1 0.0708333 0.978846 18 1 640 -0.0509241 0.0148676 -0.0208842 1.07624 4.0718 115.901 
0.71897 0.427512 68675 1 0.0760417 0.969231 19 1 642 -0.0547736 0.01923 -0.0252141 1.10508 4.08464 115.93 
0.707422 0.413763 68715 1 0.0765625 0.969231 20 1 643 -0.0560321 0.0194041 -0.0257578 1.0965 4.09944 115.979 
0.7083 0.442587 68836 1 0.0765625 0.969231 21 1 646 -0.0587102 0.0205968 -0.0188373 1.11649 4.01035 116.039 
0.594091 0.36907 68916 1 0.075 0.971154 22 1 648 -0.0618211 0.0233034 -0.0274277 1.11772 4.0914 115.856 
0.482147 0.474441 68956 1 0.0739583 0.971154 23 1 649 -0.0625551 0.0277796 -0.0256132 1.1707 4.08871 115.666 
0.418582 0.551948 69036 1 0.0739583 0.971154 24 1 651 -0.0579982 0.0213214 -0.0156726 1.15292 4.06943 115.679 
0.418582 0.551948 69036 1 0.0739583 0.971154 25 1 651 -0.0579982 0.0213214 -0.0156726 1.15292 4.06943 115.679 
0.686176 0.38828 69196 1 0.0739583 0.971154 26 1 655 -0.0535337 0.0182029 -0.00944561 1.1846 4.12427 116.059 
0.693515 0.410826 69236 1 0.0739583 0.971154 27 1 656 -0.0551913 0.0214758 -0.00779117 1.21182 4.09959 116.093 
0.70169 0.414297 69317 1 0.0739583 0.971154 28 1 658 -0.0578067 0.0203917 -0.0100857 1.1793 4.11034 116.003 
0.686316 0.416791 69356 1 0.0739583 0.971154 29 1 659 -0.0575638 0.0194441 -0.00964157 1.15963 4.10633 115.951 
0.668613 0.45741 69437 1 0.0739583 0.971154 30 1 661 -0.0567934 0.0191119 -0.0072888 1.12047 4.09459 115.837 
0.723663 0.364275 69517 1 0.0739583 0.971154 31 1 663 -0.0583556 0.0294679 -0.00692013 1.1877 4.14132 115.73 
0.667918 0.32451 69598 1 0.0739583 0.971154 32 1 665 -0.0587372 0.0236713 -0.00885265 1.10665 4.2046 115.703 
0.637986 0.337244 69678 1 0.0739583 0.971154 33 1 667 -0.0567178 0.0178568 -0.00677534 1.11874 4.18439 115.788 
0.637986 0.337244 69678 1 0.0739583 0.971154 34 1 667 -0.0567178 0.0178568 -0.00677534 1.11874 4.18439 115.788 
0.639145 0.421792 69797 1 0.0739583 0.971154 35 1 670 -0.0534813 0.0118428 -0.00183803 1.125 4.16674 115.82 
0.690776 0.374236 69877 1 0.0739583 0.971154 36 1 672 -0.0556094 0.0210545 -0.00336864 1.23611 4.21563 116.152 
0.656794 0.379383 69958 1 0.0739583 0.971154 37 1 674 -0.0571717 0.0182182 -0.00248611 1.21103 4.17474 116.046 
0.665809 0.364999 69999 1 0.0739583 0.971154 38 1 675 -0.0563369 0.017705 -0.00595333 1.22854 4.18717 116.026 
0.665809 0.364999 69999 1 0.0739583 0.971154 39 1 675 -0.0563369 0.017705 -0.00595333 1.22854 4.18717 116.026 
0.680308 0.436426 70198 1 0.0739583 0.971154 40 1 680 -0.0530278 0.0139078 -0.00686232 1.20756 4.09565 115.854 
0.654738 0.493054 70279 1 0.0739583 0.971154 41 1 682 -0.0543419 0.0105402 -0.000519704 1.16802 3.99055 115.73 
0.652593 0.467486 70318 1 0.0739583 0.971154 42 1 683 -0.0525295 0.0107875 -0.00109535 1.16669 4.003 115.753 
0.612428 0.383227 70399 1 0.0739583 0.971154 43 1 685 -0.054369 0.00600269 -0.00435797 1.11256 4.01627 116.162 
0.675232 0.484743 70479 1 0.0739583 0.971154 44 1 687 -0.0585866 0.0147271 -0.0002845 1.21291 3.86673 116.197 
0.687684 0.564349 70518 1 0.0739583 0.971154 45 1 688 -0.0613996 0.0181414 0.00179188 1.24644 3.80929 116.205 
0.718051 0.527967 70599 1 0.0739583 0.971154 46 1 690 -0.06396 0.021744 -0.00380211 1.2697 3.84263 116.087 
0.717584 0.472878 70680 1 0.0739583 0.971154 47 1 692 -0.0629238 0.0204418 -0.00795911 1.24869 3.89688 115.96 
0.732617 0.499527 70759 1 0.0739583 0.971154 48 1 694 -0.0633405 0.0226838 -0.00619011 1.27401 3.89241 115.985 
0.725957 0.445702 70841 1 0.0739583 0.971154 49 1 696 -0.0645245 0.0245797 -0.0106633 1.28559 3.92849 115.984 
0.725183 0.432938 70923 1 0.0739583 0.971154 50 1 698 -0.0633921 0.0233609 -0.0126874 1.27408 3.94719 115.967 
0.713294 0.424939 70999 1 0.0739583 0.971154 51 1 700 -0.0616597 0.0211894 -0.00938087 1.26497 3.91746 116.02 
0.732204 0.444459 71040 1 0.0734375 0.971154 52 1 701 -0.0612651 0.0223806 -0.0103968 1.27812 3.93574 116.034 
0.736793 0.415408 71120 1 0.04375 0.968269 53 1 703 -0.0614603 0.0231765 -0.0126759 1.27377 3.98261 116.042 
0.78571 0.479969 71201 1 -0.1125 0.895192 54 1 705 -0.0630494 0.0257866 -0.00525852 1.29637 3.91538 116.036 
0.786544 0.434935 71280 1 -0.501563 0.635577 55 1 707 -0.0649357 0.0277708 -0.00743431 1.31531 3.97722 116.157 
0.791346 0.457868 71320 1 -0.811979 0.415385 56 1 708 -0.064916 0.0295583 -0.00578309 1.33559 3.97996 116.309 
0.726715 0.333341 71400 1 -0.8125 0.414423 57 1 710 -0.0685251 0.0216173 -0.017607 1.22921 4.11008 116.35 
0.707838 0.439664 71481 1 -0.8125 0.414423 58 1 712 -0.0681964 0.0181758 -0.00973704 1.16868 3.98607 116.115 
0.725989 0.387248 71561 1 -0.8125 0.414423 59 1 714 -0.0673113 0.0188593 -0.0134602 1.19049 4.05231 116.19 
0.731355 0.354714 71601 1 -0.8125 0.414423 60 1 715 -0.0672117 0.0201904 -0.0145883 1.20711 4.0743 116.292 
0.705792 0.308385 71680 1 -0.8125 0.414423 61 1 717 -0.0676483 0.0184374 -0.0174711 1.1681 4.11087 116.216 
0.676281 0.311918 71761 1 -0.835417 0.402885 62 1 719 -0.0695808 0.0157157 -0.0173942 1.10723 4.11627 116.182 
0.674543 0.302468 71801 1 -0.847917 0.376923 63 1 720 -0.0710202 0.0162394 -0.0173406 1.11416 4.11615 116.182 
0.680956 0.326751 71881 1 -0.834896 0.374038 64 1 722 -0.0688798 0.016223 -0.0122344 1.12272 4.08303 116.22 
0.702239 0.391756 71962 1 -0.798958 0.401923 65 1 724 -0.0669855 0.0188012 -0.00799651 1.17881 4.0441 116.31 
0.72096 0.410527 72002 1 -0.777604 0.443269 66 1 725 -0.0680406 0.0217881 -0.00483727 1.22252 3.99966 116.282 
0.739985 0.352859 72081 1 -0.779167 0.501923 67 1 727 -0.0682543 0.0193673 -0.0143419 1.2049 4.09017 116.189 
0.726642 0.397905 72162 1 -0.799479 0.565385 68 1 729 -0.0675613 0.0194189 -0.00684916 1.21745 4.02417 116.302 
0.709958 0.408365 72202 1 -0.824479 0.593269 69 1 730 -0.0664127 0.0177448 -0.00686777 1.19375 4.04082 116.339 
0.754769 0.434208 72282 1 -0.842708 0.623077 70 1 732 -0.0674528 0.0223181 -0.00477668 1.23306 4.01696 116.41 
0.721783 0.396279 72362 1 -0.848437 0.642308 71 1 734 -0.0694339 0.0184837 -0.00468386 1.15892 4.0074 116.29 
0.710573 0.383947 72442 1 -0.851042 0.646154 72 1 736 -0.0702961 0.0176474 -0.00229204 1.14624 3.98135 116.203 
0.746465 0.450409 72523 1 -0.863021 0.676923 73 1 738 -0.0692479 0.0231355 0.00312214 1.22582 3.92236 116.311 
0.745133 0.406394 72562 1 -0.876042 0.698077 74 1 739 -0.0683451 0.0207745 -0.0015178 1.20594 3.97871 116.373 
0.752594 0.416705 72643 1 -0.881771 0.695192 75 1 741 -0.0688619 0.0212035 0.00026928 1.21532 3.95808 116.253 
0.744922 0.501711 72723 1 -0.889062 0.691346 76 1 743 -0.0681515 0.0205772 0.00226207 1.22672 3.95558 116.287 
0.754866 0.510083 72803 1 -0.889062 0.691346 77 1 745 -0.0653702 0.0192693 0.00479873 1.24195 3.94856 116.367 
0.751105 0.536503 72886 1 -0.889062 0.691346 78 1 747 -0.0651133 0.0179014 0.00928731 1.22382 3.91142 116.298 
0.737103 0.491943 72963 1 -0.889062 0.691346 79 1 749 -0.0672732 0.0214697 0.00605553 1.22674 3.94784 116.188 
0.752132 0.438499 73003 1 -0.8875 0.691346 80 1 750 -0.0679195 0.0221181 0.00262808 1.2176 3.99913 116.09 
0.722249 0.315404 73084 1 -0.884375 0.688462 81 1 752 -0.0698907 0.0188207 -0.00552879 1.19051 4.12705 116.31 
0.739365 0.406822 73163 1 -0.881771 0.684615 82 1 754 -0.0685804 0.0159654 -0.00123364 1.17984 4.1029 116.362 
0.739365 0.406822 73163 1 -0.881771 0.684615 83 1 754 -0.0685804 0.0159654 -0.00123364 1.17984 4.1029 116.362 
0.865867 2.49118 73324 1 -0.876563 0.684615 84 0 758 -0.0683007 0.019838 0.000548514 1.23355 4.07952 116.488 
0.767917 2.35678 73405 1 -0.875 0.684615 85 0 760 -0.0720677 0.0227843 0.0174952 1.31728 3.91542 118.435 
0.708936 2.37005 73445 1 -0.869271 0.678846 86 0 761 -0.0722126 0.0213378 0.0219636 1.30327 3.86604 118.671 
0.664953 2.35506 73524 1 -0.864583 0.675962 87 0 763 -0.0722631 0.0174444 0.0250138 1.24306 3.82833 118.705 
0.704381 2.39008 73604 1 -0.863021 0.675 88 0 765 -0.0735547 0.0219568 0.026285 1.27154 3.8006 118.687 
0.728747 2.40245 73644 1 -0.863021 0.675 89 0 766 -0.073748 0.021974 0.0244289 1.26282 3.82126 118.66 
0.722803 2.44501 73725 1 -0.863021 0.675 90 0 768 -0.073749 0.0219747 0.0244303 1.26281 3.82128 118.66 
0.722803 2.44501 73725 1 -0.863021 0.675 91 0 768 -0.073749 0.0219747 0.0244303 1.26281 3.82128 118.66 
0.648705 2.37838 73845 1 -0.863021 0.675 92 0 771 -0.0729469 0.0157782 0.0256437 1.19621 3.84475 118.779 
0.637727 2.41134 73925 1 -0.863021 0.675 93 0 773 -0.0727526 0.0158162 0.0265057 1.1847 3.8391 118.793 
0.695727 2.48868 73965 1 -0.863021 0.675 94 0 774 -0.0740984 0.0202621 0.0312989 1.23805 3.78018 118.818 
0.671787 2.55898 74045 1 -0.863021 0.675 95 0 776 -0.0741661 0.0218292 0.0325102 1.26216 3.7591 118.748 
0.633896 2.57376 74126 1 -0.863021 0.675 96 0 778 -0.0725074 0.0128248 0.0328418 1.17415 3.76014 118.849 
0.617095 2.53958 74206 1 -0.863021 0.675 97 0 780 -0.0726818 0.00879255 0.0314659 1.11063 3.7715 118.79 
0.622845 2.52939 74286 1 -0.863021 0.675 98 0 782 -0.0733804 0.0126184 0.0323373 1.12848 3.77362 118.882 
0.615875 2.53708 74325 1 -0.863021 0.675 99 0 783 -0.0737773 0.0127526 0.032385 1.1271 3.7741 118.885 
0.645812 2.55508 74366 1 -0.863021 0.675 100 0 784 -0.0738705 0.0127959 0.0324054 1.12661 3.77433 118.883 
0.615455 2.55056 74487 1 -0.863021 0.675 101 0 787 -0.0729555 0.0116247 0.0323984 1.11511 3.77506 118.961 
0.570569 2.51001 74526 1 -0.863021 0.675 102 0 788 -0.0722081 0.0101385 0.0329387 1.10115 3.76417 118.976 
0.672804 2.49535 74610 1 -0.863021 0.675 103 0 790 -0.0708293 0.0148069 0.0291386 1.16514 3.78586 118.885 
0.787049 2.52469 74686 1 -0.863021 0.675 104 0 792 -0.0728299 0.0285899 0.0274385 1.33988 3.78825 118.729 
0.787049 2.52469 74686 1 -0.863021 0.675 105 0 792 -0.0728299 0.0285899 0.0274385 1.33988 3.78825 118.729 
0.695567 2.50177 74807 1 -0.863021 0.675 106 0 795 -0.0716407 0.017976 0.025837 1.22952 3.80656 118.662 
0.689505 2.46064 74887 1 -0.863021 0.675 107 0 797 -0.0709168 0.0158448 0.02346 1.18835 3.8382 118.714 
0.713254 2.44752 74968 1 -0.863021 0.675 108 0 799 -0.0722839 0.0209742 0.0209778 1.22174 3.84155 118.705 
0.764382 2.34389 75007 1 -0.863021 0.675 109 0 800 -0.0721762 0.0244931 0.0106902 1.26255 3.93714 118.55 
0.746892 2.32557 75047 1 -0.863021 0.675 110 0 801 -0.0726081 0.0247654 0.00992881 1.25867 3.93794 118.514 
0.673278 2.35769 75167 1 -0.863021 0.675 111 0 804 -0.0659893 0.0188982 0.0140391 1.14959 3.83654 118.363 
0.52128 2.35593 75207 1 -0.863021 0.675 112 0 805 -0.0656456 0.00694789 0.0169243 1.03407 3.78981 118.476 
0.537352 2.26278 75288 1 -0.863021 0.675 113 0 807 -0.0649718 0.00525241 0.0107143 1.04968 3.86061 118.607 
0.641701 2.35408 75328 1 -0.863021 0.675 114 0 808 -0.0657176 0.0173469 0.00902623 1.20327 3.87537 118.565 
0.584466 2.23273 75408 1 -0.863021 0.675 115 0 810 -0.0657817 0.0172656 0.00905659 1.20409 3.87571 118.556 
-0.00158034 1.59781 75488 1 -0.863021 0.675 116 0 812 -0.0649439 0.0135609 0.0139961 1.20931 3.82134 118.344 
-0.0497486 1.06941 75568 1 -0.863021 0.675 117 1 814 -0.0627673 0.0236768 0.00912854 1.34155 3.85496 118.04 
0.0220196 1.00714 75648 1 -0.863021 0.675 118 1 816 -0.0657993 0.0363424 0.00780482 1.4804 3.86946 118.12 
0.0220196 1.00714 75648 1 -0.863021 0.675 119 1 816 -0.0657993 0.0363424 0.00780482 1.4804 3.86946 118.12 
-0.000919097 0.995122 75769 1 -0.863021 0.675 120 1 819 -0.06636 0.0393345 0.0107897 1.49187 3.85527 117.961 
0.0332871 1.03331 75849 1 -0.863021 0.675 121 1 821 -0.065131 0.038489 0.0111988 1.5031 3.86019 117.928 
0.0336155 1.03333 75889 1 -0.863021 0.675 122 1 822 -0.0651246 0.0384813 0.011207 1.5032 3.86029 117.926 
0.0357007 1.02657 75969 1 -0.863021 0.675 123 1 824 -0.0651386 0.0384494 0.0115428 1.50374 3.8642 117.887 
0.0384913 1.04346 76050 1 -0.863021 0.675 124 1 826 -0.0659629 0.0469521 0.00563168 1.57153 3.96509 117.91 
0.0492266 0.975353 76129 1 -0.863021 0.675 125 1 828 -0.0671839 0.0462418 0.00222414 1.56212 4.02002 117.864 
0.0434019 0.992542 76209 1 -0.863021 0.675 126 1 830 -0.0654462 0.0440856 0.00220072 1.54227 4.02778 117.864 
0.0737524 0.947834 76289 1 -0.863021 0.675 127 1 832 -0.0646428 0.0492773 -0.00215252 1.5818 4.07184 117.911 
0.0746042 0.948011 76330 1 -0.863021 0.675 128 1 833 -0.0636628 0.0495732 -0.00241458 1.57157 4.06505 117.872 
0.088499 0.966006 76453 1 -0.863021 0.675 129 1 836 -0.064137 0.0491954 -0.00258164 1.56734 4.07849 117.879 
0.0837727 0.974148 76489 1 -0.863021 0.675 130 1 837 -0.0640246 0.0482904 -0.00147137 1.56131 4.07047 117.892 
0.0930981 0.963836 76571 1 -0.863021 0.675 131 1 839 -0.0637695 0.0484792 -0.00164205 1.56016 4.08692 117.927 
0.106257 0.99006 76610 1 -0.863021 0.675 132 1 840 -0.0642271 0.0510632 0.00150613 1.58614 4.05223 118.055 
0.0743592 0.930756 76691 1 -0.863021 0.675 133 1 842 -0.0662346 0.049231 -0.000444777 1.54254 4.08825 118.072 
0.0462376 0.937443 76771 1 -0.863021 0.675 134 1 844 -0.0678901 0.0464898 0.00184969 1.48725 4.06832 118.074 
0.0370989 0.99345 76852 1 -0.863021 0.675 135 1 846 -0.0686703 0.0438307 0.00455748 1.45161 4.03096 118.052 
0.0376714 0.980057 76891 1 -0.863021 0.675 136 1 847 -0.0677947 0.040958 0.00553651 1.42247 4.03542 118.081 
0.0152505 1.03628 76930 1 -0.863021 0.675 137 1 848 -0.0668306 0.0382591 0.00896161 1.38776 4.00154 118.1 
-0.0170939 1.07547 77051 1 -0.863021 0.675 138 1 851 -0.0693317 0.0409996 0.0170012 1.37876 3.91848 118.161 
-0.0734397 1.08284 77131 1 -0.863021 0.675 139 1 853 -0.0727374 0.0352619 0.0177288 1.29858 3.91814 118.049 
-0.0751394 1.10229 77171 1 -0.863021 0.675 140 1 854 -0.0720346 0.0347669 0.0183787 1.28985 3.91959 118.095 
-0.0216744 1.09938 77251 1 -0.863021 0.675 141 1 856 -0.070839 0.035179 0.0200456 1.30163 3.90802 118.156 
0.626596 1.69102 77291 1 -0.863021 0.675 142 0 857 -0.0723347 0.0314822 0.023962 1.2559 3.86133 118.16 
1.44818 1.38317 77371 1 -0.863021 0.675 143 0 859 -0.0731025 0.0160648 0.0241796 1.04629 3.85153 117.856 
1.49363 1.28554 77457 1 -0.863021 0.675 144 0 861 -0.0730658 0.0184371 0.0176954 1.04684 3.91712 117.806 
1.51047 1.25079 77532 1 -0.863021 0.675 145 0 863 -0.0726131 0.0147692 0.014853 1.00465 3.96386 117.811 
1.54015 1.30343 77572 1 -0.863021 0.675 146 0 864 -0.0720233 0.0149596 0.0168 1.01381 3.93021 117.725 
1.53888 1.2901 77652 1 -0.863021 0.675 147 0 866 -0.0705498 0.0114927 0.0167565 0.990198 3.94465 117.7 
1.53804 1.3029 77732 1 -0.863021 0.675 148 0 868 -0.0716552 0.0128799 0.0148684 0.999909 3.96886 117.667 
1.53549 1.28958 77812 1 -0.863021 0.675 149 0 870 -0.0733372 0.0163575 0.0119245 1.01403 4.00057 117.58 
1.55255 1.30663 77893 1 -0.863021 0.675 150 0 872 -0.0733975 0.0198541 0.011844 1.05357 3.96902 117.559 
1.55255 1.30663 77893 1 -0.863021 0.675 151 0 872 -0.0733975 0.0198541 0.011844 1.05357 3.96902 117.559 
1.52843 1.27057 78013 1 -0.863021 0.675 152 0 875 -0.0723324 0.0154305 0.0104081 1.02523 3.9756 117.676 
1.51586 1.181 78093 1 -0.863021 0.675 153 0 877 -0.0707354 0.0161287 0.00577004 1.03444 4.02136 117.612 
1.51952 1.23352 78174 1 -0.863021 0.675 154 0 879 -0.0721532 0.0183059 0.00519529 1.04802 4.00633 117.453 
1.52077 1.19516 78213 1 -0.863021 0.675 155 0 880 -0.0738092 0.0204556 0.00268495 1.07101 4.02422 117.426 
1.51997 1.11685 78253 1 -0.863021 0.675 156 0 881 -0.0740574 0.0199731 -0.00289027 1.06704 4.09408 117.395 
1.51734 1.1489 78373 1 -0.863021 0.675 157 0 884 -0.0731822 0.0198136 -0.000459528 1.06575 4.04799 117.424 
1.55019 1.19513 78413 1 -0.863021 0.675 158 0 885 -0.0741075 0.0230292 0.000751333 1.09607 4.02448 117.437 
1.49371 1.19096 78494 1 -0.863021 0.675 159 0 887 -0.0748179 0.0192211 2.83525e-005 1.01111 4.0181 117.169 
1.45581 1.18405 78534 1 -0.863021 0.675 160 0 888 -0.0762679 0.0156959 0.000738422 0.955195 4.01097 117.163 
1.35402 1.10458 78655 1 -0.863021 0.675 161 0 891 -0.0762286 0.00610459 -0.00121524 0.831794 4.0578 117.379 
1.36135 1.08258 78694 1 -0.863021 0.675 162 0 892 -0.0750121 0.00616255 -0.00201881 0.839038 4.06996 117.381 
1.35701 1.033 78774 1 -0.863021 0.675 163 0 894 -0.0734843 0.00342532 -0.00615207 0.809702 4.13349 117.267 
1.38168 1.12289 78854 1 -0.863021 0.675 164 0 896 -0.0752276 0.00651823 -0.000709883 0.843811 4.0629 117.363 
1.38168 1.12289 78854 1 -0.863021 0.675 165 0 896 -0.0752276 0.00651823 -0.000709883 0.843811 4.0629 117.363 
1.32455 1.08178 78975 1 -0.863021 0.675 166 0 899 -0.075129 0.00117226 -0.00343166 0.778833 4.09096 117.35 
1.33521 1.09051 79015 1 -0.863021 0.675 167 0 900 -0.0746563 0.00175586 -0.0032907 0.794942 4.08327 117.305 
1.34261 1.09039 79095 1 -0.863021 0.675 168 0 902 -0.0728364 0.00155309 -0.00365474 0.789914 4.09987 117.315 
1.33673 1.10653 79174 1 -0.863021 0.675 169 0 904 -0.0758425 0.00237357 0.000711826 0.773255 4.03375 117.278 
1.27055 1.15013 79215 1 -0.863021 0.675 170 0 905 -0.0763497 -0.000779779 0.00252489 0.712379 4.01743 117.203 
0.591205 0.990026 79296 1 -0.863021 0.675 171 1 907 -0.0776061 0.0100665 0.00234444 0.829524 4.03561 117.46 
0.627703 0.964863 79376 1 -0.863021 0.675 172 1 909 -0.0770582 0.0143126 0.00486972 0.89081 4.01888 117.607 
0.601496 1.02204 79456 1 -0.863021 0.675 173 1 911 -0.0766437 0.0106835 0.00582932 0.864565 4.00544 117.612 
0.603965 1.01618 79495 1 -0.863021 0.675 174 1 912 -0.0765899 0.0105973 0.00584629 0.865616 4.00568 117.607 
0.597041 1.02119 79616 1 -0.863021 0.675 175 1 915 -0.0771553 0.00781061 0.00511493 0.843576 4.01532 117.626 
0.612898 1.03328 79700 1 -0.863021 0.675 176 1 917 -0.0762641 0.00645855 0.00251453 0.846417 4.05301 117.521 
0.631594 1.08852 79737 1 -0.863021 0.675 177 1 918 -0.0757861 0.00795495 0.00481556 0.876369 4.04238 117.595 
0.677717 1.19504 79817 1 -0.863021 0.675 178 1 920 -0.0758532 0.0169479 0.0106569 0.979345 3.97126 117.602 
0.701041 1.1907 79857 1 -0.863021 0.675 179 1 921 -0.0766461 0.0241935 0.0135905 1.05319 3.9464 117.683 
0.708318 1.2764 79976 1 -0.863021 0.675 180 0 924 -0.0806144 0.0269354 0.0190988 1.04797 3.86995 117.744 
0.646295 1.21769 80017 1 -0.863021 0.675 181 0 925 -0.0801124 0.0203489 0.0156998 0.96477 3.92679 117.719 
0.635554 1.23724 80097 1 -0.863021 0.675 182 0 927 -0.0782103 0.0168073 0.0155935 0.936332 3.92676 117.732 
0.623977 1.2238 80137 1 -0.863021 0.675 183 0 928 -0.0780892 0.0125356 0.0144674 0.898307 3.93655 117.708 
0.672429 1.17806 80218 1 -0.863021 0.675 184 1 930 -0.0764172 0.0167446 0.0103344 0.968146 3.99283 117.711 
0.680497 1.15606 80297 1 -0.863021 0.675 185 1 932 -0.0773238 0.0165781 0.0108101 0.975873 3.99599 117.731 
0.678756 1.1927 80377 1 -0.863021 0.675 186 1 934 -0.0778195 0.0184072 0.0127837 1.01876 3.97499 117.705 
0.740558 1.26497 80457 1 -0.863021 0.675 187 0 936 -0.075051 0.025103 0.0168841 1.12434 3.92865 117.761 
0.740558 1.26497 80457 1 -0.863021 0.675 188 0 936 -0.075051 0.025103 0.0168841 1.12434 3.92865 117.761 
0.758582 1.29413 80578 1 -0.863021 0.675 189 0 939 -0.0764194 0.0302573 0.0200185 1.17025 3.89406 117.728 
0.769533 1.27875 80657 1 -0.863021 0.675 190 0 941 -0.0787383 0.0333577 0.0197029 1.17621 3.88995 117.673 
0.768878 1.30908 80738 1 -0.863021 0.675 191 0 943 -0.0801257 0.0331076 0.0216951 1.14927 3.86794 117.74 
0.741715 1.26757 80778 1 -0.863021 0.675 192 0 944 -0.0801786 0.0294957 0.0195256 1.10262 3.89662 117.692 
0.711674 1.24887 80859 1 -0.863021 0.675 193 0 946 -0.0796992 0.026225 0.0185557 1.06299 3.91004 117.614 
0.705861 1.22457 80939 1 -0.863021 0.675 194 0 948 -0.0781884 0.0234715 0.0187511 1.03124 3.91029 117.702 
0.693634 1.23803 81019 1 -0.863021 0.675 195 0 950 -0.0811565 0.0257228 0.0186483 1.04888 3.9069 117.707 
0.716401 1.19025 81058 1 -0.863021 0.675 196 1 951 -0.0813704 0.0263647 0.0156326 1.06301 3.93378 117.56 
0.806752 0.933489 81099 1 -0.863021 0.675 197 1 952 -0.0774466 0.0270792 0.000516533 1.09168 4.09928 117.133 
0.910433 0.916143 81219 1 -0.863021 0.675 198 1 955 -0.0757698 0.0312883 -0.00100509 1.1776 4.11318 117.097 
0.922772 0.930895 81299 1 -0.863021 0.675 199 1 957 -0.0767275 0.0338889 -0.000691828 1.20287 4.09849 117.174 
0.886358 0.775459 81341 1 -0.863021 0.675 200 1 958 -0.0764693 0.0353864 0.00133297 1.2117 4.05965 117.071 
0.875017 0.708684 81379 1 -0.863021 0.675 201 1 959 -0.0771227 0.0368857 0.00348296 1.22345 4.03065 117.104 
0.875017 0.708684 81419 1 -0.863021 0.675 202 1 960 -0.0771227 0.0368857 0.00348296 1.22345 4.03065 117.104 
0.530973 0.68671 81539 1 -0.863021 0.675 203 1 963 -0.0773221 0.0396808 0.00543232 1.27894 4.01224 117.171 
0.534837 0.664346 81620 1 -0.863021 0.675 204 1 965 -0.0754467 0.0439723 0.00511246 1.34192 4.02658 117.223 
0.533208 0.659309 81660 1 -0.863021 0.675 205 1 966 -0.0755623 0.0439182 0.00518925 1.34255 4.02744 117.213 
0.530726 0.654121 81739 1 -0.863021 0.675 206 1 968 -0.0758345 0.0437975 0.00533192 1.34403 4.02911 117.198 
0.509227 0.657653 81780 1 -0.863021 0.675 207 1 969 -0.0765587 0.0455831 0.00469134 1.38156 4.04881 117.379 
0.546633 0.780016 81900 1 -0.863021 0.675 208 1 972 -0.0745046 0.0434687 0.00737732 1.39015 4.03508 117.481 
0.823597 0.839768 81980 1 -0.863021 0.675 209 1 974 -0.0756751 0.0413181 0.0100503 1.33964 3.99842 117.398 
0.928373 0.70578 82061 1 -0.863021 0.675 210 1 976 -0.0770732 0.037048 0.00179035 1.25817 4.09671 117.126 
0.928373 0.70578 82061 1 -0.863021 0.675 211 1 976 -0.0770732 0.037048 0.00179035 1.25817 4.09671 117.126 
0.873918 0.563815 82180 1 -0.863021 0.675 212 1 979 -0.0747206 0.0306925 -0.0068698 1.18202 4.20923 116.933 
0.89389 0.673649 82261 1 -0.863021 0.675 213 1 981 -0.0746749 0.0328641 -0.00175072 1.2186 4.15132 117.019 
0.884534 0.63103 82301 1 -0.863021 0.675 214 1 982 -0.0745823 0.0331806 -0.0042564 1.22363 4.17686 116.995 
0.873059 0.578157 82381 1 -0.863021 0.675 215 1 984 -0.0754942 0.0318373 -0.00247367 1.20008 4.15877 116.884 
0.873059 0.578157 82381 1 -0.863021 0.675 216 1 984 -0.0754942 0.0318373 -0.00247367 1.20008 4.15877 116.884 
0.861358 0.58685 82501 1 -0.863021 0.675 217 1 987 -0.075655 0.0295082 -0.0026907 1.17633 4.15803 116.884 
0.8303 0.590766 82581 1 -0.863021 0.675 218 1 989 -0.0743432 0.0281371 -0.000456046 1.18263 4.14164 116.974 
0.839137 0.612568 82662 1 -0.863021 0.675 219 1 991 -0.0755822 0.0284654 -0.000593202 1.18004 4.13651 117.095 
0.860433 0.634122 82702 1 -0.863021 0.675 220 1 992 -0.0765607 0.0293166 -0.00246847 1.17604 4.15049 117.036 
0.83057 1.06884 82822 1 -0.863021 0.675 221 1 995 -0.0786913 0.0294607 -0.0022317 1.1356 4.14188 117.068 
0.837724 1.0558 82861 1 -0.863021 0.675 222 1 996 -0.0788207 0.0306242 -0.00198259 1.14625 4.14054 117.132 
0.83667 1.04824 82942 1 -0.863021 0.675 223 1 998 -0.0787052 0.0295937 -0.00225357 1.14323 4.13561 117.203 
0.863379 1.07516 83023 1 -0.863021 0.675 224 1 1000 -0.0777802 0.0300143 -0.00240836 1.148 4.12795 117.163 
0.850668 1.07211 83063 1 -0.863021 0.675 225 1 1001 -0.078038 0.030672 -0.00151403 1.14749 4.11756 117.167 
0.821711 0.612346 83183 1 -0.863021 0.675 226 1 1004 -0.0794982 0.0281603 -0.00299816 1.10302 4.1055 116.883 
0.880827 0.643388 83262 1 -0.863021 0.675 227 1 1006 -0.0769004 0.0312533 -0.000224665 1.17256 4.06961 117.077 
0.912436 0.642755 83302 1 -0.863021 0.675 228 1 1007 -0.0752851 0.0337082 -0.000723517 1.21091 4.07348 117.093 
0.907476 0.64923 83343 1 -0.863021 0.675 229 1 1008 -0.0744988 0.033585 -0.000263634 1.20517 4.06653 117.087 
0.805818 0.580492 83464 1 -0.863021 0.675 230 1 1011 -0.0781433 0.0295952 0.000241558 1.11916 4.06044 116.947 
0.795889 0.586176 83544 1 -0.863021 0.675 231 1 1013 -0.0792083 0.0289718 -0.00212483 1.09074 4.10589 116.967 
0.810373 0.497835 83584 1 -0.863021 0.675 232 1 1014 -0.0790026 0.0290634 -0.00373192 1.09703 4.13294 117.019 
0.825159 0.466882 83665 1 -0.863021 0.675 233 1 1016 -0.0772188 0.0287713 -0.00355897 1.09898 4.13439 116.978 
0.825159 0.466882 83665 1 -0.863021 0.675 234 1 1016 -0.0772188 0.0287713 -0.00355897 1.09898 4.13439 116.978 
0.587547 0.360805 83784 1 -0.863021 0.675 235 1 1019 -0.0779978 0.0209867 -0.0103737 1.00682 4.21793 116.786 
0.270418 0.427212 83864 1 -0.863021 0.675 236 1 1021 -0.0790673 0.0175677 -0.0117009 0.957031 4.23151 116.619 
0.255149 0.379579 83944 1 -0.863021 0.675 237 1 1023 -0.0765765 0.0156376 -0.0158077 0.949342 4.28406 116.635 
0.268599 0.377148 83984 1 -0.863021 0.675 238 1 1024 -0.0755866 0.0145427 -0.0174841 0.95371 4.30855 116.716 
0.297103 0.405395 84024 1 -0.863021 0.675 239 1 1025 -0.0746478 0.016679 -0.0182223 0.986611 4.32583 116.779 
0.287136 0.440512 84145 1 -0.863021 0.675 240 1 1028 -0.0767378 0.0175603 -0.0146246 0.960057 4.28848 116.734 
0.291561 0.400787 84225 1 -0.863021 0.675 241 1 1030 -0.0785867 0.0208517 -0.0145903 0.9765 4.29142 116.798 
0.282399 0.398543 84265 1 -0.863021 0.675 242 1 1031 -0.0784905 0.0205618 -0.0154715 0.973005 4.31103 116.79 
0.282688 0.398334 84305 1 -0.863021 0.675 243 1 1032 -0.0784734 0.0205538 -0.0154666 0.9731 4.31109 116.789 
0.220413 0.325523 84424 1 -0.863021 0.675 244 1 1035 -0.0773367 0.016474 -0.011788 0.937131 4.27683 116.817 
0.214051 0.263753 84508 1 -0.863021 0.675 245 1 1037 -0.0785983 0.019164 -0.0125284 0.96372 4.28068 116.873 
0.230456 0.22974 84626 1 -0.863021 0.675 246 1 1040 -0.0789981 0.0172493 -0.0144993 0.938196 4.30699 116.843 
0.230456 0.22974 84626 1 -0.863021 0.675 247 1 1040 -0.0789981 0.0172493 -0.0144993 0.938196 4.30699 116.843 
0.649154 0.23173 84745 1 -0.863021 0.675 248 1 1043 -0.0757722 0.0115767 -0.0169776 0.893215 4.33876 116.857 
0.660004 0.258436 84827 1 -0.863021 0.675 249 1 1045 -0.076148 0.0142372 -0.0179587 0.898799 4.34155 116.802 
0.675748 0.25912 84906 1 -0.863021 0.675 250 1 1047 -0.0785265 0.0196918 -0.0172973 0.935125 4.331 116.824 
0.719584 0.262869 84946 1 -0.863021 0.675 251 1 1048 -0.0785347 0.019379 -0.0179905 0.929554 4.34331 116.871 
0.908113 0.316651 84989 1 -0.863021 0.675 252 1 1049 -0.0783633 0.0150956 -0.0185342 0.878515 4.34921 116.714 
0.96162 0.365639 85106 1 -0.863021 0.675 253 1 1052 -0.0750402 0.00658631 -0.00952066 0.801046 4.26268 116.743 
0.95731 0.329777 85187 1 -0.863021 0.675 254 1 1054 -0.0765993 0.0050913 -0.0128217 0.803856 4.30928 116.747 
0.945865 0.351948 85226 1 -0.863021 0.675 255 1 1055 -0.0765537 0.00289866 -0.0129973 0.782044 4.3178 116.768 
0.964626 0.331758 85267 1 -0.863021 0.675 256 1 1056 -0.0765771 0.00163053 -0.0155506 0.776264 4.35056 116.836 
1.01061 0.281867 85387 1 -0.863021 0.675 257 1 1059 -0.0762271 0.000153746 -0.0179776 0.788688 4.38122 116.809 
1.16362 0.386309 85467 1 -0.863021 0.675 258 1 1061 -0.074225 0.0113116 -0.0123602 0.949699 4.31549 117.018 
1.16489 0.320508 85506 1 -0.863021 0.675 259 1 1062 -0.0742047 0.0155878 -0.0129923 0.998899 4.31974 117.009 
1.03055 0.315498 85587 1 -0.863021 0.675 260 1 1064 -0.0765754 0.0193247 -0.0123467 1.02494 4.291 117.044 
1.03055 0.315498 85587 1 -0.863021 0.675 261 1 1064 -0.0765754 0.0193247 -0.0123467 1.02494 4.291 117.044 
0.937075 0.183531 85707 1 -0.863021 0.675 262 1 1067 -0.0782397 0.00970518 -0.0189302 0.874754 4.34911 116.832 
0.913611 0.211055 85788 1 -0.863021 0.675 263 1 1069 -0.0785954 0.00527203 -0.0189509 0.812487 4.35385 116.831 
0.78918 0.490856 85867 1 -0.863021 0.675 264 1 1071 -0.0786376 0.0103534 -0.0156282 0.876368 4.32297 117.022 
0.787906 0.529631 85908 1 -0.863021 0.675 265 1 1072 -0.0784199 0.01077 -0.0148881 0.874398 4.3111 116.987 
0.790751 0.60397 85989 1 -0.863021 0.675 266 1 1074 -0.0798481 0.0143085 -0.0134198 0.89673 4.28671 116.977 
0.804389 0.65078 86068 1 -0.863021 0.675 267 1 1076 -0.0806089 0.0155338 -0.0129465 0.89584 4.27804 116.869 
0.79948 0.681058 86149 1 -0.863021 0.675 268 1 1078 -0.0822428 0.0147805 -0.0113272 0.902161 4.26229 116.97 
0.713634 0.780024 86228 1 -0.863021 0.675 269 1 1080 -0.0808098 0.0110597 -0.0070722 0.858588 4.23896 117.012 
0.713634 0.780024 86228 1 -0.863021 0.675 270 1 1080 -0.0808098 0.0110597 -0.0070722 0.858588 4.23896 117.012 
0.756354 1.23968 86389 1 -0.863021 0.675 271 0 1084 -0.0811787 0.0180039 -0.00863628 0.925151 4.26634 117.235 
0.772373 1.32245 86429 1 -0.863021 0.675 272 0 1085 -0.0813172 0.0194673 -0.00956217 0.944504 4.27518 117.287 
0.779086 1.33271 86509 1 -0.863021 0.675 273 0 1087 -0.0809825 0.0213539 -0.0122567 0.971348 4.3036 117.489 
0.748509 1.44295 86549 1 -0.863021 0.675 274 0 1088 -0.0821794 0.0205456 -0.00070157 0.958223 4.14738 117.548 
0.818967 1.48065 86589 1 -0.863021 0.675 275 0 1089 -0.0841973 0.0189419 -0.00583312 0.941127 4.16981 117.539 
1.07791 0.865566 86709 1 -0.863021 0.675 276 1 1092 -0.0851911 0.032181 -0.00386457 1.06252 4.10664 117.181 
1.04706 0.701751 86789 1 -0.863021 0.675 277 1 1094 -0.0880294 0.0211704 -0.00595577 0.94862 4.16468 117.05 
1.03929 0.551812 86870 1 -0.863021 0.675 278 1 1096 -0.0856254 0.0180143 -0.0104861 0.912155 4.22664 116.6 
1.04383 0.504485 86910 1 -0.863021 0.675 279 1 1097 -0.0848839 0.0189856 -0.0106502 0.927912 4.23077 116.551 
0.940835 0.450336 87030 1 -0.863021 0.675 280 1 1100 -0.082965 0.00277104 -0.0110678 0.771802 4.25236 116.362 
0.923302 0.436639 87110 1 -0.863021 0.675 281 1 1102 -0.0819896 -0.000192731 -0.0107767 0.744251 4.27205 116.305 
0.942406 0.513755 87150 1 -0.863021 0.675 282 1 1103 -0.0806233 -0.00101937 -0.00776934 0.731696 4.23726 116.292 
0.909093 0.468932 87191 1 -0.863021 0.675 283 1 1104 -0.0808045 -0.00142283 -0.00941783 0.718837 4.25713 116.213 
0.453965 0.674109 87271 1 -0.863021 0.675 284 1 1106 -0.0823003 0.0059602 -0.0122751 0.807525 4.31269 116.461 
0.483246 0.503238 87353 1 -0.863021 0.675 285 1 1108 -0.0789151 0.0102899 -0.00316214 0.862013 4.19813 116.523 
0.373805 0.473843 87430 1 -0.863021 0.675 286 1 1110 -0.0807272 0.0189135 -0.000283499 0.967954 4.16836 116.656 
0.313515 0.336786 87511 1 -0.863021 0.675 287 1 1112 -0.0814574 0.0259561 0.000497148 1.04758 4.15203 116.451 
0.313515 0.336786 87511 1 -0.863021 0.675 288 1 1112 -0.0814574 0.0259561 0.000497148 1.04758 4.15203 116.451 
0.225214 0.519029 87672 1 -0.863021 0.675 289 1 1116 -0.0770257 0.0171368 -0.00521593 0.978295 4.23198 116.362 
0.239682 0.52195 87712 1 -0.863021 0.675 290 1 1117 -0.0779809 0.0203333 -0.00627864 1.01931 4.24889 116.447 
0.2084 0.520052 87791 1 -0.863021 0.675 291 1 1119 -0.078292 0.0171762 -0.00787933 0.976182 4.27129 116.382 
0.212427 0.589541 87831 1 -0.863021 0.675 292 1 1120 -0.0800356 0.0173598 -0.00275157 0.977989 4.21031 116.552 
0.74133 0.973528 87952 1 -0.863021 0.675 293 1 1123 -0.0792994 0.0144869 -0.00737035 0.945976 4.28165 116.704 
0.756386 1.03986 87992 1 -0.863021 0.675 294 1 1124 -0.0759135 0.0130788 -0.00593263 0.930564 4.25798 116.476 
0.741483 1.04041 88073 1 -0.863021 0.675 295 1 1126 -0.076402 0.0139768 -0.00602302 0.93684 4.2607 116.614 
0.723107 1.06673 88112 1 -0.863021 0.675 296 1 1127 -0.0764874 0.0110012 -0.00717298 0.889281 4.27177 116.529 
0.714919 1.14326 88152 1 -0.863021 0.675 297 1 1128 -0.0775272 0.00997396 -0.00791885 0.867513 4.28216 116.589 
0.636543 1.12439 88272 1 -0.863021 0.675 298 1 1131 -0.0758668 -0.000680013 -0.0103343 0.749363 4.30478 116.432 
0.644613 1.14408 88312 1 -0.863021 0.675 299 1 1132 -0.0752158 -9.96851e-005 -0.00727066 0.760798 4.2706 116.61 
0.675288 1.14864 88393 1 -0.863021 0.675 300 1 1134 -0.0755065 0.00345417 -0.00877456 0.796433 4.28729 116.504 
0.674512 1.15725 88472 1 -0.863021 0.675 301 1 1136 -0.077155 0.00387399 -0.00777196 0.780246 4.26249 116.429 
0.683228 1.15205 88512 1 -0.863021 0.675 302 1 1137 -0.077084 0.00505412 -0.00796135 0.794351 4.26732 116.459 
0.71005 1.19197 88633 1 -0.863021 0.675 303 1 1140 -0.0758908 0.00737065 -0.00740156 0.845018 4.25149 116.481 
0.697928 1.20872 88713 1 -0.863021 0.675 304 0 1142 -0.0765146 0.00564258 -0.00503118 0.834627 4.23633 116.655 
0.704411 1.20367 88753 1 -0.863021 0.675 305 0 1143 -0.0773209 0.00472775 -0.00443544 0.819209 4.23678 116.68 
0.699396 1.18149 88794 1 -0.863021 0.675 306 1 1144 -0.0780245 0.00575587 -0.00591939 0.827181 4.25923 116.727 
0.66221 1.02538 88914 1 -0.863021 0.675 307 1 1147 -0.0770736 0.00691577 -0.00384581 0.850809 4.21753 116.696 
0.75584 1.07961 88994 1 -0.863021 0.675 308 1 1149 -0.0765167 0.0162389 -0.00267596 0.977688 4.19028 116.825 
0.798214 1.04956 89075 1 -0.863021 0.675 309 1 1151 -0.0763632 0.0207518 -0.0095173 1.03376 4.21984 116.865 
0.835209 1.01987 89114 1 -0.863021 0.675 310 1 1152 -0.0751419 0.023462 -0.0118731 1.06801 4.23241 116.953 
0.850409 1.0933 89195 1 -0.863021 0.675 311 1 1154 -0.0750166 0.0240052 -0.0113481 1.09208 4.22383 117.068 
0.876126 1.17716 89274 1 -0.863021 0.675 312 1 1156 -0.0734775 0.0257699 -0.0201626 1.13163 4.34315 117.169 
0.877782 1.14273 89354 1 -0.863021 0.675 313 1 1158 -0.0735465 0.0261228 -0.0184254 1.14713 4.34918 117.153 
0.877243 1.24552 89394 1 -0.863021 0.675 314 0 1159 -0.0745957 0.0253644 -0.0123942 1.13623 4.28946 117.147 
0.878183 1.21122 89435 1 -0.863021 0.675 315 0 1160 -0.0744778 0.0247228 -0.0138043 1.11897 4.32814 117.1 
0.915886 1.17813 89555 1 -0.863021 0.675 316 1 1163 -0.0751389 0.0283709 -0.0167301 1.16596 4.3963 117.293 
0.889183 1.22191 89594 1 -0.863021 0.675 317 0 1164 -0.0749031 0.0262874 -0.013105 1.14902 4.35615 117.316 
0.905412 1.20499 89674 1 -0.863021 0.675 318 0 1166 -0.0754602 0.0287935 -0.0126534 1.18184 4.3582 117.449 
0.82692 1.25155 89755 1 -0.863021 0.675 319 0 1168 -0.0768239 0.0277409 -0.0110579 1.13748 4.32076 117.374 
0.82692 1.25155 89755 1 -0.863021 0.675 320 0 1168 -0.0768239 0.0277409 -0.0110579 1.13748 4.32076 117.374 
0.77436 1.20259 89875 1 -0.863021 0.675 321 0 1171 -0.0782939 0.0224027 -0.014182 1.04251 4.33805 117.096 
0.715614 1.1796 89955 1 -0.863021 0.675 322 1 1173 -0.0784017 0.0208386 -0.0136018 1.03127 4.33087 117.139 
0.467915 0.666563 90035 1 -0.863021 0.675 323 1 1175 -0.0759706 0.0235965 -0.0119662 1.07528 4.29906 117.018 
0.45256 0.672007 90075 1 -0.863021 0.675 324 1 1176 -0.0754984 0.0218971 -0.0124382 1.05713 4.30414 117.007 
0.395062 0.646006 90156 1 -0.863021 0.675 325 1 1178 -0.0763419 0.0217621 -0.0113161 1.04831 4.28953 116.89 
0.306067 0.43233 90237 1 -0.863021 0.675 326 1 1180 -0.0750386 0.0169705 -0.0147059 1.01353 4.31441 116.729 
0.261637 0.401753 90317 1 -0.863021 0.675 327 1 1182 -0.0684652 0.0101247 -0.0183327 0.96516 4.33129 116.441 
0.240367 1.52843 90396 1 -0.863021 0.675 328 0 1184 -0.0607212 0.00849012 -0.0183364 0.957138 4.25403 115.99 
1.46835 3.3992 90436 1 -0.863021 0.675 329 0 1185 -0.0563833 0.00756651 -0.0216913 0.941359 4.22424 115.66 
0.236261 0.701847 90557 1 -0.863021 0.675 330 1 1188 -0.0485293 0.00295029 -0.0366822 0.676109 4.26999 114.358 
0.173581 0.489011 90646 1 -0.863021 0.675 331 1 1190 -0.051093 0.0020644 -0.0416437 0.488838 4.34966 113.937 
0.118371 0.550678 90716 1 -0.863021 0.675 332 1 1192 -0.053472 0.00296766 -0.0354466 0.436736 4.33847 114.286 
0.226618 0.57587 90756 1 -0.863021 0.675 333 1 1193 -0.0480475 0.0177394 -0.0314404 0.62141 4.34006 114.553 
0.114489 0.597412 90877 1 -0.863021 0.675 334 1 1196 -0.038191 0.00478751 -0.0239951 0.543577 4.26354 114.161 
0.035117 0.504811 90957 1 -0.863021 0.675 335 1 1198 -0.0368092 -0.000580946 -0.0301183 0.490014 4.31612 113.954 
-0.0830369 0.568311 91038 1 -0.863021 0.675 336 1 1200 -0.0352731 -0.00975644 -0.0237705 0.392364 4.25083 113.632 
-0.0830369 0.568311 91038 1 -0.863021 0.675 337 1 1200 -0.0352731 -0.00975644 -0.0237705 0.392364 4.25083 113.632 
-0.0447129 0.600536 91157 1 -0.863021 0.675 338 1 1203 -0.0360916 -0.00525987 -0.0118063 0.433573 4.18849 114.016 
0.212658 0.580467 91238 1 -0.863021 0.675 339 1 1205 -0.0419273 0.0148111 -0.00473036 0.663 4.1474 114.391 
0.0170879 0.609563 91318 1 -0.863021 0.675 340 1 1207 -0.0467248 -0.00960716 -0.000906438 0.349439 4.09859 113.829 
-0.0549183 0.635628 91359 1 -0.863021 0.675 341 1 1208 -0.047558 -0.0183855 0.00124821 0.245841 4.07771 113.73 
-0.0293776 0.665751 91399 1 -0.863021 0.675 342 1 1209 -0.0476092 -0.015948 0.0039296 0.293484 4.05151 113.714 
-0.0841885 0.805642 91519 1 -0.863021 0.675 343 1 1212 -0.048987 -0.0234045 0.00335199 0.261894 4.04574 113.541 
-0.0948722 0.804599 91558 1 -0.863021 0.675 344 1 1213 -0.049816 -0.0217018 0.00507985 0.284983 4.01397 113.661 
0.0106416 0.693889 91639 1 -0.863021 0.675 345 1 1215 -0.0462827 -0.00884792 -0.00665117 0.444453 4.16553 113.777 
0.0760739 0.563946 91679 1 -0.863021 0.675 346 1 1216 -0.0461454 -0.00122599 -0.0140174 0.542436 4.26578 113.975 
-0.0648429 0.555405 91760 1 -0.863021 0.675 347 1 1218 -0.0515982 -0.0197053 -0.000419188 0.320126 4.09923 113.537 
-0.068623 0.481466 91839 1 -0.863021 0.675 348 1 1220 -0.0533402 -0.0212167 -0.00264645 0.322248 4.13182 113.436 
0.0740171 0.512407 91919 1 -0.863021 0.675 349 1 1222 -0.0533642 -0.00478405 0.00114965 0.531372 4.09471 113.585 
0.146136 0.465528 91959 1 -0.863021 0.675 350 1 1223 -0.054794 -0.000387805 -0.0058559 0.611124 4.17686 113.368 
0.100109 0.536299 92000 1 -0.863021 0.675 351 1 1224 -0.0561506 -0.00706591 -0.00835046 0.585546 4.21773 113.519 
0.0301968 0.578466 92120 1 -0.863021 0.675 352 1 1227 -0.0509053 -0.0155023 -0.00590927 0.655317 4.22816 114.689 
-0.00551915 0.535763 92200 1 -0.863021 0.675 353 1 1229 -0.0493824 -0.0116562 -0.00825125 0.748372 4.26033 115.306 
-0.0497486 0.548312 92239 1 -0.863021 0.675 354 1 1230 -0.0492473 -0.0103487 -0.0110078 0.781194 4.26707 115.539 
-0.053694 0.482407 92320 1 -0.863021 0.675 355 1 1232 -0.0484319 -0.00858942 -0.0172669 0.833746 4.28569 115.631 
-0.053694 0.482407 92320 1 -0.863021 0.675 356 1 1232 -0.0484319 -0.00858942 -0.0172669 0.833746 4.28569 115.631 
-0.0458577 0.45446 92440 1 -0.863021 0.675 357 1 1235 -0.0480858 -0.0082185 -0.0175401 0.829511 4.29541 115.813 
0.156059 0.411805 92522 1 -0.863021 0.675 358 1 1237 -0.049795 -0.00243171 -0.0163589 0.873774 4.30189 115.95 
0.215338 0.395599 92600 1 -0.863021 0.675 359 1 1239 -0.0516111 0.00608704 -0.0184082 0.937502 4.31047 115.974 
0.222061 0.403224 92641 1 -0.863021 0.675 360 1 1240 -0.0531139 0.00776505 -0.0189702 0.930535 4.31084 115.898 
0.232609 0.392911 92681 1 -0.863021 0.675 361 1 1241 -0.0533034 0.0107028 -0.0201451 0.942442 4.32232 115.944 
0.153571 0.239803 92801 1 -0.863021 0.675 362 1 1244 -0.0553127 -0.00480061 -0.0207768 0.693488 4.35213 116.023 
0.212119 0.251455 92881 1 -0.863021 0.675 363 1 1246 -0.0574614 0.00321863 -0.0242302 0.73917 4.3619 116.174 
0.236596 0.25382 92961 1 -0.863021 0.675 364 1 1248 -0.058598 0.00729465 -0.0264299 0.753125 4.3529 116.263 
0.236596 0.25382 92961 1 -0.863021 0.675 365 1 1248 -0.058598 0.00729465 -0.0264299 0.753125 4.3529 116.263 
0.240991 0.335283 93081 1 -0.863021 0.675 366 1 1251 -0.0579037 0.00438353 -0.025372 0.743549 4.34422 116.39 
0.248226 0.327093 93121 1 -0.863021 0.675 367 1 1252 -0.0574009 0.00437286 -0.0258883 0.752092 4.35647 116.459 
0.255301 0.341596 93202 1 -0.863021 0.675 368 1 1254 -0.0576961 0.00591983 -0.0224826 0.773113 4.31645 116.592 
0.243292 0.314249 93282 1 -0.863021 0.675 369 1 1256 -0.0607658 0.00411102 -0.0243799 0.74366 4.34798 116.692 
0.243292 0.314249 93282 1 -0.863021 0.675 370 1 1256 -0.0607658 0.00411102 -0.0243799 0.74366 4.34798 116.692 
0.318933 0.343227 93402 1 -0.863021 0.675 371 1 1259 -0.0646303 0.00842948 -0.0239188 0.785684 4.32743 116.875 
0.3378 0.348012 93482 1 -0.863021 0.675 372 1 1261 -0.0651346 0.00836116 -0.026901 0.768007 4.35209 116.891 
0.386791 0.32052 93522 1 -0.863021 0.675 373 1 1262 -0.0659563 0.0115588 -0.0284154 0.798402 4.37502 117.035 
0.366071 0.29376 93603 1 -0.863021 0.675 374 1 1264 -0.0697913 0.00530394 -0.0279888 0.71581 4.38319 116.781 
0.388035 0.292222 93643 1 -0.863021 0.675 375 1 1265 -0.0687798 0.00875692 -0.030436 0.757852 4.41398 116.906 
0.366975 0.251352 93762 1 -0.863021 0.675 376 1 1268 -0.065969 0.00531681 -0.0297352 0.768267 4.43283 116.947 
0.430674 0.247821 93844 1 -0.863021 0.675 377 1 1270 -0.0646878 0.00621486 -0.0309064 0.805996 4.45176 116.992 
0.405038 0.238744 93883 1 -0.863021 0.675 378 1 1271 -0.0646541 0.00197752 -0.0277552 0.749668 4.42671 116.891 
0.419626 0.244738 93923 1 -0.863021 0.675 379 1 1272 -0.0650031 0.00653265 -0.0275318 0.792699 4.41709 116.933 
0.422964 0.247074 94044 1 -0.863021 0.675 380 1 1275 -0.0672425 0.00688923 -0.0274303 0.800426 4.40272 117.022 
0.42547 0.268189 94083 1 -0.863021 0.675 381 1 1276 -0.0671213 0.00550863 -0.0269114 0.792673 4.39419 116.982 
0.421875 0.230538 94163 1 -0.863021 0.675 382 1 1278 -0.064205 0.00433123 -0.0291068 0.790704 4.42926 116.984 
0.217973 0.219112 94244 1 -0.863021 0.675 383 1 1280 -0.0656454 0.00814937 -0.030084 0.831785 4.43741 116.944 
0.217973 0.219112 94244 1 -0.863021 0.675 384 1 1280 -0.0656454 0.00814937 -0.030084 0.831785 4.43741 116.944 
0.174623 0.187138 94364 1 -0.863021 0.675 385 1 1283 -0.0667276 0.00570965 -0.0303399 0.803335 4.43643 116.827 
0.170576 0.162227 94443 1 -0.863021 0.675 386 1 1285 -0.0642641 0.00102597 -0.0307894 0.771086 4.46482 116.797 
0.139957 0.147072 94524 1 -0.863021 0.675 387 1 1287 -0.0647649 -0.00467714 -0.0262008 0.717283 4.43983 116.838 
0.139957 0.147072 94564 1 -0.863021 0.675 388 1 1288 -0.0647649 -0.00467714 -0.0262008 0.717283 4.43983 116.838 
0.233756 0.368957 94686 1 -0.863021 0.675 389 1 1291 -0.0647012 -0.00351152 -0.0273965 0.718721 4.42029 116.801 
0.255337 0.337621 94727 1 -0.863021 0.675 390 1 1292 -0.0645152 -0.000278934 -0.0280311 0.759466 4.42084 116.943 
0.256783 0.33507 94805 1 -0.863021 0.675 391 1 1294 -0.0645541 -0.000248999 -0.0281162 0.759141 4.41982 116.951 
0.285615 0.308915 94885 1 -0.863021 0.675 392 1 1296 -0.0644412 0.0015508 -0.0280198 0.772524 4.41447 117.006 
0.285615 0.308915 94885 1 -0.863021 0.675 393 1 1296 -0.0644412 0.0015508 -0.0280198 0.772524 4.41447 117.006 
0.245607 0.29005 95005 1 -0.863021 0.675 394 1 1299 -0.066965 -0.00154103 -0.0286125 0.722796 4.43138 116.897 
0.251602 0.38817 95086 1 -0.863021 0.675 395 1 1301 -0.0655923 -0.00338578 -0.0280634 0.707055 4.44438 116.959 
0.253597 0.38026 95125 1 -0.863021 0.675 396 1 1302 -0.0648001 -0.00303338 -0.0276965 0.712879 4.45202 117.008 
0.275737 0.356069 95206 1 -0.863021 0.675 397 1 1304 -0.0645863 -3.7434e-005 -0.0265888 0.737073 4.45406 117.139 
0.271064 0.373919 95246 1 -0.863021 0.675 398 1 1305 -0.0642633 0.00258909 -0.0265805 0.748158 4.45742 117.119 
0.279237 0.185577 95365 1 -0.863021 0.675 399 1 1308 -0.0672307 0.00806389 -0.027938 0.733373 4.43971 116.744 
0.268023 0.083421 95406 1 -0.863021 0.675 400 1 1309 -0.0666096 0.00526694 -0.0287706 0.693377 4.44992 116.743 
0.236957 0.0046805 95487 1 -0.863021 0.675 401 1 1311 -0.0667757 -0.000811876 -0.0259478 0.621338 4.44961 116.717 
0.227511 0.0197785 95526 1 -0.863021 0.675 402 1 1312 -0.0662233 -0.00240334 -0.0248034 0.608799 4.44931 116.758 
0.227511 0.0197785 95526 1 -0.863021 0.675 403 1 1312 -0.0662233 -0.00240334 -0.0248034 0.608799 4.44931 116.758 
0.250594 -0.0270752 95686 1 -0.863021 0.675 404 1 1316 -0.0680997 -0.00326701 -0.0240491 0.613977 4.46006 116.758 
0.273233 -0.0681203 95726 1 -0.863021 0.675 405 1 1317 -0.067352 -0.000283444 -0.0252326 0.665307 4.47733 116.832 
0.246193 -0.0951663 95807 1 -0.863021 0.675 406 1 1319 -0.0652042 -0.000176345 -0.0251526 0.707968 4.48618 117.016 
0.258258 -0.0760186 95847 1 -0.863021 0.675 407 1 1320 -0.0641195 0.000500031 -0.0252783 0.731015 4.48506 117.038 
0.25436 -0.0573584 95892 1 -0.863021 0.675 408 1 1321 -0.0636215 -0.002699 -0.0243171 0.698338 4.47017 116.959 
0.283717 -0.043559 96007 1 -0.863021 0.675 409 1 1324 -0.0624752 0.00666201 -0.0268407 0.759022 4.4814 116.814 
0.258378 -0.0422174 96087 1 -0.863021 0.675 410 1 1326 -0.0630627 0.00308073 -0.0273691 0.713261 4.48299 116.66 
0.280861 -0.0612117 96167 1 -0.863021 0.675 411 1 1328 -0.0629007 0.00335931 -0.0258413 0.73772 4.47424 116.756 
0.280861 -0.0612117 96167 1 -0.863021 0.675 412 1 1328 -0.0629007 0.00335931 -0.0258413 0.73772 4.47424 116.756 
0.282955 -0.0530456 96289 1 -0.863021 0.675 413 1 1331 -0.0632835 0.00354192 -0.0217197 0.731673 4.45964 116.891 
0.332774 -0.02995 96367 1 -0.863021 0.675 414 1 1333 -0.0636255 0.00361403 -0.0212003 0.72682 4.45137 116.848 
0.345977 -0.0162228 96448 1 -0.863021 0.675 415 1 1335 -0.0639581 0.00316326 -0.0213784 0.73151 4.44901 116.861 
0.346524 -0.0137697 96488 1 -0.863021 0.675 416 1 1336 -0.0624083 0.00203356 -0.0230274 0.741775 4.4624 116.861 
0.379486 -0.00454637 96568 1 -0.863021 0.675 417 1 1338 -0.0620342 0.00111145 -0.0231059 0.751445 4.46082 116.849 
0.605705 0.0763448 96648 1 -0.863021 0.675 418 1 1340 -0.0631293 -0.00268871 -0.0223321 0.712209 4.45101 116.725 
0.605621 0.0758789 96728 1 -0.863021 0.675 419 1 1342 -0.063138 -0.00268679 -0.0223259 0.712192 4.45109 116.724 
0.626576 0.076404 96808 1 -0.863021 0.675 420 1 1344 -0.0630078 -0.00540924 -0.021826 0.698181 4.46214 116.856 
0.773069 0.114361 96848 1 -0.863021 0.675 421 1 1345 -0.0632312 -0.00483352 -0.0218222 0.715797 4.46923 117.027 
1.00266 0.168607 96930 1 -0.863021 0.675 422 1 1347 -0.0628587 -0.0032029 -0.0200482 0.753083 4.45983 117.094 
0.999414 0.156263 97009 1 -0.863021 0.675 423 1 1349 -0.0621521 -0.00303549 -0.0198735 0.750966 4.46171 117.064 
1.02271 0.0958678 97090 1 -0.863021 0.675 424 1 1351 -0.0639775 -0.00193018 -0.019842 0.739608 4.47046 117.104 
0.997069 0.0723161 97131 1 -0.863021 0.675 425 1 1352 -0.063613 -0.00481691 -0.0209461 0.700638 4.48585 116.959 
1.0648 0.083837 97209 1 -0.863021 0.675 426 1 1354 -0.0634947 -0.00669551 -0.0207311 0.704199 4.50492 117.112 
1.16747 0.0772556 97289 1 -0.863021 0.675 427 1 1356 -0.062072 -0.0129038 -0.0198086 0.640229 4.52677 117 
1.18724 0.0506956 97370 1 -0.863021 0.675 428 1 1358 -0.0638118 -0.0122749 -0.0189212 0.62622 4.52145 116.935 
1.16378 0.0370858 97410 1 -0.863021 0.675 429 1 1359 -0.0641066 -0.0118679 -0.0191373 0.621564 4.51927 116.96 
1.04832 -0.00853502 97451 1 -0.863021 0.675 430 1 1360 -0.064627 -0.0109686 -0.020905 0.619258 4.52236 116.903 
1.06234 0.0181579 97570 1 -0.863021 0.675 431 1 1363 -0.0658162 -0.00543858 -0.019888 0.678368 4.51343 117.146 
1.07525 0.0284269 97610 1 -0.863021 0.675 432 1 1364 -0.0644981 -0.00469758 -0.0192171 0.689022 4.50323 117.159 
1.01501 0.0288105 97690 1 -0.863021 0.675 433 1 1366 -0.0647229 -0.000387772 -0.0182628 0.742065 4.47835 117.208 
0.946694 -0.00175194 97771 1 -0.863021 0.675 434 1 1368 -0.0644058 -0.00159057 -0.0191627 0.713714 4.49076 117.108 
0.947285 0.00932019 97810 1 -0.863021 0.675 435 1 1369 -0.0662378 0.000400954 -0.0187488 0.734096 4.49218 117.234 
0.949532 0.0223234 97931 1 -0.863021 0.675 436 1 1372 -0.0660681 -0.00207708 -0.0187055 0.71181 4.50287 117.152 
0.956582 0.0538577 97970 1 -0.863021 0.675 437 1 1373 -0.0655103 -0.00323207 -0.0179769 0.70803 4.50662 117.184 
0.632054 -0.0440992 98051 1 -0.863021 0.675 438 1 1375 -0.0649248 0.000585788 -0.0156895 0.760551 4.51527 117.303 
0.605218 -0.0434028 98091 1 -0.863021 0.675 439 1 1376 -0.0650062 0.00183493 -0.015317 0.768194 4.50588 117.273 
0.547984 -0.0372851 98211 1 -0.863021 0.675 440 1 1379 -0.0657289 0.000997032 -0.0176537 0.728674 4.50532 117.03 
0.579809 -0.0209986 98291 1 -0.863021 0.675 441 1 1381 -0.0673716 0.00235205 -0.016583 0.760155 4.49162 117.194 
0.556929 -0.0470635 98331 1 -0.863021 0.675 442 1 1382 -0.0660877 -0.00104753 -0.0169472 0.727145 4.4915 117.044 
0.608378 0.0785259 98412 1 -0.863021 0.675 443 1 1384 -0.066502 -0.000517112 -0.0181455 0.754834 4.50072 117.127 
0.608378 0.0785259 98412 1 -0.863021 0.675 444 1 1384 -0.066502 -0.000517112 -0.0181455 0.754834 4.50072 117.127 
0.726225 0.702648 98532 1 -0.863021 0.675 445 1 1387 -0.0659532 -0.00147108 -0.01881 0.754579 4.53018 117.284 
0.687275 0.722324 98611 1 -0.863021 0.675 446 1 1389 -0.0666693 -0.00275221 -0.0202046 0.740129 4.53384 117.163 
0.699906 0.759911 98692 1 -0.863021 0.675 447 1 1391 -0.0662275 -0.000936209 -0.0201797 0.771737 4.52186 117.173 
0.714411 0.78883 98732 1 -0.863021 0.675 448 1 1392 -0.0647721 -0.00186281 -0.019374 0.767384 4.50798 117.182 
0.744449 0.814149 98813 1 -0.863021 0.675 449 1 1394 -0.0643196 0.00108053 -0.0217731 0.799265 4.51293 117.194 
0.716789 0.8459 98893 1 -0.863021 0.675 450 1 1396 -0.0657307 0.00283472 -0.0221166 0.798322 4.49745 117.145 
0.700369 0.854048 98973 1 -0.863021 0.675 451 1 1398 -0.0658274 -0.000134537 -0.0221176 0.754577 4.50572 117.066 
0.696135 0.858027 99012 1 -0.863021 0.675 452 1 1399 -0.0650429 -0.000433169 -0.0223927 0.756371 4.51562 117.093 
0.714971 0.847661 99056 1 -0.863021 0.675 453 1 1400 -0.0633104 -0.000327379 -0.0204325 0.774372 4.50738 117.188 
0.717661 0.869263 99173 1 -0.863021 0.675 454 1 1403 -0.0621425 -0.000974915 -0.0182805 0.79286 4.50452 117.349 
0.707494 0.832837 99213 1 -0.863021 0.675 455 1 1404 -0.0624063 -0.000771361 -0.0184621 0.783576 4.51115 117.348 
0.682612 0.842109 99294 1 -0.863021 0.675 456 1 1406 -0.0642494 -0.000876002 -0.0182782 0.75467 4.50676 117.218 
0.669278 0.819809 99373 1 -0.863021 0.675 457 1 1408 -0.0649155 -0.00275268 -0.0197203 0.725399 4.51071 117.139 
0.669278 0.819809 99373 1 -0.863021 0.675 458 1 1408 -0.0649155 -0.00275268 -0.0197203 0.725399 4.51071 117.139 
0.643848 0.502118 99494 1 -0.863021 0.675 459 1 1411 -0.0623903 -0.0056544 -0.0199821 0.716313 4.50695 117.115 
0.642457 0.566602 99574 1 -0.863021 0.675 460 1 1413 -0.0615017 -0.00407982 -0.0191691 0.71811 4.49544 117.124 
0.652212 0.537814 99654 1 -0.863021 0.675 461 1 1415 -0.0635924 -0.000827696 -0.0199541 0.692179 4.50586 117.093 
0.649846 0.514057 99693 1 -0.863021 0.675 462 1 1416 -0.0653974 0.00109803 -0.0207873 0.682042 4.51708 117.085 
0.674602 0.504582 99734 1 -0.863021 0.675 463 1 1417 -0.0669125 0.00149714 -0.0198231 0.663062 4.50325 117.043 
0.615791 0.430533 99854 1 -0.863021 0.675 464 1 1420 -0.0681755 -0.00447767 -0.0210241 0.572263 4.53279 117.019 
0.594778 0.468 99935 1 -0.863021 0.675 465 1 1422 -0.067955 -0.00524453 -0.0195217 0.573305 4.51849 117.052 
0.6143 0.458431 99975 1 -0.863021 0.675 466 1 1423 -0.068102 -0.00408629 -0.0198901 0.595736 4.52329 117.114 
0.581867 0.223546 100015 1 -0.863021 0.675 467 1 1424 -0.067951 -0.00524406 -0.0188736 0.584479 4.51026 116.998 
0.618587 0.155837 100134 1 -0.863021 0.675 468 1 1427 -0.0663385 -0.00844085 -0.0192661 0.605161 4.5031 117.006 
0.626342 0.118981 100175 1 -0.863021 0.675 469 1 1428 -0.0645086 -0.00741227 -0.0193258 0.644423 4.5068 117.08 
0.667866 0.0947279 100255 1 -0.863021 0.675 470 1 1430 -0.061678 -0.0100657 -0.0154808 0.666698 4.48889 117.266 
0.678238 0.0922008 100335 1 -0.863021 0.675 471 1 1432 -0.0608875 -0.0107776 -0.0145876 0.670234 4.48477 117.277 
0.678238 0.0922008 100335 1 -0.863021 0.675 472 1 1432 -0.0608875 -0.0107776 -0.0145876 0.670234 4.48477 117.277 
0.643367 0.0697701 100495 1 -0.863021 0.675 473 1 1436 -0.0622988 -0.00991339 -0.0154257 0.661837 4.47573 117.292 
0.640476 0.0759607 100535 1 -0.863021 0.675 474 1 1437 -0.062409 -0.00988315 -0.0155879 0.661539 4.47392 117.306 
0.667256 0.305888 100615 1 -0.863021 0.675 475 1 1439 -0.0628963 -0.00758655 -0.0173495 0.68833 4.46596 117.269 
0.650488 0.333612 100656 1 -0.863021 0.675 476 1 1440 -0.0633881 -0.00390344 -0.017503 0.726427 4.4665 117.372 
0.654114 0.351758 100737 1 -0.863021 0.675 477 1 1442 -0.0650191 -0.00303657 -0.0189473 0.717279 4.47557 117.346 
0.671694 0.381635 100856 1 -0.863021 0.675 478 1 1445 -0.0658012 -0.0018808 -0.0210185 0.727956 4.48107 117.308 
0.665097 0.365809 100896 1 -0.863021 0.675 479 1 1446 -0.0645761 -0.00521801 -0.0211266 0.693219 4.48507 117.22 
0.667516 0.402021 100976 1 -0.863021 0.675 480 1 1448 -0.0642927 -0.00457995 -0.0207567 0.708161 4.47836 117.239 
0.661197 0.381729 101016 1 -0.863021 0.675 481 1 1449 -0.0644556 -0.00469297 -0.0208522 0.709335 4.47688 117.234 
0.827367 0.401203 101097 1 -0.863021 0.675 482 1 1451 -0.0646211 -0.00657514 -0.0228746 0.69657 4.49166 117.093 
0.859158 0.342403 101178 1 -0.863021 0.675 483 1 1453 -0.0645354 -0.00910778 -0.0231082 0.67341 4.49544 117 
0.870045 0.359425 101257 1 -0.863021 0.675 484 1 1455 -0.0643165 -0.00714651 -0.0228046 0.702553 4.48268 116.949 
0.905636 0.231644 101297 1 -0.863021 0.675 485 1 1456 -0.0638742 -0.00940018 -0.023869 0.683111 4.48343 116.885 
0.873998 0.0982186 101337 1 -0.863021 0.675 486 1 1457 -0.0633711 -0.00975002 -0.0246841 0.679344 4.49136 116.885 
0.886209 0.149297 101457 1 -0.863021 0.675 487 1 1460 -0.0648768 -0.00747852 -0.0255227 0.702776 4.48449 116.859 
0.890644 0.192169 101498 1 -0.863021 0.675 488 1 1461 -0.0651854 -0.0074226 -0.0256936 0.707481 4.47179 116.808 
0.899512 0.188507 101577 1 -0.863021 0.675 489 1 1463 -0.0645763 -0.00838691 -0.0250328 0.717668 4.45915 116.847 
0.904 0.170857 101617 1 -0.863021 0.675 490 1 1464 -0.0633719 -0.0102938 -0.0247346 0.705177 4.46289 116.849 
0.913821 0.104812 101657 1 -0.863021 0.675 491 1 1465 -0.0622198 -0.010407 -0.0236802 0.705607 4.47662 116.943 
0.8658 0.107476 101778 1 -0.863021 0.675 492 1 1468 -0.0630591 -0.00686605 -0.0237334 0.723146 4.50117 116.964 
0.327952 0.0120793 101859 1 -0.863021 0.675 493 1 1470 -0.0640468 -0.00149684 -0.0212299 0.773522 4.46141 116.937 
0.262193 -0.0249309 101938 1 -0.863021 0.675 494 1 1472 -0.0636636 -0.00347216 -0.019654 0.760785 4.47274 117.055 
0.262193 -0.0249309 101938 1 -0.863021 0.675 495 1 1472 -0.0636636 -0.00347216 -0.019654 0.760785 4.47274 117.055 
0.261657 0.0295605 102099 1 -0.863021 0.675 496 1 1476 -0.0629987 -0.00228615 -0.0185183 0.791097 4.45288 117.109 
0.209136 -0.0320541 102138 1 -0.863021 0.675 497 1 1477 -0.0634903 -0.00271487 -0.0196236 0.783362 4.46466 117.091 
0.215012 -0.0352395 102219 1 -0.863021 0.675 498 1 1479 -0.062802 -0.00324559 -0.0187418 0.786946 4.47385 117.117 
0.180797 -0.0704959 102259 1 -0.863021 0.675 499 1 1480 -0.0626649 -0.00346293 -0.019175 0.806742 4.48646 117.239 
0.198657 -0.0647666 102298 1 -0.863021 0.675 500 1 1481 -0.0609245 -0.00474427 -0.0193754 0.814296 4.486 117.264 
0.243446 -0.1103 102421 1 -0.863021 0.675 501 1 1484 -0.0606219 -0.00611044 -0.019185 0.79924 4.46962 117.208 
0.304893 -0.120753 102499 1 -0.863021 0.675 502 1 1486 -0.061994 -0.00402979 -0.018548 0.793246 4.46647 117.185 
0.296758 -0.0981347 102539 1 -0.863021 0.675 503 1 1487 -0.0631353 -0.00375968 -0.0191151 0.784336 4.46455 117.223 
0.273514 -0.0918529 102579 1 -0.863021 0.675 504 1 1488 -0.0637907 -0.0030425 -0.0192701 0.783472 4.45609 117.121 
0.145075 -0.188141 102700 1 -0.863021 0.675 505 1 1491 -0.06264 -0.00379604 -0.018103 0.784631 4.43328 117.087 
0.120992 -0.201354 102781 1 -0.863021 0.675 506 0 1493 -0.0629193 -0.00474988 -0.0182573 0.776324 4.43891 117.109 
0.060458 -0.247351 102860 1 -0.863021 0.675 507 0 1495 -0.0630136 -0.0052827 -0.0184553 0.767838 4.44393 117.064 
0.0373424 -0.238697 102900 1 -0.863021 0.675 508 0 1496 -0.063825 -0.00537092 -0.0186425 0.765374 4.45427 117.092 
0.0586712 -0.093943 103021 1 -0.863021 0.675 509 1 1499 -0.0627173 -0.00476324 -0.0182458 0.80267 4.45868 117.311 
0.0431182 -0.0453826 103060 1 -0.863021 0.675 510 1 1500 -0.0619009 -0.0057179 -0.0177956 0.7968 4.45203 117.267 
0.0407292 -0.0423011 103140 1 -0.863021 0.675 511 1 1502 -0.0619088 -0.00564773 -0.0178315 0.795996 4.45162 117.277 
0.209286 0.140578 103220 1 -0.863021 0.675 512 1 1504 -0.0643232 -0.00288014 -0.0188537 0.800805 4.4563 117.358 
0.209286 0.140578 103220 1 -0.863021 0.675 513 1 1504 -0.0643232 -0.00288014 -0.0188537 0.800805 4.4563 117.358 
0.22414 0.133804 103261 1 -0.863021 0.675 514 1 1505 -0.0644209 -0.00275627 -0.018753 0.788166 4.45091 117.32 
0.206493 0.0965575 103381 1 -0.863021 0.675 515 1 1508 -0.0662851 -0.000700123 -0.0196821 0.765065 4.45252 117.29 
0.206493 0.0965575 103381 1 -0.863021 0.675 516 1 1508 -0.0662851 -0.000700123 -0.0196821 0.765065 4.45252 117.29 
0.234759 0.157865 103503 1 -0.863021 0.675 517 1 1511 -0.0666604 -0.0024836 -0.0214147 0.694049 4.45406 117.205 
0.228894 0.164375 103582 1 -0.863021 0.675 518 1 1513 -0.0672333 0.000731646 -0.0204249 0.702158 4.44731 117.23 
0.220906 0.189062 103622 1 -0.863021 0.675 519 1 1514 -0.069086 0.000584719 -0.0201274 0.702066 4.43712 117.274 
0.149771 0.0417135 103702 1 -0.863021 0.675 520 1 1516 -0.0680563 0.00104157 -0.019074 0.722572 4.41299 117.232 
0.146425 0.0352617 103782 1 -0.863021 0.675 521 1 1518 -0.0658613 -0.00477285 -0.0181888 0.695363 4.41353 117.292 
0.124735 0.0572297 103822 1 -0.863021 0.675 522 1 1519 -0.0653952 -0.00587974 -0.0192548 0.694932 4.42229 117.252 
0.144875 0.104396 103982 1 -0.863021 0.675 523 1 1523 -0.0651978 -0.00476462 -0.0218392 0.718494 4.42278 117.159 
0.126379 0.114658 104022 1 -0.863021 0.675 524 1 1524 -0.0651761 -0.00539337 -0.0229387 0.70603 4.42496 117.038 
0.114354 0.0877479 104103 1 -0.863021 0.675 525 1 1526 -0.0662989 -0.00696795 -0.0234501 0.688244 4.43782 117.01 
0.114773 0.0828436 104143 1 -0.863021 0.675 526 1 1527 -0.0659935 -0.00760554 -0.0221981 0.68109 4.42778 116.967 
0.335995 0.110716 104223 1 -0.863021 0.675 527 1 1529 -0.0650203 -0.00768938 -0.0224933 0.679666 4.43567 116.963 
0.329594 0.104965 104262 1 -0.863021 0.675 528 1 1530 -0.0652217 -0.00752793 -0.0224313 0.67787 4.43665 116.955 
0.286545 0.0557683 104343 1 -0.863021 0.675 529 1 1532 -0.0675986 -0.00619253 -0.0233079 0.671345 4.45833 116.915 
0.313774 0.0467783 104383 1 -0.863021 0.675 530 1 1533 -0.0673572 -0.0062592 -0.0240247 0.664894 4.48574 116.909 
0.291174 0.0302414 104464 1 -0.863021 0.675 531 1 1535 -0.0665946 -0.00933635 -0.0232645 0.657473 4.50697 117.008 
0.299348 0.0383581 104542 1 -0.863021 0.675 532 1 1537 -0.0645298 -0.0128554 -0.0220926 0.642744 4.49187 117.016 
0.184115 -0.0695208 104663 1 -0.863021 0.675 533 1 1540 -0.0656424 -0.00536511 -0.0209956 0.705793 4.46842 116.931 
0.150936 -0.0773266 104704 1 -0.863021 0.675 534 1 1541 -0.0675582 -0.00504553 -0.0208516 0.695274 4.46852 116.922 
0.17272 -0.0876905 104784 1 -0.863021 0.675 535 1 1543 -0.0673442 -0.0005207 -0.0233128 0.709459 4.48027 116.783 
0.155062 -0.0893081 104824 1 -0.863021 0.675 536 1 1544 -0.0678056 0.00107466 -0.0241088 0.715376 4.48703 116.786 
0.223636 -0.055825 104904 1 -0.863021 0.675 537 1 1546 -0.0683632 0.00116176 -0.0253162 0.704915 4.48984 116.866 
0.240274 -0.0729518 104943 1 -0.863021 0.675 538 1 1547 -0.0686659 0.00143582 -0.0244622 0.697495 4.47836 116.827 
0.24195 -0.0707731 105024 1 -0.863021 0.675 539 1 1549 -0.0691689 0.00214497 -0.0249452 0.686804 4.48251 116.809 
0.218756 -0.0621245 105064 1 -0.863021 0.675 540 1 1550 -0.0699627 0.00264399 -0.0251719 0.680122 4.4803 116.762 
0.221102 -0.0592613 105145 1 -0.863021 0.675 541 1 1552 -0.0698866 0.00258853 -0.0252371 0.680681 4.47953 116.767 
0.214098 -0.0740534 105265 1 -0.863021 0.675 542 1 1555 -0.0670589 -0.00516499 -0.0220784 0.6473 4.48432 116.879 
0.218209 -0.146382 105345 1 -0.863021 0.675 543 1 1557 -0.0663805 -0.00742041 -0.0203395 0.626904 4.4929 116.882 
0.201692 -0.151376 105384 1 -0.863021 0.675 544 1 1558 -0.0664601 -0.00622687 -0.0198262 0.633659 4.49254 116.868 
0.202469 -0.18046 105465 1 -0.863021 0.675 545 1 1560 -0.0672772 -0.0054723 -0.018968 0.637046 4.49459 116.896 
0.190613 -0.171391 105505 1 -0.863021 0.675 546 1 1561 -0.067919 -0.00712682 -0.018563 0.621618 4.49912 116.928 
0.182446 -0.17814 105586 1 -0.863021 0.675 547 1 1563 -0.0679262 -0.00926715 -0.0169955 0.608581 4.4976 117.014 
0.182697 -0.165434 105626 1 -0.863021 0.675 548 1 1564 -0.067823 -0.00942428 -0.0170949 0.610318 4.49638 117.021 
0.167838 -0.11981 105705 1 -0.863021 0.675 549 1 1566 -0.0677198 -0.00893798 -0.0182753 0.646295 4.48226 117.085 
0.13034 -0.143682 105786 1 -0.863021 0.675 550 1 1568 -0.0679939 -0.00890165 -0.0191216 0.656026 4.47699 117.064 
0.121957 -0.141298 105826 1 -0.863021 0.675 551 1 1569 -0.0685174 -0.00946121 -0.0202162 0.652335 4.48117 117.023 
0.132662 -0.085296 105946 1 -0.863021 0.675 552 1 1572 -0.0677844 -0.0109065 -0.0203399 0.652756 4.4616 117 
0.116188 -0.0951426 106026 1 -0.863021 0.675 553 1 1574 -0.0674834 -0.00951304 -0.0199462 0.655777 4.46134 117.06 
0.116188 -0.0951426 106026 1 -0.863021 0.675 554 1 1574 -0.0674834 -0.00951304 -0.0199462 0.655777 4.46134 117.06 
0.445317 0.181108 106065 1 -0.863021 0.675 555 1 1575 -0.0667096 0.0102283 -0.0235632 0.889 4.50228 117.193 
0.292509 0.177725 106267 1 -0.863021 0.675 556 1 1580 -0.0693775 0.00154724 -0.0162528 0.738606 4.41427 117.282 
0.283581 0.171258 106347 1 -0.863021 0.675 557 1 1582 -0.0665239 -0.00328602 -0.0159607 0.719889 4.40585 117.39 
0.211839 0.17525 106387 1 -0.863021 0.675 558 1 1583 -0.066712 -0.00615604 -0.0165055 0.702445 4.40325 117.357 
0.219821 0.161923 106467 1 -0.863021 0.675 559 1 1585 -0.0662803 -0.00734832 -0.0170446 0.695101 4.41273 117.35 
0.20729 0.149321 106507 1 -0.863021 0.675 560 1 1586 -0.067282 -0.0083369 -0.018642 0.681325 4.43869 117.347 
0.203071 0.144639 106587 1 -0.863021 0.675 561 1 1588 -0.0675825 -0.00825279 -0.0185836 0.680429 4.4394 117.339 
0.21326 0.130921 106667 1 -0.863021 0.675 562 1 1590 -0.0675446 -0.00850653 -0.0183726 0.683282 4.44184 117.32 
0.21326 0.130921 106707 1 -0.863021 0.675 563 1 1591 -0.0675446 -0.00850653 -0.0183726 0.683282 4.44184 117.32 
0.202087 0.143359 106787 1 -0.863021 0.675 564 1 1593 -0.0681595 -0.00829707 -0.0185619 0.681071 4.43959 117.341 
0.22387 -0.0390789 106867 1 -0.863021 0.675 565 1 1595 -0.0714805 -0.00558647 -0.021227 0.694499 4.41135 117.167 
0.215268 -0.0637866 106948 1 -0.863021 0.675 566 1 1597 -0.0728972 -0.0055159 -0.0211857 0.679945 4.37836 117.085 
0.215119 -0.0583669 107028 1 -0.863021 0.675 567 1 1599 -0.0726133 -0.00550841 -0.0212776 0.679777 4.37727 117.101 
0.215521 -0.056707 107068 1 -0.863021 0.675 568 1 1600 -0.0715208 -0.00689453 -0.021899 0.669861 4.38022 117.081 
0.217181 -0.0595142 107147 1 -0.863021 0.675 569 1 1602 -0.0714769 -0.00692838 -0.0218583 0.670264 4.3807 117.073 
0.0949164 -0.164279 107228 1 -0.863021 0.675 570 1 1604 -0.0709713 -0.00701897 -0.0210035 0.668613 4.38548 116.974 
0.0771297 -0.254162 107308 1 -0.863021 0.675 571 0 1606 -0.072343 -0.00678873 -0.0207633 0.668283 4.39916 116.94 
0.0707629 -0.323449 107389 1 -0.863021 0.675 572 0 1608 -0.0711562 -0.00957514 -0.0209639 0.655891 4.4227 117.027 
0.0767557 -0.316882 107469 1 -0.863021 0.675 573 0 1610 -0.0705761 -0.00977327 -0.0207583 0.658126 4.42523 117.007 
0.0767557 -0.316882 107509 1 -0.863021 0.675 574 0 1611 -0.0705761 -0.00977327 -0.0207583 0.658126 4.42523 117.007 
0.061912 -0.30812 107588 1 -0.863021 0.675 575 0 1613 -0.070621 -0.00835071 -0.0208591 0.658414 4.43486 116.99 
0.153299 -0.118932 107669 1 -0.863021 0.675 576 1 1615 -0.0715583 -0.00672894 -0.0200625 0.663468 4.44307 117.03 
0.156036 -0.111064 107750 1 -0.863021 0.675 577 1 1617 -0.0714364 -0.00683266 -0.0200123 0.664622 4.44366 117.026 
0.157493 -0.108411 107789 1 -0.863021 0.675 578 1 1618 -0.071383 -0.00688202 -0.019967 0.665178 4.44418 117.023 
0.158603 -0.0997799 107870 1 -0.863021 0.675 579 1 1620 -0.0713942 -0.00683223 -0.0199385 0.664622 4.44454 117.022 
0.17047 -0.0121691 107949 1 -0.863021 0.675 580 1 1622 -0.0716615 -0.00529979 -0.0204819 0.664373 4.46162 117.132 
0.170038 -0.0136519 108029 1 -0.863021 0.675 581 1 1624 -0.0718807 -0.00526513 -0.020535 0.663986 4.46093 117.139 
0.194613 0.0160897 108070 1 -0.863021 0.675 582 1 1625 -0.0717222 -0.00399777 -0.0210021 0.68703 4.45984 117.121 
0.7768 1.96375 108151 1 -0.857292 0.667308 583 0 1627 -0.0704133 -0.00517753 -0.018642 0.707321 4.45449 117.325 
0.620834 0.452936 108230 1 -0.857292 0.666346 584 1 1629 -0.069568 -0.00563314 -0.0204728 0.700412 4.47189 117.281 
0.622293 0.305551 108269 1 -0.857292 0.666346 585 1 1630 -0.0702683 -0.00607865 -0.020701 0.685454 4.46536 117.189 
0.613171 0.185682 108350 1 -0.857292 0.666346 586 1 1632 -0.0718773 -0.00424161 -0.0218779 0.676075 4.46911 117.09 
0.629225 0.198249 108430 1 -0.857292 0.666346 587 1 1634 -0.0730746 -0.00379946 -0.0202907 0.664796 4.45458 117.104 
0.650456 0.321405 108470 1 -0.857292 0.666346 588 1 1635 -0.0729248 -0.00349079 -0.0204217 0.665595 4.46487 117.173 
0.65068 0.322555 108551 1 -0.857292 0.666346 589 1 1637 -0.0729191 -0.0034912 -0.0204331 0.66559 4.46474 117.174 
0.648805 0.328041 108631 1 -0.841667 0.681731 590 1 1639 -0.0730092 -0.00342103 -0.0205164 0.664728 4.46374 117.187 
0.648788 0.328034 108711 1 -0.841146 0.689423 591 1 1641 -0.0730088 -0.00342053 -0.0205163 0.664722 4.46375 117.187 
0.632098 0.40252 108791 1 -0.841667 0.690385 592 1 1643 -0.0741634 -0.00471482 -0.0187202 0.641735 4.46379 117.223 
0.629229 0.411643 108872 1 -0.841667 0.690385 593 1 1645 -0.0726984 -0.0056237 -0.0180099 0.651302 4.45137 117.222 
0.643803 0.393873 108912 1 -0.841146 0.690385 594 1 1646 -0.0716347 -0.00559679 -0.0190072 0.66908 4.46923 117.232 
0.60634 0.0949414 108992 1 -0.840625 0.689423 595 1 1648 -0.0708705 -0.00712052 -0.01891 0.66238 4.44803 117.155 
0.632344 0.0967215 109072 1 -0.840625 0.6875 596 1 1650 -0.0715121 -0.00608264 -0.0218425 0.668514 4.41975 117.004 
0.617521 0.0812166 109152 1 -0.840625 0.6875 597 1 1652 -0.0730007 -0.00499102 -0.0230341 0.667487 4.38746 116.9 
0.615122 0.0862767 109192 1 -0.840625 0.6875 598 1 1653 -0.0730705 -0.00493076 -0.0231516 0.666714 4.38606 116.919 
0.616503 0.089643 109273 1 -0.840625 0.6875 599 1 1655 -0.0729607 -0.00498592 -0.0232565 0.667248 4.3848 116.932 
0.605001 -0.0207816 109352 1 -0.840104 0.6875 600 1 1657 -0.0725839 -0.00825943 -0.0257808 0.638784 4.38384 116.845 
0.609821 -0.0764033 109432 1 -0.827083 0.6875 601 1 1659 -0.0730757 -0.00803044 -0.025372 0.6271 4.39039 116.884 
0.614316 -0.0791798 109512 1 -0.805208 0.6875 602 1 1661 -0.0748243 -0.00603321 -0.0251083 0.628156 4.3853 116.872 
0.614316 -0.0791798 109512 1 -0.791667 0.6875 603 1 1661 -0.0748243 -0.00603321 -0.0251083 0.628156 4.3853 116.872 
0.628146 0.036946 109633 1 -0.790104 0.686538 604 1 1664 -0.0738912 -0.0086005 -0.0249139 0.612298 4.38253 116.853 
0.637903 0.0360094 109713 1 -0.790104 0.686538 605 1 1666 -0.0735294 -0.00882774 -0.0248812 0.614852 4.38273 116.845 
0.637903 0.0360094 109793 1 -0.790104 0.686538 606 1 1668 -0.0735294 -0.00882774 -0.0248812 0.614852 4.38273 116.845 
0.682094 0.0321157 109833 1 -0.794271 0.683654 607 1 1669 -0.0733108 -0.00677863 -0.0255473 0.629198 4.38811 116.86 
0.840204 0.114423 109913 1 -0.795312 0.682692 608 1 1671 -0.0741236 -0.00773352 -0.0252229 0.607004 4.38672 116.738 
0.834591 0.082071 109993 1 -0.795312 0.682692 609 1 1673 -0.0744581 -0.00760477 -0.024761 0.605564 4.39216 116.695 
0.870882 0.103586 110074 1 -0.795312 0.682692 610 1 1675 -0.0735158 -0.00741295 -0.0223182 0.614976 4.37713 116.758 
0.887921 0.0985983 110114 1 -0.795312 0.682692 611 1 1676 -0.072859 -0.00689533 -0.0221328 0.619733 4.38031 116.731 
0.88039 0.101822 110154 1 -0.795312 0.682692 612 1 1677 -0.0730372 -0.00836594 -0.022871 0.597032 4.40029 116.771 
0.978807 0.128898 110274 1 -0.795312 0.682692 613 1 1680 -0.0752201 -0.00995768 -0.0224329 0.54985 4.41923 116.702 
0.97828 0.126391 110314 1 -0.795312 0.682692 614 1 1681 -0.0752005 -0.00993905 -0.0224009 0.549668 4.41964 116.696 
1.01039 0.124835 110435 1 -0.794792 0.682692 615 1 1684 -0.0725935 -0.0123639 -0.0224204 0.544254 4.44089 116.714 
0.951138 0.127101 110475 1 -0.794271 0.682692 616 1 1685 -0.0726922 -0.0107555 -0.022173 0.570623 4.44099 116.789 
0.722665 0.201178 110555 1 -0.794271 0.682692 617 1 1687 -0.0728288 -0.00605093 -0.0212104 0.630728 4.43059 116.923 
0.692228 0.258086 110675 1 -0.794271 0.682692 618 1 1690 -0.0736954 -0.00352835 -0.0221099 0.67599 4.39756 116.77 
0.708813 0.25835 110715 1 -0.794792 0.682692 619 1 1691 -0.0728785 -0.00481007 -0.0215324 0.671525 4.39323 116.767 
0.703474 0.581718 110795 1 -0.795312 0.682692 620 1 1693 -0.0721823 -0.00453822 -0.0216504 0.690806 4.40502 116.902 
0.703474 0.581718 110795 1 -0.795312 0.682692 621 1 1693 -0.0721823 -0.00453822 -0.0216504 0.690806 4.40502 116.902 
0.677091 0.692498 110955 1 -0.795312 0.682692 622 1 1697 -0.0740048 -0.00207547 -0.022502 0.684036 4.4231 116.984 
0.663531 0.704202 110995 1 -0.795312 0.682692 623 1 1698 -0.0750899 -0.000616387 -0.021786 0.691771 4.4128 116.98 
0.832528 0.493613 111081 1 -0.797396 0.682692 624 1 1700 -0.0743313 -0.00220412 -0.0223283 0.665323 4.4068 116.854 
0.904869 0.230688 111115 1 -0.797917 0.683654 625 1 1701 -0.0737367 -0.00463285 -0.0210557 0.64502 4.37711 116.7 
0.907473 0.225507 111156 1 -0.797917 0.683654 626 1 1702 -0.0735564 -0.00472415 -0.0211027 0.645987 4.37651 116.704 
0.896489 0.189275 111277 1 -0.798438 0.683654 627 1 1705 -0.0739671 -0.00430757 -0.0211533 0.64123 4.37609 116.708 
0.950848 0.106771 111356 1 -0.798438 0.683654 628 1 1707 -0.0744894 -0.00390785 -0.0215193 0.628078 4.36976 116.607 
0.945817 0.0846125 111436 1 -0.798438 0.683654 629 1 1709 -0.0746021 -0.00819142 -0.0226532 0.596056 4.39187 116.613 
0.945817 0.0846125 111436 1 -0.798438 0.683654 630 1 1709 -0.0746021 -0.00819142 -0.0226532 0.596056 4.39187 116.613 
0.997966 0.0656146 111557 1 -0.798438 0.683654 631 1 1712 -0.0720998 -0.0124254 -0.0225078 0.613636 4.37855 116.709 
1.04191 0.0227191 111640 1 -0.798438 0.683654 632 1 1714 -0.0703419 -0.0158053 -0.0238693 0.612136 4.38217 116.717 
1.07721 -0.0299392 111716 1 -0.798438 0.683654 633 1 1716 -0.0703934 -0.0174368 -0.0245848 0.628772 4.40186 116.856 
1.09326 -0.0352188 111756 1 -0.798438 0.683654 634 1 1717 -0.070134 -0.0177784 -0.024509 0.633019 4.40274 116.825 
1.09326 -0.0352188 111756 1 -0.798438 0.683654 635 1 1717 -0.070134 -0.0177784 -0.024509 0.633019 4.40274 116.825 
0.686158 -0.0917768 111957 1 -0.798438 0.683654 636 1 1722 -0.068138 -0.00756257 -0.0184909 0.784395 4.35865 117.095 
0.698174 -0.0917106 111998 1 -0.798438 0.683654 637 1 1723 -0.0685528 -0.00751491 -0.0183223 0.770446 4.35964 117.116 
0.687378 -0.0999938 112077 1 -0.798438 0.683654 638 1 1725 -0.0708151 -0.00485555 -0.0184504 0.761266 4.35808 117.14 
0.442907 0.0432678 112158 1 -0.798438 0.683654 639 1 1727 -0.0721457 -0.00438386 -0.0196764 0.72931 4.3647 117.036 
0.24539 0.110211 112238 1 -0.798438 0.683654 640 1 1729 -0.0725062 -0.00489801 -0.0208298 0.737214 4.36671 117.067 
0.208337 0.0703762 112278 1 -0.798438 0.683654 641 1 1730 -0.0722522 -0.00749881 -0.0214656 0.728481 4.36704 117.059 
0.293471 0.139592 112358 1 -0.798438 0.683654 642 1 1732 -0.0700823 -0.0053315 -0.0228138 0.803407 4.37 117.088 
0.664875 0.503463 112438 1 -0.798438 0.683654 643 1 1734 -0.0703938 -0.00567561 -0.024589 0.846801 4.38496 117.126 
0.643359 0.512492 112518 1 -0.798438 0.683654 644 1 1736 -0.0696605 -0.00843589 -0.0245036 0.876423 4.36736 117.149 
0.668122 0.520787 112558 1 -0.798438 0.683654 645 1 1737 -0.0688511 -0.00771973 -0.0243136 0.926436 4.35927 117.176 
0.6481 0.902725 112639 1 -0.798438 0.683654 646 1 1739 -0.0658334 -0.00556557 -0.0255554 1.05066 4.3477 117.348 
0.938551 2.35919 112719 1 -0.798438 0.683654 647 0 1741 -0.0640237 -0.011872 -0.0264353 1.06612 4.32248 117.453 
-2.38864 2.46418 112758 1 -0.798438 0.683654 648 0 1742 -0.0628375 -0.0120323 -0.0275867 1.08986 4.32314 117.428 
0.4993 0.720926 112839 1 -0.798438 0.683654 649 1 1744 -0.059069 -0.0154071 -0.0215147 1.06917 4.21236 116.573 
0.466893 0.622751 112919 1 -0.798438 0.683654 650 1 1746 -0.0560078 -0.0225844 -0.0213471 1.01336 4.20846 115.76 
0.435747 0.590535 112959 1 -0.798438 0.683654 651 1 1747 -0.0549384 -0.0296874 -0.0245202 0.940954 4.23386 115.301 
0.321109 0.424787 113039 1 -0.798438 0.683654 652 1 1749 -0.0571759 -0.0453625 -0.0382972 0.783985 4.35239 114.524 
0.556569 0.23917 113120 1 -0.798438 0.683654 653 1 1751 -0.0578062 -0.0367991 -0.0436868 0.856898 4.35579 114.074 
0.693527 0.150255 113199 1 -0.798438 0.683654 654 1 1753 -0.0590004 -0.0261509 -0.04479 0.946365 4.32536 114.289 
0.718735 0.213228 113280 1 -0.798438 0.683654 655 1 1755 -0.05708 -0.0205795 -0.0406938 0.977419 4.24771 114.784 
0.762149 0.207795 113320 1 -0.798438 0.683654 656 1 1756 -0.0576014 -0.0157733 -0.0408079 1.0254 4.24483 115.066 
0.819083 0.15947 113400 1 -0.798438 0.683654 657 1 1758 -0.0589498 -0.0144537 -0.0455571 1.02709 4.29408 115.504 
0.710158 0.0726107 113481 1 -0.798438 0.683654 658 1 1760 -0.0590035 -0.00506329 -0.0444075 1.13962 4.24109 116.265 
0.653034 0.0884219 113522 1 -0.798438 0.683654 659 1 1761 -0.0604233 -0.00177887 -0.0424223 1.18127 4.20106 116.559 
0.656586 0.148324 113600 1 -0.798438 0.683654 660 1 1763 -0.0634302 -0.000911305 -0.0450103 1.20205 4.19966 116.879 
0.656499 0.148155 113641 1 -0.798438 0.683654 661 1 1764 -0.063522 -0.000968188 -0.0450394 1.20267 4.19934 116.886 
0.620323 0.123973 113720 1 -0.798438 0.683654 662 1 1766 -0.0632335 -0.00371556 -0.0443602 1.20315 4.19671 117.015 
0.577437 0.077647 113804 1 -0.798438 0.683654 663 1 1768 -0.0597573 -0.0111781 -0.0427331 1.12409 4.21618 117.19 
0.568287 0.131332 113880 1 -0.798438 0.683654 664 1 1770 -0.0588985 -0.00449381 -0.0406112 1.16217 4.21469 117.137 
0.517945 0.150341 113961 1 -0.798438 0.683654 665 1 1772 -0.0589635 -0.0029131 -0.0374422 1.18154 4.17706 116.993 
0.256419 0.173684 114001 1 -0.798438 0.683654 666 1 1773 -0.0575504 -0.00127695 -0.0363244 1.22325 4.16444 116.938 
0.236567 0.110506 114081 1 -0.798438 0.683654 667 1 1775 -0.0539883 -0.00260048 -0.0386479 1.24054 4.20696 116.755 
0.205682 0.0408777 114162 1 -0.798438 0.683654 668 1 1777 -0.0557616 -0.00148366 -0.0395002 1.27595 4.25316 116.832 
0.193265 0.0614383 114202 1 -0.798438 0.683654 669 1 1778 -0.0547042 -0.00221121 -0.0400224 1.25849 4.27364 116.727 
0.191203 0.0240489 114281 1 -0.798958 0.683654 670 1 1780 -0.056298 -0.000663919 -0.0394333 1.26415 4.28177 116.732 
0.581075 0.129201 114362 1 -0.798958 0.683654 671 1 1782 -0.0579422 -0.00225462 -0.0390425 1.24465 4.29637 116.732 
0.560333 0.0988281 114442 1 -0.79375 0.688462 672 1 1784 -0.0582691 -0.00864064 -0.0385932 1.16113 4.32782 116.66 
0.60429 0.0576737 114523 1 -0.768229 0.688462 673 1 1786 -0.0601577 -0.00451423 -0.037008 1.22143 4.32775 116.909 
0.621901 0.0768484 114603 1 -0.716146 0.693269 674 1 1788 -0.0602913 -0.00277186 -0.0346975 1.25584 4.3061 116.922 
0.629119 0.0631298 114686 1 -0.539063 0.751923 675 1 1790 -0.0597598 -0.00495015 -0.0351281 1.2646 4.3146 116.917 
0.631669 0.0552219 114723 1 -0.254167 0.793269 676 1 1791 -0.0590289 -0.00401004 -0.0342902 1.30371 4.31724 117.002 
0.724757 0.428701 114802 1 -0.0598958 0.733654 677 1 1793 -0.0587914 -0.00795678 -0.0352103 1.28139 4.3484 117.043 
0.720695 0.401052 114843 1 0.103646 0.517308 678 1 1794 -0.0588835 -0.00787438 -0.0348934 1.27969 4.35373 117.009 
0.726411 0.409234 114883 1 0.210417 0.221154 679 1 1795 -0.0594044 -0.00508365 -0.0358693 1.31562 4.37905 117.149 
0.827931 0.395811 115003 1 0.239063 0 680 1 1798 -0.0597896 -0.00429574 -0.0348902 1.30812 4.37674 117.031 
0.81197 0.372587 115042 1 0.252083 0 681 1 1799 -0.0599634 -0.00512769 -0.0353869 1.28882 4.38329 116.955 
0.80598 0.349972 115123 1 0.250521 0 682 1 1801 -0.0604358 -0.00658378 -0.0344738 1.25559 4.39475 116.92 
0.821492 0.325873 115204 1 0.265625 0 683 1 1803 -0.0608641 -0.00613581 -0.0353268 1.24886 4.41344 116.905 
0.821492 0.325873 115204 1 0.313542 0.0115385 684 1 1803 -0.0608641 -0.00613581 -0.0353268 1.24886 4.41344 116.905 
0.821492 0.325873 115204 1 0.323958 0.0336538 685 1 1803 -0.0608641 -0.00613581 -0.0353268 1.24886 4.41344 116.905 
0.891443 0.164231 115403 1 0.339583 0.0365385 686 1 1808 -0.0623359 -0.0132441 -0.0324123 1.21809 4.41286 117.02 
0.884244 0.123863 115443 1 0.385417 0.0384615 687 1 1809 -0.0608548 -0.0105482 -0.0318187 1.25049 4.39491 117.039 
0.60993 0.0262305 115564 1 0.419792 0.0451923 688 1 1812 -0.0601208 -0.00548714 -0.0319963 1.2988 4.36733 117.015 
0.605605 0.0226928 115605 1 0.447917 0.0480769 689 1 1813 -0.0616601 -0.00542648 -0.0324106 1.29689 4.3723 117.06 
0.514485 0.017801 115685 1 0.484375 0.0480769 690 1 1815 -0.0619039 -0.00375533 -0.0321062 1.31057 4.37249 117.103 
0.288206 0.0394224 115764 1 0.501042 0.05 691 1 1817 -0.0612407 -0.00321838 -0.0319888 1.3141 4.36614 117.056 
0.288206 0.0394224 115804 1 0.504687 0.0509615 692 1 1818 -0.0612407 -0.00321838 -0.0319888 1.3141 4.36614 117.056 
0.263309 0.0181735 115884 1 0.504687 0.0509615 693 1 1820 -0.0623051 -0.00358676 -0.0302641 1.29739 4.3558 116.952 
0.231798 0.0131265 115965 1 0.504687 0.0509615 694 1 1822 -0.0630994 -0.000921441 -0.0307072 1.3049 4.3597 116.923 
0.244048 0.176698 116045 1 0.466146 0.0509615 695 1 1824 -0.0627231 -0.00148491 -0.0306713 1.29284 4.35975 116.952 
0.226899 0.20709 116165 1 0.294271 0.0471154 696 1 1827 -0.0614031 -0.00238105 -0.0322813 1.25904 4.36767 116.952 
0.206281 0.227867 116248 1 0.155208 0.0298077 697 1 1829 -0.0615802 0.000703055 -0.0302613 1.25026 4.34584 117.083 
0.535749 0.305293 116326 1 0.134896 0.0221154 698 1 1831 -0.0628692 0.000781948 -0.0295621 1.21129 4.34409 117.095 
0.515957 0.297618 116406 1 0.121875 0.0221154 699 1 1833 -0.0642654 0.00130594 -0.0285963 1.20745 4.33658 117.066 
0.584323 0.315606 116487 1 0.107813 0.0221154 700 1 1835 -0.0625441 -0.000407243 -0.028921 1.20224 4.35211 117.096 
0.711208 0.357938 116565 1 0.109375 0.0201923 701 1 1837 -0.0618737 -0.000671742 -0.0270543 1.20862 4.34307 117.109 
0.735718 0.393748 116646 1 0.114583 0.0192308 702 1 1839 -0.0626147 0.00203862 -0.0232348 1.25154 4.31299 117.172 
0.736616 0.396181 116686 1 0.115104 0.0192308 703 1 1840 -0.0624121 0.00346481 -0.023642 1.28527 4.32441 117.254 
0.719326 0.418898 116766 1 0.116667 0.0182692 704 1 1842 -0.0610589 -0.00113028 -0.0228369 1.26536 4.32078 117.244 
0.480193 0.445076 116847 1 0.11875 0.0182692 705 1 1844 -0.0606714 0.00336539 -0.0196749 1.32858 4.29592 117.404 
0.457625 0.431115 116886 1 0.120313 0.0182692 706 1 1845 -0.0612231 0.00458172 -0.0194715 1.32735 4.29733 117.38 
0.538735 0.431078 116967 1 0.120313 0.0182692 707 1 1847 -0.0622613 0.00634726 -0.0201283 1.31833 4.30548 117.416 
0.690778 0.401884 117047 1 0.120313 0.0182692 708 1 1849 -0.0639322 0.0060294 -0.0204571 1.27477 4.315 117.324 
0.717615 0.434667 117146 1 0.122396 0.0269231 709 1 1851 -0.064497 0.00565603 -0.0190883 1.25509 4.30447 117.375 
0.765586 0.26724 117250 1 0.158333 0.166346 710 1 1854 -0.065805 0.00130534 -0.0278953 1.17835 4.40371 116.898 
0.722753 0.310611 117327 1 0.179688 0.281731 711 1 1856 -0.0662899 0.00137936 -0.0250848 1.16167 4.36912 117.14 
0.731626 0.353765 117408 1 0.182812 0.303846 712 1 1858 -0.0652802 0.00455675 -0.0233328 1.20731 4.3513 117.279 
0.419038 0.393325 117488 1 0.194271 0.304808 713 1 1860 -0.0642225 0.00497869 -0.0212206 1.25205 4.33552 117.415 
4.62489 6.97699 117568 1 0.239063 0.304808 714 0 1862 -0.0637367 0.00407086 -0.0211862 1.25333 4.34461 117.503 
4.28821 6.62191 117608 1 0.270833 0.304808 715 0 1863 -0.0630706 0.00353324 -0.0206818 1.26303 4.34456 117.545 
0.14974 0.841515 117687 1 0.285417 0.304808 716 1 1865 -0.0623577 0.00904297 -0.0211723 1.33815 4.34365 117.412 
0.183039 0.543411 117728 1 0.286979 0.304808 717 1 1866 -0.0624492 0.00668297 -0.0220033 1.31706 4.36305 117.384 
0.175954 0.268651 117848 1 0.288021 0.318269 718 1 1869 -0.0598385 -0.000976322 -0.0241919 1.2758 4.42134 117.275 
0.195741 0.237549 117889 1 0.290104 0.331731 719 1 1870 -0.0587848 -0.00134593 -0.024236 1.29395 4.43037 117.32 
0.295079 0.214472 117969 1 0.290625 0.332692 720 1 1872 -0.0571174 -0.000224505 -0.0241754 1.33477 4.432 117.349 
