ImageFile:
1.96751 -0.00061358 59259 1 0.223438 0.192308 1 0 683 0.0802638 -0.00374424 0.0248614 0.843037 -0.839707 92.4216 
0.70349 0.612837 59299 1 0.500521 0.193269 2 0 684 0.0801934 -0.00247319 0.0235468 0.851321 -0.833145 92.4051 
-0.706452 -0.707678 59460 1 0.668229 0.193269 3 0 688 0.0798225 -0.0056398 0.0138388 0.830666 -0.75912 92.3972 
-0.687412 -0.60439 59501 1 0.678125 0.197115 4 0 689 0.0789355 -0.00781877 0.0228027 0.815535 -0.819604 92.3916 
-0.362387 -0.185227 59580 1 0.675521 0.204808 5 0 691 0.0784665 -0.00659297 0.0227525 0.815056 -0.801161 92.3838 
-0.34263 -0.205767 59620 1 0.678646 0.218269 6 0 692 0.0792008 -0.00531876 0.0207658 0.821355 -0.78775 92.367 
-0.34263 -0.205767 59620 1 0.711979 0.220192 7 0 692 0.0792008 -0.00531876 0.0207658 0.821355 -0.78775 92.367 
-0.54905 1.13204 59780 1 0.768229 0.200962 8 0 696 0.0821187 0.00371709 0.00893707 0.887022 -0.690965 92.4462 
-0.202185 0.101191 59862 1 0.796875 0.182692 9 0 698 0.0813199 0.00434437 0.00615795 0.888849 -0.662694 92.5209 
0.662595 -0.277953 59941 1 0.825 0.179808 10 0 700 0.0764709 -0.00233645 0.00690771 0.837429 -0.6852 92.4188 
0.662595 -0.277953 59941 1 0.835938 0.178846 11 0 700 0.0764709 -0.00233645 0.00690771 0.837429 -0.6852 92.4188 
0.662595 -0.277953 59941 1 0.844792 0.178846 12 0 700 0.0764709 -0.00233645 0.00690771 0.837429 -0.6852 92.4188 
0.745161 -0.662741 60142 1 0.872396 0.176923 13 0 705 0.0772488 -0.00209374 0.0140304 0.84086 -0.740152 92.4543 
0.722935 -0.733022 60182 1 0.872917 0.173077 14 0 706 0.0776506 -0.00398316 0.0198147 0.824046 -0.788269 92.4203 
0.727743 -0.85439 60262 1 0.870313 0.164423 15 0 708 0.0776704 -0.00217939 0.0217414 0.834602 -0.807831 92.4366 
0.875732 -0.968807 60301 1 0.870313 0.159615 16 0 709 0.0785977 -0.00277752 0.0196361 0.834888 -0.794225 92.4227 
0.875732 -0.968807 60301 1 0.870313 0.159615 17 0 709 0.0785977 -0.00277752 0.0196361 0.834888 -0.794225 92.4227 
0.873667 -1.19207 60462 1 0.870313 0.159615 18 0 713 0.0780378 -0.000229807 0.0197698 0.840382 -0.811535 92.4885 
0.816546 -1.1351 60542 1 0.870313 0.159615 19 0 715 0.0782858 0.00121833 0.018548 0.853377 -0.809174 92.4786 
0.796253 -1.11825 60622 1 0.870313 0.159615 20 0 717 0.0782914 -0.00154221 0.024345 0.847114 -0.848896 92.4073 
0.796253 -1.11825 60622 1 0.769792 0.273077 21 0 717 0.0782914 -0.00154221 0.024345 0.847114 -0.848896 92.4073 
0.819268 -1.07647 60662 1 0.489583 0.513462 22 0 718 0.0783805 -0.00567388 0.0247539 0.818474 -0.846651 92.4574 
0.81045 -1.11176 60822 1 0.455208 0.522115 23 0 722 0.0772917 0.00236619 0.0311521 0.883249 -0.879586 92.6284 
0.799001 -0.940294 60903 1 0.455208 0.522115 24 0 724 0.0762921 -0.00338049 0.0267424 0.835602 -0.858691 92.6212 
0.867364 -0.0980194 60942 1 0.455208 0.522115 25 1 725 0.0771136 -0.00169846 0.0277199 0.848463 -0.863017 92.6179 
0.867364 -0.0980194 60942 1 0.455208 0.522115 26 1 725 0.0771136 -0.00169846 0.0277199 0.848463 -0.863017 92.6179 
0.33388 0.224845 61104 1 0.448437 0.521154 27 1 729 0.0764603 -0.00216441 0.0109797 0.855309 -0.722684 92.7649 
0.351079 -0.0258494 61153 1 0.441667 0.519231 28 1 730 0.0764361 -0.00542929 0.0153172 0.835324 -0.75935 92.7485 
0.338369 -0.106295 61264 1 0.441667 0.519231 29 1 733 0.0787244 -0.00738672 0.0176563 0.817235 -0.78568 92.6288 
0.325044 -0.0966851 61344 1 0.420312 0.541346 30 1 735 0.0803871 -0.00208083 0.0267455 0.861045 -0.834562 92.4304 
0.341694 -0.0837929 61384 1 0.416146 0.547115 31 1 736 0.0808805 -0.00145625 0.0225863 0.85418 -0.801936 92.4145 
-1.12983 2.03324 61463 1 0.415625 0.548077 32 0 738 0.0818041 0.000897636 0.0175375 0.877893 -0.740618 92.3666 
-0.0566434 0.688245 61544 1 0.415625 0.548077 33 0 740 0.0817674 0.000431975 0.0140018 0.872028 -0.702349 92.5324 
0.329501 0.228148 61584 1 0.415625 0.548077 34 1 741 0.0785259 -0.000566867 0.0145958 0.872153 -0.734619 92.5238 
0.253101 -0.0625097 61664 1 0.413542 0.549038 35 1 743 0.0789849 -0.00345365 0.0241202 0.858042 -0.821278 92.4877 
0.242854 -0.108625 61705 1 0.413021 0.549038 36 1 744 0.0788082 -0.00449374 0.0252796 0.849677 -0.831815 92.4486 
0.260109 -0.59531 61784 1 0.413021 0.549038 37 0 746 0.0803959 -0.00751533 0.0245478 0.821491 -0.821819 92.3981 
0.176691 -1.1051 61864 1 0.413021 0.549038 38 0 748 0.0795773 -0.00149304 0.0308993 0.8621 -0.866148 92.4405 
0.138415 -1.26182 61904 1 0.413021 0.549038 39 0 749 0.0808417 -0.00570894 0.029323 0.826038 -0.85302 92.4072 
0.134745 -1.29019 61984 1 0.413021 0.549038 40 0 751 0.0824541 -0.0039285 0.0381408 0.837904 -0.931735 92.462 
0.279051 -0.494686 62064 1 0.413021 0.549038 41 0 753 0.0801318 -0.00514098 0.0222803 0.831628 -0.804178 92.4002 
-2.41195 1.89791 62145 1 0.408854 0.552885 42 0 755 0.0830254 -0.00206917 0.0164239 0.854635 -0.736436 92.4605 
-2.41195 1.89791 62145 1 0.364583 0.595192 43 0 755 0.0830254 -0.00206917 0.0164239 0.854635 -0.736436 92.4605 
-2.41195 1.89791 62145 1 0.223958 0.717308 44 0 755 0.0830254 -0.00206917 0.0164239 0.854635 -0.736436 92.4605 
0.30772 -0.866156 62305 1 0.1875 0.739423 45 0 759 0.0796041 -0.0063199 0.0194491 0.825442 -0.778997 92.4505 
0.261743 -1.14483 62385 1 0.189583 0.730769 46 0 761 0.0798604 -0.00696302 0.0228578 0.811552 -0.80493 92.4292 
0.243638 -1.2671 62465 1 0.208854 0.676923 47 0 763 0.0800305 -0.0035091 0.0244648 0.842793 -0.810507 92.4605 
0.243638 -1.2671 62465 1 0.208333 0.680769 48 0 763 0.0800305 -0.0035091 0.0244648 0.842793 -0.810507 92.4605 
0.239951 -1.27011 62505 1 0.173958 0.746154 49 0 764 0.0801982 -0.00528486 0.0220768 0.824956 -0.793987 92.4574 
-0.300284 1.03955 62667 1 0.153125 0.772115 50 0 768 0.0821762 -0.000800635 0.0119771 0.864233 -0.696895 92.47 
-0.0508241 0.536855 62706 1 0.139063 0.778846 51 1 769 0.0802088 -0.00738142 0.0073958 0.801009 -0.674656 92.4229 
-0.0539881 0.126182 62786 1 0.140625 0.748077 52 1 771 0.0782912 -0.00520749 0.0132973 0.82561 -0.731326 92.3944 
-0.0539881 0.126182 62786 1 0.147396 0.741346 53 1 771 0.0782912 -0.00520749 0.0132973 0.82561 -0.731326 92.3944 
-0.130473 0.2224 62906 1 0.159375 0.742308 54 1 774 0.0785499 -0.00985226 0.0186158 0.797714 -0.779649 92.3279 
-0.222806 0.296278 62986 1 0.173437 0.75 55 0 776 0.0790486 -0.00687718 0.0233549 0.809115 -0.806319 92.3424 
-0.233516 0.314269 63066 1 0.165104 0.768269 56 0 778 0.0792332 -0.00574758 0.0248191 0.812833 -0.815997 92.3781 
-0.228613 0.307528 63106 1 0.157812 0.781731 57 0 779 0.0795954 -0.00503794 0.0249096 0.814373 -0.813581 92.3917 
-0.22229 0.337425 63187 1 0.15625 0.777885 58 0 781 0.0796171 -0.00710325 0.0247646 0.810215 -0.829992 92.3677 
-0.245753 0.333195 63267 1 0.127083 0.760577 59 0 783 0.0801161 -0.00990085 0.0226011 0.795812 -0.81869 92.4009 
-0.2584 0.33 63307 1 0.0901042 0.758654 60 0 784 0.0802481 -0.0118891 0.0195877 0.77904 -0.799159 92.3718 
-0.267885 0.340897 63348 1 0.0802083 0.746154 61 0 785 0.0806197 -0.0136947 0.0194935 0.76774 -0.801682 92.3549 
-0.267885 0.340897 63348 1 0.0723958 0.711538 62 0 785 0.0806197 -0.0136947 0.0194935 0.76774 -0.801682 92.3549 
-0.350393 0.347985 63508 1 0.078125 0.691346 63 0 789 0.0805418 -0.0154143 0.0171846 0.767003 -0.790052 92.352 
-0.373666 0.362133 63588 1 0.096875 0.668269 64 0 791 0.0812539 -0.0151829 0.0178155 0.772024 -0.794085 92.3534 
-0.383799 0.193898 63668 1 0.114583 0.653846 65 0 793 0.0814878 -0.012953 0.0171817 0.781438 -0.78901 92.3909 
-0.383799 0.193898 63668 1 0.120313 0.648077 66 0 793 0.0814878 -0.012953 0.0171817 0.781438 -0.78901 92.3909 
-0.383799 0.193898 63668 1 0.165625 0.6375 67 0 793 0.0814878 -0.012953 0.0171817 0.781438 -0.78901 92.3909 
-0.757615 1.46041 63868 1 0.168229 0.635577 68 0 798 0.0809907 -0.0133959 0.023497 0.777706 -0.846878 92.3133 
1.03318 0.712142 63908 1 0.168229 0.633654 69 0 799 0.082091 -0.00761359 0.0150332 0.835974 -0.749017 92.4977 
-0.186775 0.123606 63988 1 0.148958 0.619231 70 1 801 0.0801959 -0.011819 0.0115255 0.780259 -0.746723 92.3839 
-0.186775 0.123606 63988 1 0.05 0.620192 71 1 801 0.0801959 -0.011819 0.0115255 0.780259 -0.746723 92.3839 
-0.192756 0.0903287 64028 1 0 0.621154 72 1 802 0.0808255 -0.0112059 0.0139199 0.785356 -0.766291 92.3672 
-0.243752 0.0875971 64189 1 0 0.668269 73 0 806 0.0801718 -0.00881267 0.0219423 0.788879 -0.812216 92.313 
-1.49243 2.3357 64269 1 0.00208333 0.679808 74 0 808 0.0805911 -0.00686973 0.0214966 0.796709 -0.802455 92.3164 
-1.70428 2.43728 64309 1 0.00208333 0.679808 75 0 809 0.0809561 0.00282637 0.012755 0.883763 -0.709009 92.4046 
-0.151372 0.717578 64389 1 0.00208333 0.679808 76 0 811 0.078017 -0.00413502 0.0151948 0.819648 -0.747069 92.3766 
-0.346363 0.171334 64469 1 0.00208333 0.679808 77 0 813 0.0786848 -0.00354691 0.0121607 0.821079 -0.73577 92.3798 
-0.405279 0.109698 64509 1 0.000520833 0.675962 78 0 814 0.0780307 -0.00347706 0.0150621 0.82073 -0.759291 92.3757 
-0.410215 0.112793 64589 1 0 0.674038 79 0 816 0.078529 -0.00515529 0.0199316 0.816576 -0.792631 92.4208 
-0.511575 0.111411 64629 1 0 0.675962 80 0 817 0.0779222 -0.00403799 0.0213284 0.8253 -0.805326 92.3745 
-0.511575 0.111411 64629 1 0 0.7 81 0 817 0.0779222 -0.00403799 0.0213284 0.8253 -0.805326 92.3745 
-0.577013 0.0782101 64790 1 0 0.75 82 0 821 0.0789234 -0.00540565 0.0201568 0.81295 -0.795319 92.4251 
-0.582114 0.0917189 64871 1 0 0.783654 83 0 823 0.0796301 -0.00425686 0.0235474 0.816517 -0.81496 92.403 
-0.602159 0.102323 64910 1 0.000520833 0.818269 84 0 824 0.0803394 -0.00523999 0.022685 0.801737 -0.80908 92.3933 
-0.565465 0.157179 64950 1 0.0114583 0.846154 85 0 825 0.0799638 -0.00672914 0.0191995 0.783371 -0.788393 92.3716 
-0.565465 0.157179 64950 1 0.0229167 0.858654 86 0 825 0.0799638 -0.00672914 0.0191995 0.783371 -0.788393 92.3716 
-0.369862 0.369334 65111 1 0.0260417 0.858654 87 0 829 0.0801547 -0.00658442 0.0122366 0.78703 -0.746094 92.3752 
-0.369494 0.388863 65191 1 0.03125 0.860577 88 0 831 0.0798497 -0.00640176 0.0172059 0.782313 -0.779518 92.3967 
-0.372392 0.404457 65271 1 0.0359375 0.875962 89 0 833 0.0793516 -0.00688717 0.0189309 0.783614 -0.788851 92.3882 
-0.372392 0.404457 65271 1 0.0291667 0.919231 90 0 833 0.0793516 -0.00688717 0.0189309 0.783614 -0.788851 92.3882 
-0.391076 0.38332 65311 1 0.0286458 0.953846 91 0 834 0.0790416 -0.00847693 0.0173419 0.771806 -0.774934 92.3836 
-0.380488 0.384584 65471 1 0.0291667 0.960577 92 0 838 0.0792115 -0.0112586 0.01989 0.769925 -0.803503 92.3423 
-0.385153 0.387502 65551 1 0.0333333 0.9625 93 0 840 0.0798487 -0.0108421 0.0201793 0.773624 -0.800846 92.3811 
-0.372992 0.387205 65591 1 0.0364583 0.964423 94 0 841 0.0801469 -0.0107294 0.0203759 0.776466 -0.805615 92.3979 
-0.372992 0.387205 65591 1 0.0375 0.968269 95 0 841 0.0801469 -0.0107294 0.0203759 0.776466 -0.805615 92.3979 
-0.404165 0.380738 65752 1 0.0385417 0.968269 96 0 845 0.0798725 -0.0084192 0.0181234 0.784948 -0.790299 92.3606 
-0.383274 0.382791 65792 1 0.040625 0.971154 97 0 846 0.0800862 -0.00722313 0.0186924 0.795738 -0.79282 92.3701 
-0.405485 0.382356 65872 1 0.0427083 0.974038 98 0 848 0.079542 -0.0109795 0.0133761 0.76876 -0.760135 92.3096 
-0.365672 0.360581 65912 1 0.0427083 0.975 99 0 849 0.0801119 -0.00374479 0.0126518 0.82302 -0.74614 92.3006 
-0.365672 0.360581 65912 1 0.0427083 0.975 100 0 849 0.0801119 -0.00374479 0.0126518 0.82302 -0.74614 92.3006 
-0.358346 0.359753 66073 1 0.04375 0.975962 101 0 853 0.079659 -0.00561625 0.0145008 0.796563 -0.756626 92.3901 
-0.355539 0.39068 66154 1 0.0463542 0.975962 102 0 855 0.0800984 -0.00758543 0.0165308 0.777578 -0.776299 92.3229 
-0.33654 0.395201 66232 1 0.0510417 0.976923 103 0 857 0.0797655 -0.000973021 0.015461 0.818915 -0.754164 92.3059 
-0.33654 0.395201 66232 1 0.059375 0.976923 104 0 857 0.0797655 -0.000973021 0.015461 0.818915 -0.754164 92.3059 
-0.343928 0.400504 66273 1 0.0619792 0.975 105 0 858 0.0790658 -0.00188811 0.0146445 0.806016 -0.741174 92.326 
-0.380031 0.431235 66433 1 0.0619792 0.975 106 0 862 0.0796396 -0.00747127 0.0176027 0.760837 -0.767892 92.318 
-0.381813 0.420727 66473 1 0.0619792 0.975 107 0 863 0.07952 -0.00864923 0.0163869 0.75178 -0.757886 92.3463 
-0.366282 0.400102 66554 1 0.0619792 0.975 108 0 865 0.0798085 -0.00636457 0.0154877 0.774863 -0.744039 92.3694 
-0.366282 0.400102 66554 1 0.0619792 0.975 109 0 865 0.0798085 -0.00636457 0.0154877 0.774863 -0.744039 92.3694 
-0.362701 0.410482 66674 1 0.0619792 0.975 110 0 868 0.0795659 -0.00733073 0.0160932 0.763017 -0.741753 92.3562 
-0.346202 0.439455 66754 1 0.0619792 0.975 111 0 870 0.0797631 -0.00836346 0.0194984 0.752482 -0.769066 92.2861 
-0.348285 0.431456 66834 1 0.0619792 0.975 112 0 872 0.0792373 -0.00736986 0.0172327 0.757929 -0.747599 92.3094 
-0.216906 0.999103 66874 1 0.0619792 0.975 113 0 873 0.0804023 -0.00365375 0.0236763 0.79882 -0.811236 92.2435 
-0.216906 0.999103 66874 1 0.0619792 0.975 114 0 873 0.0804023 -0.00365375 0.0236763 0.79882 -0.811236 92.2435 
-0.152002 1.01904 67034 1 0.0619792 0.975 115 0 877 0.0794155 0.00721354 0.0119346 0.891111 -0.686785 92.425 
0.0663572 0.736045 67074 1 0.0619792 0.975 116 0 878 0.0789945 0.00734821 0.00829339 0.888898 -0.659913 92.4703 
-0.0575198 0.602736 67155 1 0.0619792 0.975 117 1 880 0.0775409 0.00553427 0.0122135 0.872312 -0.698266 92.4641 
-0.0715623 0.56727 67194 1 0.0619792 0.975 118 1 881 0.0789889 0.00769538 0.0131989 0.892016 -0.707003 92.4768 
-0.0715623 0.56727 67194 1 0.0619792 0.975 119 1 881 0.0789889 0.00769538 0.0131989 0.892016 -0.707003 92.4768 
-0.0997786 0.539945 67354 1 0.0619792 0.975 120 1 885 0.077686 0.011177 0.0177133 0.927343 -0.731741 92.4702 
-0.179798 0.553937 67435 1 0.0619792 0.975 121 1 887 0.0771931 -0.00188756 0.0186164 0.814777 -0.745932 92.3877 
-0.17071 0.552394 67475 1 0.0625 0.974038 122 1 888 0.0784405 -0.000931019 0.0199513 0.824901 -0.762599 92.3943 
-0.184755 0.594236 67555 1 0.0708333 0.965385 123 1 890 0.0785778 -0.00552334 0.0214809 0.787652 -0.782552 92.3874 
-0.192843 0.562895 67635 1 0.0994792 0.940385 124 1 892 0.0795091 -0.00488241 0.0175645 0.78719 -0.752814 92.3896 
-0.198378 1.00779 67675 1 0.181771 0.874038 125 1 893 0.0807496 -0.00960984 0.0268757 0.753222 -0.835642 92.3434 
-1.17767 2.01662 67756 1 0.308333 0.772115 126 0 895 0.0818997 0.00523034 0.0215506 0.880814 -0.75604 92.4347 
0.368932 -0.251052 67836 1 0.454688 0.633654 127 0 897 0.0796351 -0.00446709 0.00624019 0.791575 -0.650003 92.5453 
0.315116 -0.671513 67876 1 0.595313 0.525962 128 0 898 0.0803055 -0.00783303 0.0244184 0.767867 -0.798736 92.4941 
0.222316 -1.2321 67955 1 0.614583 0.484615 129 0 900 0.0798623 -0.00621393 0.0178084 0.775327 -0.742502 92.544 
0.211614 -1.29026 67997 1 0.613021 0.476923 130 0 901 0.0800635 -0.00550759 0.0159134 0.779632 -0.738521 92.514 
0.147292 -0.551613 68076 1 0.613021 0.476923 131 0 903 0.0820524 -0.00729821 0.0275375 0.770078 -0.857151 92.5353 
0.147292 -0.551613 68076 1 0.613021 0.476923 132 0 903 0.0820524 -0.00729821 0.0275375 0.770078 -0.857151 92.5353 
0.147292 -0.551613 68076 1 0.613021 0.476923 133 0 903 0.0820524 -0.00729821 0.0275375 0.770078 -0.857151 92.5353 
0.233008 -1.05207 68276 1 0.604167 0.493269 134 0 908 0.0819356 -0.00641966 0.0233227 0.759837 -0.849351 92.6377 
-2.23675 1.59271 68357 1 0.602083 0.503846 135 0 910 0.0816935 0.00885094 0.00982957 0.880023 -0.712314 92.5611 
-0.48798 0.352005 68396 1 0.607812 0.491346 136 0 911 0.0807644 0.01079 0.00181794 0.889745 -0.635469 92.6298 
0.41762 -0.339267 68437 1 0.659896 0.403846 137 0 912 0.0785644 -0.00106122 0.00096578 0.794014 -0.646072 92.5459 
0.257945 -1.22418 68557 1 0.810937 0.317308 138 0 915 0.0782934 -0.00229118 0.0131119 0.771754 -0.737325 92.5658 
0.211128 -1.39819 68637 1 0.917188 0.3125 139 0 917 0.0782425 -0.00434257 0.0131532 0.750262 -0.743674 92.6295 
0.20341 -0.577271 68677 1 0.913542 0.348077 140 0 918 0.0793039 -0.00203456 0.0160313 0.767372 -0.760654 92.6973 
0.213591 -0.678421 68757 1 0.818229 0.4375 141 0 920 0.0797642 0.00394089 0.026552 0.815773 -0.820178 92.6346 
0.213591 -0.678421 68757 1 0.697917 0.447115 142 0 920 0.0797642 0.00394089 0.026552 0.815773 -0.820178 92.6346 
0.191301 -0.245081 68878 1 0.644271 0.361538 143 0 923 0.0809297 0.00350884 0.0155145 0.817222 -0.716669 92.8296 
0.17398 -0.749707 68958 1 0.642708 0.3375 144 0 925 0.0799196 -0.000802469 0.0243092 0.799144 -0.80151 92.72 
0.250462 -0.110112 69039 1 0.674479 0.300962 145 1 927 0.0784634 0.00187346 0.00825499 0.829348 -0.673144 92.7453 
0.204877 -0.249045 69079 1 0.798958 0.275 146 0 928 0.0788594 -0.004156 0.0146546 0.780705 -0.735516 92.7431 
0.204877 -0.249045 69079 1 0.898958 0.25 147 0 928 0.0788594 -0.004156 0.0146546 0.780705 -0.735516 92.7431 
0.197162 -0.302291 69238 1 0.929167 0.235577 148 0 932 0.0776787 -0.00676534 0.0175565 0.751761 -0.754902 92.7834 
0.241443 -0.156875 69319 1 0.858333 0.299038 149 1 934 0.0792894 0.00129191 0.00994921 0.818893 -0.712543 92.8046 
0.312743 -0.426429 69359 1 0.8 0.325 150 0 935 0.0794043 -0.00324918 0.0179903 0.785482 -0.790143 92.6127 
0.374103 0.457153 69439 1 0.764583 0.329808 151 1 937 0.0774118 -0.00493134 0.0170325 0.756801 -0.77716 92.6611 
0.353129 0.457868 69520 1 0.757813 0.341346 152 1 939 0.0786289 -0.00746113 0.0129614 0.716125 -0.755354 92.6369 
0.364131 0.438844 69559 1 0.757813 0.341346 153 1 940 0.0789191 -0.00751019 0.0151656 0.707066 -0.782462 92.6868 
0.384983 0.418001 69639 1 0.757813 0.341346 154 1 942 0.0799783 -0.00424131 0.0133703 0.739668 -0.769512 92.7165 
0.383183 0.448726 69720 1 0.761458 0.341346 155 1 944 0.0788633 -0.00394623 0.0167577 0.739554 -0.776539 92.7328 
0.385728 0.442932 69759 1 0.741667 0.326923 156 1 945 0.0796628 -0.00161149 0.0156266 0.757645 -0.774284 92.6713 
0.391973 0.433172 69840 1 0.609375 0.299038 157 1 947 0.0808742 -0.00124967 0.012392 0.761447 -0.754973 92.5978 
0.364173 0.425344 69921 1 0.4125 0.286538 158 1 949 0.0810196 -0.0055287 0.0117848 0.740817 -0.749841 92.5702 
0.366613 0.413747 69960 1 0.34375 0.343269 159 1 950 0.080788 -0.00400743 0.0104009 0.755454 -0.741088 92.5713 
0.413117 0.393316 70040 1 0.319271 0.450962 160 1 952 0.0814146 -0.00315501 0.010372 0.77012 -0.748771 92.5095 
0.41327 0.393873 70120 1 0.341146 0.510577 161 1 954 0.0816071 -0.00189207 0.0110434 0.783682 -0.746892 92.5381 
0.406722 0.418769 70160 1 0.413021 0.520192 162 1 955 0.0815535 -0.00132542 0.0155516 0.78269 -0.773378 92.53 
0.40154 0.429436 70240 1 0.553646 0.463462 163 1 957 0.0805549 0.00180604 0.0154257 0.815083 -0.768517 92.6012 
0.406907 0.4137 70320 1 0.698958 0.366346 164 1 959 0.0812607 0.00396779 0.0133625 0.843022 -0.7536 92.5994 
0.3967 0.428454 70361 1 0.822396 0.300962 165 1 960 0.0810401 -0.001084 0.0169865 0.808112 -0.776973 92.5603 
0.391503 0.432997 70441 1 0.936979 0.242308 166 1 962 0.0802468 0.00156324 0.0183632 0.820939 -0.782164 92.5969 
0.393949 0.428183 70522 1 1.04479 0.199038 167 1 964 0.0806478 0.000399668 0.0170837 0.796061 -0.767199 92.6032 
0.385836 0.43033 70602 1 1.13906 0.141346 168 1 966 0.0803213 0.000533552 0.0165393 0.792665 -0.772199 92.5991 
0.393346 0.402836 70641 1 1.25208 0.0855769 169 1 967 0.0807659 0.00210073 0.0130447 0.808017 -0.745139 92.6157 
0.393784 0.434331 70721 1 1.3 0.0817308 170 1 969 0.0798917 -0.00086214 0.0185994 0.790826 -0.790813 92.5851 
0.401044 0.424716 70802 1 1.3224 0.143269 171 1 971 0.0810886 0.00174527 0.0161547 0.812512 -0.770176 92.5756 
0.400566 0.428314 70841 1 1.27969 0.450962 172 1 972 0.0803186 -0.000838766 0.0168037 0.792806 -0.773084 92.5699 
0.38735 0.427359 70921 1 1.24688 0.5125 173 1 974 0.0801999 -0.000178729 0.0165388 0.796151 -0.769146 92.6129 
0.392001 0.41333 71002 1 1.24688 0.5125 174 1 976 0.0808088 0.000103034 0.0151064 0.804334 -0.754361 92.6081 
0.415084 0.408652 71041 1 1.24688 0.5125 175 1 977 0.0817679 0.000572403 0.0143517 0.812833 -0.744489 92.5969 
0.393658 0.402571 71122 1 1.24688 0.5125 176 1 979 0.0814355 -0.000467389 0.0140134 0.795529 -0.742841 92.6093 
0.395425 0.411345 71203 1 1.23854 0.527885 177 1 981 0.0806542 -0.000305803 0.0166749 0.80578 -0.756569 92.6102 
0.403895 0.419605 71242 1 1.23594 0.535577 178 1 982 0.0804776 -0.000128329 0.0159586 0.799819 -0.752881 92.6032 
0.397058 0.430356 71322 1 1.2349 0.535577 179 1 984 0.0807115 -0.00188815 0.0181313 0.787037 -0.775146 92.5801 
-0.17628 0.143987 71403 1 1.18229 0.524038 180 1 986 0.080873 0.00221283 0.0274599 0.806421 -0.846585 92.6354 
-0.610345 -0.26262 71443 1 1.13646 0.499038 181 0 987 0.0807378 0.00262854 0.0298293 0.813815 -0.860977 92.6765 
-0.671517 0.137502 71523 1 1.13646 0.496154 182 0 989 0.0803699 -0.000713401 0.0260661 0.790874 -0.83004 92.6745 
-0.933348 1.85676 71603 1 1.1599 0.477885 183 0 991 0.0825097 0.00561893 0.0157412 0.863669 -0.719183 92.5846 
-0.551023 0.938674 71643 1 1.20208 0.477885 184 0 992 0.081525 0.00714982 0.0117463 0.881111 -0.676957 92.6859 
-0.504687 -0.0453909 71723 1 1.25208 0.484615 185 0 994 0.0800745 -0.00299925 0.0180255 0.806466 -0.76612 92.688 
-0.646154 -0.291505 71803 1 1.28073 0.485577 186 0 996 0.0809842 0.00189674 0.0219697 0.849545 -0.803532 92.6621 
-0.710267 -0.302457 71843 1 1.28438 0.485577 187 0 997 0.0812231 -0.00207073 0.0203497 0.809214 -0.793511 92.6482 
-0.710267 -0.302457 71843 1 1.2901 0.477885 188 0 997 0.0812231 -0.00207073 0.0203497 0.809214 -0.793511 92.6482 
-0.756933 -0.41927 72004 1 1.29635 0.470192 189 0 1001 0.0799746 -0.000518973 0.0178514 0.817873 -0.762891 92.6863 
-0.770232 -0.43943 72043 1 1.2974 0.466346 190 0 1002 0.0805005 -0.00114559 0.0184653 0.815693 -0.770579 92.6328 
-0.805719 -0.435916 72124 1 1.2974 0.466346 191 0 1004 0.0803984 0.000228406 0.0181393 0.821338 -0.759379 92.6839 
-0.819982 -0.412236 72164 1 1.2974 0.466346 192 0 1005 0.0799083 0.0014417 0.0164687 0.836053 -0.741931 92.7014 
-0.819982 -0.412236 72164 1 1.2974 0.466346 193 0 1005 0.0799083 0.0014417 0.0164687 0.836053 -0.741931 92.7014 
-0.814738 -0.446347 72324 1 1.2974 0.466346 194 0 1009 0.080755 -0.000834934 0.0171733 0.824398 -0.764732 92.6126 
-0.818067 -0.440246 72404 1 1.2974 0.466346 195 0 1011 0.0796119 0.00468685 0.0172891 0.852694 -0.75103 92.6184 
-0.850208 -0.404255 72485 1 1.2974 0.466346 196 0 1013 0.0791091 -0.0013879 0.0184718 0.804153 -0.756382 92.6633 
-0.85645 -0.442571 72524 1 1.2974 0.466346 197 0 1014 0.0792791 0.000319802 0.0152918 0.81223 -0.731439 92.6701 
-0.85645 -0.442571 72524 1 1.29792 0.466346 198 0 1014 0.0792791 0.000319802 0.0152918 0.81223 -0.731439 92.6701 
-0.849373 -0.422459 72685 1 1.29792 0.466346 199 0 1018 0.0797426 0.00114099 0.0154117 0.819717 -0.745677 92.6419 
-0.851394 -0.448817 72725 1 1.29792 0.466346 200 0 1019 0.0792033 0.000644762 0.0137189 0.814633 -0.738246 92.6411 
-0.856719 -0.430068 72806 1 1.29792 0.466346 201 0 1021 0.0799191 -0.000292075 0.014636 0.801873 -0.750065 92.5953 
-0.836561 -0.427409 72845 1 1.29792 0.466346 202 0 1022 0.0794742 -0.000453212 0.0159594 0.803308 -0.756771 92.6431 
-0.836561 -0.427409 72845 1 1.29792 0.466346 203 0 1022 0.0794742 -0.000453212 0.0159594 0.803308 -0.756771 92.6431 
-0.805378 -0.387314 73006 1 1.29792 0.466346 204 0 1026 0.0800671 0.00116133 0.0155169 0.824945 -0.74817 92.5932 
-0.824538 -0.409005 73086 1 1.29792 0.466346 205 0 1028 0.0802788 0.000127608 0.0143379 0.811824 -0.740412 92.6181 
-0.828065 -0.391244 73126 1 1.29792 0.466346 206 0 1029 0.0798248 -0.00156658 0.0163486 0.793207 -0.757756 92.5923 
-0.813231 -0.419143 73165 1 1.29792 0.466346 207 0 1030 0.0798236 0.000815909 0.0136034 0.816466 -0.733156 92.6212 
-0.813231 -0.419143 73165 1 1.29792 0.466346 208 0 1030 0.0798236 0.000815909 0.0136034 0.816466 -0.733156 92.6212 
-0.822611 -0.348306 73326 1 1.29792 0.466346 209 0 1034 0.0796509 -0.000807956 0.0169614 0.80922 -0.756325 92.5977 
0.128868 -0.0461973 73406 1 1.29792 0.466346 210 1 1036 0.0814328 -0.00440291 0.0334948 0.770699 -0.882295 92.5099 
0.962145 -0.245011 73487 1 1.29792 0.466346 211 0 1038 0.0799148 0.00203624 0.0221685 0.794462 -0.772596 92.5709 
0.962145 -0.245011 73487 1 1.29792 0.466346 212 0 1038 0.0799148 0.00203624 0.0221685 0.794462 -0.772596 92.5709 
0.99457 -0.389623 73526 1 1.29792 0.466346 213 0 1039 0.0795329 0.00441021 0.0188015 0.806983 -0.743783 92.5627 
0.956881 -0.465857 73687 1 1.29792 0.466346 214 0 1043 0.0803939 -0.00539234 0.0126492 0.735196 -0.703459 92.5433 
0.938083 -0.460617 73727 1 1.29792 0.466346 215 0 1044 0.0800036 -0.011406 0.0151723 0.690872 -0.724664 92.5452 
0.93684 -0.46188 73807 1 1.29792 0.466346 216 0 1046 0.0808465 -0.00913715 0.0155414 0.699773 -0.728705 92.578 
0.921947 -0.467483 73847 1 1.29792 0.466346 217 0 1047 0.0808567 -0.00883025 0.0156574 0.695869 -0.733127 92.5916 
0.921947 -0.467483 73847 1 1.29792 0.466346 218 0 1047 0.0808567 -0.00883025 0.0156574 0.695869 -0.733127 92.5916 
0.938482 -0.484302 74007 1 1.29792 0.466346 219 0 1051 0.0803406 -0.00341851 0.0134256 0.728505 -0.71705 92.6011 
0.934736 -0.467337 74088 1 1.29792 0.466346 220 0 1053 0.0799509 -0.00343522 0.0152803 0.733021 -0.736271 92.6297 
0.956906 -0.467782 74128 1 1.29792 0.466346 221 0 1054 0.0804563 -0.000603516 0.0128741 0.765768 -0.714945 92.5757 
0.959485 -0.44207 74168 1 1.29792 0.466346 222 0 1055 0.0800276 -0.000486562 0.0152229 0.769533 -0.732747 92.578 
0.959485 -0.44207 74168 1 1.29792 0.466346 223 0 1055 0.0800276 -0.000486562 0.0152229 0.769533 -0.732747 92.578 
0.94004 -0.441639 74328 1 1.29792 0.466346 224 0 1059 0.0795754 -0.00281757 0.014925 0.736236 -0.73996 92.64 
0.965347 -0.438916 74409 1 1.29792 0.466346 225 0 1061 0.0794198 0.00530676 0.0145337 0.801422 -0.737894 92.6365 
0.970809 -0.432326 74489 1 1.29792 0.466346 226 0 1063 0.0789667 0.0060128 0.0163645 0.793983 -0.743102 92.642 
0.970809 -0.432326 74489 1 1.29792 0.466346 227 0 1063 0.0789667 0.0060128 0.0163645 0.793983 -0.743102 92.642 
0.970809 -0.432326 74489 1 1.29792 0.466346 228 0 1063 0.0789667 0.0060128 0.0163645 0.793983 -0.743102 92.642 
0.999971 -0.445514 74688 1 1.29792 0.466346 229 0 1068 0.0792412 0.00779699 0.0163407 0.823842 -0.744815 92.7091 
0.999549 -0.429222 74728 1 1.29792 0.466346 230 0 1069 0.0789696 0.0110516 0.0174211 0.847834 -0.75206 92.6791 
0.998092 -0.437994 74809 1 1.29792 0.466346 231 0 1071 0.078768 0.0090782 0.0161738 0.817288 -0.728795 92.6836 
0.998092 -0.437994 74809 1 1.29792 0.466346 232 0 1071 0.078768 0.0090782 0.0161738 0.817288 -0.728795 92.6836 
0.998027 -0.451821 74850 1 1.29792 0.466346 233 0 1072 0.0789313 0.011481 0.0148919 0.833049 -0.715171 92.7025 
0.986166 -0.479884 75009 1 1.29792 0.466346 234 0 1076 0.0788887 0.0106778 0.0111955 0.812396 -0.673883 92.6672 
0.989861 -0.471042 75090 1 1.29792 0.466346 235 0 1078 0.0785976 0.0121002 0.0147269 0.827486 -0.695392 92.6749 
0.987901 -0.463922 75129 1 1.29792 0.466346 236 0 1079 0.0789708 0.0102214 0.0142607 0.816302 -0.694909 92.6722 
0.987901 -0.463922 75129 1 1.29792 0.466346 237 0 1079 0.0789708 0.0102214 0.0142607 0.816302 -0.694909 92.6722 
0.994734 -0.45671 75290 1 1.29792 0.466346 238 0 1083 0.078805 0.0109501 0.0126777 0.818636 -0.684289 92.6851 
0.979756 -0.195559 75331 1 1.29792 0.466346 239 1 1084 0.0783289 0.01086 0.0125398 0.815743 -0.679855 92.7081 
-0.759441 1.44285 75410 1 1.29792 0.466346 240 0 1086 0.0800817 0.0182714 0.0130147 0.883794 -0.64591 92.7873 
0.0250534 0.64265 75450 1 1.29792 0.466346 241 0 1087 0.0795935 0.0175058 0.0084124 0.879513 -0.601501 92.8367 
0.0250534 0.64265 75450 1 1.29792 0.466346 242 0 1087 0.0795935 0.0175058 0.0084124 0.879513 -0.601501 92.8367 
0.350932 -0.219636 75610 1 1.29792 0.466346 243 0 1091 0.0787882 0.0030683 0.0112387 0.768307 -0.656797 92.7578 
0.34736 -0.248276 75690 1 1.29792 0.466346 244 0 1093 0.0792496 0.00332829 0.0146459 0.77429 -0.691069 92.7786 
0.320207 -0.263694 75730 1 1.29792 0.466346 245 0 1094 0.078903 0.000137477 0.0131661 0.751076 -0.688799 92.729 
0.319104 -0.26316 75810 1 1.29792 0.466346 246 0 1096 0.0795158 -0.00334722 0.0125605 0.725205 -0.694087 92.704 
0.329074 -0.27574 75891 1 1.29792 0.466346 247 0 1098 0.0789391 0.00188355 0.0123684 0.767045 -0.686366 92.6539 
0.321592 -0.266848 75931 1 1.29792 0.466346 248 0 1099 0.0797081 -0.000527333 0.014116 0.749862 -0.700114 92.6468 
0.32991 -0.276774 75971 1 1.29792 0.466346 249 0 1100 0.0797824 0.00124714 0.0139283 0.764489 -0.69278 92.6633 
0.32991 -0.276774 75971 1 1.29792 0.466346 250 0 1100 0.0797824 0.00124714 0.0139283 0.764489 -0.69278 92.6633 
-0.86068 1.54435 76131 1 1.29792 0.466346 251 0 1104 0.0806975 0.00999079 0.0130756 0.847339 -0.644549 92.7591 
0.413893 0.175884 76211 1 1.29792 0.466346 252 1 1106 0.0778979 -0.00313438 0.00592887 0.742052 -0.615978 92.7491 
0.332994 -0.178872 76291 1 1.29792 0.466346 253 1 1108 0.0791366 -0.00411519 0.00896341 0.740033 -0.654789 92.7414 
0.332994 -0.178872 76291 1 1.29792 0.466346 254 1 1108 0.0791366 -0.00411519 0.00896341 0.740033 -0.654789 92.7414 
0.332994 -0.178872 76291 1 1.29792 0.466346 255 1 1108 0.0791366 -0.00411519 0.00896341 0.740033 -0.654789 92.7414 
0.314026 -0.233358 76492 1 1.29792 0.466346 256 0 1113 0.079938 -0.00695432 0.0132017 0.705587 -0.691759 92.7291 
0.337082 -0.242205 76533 1 1.29792 0.466346 257 0 1114 0.080009 -0.00234444 0.0123126 0.749245 -0.686426 92.6603 
0.333251 -0.233908 76613 1 1.29792 0.466346 258 0 1116 0.0809995 -0.00166404 0.0153288 0.751799 -0.703807 92.6543 
0.331384 -0.255523 76692 1 1.29792 0.466346 259 0 1118 0.0803133 -0.000400265 0.0151146 0.755084 -0.696691 92.6771 
0.313776 -0.238942 76732 1 1.29792 0.466346 260 0 1119 0.080453 -0.00514977 0.0169231 0.718686 -0.715906 92.6939 
0.33769 -0.264032 76813 1 1.29792 0.466346 261 0 1121 0.0807346 -0.00137882 0.0136599 0.759314 -0.687793 92.6736 
0.33769 -0.264032 76813 1 1.29792 0.466346 262 0 1121 0.0807346 -0.00137882 0.0136599 0.759314 -0.687793 92.6736 
0.296904 -0.241067 76853 1 1.29792 0.466346 263 0 1122 0.0807001 -0.00570935 0.0184178 0.72946 -0.731615 92.7038 
0.29665 -0.270941 77013 1 1.29792 0.466346 264 0 1126 0.0808857 -0.0023527 0.0152437 0.77076 -0.70778 92.695 
0.294724 -0.270927 77093 1 1.29792 0.466346 265 0 1128 0.0810689 -0.00309474 0.0159984 0.768534 -0.713607 92.6889 
0.286521 -0.284468 77133 1 1.29792 0.466346 266 0 1129 0.0812511 -0.00397634 0.0150971 0.762992 -0.706336 92.699 
0.286521 -0.284468 77133 1 1.29792 0.466346 267 0 1129 0.0812511 -0.00397634 0.0150971 0.762992 -0.706336 92.699 
0.291988 -0.336993 77254 1 1.29792 0.466346 268 0 1132 0.0797372 -0.00840063 0.0115524 0.722537 -0.673848 92.8975 
0.296054 -0.390946 77334 1 1.29792 0.466346 269 0 1134 0.0797262 -0.0092698 0.00700871 0.719403 -0.638725 92.9046 
0.296747 -0.368181 77414 1 1.29792 0.466346 270 0 1136 0.0787972 -0.007371 0.00611189 0.735489 -0.633554 92.8972 
0.313015 -0.376174 77454 1 1.29792 0.466346 271 0 1137 0.0794059 -0.00222708 0.00597707 0.777337 -0.627934 92.9202 
0.313015 -0.376174 77454 1 1.29792 0.466346 272 0 1137 0.0794059 -0.00222708 0.00597707 0.777337 -0.627934 92.9202 
-0.254067 0.809744 77614 1 1.29792 0.466346 273 0 1141 0.0788613 -0.00277383 0.00637539 0.773324 -0.630062 92.8635 
-0.249932 0.548364 77694 1 1.29792 0.466346 274 0 1143 0.0796336 0.014684 0.0030086 0.908742 -0.560045 92.9873 
0.3556 0.0287908 77735 1 1.29792 0.466346 275 1 1144 0.0792337 -0.00133062 0.0101424 0.768006 -0.654815 92.9195 
0.368288 -0.331392 77775 1 1.29792 0.466346 276 0 1145 0.0786426 0.000988621 0.00904813 0.783019 -0.643846 92.9629 
0.368288 -0.331392 77775 1 1.29792 0.466346 277 0 1145 0.0786426 0.000988621 0.00904813 0.783019 -0.643846 92.9629 
0.265848 -0.734533 77935 1 1.29792 0.466346 278 0 1149 0.0790678 -0.00165654 0.00934651 0.757014 -0.653924 92.8424 
0.203181 -0.798114 78015 1 1.29792 0.466346 279 0 1151 0.0794442 0.00240828 0.00670334 0.789178 -0.624677 92.8354 
0.115822 -0.842964 78055 1 1.29792 0.466346 280 0 1152 0.0791944 -0.00392317 0.00807408 0.737362 -0.631737 92.8572 
0.0245308 -0.906473 78136 1 1.29792 0.466346 281 0 1154 0.0791615 0.0010334 0.0113461 0.77768 -0.650868 92.8305 
0.0245308 -0.906473 78136 1 1.29792 0.466346 282 0 1154 0.0791615 0.0010334 0.0113461 0.77768 -0.650868 92.8305 
-0.0351351 -0.945871 78296 1 1.29792 0.466346 283 0 1158 0.0785611 -0.0041349 0.0124324 0.743033 -0.659906 92.8444 
-0.0265507 -0.959944 78335 1 1.29792 0.466346 284 0 1159 0.0792931 -0.00593177 0.013413 0.737068 -0.667712 92.8902 
-0.0192109 -1.00995 78416 1 1.29792 0.466346 285 0 1161 0.078842 -0.0102724 0.00800231 0.719933 -0.639716 92.8194 
-0.0165923 -0.995173 78456 1 1.29792 0.466346 286 0 1162 0.0789236 -0.0098863 0.0101978 0.725596 -0.660918 92.8125 
-0.0165923 -0.995173 78456 1 1.29792 0.466346 287 0 1162 0.0789236 -0.0098863 0.0101978 0.725596 -0.660918 92.8125 
-0.0142588 -0.937844 78616 1 1.29792 0.466346 288 0 1166 0.078451 -0.009053 0.00533558 0.7265 -0.639967 92.7368 
-0.414508 1.05131 78696 1 1.29792 0.466346 289 0 1168 0.0795233 -0.0148812 0.0175347 0.687041 -0.752617 92.6779 
-0.509949 1.10218 78736 1 1.29792 0.466346 290 0 1169 0.0781961 0.00289715 0.0123384 0.846567 -0.669807 92.7235 
0.0605717 0.413067 78776 1 1.29792 0.466346 291 1 1170 0.0747067 -0.00155616 -0.00525716 0.789483 -0.553555 92.5466 
0.0605717 0.413067 78776 1 1.29792 0.466346 292 1 1170 0.0747067 -0.00155616 -0.00525716 0.789483 -0.553555 92.5466 
0.00885367 -0.417848 78936 1 1.29792 0.466346 293 0 1174 0.0753013 -0.00217126 0.00995806 0.794203 -0.699598 92.5603 
0.283148 -0.373282 79016 1 1.29792 0.466346 294 0 1176 0.0748974 -0.000704222 0.0216257 0.814899 -0.807306 92.4484 
0.307756 -0.472218 79057 1 1.29792 0.466346 295 0 1177 0.0743317 -0.00356735 0.0164455 0.786919 -0.759612 92.5127 
0.311079 -0.520212 79137 1 1.29792 0.466346 296 0 1179 0.0735288 0.00137261 0.0179069 0.829365 -0.759581 92.4416 
0.298989 -0.546538 79217 1 1.29792 0.466346 297 0 1181 0.0740906 -0.00059082 0.0170743 0.811698 -0.748187 92.3838 
0.426638 -0.521622 79257 1 1.29792 0.466346 298 0 1182 0.0744061 -0.00118759 0.0147528 0.808805 -0.731702 92.4139 
0.643416 -0.49398 79297 1 1.29792 0.466346 299 0 1183 0.0736011 -0.00106164 0.0150329 0.808998 -0.737694 92.3963 
0.643416 -0.49398 79297 1 1.29792 0.466346 300 0 1183 0.0736011 -0.00106164 0.0150329 0.808998 -0.737694 92.3963 
0.692017 -0.545774 79457 1 1.29792 0.466346 301 0 1187 0.0717571 -0.00297791 0.0193181 0.774511 -0.776401 92.3435 
0.712227 -0.545835 79538 1 1.29792 0.466346 302 0 1189 0.0706337 -0.000870706 0.0214831 0.788573 -0.799617 92.2603 
0.716395 -0.540231 79618 1 1.29792 0.466346 303 0 1191 0.0707817 0.00180917 0.024236 0.79825 -0.812167 92.2811 
0.716395 -0.540231 79618 1 1.29792 0.466346 304 0 1191 0.0707817 0.00180917 0.024236 0.79825 -0.812167 92.2811 
0.630378 -0.525069 79658 1 1.29792 0.466346 305 0 1192 0.0703606 -0.000897657 0.0220905 0.782646 -0.795214 92.3108 
0.571622 -0.522508 79819 1 1.29792 0.466346 306 0 1196 0.0707667 0.000202522 0.0258369 0.797469 -0.832402 92.2602 
0.581864 -0.516518 79858 1 1.29792 0.466346 307 0 1197 0.0707313 0.00446971 0.0268143 0.825523 -0.837368 92.2595 
0.464173 -0.111215 79938 1 1.29792 0.466346 308 1 1199 0.0702339 0.00561921 0.0364449 0.831589 -0.918597 92.2049 
0.464173 -0.111215 79938 1 1.29792 0.466346 309 1 1199 0.0702339 0.00561921 0.0364449 0.831589 -0.918597 92.2049 
0.377802 0.10916 79979 1 1.29792 0.466346 310 1 1200 0.0713679 0.00481681 0.0383143 0.828178 -0.93293 92.1948 
0.354089 -0.0508776 80139 1 1.29792 0.466346 311 1 1204 0.0712018 0.00408601 0.0202215 0.815904 -0.780875 92.2645 
0.364994 -0.0520505 80219 1 1.29792 0.466346 312 1 1206 0.0714677 0.00533602 0.0203431 0.824084 -0.779812 92.2398 
0.349678 -0.049541 80259 1 1.29792 0.466346 313 1 1207 0.071791 0.00549495 0.0204238 0.819116 -0.77958 92.2299 
0.352553 -0.0866349 80340 1 1.29792 0.466346 314 1 1209 0.0712955 0.00439101 0.0151418 0.805621 -0.727307 92.2794 
0.387386 0.107304 80420 1 1.29792 0.466346 315 1 1211 0.0713882 0.00586924 0.013687 0.814972 -0.705888 92.2881 
-0.401992 1.70734 80459 1 1.29792 0.466346 316 0 1212 0.0713882 0.00586924 0.013687 0.814972 -0.705888 92.2881 
0.289731 1.00003 80540 1 1.29792 0.466346 317 0 1214 0.0741726 0.0185931 0.00262855 0.939741 -0.548225 92.6109 
0.424963 0.376158 80620 1 1.29792 0.466346 318 1 1216 0.0739797 0.00466191 0.00865128 0.827577 -0.636013 92.5787 
0.431483 0.262752 80660 1 1.29792 0.466346 319 1 1217 0.0739404 0.00641605 0.00961168 0.842135 -0.64754 92.6062 
0.41524 0.224025 80740 1 1.29792 0.466346 320 1 1219 0.0733557 0.0027435 0.00958271 0.812264 -0.654061 92.6109 
0.438422 0.210886 80820 1 1.29792 0.466346 321 1 1221 0.0732895 0.00361712 0.00798887 0.828901 -0.636082 92.479 
0.443687 0.246701 80860 1 1.29792 0.466346 322 1 1222 0.0735125 0.00767903 0.0101782 0.86005 -0.653376 92.4986 
0.440916 0.12385 80941 1 1.29792 0.466346 323 1 1224 0.0738145 0.00935012 0.00937618 0.863528 -0.639965 92.5627 
0.424858 0.0793463 81021 1 1.29792 0.466346 324 1 1226 0.073161 0.00761839 0.0089983 0.856351 -0.625216 92.567 
0.419448 0.0949967 81060 1 1.29792 0.466346 325 1 1227 0.0733199 0.00581165 0.00760093 0.841825 -0.616481 92.5573 
-0.482861 1.62318 81141 1 1.29792 0.466346 326 0 1229 0.0727244 0.00676789 0.00569639 0.859047 -0.604117 92.5541 
-0.32068 1.33752 81221 1 1.29792 0.466346 327 0 1231 0.0745907 0.0145359 -0.000675221 0.918892 -0.50143 92.6533 
0.330347 0.669406 81261 1 1.29792 0.466346 328 0 1232 0.0748999 0.0151322 -0.00280869 0.924293 -0.477736 92.7571 
0.344451 0.139218 81342 1 1.29792 0.466346 329 1 1234 0.0752492 -0.000556732 0.0119784 0.789021 -0.64155 92.737 
0.409411 -0.0421632 81421 1 1.29792 0.466346 330 1 1236 0.0748761 0.00291428 0.0107695 0.823995 -0.629593 92.729 
0.411659 -0.0863432 81462 1 1.29792 0.466346 331 1 1237 0.0750424 0.00331897 0.0116744 0.825129 -0.632677 92.7338 
0.388571 -0.197758 81542 1 1.29792 0.466346 332 1 1239 0.0756853 0.00424645 0.00992735 0.838434 -0.620582 92.7115 
0.384945 -0.248525 81622 1 1.29792 0.466346 333 0 1241 0.0753445 0.00695974 0.0102417 0.870522 -0.61791 92.7235 
0.374265 -0.261427 81662 1 1.29792 0.466346 334 0 1242 0.0754066 0.0052167 0.0112086 0.851573 -0.623918 92.7508 
0.361758 -0.295128 81742 1 1.29792 0.466346 335 0 1244 0.0746074 0.00586577 0.0101156 0.852325 -0.61825 92.7776 
0.385502 -0.297858 81823 1 1.29792 0.466346 336 0 1246 0.0748108 0.00209084 0.0129453 0.822618 -0.647334 92.7493 
0.380757 -0.205059 81863 1 1.29792 0.466346 337 0 1247 0.0759116 0.00373403 0.0116318 0.833763 -0.639958 92.7569 
-0.449838 1.01201 81942 1 1.29792 0.466346 338 0 1249 0.0766499 0.013037 0.0071208 0.905072 -0.559095 92.7643 
-0.449838 1.01201 81942 1 1.29792 0.466346 339 0 1249 0.0766499 0.013037 0.0071208 0.905072 -0.559095 92.7643 
-0.449838 1.01201 81942 1 1.29583 0.519231 340 0 1249 0.0766499 0.013037 0.0071208 0.905072 -0.559095 92.7643 
0.0830163 -0.412847 82143 1 1.20365 0.767308 341 0 1254 0.075856 0.00239992 0.0128202 0.833149 -0.655496 92.8241 
-0.00861762 -0.682075 82223 1 1.12031 1.02404 342 0 1256 0.076306 0.00343093 0.0125978 0.848266 -0.665564 92.7919 
-0.047935 -0.804698 82263 1 1.1151 1.0375 343 0 1257 0.0762718 0.0044892 0.0113684 0.859822 -0.656078 92.7807 
-0.150555 -0.910311 82343 1 1.1474 0.999038 344 0 1259 0.0760926 -0.00168703 0.0149219 0.82213 -0.69152 92.8484 
-0.175616 -0.99353 82424 1 1.17708 0.927885 345 0 1261 0.0765339 0.000500873 0.0126136 0.853401 -0.669833 92.7661 
-0.194935 -0.989144 82463 1 1.18385 0.908654 346 0 1262 0.0770376 0.00186749 0.0129324 0.87285 -0.67294 92.7973 
-0.10144 -0.459899 82543 1 1.17344 0.946154 347 0 1264 0.0758947 -0.00197894 0.00984794 0.836804 -0.651587 92.8448 
-0.10144 -0.459899 82543 1 1.19271 0.986538 348 0 1264 0.0758947 -0.00197894 0.00984794 0.836804 -0.651587 92.8448 
-0.10144 -0.459899 82543 1 1.25 0.990385 349 0 1264 0.0758947 -0.00197894 0.00984794 0.836804 -0.651587 92.8448 
0.0217975 -0.7483 82744 1 1.275 0.980769 350 0 1269 0.0777524 -0.000542019 0.000504189 0.855784 -0.549587 93.009 
-0.0591329 -0.999011 82825 1 1.27708 0.979808 351 0 1271 0.0801302 -0.000694106 0.0011115 0.861027 -0.562518 93.0319 
-0.115374 -1.01534 82865 1 1.28958 0.979808 352 0 1272 0.0768959 -0.000744905 0.00458303 0.862614 -0.595656 93.0197 
-0.115374 -1.01534 82865 1 1.30677 0.972115 353 0 1272 0.0768959 -0.000744905 0.00458303 0.862614 -0.595656 93.0197 
-0.23528 -0.926244 83024 1 1.31198 0.964423 354 0 1276 0.0751217 0.00345276 0.0111024 0.882798 -0.665673 92.837 
-0.163135 -0.651397 83064 1 1.3125 0.9625 355 0 1277 0.0749265 0.00292614 0.0071345 0.867162 -0.627767 92.8237 
-0.414998 1.02785 83144 1 1.31354 0.960577 356 0 1279 0.0752905 0.00795602 0.0037014 0.891656 -0.571077 92.7286 
0.575837 0.349344 83185 1 1.31406 0.959615 357 0 1280 0.0752764 0.00796318 0.00376687 0.891559 -0.570473 92.7354 
0.575837 0.349344 83185 1 1.31406 0.959615 358 0 1280 0.0752764 0.00796318 0.00376687 0.891559 -0.570473 92.7354 
0.0312296 -0.611127 83345 1 1.31406 0.959615 359 0 1284 0.0770869 -0.00277119 0.0102402 0.803713 -0.660956 92.7543 
0.226213 -0.614283 83425 1 1.31406 0.959615 360 0 1286 0.0766961 0.00360922 0.00839174 0.85225 -0.633242 92.7431 
0.293314 -0.661645 83466 1 1.31406 0.959615 361 0 1287 0.0771354 0.00234986 0.00956048 0.835703 -0.637214 92.7318 
0.304526 -0.708771 83546 1 1.31406 0.959615 362 0 1289 0.075893 0.00584324 0.0107905 0.866809 -0.64356 92.7311 
0.277736 -0.785797 83625 1 1.31406 0.959615 363 0 1291 0.0760487 0.00346301 0.00749937 0.849604 -0.625935 92.7252 
0.264257 -0.778136 83665 1 1.31302 0.959615 364 0 1292 0.0762474 0.00162435 0.00933441 0.833282 -0.64321 92.7144 
0.25909 -0.763735 83705 1 1.3125 0.959615 365 0 1293 0.0759435 0.00225459 0.0114478 0.832863 -0.659591 92.7052 
0.25909 -0.763735 83705 1 1.31094 0.959615 366 0 1293 0.0759435 0.00225459 0.0114478 0.832863 -0.659591 92.7052 
0.241045 -0.825411 83907 1 1.3099 0.958654 367 0 1298 0.07486 -0.00602868 0.00995566 0.752942 -0.659724 92.7443 
0.247464 -0.827706 83946 1 1.30885 0.958654 368 0 1299 0.074996 -0.0044985 0.0109241 0.765494 -0.66526 92.7105 
0.242003 -0.823292 84027 1 1.30729 0.958654 369 0 1301 0.0749578 -0.00376264 0.0145268 0.758968 -0.684577 92.7202 
0.242003 -0.823292 84027 1 1.30677 0.958654 370 0 1301 0.0749578 -0.00376264 0.0145268 0.758968 -0.684577 92.7202 
0.166019 -0.9826 84146 1 1.30677 0.958654 371 0 1304 0.0749882 0.00381639 0.012245 0.832441 -0.666478 92.6762 
0.112759 -1.04281 84227 1 1.30677 0.958654 372 0 1306 0.0755531 0.00142337 0.00823428 0.819155 -0.641571 92.6997 
0.0358591 -0.939246 84307 1 1.30677 0.958654 373 0 1308 0.0751869 0.00125816 0.0115705 0.815991 -0.659879 92.6919 
0.000326299 -0.965612 84348 1 1.30677 0.958654 374 0 1309 0.0751074 0.00102982 0.0118084 0.815765 -0.661431 92.7001 
0.000326299 -0.965612 84348 1 1.30677 0.958654 375 0 1309 0.0751074 0.00102982 0.0118084 0.815765 -0.661431 92.7001 
0.0104763 -1.00741 84507 1 1.30677 0.958654 376 0 1313 0.0758705 -8.48624e-005 0.0132413 0.808651 -0.671239 92.6986 
0.0144459 -0.992646 84548 1 1.30677 0.958654 377 0 1314 0.075732 0.000486532 0.0123711 0.814337 -0.662633 92.7066 
0.00698258 -0.975236 84627 1 1.30677 0.958654 378 0 1316 0.0759252 0.00148956 0.0133545 0.818615 -0.671507 92.738 
0.00923866 -0.981683 84667 1 1.30677 0.958654 379 0 1317 0.0752239 0.000744093 0.0143724 0.823166 -0.685888 92.7232 
0.00923866 -0.981683 84667 1 1.30677 0.958654 380 0 1317 0.0752239 0.000744093 0.0143724 0.823166 -0.685888 92.7232 
0.0686642 0.501783 84828 1 1.30625 0.958654 381 1 1321 0.073685 0.00431298 0.00544911 0.851794 -0.609254 92.7809 
0.0479353 -0.236373 84908 1 1.30625 0.958654 382 0 1323 0.0743407 0.00704829 0.0125068 0.878486 -0.675243 92.722 
-0.0160099 -0.38051 84948 1 1.30625 0.958654 383 0 1324 0.0742137 0.00508498 0.00974027 0.869163 -0.651259 92.6886 
-0.0943658 -0.469461 84989 1 1.30625 0.958654 384 0 1325 0.0752405 0.00405811 0.0121945 0.864632 -0.669558 92.6825 
-0.0943658 -0.469461 84989 1 1.30573 0.958654 385 0 1325 0.0752405 0.00405811 0.0121945 0.864632 -0.669558 92.6825 
-0.287121 -0.614454 85149 1 1.30573 0.958654 386 0 1329 0.0750567 0.00582077 0.0107386 0.874373 -0.654352 92.7025 
-0.481478 -0.625251 85229 1 1.30573 0.958654 387 0 1331 0.0746119 0.000923144 0.0106372 0.838513 -0.665624 92.7537 
-0.263587 -0.549801 85309 1 1.30573 0.958654 388 0 1333 0.0750582 0.00194227 0.00860432 0.85094 -0.66374 92.7177 
-0.263587 -0.549801 85309 1 1.30573 0.958654 389 0 1333 0.0750582 0.00194227 0.00860432 0.85094 -0.66374 92.7177 
-0.149783 -0.531115 85429 1 1.30573 0.958654 390 0 1336 0.0748279 0.00179297 0.0113639 0.851213 -0.688193 92.7478 
-0.123397 -0.548541 85510 1 1.29896 0.958654 391 0 1338 0.0759261 0.00303207 0.0108517 0.859817 -0.684259 92.7214 
-0.153955 -0.549379 85590 1 1.20781 0.946154 392 0 1340 0.0759759 -0.00225662 0.0103211 0.815724 -0.677636 92.6619 
-0.168237 -0.566225 85629 1 1.07448 0.926923 393 0 1341 0.0756561 -0.00297727 0.0101741 0.805764 -0.666231 92.6823 
-0.168237 -0.566225 85629 1 1.02344 0.922115 394 0 1341 0.0756561 -0.00297727 0.0101741 0.805764 -0.666231 92.6823 
-0.0966951 0.565525 85750 1 1.0224 0.922115 395 1 1344 0.0744777 0.000144585 0.00396347 0.814477 -0.60814 92.6098 
-0.365122 1.01327 85830 1 1.0224 0.922115 396 0 1346 0.0750418 0.0112512 0.00265685 0.897192 -0.553024 92.761 
0.157141 0.033373 85910 1 1.0224 0.922115 397 1 1348 0.0751151 0.000345778 0.0123019 0.806927 -0.678453 92.7828 
0.148485 -0.232913 85950 1 1.0224 0.922115 398 0 1349 0.074832 0.000203772 0.00691273 0.805844 -0.634079 92.762 
0.148485 -0.232913 85950 1 1.0224 0.922115 399 0 1349 0.074832 0.000203772 0.00691273 0.805844 -0.634079 92.762 
-0.0360914 -0.471474 86110 1 1.0224 0.922115 400 0 1353 0.0754621 0.00184402 0.0108547 0.824564 -0.655074 92.6651 
-0.126383 -0.513377 86191 1 1.0224 0.922115 401 0 1355 0.0746729 0.000465259 0.0133598 0.809396 -0.668468 92.6919 
-0.201198 -0.523554 86231 1 1.0224 0.922115 402 0 1356 0.0745759 0.00162625 0.013902 0.817207 -0.6724 92.7035 
-0.302901 -0.53637 86310 1 1.0224 0.922115 403 0 1358 0.0743948 -0.000665195 0.0111774 0.798874 -0.65711 92.6688 
-0.302901 -0.53637 86310 1 1.0224 0.922115 404 0 1358 0.0743948 -0.000665195 0.0111774 0.798874 -0.65711 92.6688 
-0.382144 -0.548475 86351 1 1.0224 0.922115 405 0 1359 0.0748282 -0.000974862 0.0139275 0.795172 -0.678396 92.6432 
-0.522564 -0.571096 86511 1 1.0224 0.922115 406 0 1363 0.0746617 0.00112373 0.0110437 0.829962 -0.653691 92.6941 
-0.551208 -0.589663 86592 1 1.0224 0.922115 407 0 1365 0.0743286 0.00122584 0.0111354 0.831649 -0.653635 92.6813 
-0.576445 -0.612299 86632 1 1.0224 0.922115 408 0 1366 0.0745935 -0.000508339 0.00870438 0.815215 -0.632577 92.7283 
-0.576445 -0.612299 86632 1 1.0224 0.922115 409 0 1366 0.0745935 -0.000508339 0.00870438 0.815215 -0.632577 92.7283 
-0.424601 -0.563608 86792 1 1.0224 0.922115 410 0 1370 0.07516 0.00409455 0.0111075 0.862532 -0.648658 92.6853 
-0.166189 -0.504867 86832 1 1.0224 0.922115 411 0 1371 0.0763238 0.00618912 0.0111492 0.885161 -0.647049 92.6958 
-0.102652 -0.513511 86912 1 1.0224 0.922115 412 0 1373 0.0758258 0.00464299 0.0145106 0.868731 -0.668727 92.7178 
-0.103054 -0.532587 86952 1 1.0224 0.922115 413 0 1374 0.07542 0.00545117 0.0142313 0.872165 -0.668462 92.7142 
-0.103054 -0.532587 86952 1 1.0224 0.922115 414 0 1374 0.07542 0.00545117 0.0142313 0.872165 -0.668462 92.7142 
-0.0895265 -0.513973 87112 1 1.0224 0.922115 415 0 1378 0.0757039 0.00542541 0.0135177 0.86555 -0.670205 92.6423 
-0.0763976 -0.517154 87192 1 1.0224 0.922115 416 0 1380 0.0758914 0.00563063 0.0160915 0.857085 -0.677647 92.6955 
-0.0855748 -0.541107 87232 1 1.0224 0.922115 417 0 1381 0.0749578 0.00527076 0.0153395 0.854172 -0.669477 92.7304 
-0.0917938 -0.547633 87272 1 1.0224 0.922115 418 0 1382 0.075047 0.00370884 0.0153869 0.838744 -0.672232 92.733 
-0.0917938 -0.547633 87272 1 1.0224 0.922115 419 0 1382 0.075047 0.00370884 0.0153869 0.838744 -0.672232 92.733 
-0.329987 1.00654 87473 1 1.0224 0.922115 420 0 1387 0.0752602 0.000455582 0.0126402 0.807163 -0.66673 92.7005 
-0.172245 0.72229 87514 1 1.0224 0.922115 421 0 1388 0.074801 0.00828853 0.00528874 0.87648 -0.563184 92.8131 
0.115648 -0.0381844 87593 1 1.0224 0.922115 422 1 1390 0.0728812 -0.00155155 0.00601503 0.7936 -0.601347 92.7793 
0.115648 -0.0381844 87593 1 1.0224 0.922115 423 1 1390 0.0728812 -0.00155155 0.00601503 0.7936 -0.601347 92.7793 
0.0768343 -0.255127 87754 1 1.0224 0.922115 424 0 1394 0.0745003 0.00106203 0.0110888 0.835533 -0.640927 92.8323 
0.0910297 -0.280177 87793 1 1.02396 0.922115 425 0 1395 0.0745229 0.00436146 0.0104552 0.86084 -0.630296 92.8564 
0.0757157 -0.346584 87874 1 1.02656 0.922115 426 0 1397 0.0745657 0.00417369 0.00960112 0.867177 -0.632865 92.8318 
0.0119658 -0.740069 87954 1 1.02969 0.922115 427 0 1399 0.0747892 0.00522942 0.00825285 0.881002 -0.631131 92.8429 
-0.0459753 -0.812757 87994 1 1.03438 0.923077 428 0 1400 0.0754327 0.00265419 0.0107608 0.857435 -0.65908 92.8319 
-0.146648 -0.91963 88074 1 1.03906 0.924038 429 0 1402 0.0753894 0.000561432 0.0106367 0.843716 -0.670412 92.8105 
-0.188574 -0.941706 88114 1 1.04479 0.925962 430 0 1403 0.0753179 0.00303798 0.0127968 0.862954 -0.691119 92.8052 
-0.188574 -0.941706 88114 1 1.05104 0.927885 431 0 1403 0.0753179 0.00303798 0.0127968 0.862954 -0.691119 92.8052 
-0.570733 -1.07714 88274 1 1.05885 0.930769 432 0 1407 0.0755289 0.00346729 0.0185475 0.858267 -0.734557 92.7116 
-0.710435 -1.17182 88354 1 1.06927 0.934615 433 0 1409 0.075091 0.0019445 0.0163659 0.835229 -0.715235 92.7096 
-0.716761 -1.16082 88394 1 1.07656 0.936538 434 0 1410 0.0746319 0.00305457 0.0144212 0.839439 -0.7032 92.7348 
0.854892 1.37548 88434 1 1.07813 0.9375 435 0 1411 0.0752051 0.00744608 0.00902801 0.888189 -0.621565 92.9688 
0.854892 1.37548 88434 1 1.07813 0.9375 436 0 1411 0.0752051 0.00744608 0.00902801 0.888189 -0.621565 92.9688 
0.87168 1.39569 88595 1 1.07813 0.9375 437 0 1415 0.0756301 0.00271018 0.0101957 0.866386 -0.689038 92.8496 
0.886535 1.43117 88675 1 1.07917 0.9375 438 0 1417 0.0758113 -0.00428342 0.0129937 0.810161 -0.721862 92.7338 
0.871554 1.42475 88756 1 1.07917 0.9375 439 0 1419 0.0757912 -0.00249938 0.0147421 0.819733 -0.738342 92.6933 
0.871554 1.42475 88756 1 1.07917 0.9375 440 0 1419 0.0757912 -0.00249938 0.0147421 0.819733 -0.738342 92.6933 
0.871554 1.42475 88756 1 1.07917 0.9375 441 0 1419 0.0757912 -0.00249938 0.0147421 0.819733 -0.738342 92.6933 
0.982377 1.42258 88956 1 1.07917 0.9375 442 0 1424 0.0755593 0.00524651 0.0144787 0.879554 -0.737607 92.6262 
0.696383 -0.415127 89035 1 1.08125 0.9375 443 0 1426 0.0767597 0.00396295 0.0261348 0.879045 -0.799151 92.7003 
0.696383 -0.415127 89035 1 1.08125 0.9375 444 0 1426 0.0767597 0.00396295 0.0261348 0.879045 -0.799151 92.7003 
0.696383 -0.415127 89035 1 1.08125 0.9375 445 0 1426 0.0767597 0.00396295 0.0261348 0.879045 -0.799151 92.7003 
0.747566 -0.209744 89196 1 1.08542 0.938462 446 0 1430 0.0758845 0.00144361 0.0422559 0.858299 -0.980632 92.4075 
0.757942 -0.213013 89276 1 1.09219 0.939423 447 0 1432 0.076049 0.00129858 0.0444833 0.851909 -0.994127 92.4033 
0.723932 -0.971607 89356 1 1.09219 0.939423 448 0 1434 0.0760887 0.00288781 0.0433958 0.859282 -0.982062 92.4266 
0.716368 -1.1336 89396 1 1.09219 0.939423 449 0 1435 0.0752378 0.00200265 0.0300762 0.842135 -0.863131 92.5196 
0.716368 -1.1336 89396 1 1.09219 0.939423 450 0 1435 0.0752378 0.00200265 0.0300762 0.842135 -0.863131 92.5196 
0.706991 -1.23427 89517 1 1.09219 0.939423 451 0 1438 0.0750034 0.00134702 0.0240709 0.832784 -0.817247 92.5115 
0.774501 -0.421629 89597 1 1.09219 0.939423 452 0 1440 0.0761427 -0.00177076 0.0349748 0.805628 -0.907487 92.4945 
-0.41481 1.17115 89717 1 1.09219 0.939423 453 0 1443 0.0750617 0.00240173 0.0135136 0.828471 -0.716589 92.6012 
-0.41481 1.17115 89717 1 1.09219 0.939423 454 0 1443 0.0750617 0.00240173 0.0135136 0.828471 -0.716589 92.6012 
-0.41481 1.17115 89717 1 1.09323 0.939423 455 0 1443 0.0750617 0.00240173 0.0135136 0.828471 -0.716589 92.6012 
0.767245 -0.752174 89878 1 1.09323 0.939423 456 0 1447 0.075105 0.000560472 0.00586407 0.80794 -0.647569 92.7307 
0.709743 -1.09573 89958 1 1.09479 0.939423 457 0 1449 0.0746363 -0.0034055 0.01179 0.775196 -0.70469 92.7087 
0.714537 -1.10727 90038 1 1.09688 0.939423 458 0 1451 0.0753569 0.000586304 0.0190605 0.810908 -0.770701 92.6101 
0.714537 -1.10727 90038 1 1.09688 0.939423 459 0 1451 0.0753569 0.000586304 0.0190605 0.810908 -0.770701 92.6101 
0.710054 -1.14254 90078 1 1.09688 0.939423 460 0 1452 0.0754145 0.00279789 0.0189955 0.826968 -0.769212 92.6216 
0.396731 0.912256 90199 1 1.09688 0.939423 461 1 1455 0.0736547 0.0029364 0.00171854 0.837418 -0.643861 92.9133 
-0.324785 0.0176339 90279 1 1.0974 0.939423 462 0 1457 0.0770307 -0.0015189 0.054273 0.810231 -1.09575 92.6501 
-0.682373 -1.07128 90359 1 1.09948 0.940385 463 0 1459 0.0760335 0.00315137 0.0346622 0.855408 -0.918199 92.6471 
-0.682373 -1.07128 90359 1 1.1 0.940385 464 0 1459 0.0760335 0.00315137 0.0346622 0.855408 -0.918199 92.6471 
-0.721943 -1.16783 90399 1 1.10104 0.940385 465 0 1460 0.0750185 0.0046636 0.0276064 0.856201 -0.847973 92.6435 
-1.32243 4.24985 90519 1 1.10104 0.940385 466 0 1463 0.0772359 0.00439892 0.0576944 0.86804 -1.11081 92.4688 
-0.39702 2.31839 90599 1 1.10104 0.940385 467 0 1465 0.0782659 0.00297179 0.0504686 0.863494 -1.05737 92.5557 
0.143112 1.28682 90640 1 1.10104 0.940385 468 0 1466 0.0754959 0.0061647 0.0209209 0.886288 -0.800139 92.7423 
0.143112 1.28682 90640 1 1.10104 0.940385 469 0 1466 0.0754959 0.0061647 0.0209209 0.886288 -0.800139 92.7423 
-2.28807 4.89699 90799 1 1.10156 0.940385 470 0 1470 0.0788204 0.0025105 0.044256 0.88147 -1.00643 92.5367 
-0.0340148 1.50651 90880 1 1.10208 0.941346 471 0 1472 0.0752779 -0.00239816 0.0236829 0.840848 -0.823629 92.7276 
-9.40911 10.4701 90919 1 1.10208 0.941346 472 0 1473 0.0780353 -0.000773503 0.0396104 0.857702 -0.966617 92.5658 
-1.70391 3.82739 90959 1 1.10208 0.941346 473 0 1474 0.0777648 -0.00134623 0.0313061 0.847953 -0.896356 92.5536 
0.728468 1.68058 90999 1 1.10208 0.941346 474 0 1475 0.0769715 -0.000196229 0.0348791 0.864531 -0.918201 92.5405 
0.628522 1.55196 91160 1 1.10208 0.941346 475 0 1479 0.0765661 0.000345577 0.0121795 0.850723 -0.71861 92.6736 
0.546218 1.68737 91240 1 1.10208 0.941346 476 0 1481 0.0775371 0.00297435 0.0191412 0.870024 -0.774335 92.648 
0.758055 1.83774 91281 1 1.10208 0.941346 477 0 1482 0.0782072 0.00167564 0.0379766 0.861951 -0.937774 92.5291 
0.758055 1.83774 91281 1 1.10208 0.941346 478 0 1482 0.0782072 0.00167564 0.0379766 0.861951 -0.937774 92.5291 
0.75774 1.63963 91440 1 1.10208 0.941346 479 0 1486 0.0760636 0.00434382 0.0181293 0.860022 -0.769765 92.5719 
0.801603 1.36074 91521 1 1.10208 0.941346 480 0 1488 0.0752995 0.00622722 0.0111545 0.871899 -0.707803 92.5331 
0.724189 0.866515 91561 1 1.10208 0.941346 481 0 1489 0.0736229 0.000952176 0.0111866 0.826879 -0.703715 92.47 
0.696818 0.907294 91601 1 1.10208 0.941346 482 0 1490 0.073724 0.00131311 0.0105445 0.830495 -0.697689 92.5234 
0.696818 0.907294 91601 1 1.10208 0.941346 483 0 1490 0.073724 0.00131311 0.0105445 0.830495 -0.697689 92.5234 
0.75197 0.577598 91761 1 1.10208 0.941346 484 0 1494 0.0772838 -0.00262195 0.031035 0.812005 -0.878555 92.5136 
0.596305 1.63207 91841 1 1.10312 0.941346 485 0 1496 0.0755796 0.00407491 0.0180467 0.860887 -0.758428 92.661 
-0.0734643 1.49217 91882 1 1.10312 0.941346 486 0 1497 0.0768178 0.00134241 0.038382 0.850302 -0.930622 92.5035 
-6.32397 4.08174 91922 1 1.10312 0.941346 487 0 1498 0.077641 0.00102967 0.0461696 0.849058 -0.99305 92.4452 
-6.32397 4.08174 91922 1 1.10312 0.941346 488 0 1498 0.077641 0.00102967 0.0461696 0.849058 -0.99305 92.4452 
-0.006534 -0.778707 92122 1 1.10312 0.941346 489 0 1503 0.0739871 -0.00483821 0.0119805 0.799165 -0.707874 92.686 
-0.00612111 -0.797148 92162 1 1.10312 0.941346 490 0 1504 0.0742258 -0.00511646 0.0142032 0.793778 -0.724014 92.6955 
0.0234336 -0.810611 92242 1 1.10312 0.941346 491 0 1506 0.0743568 0.00238696 0.0126471 0.847272 -0.706547 92.6777 
0.0234336 -0.810611 92242 1 1.10312 0.941346 492 0 1506 0.0743568 0.00238696 0.0126471 0.847272 -0.706547 92.6777 
0.0259167 -0.791496 92282 1 1.10312 0.941346 493 0 1507 0.0740733 0.00205765 0.0150965 0.843676 -0.72798 92.6526 
0.441398 -0.701992 92442 1 1.10312 0.941346 494 0 1511 0.0747453 0.00221804 0.0149214 0.853083 -0.724431 92.6021 
0.402845 -0.732785 92523 1 1.10312 0.941346 495 0 1513 0.0741218 -0.00646942 0.0138026 0.777634 -0.715637 92.6799 
0.416251 -0.753104 92563 1 1.10312 0.941346 496 0 1514 0.0734709 -0.000943759 0.0114287 0.821434 -0.691748 92.6499 
0.416251 -0.753104 92563 1 1.10312 0.941346 497 0 1514 0.0734709 -0.000943759 0.0114287 0.821434 -0.691748 92.6499 
0.253594 -0.764961 92723 1 1.10312 0.941346 498 0 1518 0.0738998 -0.00476037 0.0122609 0.790569 -0.714258 92.71 
0.277246 -0.785178 92763 1 1.10312 0.941346 499 0 1519 0.0741222 0.00159092 0.0107492 0.84357 -0.699511 92.6776 
0.265837 -0.773124 92844 1 1.10312 0.941346 500 0 1521 0.074746 -0.00196496 0.0173011 0.813236 -0.756256 92.7027 
0.276427 -0.769413 92883 1 1.10312 0.941346 501 0 1522 0.0749684 0.00282424 0.016128 0.85135 -0.744732 92.6491 
0.276427 -0.769413 92883 1 1.10312 0.941346 502 0 1522 0.0749684 0.00282424 0.016128 0.85135 -0.744732 92.6491 
0.296502 -0.595971 93044 1 1.10312 0.941346 503 0 1526 0.0750681 0.000473914 0.0109039 0.827699 -0.698734 92.7092 
0.299058 -0.559522 93123 1 1.10312 0.941346 504 0 1528 0.0744599 0.00593388 0.0138919 0.870517 -0.726904 92.7203 
0.305455 -0.501291 93164 1 1.10312 0.941346 505 0 1529 0.073999 0.00617017 0.0148867 0.877196 -0.739732 92.6881 
0.308788 -0.499615 93203 1 1.10312 0.941346 506 0 1530 0.0740471 0.00796732 0.0152641 0.888957 -0.740584 92.6709 
0.308788 -0.499615 93203 1 1.10312 0.941346 507 0 1530 0.0740471 0.00796732 0.0152641 0.888957 -0.740584 92.6709 
0.299526 -0.524039 93244 1 1.10312 0.941346 508 0 1531 0.0741895 0.00691875 0.0137144 0.881741 -0.724165 92.7238 
0.341169 0.0555518 93325 1 1.10312 0.941346 509 1 1533 0.0796191 0.0110681 0.0720184 0.941451 -1.27993 92.4866 
0.021827 1.2612 93524 1 1.10312 0.941346 510 0 1538 0.0753633 0.0101754 0.0245311 0.919225 -0.799822 92.6334 
0.364985 0.498964 93564 1 1.10312 0.941346 511 1 1539 0.0704771 0.00432231 -0.000862364 0.857599 -0.613112 92.6057 
0.411837 0.0606491 93644 1 1.10312 0.941346 512 1 1541 0.0738462 0.00883354 0.0142887 0.89158 -0.745071 92.6732 
0.412441 -0.00763746 93725 1 1.10312 0.941346 513 1 1543 0.0726637 0.00948796 0.00967473 0.890321 -0.717509 92.6732 
0.414594 -0.0118765 93765 1 1.10312 0.941346 514 1 1544 0.0739318 0.00866657 0.0105263 0.874596 -0.724817 92.6513 
0.412357 -0.0100019 93845 1 1.10312 0.941346 515 1 1546 0.0734842 0.00831586 0.0123048 0.871018 -0.727192 92.6414 
0.43983 0.052805 93925 1 1.10312 0.941346 516 1 1548 0.0731681 0.00835402 0.00943082 0.875458 -0.689606 92.6661 
0.431995 0.0771651 93965 1 1.10312 0.941346 517 1 1549 0.0732446 0.00862843 0.00926674 0.877672 -0.68132 92.6675 
0.432653 0.10497 94046 1 1.10312 0.941346 518 1 1551 0.0731449 0.0070486 0.0107092 0.867266 -0.69074 92.6299 
0.434567 0.155155 94126 1 1.10312 0.941346 519 1 1553 0.0726784 0.00819169 0.00899843 0.877145 -0.6814 92.6173 
0.439614 0.16984 94166 1 1.10312 0.941346 520 1 1554 0.0729154 0.00741033 0.0116916 0.875107 -0.700514 92.6129 
0.430537 0.167407 94246 1 1.10312 0.941346 521 1 1556 0.072361 0.00526664 0.0118297 0.849523 -0.699883 92.6511 
0.432942 0.158736 94326 1 1.10312 0.941346 522 1 1558 0.0724916 0.0061486 0.010753 0.859593 -0.688498 92.6567 
0.443845 0.134928 94366 1 1.10312 0.941346 523 1 1559 0.0733707 0.00928252 0.00788931 0.882773 -0.663877 92.6695 
0.439977 0.222055 94446 1 1.10312 0.941346 524 1 1561 0.0735018 0.00536745 0.00799938 0.857602 -0.661728 92.6309 
-0.463267 1.66392 94526 1 1.10312 0.941346 525 0 1563 0.0728282 0.0111367 0.00986175 0.903163 -0.633549 92.6407 
-0.187551 0.923524 94566 1 1.10312 0.941346 526 0 1564 0.0720412 0.0118031 -0.00678857 0.90558 -0.48507 92.7845 
0.381902 0.021021 94647 1 1.10312 0.941346 527 1 1566 0.0733843 -0.00298511 0.00979907 0.789913 -0.675685 92.8014 
0.391793 -0.16852 94687 1 1.10312 0.941346 528 1 1567 0.0730259 -0.000319861 0.0056393 0.813595 -0.641686 92.8138 
0.376714 -0.213133 94767 1 1.10312 0.941346 529 0 1569 0.0732172 0.00267062 0.00580235 0.834871 -0.644348 92.7506 
0.369169 -0.257655 94847 1 1.10312 0.941346 530 0 1571 0.0735416 0.00684282 0.00700932 0.867591 -0.646358 92.7193 
0.347119 -0.286628 94927 1 1.10312 0.941346 531 0 1573 0.0735215 0.00569304 0.00759694 0.857276 -0.647536 92.7361 
0.357387 -0.301556 94967 1 1.10312 0.941346 532 0 1574 0.0745525 0.00691655 0.00604907 0.86807 -0.631798 92.7088 
0.351916 -0.313242 95048 1 1.10312 0.941346 533 0 1576 0.073704 0.00682457 0.00837546 0.864763 -0.647583 92.7501 
0.35461 -0.292818 95128 1 1.10312 0.941346 534 0 1578 0.0734463 0.00626255 0.00688555 0.864536 -0.639882 92.7341 
0.35461 -0.292818 95128 1 1.10312 0.941346 535 0 1578 0.0734463 0.00626255 0.00688555 0.864536 -0.639882 92.7341 
0.35461 -0.292818 95128 1 1.10312 0.941346 536 0 1578 0.0734463 0.00626255 0.00688555 0.864536 -0.639882 92.7341 
0.357541 -0.280535 95328 1 1.10312 0.941346 537 0 1583 0.0742361 0.00598497 0.0112643 0.864438 -0.662591 92.7683 
0.36306 -0.296189 95368 1 1.10312 0.941346 538 0 1584 0.0748635 0.00682764 0.0126755 0.870793 -0.673097 92.7753 
0.358169 -0.319493 95449 1 1.10312 0.941346 539 0 1586 0.0746289 0.00405609 0.00702793 0.860966 -0.636495 92.7223 
0.358169 -0.319493 95449 1 1.10312 0.941346 540 0 1586 0.0746289 0.00405609 0.00702793 0.860966 -0.636495 92.7223 
0.38587 -0.249 95489 1 1.10312 0.941346 541 0 1587 0.0751901 0.00573951 0.00848304 0.878229 -0.648031 92.7376 
0.61837 0.0310372 95649 1 1.10312 0.941346 542 1 1591 0.0739335 0.00595282 0.00668084 0.863459 -0.634233 92.8221 
0.61182 -0.173818 95689 1 1.10312 0.941346 543 1 1592 0.0735293 0.00575203 0.0088219 0.858766 -0.661376 92.8074 
0.596561 -0.474636 95769 1 1.10312 0.941346 544 0 1594 0.072972 0.00396697 0.00441735 0.851922 -0.637277 92.8105 
0.596561 -0.474636 95769 1 1.10312 0.941346 545 0 1594 0.072972 0.00396697 0.00441735 0.851922 -0.637277 92.8105 
0.714341 -0.648737 95929 1 1.10312 0.941346 546 0 1598 0.0740618 0.0032606 0.0116978 0.858149 -0.689827 92.7988 
0.72332 -0.664915 95969 1 1.10312 0.941346 547 0 1599 0.0740903 0.00394795 0.0112369 0.87046 -0.682937 92.844 
0.699736 -0.681764 96049 1 1.10312 0.941346 548 0 1601 0.0752599 -0.000151156 0.00979438 0.854626 -0.675633 92.8548 
0.666655 -0.677975 96089 1 1.10312 0.941346 549 0 1602 0.0758028 -0.000748999 0.00782765 0.851002 -0.658817 92.8406 
0.666655 -0.677975 96089 1 1.10312 0.941346 550 0 1602 0.0758028 -0.000748999 0.00782765 0.851002 -0.658817 92.8406 
0.736133 -0.649387 96249 1 1.10312 0.941346 551 0 1606 0.0751382 -0.00621223 0.0121057 0.807718 -0.695631 92.8348 
0.736314 -0.650811 96290 1 1.10312 0.941346 552 0 1607 0.0743604 -0.00725449 0.0115429 0.800007 -0.690968 92.8243 
0.719216 -0.672995 96370 1 1.10312 0.941346 553 0 1609 0.0749676 -0.00756459 0.00951221 0.783373 -0.679816 92.8103 
0.713346 -0.634737 96410 1 1.10312 0.941346 554 0 1610 0.0754237 -0.0124515 0.00975087 0.745265 -0.68497 92.7374 
0.713346 -0.634737 96410 1 1.10312 0.941346 555 0 1610 0.0754237 -0.0124515 0.00975087 0.745265 -0.68497 92.7374 
0.751546 -0.579652 96570 1 1.10312 0.941346 556 0 1614 0.0748657 -0.00906744 0.00869612 0.755421 -0.673843 92.7118 
0.76619 -0.590726 96650 1 1.10312 0.941346 557 0 1616 0.0743707 -0.00195779 0.00934558 0.792099 -0.669662 92.6429 
0.787928 -0.582794 96690 1 1.10312 0.941346 558 0 1617 0.0745277 -0.00123592 0.00856706 0.795022 -0.662552 92.64 
0.746535 -0.559243 96730 1 1.10312 0.941346 559 0 1618 0.0745717 -0.00292765 0.00863433 0.779339 -0.66389 92.6531 
0.746535 -0.559243 96730 1 1.10312 0.941346 560 0 1618 0.0745717 -0.00292765 0.00863433 0.779339 -0.66389 92.6531 
0.623678 -0.561841 96890 1 1.10312 0.941346 561 0 1622 0.074613 -0.0021503 0.00936476 0.783363 -0.676947 92.6009 
0.47229 -0.539267 96972 1 1.10312 0.941346 562 0 1624 0.0745481 -0.00260584 0.00949007 0.769336 -0.671515 92.5848 
0.445434 -0.590822 97051 1 1.10312 0.941346 563 0 1626 0.0741797 -0.00343535 0.0113551 0.755094 -0.679505 92.6062 
0.445434 -0.590822 97051 1 1.10312 0.941346 564 0 1626 0.0741797 -0.00343535 0.0113551 0.755094 -0.679505 92.6062 
0.427476 -0.626963 97091 1 1.10312 0.941346 565 0 1627 0.074156 -0.00434987 0.00985273 0.746339 -0.665589 92.6041 
-0.706475 1.61129 97252 1 1.10312 0.941346 566 0 1631 0.074316 -0.0102929 0.0164674 0.705703 -0.730441 92.6145 
-0.365908 1.21453 97292 1 1.10312 0.941346 567 0 1632 0.0733029 0.00842581 0.00959862 0.865669 -0.63233 92.6833 
0.514602 -0.041059 97372 1 1.10312 0.941346 568 1 1634 0.0722529 -0.000217746 0.00538716 0.786442 -0.632309 92.7498 
0.514602 -0.041059 97372 1 1.10312 0.941346 569 1 1634 0.0722529 -0.000217746 0.00538716 0.786442 -0.632309 92.7498 
0.48449 -0.475132 97492 1 1.10312 0.941346 570 0 1637 0.0726087 -0.00230346 0.00612734 0.77355 -0.656626 92.6871 
0.521185 -0.414102 97572 1 1.10312 0.941346 571 0 1639 0.0727713 0.00559942 0.0126961 0.842151 -0.69563 92.5992 
0.509542 -0.403169 97653 1 1.10312 0.941346 572 0 1641 0.0717728 0.00363398 0.0166105 0.826458 -0.712184 92.6554 
0.512045 -0.411728 97692 1 1.10312 0.941346 573 0 1642 0.0723238 0.00408657 0.0129827 0.828512 -0.682126 92.6764 
0.522216 -0.421747 97772 1 1.10312 0.941346 574 0 1644 0.0734476 0.00527923 0.01134 0.836913 -0.676746 92.6537 
0.514003 -0.408669 97853 1 1.10312 0.941346 575 0 1646 0.0728357 0.00229296 0.0143112 0.812275 -0.704956 92.6494 
0.504172 -0.408074 97893 1 1.10312 0.941346 576 0 1647 0.0729545 0.0010189 0.0141818 0.798361 -0.696988 92.5668 
0.504172 -0.408074 97893 1 1.10312 0.941346 577 0 1647 0.0729545 0.0010189 0.0141818 0.798361 -0.696988 92.5668 
0.471015 -0.418128 98053 1 1.10312 0.941346 578 0 1651 0.0735146 -0.00389572 0.0128827 0.747604 -0.675079 92.6092 
0.515468 -0.169316 98093 1 1.10312 0.941346 579 1 1652 0.072924 -0.00321266 0.0072459 0.751393 -0.627565 92.606 
0.207512 0.91567 98174 1 1.10312 0.941346 580 0 1654 0.072795 0.00678678 -0.00023417 0.846689 -0.523182 92.7668 
0.262366 0.65324 98214 1 1.10312 0.941346 581 1 1655 0.0702836 -0.000571237 -9.07707e-005 0.773905 -0.552992 92.5658 
0.262366 0.65324 98214 1 1.10312 0.941346 582 1 1655 0.0702836 -0.000571237 -9.07707e-005 0.773905 -0.552992 92.5658 
0.383211 0.0703372 98373 1 1.10312 0.941346 583 1 1659 0.0730728 -0.00428788 0.0097955 0.756941 -0.637305 92.664 
0.38647 0.112306 98454 1 1.10312 0.941346 584 1 1661 0.0732824 -0.00603839 0.0055763 0.741151 -0.601155 92.706 
0.390323 0.126081 98494 1 1.10312 0.941346 585 1 1662 0.073796 -0.00560415 0.00917518 0.749152 -0.622115 92.7565 
0.376191 0.115665 98574 1 1.10312 0.941346 586 1 1664 0.0728305 -0.00530123 0.00706957 0.756694 -0.606788 92.7618 
0.37291 0.118331 98654 1 1.10312 0.941346 587 1 1666 0.0725706 -0.00632931 0.00778407 0.741739 -0.609823 92.7238 
0.380258 0.101039 98695 1 1.10312 0.941346 588 1 1667 0.0733993 -0.00371253 0.0112836 0.762669 -0.632591 92.7778 
0.378364 0.089971 98775 1 1.10312 0.941346 589 1 1669 0.0716175 -0.00337593 0.0128018 0.766327 -0.632723 92.8172 
0.387041 0.0596035 98855 1 1.10312 0.941346 590 1 1671 0.072227 -0.00279141 0.0109028 0.781739 -0.609624 92.8344 
0.387782 0.0507329 98895 1 1.10312 0.941346 591 1 1672 0.0724736 -0.00370458 0.0108433 0.78405 -0.60698 92.8176 
0.398525 0.0750381 98975 1 1.10312 0.941346 592 1 1674 0.0728655 -0.00137899 0.0139691 0.814939 -0.615686 92.8172 
-0.614147 1.99915 99055 1 1.10312 0.941346 593 0 1676 0.0721232 -0.00397404 0.0134144 0.799547 -0.609873 92.7931 
-0.517756 1.75838 99095 1 1.10312 0.941346 594 0 1677 0.0712287 0.00432241 0.0174313 0.874334 -0.594173 92.8303 
0.114499 0.571607 99175 1 1.10312 0.941346 595 0 1679 0.0695473 0.000817018 0.00252566 0.843315 -0.459529 93.0098 
0.377773 0.262525 99255 1 1.10312 0.941346 596 1 1681 0.072004 -0.00276109 0.0124853 0.803937 -0.578613 92.9294 
0.417564 0.201033 99295 1 1.10312 0.941346 597 1 1682 0.0712399 0.000928487 0.0115937 0.840696 -0.572726 92.903 
0.406196 0.112211 99375 1 1.10312 0.941346 598 1 1684 0.072172 -0.00148147 0.0122602 0.836178 -0.585937 92.9296 
0.415913 0.0638333 99456 1 1.10312 0.941346 599 1 1686 0.0726429 0.00136265 0.0147817 0.864735 -0.60251 92.9532 
0.400924 0.0640379 99496 1 1.10312 0.941346 600 1 1687 0.0720497 -0.00233055 0.0174624 0.841348 -0.624516 92.9624 
0.394229 0.278823 99576 1 1.10312 0.941346 601 1 1689 0.0722654 -0.0103534 0.0163405 0.797451 -0.625691 92.8798 
0.331038 0.197908 99656 1 1.10312 0.941346 602 1 1691 0.0723003 -0.02799 0.00516027 0.677661 -0.569742 92.7201 
0.326339 0.193194 99696 1 1.10312 0.941346 603 1 1692 0.0723178 -0.0265028 0.0053219 0.678144 -0.581544 92.6385 
0.29238 0.200397 99777 1 1.10312 0.941346 604 1 1694 0.0727312 -0.0324614 0.0072288 0.622202 -0.606283 92.6637 
0.310601 0.195814 99857 1 1.10312 0.941346 605 1 1696 0.0728314 -0.0220696 0.0067841 0.691947 -0.603733 92.6549 
0.300808 0.179203 99896 1 1.10312 0.941346 606 1 1697 0.072408 -0.0230873 0.00476467 0.677737 -0.589162 92.6741 
0.348033 0.183541 99977 1 1.10312 0.941346 607 1 1699 0.0736904 -0.0206198 0.00449454 0.692831 -0.591099 92.6274 
0.357004 0.195953 100057 1 1.10312 0.941346 608 1 1701 0.0736234 -0.0187785 0.00672335 0.707255 -0.603057 92.6329 
0.35706 0.21613 100097 1 1.10312 0.941346 609 1 1702 0.0738983 -0.018106 0.00788174 0.71209 -0.60965 92.6212 
0.101019 1.31791 100177 1 1.10312 0.941346 610 0 1704 0.0751966 -0.0091418 0.0222824 0.777534 -0.732116 92.5868 
-0.495114 1.77476 100258 1 1.10312 0.941346 611 0 1706 0.0731799 -0.00539342 0.00660887 0.815018 -0.562302 92.6472 
-0.0334894 1.05212 100297 1 1.10312 0.941346 612 0 1707 0.0711761 -0.00617365 0.00174276 0.805229 -0.507468 92.7794 
0.319667 0.372673 100377 1 1.10312 0.941346 613 1 1709 0.0735405 -0.016372 0.0138659 0.726208 -0.662638 92.7583 
0.403092 -0.0491622 100458 1 1.10312 0.941346 614 1 1711 0.0730193 -0.00406271 0.00773285 0.813179 -0.603365 92.8317 
0.403678 -0.0868061 100498 1 1.10312 0.941346 615 1 1712 0.074189 -0.0026341 0.0083585 0.819612 -0.609479 92.8244 
0.381064 -0.205108 100578 1 1.10312 0.941346 616 0 1714 0.0729574 -0.000476616 0.00741392 0.827136 -0.613064 92.8209 
0.382761 -0.222343 100658 1 1.10312 0.941346 617 0 1716 0.0734496 0.00185354 0.00885967 0.840183 -0.636023 92.7356 
0.371588 -0.231817 100698 1 1.10312 0.941346 618 0 1717 0.072627 0.00184694 0.00965168 0.834786 -0.641774 92.7553 
0.382984 -0.246512 100778 1 1.10312 0.941346 619 0 1719 0.0723016 0.00566108 0.0120271 0.865616 -0.658296 92.7119 
0.349655 -0.282584 100858 1 1.10312 0.941346 620 0 1721 0.0721982 0.00109639 0.01074 0.830705 -0.652217 92.7843 
0.348622 -0.293777 100898 1 1.1099 0.9375 621 0 1722 0.0721022 0.00161831 0.00885432 0.836169 -0.642386 92.7535 
0.348595 -0.308722 100939 1 1.11979 0.927885 622 0 1723 0.0723764 0.00231268 0.00784215 0.843177 -0.644056 92.7641 
0.348595 -0.308722 100939 1 1.11979 0.927885 623 0 1723 0.0723764 0.00231268 0.00784215 0.843177 -0.644056 92.7641 
0.359311 -0.383348 101098 1 1.11979 0.927885 624 0 1727 0.0731574 0.00282329 0.0142018 0.845937 -0.728657 92.6647 
0.303554 -0.486961 101179 1 1.11979 0.927885 625 0 1729 0.0729003 0.00128906 0.0157461 0.832027 -0.737884 92.691 
0.285986 -0.659614 101259 1 1.11979 0.927885 626 0 1731 0.0737085 0.00231755 0.0149049 0.838915 -0.733812 92.7132 
0.285986 -0.659614 101259 1 1.11979 0.927885 627 0 1731 0.0737085 0.00231755 0.0149049 0.838915 -0.733812 92.7132 
0.285986 -0.659614 101259 1 1.12969 0.958654 628 0 1731 0.0737085 0.00231755 0.0149049 0.838915 -0.733812 92.7132 
0.27299 -0.839344 101460 1 1.13333 0.988462 629 0 1736 0.0738913 0.00063897 0.0173123 0.830089 -0.749924 92.7254 
0.274157 -0.845008 101500 1 1.13385 0.999038 630 0 1737 0.0734971 0.000871179 0.0180482 0.827864 -0.75784 92.7238 
0.272307 -0.870649 101580 1 1.13333 1.00673 631 0 1739 0.0732437 0.0017157 0.0195983 0.837757 -0.775956 92.7417 
0.272307 -0.870649 101580 1 1.13333 1.00673 632 0 1739 0.0732437 0.0017157 0.0195983 0.837757 -0.775956 92.7417 
0.269472 -0.887176 101620 1 1.13437 1.00673 633 0 1740 0.0734356 0.00276392 0.0190396 0.845907 -0.771657 92.7437 
0.261353 -0.86802 101780 1 1.13646 1.00673 634 0 1744 0.0733809 0.00161365 0.0201915 0.834818 -0.776442 92.7217 
0.202106 -0.767079 101860 1 1.13698 1.01058 635 0 1746 0.0728469 -6.40466e-005 0.0182055 0.815227 -0.760735 92.7466 
0.164297 -0.716356 101900 1 1.13698 1.01154 636 0 1747 0.073497 0.00240601 0.0177837 0.836849 -0.759944 92.7408 
0.164297 -0.716356 101900 1 1.13698 1.01154 637 0 1747 0.073497 0.00240601 0.0177837 0.836849 -0.759944 92.7408 
0.117091 -0.710956 102021 1 1.13698 1.01154 638 0 1750 0.0736004 0.00396363 0.0163051 0.854642 -0.756877 92.7504 
0.0960419 -0.680427 102101 1 1.13698 1.01154 639 0 1752 0.0735634 0.00318814 0.0177528 0.84816 -0.767312 92.7479 
0.0664233 -0.671754 102181 1 1.13698 1.01154 640 0 1754 0.0730453 0.00235779 0.0171961 0.847899 -0.760987 92.7856 
0.0414497 -0.652051 102221 1 1.13698 1.01154 641 0 1755 0.0736727 0.000534798 0.0202427 0.836301 -0.783175 92.7436 
0.0414497 -0.652051 102221 1 1.13698 1.01154 642 0 1755 0.0736727 0.000534798 0.0202427 0.836301 -0.783175 92.7436 
-0.0401854 -0.629211 102382 1 1.13698 1.01154 643 0 1759 0.0735712 0.00140146 0.0180406 0.830453 -0.755037 92.758 
0.0110251 -0.6449 102421 1 1.13698 1.01154 644 0 1760 0.072816 0.000759676 0.0170066 0.822148 -0.740984 92.7734 
0.00611611 -0.657323 102502 1 1.13698 1.01154 645 0 1762 0.0732934 -0.000866553 0.0166879 0.811563 -0.741758 92.7521 
0.00486404 -0.656923 102542 1 1.13698 1.01154 646 0 1763 0.0735611 0.000422063 0.0170664 0.816338 -0.742137 92.759 
0.00486404 -0.656923 102542 1 1.13698 1.01154 647 0 1763 0.0735611 0.000422063 0.0170664 0.816338 -0.742137 92.759 
-0.595199 1.53437 102702 1 1.13698 1.01154 648 0 1767 0.0726447 0.000708199 0.0183538 0.816656 -0.753031 92.7297 
0.246137 0.278064 102782 1 1.13698 1.01154 649 1 1769 0.0694114 -0.00109129 0.00456315 0.794932 -0.630042 92.7562 
0.256475 -0.119885 102823 1 1.13698 1.01154 650 1 1770 0.0715724 -0.00312661 0.010718 0.768414 -0.68649 92.6974 
0.236781 -0.283866 102862 1 1.13698 1.01154 651 0 1771 0.0715456 -0.00669085 0.00977762 0.734605 -0.682245 92.7018 
0.236781 -0.283866 102862 1 1.13698 1.01154 652 0 1771 0.0715456 -0.00669085 0.00977762 0.734605 -0.682245 92.7018 
0.184464 -0.468204 103062 1 1.13698 1.01154 653 0 1776 0.0720678 -0.00161089 0.0189669 0.785704 -0.772146 92.6442 
0.192331 -0.474241 103102 1 1.13698 1.01154 654 0 1777 0.0720936 0.000262704 0.0216173 0.801478 -0.791334 92.6197 
0.195907 -0.496595 103183 1 1.13698 1.01154 655 0 1779 0.0723875 0.00229548 0.0173259 0.822503 -0.745136 92.5877 
0.176528 -0.512912 103223 1 1.13698 1.01154 656 0 1780 0.0719347 8.72074e-005 0.0162896 0.803427 -0.734144 92.6038 
0.176528 -0.512912 103223 1 1.13698 1.01154 657 0 1780 0.0719347 8.72074e-005 0.0162896 0.803427 -0.734144 92.6038 
0.169744 -0.427809 103384 1 1.13698 1.01154 658 0 1784 0.0707692 0.00319693 0.016266 0.82825 -0.725778 92.5644 
0.165924 -0.391785 103424 1 1.13698 1.01154 659 0 1785 0.0702206 0.00479719 0.0186677 0.839011 -0.738137 92.5803 
0.0909119 -0.412291 103504 1 1.13698 1.01154 660 0 1787 0.0707408 0.00502795 0.014014 0.852405 -0.707173 92.5817 
0.0610278 -0.417592 103543 1 1.13698 1.01154 661 0 1788 0.0710351 0.00508658 0.0145329 0.855246 -0.715347 92.5551 
0.0610278 -0.417592 103543 1 1.13698 1.01154 662 0 1788 0.0710351 0.00508658 0.0145329 0.855246 -0.715347 92.5551 
-0.0374582 -0.381567 103704 1 1.13698 1.01154 663 0 1792 0.0707763 0.00412135 0.0156776 0.843798 -0.7239 92.5824 
0.193074 -0.365382 103784 1 1.13698 1.01154 664 0 1794 0.0709952 0.00551619 0.0136603 0.858523 -0.711707 92.5601 
0.30453 -0.37806 103864 1 1.13698 1.01154 665 0 1796 0.0725962 0.00849642 0.0216278 0.878081 -0.768151 92.199 
0.30453 -0.37806 103864 1 1.07031 0.938462 666 0 1796 0.0725962 0.00849642 0.0216278 0.878081 -0.768151 92.199 
0.30453 -0.37806 103864 1 0.859375 0.821154 667 0 1796 0.0725962 0.00849642 0.0216278 0.878081 -0.768151 92.199 
0.263028 -0.467236 104024 1 0.808854 0.8 668 0 1800 0.0730333 0.00566511 0.0159097 0.849346 -0.723463 92.251 
0.260998 -0.49135 104104 1 0.842708 0.7875 669 0 1802 0.0726812 0.00559849 0.0156913 0.854181 -0.734249 92.1813 
0.237294 -0.47019 104185 1 0.964063 0.766346 670 0 1804 0.07354 -0.00199743 0.0168855 0.788499 -0.749284 92.2003 
0.237294 -0.47019 104185 1 1.0026 0.756731 671 0 1804 0.07354 -0.00199743 0.0168855 0.788499 -0.749284 92.2003 
0.260311 -0.496428 104225 1 1.00625 0.747115 672 0 1805 0.073623 0.00303603 0.0138623 0.836016 -0.72348 92.1868 
0.232586 -0.478336 104385 1 1.0099 0.738462 673 0 1809 0.0723283 -0.00106848 0.0165101 0.799993 -0.74352 92.3116 
0.274219 -0.372794 104425 1 1.01042 0.738462 674 0 1810 0.0721669 -0.00238155 0.0172737 0.79155 -0.752186 92.3284 
0.390168 -0.0269 104506 1 0.98125 0.733654 675 1 1812 0.0713674 -0.000501296 0.0203039 0.80153 -0.776981 92.2866 
0.390168 -0.0269 104506 1 0.884375 0.776923 676 1 1812 0.0713674 -0.000501296 0.0203039 0.80153 -0.776981 92.2866 
0.409986 -0.0660352 104626 1 0.804688 0.847115 677 1 1815 0.0718922 0.00165572 0.0157765 0.832431 -0.738653 92.2926 
0.400181 -0.0856518 104705 1 0.794271 0.869231 678 1 1817 0.0716397 -0.000860662 0.0159595 0.809608 -0.731909 92.3139 
0.415547 -0.0952534 104786 1 0.796354 0.869231 679 1 1819 0.0721615 0.00189621 0.0134659 0.829907 -0.710496 92.3224 
0.420533 0.0126343 104826 1 0.813021 0.861538 680 1 1820 0.0710526 0.00118626 0.0154433 0.822696 -0.729047 92.3138 
-0.584848 1.79385 104906 1 0.830208 0.828846 681 0 1822 0.0725583 0.00473635 0.0124182 0.865595 -0.666132 92.3879 
0.350473 0.396426 104986 1 0.830729 0.826923 682 1 1824 0.0705066 0.00241382 0.000780271 0.827849 -0.590103 92.5039 
0.475608 0.100288 105026 1 0.830729 0.826923 683 1 1825 0.0735989 0.00161317 0.0174516 0.831234 -0.740266 92.5179 
0.404707 -0.158233 105106 1 0.830729 0.826923 684 1 1827 0.0731636 0.00322899 0.0107089 0.83732 -0.68254 92.638 
0.402622 -0.151212 105187 1 0.830729 0.826923 685 1 1829 0.0729242 0.00181777 0.0109236 0.837646 -0.692127 92.6378 
0.386941 -0.12874 105227 1 0.839583 0.826923 686 1 1830 0.0730005 0.00331316 0.0150313 0.854823 -0.727033 92.6008 
0.370074 -0.155177 105306 1 0.96875 0.807692 687 1 1832 0.0734127 0.00144752 0.0156695 0.842951 -0.733013 92.6329 
0.365859 -0.167149 105387 1 1.02031 0.799038 688 1 1834 0.0737025 0.00313361 0.0122308 0.858118 -0.707029 92.5382 
0.352458 -0.148166 105427 1 1.02396 0.797115 689 1 1835 0.0737978 -0.00232082 0.013866 0.813438 -0.723464 92.5176 
0.345199 -0.174678 105508 1 1.02396 0.797115 690 1 1837 0.0749156 -0.00133074 0.0112976 0.81332 -0.703433 92.5989 
0.36348 -0.179593 105588 1 1.02396 0.797115 691 1 1839 0.0755458 -0.000924289 0.0110401 0.82494 -0.6959 92.5502 
0.356728 -0.176418 105628 1 1.02396 0.797115 692 1 1840 0.0740546 6.55842e-005 0.0117094 0.830188 -0.698766 92.5621 
0.34506 -0.184867 105708 1 1.02396 0.797115 693 1 1842 0.0736185 -0.00305884 0.00940758 0.813017 -0.683228 92.5203 
0.329268 -0.171763 105788 1 1.02396 0.797115 694 1 1844 0.0746287 -0.00699235 0.0139574 0.780104 -0.720515 92.5389 
0.344164 -0.163437 105828 1 1.02396 0.797115 695 1 1845 0.0747207 -0.00449156 0.0152113 0.79749 -0.729062 92.5744 
0.341325 -0.175585 105908 1 1.02396 0.797115 696 1 1847 0.073853 -0.0055739 0.0137028 0.789363 -0.71273 92.6007 
0.346888 -0.202441 105989 1 1.02396 0.797115 697 0 1849 0.074497 -0.00366353 0.00884003 0.808373 -0.680024 92.5662 
0.257767 -0.220962 106029 1 1.02396 0.797115 698 0 1850 0.0743232 -0.00767943 0.00934973 0.78104 -0.687929 92.5258 
0.135496 -0.307493 106108 1 1.02396 0.797115 699 0 1852 0.0740993 -0.00170656 0.011841 0.821331 -0.692982 92.527 
0.103217 -0.378886 106188 1 1.02396 0.797115 700 0 1854 0.0740123 -0.000770832 0.0133359 0.825828 -0.70666 92.5272 
0.0944982 -0.283534 106229 1 1.02396 0.797115 701 0 1855 0.0744835 -0.00273302 0.01477 0.804617 -0.718652 92.5702 
-0.829251 1.73433 106309 1 1.02396 0.797115 702 0 1857 0.0732746 0.00411158 0.011082 0.876024 -0.648159 92.5861 
-0.538754 1.02297 106348 1 1.02396 0.797115 703 0 1858 0.0711388 -0.000521106 -0.00680521 0.834697 -0.493716 92.6894 
-0.538754 1.02297 106348 1 1.02396 0.797115 704 0 1858 0.0711388 -0.000521106 -0.00680521 0.834697 -0.493716 92.6894 
0.0187078 -0.283347 106509 1 1.02396 0.797115 705 0 1862 0.0755536 0.000706551 0.0271696 0.838736 -0.813531 92.5808 
-0.0952255 -0.605944 106589 1 1.02396 0.797115 706 0 1864 0.0736589 0.00275141 0.0104755 0.846333 -0.667654 92.6711 
-0.156511 -0.687463 106629 1 1.02396 0.797115 707 0 1865 0.074028 0.00153754 0.0122891 0.834436 -0.688877 92.6516 
-0.247446 -0.742387 106709 1 1.02396 0.797115 708 0 1867 0.0742645 -0.000440516 0.0128584 0.825155 -0.689036 92.654 
-0.285742 -0.756483 106790 1 1.02396 0.797115 709 0 1869 0.0745826 -0.0077584 0.011435 0.7745 -0.685513 92.5569 
-0.304321 -0.764785 106830 1 1.02396 0.797115 710 0 1870 0.0748742 -0.00762231 0.0115594 0.773121 -0.68735 92.57 
-0.260644 -0.739834 106910 1 1.02396 0.797115 711 0 1872 0.0752683 -0.00427191 0.0133116 0.797948 -0.700029 92.5881 
-0.260644 -0.739834 106910 1 1.02396 0.797115 712 0 1872 0.0752683 -0.00427191 0.0133116 0.797948 -0.700029 92.5881 
-0.249133 -0.751612 107030 1 1.02396 0.797115 713 0 1875 0.0736318 -0.00478204 0.0105775 0.797033 -0.686294 92.5185 
-0.250365 -0.751164 107111 1 1.02396 0.797115 714 0 1877 0.0753111 -0.0075139 0.0131904 0.774043 -0.704568 92.5198 
-0.245952 -0.765033 107191 1 1.02396 0.797115 715 0 1879 0.0743262 -0.00427747 0.0147003 0.803071 -0.704156 92.5254 
-0.245385 -0.772932 107231 1 1.02396 0.797115 716 0 1880 0.0738677 -0.00302927 0.0153491 0.815195 -0.708823 92.5125 
-0.245385 -0.772932 107231 1 1.02396 0.797115 717 0 1880 0.0738677 -0.00302927 0.0153491 0.815195 -0.708823 92.5125 
-0.257454 -0.790299 107351 1 1.02396 0.797115 718 0 1883 0.0743903 -0.00699593 0.0119058 0.792074 -0.691737 92.4957 
-0.358995 -0.779053 107431 1 1.02396 0.797115 719 0 1885 0.0754624 -0.00752555 0.017048 0.783184 -0.735962 92.5367 
0.0304248 -0.647464 107511 1 1.02396 0.797115 720 0 1887 0.0766195 -0.00739799 0.025138 0.787159 -0.801263 92.5326 
0.131066 -0.722143 107551 1 1.02396 0.797115 721 0 1888 0.0753942 -0.00711921 0.0197307 0.77922 -0.750536 92.5237 
0.131066 -0.722143 107551 1 1.02396 0.797115 722 0 1888 0.0753942 -0.00711921 0.0197307 0.77922 -0.750536 92.5237 
0.213843 -0.859482 107711 1 1.02396 0.797115 723 0 1892 0.0734784 -0.00564306 0.0124106 0.786363 -0.67061 92.5185 
0.175804 -0.831444 107791 1 1.02396 0.797115 724 0 1894 0.0727819 0.000535941 0.00955589 0.797638 -0.672546 92.5576 
0.189894 -0.791328 107832 1 1.02396 0.797115 725 0 1895 0.0739262 0.00561385 0.0118332 0.821116 -0.71525 92.5431 
0.190082 -0.736467 107872 1 1.02396 0.797115 726 0 1896 0.0723932 0.00574094 0.0176184 0.809442 -0.775513 92.4798 
0.190082 -0.736467 107872 1 1.02396 0.797115 727 0 1896 0.0723932 0.00574094 0.0176184 0.809442 -0.775513 92.4798 
0.196891 -0.731959 108031 1 1.02396 0.797115 728 0 1900 0.0722975 0.00347655 0.0196307 0.796607 -0.79051 92.5585 
0.208565 -0.727637 108112 1 1.02396 0.797115 729 0 1902 0.0738169 0.000863896 0.0195158 0.805579 -0.795748 92.5506 
0.220237 -0.705729 108193 1 1.02396 0.797115 730 0 1904 0.0747771 -0.000177923 0.0215535 0.816446 -0.814142 92.5102 
0.220237 -0.705729 108193 1 1.02396 0.797115 731 0 1904 0.0747771 -0.000177923 0.0215535 0.816446 -0.814142 92.5102 
0.220237 -0.705729 108193 1 1.02396 0.797115 732 0 1904 0.0747771 -0.000177923 0.0215535 0.816446 -0.814142 92.5102 
0.190343 -0.529045 108392 1 1.02396 0.797115 733 0 1909 0.0737745 0.00134456 0.0215539 0.811182 -0.806255 92.5714 
0.191355 -0.55458 108433 1 1.02396 0.797115 734 0 1910 0.0733157 -0.00068217 0.0164568 0.802945 -0.769022 92.6131 
0.299443 -0.121899 108513 1 1.02396 0.797115 735 1 1912 0.0741209 -0.00302093 0.0197054 0.802716 -0.787474 92.5549 
0.299443 -0.121899 108513 1 1.02396 0.797115 736 1 1912 0.0741209 -0.00302093 0.0197054 0.802716 -0.787474 92.5549 
0.299443 -0.121899 108513 1 1.02396 0.797115 737 1 1912 0.0741209 -0.00302093 0.0197054 0.802716 -0.787474 92.5549 
0.387255 0.159668 108714 1 1.02396 0.797115 738 1 1917 0.0758945 -0.00101983 0.0242488 0.840282 -0.819287 92.5945 
0.340945 -0.028182 108754 1 1.02396 0.797115 739 1 1918 0.0749843 -0.00364369 0.0178479 0.812682 -0.767966 92.6252 
0.332883 -0.105268 108833 1 1.02396 0.797115 740 1 1920 0.07435 -0.00310231 0.0158381 0.814461 -0.744421 92.584 
0.355358 0.0269793 108913 1 1.02396 0.797115 741 1 1922 0.0738572 -0.00641559 0.0129946 0.792967 -0.712466 92.6501 
0.34547 -0.0022987 108994 1 1.02396 0.797115 742 1 1924 0.0747622 -0.00955843 0.0140572 0.783769 -0.711927 92.6042 
0.335157 0.032313 109034 1 1.02396 0.797115 743 1 1925 0.0744107 -0.00895344 0.0187805 0.783909 -0.739831 92.6043 
0.347614 0.142561 109115 1 1.02396 0.797115 744 1 1927 0.0727419 -0.00889947 0.0118902 0.785408 -0.677183 92.6007 
0.355104 0.132336 109154 1 1.02396 0.797115 745 1 1928 0.0732047 -0.00878925 0.0113605 0.79093 -0.667151 92.6256 
0.329837 0.120017 109234 1 1.02396 0.797115 746 1 1930 0.0733971 -0.0119094 0.0101808 0.758584 -0.658449 92.6754 
0.350762 0.168794 109315 1 1.02396 0.797115 747 1 1932 0.0737109 -0.00902515 0.0108687 0.775449 -0.658771 92.6479 
0.387903 0.148598 109394 1 1.02396 0.797115 748 1 1934 0.073338 -0.00119919 0.0108081 0.838419 -0.642923 92.5809 
0.515116 -0.0438471 109435 1 1.02396 0.797115 749 1 1935 0.0724267 -0.0082961 0.00381875 0.7756 -0.586507 92.4394 
0.667295 -0.704665 109514 1 1.02396 0.797115 750 0 1937 0.0726097 -0.0264023 0.0080122 0.628731 -0.650803 92.446 
0.647089 -0.811273 109555 1 1.02396 0.797115 751 0 1938 0.0726404 -0.0282197 0.0103019 0.618492 -0.676577 92.4835 
0.640536 -0.87619 109635 1 1.02396 0.797115 752 0 1940 0.0728145 -0.0287971 0.00974345 0.608319 -0.669187 92.4058 
0.566443 -0.914294 109715 1 1.02396 0.797115 753 0 1942 0.0739561 -0.0294014 0.001715 0.582017 -0.587892 91.7384 
0.522147 -0.976332 109755 1 1.02396 0.797115 754 0 1943 0.0763685 -0.0210253 -0.00716766 0.627104 -0.524339 91.5038 
0.507755 -0.963923 109836 1 1.02396 0.797115 755 0 1945 0.0778862 -0.0189405 -0.0208777 0.62372 -0.488227 91.6943 
0.589928 -0.220362 109876 1 1.02396 0.797115 756 0 1946 0.0769463 -0.0150945 -0.0249376 0.655352 -0.503282 91.8214 
0.589928 -0.220362 109876 1 1.02396 0.797115 757 0 1946 0.0769463 -0.0150945 -0.0249376 0.655352 -0.503282 91.8214 
0.733569 -0.0462219 110036 1 1.02396 0.797115 758 1 1950 0.0812894 -0.0242145 0.0294626 0.724139 -1.11173 93.5907 
0.783226 -0.863471 110116 1 1.02396 0.797115 759 0 1952 0.0860905 0.00521468 0.0138688 0.945797 -1.28662 95.482 
0.824609 -1.01129 110156 1 1.02396 0.797115 760 0 1953 0.0898393 0.0176101 0.0176099 1.05653 -1.52429 96.7327 
0.848752 -1.03131 110196 1 1.02396 0.797115 761 0 1954 0.0902672 0.027886 0.0199929 1.14424 -1.76465 97.6533 
0.848752 -1.03131 110196 1 1.02396 0.797115 762 0 1954 0.0902672 0.027886 0.0199929 1.14424 -1.76465 97.6533 
-0.271438 -1.01054 110356 1 1.02396 0.797115 763 0 1958 0.0945473 -0.0259051 0.00624447 0.940505 -2.31991 99.1769 
-0.228467 -1.19591 110436 1 1.02396 0.797115 764 0 1960 0.0951827 -0.083994 0.0371244 0.712762 -2.56088 99.6072 
-0.214217 -1.34114 110476 1 1.02396 0.797115 765 0 1961 0.0960213 -0.101148 0.067174 0.688143 -2.72051 100.275 
0.559009 -0.118888 110517 1 1.02396 0.797115 766 0 1962 0.0960497 -0.115733 0.082117 0.65289 -2.63332 101.307 
0.559009 -0.118888 110517 1 1.02396 0.797115 767 0 1962 0.0960497 -0.115733 0.082117 0.65289 -2.63332 101.307 
-0.120434 1.15457 110717 1 1.02396 0.797115 768 0 1967 0.0980744 -0.157918 0.0653646 0.633023 -2.52066 102.001 
-0.256308 1.27337 110756 1 1.02396 0.797115 769 0 1968 0.102087 -0.169939 0.0656568 0.595904 -2.67214 101.481 
0.331649 1.01616 110837 1 1.02396 0.769231 770 1 1970 0.104763 -0.184012 0.0524356 0.563004 -2.81451 100.642 
0.331649 1.01616 110837 1 1.02188 0.744231 771 1 1970 0.104763 -0.184012 0.0524356 0.563004 -2.81451 100.642 
0.331649 1.01616 110837 1 1.01458 0.749038 772 1 1970 0.104763 -0.184012 0.0524356 0.563004 -2.81451 100.642 
-0.756213 -1.4964 111038 1 0.9875 0.767308 773 0 1975 0.106128 -0.200248 0.0740982 0.569599 -3.16647 99.0281 
-4.08198 4.08773 111118 1 0.977604 0.782692 774 0 1977 0.11235 -0.175721 0.0795526 0.686265 -3.3815 98.1733 
0.183072 1.58224 111157 1 0.976563 0.785577 775 0 1978 0.112432 -0.155411 0.094923 0.823501 -3.53923 97.9634 
0.562864 1.04998 111238 1 0.976563 0.779808 776 0 1980 0.102131 -0.143835 0.116431 0.844361 -3.61147 97.2445 
0.509564 1.07775 111278 1 0.976563 0.756731 777 0 1981 0.0988495 -0.140307 0.103175 0.821435 -3.44753 97.0405 
0.565229 0.0896166 111358 1 0.976042 0.747115 778 0 1983 0.0986041 -0.131075 0.124178 0.824727 -3.43411 95.5125 
0.565229 0.0896166 111358 1 0.976042 0.747115 779 0 1983 0.0986041 -0.131075 0.124178 0.824727 -3.43411 95.5125 
0.565229 0.0896166 111358 1 0.976042 0.747115 780 0 1983 0.0986041 -0.131075 0.124178 0.824727 -3.43411 95.5125 
-0.664873 0.790597 111558 1 0.976042 0.747115 781 0 1988 0.0937745 -0.0995237 0.095693 0.738181 -2.76835 91.739 
0.117736 -0.307264 111639 1 0.976042 0.747115 782 0 1990 0.117878 -0.0569745 0.0889416 0.958613 -2.84051 92.1001 
0.221083 -0.655842 111679 1 0.976042 0.747115 783 0 1991 0.124326 -0.0291582 0.0816934 1.21037 -2.97891 92.1213 
0.221083 -0.655842 111679 1 0.976042 0.747115 784 0 1991 0.124326 -0.0291582 0.0816934 1.21037 -2.97891 92.1213 
0.335451 -0.800827 111839 1 0.976042 0.747115 785 0 1995 0.125571 -0.0230741 0.0679378 1.56946 -3.04992 92.7554 
0.301879 -0.814373 111920 1 0.976042 0.747115 786 0 1997 0.127392 -0.0383453 0.0695894 1.54494 -3.00567 94.2401 
0.255358 -0.80293 111959 1 0.976042 0.747115 787 0 1998 0.125666 -0.0346085 0.0748075 1.56214 -3.0366 94.8745 
0.211739 -0.827028 111999 1 0.976042 0.747115 788 0 1999 0.126789 -0.0305788 0.066966 1.52951 -2.9731 95.5403 
0.211739 -0.827028 111999 1 0.976042 0.747115 789 0 1999 0.126789 -0.0305788 0.066966 1.52951 -2.9731 95.5403 
-0.376549 0.609863 112200 1 0.972917 0.738462 790 0 2004 0.123504 -0.0245614 0.037276 1.27679 -3.02906 97.2027 
-0.340972 0.837321 112240 1 0.939063 0.704808 791 0 2005 0.114722 -0.001536 0.0172288 1.30449 -3.02107 97.571 
-0.0607875 0.355843 112280 1 0.855208 0.692308 792 0 2006 0.113707 0.0255434 0.000934461 1.38473 -3.03738 97.4294 
0.540714 0.247385 112320 1 0.760417 0.691346 793 1 2007 0.112879 0.0459044 0.00488432 1.40083 -3.27169 96.4941 
0.540714 0.247385 112320 1 0.739583 0.693269 794 1 2007 0.112879 0.0459044 0.00488432 1.40083 -3.27169 96.4941 
1.18444 -0.505586 112521 1 0.746875 0.688462 795 0 2012 0.0865227 0.193957 -0.0156567 1.91294 -3.78447 95.7386 
1.33789 -0.357479 112561 1 0.769271 0.663462 796 0 2013 0.0802807 0.23742 -0.00114366 2.10389 -4.04408 95.3424 
1.44602 -0.198369 112640 1 0.790104 0.629808 797 0 2015 0.0563668 0.329206 0.0132397 2.24462 -4.2744 95.2978 
1.74661 2.46618 112722 1 0.794271 0.615385 798 0 2017 0.0430765 0.497476 0.11505 2.15402 -4.63048 94.9363 
1.98397 3.2566 112761 1 0.796354 0.609615 799 0 2018 0.0284032 0.654543 0.189017 2.14836 -4.70542 94.822 
1.96832 4.29583 112841 1 0.796354 0.609615 800 0 2020 0.00536632 0.818992 0.283094 0.35167 -4.31824 95.6856 
0.613112 -0.103384 112882 1 0.796354 0.609615 801 0 2021 -0.0268991 0.884177 0.371242 -0.66834 -4.37941 96.0848 
0.613112 -0.103384 112882 1 0.796354 0.609615 802 0 2021 -0.0268991 0.884177 0.371242 -0.66834 -4.37941 96.0848 
-0.143311 -0.497953 112921 1 0.796354 0.609615 803 0 2022 -0.0499718 0.998988 0.426716 -1.12032 -4.17624 95.0605 
-0.143311 -0.497953 112921 1 0.796354 0.609615 804 0 2022 -0.0499718 0.998988 0.426716 -1.12032 -4.17624 95.0605 
-0.143311 -0.497953 113045 1 0.796354 0.609615 805 0 2025 -0.0499718 0.998988 0.426716 -1.12032 -4.17624 95.0605 
-0.143311 -0.497953 113163 1 0.796354 0.609615 806 0 2028 -0.0499718 0.998988 0.426716 -1.12032 -4.17624 95.0605 
-0.143311 -0.497953 113163 1 0.796354 0.609615 807 0 2028 -0.0499718 0.998988 0.426716 -1.12032 -4.17624 95.0605 
-0.143311 -0.497953 113286 1 0.796354 0.6125 808 0 2031 -0.0499718 0.998988 0.426716 -1.12032 -4.17624 95.0605 
-0.143311 -0.497953 113286 1 0.798438 0.625 809 0 2031 -0.0499718 0.998988 0.426716 -1.12032 -4.17624 95.0605 
-0.143311 -0.497953 113457 1 0.830729 0.661538 810 0 2035 -0.0499718 0.998988 0.426716 -1.12032 -4.17624 95.0605 
-0.143311 -0.497953 113457 1 0.830729 0.661538 811 0 2035 -0.0499718 0.998988 0.426716 -1.12032 -4.17624 95.0605 
-0.143311 -0.497953 113564 1 0.830729 0.661538 812 0 2038 -0.0499718 0.998988 0.426716 -1.12032 -4.17624 95.0605 
-0.143311 -0.497953 113564 1 0.830729 0.661538 813 0 2038 -0.0499718 0.998988 0.426716 -1.12032 -4.17624 95.0605 
-0.143311 -0.497953 113686 1 0.829688 0.656731 814 0 2041 -0.0499718 0.998988 0.426716 -1.12032 -4.17624 95.0605 
-0.143311 -0.497953 113805 1 0.814063 0.625962 815 0 2044 -0.0499718 0.998988 0.426716 -1.12032 -4.17624 95.0605 
-0.143311 -0.497953 113805 1 0.785937 0.568269 816 0 2044 -0.0499718 0.998988 0.426716 -1.12032 -4.17624 95.0605 
-0.143311 -0.497953 113926 1 0.760938 0.514423 817 0 2047 -0.0499718 0.998988 0.426716 -1.12032 -4.17624 95.0605 
-0.143311 -0.497953 113926 1 0.734896 0.443269 818 0 2047 -0.0499718 0.998988 0.426716 -1.12032 -4.17624 95.0605 
-0.143311 -0.497953 114043 1 0.73125 0.384615 819 0 2050 -0.0499718 0.998988 0.426716 -1.12032 -4.17624 95.0605 
-0.143311 -0.497953 114043 1 0.816146 0.295192 820 0 2050 -0.0499718 0.998988 0.426716 -1.12032 -4.17624 95.0605 
1.00047 -0.132785 114324 1 0.909896 0.214423 821 1 2057 0.0366298 0.112673 0.046181 0.811728 -2.09701 91.8872 
0.931607 0.0216238 114407 1 0.932292 0.197115 822 1 2059 0.0669536 0.0627489 0.0607763 0.800223 -2.21602 90.9263 
0.934595 -0.0620916 114484 1 0.932292 0.197115 823 1 2061 0.0921928 0.0714064 0.0446538 0.995333 -2.05899 90.2908 
1.01964 -0.20898 114524 1 0.932292 0.197115 824 0 2062 0.100929 0.0738545 0.037919 1.01857 -2.00831 90.2607 
1.20499 -0.746527 114605 1 0.9 0.217308 825 0 2064 0.109891 0.129177 0.0312967 1.31255 -1.99609 89.9039 
1.57204 -1.0553 114684 1 0.870833 0.207692 826 0 2066 0.110275 0.234223 0.0284334 1.89348 -1.92721 89.7836 
1.73981 -1.20694 114725 1 0.870313 0.193269 827 0 2067 0.111204 0.260288 0.023498 1.99171 -1.85399 89.9849 
0.421094 1.18528 114805 1 0.873958 0.170192 828 1 2069 0.105235 0.262623 0.0118716 1.91673 -1.79829 90.5489 
0.442918 1.12031 114886 1 0.874479 0.159615 829 1 2071 0.0992082 0.268227 0.0123486 1.9337 -1.87765 90.7074 
0.414412 1.17419 114925 1 0.874479 0.159615 830 1 2072 0.0954812 0.254456 0.011392 1.85574 -1.94512 91.0631 
0.341597 1.40058 115006 1 0.874479 0.159615 831 0 2074 0.0915971 0.245885 0.0277431 1.79273 -2.29865 91.205 
0.401294 1.38385 115086 1 0.883854 0.153846 832 0 2076 0.0897522 0.270524 0.0167678 1.95304 -2.44751 91.0686 
0.404328 1.35451 115166 1 0.970833 0.0721154 833 0 2078 0.0857963 0.267107 0.00894621 2.01236 -2.5571 90.7829 
0.404329 1.271 115206 1 1.01042 0.00480769 834 0 2079 0.0826577 0.270302 0.00109163 2.12839 -2.5709 90.4322 
0.427103 1.2794 115286 1 1.00677 0.00384615 835 0 2081 0.0730527 0.258455 -0.00877962 2.25511 -2.6731 89.8274 
0.353944 1.16562 115327 1 0.988542 0.0307692 836 1 2082 0.0680392 0.256658 -0.0133517 2.32632 -2.73941 89.4866 
0.446804 1.20366 115406 1 0.983333 0.0413462 837 0 2084 0.0631569 0.253139 -0.0149753 2.42794 -2.90272 88.5347 
0.413642 1.08463 115486 1 0.977604 0.0596154 838 1 2086 0.0626376 0.248542 -0.0209514 2.49601 -2.88948 87.7139 
0.374819 1.14557 115567 1 0.977604 0.0596154 839 1 2088 0.0636105 0.229572 -0.0163721 2.4234 -2.89101 87.3614 
0.39544 1.2392 115607 1 0.973437 0.0586538 840 0 2089 0.0645365 0.228822 -0.0121449 2.42024 -2.89421 87.2172 
0.393764 1.1608 115688 1 0.959896 0.0576923 841 1 2091 0.0673958 0.233747 -0.0231726 2.43625 -2.75756 87.1741 
0.396627 1.15489 115766 1 0.958854 0.0576923 842 1 2093 0.0675025 0.234518 -0.0232556 2.41767 -2.75144 87.3048 
0.406157 1.10024 115807 1 0.958854 0.0576923 843 1 2094 0.0662941 0.233905 -0.0277588 2.40382 -2.73656 87.4373 
0.387827 1.09136 115887 1 0.958854 0.0576923 844 1 2096 0.0657635 0.23026 -0.0274574 2.35258 -2.80226 87.6603 
0.389437 1.1212 115967 1 0.958854 0.0576923 845 1 2098 0.0657445 0.235813 -0.0287612 2.35273 -2.85875 87.7861 
0.370677 1.00445 116007 1 0.958854 0.0576923 846 1 2099 0.0660412 0.235248 -0.0328893 2.33297 -2.86084 87.8529 
-2.90381 -1.81122 116088 1 0.958854 0.0576923 847 0 2101 0.0715793 0.23373 -0.0223202 2.29531 -2.971 87.8368 
0.0829373 0.235709 116167 1 0.958854 0.0576923 848 0 2103 0.0695592 0.235635 -0.02174 2.32888 -2.99086 87.9735 
-0.149585 -0.235956 116208 1 0.959375 0.0548077 849 0 2104 0.0671887 0.235611 -0.0251247 2.34999 -2.95176 87.9789 
-0.583435 -0.845563 116288 1 0.959896 0.0538462 850 0 2106 0.0663643 0.231408 -0.0323132 2.33571 -2.86783 88.1122 
0.491851 1.00691 116368 1 0.959896 0.0538462 851 1 2108 0.0683988 0.241412 -0.033678 2.43068 -2.80607 88.1004 
0.508699 1.09689 116408 1 0.959896 0.0538462 852 1 2109 0.0674424 0.239319 -0.0266318 2.41662 -2.84568 88.0443 
0.478137 1.19113 116488 1 0.959896 0.0538462 853 1 2111 0.0640291 0.229726 -0.0211484 2.35798 -2.85334 88.1634 
0.557124 1.12646 116568 1 0.959896 0.0538462 854 1 2113 0.0636741 0.233487 -0.0332201 2.39177 -2.70728 88.1722 
0.505074 1.09806 116608 1 0.959896 0.0538462 855 1 2114 0.0644559 0.232423 -0.0292605 2.38445 -2.71954 88.1709 
0.491623 1.16865 116688 1 0.959896 0.0538462 856 1 2116 0.0636369 0.237676 -0.0250503 2.40614 -2.73981 88.1186 
0.478764 1.19067 116769 1 0.959896 0.0538462 857 1 2118 0.0623051 0.234203 -0.0261417 2.36986 -2.73326 88.1163 
0.464712 1.23326 116849 1 0.959896 0.0538462 858 0 2120 0.0609731 0.226562 -0.0209624 2.28176 -2.76656 88.1281 
0.429449 1.13539 116929 1 0.791146 0.129808 859 1 2122 0.0579193 0.228393 -0.0277824 2.28 -2.70161 88.1215 
0.546185 1.2575 117009 1 0.388542 0.214423 860 0 2124 0.0577674 0.234366 -0.0268521 2.30805 -2.69894 88.0927 
0.432384 0.909531 117090 1 0.189062 0.185577 861 1 2126 0.058448 0.240055 -0.0284241 2.341 -2.65535 87.976 
0.491145 0.43445 117130 1 0.191667 0.175962 862 0 2127 0.0578172 0.234905 -0.0199293 2.30821 -2.70824 87.8515 
0.520561 0.508547 117210 1 0.191667 0.175962 863 0 2129 0.058485 0.229238 -0.0224272 2.28609 -2.65297 87.9529 
0.969865 0.0355874 117250 1 0.198437 0.175962 864 1 2130 0.0586899 0.228964 -0.0222915 2.285 -2.6494 87.9495 
0.969865 0.0355874 117250 1 0.193229 0.183654 865 1 2130 0.0586899 0.228964 -0.0222915 2.285 -2.6494 87.9495 
0.751729 -0.597948 117410 1 0.123438 0.268269 866 0 2134 0.0585631 0.22807 -0.0236012 2.28855 -2.60192 88.0075 
0.630576 -0.62893 117490 1 0.113542 0.291346 867 0 2136 0.0592891 0.221983 -0.0180074 2.2621 -2.63779 88.0873 
0.544396 -0.62448 117530 1 0.113542 0.291346 868 0 2137 0.0594767 0.219498 -0.0152388 2.248 -2.65609 88.1027 
0.353509 -0.617102 117610 1 0.118229 0.281731 869 0 2139 0.0581823 0.222993 -0.0139526 2.28744 -2.66059 88.1199 
0.220599 -0.609693 117690 1 0.121875 0.269231 870 0 2141 0.0587207 0.224298 -0.0190734 2.31256 -2.6182 88.1276 
0.182794 -0.624133 117730 1 0.123958 0.263462 871 0 2142 0.0585641 0.223042 -0.0242474 2.30827 -2.5807 88.1395 
0.175546 -0.62673 117770 1 0.123958 0.2625 872 0 2143 0.0594907 0.2245 -0.0243347 2.3213 -2.57531 88.1582 
