ImageFile:
0.472729 -0.0655216 70125 1 0.258333 0.247115 1 1 826 0.00063356 0.0565862 0.113202 3.61093 -4.99933 116.18 
0.377731 -0.0387051 70203 1 0.59375 0.217308 2 1 828 0.00076133 0.0563231 0.115435 3.60672 -5.00774 116.081 
0.377731 -0.0387051 70203 1 0.630208 0.207692 3 1 828 0.00076133 0.0563231 0.115435 3.60672 -5.00774 116.081 
0.348522 -0.018094 70363 1 0.632813 0.194231 4 1 832 0.000961072 0.0575812 0.122807 3.59445 -5.05101 116.085 
0.350979 0.0603035 70403 1 0.657292 0.175962 5 1 833 0.00280551 0.0614439 0.128988 3.62203 -5.09942 115.999 
0.375363 0.0631138 70483 1 0.714583 0.154808 6 1 835 0.00344899 0.064125 0.126796 3.6454 -5.0838 115.984 
0.65664 0.148685 70564 1 0.769271 0.103846 7 1 837 0.00381643 0.0655403 0.126454 3.66264 -5.0787 116.081 
0.661838 0.255861 70605 1 0.801562 0.0846154 8 1 838 0.0049456 0.0684904 0.133591 3.68475 -5.13575 115.936 
0.656157 0.344962 70683 1 0.804167 0.0846154 9 1 840 0.00468803 0.0652814 0.133667 3.66584 -5.13243 115.928 
1.51191 1.31203 70765 1 0.814063 0.110577 10 0 842 0.0044605 0.0676207 0.132192 3.69383 -5.12603 115.971 
1.50642 0.0780812 70845 1 0.835417 0.141346 11 0 844 0.00382125 0.0661098 0.128783 3.65689 -5.1056 115.971 
1.46526 -0.168674 70884 1 0.842187 0.141346 12 0 845 0.000987172 0.0636027 0.12747 3.6259 -5.1027 116.142 
1.47815 -0.323003 70965 1 0.844271 0.132692 13 0 847 0.00193963 0.0621527 0.121992 3.6006 -5.06923 116.19 
1.37585 -0.328237 71045 1 0.854167 0.127885 14 0 849 0.000936692 0.0628032 0.120254 3.59145 -5.05782 116.192 
1.37368 -0.292633 71084 1 0.857812 0.127885 15 0 850 0.000966016 0.0623929 0.120054 3.58187 -5.05638 116.143 
1.40404 -0.314702 71165 1 0.857812 0.127885 16 0 852 0.000398723 0.0642057 0.12281 3.58315 -5.07141 116.106 
1.40404 -0.314702 71165 1 0.857812 0.127885 17 0 852 0.000398723 0.0642057 0.12281 3.58315 -5.07141 116.106 
1.40404 -0.314702 71165 1 0.857812 0.127885 18 0 852 0.000398723 0.0642057 0.12281 3.58315 -5.07141 116.106 
1.39282 -0.262263 71366 1 0.857812 0.127885 19 0 857 0.00224435 0.0631941 0.122817 3.62315 -5.07586 115.898 
1.40558 -0.311224 71445 1 0.857812 0.127885 20 0 859 0.00375867 0.0613924 0.117239 3.63259 -5.03633 115.989 
1.4137 -0.322707 71485 1 0.857812 0.127885 21 0 860 0.00323192 0.0631992 0.120218 3.65951 -5.06532 115.99 
1.4137 -0.322707 71485 1 0.857812 0.127885 22 0 860 0.00323192 0.0631992 0.120218 3.65951 -5.06532 115.99 
1.45161 -0.295032 71646 1 0.857812 0.127885 23 0 864 0.0033025 0.0625638 0.121706 3.66308 -5.09353 115.96 
1.44031 -0.33364 71687 1 0.857812 0.127885 24 0 865 0.00254586 0.0642552 0.118375 3.67158 -5.06223 115.972 
1.43293 -0.280003 71765 1 0.857812 0.127885 25 0 867 0.00187714 0.0621079 0.121108 3.64932 -5.09374 115.983 
1.43797 -0.339209 71806 1 0.857812 0.127885 26 0 868 0.00258273 0.0623756 0.119502 3.64464 -5.0782 115.993 
1.43797 -0.339209 71806 1 0.857812 0.127885 27 0 868 0.00258273 0.0623756 0.119502 3.64464 -5.0782 115.993 
1.34653 -0.372696 72128 1 0.857812 0.127885 28 0 876 -0.00100443 0.0544752 0.108641 3.53314 -4.97006 115.981 
1.34653 -0.372696 72128 1 0.579688 0.504808 29 0 876 -0.00100443 0.0544752 0.108641 3.53314 -4.97006 115.981 
0.503823 -0.0630409 72327 1 0.579688 0.504808 30 1 881 -0.00307056 0.0533619 0.119682 3.52707 -5.02603 114.999 
0.491101 -0.0976613 72408 1 0.579688 0.504808 31 1 883 -0.00579712 0.0563958 0.118709 3.53673 -5.00959 115.02 
0.486735 -0.0892305 72448 1 0.576042 0.508654 32 1 884 -0.00646354 0.0562775 0.121014 3.52896 -5.02783 114.974 
0.486735 -0.0892305 72448 1 0.551562 0.568269 33 1 884 -0.00646354 0.0562775 0.121014 3.52896 -5.02783 114.974 
0.720406 0.0725838 72609 1 0.451042 0.746154 34 1 888 -0.00566886 0.0531956 0.119726 3.50986 -5.00033 114.967 
0.70314 0.0904627 72688 1 0.297917 0.832692 35 1 890 -0.00641876 0.0504166 0.118159 3.49486 -4.98895 115.092 
0.718414 0.0626393 72769 1 0.222917 0.854808 36 1 892 -0.00529421 0.0510045 0.114906 3.49674 -4.96003 115.085 
0.56901 -0.335232 72850 1 0.190625 0.849038 37 0 894 -0.0144916 0.0458023 0.123077 3.43348 -5.00284 114.687 
0.633719 -0.236288 72929 1 0.114063 0.852885 38 0 896 -0.00606045 0.0521792 0.128572 3.51541 -5.07246 115.431 
0.680673 -0.0675727 72969 1 0.0739583 0.890385 39 1 897 -0.00299226 0.0552891 0.141319 3.54315 -5.17252 115.229 
0.445789 0.0430743 73049 1 0.0739583 0.891346 40 1 899 -0.00136087 0.0516444 0.140698 3.53539 -5.16475 115.311 
0.377743 0.181147 73129 1 0.0864583 0.899038 41 1 901 -0.00206646 0.0407393 0.139727 3.48827 -5.16933 115.535 
0.348624 0.192746 73209 1 0.0890625 0.920192 42 1 903 -0.00211971 0.0290372 0.140346 3.42783 -5.15352 115.622 
0.368791 0.109952 73288 1 0.0729167 0.954808 43 1 905 -0.00295246 0.0339408 0.138799 3.45564 -5.12295 115.789 
0.339987 0.0539028 73369 1 0.0520833 0.989423 44 1 907 -0.00345366 0.0354852 0.134179 3.46945 -5.07534 115.945 
0.358513 0.0873958 73410 1 0.0515625 0.991346 45 1 908 -0.00195979 0.0362137 0.138428 3.47802 -5.11909 115.869 
0.392003 0.0928555 73489 1 0.0572917 0.992308 46 1 910 -0.000581671 0.0388857 0.134975 3.49959 -5.10505 115.922 
0.441295 0.223437 73570 1 0.0609375 0.991346 47 1 912 0.00230006 0.0468631 0.142993 3.5449 -5.19906 115.761 
0.464115 0.192545 73649 1 0.0625 0.990385 48 1 914 0.00229604 0.0505089 0.134259 3.55949 -5.15673 115.842 
0.446024 0.0836777 73690 1 0.0671875 0.985577 49 1 915 0.00176666 0.0513397 0.124821 3.56112 -5.08415 115.963 
0.448747 -0.014266 73770 1 0.0708333 0.981731 50 1 917 0.000692711 0.0521455 0.121061 3.55301 -5.07588 116.032 
0.439881 -0.0637971 73850 1 0.0708333 0.981731 51 1 919 0.00105848 0.0475341 0.116162 3.51312 -5.04469 116.158 
0.41887 -0.031969 73890 1 0.0708333 0.981731 52 1 920 -8.85577e-005 0.0482113 0.116924 3.51432 -5.06472 116.161 
0.446897 -0.030536 73970 1 0.0708333 0.981731 53 1 922 -0.00170258 0.0470156 0.116531 3.50945 -5.07518 116.218 
0.412646 -0.0830615 74050 1 0.0708333 0.981731 54 1 924 -0.00337751 0.0452365 0.112473 3.48562 -5.03295 116.269 
0.411429 -0.0847518 74090 1 0.0708333 0.981731 55 1 925 -0.00450502 0.0442915 0.114679 3.47043 -5.04719 116.252 
0.395658 -0.100839 74170 1 0.0708333 0.981731 56 1 927 -0.00425372 0.0458569 0.114829 3.4777 -5.03511 116.248 
0.403635 -0.083691 74211 1 0.0708333 0.981731 57 1 928 -0.00396138 0.0457296 0.115895 3.47993 -5.03588 116.211 
0.436778 -0.080319 74291 1 0.0708333 0.981731 58 1 930 -0.00307344 0.0469813 0.11546 3.49116 -5.02218 116.151 
0.411918 -0.0788733 74372 1 0.0708333 0.981731 59 1 932 -0.00624942 0.0445948 0.115989 3.47411 -5.04095 116.226 
0.421643 -0.0665222 74410 1 0.0708333 0.981731 60 1 933 -0.0052869 0.0464573 0.116807 3.49331 -5.06015 116.252 
0.432567 -0.0952511 74491 1 0.0708333 0.981731 61 1 935 -0.00567116 0.0433455 0.113386 3.48841 -5.03329 116.282 
0.445024 -0.0781629 74571 1 0.0708333 0.981731 62 1 937 -0.00392549 0.0435605 0.115099 3.50779 -5.04893 116.252 
0.389988 -0.0537045 74611 1 0.0708333 0.981731 63 1 938 -0.00388573 0.0399751 0.11617 3.49273 -5.0612 116.202 
0.378348 -0.0816752 74692 1 0.0708333 0.981731 64 1 940 -0.00446201 0.0311567 0.114378 3.44555 -5.04751 116.253 
0.3765 -0.0477459 74772 1 0.0708333 0.981731 65 1 942 -0.00317447 0.0318143 0.116241 3.44589 -5.06531 116.184 
0.389418 -0.0699784 74811 1 0.0708333 0.981731 66 1 943 -0.00330276 0.0342003 0.114646 3.46833 -5.05178 116.241 
0.376983 -0.0657903 74893 1 0.0708333 0.981731 67 1 945 -0.00357349 0.0365179 0.116326 3.48228 -5.06201 116.195 
0.392635 -0.0800935 74972 1 0.0708333 0.981731 68 1 947 -0.0031805 0.0354076 0.114779 3.47845 -5.04415 116.241 
0.386533 -0.0572841 75052 1 0.1125 0.965385 69 1 949 -0.00365203 0.0366464 0.114779 3.48275 -5.05596 116.306 
0.399034 -0.0615211 75132 1 0.308333 0.906731 70 1 951 -0.00380501 0.03784 0.115415 3.47624 -5.06893 116.268 
0.389379 -0.0424855 75172 1 0.445313 0.905769 71 1 952 -0.00482577 0.0373752 0.115673 3.46428 -5.06821 116.192 
0.415606 -0.0549809 75252 1 0.445313 0.905769 72 1 954 -0.00403175 0.0407132 0.115595 3.49054 -5.0605 116.207 
0.396307 -0.0589004 75333 1 0.448958 0.903846 73 1 956 -0.00460247 0.0385618 0.116296 3.47635 -5.05821 116.205 
0.404244 -0.114392 75373 1 0.504687 0.878846 74 1 957 -0.00403916 0.0363727 0.109936 3.45737 -4.9984 116.2 
0.428126 -0.0769193 75453 1 0.783854 0.725 75 1 959 -0.00289859 0.0422765 0.114632 3.50338 -5.03842 116.226 
0.410997 -0.114496 75533 1 1.0375 0.720192 76 1 961 -0.00394481 0.0389144 0.112816 3.4556 -5.01144 116.175 
0.403731 -0.0720106 75573 1 1.07708 0.733654 77 1 962 -0.00422414 0.0420329 0.115523 3.48163 -5.03937 116.223 
0.403731 -0.0720106 75573 1 1.07344 0.749038 78 1 962 -0.00422414 0.0420329 0.115523 3.48163 -5.03937 116.223 
0.409354 -0.0776503 75734 1 1.03646 0.776923 79 1 966 -0.00488629 0.0442355 0.114666 3.51446 -5.0332 116.141 
0.386591 -0.104396 75775 1 1.03698 0.817308 80 1 967 -0.00392585 0.0405909 0.11345 3.485 -5.02082 116.117 
0.416007 -0.089028 75854 1 1.10104 0.832692 81 1 969 -0.00524727 0.0428286 0.115055 3.50742 -5.0457 116.14 
0.43793 -0.10842 75933 1 1.13125 0.832692 82 1 971 -0.00689495 0.0438028 0.114435 3.51348 -5.0401 116.129 
0.436323 -0.0851242 76014 1 1.13229 0.831731 83 1 973 -0.00642941 0.0436364 0.113099 3.50633 -5.0298 116.065 
0.442944 -0.0890539 76054 1 1.13229 0.831731 84 1 974 -0.0073678 0.0443349 0.112816 3.50836 -5.02046 116.015 
0.431478 -0.101 76135 1 1.13229 0.831731 85 1 976 -0.00697187 0.0426897 0.112346 3.50094 -5.0082 116.004 
0.459151 -0.0948886 76215 1 1.13229 0.831731 86 1 978 -0.00617919 0.0465813 0.112583 3.53356 -5.01557 116 
0.468903 -0.0828097 76295 1 1.16458 0.861538 87 1 980 -0.00805655 0.0467585 0.112953 3.52604 -5.01705 115.975 
0.479431 -0.0805552 76374 1 1.33906 0.851923 88 1 982 -0.00670729 0.0448766 0.112573 3.51535 -5.00564 115.949 
0.465519 -0.0777022 76415 1 1.5849 0.813462 89 1 983 -0.0062646 0.046873 0.113465 3.53194 -5.01048 115.977 
0.451589 -0.069321 76495 1 1.75 0.818269 90 1 985 -0.00739298 0.0481531 0.115952 3.53053 -5.02364 115.965 
0.357636 -0.141724 76579 1 1.7349 0.774038 91 1 987 -0.0101303 0.041007 0.108245 3.48219 -4.95484 116.01 
0.351427 -0.176224 76616 1 1.70313 0.721154 92 1 988 -0.0109811 0.0400298 0.108465 3.48052 -4.96084 116.083 
0.426544 -0.206465 76695 1 1.68594 0.680769 93 0 990 -0.0134656 0.0434015 0.102651 3.50709 -4.91912 116.185 
0.425884 -0.203513 76775 1 1.67448 0.640385 94 0 992 -0.0135144 0.0434895 0.102549 3.5064 -4.9201 116.184 
0.448189 -0.1383 76816 1 1.6776 0.609615 95 1 993 -0.0152671 0.044263 0.107586 3.49985 -4.97602 116.132 
0.466766 -0.102974 76896 1 1.64479 0.535577 96 1 995 -0.0106002 0.0493666 0.110488 3.52946 -5.0089 116.272 
0.435267 -0.0954326 76976 1 1.62135 0.483654 97 1 997 -0.0104901 0.0462679 0.110636 3.50231 -5.01558 116.251 
0.456015 -0.0842625 77015 1 1.63698 0.45 98 1 998 -0.00918726 0.04911 0.112516 3.53672 -5.0342 116.235 
0.510793 -0.0309207 77096 1 1.66198 0.435577 99 1 1000 -0.0077707 0.0494625 0.11432 3.54689 -5.05434 116.184 
1.15489 0.873786 77177 1 1.6625 0.434615 100 1 1002 -0.00877477 0.053038 0.11276 3.57581 -5.03881 116.327 
1.23282 0.701679 77216 1 1.61719 0.434615 101 0 1003 -0.0086168 0.0516265 0.109016 3.56737 -5.00445 116.393 
1.22489 0.518362 77297 1 1.55573 0.436538 102 0 1005 -0.00834725 0.049437 0.111032 3.54844 -5.02568 116.3 
1.1736 0.54449 77377 1 1.54688 0.436538 103 1 1007 -0.00969043 0.0493363 0.115406 3.53381 -5.07249 116.228 
1.13933 0.481622 77416 1 1.54688 0.436538 104 1 1008 -0.00929608 0.0465105 0.110501 3.51035 -5.02474 116.242 
1.18019 0.485382 77497 1 1.54688 0.436538 105 1 1010 -0.00706761 0.0484495 0.114432 3.52572 -5.04655 116.334 
1.15732 0.45529 77578 1 1.54688 0.436538 106 1 1012 -0.00818044 0.0444579 0.11225 3.48593 -5.03604 116.369 
1.17835 0.483916 77619 1 1.54531 0.436538 107 1 1013 -0.00786705 0.0443329 0.113071 3.4763 -5.05621 116.392 
1.1356 0.530086 77698 1 1.53854 0.4375 108 1 1015 -0.00724079 0.0442976 0.115475 3.43964 -5.10348 116.242 
1.11859 0.513626 77778 1 1.52969 0.4375 109 1 1017 -0.0064269 0.0445632 0.112065 3.43268 -5.09081 116.316 
1.08319 0.485181 77857 1 1.52969 0.4375 110 1 1019 -0.00566917 0.0439787 0.113759 3.45457 -5.08458 116.209 
1.06515 0.442922 77897 1 1.52969 0.4375 111 1 1020 -0.00415208 0.0431551 0.113638 3.46808 -5.06589 116.185 
1.13165 0.400039 78018 1 1.52969 0.4375 112 1 1023 -0.00255857 0.0437015 0.113053 3.50572 -5.05045 116.351 
1.13399 0.414895 78058 1 1.51979 0.438462 113 1 1024 -0.00332794 0.0431643 0.113609 3.49386 -5.06575 116.33 
1.10761 0.426068 78138 1 1.46042 0.438462 114 1 1026 -0.00528076 0.0468674 0.112457 3.49071 -5.06327 116.324 
1.10205 0.380292 78178 1 1.38698 0.435577 115 1 1027 -0.00600779 0.0457462 0.109938 3.47919 -5.03483 116.358 
1.08633 0.366737 78258 1 1.30677 0.435577 116 1 1029 -0.00491164 0.0439871 0.110289 3.4807 -5.0238 116.427 
1.12071 0.408379 78339 1 1.24219 0.438462 117 1 1031 -0.00461636 0.0431472 0.109764 3.48156 -5.01326 116.494 
1.14679 0.450704 78420 1 1.19375 0.443269 118 1 1033 -0.00506362 0.0443581 0.112538 3.48041 -5.05376 116.463 
1.16729 0.475518 78460 1 1.17604 0.446154 119 1 1034 -0.00570827 0.0433547 0.112737 3.46472 -5.05926 116.4 
1.15552 0.421877 78538 1 1.17604 0.446154 120 1 1036 -0.00680055 0.0433594 0.109339 3.44789 -5.02646 116.547 
1.15334 0.445808 78619 1 1.19948 0.457692 121 1 1038 -0.00725945 0.0452556 0.110461 3.44463 -5.02989 116.506 
1.13422 0.435602 78699 1 1.21198 0.459615 122 1 1040 -0.00806855 0.0428838 0.109846 3.43112 -5.01585 116.508 
1.13422 0.435602 78699 1 1.21198 0.459615 123 1 1040 -0.00806855 0.0428838 0.109846 3.43112 -5.01585 116.508 
1.13721 0.435733 78820 1 1.2125 0.458654 124 1 1043 -0.00618736 0.0439387 0.110076 3.45766 -5.00638 116.442 
1.14794 0.421347 78899 1 1.2125 0.458654 125 1 1045 -0.00560668 0.0446148 0.111023 3.47314 -5.01581 116.496 
1.15986 0.416514 78939 1 1.2125 0.458654 126 1 1046 -0.00648638 0.0447911 0.110938 3.47233 -5.01655 116.559 
1.10391 0.428603 79028 1 1.2125 0.458654 127 1 1048 -0.00764302 0.0444741 0.108211 3.44765 -4.99176 116.473 
1.10391 0.428603 79028 1 1.2125 0.458654 128 1 1048 -0.00764302 0.0444741 0.108211 3.44765 -4.99176 116.473 
0.433346 0.384191 79180 1 1.2125 0.458654 129 1 1052 -0.006123 0.0399578 0.105705 3.41743 -4.95417 116.507 
0.454027 0.40822 79220 1 1.2125 0.458654 130 1 1053 -0.00572536 0.0427056 0.110005 3.44105 -4.99654 116.527 
0.424879 0.469956 79300 1 1.2125 0.458654 131 1 1055 -0.00695515 0.0432678 0.111191 3.42454 -5.00932 116.438 
0.423464 0.405373 79380 1 1.2125 0.458654 132 1 1057 -0.00793008 0.0414569 0.107183 3.39855 -4.96374 116.471 
0.444002 0.411104 79421 1 1.2125 0.458654 133 1 1058 -0.00653723 0.0464478 0.110062 3.44269 -4.988 116.472 
0.40692 0.423839 79501 1 1.2125 0.458654 134 1 1060 -0.00536351 0.0456551 0.110122 3.44956 -4.98389 116.469 
0.398371 0.368569 79581 1 1.2125 0.458654 135 1 1062 -0.00703434 0.0430453 0.106593 3.45185 -4.95572 116.618 
0.412312 0.380338 79620 1 1.2125 0.458654 136 1 1063 -0.00609626 0.042872 0.106974 3.45955 -4.95916 116.538 
0.449173 0.405354 79701 1 1.2125 0.458654 137 1 1065 -0.00530521 0.0426037 0.108625 3.47547 -4.97451 116.467 
0.448206 0.398173 79781 1 1.2125 0.458654 138 1 1067 -0.00524668 0.0440263 0.107801 3.48413 -4.96913 116.491 
0.469193 0.370612 79821 1 1.2125 0.458654 139 1 1068 -0.00651425 0.0453435 0.107173 3.49803 -4.96581 116.63 
0.415801 0.391895 79901 1 1.2125 0.458654 140 1 1070 -0.00646505 0.0398073 0.106122 3.43418 -4.94747 116.541 
0.419993 0.407321 79942 1 1.2125 0.458654 141 1 1071 -0.00581267 0.0433978 0.111074 3.44852 -4.98402 116.56 
0.411477 0.385532 80021 1 1.2125 0.458654 142 1 1073 -0.00739097 0.0419544 0.107393 3.42553 -4.94337 116.598 
0.426591 0.457585 80101 1 1.2125 0.457692 143 1 1075 -0.00479475 0.0450066 0.11217 3.46167 -4.98739 116.557 
0.453125 0.42205 80183 1 1.2125 0.457692 144 1 1077 -0.00326462 0.0420453 0.109963 3.45416 -4.97397 116.546 
0.444596 0.419767 80224 1 1.2125 0.457692 145 1 1078 -0.0037444 0.0435342 0.112084 3.48017 -4.99585 116.586 
0.496523 0.423427 80302 1 1.2125 0.457692 146 1 1080 -0.00301413 0.0477846 0.112564 3.5284 -5.009 116.509 
0.472331 0.34445 80385 1 1.2125 0.457692 147 1 1082 -0.00382662 0.0425242 0.108107 3.49383 -4.96205 116.628 
0.487277 0.358635 80422 1 1.2125 0.457692 148 1 1083 -0.00496088 0.0447721 0.107762 3.52646 -4.96318 116.646 
0.461215 0.404822 80503 1 1.2125 0.457692 149 1 1085 -0.00339579 0.0450156 0.111398 3.5362 -4.99294 116.551 
0.481202 0.411717 80583 1 1.2125 0.457692 150 1 1087 -0.00172752 0.0432676 0.112534 3.5353 -5.00666 116.555 
0.4518 0.408141 80623 1 1.2125 0.457692 151 1 1088 -0.00220904 0.0472258 0.110922 3.5538 -4.99593 116.567 
0.4567 0.402645 80704 1 1.2125 0.457692 152 1 1090 -0.00373293 0.0429553 0.110073 3.51886 -4.99733 116.641 
0.484215 0.424466 80783 1 1.2125 0.457692 153 1 1092 -0.00356178 0.0439398 0.111806 3.52324 -5.01153 116.612 
0.471138 0.407524 80864 1 1.2125 0.457692 154 1 1094 -0.00361185 0.0452928 0.110497 3.52194 -4.98839 116.605 
0.47407 0.429233 80944 1 1.2125 0.457692 155 1 1096 -0.00159434 0.0420128 0.112844 3.49606 -5.00106 116.455 
0.448463 0.405694 80984 1 1.2125 0.457692 156 1 1097 -0.00152085 0.0449742 0.110312 3.52401 -4.97517 116.469 
1.05967 0.110959 81067 1 1.2125 0.457692 157 1 1099 -0.00180732 0.0468859 0.115968 3.53959 -5.03209 116.38 
1.1588 -0.0588519 81143 1 1.2125 0.457692 158 1 1101 -0.00174783 0.0456946 0.116008 3.52749 -5.04477 116.319 
1.21447 -0.135286 81224 1 1.2125 0.457692 159 0 1103 -0.00133549 0.0500897 0.116529 3.55249 -5.04641 116.317 
1.22376 -0.183804 81264 1 1.2125 0.457692 160 0 1104 -0.00321738 0.050436 0.115764 3.55208 -5.03716 116.348 
1.23964 -0.145684 81344 1 1.2125 0.457692 161 0 1106 -0.000615231 0.0498951 0.120135 3.55528 -5.07756 116.31 
1.24235 -0.10848 81425 1 1.2125 0.457692 162 0 1108 -0.000327378 0.0492628 0.120267 3.55741 -5.08463 116.286 
1.25199 -0.125503 81465 1 1.2125 0.457692 163 0 1109 -0.000548038 0.0485686 0.118097 3.55031 -5.07234 116.295 
1.22746 -0.151813 81545 1 1.2125 0.457692 164 0 1111 -0.000929651 0.0500029 0.115131 3.562 -5.0542 116.386 
1.168 -0.102016 81628 1 1.2125 0.457692 165 1 1113 0.000143643 0.0475127 0.117396 3.54733 -5.07582 116.295 
1.15698 -0.105993 81665 1 1.2125 0.457692 166 1 1114 -0.000674761 0.0460686 0.117768 3.53577 -5.07967 116.283 
1.1603 -0.102788 81746 1 1.2125 0.457692 167 1 1116 -0.000988561 0.0505543 0.117065 3.56502 -5.06668 116.262 
1.12061 -0.14179 81827 1 1.21302 0.456731 168 1 1118 -0.00157926 0.0439731 0.114317 3.51842 -5.03996 116.326 
1.18485 -0.146321 81905 1 1.21406 0.456731 169 1 1120 -0.00171811 0.0425216 0.11357 3.50766 -5.03465 116.357 
1.18214 -0.170391 81986 1 1.21615 0.455769 170 1 1122 -0.0016371 0.0425385 0.112545 3.50391 -5.02713 116.369 
1.18757 -0.145749 82025 1 1.22188 0.453846 171 1 1123 -0.00201873 0.0433004 0.112535 3.50662 -5.03002 116.366 
1.18763 -0.16465 82106 1 1.23125 0.452885 172 1 1125 -0.0019999 0.0456687 0.112762 3.51349 -5.0236 116.354 
1.20389 -0.118647 82146 1 1.24792 0.452885 173 0 1126 -0.00231936 0.0466641 0.117551 3.5218 -5.06063 116.271 
1.20389 -0.118647 82146 1 1.25625 0.451923 174 0 1126 -0.00231936 0.0466641 0.117551 3.5218 -5.06063 116.271 
1.19789 -0.1375 82309 1 1.25729 0.451923 175 1 1130 -0.00100223 0.0425621 0.11493 3.51115 -5.04126 116.29 
1.18729 -0.122588 82386 1 1.25729 0.451923 176 1 1132 -0.000739488 0.0438538 0.115783 3.52348 -5.05307 116.29 
1.17808 -0.146856 82426 1 1.25729 0.451923 177 1 1133 -0.00154442 0.0405238 0.114184 3.49927 -5.03629 116.303 
1.13296 -0.166253 82507 1 1.25729 0.451923 178 1 1135 -0.00260814 0.0373971 0.111855 3.46711 -5.01329 116.296 
1.16399 -0.165017 82590 1 1.25729 0.451923 179 1 1137 -0.00302244 0.0423476 0.112662 3.4952 -5.01526 116.307 
1.17809 -0.133718 82627 1 1.25729 0.451923 180 1 1138 -0.00228589 0.0428306 0.117798 3.49927 -5.0594 116.241 
1.20451 -0.153128 82706 1 1.25729 0.451923 181 0 1140 -0.000324982 0.0443433 0.115981 3.5147 -5.03977 116.244 
1.16586 -0.161475 82787 1 1.25729 0.451923 182 1 1142 -0.00210326 0.0414473 0.114287 3.48748 -5.02821 116.314 
1.15297 -0.157494 82867 1 1.25729 0.451923 183 1 1144 -0.00186048 0.042796 0.113526 3.48429 -5.0267 116.292 
1.13796 -0.140661 82907 1 1.25729 0.451923 184 1 1145 -0.00327924 0.040862 0.113539 3.4662 -5.02958 116.318 
1.12 -0.149869 82987 1 1.25729 0.451923 185 1 1147 -0.00226281 0.0442883 0.112563 3.48614 -5.00577 116.291 
0.767292 0.0484382 83027 1 1.25729 0.451923 186 1 1148 -0.00214913 0.0449326 0.115118 3.4992 -5.02746 116.318 
0.767294 0.221691 83107 1 1.25729 0.451923 187 1 1150 -0.00113814 0.0421439 0.117189 3.49197 -5.03867 116.293 
0.804158 0.257246 83187 1 1.25729 0.451923 188 1 1152 -0.00121979 0.0437831 0.120158 3.50314 -5.05966 116.255 
0.774759 0.258618 83228 1 1.25729 0.451923 189 1 1153 -0.00156686 0.04335 0.119166 3.49884 -5.05008 116.29 
0.828127 0.298817 83308 1 1.25729 0.451923 190 1 1155 0.000655863 0.0447422 0.12224 3.51747 -5.07385 116.271 
0.809365 0.272803 83388 1 1.25313 0.453846 191 1 1157 -0.000100056 0.0422635 0.121257 3.49758 -5.07105 116.292 
0.802036 0.231315 83468 1 1.24948 0.455769 192 1 1159 -0.000107782 0.0449885 0.116708 3.52199 -5.03459 116.311 
0.79014 0.231594 83508 1 1.24948 0.455769 193 1 1160 3.20573e-005 0.043063 0.11572 3.509 -5.03152 116.368 
0.800944 0.21214 83590 1 1.24948 0.455769 194 1 1162 -2.00175e-005 0.0428514 0.114013 3.51054 -5.02405 116.416 
0.805212 0.245237 83669 1 1.24948 0.455769 195 1 1164 -0.00127288 0.0407078 0.113401 3.48776 -5.03523 116.423 
0.791595 0.180749 83748 1 1.24948 0.455769 196 1 1166 -0.00225818 0.0386227 0.109377 3.46199 -5.00125 116.532 
0.825845 0.23195 83788 1 1.24948 0.455769 197 1 1167 -0.00226262 0.0425436 0.113323 3.48224 -5.03254 116.439 
0.790347 0.183623 83869 1 1.24948 0.455769 198 1 1169 -0.00405926 0.0428457 0.10989 3.47165 -5.00194 116.533 
0.827981 0.212943 83949 1 1.24948 0.455769 199 1 1171 -0.00319147 0.0429361 0.110349 3.4871 -5.01428 116.57 
0.839885 0.212244 84029 1 1.24948 0.455769 200 1 1173 -0.00167538 0.04391 0.109113 3.5063 -5.0164 116.533 
0.796299 0.248068 84109 1 1.24948 0.455769 201 1 1175 -0.00120736 0.0430315 0.111727 3.50756 -5.04416 116.48 
0.802919 0.24421 84190 1 1.24948 0.455769 202 1 1177 -0.00180128 0.0423804 0.111059 3.51386 -5.03649 116.496 
0.779822 0.218842 84270 1 1.24948 0.455769 203 1 1179 -0.00205008 0.0383929 0.10974 3.49012 -5.02905 116.477 
0.786487 0.257644 84310 1 1.24948 0.455769 204 1 1180 -0.00131165 0.0421673 0.112581 3.52487 -5.0496 116.354 
0.779525 0.277114 84391 1 1.24948 0.455769 205 1 1182 -0.000466084 0.0392371 0.112154 3.50556 -5.05461 116.369 
0.779107 0.305812 84470 1 1.24948 0.455769 206 1 1184 -0.000949639 0.0387589 0.112241 3.48985 -5.07395 116.34 
0.797801 0.372569 84510 1 1.24948 0.455769 207 1 1185 -0.00110275 0.0398907 0.117618 3.49211 -5.13446 116.243 
0.812305 0.353018 84590 1 1.24948 0.455769 208 1 1187 -0.000898688 0.0463512 0.120299 3.5241 -5.17765 116.176 
0.799166 0.379216 84670 1 1.24948 0.455769 209 1 1189 -0.000213659 0.0473948 0.121936 3.52402 -5.19543 116.157 
0.802347 0.331069 84751 1 1.24948 0.455769 210 1 1191 0.000333806 0.0478305 0.119359 3.53521 -5.17907 116.132 
0.831474 0.364351 84791 1 1.24948 0.455769 211 1 1192 0.00119732 0.0494214 0.121499 3.55036 -5.20044 116.127 
0.810995 0.410975 84870 1 1.24948 0.455769 212 1 1194 0.00167369 0.049903 0.124343 3.5511 -5.21962 116.048 
0.813964 0.323575 84951 1 1.24948 0.455769 213 1 1196 -0.00247915 0.0461043 0.119221 3.51308 -5.14108 115.504 
0.81793 0.269733 85031 1 1.24948 0.455769 214 1 1198 -0.00486466 0.0483118 0.117292 3.53251 -5.11364 115.629 
0.806663 0.301428 85071 1 1.24948 0.455769 215 1 1199 -0.00481694 0.046453 0.119351 3.5188 -5.13363 115.606 
0.455768 0.251078 85152 1 1.24948 0.455769 216 1 1201 -0.00484643 0.0420383 0.119757 3.4946 -5.13619 115.597 
0.423984 0.192372 85231 1 1.24948 0.455769 217 1 1203 -0.00477731 0.0395667 0.115156 3.47901 -5.10611 115.72 
0.455543 0.233513 85271 1 1.24948 0.455769 218 1 1204 -0.00414197 0.0440032 0.116347 3.50799 -5.1204 115.623 
0.455543 0.233513 85271 1 1.24948 0.455769 219 1 1204 -0.00414197 0.0440032 0.116347 3.50799 -5.1204 115.623 
0.392325 0.13838 85432 1 1.24948 0.455769 220 1 1208 -0.00548454 0.0450087 0.113149 3.49635 -5.08422 115.619 
0.403335 0.156747 85472 1 1.24948 0.455769 221 1 1209 -0.0051238 0.0475735 0.118588 3.51875 -5.12054 115.637 
0.341341 0.262944 85552 1 1.24948 0.455769 222 1 1211 -0.00523546 0.0434219 0.123203 3.49726 -5.16087 115.566 
0.336815 0.279263 85632 1 1.24948 0.455769 223 1 1213 -0.00424054 0.0444243 0.122824 3.50528 -5.15518 115.535 
0.347516 0.240032 85672 1 1.24948 0.455769 224 1 1214 -0.00433169 0.045467 0.120518 3.51603 -5.13196 115.591 
0.231971 0.293408 85752 1 1.24948 0.455769 225 1 1216 -0.00398061 0.0432747 0.122854 3.50435 -5.16216 115.591 
0.22416 0.242447 85833 1 1.24948 0.455769 226 1 1218 -0.00397105 0.0420088 0.119506 3.49799 -5.12382 115.605 
0.185711 0.214869 85913 1 1.24948 0.455769 227 1 1220 -0.00673873 0.0376558 0.118792 3.45388 -5.10921 115.616 
0.194477 0.175559 85954 1 1.24948 0.455769 228 1 1221 -0.00617087 0.039822 0.116164 3.4679 -5.08126 115.651 
0.328168 0.160039 86033 1 1.24948 0.455769 229 1 1223 -0.00659516 0.0412572 0.117282 3.48306 -5.07927 115.7 
0.513227 0.617173 86113 1 1.24948 0.455769 230 1 1225 -0.00727498 0.0379745 0.114121 3.46116 -5.04004 115.662 
0.81104 0.804222 86194 1 1.24948 0.455769 231 1 1227 -0.00662425 0.0379558 0.109904 3.45873 -5.00783 115.803 
0.779177 0.708586 86233 1 1.24948 0.455769 232 1 1228 -0.00693384 0.0388065 0.109038 3.46586 -5.00073 115.907 
0.814486 0.678591 86314 1 1.24948 0.455769 233 1 1230 -0.00543584 0.0409461 0.110377 3.47311 -5.01003 115.756 
0.781947 0.56217 86393 1 1.24948 0.455769 234 1 1232 -0.00754136 0.0399601 0.108845 3.47638 -4.9883 115.936 
0.803278 0.635327 86434 1 1.24948 0.455769 235 1 1233 -0.00576073 0.0389365 0.112089 3.47263 -5.012 115.712 
0.748719 0.452681 86514 1 1.24948 0.455769 236 1 1235 -0.00626043 0.0325823 0.107435 3.44043 -4.96617 115.74 
0.754889 0.476975 86595 1 1.24948 0.455769 237 1 1237 -0.00697794 0.0346823 0.108565 3.45607 -4.98191 115.8 
0.766153 0.436122 86636 1 1.24948 0.455769 238 1 1238 -0.00764974 0.0316387 0.106868 3.43724 -4.96814 115.988 
0.763415 0.212021 86715 1 1.24948 0.455769 239 1 1240 -0.00744765 0.0334573 0.106015 3.4469 -4.96827 116.024 
0.811732 0.259153 86794 1 1.24948 0.455769 240 1 1242 -0.00401313 0.0360237 0.109262 3.46284 -4.98612 115.828 
0.840307 0.236894 86834 1 1.24948 0.455769 241 1 1243 -0.00458185 0.0385856 0.10858 3.48147 -4.98124 115.908 
0.813155 0.246651 86915 1 1.24948 0.455769 242 1 1245 -0.00725326 0.042547 0.111754 3.49445 -4.99602 115.881 
0.819089 0.191683 86995 1 1.24948 0.455769 243 1 1247 -0.00605942 0.042423 0.109401 3.50191 -4.98 115.984 
0.82437 0.0485815 87076 1 1.24948 0.455769 244 1 1249 -0.00487633 0.0418659 0.110093 3.49855 -4.99628 116.003 
0.82983 0.0585128 87115 1 1.24948 0.455769 245 1 1250 -0.00449242 0.0427115 0.11118 3.50227 -5.00736 115.949 
0.849554 0.0854017 87195 1 1.24948 0.455769 246 1 1252 -0.00499228 0.0457362 0.113427 3.52219 -5.04645 115.996 
0.809759 -0.00866909 87276 1 1.24948 0.455769 247 1 1254 -0.00893455 0.0449019 0.110745 3.49314 -5.01132 116.086 
0.849252 0.0327925 87316 1 1.24948 0.455769 248 1 1255 -0.00718168 0.0474833 0.112944 3.50766 -5.02578 115.994 
0.846655 0.114446 87396 1 1.24948 0.455769 249 1 1257 -0.00751384 0.0440414 0.114729 3.48668 -5.02805 115.888 
0.81064 0.0270024 87476 1 1.24948 0.455769 250 1 1259 -0.00737417 0.0436631 0.110386 3.49126 -4.98884 116.141 
0.822851 0.0602435 87515 1 1.24948 0.455769 251 1 1260 -0.00592414 0.0440241 0.110204 3.49297 -4.98611 115.999 
0.77446 0.0015515 87596 1 1.24948 0.455769 252 1 1262 -0.0116975 0.0370525 0.105671 3.43309 -4.93594 116.062 
0.707228 0.578811 87677 1 1.24948 0.455769 253 1 1264 -0.00594939 0.0424734 0.110158 3.49392 -4.96947 116.009 
0.737076 0.493594 87716 1 1.24948 0.455769 254 1 1265 -0.00556379 0.0417259 0.109463 3.48747 -4.95765 116 
0.790146 0.477137 87798 1 1.24948 0.455769 255 1 1267 -0.00454294 0.0460933 0.112131 3.51638 -4.98032 115.954 
0.756033 0.486327 87876 1 1.24948 0.455769 256 1 1269 -0.00440762 0.0416056 0.115458 3.48328 -5.00086 115.84 
0.799338 0.540867 87916 1 1.24948 0.455769 257 1 1270 -0.00290651 0.0457937 0.117965 3.52028 -5.02549 115.771 
0.802178 0.322541 87997 1 1.24948 0.455769 258 1 1272 -0.00429194 0.0395891 0.11181 3.46965 -4.97364 115.908 
0.812332 0.324254 88078 1 1.24948 0.455769 259 1 1274 -0.00277512 0.0404565 0.115864 3.45536 -5.01273 115.707 
0.778099 0.274262 88117 1 1.24948 0.455769 260 1 1275 -0.00448562 0.03626 0.112764 3.41036 -4.97914 115.737 
0.744123 0.245117 88198 1 1.24948 0.455769 261 1 1277 -0.0034079 0.0342014 0.112005 3.36742 -4.9547 115.658 
0.730656 0.287189 88277 1 1.24948 0.455769 262 1 1279 -0.0043555 0.0301133 0.112729 3.3384 -4.95928 115.65 
0.768085 0.304874 88317 1 1.24948 0.455769 263 1 1280 -0.00375875 0.0331696 0.115243 3.37009 -4.98029 115.593 
0.756431 0.287264 88398 1 1.24948 0.455769 264 1 1282 -0.00489327 0.0299537 0.114498 3.34393 -4.9762 115.671 
0.756431 0.287264 88398 1 1.24948 0.455769 265 1 1282 -0.00489327 0.0299537 0.114498 3.34393 -4.9762 115.671 
0.740862 0.284175 88558 1 1.24948 0.455769 266 1 1286 -0.00354495 0.0300114 0.110128 3.34922 -4.94625 115.649 
0.70977 0.318319 88597 1 1.24948 0.455769 267 1 1287 -0.00880046 0.0330592 0.107809 3.3773 -4.92665 115.778 
0.657193 0.462966 88678 1 1.24948 0.455769 268 1 1289 -0.00569224 0.0321265 0.111758 3.35157 -4.95092 115.675 
0.67098 0.433266 88758 1 1.24948 0.455769 269 1 1291 -0.0038813 0.0295212 0.110886 3.34164 -4.94255 115.707 
0.694693 0.500784 88798 1 1.24948 0.455769 270 1 1292 -0.00218066 0.030756 0.114042 3.34511 -4.9703 115.493 
0.683692 0.410605 88879 1 1.24948 0.455769 271 1 1294 -0.00479694 0.0302455 0.109456 3.34173 -4.9413 115.655 
0.665934 0.424534 88958 1 1.24948 0.455769 272 1 1296 -0.00642186 0.0299201 0.107087 3.32869 -4.92356 115.729 
0.652125 0.410378 88998 1 1.24948 0.455769 273 1 1297 -0.0093634 0.0341954 0.1078 3.35771 -4.92804 115.839 
0.640376 0.481174 89079 1 1.24948 0.455769 274 1 1299 -0.00575404 0.0323828 0.110044 3.33133 -4.93947 115.599 
0.652375 0.481565 89159 1 1.24948 0.455769 275 1 1301 -0.00559663 0.0312874 0.112385 3.33771 -4.9572 115.625 
0.659682 0.493957 89199 1 1.24948 0.455769 276 1 1302 -0.00449322 0.0315504 0.113526 3.34644 -4.96505 115.586 
0.657368 0.52408 89280 1 1.24948 0.455769 277 1 1304 -0.00349571 0.030473 0.116068 3.3436 -4.98542 115.523 
0.657827 0.54122 89359 1 1.24948 0.455769 278 1 1306 -0.00293795 0.0292735 0.113978 3.33283 -4.96679 115.373 
0.709965 0.519691 89399 1 1.24948 0.455769 279 1 1307 -0.00385812 0.0302394 0.112811 3.34287 -4.96342 115.528 
0.766793 0.499186 89479 1 1.24948 0.455769 280 1 1309 -0.00365146 0.0307894 0.112074 3.34652 -4.95235 115.501 
0.784176 0.503807 89560 1 1.24948 0.455769 281 1 1311 -0.00468944 0.030022 0.110173 3.33269 -4.94416 115.604 
0.726955 0.461018 89640 1 1.24948 0.455769 282 1 1313 -0.00424195 0.0296296 0.109565 3.34221 -4.94007 115.581 
0.702106 0.474259 89680 1 1.24948 0.455769 283 1 1314 -0.00464632 0.0278216 0.113191 3.32284 -4.97374 115.436 
0.708514 0.431015 89760 1 1.24948 0.455769 284 1 1316 -0.00431958 0.0304047 0.110989 3.34081 -4.97105 115.627 
0.705707 0.467113 89800 1 1.24948 0.455769 285 1 1317 -0.00459767 0.0283779 0.112681 3.3121 -4.98325 115.467 
0.711723 0.374919 89880 1 1.24948 0.455769 286 1 1319 -0.00711274 0.0297414 0.10696 3.32398 -4.93263 115.645 
0.636715 0.437579 89961 1 1.24948 0.455769 287 1 1321 -0.00651445 0.0298362 0.107015 3.32329 -4.92783 115.673 
0.644863 0.464126 90002 1 1.24948 0.455769 288 1 1322 -0.00518319 0.0314433 0.108648 3.3416 -4.93986 115.604 
0.670506 0.436473 90080 1 1.24948 0.455769 289 1 1324 -0.00403829 0.0296352 0.10759 3.34001 -4.92424 115.57 
0.677323 0.446085 90161 1 1.24948 0.455769 290 1 1326 -0.00484212 0.031498 0.108784 3.36026 -4.94105 115.585 
0.666491 0.505464 90201 1 1.24948 0.455769 291 1 1327 -0.00430317 0.0295387 0.113447 3.3377 -4.98462 115.448 
0.669263 0.46772 90281 1 1.24948 0.455769 292 1 1329 -0.00299213 0.0295333 0.11015 3.34736 -4.95993 115.542 
0.680616 0.479176 90361 1 1.24948 0.455769 293 1 1331 -0.00438637 0.0295378 0.112416 3.3398 -4.97375 115.404 
0.68736 0.435559 90402 1 1.24948 0.455769 294 1 1332 -0.00615716 0.0312154 0.111282 3.35292 -4.97021 115.647 
0.694448 0.34349 90481 1 1.24948 0.455769 295 1 1334 -0.00505978 0.031691 0.110514 3.35099 -4.95454 115.617 
0.691384 0.314294 90562 1 1.24948 0.455769 296 1 1336 -0.00520073 0.030731 0.111093 3.35415 -4.95577 115.702 
0.716684 0.325496 90602 1 1.24948 0.455769 297 1 1337 -0.00395517 0.0307872 0.109825 3.35817 -4.94944 115.641 
0.700077 0.303529 90682 1 1.24948 0.455769 298 1 1339 -0.00372021 0.0303894 0.111598 3.34924 -4.98111 115.623 
0.706647 0.242986 90763 1 1.24948 0.455769 299 1 1341 -0.00573393 0.0293562 0.108916 3.32587 -4.95962 115.629 
0.685136 0.251451 90802 1 1.24948 0.455769 300 1 1342 -0.00650932 0.0317497 0.110758 3.33482 -4.97585 115.66 
0.697851 0.20124 90883 1 1.24948 0.455769 301 1 1344 -0.00829427 0.030344 0.1069 3.31834 -4.94098 115.668 
0.66921 0.00188581 90962 1 1.24948 0.455769 302 1 1346 -0.00602166 0.0295378 0.106752 3.32211 -4.94621 115.7 
0.691568 -0.0436799 91043 1 1.24948 0.455769 303 1 1348 -0.00566222 0.0316691 0.107618 3.35244 -4.95022 115.639 
0.68892 -0.0770607 91083 1 1.24948 0.455769 304 1 1349 -0.00636631 0.0299202 0.105586 3.3483 -4.93835 115.782 
0.706043 -0.00841785 91163 1 1.24948 0.455769 305 1 1351 -0.00443657 0.0316318 0.108549 3.37821 -4.96296 115.518 
0.73618 0.00501753 91243 1 1.24948 0.455769 306 1 1353 -0.00209804 0.0329747 0.107177 3.39131 -4.96053 115.457 
0.683436 -0.0194884 91283 1 1.24948 0.455769 307 1 1354 -0.00342458 0.0284306 0.108413 3.35442 -4.97305 115.605 
0.679192 -0.052454 91363 1 1.24948 0.455769 308 1 1356 -0.00325963 0.0280496 0.108712 3.3429 -4.97758 115.58 
0.681246 -0.0327439 91444 1 1.24948 0.455769 309 1 1358 -0.00180762 0.0272255 0.112137 3.3343 -5.00643 115.539 
0.686843 -0.0173944 91483 1 1.24948 0.455769 310 1 1359 -0.000406342 0.0276492 0.113283 3.33652 -5.01366 115.445 
0.679495 -0.0394579 91524 1 1.24948 0.455769 311 1 1360 -0.00368462 0.024919 0.110296 3.31267 -4.98578 115.429 
0.686038 0.0111248 91644 1 1.24948 0.455769 312 1 1363 -0.00325461 0.0258416 0.112752 3.314 -5.01153 115.333 
0.981751 0.120473 91724 1 1.24948 0.455769 313 1 1365 -0.00323531 0.0290389 0.10973 3.33592 -4.97613 115.351 
0.951802 0.100129 91804 1 1.24948 0.455769 314 1 1367 -0.00338279 0.0265277 0.108263 3.32874 -4.96085 115.411 
0.926579 0.168129 91844 1 1.24948 0.455769 315 1 1368 -0.0015644 0.0240875 0.113651 3.30755 -5.00972 115.244 
0.926579 0.168129 91844 1 1.24948 0.455769 316 1 1368 -0.0015644 0.0240875 0.113651 3.30755 -5.00972 115.244 
0.955616 0.159777 91964 1 1.24948 0.455769 317 1 1371 -0.00265012 0.0243559 0.111244 3.32866 -4.98803 115.262 
0.929608 0.134827 92044 1 1.24948 0.455769 318 1 1373 -0.00214903 0.0207675 0.109402 3.30916 -4.97942 115.413 
1.09287 -0.0359515 92124 1 1.24948 0.455769 319 1 1375 -0.00393943 0.0246902 0.11254 3.31746 -5.00422 115.242 
1.12014 -0.117366 92165 1 1.24948 0.455769 320 1 1376 -0.00300261 0.0259544 0.108777 3.33373 -4.97018 115.381 
1.11775 -0.112831 92245 1 1.24948 0.455769 321 1 1378 -0.00304155 0.0209044 0.114237 3.28964 -5.01145 115.193 
1.11547 -0.160032 92325 1 1.24948 0.455769 322 1 1380 -0.0028412 0.020982 0.112777 3.29393 -5.00087 115.378 
1.114 -0.172209 92365 1 1.24948 0.455769 323 1 1381 -0.00179666 0.0225938 0.109454 3.30294 -4.97712 115.344 
0.28284 0.553364 92445 1 1.24948 0.455769 324 1 1383 -0.00218088 0.0249609 0.11738 3.31916 -5.05012 115.207 
0.272155 0.302597 92526 1 1.24948 0.455769 325 1 1385 -0.00419805 0.0227062 0.108935 3.30774 -4.96344 115.355 
0.274101 0.124469 92606 1 1.24948 0.455769 326 1 1387 -0.00409424 0.0190321 0.107638 3.28004 -4.94679 115.438 
0.285941 0.148554 92646 1 1.24948 0.455769 327 1 1388 -0.0038145 0.0204703 0.112456 3.30002 -4.99487 115.414 
0.299942 0.0271153 92725 1 1.24948 0.455769 328 1 1390 -0.00301207 0.0201396 0.109429 3.29799 -4.97131 115.401 
0.289709 0.043049 92765 1 1.24948 0.455769 329 1 1391 -0.00261281 0.020451 0.107708 3.30445 -4.958 115.355 
0.383276 0.0523135 92846 1 1.24948 0.455769 330 1 1393 -0.00304426 0.0198171 0.109829 3.29403 -4.97403 115.32 
0.357094 0.0166729 92927 1 1.24948 0.455769 331 1 1395 -0.00389397 0.018487 0.105368 3.28054 -4.93479 115.354 
-0.0951033 2.33862 93006 1 1.24948 0.455769 332 0 1397 -0.00348065 0.0169872 0.105718 3.25934 -4.93622 115.331 
0.4243 1.97666 93047 1 1.24948 0.455769 333 0 1398 -0.00459231 0.0195223 0.112901 3.28235 -5.00019 115.292 
0.286233 0.781018 93127 1 1.24948 0.455769 334 1 1400 -0.0029494 0.0189713 0.111668 3.27693 -4.98467 115.352 
0.324925 0.520684 93166 1 1.24948 0.455769 335 1 1401 -0.00250879 0.0173277 0.109957 3.27446 -4.97033 115.328 
0.357029 0.338173 93247 1 1.24948 0.455769 336 1 1403 -0.00490345 0.0137081 0.10741 3.25129 -4.95754 115.327 
0.351668 0.250302 93327 1 1.24948 0.455769 337 1 1405 -0.00409072 0.0168318 0.105248 3.28195 -4.94334 115.432 
0.262297 0.102506 93407 1 1.24948 0.455769 338 1 1407 -0.00528569 0.0162385 0.104724 3.28312 -4.93257 115.441 
0.231011 0.053589 93447 1 1.24948 0.455769 339 1 1408 -0.00605446 0.0158065 0.11334 3.27292 -4.99395 115.235 
0.209629 -0.0451396 93527 1 1.24948 0.455769 340 1 1410 -0.00434332 0.0153245 0.103712 3.29078 -4.90348 115.428 
0.205658 -0.0716551 93607 1 1.24948 0.455769 341 1 1412 -0.0047269 0.0130522 0.102565 3.28803 -4.88923 115.398 
0.242139 -0.0506887 93688 1 1.24948 0.455769 342 1 1414 -0.00368565 0.0132207 0.103962 3.30478 -4.88863 115.324 
0.273275 -0.0768045 93729 1 1.24948 0.455769 343 1 1415 -0.00309904 0.0162832 0.104051 3.34473 -4.89131 115.465 
0.00749038 -0.0430178 93808 1 1.24948 0.455769 344 1 1417 -0.00224711 0.0174541 0.108747 3.37135 -4.92258 115.471 
0.0667151 0.00492191 93888 1 1.24948 0.455769 345 1 1419 -0.00235865 0.0207544 0.114462 3.39648 -4.96197 115.397 
0.111696 -0.0097336 93928 1 1.24948 0.455769 346 1 1420 -0.0018672 0.0288301 0.114786 3.47088 -4.97033 115.606 
0.0674409 -0.0319465 94008 1 1.24948 0.455769 347 1 1422 -0.00641695 0.0211804 0.111855 3.40989 -4.92914 115.54 
0.109806 0.0308832 94048 1 1.24948 0.455769 348 1 1423 -0.00588308 0.0201532 0.111569 3.40489 -4.92493 115.626 
0.174755 0.186994 94129 1 1.24948 0.455769 349 1 1425 -0.00046972 0.0266449 0.122946 3.46289 -5.03994 115.509 
0.179692 0.172561 94208 1 1.24948 0.455769 350 1 1427 -0.000878759 0.0290836 0.120833 3.47271 -5.02592 115.497 
0.201428 0.148605 94248 1 1.24948 0.455769 351 1 1428 -0.00088014 0.0294119 0.120159 3.47251 -5.02128 115.515 
0.199288 0.12028 94328 1 1.24948 0.455769 352 1 1430 -0.00198552 0.0301219 0.118258 3.46713 -5.00784 115.603 
0.214242 0.143703 94409 1 1.24948 0.455769 353 1 1432 -0.00191357 0.029226 0.116437 3.47161 -4.99148 115.669 
0.195215 0.167034 94449 1 1.24948 0.455769 354 1 1433 -0.000982543 0.0272173 0.115158 3.4537 -4.97463 115.556 
0.202308 0.137041 94529 1 1.24948 0.455769 355 1 1435 -0.000619001 0.0276676 0.113915 3.46749 -4.96728 115.662 
0.191918 0.198144 94610 1 1.24948 0.455769 356 1 1437 -0.00086827 0.027555 0.11732 3.45277 -5.00081 115.574 
0.321894 0.475592 94690 1 1.24948 0.455769 357 1 1439 -0.000907277 0.0268788 0.112778 3.45487 -4.96482 115.749 
0.338386 0.456409 94729 1 1.24948 0.455769 358 1 1440 -0.000305007 0.0290894 0.115728 3.46556 -4.9879 115.724 
0.328865 0.426851 94810 1 1.24948 0.455769 359 1 1442 -0.000880433 0.0295232 0.115692 3.45444 -4.98173 115.715 
0.301801 0.419604 94850 1 1.24948 0.455769 360 1 1443 -0.00229269 0.0278139 0.113782 3.42959 -4.96959 115.682 
0.290554 0.33598 94929 1 1.24948 0.455769 361 1 1445 -0.00378827 0.0266894 0.110498 3.41683 -4.94064 115.894 
0.276707 0.379626 94970 1 1.24948 0.455769 362 1 1446 -0.00260619 0.0291405 0.115496 3.43733 -4.98861 115.769 
0.276707 0.379626 94970 1 1.24948 0.455769 363 1 1446 -0.00260619 0.0291405 0.115496 3.43733 -4.98861 115.769 
0.240871 0.256221 95130 1 1.24948 0.455769 364 1 1450 -0.00338414 0.0266315 0.111264 3.41655 -4.96378 115.836 
0.230536 0.251699 95211 1 1.24948 0.455769 365 1 1452 -0.00287852 0.0287109 0.108712 3.44328 -4.93849 115.777 
0.301036 0.27027 95251 1 1.24948 0.455769 366 1 1453 -0.00226168 0.0277083 0.10948 3.44779 -4.94221 115.753 
0.503947 0.384689 95330 1 1.24948 0.455769 367 1 1455 -0.000317289 0.0267593 0.110548 3.47251 -4.94989 115.792 
0.500013 0.406889 95411 1 1.24948 0.455769 368 1 1457 -4.35529e-005 0.0264795 0.111465 3.47773 -4.95777 115.741 
0.500889 0.435453 95451 1 1.24948 0.455769 369 1 1458 -0.000804442 0.0266295 0.112585 3.4782 -4.96924 115.691 
0.516326 0.404691 95531 1 1.24948 0.455769 370 1 1460 -0.000340987 0.0297262 0.110749 3.49105 -4.95481 115.634 
0.517396 0.442926 95612 1 1.24948 0.455769 371 1 1462 -0.00209173 0.0298984 0.113979 3.47414 -4.98108 115.635 
0.428768 0.405456 95651 1 1.24948 0.455769 372 1 1463 -0.0014815 0.0305777 0.113034 3.47756 -4.97264 115.692 
0.409864 0.403404 95731 1 1.24948 0.455769 373 1 1465 -0.00282994 0.0252612 0.113751 3.42885 -4.97532 115.663 
0.343318 0.353043 95812 1 1.24948 0.455769 374 1 1467 -0.00205722 0.0290589 0.109921 3.44941 -4.94548 115.633 
0.288411 0.312639 95852 1 1.24948 0.455769 375 1 1468 -0.00177641 0.0260173 0.110574 3.41569 -4.95718 115.643 
0.288213 0.281183 95932 1 1.24948 0.455769 376 1 1470 -0.00529265 0.02833 0.108992 3.42733 -4.94203 115.69 
0.278571 0.33011 96013 1 1.24948 0.455769 377 1 1472 -0.0051313 0.029131 0.113866 3.42259 -4.97916 115.536 
0.268361 0.240325 96051 1 1.24948 0.455769 378 1 1473 -0.00415496 0.0324055 0.112373 3.45494 -4.96778 115.639 
0.164587 0.0646846 96132 1 1.24948 0.455769 379 1 1475 -0.00318904 0.0297963 0.108672 3.44777 -4.9402 115.682 
0.156027 0.0257784 96212 1 1.24948 0.455769 380 1 1477 -0.00334909 0.0281726 0.104378 3.44123 -4.90428 115.692 
0.162427 0.0593318 96293 1 1.24948 0.455769 381 1 1479 -0.0033973 0.0304756 0.109841 3.46517 -4.95258 115.674 
0.178644 0.0681674 96333 1 1.24948 0.455769 382 1 1480 -0.0029958 0.0287505 0.111738 3.45277 -4.96667 115.616 
0.189786 0.0496697 96413 1 1.24948 0.455769 383 1 1482 -0.00445051 0.0315916 0.111713 3.46911 -4.96886 115.696 
0.165031 0.112942 96493 1 1.24948 0.455769 384 1 1484 -0.00388936 0.0304538 0.115688 3.45185 -4.99881 115.5 
0.157285 0.082298 96573 1 1.24948 0.455769 385 1 1486 -0.00283962 0.0295946 0.109527 3.45103 -4.9499 115.7 
0.155446 0.0995327 96613 1 1.24948 0.455769 386 1 1487 -0.00558616 0.0256333 0.111418 3.41474 -4.96942 115.648 
0.137583 0.0833983 96694 1 1.24948 0.455769 387 1 1489 -0.00580691 0.0278466 0.110468 3.42092 -4.96527 115.677 
0.152225 0.122537 96734 1 1.24948 0.455769 388 1 1490 -0.00515516 0.0282185 0.115147 3.40847 -5.00017 115.492 
0.141352 -0.131013 96813 1 1.24948 0.455769 389 1 1492 -0.00816656 0.0295396 0.112301 3.40686 -4.97249 115.695 
0.107178 -0.139673 96893 1 1.24948 0.455769 390 1 1494 -0.00636581 0.0289301 0.112398 3.39962 -4.97472 115.63 
0.123398 -0.0562921 96974 1 1.24948 0.455769 391 1 1496 -0.00693037 0.0293641 0.117508 3.40373 -5.0219 115.45 
0.130758 -0.0836468 97014 1 1.24948 0.455769 392 1 1497 -0.00642852 0.0327633 0.115586 3.43252 -5.00572 115.481 
0.130473 -0.11551 97094 1 1.24948 0.455769 393 1 1499 -0.00781444 0.0308332 0.111181 3.42503 -4.97051 115.585 
0.109776 -0.0955783 97173 1 1.24948 0.455769 394 1 1501 -0.00735773 0.0275826 0.113585 3.39887 -4.99495 115.583 
0.120011 -0.0715173 97214 1 1.24948 0.455769 395 1 1502 -0.00749979 0.030001 0.114896 3.41088 -5.00536 115.462 
0.121292 -0.165665 97294 1 1.24948 0.455769 396 1 1504 -0.00855374 0.032465 0.112426 3.42189 -4.98132 115.655 
0.108817 -0.181855 97375 1 1.24948 0.455769 397 1 1506 -0.0068654 0.0331008 0.112702 3.42711 -4.97738 115.461 
0.10861 -0.203913 97455 1 1.24948 0.455769 398 0 1508 -0.00663291 0.0303375 0.112522 3.41138 -4.97772 115.569 
0.105397 -0.119995 97495 1 1.24948 0.455769 399 1 1509 -0.00709827 0.0297833 0.117269 3.39947 -5.02283 115.417 
0.42309 -0.0598477 97575 1 1.24948 0.455769 400 1 1511 -0.00777995 0.0322697 0.117685 3.40837 -5.02562 115.469 
0.444295 0.0102013 97615 1 1.24948 0.455769 401 1 1512 -0.00904326 0.0300432 0.117395 3.38599 -5.02588 115.454 
0.464259 0.00563093 97695 1 1.24948 0.455769 402 1 1514 -0.00708419 0.0356055 0.117928 3.42502 -5.02112 115.384 
0.469295 0.0142785 97775 1 1.24948 0.455769 403 1 1516 -0.00667532 0.0355325 0.119292 3.43393 -5.0335 115.438 
0.488691 8.01125e-005 97816 1 1.24948 0.455769 404 1 1517 -0.00601137 0.0374171 0.11819 3.45824 -5.02216 115.44 
0.530331 0.00377531 97896 1 1.24948 0.455769 405 1 1519 -0.00547299 0.0321405 0.113853 3.41183 -4.97766 115.421 
0.563758 0.011988 97975 1 1.24948 0.455769 406 1 1521 -0.00686918 0.0331652 0.113437 3.42506 -4.97512 115.629 
0.55172 0.0966481 98016 1 1.24948 0.455769 407 1 1522 -0.00638948 0.0322441 0.116542 3.41363 -5.00424 115.461 
0.479279 0.181897 98096 1 1.24948 0.455769 408 1 1524 -0.00582207 0.0322523 0.116385 3.42016 -5.00657 115.484 
0.479279 0.181897 98096 1 1.24948 0.455769 409 1 1524 -0.00582207 0.0322523 0.116385 3.42016 -5.00657 115.484 
0.415139 0.0982636 98217 1 1.24948 0.455769 410 1 1527 -0.0120382 0.0213422 0.107816 3.32883 -4.92355 115.709 
0.543663 0.135759 98296 1 1.24948 0.455769 411 1 1529 -0.00551068 0.0381078 0.114211 3.44296 -4.9765 115.716 
0.564558 0.201949 98376 1 1.24948 0.455769 412 1 1531 -0.00532374 0.0405755 0.118667 3.43682 -5.00883 115.46 
0.509181 0.113184 98416 1 1.24948 0.455769 413 1 1532 -0.00642565 0.0357999 0.113197 3.39257 -4.95846 115.654 
0.533035 0.154137 98497 1 1.24948 0.455769 414 1 1534 -0.00526781 0.0387856 0.116651 3.41029 -4.98961 115.544 
0.471493 0.123892 98577 1 1.24948 0.455769 415 1 1536 -0.00762078 0.0361168 0.115553 3.37308 -4.99128 115.658 
0.447618 0.112599 98617 1 1.24948 0.455769 416 1 1537 -0.00861254 0.0351504 0.115256 3.34932 -4.99363 115.652 
0.410616 0.0769953 98696 1 1.24948 0.455769 417 1 1539 -0.0130335 0.0323851 0.107217 3.30896 -4.93282 115.754 
0.405442 0.069696 98777 1 1.24948 0.455769 418 1 1541 -0.0125914 0.0358231 0.109054 3.32962 -4.94376 115.798 
0.346357 0.116041 98817 1 1.24948 0.455769 419 1 1542 -0.0123469 0.0325446 0.110761 3.30784 -4.95052 115.739 
0.412094 0.179635 98897 1 1.24948 0.455769 420 1 1544 -0.00766261 0.0359735 0.117695 3.36024 -5.00931 115.658 
0.585054 0.135168 98978 1 1.24948 0.455769 421 1 1546 -0.00824396 0.0395938 0.117544 3.41604 -5.02078 115.73 
0.561136 0.152109 99018 1 1.24948 0.455769 422 1 1547 -0.00691304 0.0367443 0.117069 3.39069 -5.01251 115.626 
0.587003 0.0638331 99097 1 1.24948 0.455769 423 1 1549 -0.00659936 0.0385631 0.112178 3.42221 -4.96069 115.827 
0.586086 0.107033 99178 1 1.24948 0.455769 424 1 1551 -0.00521393 0.0361499 0.114363 3.39503 -4.98957 115.769 
0.643107 0.0952482 99218 1 1.24948 0.455769 425 1 1552 -0.00658733 0.0363305 0.114679 3.38945 -4.99622 115.687 
0.579071 0.0374794 99298 1 1.24948 0.455769 426 1 1554 -0.0135787 0.0316419 0.110237 3.339 -4.94504 115.702 
0.591738 -0.0162994 99379 1 1.24948 0.455769 427 1 1556 -0.0106053 0.0328595 0.111031 3.34804 -4.93282 115.724 
0.613576 0.0127151 99418 1 1.24948 0.455769 428 1 1557 -0.00938865 0.0324576 0.110842 3.35249 -4.93552 115.751 
0.615124 0.0326993 99498 1 1.24948 0.455769 429 1 1559 -0.00938131 0.0324022 0.110569 3.35296 -4.93797 115.719 
0.552488 0.0827268 99579 1 1.24948 0.455769 430 1 1561 -0.012901 0.0312695 0.112483 3.34147 -4.95923 115.592 
0.337222 0.0322048 99619 1 1.24948 0.455769 431 1 1562 -0.0120972 0.0308724 0.111453 3.34084 -4.94567 115.628 
0.362684 0.0218745 99699 1 1.24948 0.455769 432 1 1564 -0.0103742 0.0327254 0.112169 3.35734 -4.94832 115.586 
0.446014 0.0229218 99780 1 1.24948 0.455769 433 1 1566 -0.0060461 0.0396513 0.116267 3.44455 -4.99649 115.696 
0.35503 -0.0364182 99819 1 1.24948 0.455769 434 1 1567 -0.0100252 0.0271135 0.10949 3.33887 -4.9293 115.66 
0.266676 0.318805 99899 1 1.24948 0.455769 435 1 1569 -0.00738366 0.0365461 0.121062 3.41635 -5.0302 115.601 
0.217436 0.251857 99979 1 1.24948 0.455769 436 1 1571 -0.0130251 0.0287051 0.113751 3.34875 -4.95632 115.557 
0.161143 0.173517 100061 1 1.24948 0.455769 437 1 1573 -0.0110122 0.0288317 0.113085 3.35204 -4.95115 115.554 
0.205663 0.208351 100100 1 1.24948 0.455769 438 1 1574 -0.00568957 0.0379019 0.121805 3.43087 -5.03433 115.5 
0.166366 0.181042 100179 1 1.24948 0.455769 439 1 1576 -0.00699982 0.0367898 0.11899 3.41486 -5.00293 115.522 
0.18476 0.118666 100260 1 1.24948 0.455769 440 1 1578 -0.00499859 0.0339297 0.115167 3.40166 -4.96425 115.472 
0.193074 0.20454 100300 1 1.24948 0.455769 441 1 1579 -0.00464172 0.0354672 0.11812 3.41502 -4.99761 115.408 
0.443989 0.0414679 100380 1 1.24948 0.455769 442 1 1581 -0.00532073 0.0359995 0.118687 3.4182 -5.00668 115.395 
0.389363 -0.0607133 100461 1 1.24948 0.455769 443 1 1583 -0.0114337 0.0316344 0.113645 3.36304 -4.95923 115.501 
0.74329 -0.0282257 100540 1 1.24948 0.455769 444 1 1585 -0.0111566 0.0327943 0.115539 3.34268 -4.9737 115.462 
0.736239 0.0652051 100622 1 1.24948 0.455769 445 1 1587 -0.00818311 0.0307361 0.114321 3.28326 -4.94064 115.214 
0.709357 0.0347448 100701 1 1.24948 0.455769 446 1 1589 -0.00873505 0.0314279 0.110715 3.2877 -4.89164 115.113 
0.716524 -0.00217786 100741 1 1.24948 0.455769 447 1 1590 -0.0107613 0.0350156 0.10852 3.31908 -4.86867 115.223 
0.70721 -0.0122172 100821 1 1.24948 0.455769 448 1 1592 -0.0117171 0.0373318 0.110285 3.33036 -4.86134 114.982 
0.717686 0.217073 100861 1 1.24948 0.455769 449 1 1593 -0.011898 0.0472079 0.118325 3.39386 -4.9009 114.339 
0.810069 0.315119 100941 1 1.24948 0.455769 450 1 1595 -0.0120579 0.0672345 0.124233 3.5582 -4.88997 113.27 
0.7622 0.259217 101021 1 1.24948 0.455769 451 1 1597 -0.00976746 0.0554753 0.112669 3.47473 -4.80121 113.381 
0.74987 0.221245 101061 1 1.24948 0.455769 452 1 1598 -0.00734599 0.0497577 0.107554 3.41079 -4.76334 113.438 
0.647249 0.244132 101142 1 1.24948 0.455769 453 1 1600 -0.00624758 0.0393425 0.10451 3.27319 -4.74108 113.492 
0.645016 0.197947 101182 1 1.24948 0.455769 454 1 1601 -0.00735199 0.0428318 0.0996081 3.29433 -4.69389 113.512 
0.645016 0.197947 101182 1 1.24948 0.455769 455 1 1601 -0.00735199 0.0428318 0.0996081 3.29433 -4.69389 113.512 
0.632698 0.199817 101222 1 1.24948 0.455769 456 1 1602 -0.00631617 0.0406178 0.0975788 3.26469 -4.6688 113.464 
0.616295 0.201901 101422 1 1.24948 0.455769 457 1 1607 -0.00923034 0.0336049 0.0975392 3.17366 -4.69884 113.502 
0.619719 0.207301 101463 1 1.24948 0.455769 458 1 1608 -0.00881376 0.0309893 0.0979394 3.14716 -4.70179 113.493 
0.621424 0.147685 101543 1 1.24948 0.455769 459 1 1610 -0.00917152 0.0338126 0.0937689 3.1834 -4.66732 113.701 
0.639536 0.149111 101623 1 1.24948 0.455769 460 1 1612 -0.00725786 0.0342778 0.0952201 3.2025 -4.68396 113.599 
0.588556 0.182877 101662 1 1.24948 0.455769 461 1 1613 -0.00841269 0.0283645 0.0954779 3.15865 -4.6893 113.619 
0.535965 0.261168 101742 1 1.24948 0.455769 462 1 1615 -0.00916166 0.0286265 0.0924253 3.16812 -4.66684 113.719 
0.582063 0.271677 101823 1 1.24948 0.455769 463 1 1617 -0.00812843 0.0328828 0.0959215 3.21908 -4.70505 113.886 
0.56449 0.225801 101863 1 1.24948 0.455769 464 1 1618 -0.00829668 0.0300299 0.0916262 3.20028 -4.66868 113.91 
0.618873 0.256541 101943 1 1.24948 0.455769 465 1 1620 -0.00940206 0.0385814 0.0947114 3.27825 -4.69811 113.881 
0.66347 -0.00886492 101985 1 1.24948 0.455769 466 1 1621 -0.0084858 0.0400016 0.0930751 3.29592 -4.67978 113.898 
0.693468 -0.140238 102063 1 1.24948 0.455769 467 1 1623 -0.00763597 0.0391612 0.0960162 3.2864 -4.70452 113.805 
0.748613 -0.188325 102143 1 1.24948 0.455769 468 1 1625 -0.0075515 0.0398408 0.0925671 3.29964 -4.6755 113.853 
0.846045 -0.231497 102224 1 1.24948 0.455769 469 0 1627 -0.00880461 0.0368208 0.0933157 3.25893 -4.6709 113.666 
0.825207 -0.259416 102264 1 1.24948 0.455769 470 0 1628 -0.00985957 0.036738 0.0903706 3.25059 -4.6401 113.611 
0.82689 -0.226736 102345 1 1.24948 0.455769 471 0 1630 -0.00864751 0.0350239 0.0927232 3.21484 -4.64899 113.41 
0.892714 -0.105739 102424 1 1.24948 0.455769 472 1 1632 -0.00989451 0.0479561 0.0954998 3.31025 -4.65716 113.178 
0.952736 0.0548507 102504 1 1.24948 0.455769 473 1 1634 -0.0115339 0.0500011 0.0944817 3.35068 -4.62939 113.169 
0.961155 0.0411192 102544 1 1.24948 0.455769 474 1 1635 -0.0107352 0.0516989 0.0934122 3.37817 -4.61303 113.129 
0.973352 0.00690091 102624 1 1.24948 0.455769 475 1 1637 -0.00922324 0.0481419 0.0938056 3.37522 -4.61699 113.208 
0.98957 0.0157443 102705 1 1.24948 0.455769 476 1 1639 -0.0105863 0.0473285 0.0948971 3.38341 -4.62489 113.161 
0.955433 0.0145385 102745 1 1.24948 0.455769 477 1 1640 -0.00966833 0.0482882 0.0938326 3.39641 -4.61211 113.041 
0.374595 -0.0600698 102824 1 1.24948 0.455769 478 1 1642 -0.00864156 0.0437328 0.101788 3.34969 -4.66806 112.763 
0.380344 -0.121677 102905 1 1.24948 0.455769 479 1 1644 -0.0124041 0.0492019 0.100003 3.39637 -4.63577 112.687 
0.400158 -0.118596 102945 1 1.24948 0.455769 480 1 1645 -0.010826 0.0535796 0.102364 3.42871 -4.649 112.64 
0.283942 -0.158991 103025 1 1.24948 0.455769 481 1 1647 -0.0103662 0.0480125 0.095645 3.38114 -4.59795 112.685 
0.278126 -0.195434 103106 1 1.24948 0.455769 482 1 1649 -0.0100513 0.0411848 0.0903462 3.32606 -4.58498 112.896 
0.258597 -0.200129 103146 1 1.24948 0.455769 483 0 1650 -0.00997425 0.0402412 0.0897701 3.31533 -4.59591 112.97 
0.27005 -0.186555 103225 1 1.24948 0.455769 484 1 1652 -0.0103175 0.0411384 0.087751 3.31579 -4.60304 113.082 
0.126142 -0.117966 103265 1 1.24948 0.455769 485 1 1653 -0.0105648 0.0415873 0.086628 3.31768 -4.60356 113.131 
0.0566985 -0.0539192 103346 1 1.24948 0.455769 486 1 1655 -0.00892286 0.035987 0.0888402 3.27418 -4.61831 113.18 
0.0700913 -0.0475149 103426 1 1.24948 0.455769 487 1 1657 -0.00841591 0.0395277 0.0915772 3.34866 -4.6507 113.448 
0.122967 -0.00268664 103506 1 1.24948 0.455769 488 1 1659 -0.00730513 0.0360035 0.0921424 3.35924 -4.67642 113.835 
0.159072 0.00736307 103546 1 1.24948 0.455769 489 1 1660 -0.00750635 0.0362318 0.0954392 3.37824 -4.71757 114.077 
0.0927205 -0.100979 103626 1 1.24948 0.455769 490 1 1662 -0.00705776 0.027304 0.0863051 3.31571 -4.63898 114.372 
0.125659 0.0477644 103706 1 1.24948 0.455769 491 1 1664 -0.00635733 0.0292972 0.100171 3.31801 -4.74857 114.086 
0.180319 0.0848162 103747 1 1.24948 0.455769 492 1 1665 -0.00743593 0.0298068 0.108169 3.30917 -4.79791 113.977 
0.167027 0.136894 103827 1 1.24948 0.455769 493 1 1667 -0.00800938 0.0296384 0.113414 3.27891 -4.80341 113.419 
0.133359 0.104962 103907 1 1.24948 0.455769 494 1 1669 -0.0116945 0.022473 0.105972 3.22734 -4.7325 113.27 
0.104936 0.138756 103947 1 1.24948 0.455769 495 1 1670 -0.0156131 0.0176528 0.10833 3.19876 -4.76809 113.13 
-0.00934715 0.358618 104027 1 1.24948 0.455769 496 1 1672 -0.0225036 -0.00367577 0.125632 3.05891 -4.97028 112.619 
-0.0645913 0.490632 104067 1 1.24948 0.455769 497 1 1673 -0.0270749 -0.0182693 0.138089 2.9645 -5.10881 112.274 
-0.0795486 0.496212 104147 1 1.24948 0.455769 498 1 1675 -0.0361698 -0.0386129 0.136422 2.85243 -5.15091 112.209 
-0.0378353 0.48056 104228 1 1.24948 0.455769 499 1 1677 -0.0457934 -0.0391499 0.128732 2.87186 -5.139 112.45 
-0.00253918 0.386908 104307 1 1.19479 0.449038 500 1 1679 -0.053057 -0.0351586 0.118772 2.89072 -5.05003 112.457 
-0.00253918 0.386908 104307 1 0.588021 0.334615 501 1 1679 -0.053057 -0.0351586 0.118772 2.89072 -5.05003 112.457 
0.0213156 0.419801 104428 1 0.382292 0.317308 502 1 1682 -0.0614874 -0.0316101 0.117876 2.89129 -5.02399 112.43 
0.281196 0.379164 104508 1 0.355729 0.331731 503 1 1684 -0.0625945 -0.0271565 0.109613 2.90828 -4.955 112.601 
0.294431 0.310894 104588 1 0.360938 0.350962 504 1 1686 -0.0622967 -0.0257819 0.104392 2.91203 -4.88434 112.832 
0.287546 0.242371 104668 1 0.376042 0.366346 505 1 1688 -0.0608015 -0.0321719 0.0970893 2.88381 -4.79072 113.061 
0.293402 0.195781 104708 1 0.3875 0.375 506 1 1689 -0.0574998 -0.0319848 0.0949692 2.89558 -4.75996 113.097 
0.36758 0.118103 104788 1 0.395313 0.375 507 1 1691 -0.0563368 -0.0334392 0.0921982 2.89938 -4.72125 112.981 
0.404775 0.088978 104828 1 0.400521 0.375 508 1 1692 -0.0553704 -0.0353687 0.10115 2.8763 -4.77605 112.749 
0.351669 0.119326 104949 1 0.401562 0.375 509 1 1695 -0.0482537 -0.0364265 0.0985666 2.83532 -4.76069 112.422 
0.315368 0.307455 105028 1 0.410938 0.382692 510 1 1697 -0.045818 -0.04151 0.101134 2.78683 -4.8269 112.388 
0.336777 0.560144 105109 1 0.421875 0.400962 511 1 1699 -0.0421913 -0.03411 0.102338 2.82104 -4.89016 112.391 
0.31055 0.528628 105189 1 0.424479 0.419231 512 1 1701 -0.0430564 -0.0261976 0.0958205 2.81297 -4.91572 112.2 
0.387974 0.487982 105229 1 0.425521 0.424038 513 1 1702 -0.0418659 -0.0221444 0.0894894 2.83144 -4.9159 112.157 
0.444301 0.262908 105310 1 0.425521 0.424038 514 1 1704 -0.0426954 -0.00753671 0.0918863 2.9103 -5.0785 112.284 
0.511642 0.246448 105390 1 0.425521 0.424038 515 1 1706 -0.0414378 -0.00148465 0.0832963 2.93521 -5.2418 112.305 
0.471194 0.26332 105429 1 0.426042 0.424038 516 1 1707 -0.0384045 0.00104645 0.0730725 2.95537 -5.34505 112.796 
0.453867 0.246114 105510 1 0.426042 0.424038 517 1 1709 -0.0327672 0.0107841 0.052617 3.087 -5.5459 113.371 
0.383711 0.240143 105550 1 0.426042 0.424038 518 1 1710 -0.0272047 -0.000105627 0.0365611 3.05606 -5.65799 114.125 
0.345067 0.261216 105630 1 0.426042 0.424038 519 1 1712 -0.0138477 0.00268005 0.00876802 3.16347 -6.03723 116.452 
0.289362 0.53919 105711 1 0.426042 0.424038 520 1 1714 -0.0135724 0.000748727 0.0115566 3.2179 -6.67843 119.45 
0.307297 0.925216 105790 1 0.426042 0.424038 521 1 1716 -0.00838023 0.0054034 0.0234714 3.45598 -7.38297 122.386 
0.318441 1.14187 105830 1 0.426042 0.424038 522 1 1717 -0.00433201 0.0335731 0.0364982 3.83698 -7.76008 124.106 
0.226749 1.27475 105910 1 0.426042 0.424038 523 0 1719 -0.00273248 0.00778468 0.0259983 3.72057 -7.89977 125.166 
0.353138 1.22813 105991 1 0.41875 0.416346 524 0 1721 -0.00143826 0.0353727 0.0259502 3.91931 -7.89685 125.094 
0.221068 1.3078 106071 1 0.396875 0.397115 525 0 1723 0.00333665 0.0254323 0.044809 3.85857 -7.97873 125.011 
0.257526 1.15432 106111 1 0.425 0.403846 526 1 1724 0.00603339 0.0165986 0.0351518 3.7868 -7.77808 124.1 
0.307145 1.01068 106191 1 0.447917 0.404808 527 1 1726 0.00757483 0.0152729 0.0403079 3.77896 -7.53094 122.506 
0.328857 0.931945 106231 1 0.447917 0.404808 528 1 1727 0.00659265 0.0143897 0.0473428 3.76473 -7.41307 121.495 
0.499228 0.815204 106311 1 0.450521 0.401923 529 1 1729 0.00680868 0.0102573 0.0441273 3.70188 -7.02574 119.993 
0.559725 0.663509 106392 1 0.430208 0.405769 530 1 1731 0.00574341 0.00986699 0.0508448 3.67207 -6.85799 118.963 
0.619617 0.551506 106472 1 0.409375 0.415385 531 1 1733 0.00955937 0.00824815 0.0506216 3.63205 -6.45489 117.551 
0.562477 0.480685 106512 1 0.407813 0.416346 532 1 1734 0.0114766 -0.00376422 0.0592997 3.50172 -6.39033 117.551 
0.487352 0.316873 106592 1 0.402604 0.416346 533 1 1736 0.00698726 -0.00826036 0.0549704 3.44596 -6.1629 117.074 
0.423424 0.238712 106673 1 0.388021 0.417308 534 1 1738 0.00704049 -0.0134345 0.0557118 3.48707 -6.01052 117.123 
0.446828 0.148048 106752 1 0.361979 0.409615 535 1 1740 0.0115286 -0.0115933 0.060617 3.5789 -5.93877 117.101 
0.503543 0.225671 106833 1 0.342708 0.383654 536 1 1742 0.00983113 -0.00290592 0.0701365 3.61543 -5.8707 117.057 
0.603552 0.398948 106912 1 0.302083 0.311538 537 1 1744 0.00588019 0.00748244 0.0747895 3.51538 -5.76214 117.012 
0.577663 0.323341 106992 1 0.278646 0.240385 538 1 1746 0.00423961 -0.00551572 0.0738917 3.31135 -5.57227 117.002 
0.49292 0.340583 107073 1 0.2875 0.225962 539 1 1748 0.00484695 -0.0159203 0.0729621 3.20931 -5.54902 117.072 
0.467982 0.272112 107153 1 0.307292 0.256731 540 1 1750 0.00652457 -0.0215608 0.0670833 3.19976 -5.45704 116.885 
0.540016 0.275042 107193 1 0.311458 0.386538 541 1 1751 0.00779558 -0.0141125 0.0767131 3.28632 -5.47628 116.74 
0.579483 0.181342 107273 1 0.339583 0.510577 542 1 1753 0.00742883 -0.0020009 0.0758642 3.45125 -5.31012 116.751 
0.575379 0.199301 107313 1 0.347396 0.528846 543 1 1754 0.0101313 0.0011364 0.0808427 3.5185 -5.26956 116.826 
0.629219 0.236062 107393 1 0.347396 0.527885 544 1 1756 0.0187978 0.00691154 0.0906487 3.67683 -5.1883 116.755 
0.598303 0.241733 107434 1 0.347396 0.525962 545 1 1757 0.0200791 0.0103121 0.0899308 3.7291 -5.08495 116.656 
0.650117 0.612178 107474 1 0.347396 0.525962 546 1 1758 0.0221404 0.0175195 0.106446 3.78762 -5.14733 116.417 
0.713285 0.536247 107594 1 0.347396 0.525962 547 1 1761 0.0157268 0.0285973 0.12944 3.859 -4.95769 116.541 
0.807865 0.561532 107634 1 0.347396 0.525962 548 1 1762 0.0150435 0.0471148 0.151356 3.97419 -4.93527 116.447 
0.997424 1.16196 107714 1 0.347396 0.525962 549 1 1764 -0.000685346 0.0844671 0.235381 4.10328 -5.05393 116.277 
1.75031 2.45033 107755 1 0.347396 0.525962 550 0 1765 -0.0104256 0.123143 0.273056 4.27043 -4.99247 116.486 
2.35664 7.36187 107875 1 0.347396 0.525962 551 0 1768 -0.0406749 0.19683 0.426947 4.29214 -5.23998 115.41 
0.852441 -0.582052 107995 1 0.347396 0.525962 552 0 1771 -0.0515757 0.19208 0.51478 3.76508 -5.14851 116.734 
0.476669 -0.687864 108034 1 0.347396 0.525962 553 0 1772 -0.0493075 0.183485 0.515707 3.61669 -4.99977 117.388 
0.566268 -0.0896592 108075 1 0.346875 0.517308 554 0 1773 -0.0433212 0.193365 0.53199 3.62951 -4.99799 117.139 
-2.46339 0.998496 108196 1 0.342708 0.503846 555 0 1776 -0.0433324 0.171349 0.5037 3.49607 -4.82506 118.661 
1.47792 1.02772 108315 1 0.340625 0.492308 556 0 1779 -0.0943593 0.207367 0.468032 3.86049 -4.99642 127.005 
-2.6562 1.24269 108395 1 0.340104 0.455769 557 0 1781 -0.199531 0.380574 0.720492 4.93452 -6.77524 143.211 
-2.6562 1.24269 108395 1 0.348438 0.407692 558 0 1781 -0.199531 0.380574 0.720492 4.93452 -6.77524 143.211 
-0.721521 0.606375 108435 1 0.379688 0.352885 559 0 1782 -0.201877 0.37913 0.722457 4.94026 -6.77904 144.203 
-0.959631 0.0673474 108596 1 0.429167 0.307692 560 0 1786 -0.221758 0.36282 0.780142 4.98197 -7.13065 152.979 
-0.791013 1.22335 108676 1 0.454167 0.304808 561 0 1788 -0.213487 0.355987 0.768914 5.20053 -7.06806 161.63 
0.637581 0.113718 108716 1 0.466146 0.301923 562 0 1789 -0.227807 0.385535 0.79812 5.41391 -7.28872 166.055 
0.637581 0.113718 108716 1 0.475521 0.294231 563 0 1789 -0.227807 0.385535 0.79812 5.41391 -7.28872 166.055 
3.01747 4.1161 108879 1 0.492708 0.284615 564 0 1793 -0.164095 0.603869 0.863336 7.43129 -7.8102 175.312 
-0.300084 3.78505 108916 1 0.509896 0.275962 565 0 1794 -0.144192 0.580391 0.825552 7.40908 -7.62475 175.73 
-1.83961 3.59638 108957 1 0.511458 0.275 566 0 1795 -0.0957661 0.596706 0.806474 7.62507 -7.47531 173.034 
-2.38426 -0.178966 109037 1 0.513542 0.272115 567 0 1797 -0.067487 0.674223 0.875694 8.23727 -7.76091 172.859 
-0.0776657 2.97797 109156 1 0.514583 0.267308 568 0 1800 -0.0607409 0.642932 0.853283 8.54265 -7.90938 187.335 
1.99089 2.32337 109277 1 0.478646 0.244231 569 0 1803 -0.0102687 0.796633 0.883911 9.87109 -7.90511 194.406 
1.99089 2.32337 109277 1 0.433333 0.239423 570 0 1803 -0.0102687 0.796633 0.883911 9.87109 -7.90511 194.406 
4.15319 1.99447 109317 1 0.386458 0.239423 571 0 1804 0.0108906 0.796446 0.832525 10.16 -7.89053 195.39 
0.445744 1.74572 109477 1 0.351042 0.258654 572 0 1808 -0.00712565 0.853219 0.876885 10.4365 -7.82377 182.141 
0.573085 1.26905 109517 1 0.289063 0.308654 573 0 1809 -0.0462942 0.878774 0.866985 10.6556 -8.00717 181.839 
5.1745 -0.454304 109638 1 0.236979 0.322115 574 0 1812 -0.0154786 0.957336 0.907074 11.4352 -8.20274 187.076 
5.1745 -0.454304 109638 1 0.233333 0.320192 575 0 1812 -0.0154786 0.957336 0.907074 11.4352 -8.20274 187.076 
0.506522 0.485393 109798 1 0.234896 0.303846 576 1 1816 -0.0343573 0.916745 0.962319 11.4267 -8.74193 199.999 
0.506582 0.484596 109878 1 0.229687 0.308654 577 1 1818 -0.0343658 0.916739 0.962328 11.4268 -8.74189 200 
0.506582 0.484604 109918 1 0.203646 0.342308 578 1 1819 -0.034366 0.916739 0.962328 11.4268 -8.74189 200 
-1.75837 1.30526 109998 1 0.19375 0.347115 579 0 1821 -0.0720254 0.880282 0.955561 10.8926 -8.85212 195.836 
-1.75837 1.30526 109998 1 0.19375 0.346154 580 0 1821 -0.0720254 0.880282 0.955561 10.8926 -8.85212 195.836 
-1.75837 1.30526 109998 1 0.19375 0.346154 581 0 1821 -0.0720254 0.880282 0.955561 10.8926 -8.85212 195.836 
