ImageFile:
-0.410512 -0.721672 59714 1 0.205729 0.330769 1 0 501 0.0519388 -0.0282986 0.0180008 -0.755124 -3.54338 148.41 
-0.416431 -0.683456 60035 1 0.210417 0.331731 2 0 509 0.0529725 -0.0295743 0.0173981 -0.736213 -3.57664 148.279 
-0.416431 -0.683456 60035 1 0.376563 0.331731 3 0 509 0.0529725 -0.0295743 0.0173981 -0.736213 -3.57664 148.279 
-0.428663 -0.862686 60154 1 0.568229 0.320192 4 0 512 0.0551478 -0.0316694 0.0114902 -0.6135 -3.49869 148.328 
-0.428663 -0.862686 60154 1 0.689063 0.307692 5 0 512 0.0551478 -0.0316694 0.0114902 -0.6135 -3.49869 148.328 
-0.408503 -0.816023 60315 1 0.766667 0.283654 6 0 516 0.0574241 -0.0349094 0.0171057 -0.624633 -3.51652 148.322 
-0.408503 -0.816023 60315 1 0.825 0.248077 7 0 516 0.0574241 -0.0349094 0.0171057 -0.624633 -3.51652 148.322 
-0.400651 -0.746236 60435 1 0.825521 0.242308 8 0 519 0.0561356 -0.0324409 0.0203917 -0.608379 -3.55613 148.29 
-0.400651 -0.746236 60435 1 0.825521 0.242308 9 0 519 0.0561356 -0.0324409 0.0203917 -0.608379 -3.55613 148.29 
-0.399839 -0.769781 60554 1 0.825521 0.242308 10 0 522 0.0530613 -0.0272031 0.0140908 -0.555879 -3.50469 148.189 
-0.399839 -0.769781 60554 1 0.832292 0.241346 11 0 522 0.0530613 -0.0272031 0.0140908 -0.555879 -3.50469 148.189 
-0.323194 -0.883915 60675 1 0.838542 0.235577 12 0 525 0.0536048 -0.0230538 0.010084 -0.495122 -3.48025 148.287 
-0.323194 -0.883915 60675 1 0.852604 0.199038 13 0 525 0.0536048 -0.0230538 0.010084 -0.495122 -3.48025 148.287 
-0.360788 -0.727579 60836 1 0.870313 0.125962 14 0 529 0.0544996 -0.0236871 0.0214554 -0.462866 -3.65329 148.432 
-0.360788 -0.727579 60836 1 0.882813 0.0740385 15 0 529 0.0544996 -0.0236871 0.0214554 -0.462866 -3.65329 148.432 
-0.359817 -0.691172 60955 1 0.894271 0.0471154 16 0 532 0.0551625 -0.024061 0.0215839 -0.458836 -3.65142 148.436 
-0.359817 -0.691172 60955 1 0.895312 0.0413462 17 0 532 0.0551625 -0.024061 0.0215839 -0.458836 -3.65142 148.436 
-0.342355 -0.682494 61076 1 0.895312 0.0413462 18 0 535 0.0574148 -0.0301456 0.0169217 -0.496984 -3.61126 148.377 
-0.342355 -0.682494 61076 1 0.894271 0.0625 19 0 535 0.0574148 -0.0301456 0.0169217 -0.496984 -3.61126 148.377 
-0.374676 -0.682261 61236 1 0.891667 0.0682692 20 0 539 0.0578413 -0.0327564 0.0191641 -0.542278 -3.63075 148.405 
-0.374676 -0.682261 61236 1 0.901042 0.0865385 21 0 539 0.0578413 -0.0327564 0.0191641 -0.542278 -3.63075 148.405 
-0.446882 -0.767116 61358 1 0.899479 0.100962 22 0 542 0.0564562 -0.0290019 0.0165806 -0.547825 -3.59162 148.408 
-0.446882 -0.767116 61358 1 0.8875 0.135577 23 0 542 0.0564562 -0.0290019 0.0165806 -0.547825 -3.59162 148.408 
-0.28662 -0.68343 61517 1 0.881771 0.1375 24 0 546 0.0543913 -0.00679982 0.020014 -0.380807 -3.62994 148.441 
-0.28662 -0.68343 61517 1 0.880729 0.133654 25 0 546 0.0543913 -0.00679982 0.020014 -0.380807 -3.62994 148.441 
-0.342283 -0.728643 61636 1 0.880208 0.128846 26 0 549 0.0549373 -0.0187727 0.0161412 -0.456633 -3.58107 148.408 
-0.342283 -0.728643 61636 1 0.879687 0.128846 27 0 549 0.0549373 -0.0187727 0.0161412 -0.456633 -3.58107 148.408 
-0.350925 -0.682891 61798 1 0.879687 0.128846 28 0 553 0.0567966 -0.0265488 0.0180823 -0.474698 -3.62546 148.444 
-0.350925 -0.682891 61798 1 0.89375 0.0980769 29 0 553 0.0567966 -0.0265488 0.0180823 -0.474698 -3.62546 148.444 
-0.415294 -0.684965 61918 1 0.894271 0.0980769 30 0 556 0.0577731 -0.0350485 0.0173483 -0.540246 -3.62292 148.472 
-0.415294 -0.684965 61918 1 0.900521 0.0826923 31 0 556 0.0577731 -0.0350485 0.0173483 -0.540246 -3.62292 148.472 
-0.275591 -0.763167 62117 1 0.855208 0.179808 32 0 561 0.0524854 -0.0262297 0.0131526 -0.468939 -3.61172 148.492 
-0.275591 -0.763167 62117 1 0.655729 0.500962 33 0 561 0.0524854 -0.0262297 0.0131526 -0.468939 -3.61172 148.492 
-0.0743912 -0.659001 62278 1 0.507813 0.727885 34 0 565 0.0471013 -0.0239303 0.00856956 -0.393485 -3.48673 148.639 
-0.0743912 -0.659001 62278 1 0.448958 0.774038 35 0 565 0.0471013 -0.0239303 0.00856956 -0.393485 -3.48673 148.639 
0.497514 -0.303616 62599 1 0.4125 0.765385 36 0 573 0.0550373 -0.0201099 0.00143208 -0.504132 -3.46986 148.172 
0.520983 -0.296758 62679 1 0.408854 0.694231 37 0 575 0.0581962 -0.0239508 0.00919294 -0.565641 -3.56644 148.198 
0.456613 -0.343616 62759 1 0.408854 0.694231 38 0 577 0.0569483 -0.0288246 0.0090193 -0.670867 -3.58484 148.27 
0.412244 -0.335141 62799 1 0.408854 0.694231 39 0 578 0.0558533 -0.0323948 0.00828343 -0.724955 -3.58089 148.288 
0.444726 -0.363044 62879 1 0.408854 0.694231 40 0 580 0.0566299 -0.032876 0.00830725 -0.725945 -3.5765 148.249 
0.478615 -0.362875 62961 1 0.415104 0.701923 41 0 582 0.0565925 -0.0274846 0.0122645 -0.654802 -3.60197 148.213 
0.486506 -0.326311 63000 1 0.369792 0.706731 42 0 583 0.0567016 -0.0271481 0.0152591 -0.644747 -3.63045 148.312 
0.486506 -0.326311 63000 1 0.257813 0.767308 43 0 583 0.0567016 -0.0271481 0.0152591 -0.644747 -3.63045 148.312 
0.503448 -0.332768 63160 1 0.185417 0.798077 44 0 587 0.0568546 -0.0253972 0.0130723 -0.589406 -3.61933 148.428 
0.510173 -0.470816 63244 1 0.173437 0.825962 45 0 589 0.058865 -0.0245697 0.00664528 -0.544241 -3.57117 148.326 
0.0530727 -0.723801 63320 1 0.172396 0.85 46 0 591 0.0588824 -0.0256245 0.00453859 -0.533813 -3.5395 148.212 
0.0530727 -0.723801 63320 1 0.15 0.893269 47 0 591 0.0588824 -0.0256245 0.00453859 -0.533813 -3.5395 148.212 
-0.0226235 -0.880026 63360 1 0.109896 0.941346 48 0 592 0.0594304 -0.025823 0.0082333 -0.535964 -3.56818 148.423 
-0.142611 -0.749265 63520 1 0.0885417 0.971154 49 0 596 0.0584983 -0.0284735 0.0118355 -0.622665 -3.59331 148.384 
-0.179481 -0.785183 63601 1 0.0755208 0.979808 50 0 598 0.0585051 -0.0323979 0.0131505 -0.72519 -3.61857 148.376 
-0.126258 -0.765298 63641 1 0.0755208 0.979808 51 0 599 0.0576231 -0.0231945 0.0130396 -0.675337 -3.61098 148.311 
-0.126258 -0.765298 63641 1 0.075 0.979808 52 0 599 0.0576231 -0.0231945 0.0130396 -0.675337 -3.61098 148.311 
-0.0763656 -0.813009 63681 1 0.06875 0.975 53 0 600 0.0568516 -0.02402 0.0126211 -0.730168 -3.59723 148.323 
-0.150571 -0.86801 63841 1 0.06875 0.974038 54 0 604 0.0537579 -0.0288357 0.0117357 -0.885157 -3.5887 148.378 
-0.165675 -0.86333 63921 1 0.06875 0.974038 55 0 606 0.0542172 -0.0305783 0.0133412 -0.900801 -3.63518 148.5 
-0.0802693 -0.879134 63961 1 0.06875 0.974038 56 0 607 0.0539323 -0.02919 0.0119257 -0.872999 -3.6238 148.389 
-0.0802693 -0.879134 63961 1 0.06875 0.974038 57 0 607 0.0539323 -0.02919 0.0119257 -0.872999 -3.6238 148.389 
-0.0944385 -0.835004 64001 1 0.06875 0.974038 58 0 608 0.0540887 -0.0305926 0.0115865 -0.853193 -3.62754 148.454 
-0.0750661 -0.882563 64202 1 0.06875 0.974038 59 0 613 0.0560986 -0.0240154 0.00931846 -0.643772 -3.62445 148.508 
-0.0986785 -0.872608 64241 1 0.06875 0.974038 60 0 614 0.0568333 -0.0298993 0.00940497 -0.675916 -3.63779 148.533 
-0.0518707 -0.921591 64281 1 0.06875 0.974038 61 0 615 0.0569838 -0.0300311 0.00667304 -0.646181 -3.60898 148.477 
-0.0518707 -0.921591 64281 1 0.06875 0.974038 62 0 615 0.0569838 -0.0300311 0.00667304 -0.646181 -3.60898 148.477 
-0.120286 -0.834982 64482 1 0.06875 0.974038 63 0 620 0.0569288 -0.0324023 0.00457101 -0.66748 -3.61932 148.461 
-0.0970091 -0.775027 64523 1 0.06875 0.974038 64 0 621 0.0557311 -0.0286401 0.00535146 -0.634286 -3.64042 148.568 
-0.129918 -0.764051 64603 1 0.06875 0.974038 65 0 623 0.0546029 -0.0295211 0.00309805 -0.650054 -3.63384 148.503 
-0.129918 -0.764051 64603 1 0.06875 0.974038 66 0 623 0.0546029 -0.0295211 0.00309805 -0.650054 -3.63384 148.503 
-0.129918 -0.764051 64603 1 0.205729 0.974038 67 0 623 0.0546029 -0.0295211 0.00309805 -0.650054 -3.63384 148.503 
-0.0925459 -0.787464 64803 1 0.550521 0.953846 68 0 628 0.0570843 -0.0230725 0.00225131 -0.4705 -3.62542 148.443 
-0.151778 -0.759408 64883 1 0.883854 0.869231 69 0 630 0.0577514 -0.0264831 0.00143365 -0.476169 -3.63421 148.383 
-0.179469 -0.79028 64923 1 1.02448 0.818269 70 0 631 0.0582901 -0.0286494 0.0031471 -0.487994 -3.66921 148.463 
-0.185549 -0.792148 65003 1 1.02917 0.808654 71 0 633 0.0575423 -0.0326062 0.00225118 -0.517016 -3.67742 148.402 
-0.164784 -0.80107 65089 1 1.02917 0.808654 72 0 635 0.0587321 -0.0325158 0.00284311 -0.503227 -3.68487 148.338 
-0.142453 -0.772005 65165 1 1.02917 0.808654 73 0 637 0.060277 -0.0294781 0.00357774 -0.45373 -3.70265 148.448 
-0.12656 -0.772859 65247 1 1.02708 0.805769 74 0 639 0.0615318 -0.028557 0.00390906 -0.440836 -3.71432 148.387 
-0.12656 -0.772859 65247 1 1.14271 0.760577 75 0 639 0.0615318 -0.028557 0.00390906 -0.440836 -3.71432 148.387 
-0.12656 -0.772859 65247 1 1.425 0.753846 76 0 639 0.0615318 -0.028557 0.00390906 -0.440836 -3.71432 148.387 
-0.194274 -0.822856 65444 1 1.64063 0.7625 77 0 644 0.0596856 -0.0244175 0.00217997 -0.447798 -3.67729 148.223 
-0.181021 -0.730663 65524 1 1.66458 0.774038 78 0 646 0.0591275 -0.0268201 0.00413314 -0.453139 -3.68898 148.214 
-0.162472 -0.668809 65605 1 1.67604 0.818269 79 0 648 0.0581379 -0.0281838 0.00439291 -0.458131 -3.69435 148.157 
-0.162472 -0.668809 65605 1 1.68958 0.880769 80 0 648 0.0581379 -0.0281838 0.00439291 -0.458131 -3.69435 148.157 
-0.162472 -0.668809 65605 1 1.72083 0.841346 81 0 648 0.0581379 -0.0281838 0.00439291 -0.458131 -3.69435 148.157 
-0.152987 -0.706606 65645 1 1.75677 0.771154 82 0 649 0.0580352 -0.0284308 0.00222451 -0.453973 -3.67327 148.205 
-0.137949 -0.78148 65764 1 1.76198 0.751923 83 0 652 0.0602376 -0.0264177 -0.00192713 -0.437981 -3.66988 148.149 
-0.137949 -0.78148 65764 1 1.75833 0.745192 84 0 652 0.0602376 -0.0264177 -0.00192713 -0.437981 -3.66988 148.149 
-0.121784 -0.787226 65885 1 1.75156 0.744231 85 0 655 0.0595805 -0.0206254 -0.00080767 -0.432186 -3.68428 148.098 
-0.121784 -0.787226 65885 1 1.74688 0.748077 86 0 655 0.0595805 -0.0206254 -0.00080767 -0.432186 -3.68428 148.098 
-0.0376579 -0.793564 66008 1 1.74531 0.753846 87 0 658 0.0583734 -0.0195994 0.00183693 -0.489538 -3.67203 148.249 
-0.0376579 -0.793564 66008 1 1.74531 0.753846 88 0 658 0.0583734 -0.0195994 0.00183693 -0.489538 -3.67203 148.249 
-0.152093 -0.774899 66165 1 1.74531 0.753846 89 0 662 0.0535174 -0.0230221 0.000671244 -0.614098 -3.64549 148.211 
-0.158831 -0.745555 66296 1 1.74531 0.753846 90 0 665 0.0544877 -0.0238032 0.000835265 -0.627754 -3.65758 148.239 
-0.158831 -0.745555 66296 1 1.74531 0.753846 91 0 665 0.0544877 -0.0238032 0.000835265 -0.627754 -3.65758 148.239 
-0.1184 -0.841743 66447 1 1.74531 0.753846 92 0 669 0.0569902 -0.0232424 0.00632913 -0.573767 -3.76654 148.243 
-0.1184 -0.841743 66447 1 1.74531 0.753846 93 0 669 0.0569902 -0.0232424 0.00632913 -0.573767 -3.76654 148.243 
-0.0767864 -1.04849 66566 1 1.74531 0.753846 94 0 672 0.0595591 -0.0218597 0.00293012 -0.515157 -3.73599 148.274 
-0.0767864 -1.04849 66566 1 1.74531 0.753846 95 0 672 0.0595591 -0.0218597 0.00293012 -0.515157 -3.73599 148.274 
-0.0651068 -0.888116 66687 1 1.74531 0.753846 96 0 675 0.0600499 -0.0220718 0.00258617 -0.512299 -3.73927 148.195 
-0.0651068 -0.888116 66687 1 1.74531 0.753846 97 0 675 0.0600499 -0.0220718 0.00258617 -0.512299 -3.73927 148.195 
-0.076157 -0.902367 66848 1 1.74531 0.753846 98 0 679 0.0576544 -0.0218046 -0.00326263 -0.563091 -3.69538 148.133 
-0.60588 2.02917 66967 1 1.74531 0.753846 99 0 682 0.0576544 -0.0218046 -0.00326263 -0.563091 -3.69538 148.133 
-0.60588 2.02917 66967 1 1.74531 0.753846 100 0 682 0.0576544 -0.0218046 -0.00326263 -0.563091 -3.69538 148.133 
-0.60588 2.02917 66967 1 1.74531 0.753846 101 0 682 0.0576544 -0.0218046 -0.00326263 -0.563091 -3.69538 148.133 
0.857281 -0.0654205 67247 1 1.74531 0.753846 102 1 689 0.0568616 -0.0222467 -0.00818996 -0.596655 -3.59463 148.031 
0.875578 -0.0726794 67287 1 1.74531 0.753846 103 1 690 0.0565526 -0.0192751 -0.00196597 -0.546575 -3.64444 148.189 
0.903443 -0.0905465 67368 1 1.74531 0.753846 104 1 692 0.0582444 -0.0191554 -0.000743439 -0.529456 -3.64947 148.256 
0.959108 -0.151392 67449 1 1.74531 0.753846 105 1 694 0.0531455 -0.0193774 -0.00318838 -0.542154 -3.61006 148.141 
0.948186 -0.203342 67530 1 1.74531 0.753846 106 0 696 0.0542281 -0.0249463 -0.0014797 -0.580813 -3.59873 148.234 
1.00812 -0.208472 67609 1 1.74531 0.753846 107 0 698 0.0567441 -0.0265619 -0.000505824 -0.534035 -3.60112 148.303 
1.00343 -0.163222 67688 1 1.74531 0.753846 108 1 700 0.055876 -0.0265364 0.000781802 -0.525017 -3.62027 148.257 
0.984838 -0.138075 67728 1 1.74531 0.753846 109 1 701 0.0553191 -0.0249203 0.00119191 -0.520765 -3.62565 148.164 
0.947267 -0.202084 67809 1 1.74531 0.753846 110 0 703 0.0551863 -0.0275086 0.000593224 -0.543436 -3.61461 148.286 
1.00558 -0.183183 67849 1 1.74531 0.753846 111 1 704 0.0575945 -0.0246487 -0.000262392 -0.499419 -3.59524 148.277 
1.01932 -0.162914 67929 1 1.74531 0.753846 112 1 706 0.0568068 -0.0241856 -0.000364664 -0.473875 -3.58775 148.185 
1.03025 -0.0968374 68009 1 1.74531 0.753846 113 1 708 0.056993 -0.0282132 0.00175145 -0.488275 -3.62072 148.28 
0.959018 -0.0733373 68089 1 1.74531 0.753846 114 1 710 0.0574405 -0.0294857 0.00198321 -0.452377 -3.63561 148.244 
0.951063 -0.0756409 68129 1 1.74531 0.753846 115 1 711 0.0597743 -0.0315157 0.00139916 -0.448785 -3.63724 148.274 
0.933808 -0.0893059 68210 1 1.74531 0.753846 116 1 713 0.0595966 -0.029493 0.0015443 -0.398816 -3.65545 148.379 
0.953876 -0.0218877 68291 1 1.74531 0.753846 117 1 715 0.060594 -0.0275769 0.00263146 -0.382863 -3.68056 148.373 
0.932066 -0.0189704 68330 1 1.74531 0.753846 118 1 716 0.0610937 -0.0270273 0.00268053 -0.388638 -3.68026 148.342 
1.01296 -0.0602436 68409 1 1.74531 0.753846 119 1 718 0.0598827 -0.027261 0.00211692 -0.420411 -3.66371 148.31 
1.00889 -0.0634325 68449 1 1.74531 0.753846 120 1 719 0.0598657 -0.0271344 0.0021523 -0.421805 -3.66332 148.316 
1.00084 -0.0614939 68530 1 1.74531 0.753846 121 1 721 0.0599436 -0.0270371 0.00227364 -0.423886 -3.66191 148.31 
1.01128 -0.00683808 68610 1 1.74531 0.753846 122 1 723 0.0602482 -0.0267361 0.00164213 -0.399807 -3.6653 148.345 
1.04043 -0.0179316 68650 1 1.74531 0.753846 123 1 724 0.0606256 -0.025281 -3.42813e-005 -0.383014 -3.65209 148.308 
1.00983 0.00479475 68731 1 1.74531 0.753846 124 1 726 0.0611425 -0.0288386 0.00179277 -0.413776 -3.67652 148.282 
0.991268 0.00294533 68810 1 1.74531 0.753846 125 1 728 0.0609345 -0.0261301 0.000899654 -0.397151 -3.66241 148.273 
0.991978 0.0302409 68851 1 1.74531 0.753846 126 1 729 0.0618132 -0.0260759 0.000571304 -0.401098 -3.66695 148.314 
-0.070132 0.0384293 68932 1 1.74531 0.753846 127 1 731 0.0620379 -0.0247874 -0.00161443 -0.39637 -3.65192 148.38 
-0.120552 0.138864 69011 1 1.74531 0.753846 128 1 733 0.0617345 -0.0271954 -0.00303442 -0.423322 -3.66222 148.341 
-0.152764 0.139512 69051 1 1.74531 0.753846 129 1 734 0.0629221 -0.03112 -0.00458855 -0.47247 -3.64919 148.373 
-0.129373 0.136483 69131 1 1.74531 0.753846 130 1 736 0.0616342 -0.0238016 -0.00380673 -0.402668 -3.6522 148.313 
-0.124391 0.0591283 69211 1 1.74531 0.753846 131 1 738 0.0595313 -0.025889 -0.00429537 -0.444654 -3.64031 148.371 
-0.0799969 0.0602505 69251 1 1.74531 0.753846 132 1 739 0.0591475 -0.0235893 -0.00271193 -0.42522 -3.65309 148.469 
-0.123777 0.0474198 69332 1 1.74531 0.753846 133 1 741 0.058626 -0.024765 -0.00472275 -0.444794 -3.62696 148.289 
-0.12673 0.0734131 69412 1 1.74531 0.753846 134 1 743 0.0578958 -0.0278366 -0.00414129 -0.471443 -3.64096 148.315 
-0.0953599 0.0900784 69452 1 1.74531 0.753846 135 1 744 0.0585388 -0.025332 -0.0033751 -0.443578 -3.65342 148.295 
-0.0909244 0.0799909 69533 1 1.74531 0.753846 136 1 746 0.0576719 -0.0219188 -0.00644526 -0.412118 -3.61766 148.204 
-0.119613 0.076566 69612 1 1.74531 0.753846 137 1 748 0.0562641 -0.0233852 -0.00680476 -0.428649 -3.61369 148.208 
-0.134872 0.10549 69652 1 1.74531 0.753846 138 1 749 0.0566309 -0.0225158 -0.00513085 -0.421175 -3.64171 148.276 
-0.117613 0.122173 69732 1 1.74531 0.753846 139 1 751 0.0573092 -0.0236825 -0.0060039 -0.441507 -3.64057 148.228 
-0.143846 0.0596026 69813 1 1.74531 0.753846 140 1 753 0.057179 -0.0253335 -0.00745753 -0.463784 -3.6435 148.361 
-0.122708 0.0841108 69853 1 1.74531 0.753846 141 1 754 0.057738 -0.0254078 -0.0075492 -0.463025 -3.64385 148.364 
-0.13023 0.0650584 69932 1 1.74531 0.753846 142 1 756 0.0569778 -0.0240718 -0.00897596 -0.426221 -3.62287 148.266 
-0.0867076 0.028231 70013 1 1.74531 0.753846 143 1 758 0.0572122 -0.0258719 -0.0140759 -0.405027 -3.57648 148.294 
-0.0113667 0.0112058 70054 1 1.74531 0.753846 144 1 759 0.0587761 -0.0205779 -0.0140573 -0.321695 -3.57263 148.337 
-0.0506707 0.0482085 70133 1 1.74531 0.753846 145 1 761 0.0593707 -0.0206973 -0.0154476 -0.295937 -3.55866 148.211 
-0.0122348 0.0391514 70173 1 1.74531 0.753846 146 1 762 0.0613774 -0.0212409 -0.0154419 -0.29025 -3.55877 148.247 
-0.0122348 0.0391514 70173 1 1.74531 0.753846 147 1 762 0.0613774 -0.0212409 -0.0154419 -0.29025 -3.55877 148.247 
0.00422013 0.0279728 70333 1 1.74531 0.753846 148 1 766 0.0618463 -0.0217765 -0.0154273 -0.284542 -3.55866 148.254 
0.00247165 0.0336996 70373 1 1.74531 0.753846 149 1 767 0.0620494 -0.0217051 -0.0154842 -0.285271 -3.55926 148.247 
0.0327203 0.0256548 70454 1 1.74531 0.753846 150 1 769 0.0601669 -0.0211642 -0.0131404 -0.308187 -3.59516 148.401 
-0.08388 -0.0155343 70534 1 1.74531 0.753846 151 1 771 0.0598272 -0.0224995 -0.0125984 -0.376602 -3.59609 148.476 
-0.115787 0.0107909 70615 1 1.74531 0.753846 152 1 773 0.0599583 -0.0265228 -0.00934943 -0.478408 -3.62477 148.445 
-0.06165 0.0350177 70735 1 1.74531 0.753846 153 1 776 0.0595424 -0.023358 -0.00889213 -0.519251 -3.63696 148.438 
0.0562946 -0.0558047 70816 1 1.74531 0.753846 154 1 778 0.0571422 -0.0258867 -0.00817807 -0.60228 -3.64313 148.46 
-0.279281 1.12631 70895 1 1.74531 0.753846 155 0 780 0.0552543 -0.0288548 -0.00592366 -0.680265 -3.6646 148.497 
0.397468 0.451092 70935 1 1.74531 0.753846 156 1 781 0.0551542 -0.0249832 -0.0083624 -0.663242 -3.64224 148.539 
1.02854 -0.444255 71014 1 1.74531 0.753846 157 0 783 0.0551928 -0.0271207 -0.00701589 -0.686974 -3.66712 148.563 
1.06176 -0.760714 71095 1 1.74531 0.753846 158 0 785 0.0559791 -0.0242638 -0.00761278 -0.667823 -3.6469 148.481 
1.12344 -0.871289 71175 1 1.74635 0.753846 159 0 787 0.0539165 -0.0152483 -0.00812128 -0.592493 -3.64149 148.419 
1.06161 -0.907426 71255 1 1.74635 0.753846 160 0 789 0.052842 -0.0175276 -0.00825636 -0.637528 -3.64369 148.374 
1.05675 -1.06342 71337 1 1.74635 0.753846 161 0 791 0.0546872 -0.0189697 -0.0109649 -0.655933 -3.62597 148.287 
1.06724 -1.06194 71376 1 1.74635 0.753846 162 0 792 0.0538809 -0.0152591 -0.0107868 -0.62229 -3.63022 148.358 
1.02312 -1.08974 71415 1 1.74844 0.753846 163 0 793 0.0555083 -0.0184688 -0.0120525 -0.673178 -3.61602 148.313 
0.969089 -1.09931 71455 1 1.76094 0.752885 164 0 794 0.0548483 -0.0211568 -0.0119109 -0.71974 -3.62054 148.342 
0.960763 -0.912235 71656 1 1.77448 0.753846 165 0 799 0.0513761 -0.0312566 -0.00512445 -0.938845 -3.65415 148.396 
0.965684 -0.90164 71697 1 1.77865 0.752885 166 0 800 0.0506484 -0.0251651 -0.00716539 -0.89133 -3.62763 148.17 
0.991879 -0.824904 71737 1 1.78073 0.753846 167 0 801 0.0495698 -0.0197399 -0.00612495 -0.848744 -3.64365 148.216 
0.991879 -0.824904 71737 1 1.78073 0.753846 168 0 801 0.0495698 -0.0197399 -0.00612495 -0.848744 -3.64365 148.216 
0.989606 -1.04281 71936 1 1.78073 0.753846 169 0 806 0.0490306 -0.0167655 -0.010941 -0.875357 -3.62565 148.354 
1.08867 -1.04932 72017 1 1.78073 0.753846 170 0 808 0.0510486 -0.0159948 -0.00945803 -0.833489 -3.64636 148.356 
1.04304 -1.05039 72057 1 1.78073 0.753846 171 0 809 0.0507742 -0.0186694 -0.0128376 -0.837251 -3.61473 148.259 
1.04662 -1.02333 72177 1 1.78073 0.753846 172 0 812 0.0526122 -0.0178328 -0.0116365 -0.717878 -3.64472 148.279 
1.00565 -1.05919 72217 1 1.78073 0.753846 173 0 813 0.0540235 -0.0233643 -0.0117155 -0.751118 -3.64617 148.304 
1.08261 -1.0455 72297 1 1.78073 0.753846 174 0 815 0.055143 -0.0170534 -0.011405 -0.647488 -3.64237 148.269 
1.10839 -1.13488 72378 1 1.78073 0.753846 175 0 817 0.0554886 -0.0151222 -0.0154321 -0.604973 -3.59097 148.236 
1.10839 -1.13488 72378 1 1.78073 0.753846 176 0 817 0.0554886 -0.0151222 -0.0154321 -0.604973 -3.59097 148.236 
0.994144 -0.99038 72498 1 1.78073 0.753846 177 0 820 0.0549274 -0.0238097 -0.0102392 -0.665771 -3.6697 148.37 
0.956402 -0.95834 72619 1 1.78073 0.753846 178 0 823 0.0549448 -0.0284236 -0.00837094 -0.685261 -3.69844 148.38 
0.982544 -0.98226 72698 1 1.78073 0.753846 179 0 825 0.0550578 -0.0276252 -0.00970405 -0.660925 -3.68634 148.372 
0.982544 -0.98226 72698 1 1.78073 0.753846 180 0 825 0.0550578 -0.0276252 -0.00970405 -0.660925 -3.68634 148.372 
1.0091 -0.952779 72818 1 1.78073 0.753846 181 0 828 0.0555319 -0.0253997 -0.0117809 -0.60511 -3.66472 148.331 
0.453728 -0.456998 72939 1 1.78073 0.753846 182 0 831 0.0591107 -0.0207419 -0.0108221 -0.514457 -3.67769 148.379 
0.501541 -0.453821 72979 1 1.78073 0.753846 183 0 832 0.0591673 -0.0202835 -0.0126403 -0.49336 -3.65967 148.389 
0.491278 -0.488035 73019 1 1.78073 0.753846 184 0 833 0.0589356 -0.0171046 -0.0159276 -0.452695 -3.63043 148.412 
0.491278 -0.488035 73019 1 1.78073 0.753846 185 0 833 0.0589356 -0.0171046 -0.0159276 -0.452695 -3.63043 148.412 
-0.551766 2.09931 73139 1 1.78073 0.753846 186 0 836 0.059888 -0.0140623 -0.0148126 -0.418469 -3.64799 148.49 
-0.661203 1.98432 73219 1 1.78073 0.753846 187 0 838 0.0592703 -0.0270487 -0.01477 -0.605622 -3.63948 148.461 
0.266011 0.47893 73299 1 1.78073 0.753846 188 1 840 0.0566444 -0.0260247 -0.0163273 -0.627271 -3.62138 148.449 
0.314795 0.209011 73339 1 1.78073 0.753846 189 1 841 0.05702 -0.0329927 -0.0125876 -0.715706 -3.66786 148.502 
0.314795 0.209011 73339 1 1.78073 0.753846 190 1 841 0.05702 -0.0329927 -0.0125876 -0.715706 -3.66786 148.502 
0.411723 -0.265289 73499 1 1.78073 0.753846 191 0 845 0.0576556 -0.0266188 -0.0153588 -0.67866 -3.62159 148.548 
0.32346 -0.252503 73579 1 1.78073 0.753846 192 0 847 0.0585764 -0.0330762 -0.0109977 -0.787599 -3.6578 148.389 
0.461121 -0.434325 73660 1 1.78073 0.753846 193 0 849 0.0580711 -0.0218284 -0.0109438 -0.703627 -3.65112 148.414 
0.420539 -0.385918 73740 1 1.78073 0.753846 194 0 851 0.0550701 -0.0193329 -0.0129089 -0.719738 -3.64738 148.478 
0.431323 -0.420095 73780 1 1.78073 0.753846 195 0 852 0.0559725 -0.0190752 -0.0169596 -0.724156 -3.60901 148.447 
0.385652 -0.416251 73860 1 1.78073 0.753846 196 0 854 0.0532688 -0.0212681 -0.0133552 -0.730372 -3.67962 148.479 
0.409576 -0.440052 73900 1 1.78073 0.753846 197 0 855 0.0533866 -0.0180522 -0.0133455 -0.675782 -3.68484 148.468 
0.409576 -0.440052 73900 1 1.78073 0.753846 198 0 855 0.0533866 -0.0180522 -0.0133455 -0.675782 -3.68484 148.468 
0.375115 -0.367485 74061 1 1.78073 0.753846 199 0 859 0.0560946 -0.0267908 -0.0138955 -0.654617 -3.71117 148.492 
0.404989 -0.330002 74102 1 1.78073 0.753846 200 0 860 0.0564945 -0.0252038 -0.00980841 -0.627118 -3.75777 148.521 
0.39904 -0.295608 74181 1 1.78073 0.753846 201 0 862 0.0567326 -0.0268869 -0.0139975 -0.659384 -3.73728 148.382 
0.409303 -0.293542 74220 1 1.78073 0.753846 202 0 863 0.0562484 -0.0253249 -0.0135378 -0.663956 -3.74892 148.372 
0.409303 -0.293542 74220 1 1.78073 0.753846 203 0 863 0.0562484 -0.0253249 -0.0135378 -0.663956 -3.74892 148.372 
0.390851 -0.386421 74381 1 1.78073 0.753846 204 0 867 0.0529582 -0.0212639 -0.0114319 -0.741969 -3.72675 148.326 
0.407213 -0.426742 74462 1 1.78073 0.753846 205 0 869 0.0525753 -0.0222594 -0.0134052 -0.770898 -3.67618 148.358 
0.393426 -0.392062 74502 1 1.78073 0.753846 206 0 870 0.0529316 -0.0205157 -0.0141295 -0.746508 -3.66502 148.3 
0.394028 -0.392573 74542 1 1.78073 0.753846 207 0 871 0.0529531 -0.0205227 -0.0141216 -0.746455 -3.66494 148.302 
0.406182 -0.375797 74581 1 1.78073 0.753846 208 0 872 0.0544634 -0.0227673 -0.0118736 -0.762179 -3.68602 148.41 
0.57933 -0.34175 74742 1 1.78073 0.753846 209 0 876 0.049153 -0.017961 -0.0229287 -0.700038 -3.56815 148.425 
0.573224 -0.326046 74782 1 1.78073 0.753846 210 0 877 0.0489079 -0.0191418 -0.025334 -0.712777 -3.54013 148.343 
0.581071 -0.375803 74863 1 1.78073 0.753846 211 0 879 0.0488079 -0.018827 -0.0254842 -0.728012 -3.54345 148.324 
0.581071 -0.375803 74863 1 1.78073 0.753846 212 0 879 0.0488079 -0.018827 -0.0254842 -0.728012 -3.54345 148.324 
0.0482339 -0.444112 74982 1 1.78073 0.753846 213 0 882 0.0459456 -0.0164036 -0.0283583 -0.767042 -3.52336 148.304 
0.0209034 -0.47347 75062 1 1.78073 0.753846 214 0 884 0.046391 -0.0169319 -0.0270087 -0.786906 -3.52825 148.371 
0.0877556 -0.476254 75143 1 1.78073 0.753846 215 0 886 0.0469617 -0.0099381 -0.0246426 -0.716361 -3.53706 148.375 
0.0799234 -0.486102 75183 1 1.78073 0.753846 216 0 887 0.046838 -0.0112753 -0.0257833 -0.723084 -3.52424 148.419 
0.0799234 -0.486102 75183 1 1.78073 0.753846 217 0 887 0.046838 -0.0112753 -0.0257833 -0.723084 -3.52424 148.419 
-0.0410242 -0.435265 75343 1 1.78073 0.753846 218 0 891 0.0481662 -0.0171791 -0.0304838 -0.754032 -3.45521 148.338 
0.0307282 -0.446174 75423 1 1.78073 0.753846 219 0 893 0.0477707 -0.0118649 -0.0268286 -0.681191 -3.50542 148.519 
0.475182 -0.442433 75463 1 1.78073 0.753846 220 0 894 0.0491075 -0.0189728 -0.0251836 -0.744071 -3.52648 148.337 
0.598663 -0.516213 75503 1 1.78073 0.753846 221 0 895 0.0487536 -0.0192582 -0.0244576 -0.759601 -3.53877 148.411 
0.598663 -0.516213 75503 1 1.78073 0.753846 222 0 895 0.0487536 -0.0192582 -0.0244576 -0.759601 -3.53877 148.411 
0.604525 -0.65716 75704 1 1.78073 0.753846 223 0 900 0.049095 -0.016553 -0.0292408 -0.663337 -3.48616 148.458 
0.651691 -0.688299 75744 1 1.78073 0.753846 224 0 901 0.0497522 -0.0149388 -0.0303674 -0.628826 -3.46899 148.333 
0.601244 -0.69274 75824 1 1.78073 0.753846 225 0 903 0.0507377 -0.0162702 -0.0299807 -0.632143 -3.47557 148.356 
0.601244 -0.69274 75824 1 1.78073 0.753846 226 0 903 0.0507377 -0.0162702 -0.0299807 -0.632143 -3.47557 148.356 
0.673796 -0.645999 75944 1 1.78073 0.753846 227 0 906 0.0511937 -0.0105391 -0.0297956 -0.553141 -3.46725 148.482 
1.29115 -0.554501 76025 1 1.78073 0.753846 228 0 908 0.0518414 -0.0154606 -0.0285642 -0.600075 -3.46982 148.365 
1.29954 -0.562803 76104 1 1.78073 0.753846 229 0 910 0.0523519 -0.0165707 -0.0283421 -0.628423 -3.45806 148.384 
1.35744 -0.583723 76144 1 1.78073 0.753846 230 0 911 0.0515767 -0.0122162 -0.0303566 -0.586901 -3.43155 148.37 
1.35744 -0.583723 76144 1 1.78073 0.753846 231 0 911 0.0515767 -0.0122162 -0.0303566 -0.586901 -3.43155 148.37 
0.621013 -0.081252 76305 1 1.78073 0.753846 232 1 915 0.0512105 -0.0149635 -0.028329 -0.624269 -3.43047 148.456 
0.634971 -0.0469984 76345 1 1.78073 0.753846 233 1 916 0.0509691 -0.015741 -0.0266087 -0.633846 -3.44783 148.455 
0.669994 -0.0228993 76425 1 1.78073 0.753846 234 1 918 0.0512937 -0.00959707 -0.0273231 -0.548792 -3.44265 148.463 
0.682538 -0.00699109 76465 1 1.78073 0.753846 235 1 919 0.0523248 -0.00977157 -0.0274271 -0.547684 -3.44382 148.418 
0.682538 -0.00699109 76465 1 1.78073 0.753846 236 1 919 0.0523248 -0.00977157 -0.0274271 -0.547684 -3.44382 148.418 
0.694613 0.0447449 76625 1 1.78073 0.753846 237 1 923 0.0517981 -0.0143121 -0.0291233 -0.594613 -3.44246 148.445 
0.694491 0.0452173 76666 1 1.78073 0.753846 238 1 924 0.0518059 -0.0143081 -0.0291269 -0.594653 -3.44249 148.444 
0.712233 0.0272837 76746 1 1.78073 0.753846 239 1 926 0.0520707 -0.0144246 -0.0290538 -0.593398 -3.44168 148.463 
0.723027 0.019627 76826 1 1.78073 0.753846 240 1 928 0.0522139 -0.0145743 -0.0290275 -0.591825 -3.44144 148.458 
0.688919 -0.0147918 76906 1 1.78073 0.753846 241 1 930 0.0527488 -0.0181968 -0.0285063 -0.60208 -3.4558 148.561 
0.521472 0.0316097 76946 1 1.78073 0.753846 242 1 931 0.0517769 -0.0189202 -0.0288742 -0.607631 -3.45655 148.489 
0.533081 0.00177841 77026 1 1.78073 0.753846 243 1 933 0.0520476 -0.0181993 -0.0281853 -0.597483 -3.46555 148.506 
0.0999567 -0.436501 77107 1 1.78073 0.753846 244 0 935 0.0529973 -0.0242637 -0.026371 -0.64716 -3.4832 148.61 
0.119531 -0.592336 77147 1 1.78073 0.753846 245 0 936 0.0525892 -0.0208936 -0.0271159 -0.603207 -3.47349 148.636 
0.11588 -0.60736 77228 1 1.78073 0.753846 246 0 938 0.0530806 -0.0218825 -0.0255527 -0.604528 -3.483 148.701 
0.0534524 -0.6383 77307 1 1.78073 0.753846 247 0 940 0.052382 -0.0204152 -0.0255224 -0.593889 -3.47605 148.55 
0.0622364 -0.609419 77387 1 1.78073 0.753846 248 0 942 0.0526966 -0.0182397 -0.0225369 -0.576581 -3.50006 148.652 
0.0511431 -0.633797 77427 1 1.78073 0.753846 249 0 943 0.0519076 -0.0175829 -0.0250163 -0.575305 -3.47384 148.634 
0.00116818 -0.474588 77508 1 1.78073 0.753846 250 0 945 0.0522781 -0.0189473 -0.0241478 -0.582665 -3.4783 148.498 
0.00116818 -0.474588 77508 1 1.78073 0.753846 251 0 945 0.0522781 -0.0189473 -0.0241478 -0.582665 -3.4783 148.498 
-0.0203417 -0.483793 77627 1 1.78073 0.753846 252 0 948 0.0534094 -0.020029 -0.0246103 -0.592794 -3.48307 148.641 
-0.0230059 -0.476023 77707 1 1.78073 0.753846 253 0 950 0.0541453 -0.0207817 -0.0246486 -0.589117 -3.48439 148.599 
-0.0497971 -0.482175 77788 1 1.78073 0.753846 254 0 952 0.0531852 -0.0162484 -0.0276565 -0.534128 -3.44739 148.646 
-0.135499 -0.461611 77828 1 1.78073 0.753846 255 0 953 0.0528081 -0.0237412 -0.0256389 -0.6193 -3.46432 148.616 
-0.135499 -0.461611 77828 1 1.78073 0.753846 256 0 953 0.0528081 -0.0237412 -0.0256389 -0.6193 -3.46432 148.616 
-0.183227 -0.484659 77988 1 1.78073 0.753846 257 0 957 0.0512234 -0.0188854 -0.0273626 -0.591522 -3.43858 148.536 
-0.21178 -0.459647 78068 1 1.78073 0.753846 258 0 959 0.050824 -0.020408 -0.0219006 -0.610834 -3.48542 148.582 
-0.184817 -0.50324 78108 1 1.78073 0.753846 259 0 960 0.0507578 -0.0180871 -0.0244292 -0.585358 -3.4473 148.441 
-0.172319 -0.196543 78148 1 1.78073 0.753846 260 1 961 0.0505819 -0.0196774 -0.0218059 -0.596214 -3.46637 148.448 
-0.172319 -0.196543 78148 1 1.78073 0.753846 261 1 961 0.0505819 -0.0196774 -0.0218059 -0.596214 -3.46637 148.448 
-0.209573 0.750664 78309 1 1.78073 0.753846 262 0 965 0.0515986 -0.0229362 -0.0178952 -0.629734 -3.49186 148.613 
-0.223055 -0.0472467 78388 1 1.78073 0.753846 263 0 967 0.0517793 -0.0242266 -0.0187461 -0.658532 -3.50372 148.62 
-0.0538353 -0.430995 78469 1 1.78073 0.753846 264 0 969 0.051953 -0.0149714 -0.0217415 -0.581953 -3.49104 148.559 
0.603478 -0.564566 78509 1 1.78073 0.753846 265 0 970 0.051557 -0.0134412 -0.0240384 -0.573194 -3.46439 148.481 
0.627101 -0.634984 78589 1 1.78073 0.753846 266 0 972 0.0510123 -0.0158719 -0.0231837 -0.622996 -3.46286 148.619 
0.673019 -0.639052 78670 1 1.78073 0.753846 267 0 974 0.0523526 -0.0167922 -0.0216676 -0.627607 -3.46643 148.643 
0.673019 -0.639052 78670 1 1.78073 0.753846 268 0 974 0.0523526 -0.0167922 -0.0216676 -0.627607 -3.46643 148.643 
0.673019 -0.639052 78670 1 1.78073 0.753846 269 0 974 0.0523526 -0.0167922 -0.0216676 -0.627607 -3.46643 148.643 
1.53883 -0.903149 78870 1 1.78073 0.753846 270 0 979 0.0496284 -0.0209214 -0.0218635 -0.72028 -3.49407 148.653 
1.53768 -0.910241 78910 1 1.78073 0.753846 271 0 980 0.050609 -0.0216148 -0.0224212 -0.724659 -3.48413 148.717 
1.57697 -0.90207 78990 1 1.78073 0.753846 272 0 982 0.0511985 -0.0230737 -0.0206584 -0.70631 -3.4856 148.691 
1.57697 -0.90207 78990 1 1.78073 0.753846 273 0 982 0.0511985 -0.0230737 -0.0206584 -0.70631 -3.4856 148.691 
1.5637 -0.785833 79110 1 1.78073 0.753846 274 0 985 0.0506641 -0.0222173 -0.0197933 -0.715142 -3.50698 148.782 
1.58208 -0.786928 79190 1 1.78073 0.753846 275 0 987 0.0507977 -0.0231189 -0.0236206 -0.766042 -3.48249 148.719 
1.64015 -0.725454 79271 1 1.78073 0.753846 276 0 989 0.0501591 -0.0177865 -0.0234534 -0.711466 -3.47849 148.677 
1.5641 -0.648273 79312 1 1.78073 0.753846 277 0 990 0.0499482 -0.0212243 -0.0202034 -0.75173 -3.50846 148.727 
1.5641 -0.648273 79312 1 1.78073 0.753846 278 0 990 0.0499482 -0.0212243 -0.0202034 -0.75173 -3.50846 148.727 
0.987628 -0.467537 79471 1 1.78073 0.753846 279 0 994 0.0499351 -0.0191033 -0.0246129 -0.72973 -3.45926 148.727 
1.03351 -0.448691 79510 1 1.78073 0.753846 280 0 995 0.050214 -0.0163619 -0.0241002 -0.68751 -3.46752 148.688 
1.00621 -0.406684 79591 1 1.78073 0.753846 281 0 997 0.0514164 -0.0192048 -0.0239142 -0.707231 -3.47216 148.689 
0.901757 -0.339261 79631 1 1.78073 0.753846 282 0 998 0.0516094 -0.0192337 -0.0237991 -0.707553 -3.47105 148.705 
0.901757 -0.339261 79631 1 1.78073 0.753846 283 0 998 0.0516094 -0.0192337 -0.0237991 -0.707553 -3.47105 148.705 
0.580987 0.0131195 79752 1 1.78073 0.753846 284 1 1001 0.0508219 -0.0197763 -0.0231999 -0.711182 -3.47492 148.631 
0.629078 0.0211972 79871 1 1.78073 0.753846 285 1 1004 0.0521649 -0.0178565 -0.0241018 -0.677885 -3.4703 148.636 
0.633903 0.0197302 79911 1 1.78073 0.753846 286 1 1005 0.0520133 -0.0180169 -0.0240765 -0.675884 -3.47005 148.647 
0.607141 0.0530274 80000 1 1.78073 0.753846 287 1 1007 0.0529208 -0.0184419 -0.0236812 -0.672101 -3.46597 148.68 
0.607164 0.0465761 80072 1 1.78073 0.753846 288 1 1009 0.0529209 -0.0184458 -0.0236191 -0.672145 -3.46534 148.69 
0.609842 0.0371479 80112 1 1.78073 0.753846 289 1 1010 0.0528442 -0.0184331 -0.0234536 -0.672397 -3.46368 148.71 
0.5999 0.00741304 80232 1 1.78073 0.753846 290 1 1013 0.0516277 -0.0184722 -0.0230007 -0.672675 -3.45926 148.651 
0.592221 0.00275923 80272 1 1.78073 0.753846 291 1 1014 0.0515996 -0.0182553 -0.0229224 -0.675151 -3.45848 148.662 
0.559273 -0.0100476 80353 1 1.78073 0.753846 292 1 1016 0.0516368 -0.0175059 -0.0227131 -0.683532 -3.45681 148.66 
0.603817 0.018518 80433 1 1.78073 0.753846 293 1 1018 0.0507607 -0.0165432 -0.0226682 -0.702224 -3.45927 148.546 
0.245248 -0.10005 80473 1 1.78073 0.753846 294 1 1019 0.0494451 -0.0176918 -0.0196304 -0.722694 -3.48853 148.676 
0.145502 -0.196109 80554 1 1.78073 0.753846 295 1 1021 0.0489635 -0.0199183 -0.0193788 -0.751715 -3.48143 148.771 
0.172317 -0.460673 80633 1 1.78073 0.753846 296 0 1023 0.0489247 -0.0197521 -0.0153185 -0.754126 -3.52708 148.887 
0.179986 -0.462385 80673 1 1.78073 0.753846 297 0 1024 0.0490489 -0.0180761 -0.0198344 -0.724092 -3.48212 148.721 
0.109992 -0.492829 80753 1 1.78073 0.753846 298 0 1026 0.0497157 -0.0186111 -0.0198685 -0.718762 -3.48253 148.746 
0.0881256 -0.527696 80793 1 1.78073 0.753846 299 0 1027 0.0498273 -0.0186771 -0.0200423 -0.71799 -3.48422 148.783 
0.0883664 -0.523236 80874 1 1.78073 0.753846 300 0 1029 0.0499691 -0.018725 -0.0200607 -0.717609 -3.48439 148.776 
0.061785 -0.527683 80954 1 1.78073 0.753846 301 0 1031 0.0499629 -0.0215592 -0.0207083 -0.742128 -3.47476 148.699 
0.061785 -0.527683 80954 1 1.78073 0.753846 302 0 1031 0.0499629 -0.0215592 -0.0207083 -0.742128 -3.47476 148.699 
0.0603367 -0.526208 80993 1 1.78073 0.753846 303 0 1032 0.0499717 -0.0215539 -0.0207104 -0.742178 -3.47478 148.699 
0.0303662 -0.501625 81154 1 1.78073 0.753846 304 0 1036 0.0499672 -0.0212773 -0.0207016 -0.744999 -3.47472 148.701 
-0.231887 -0.420335 81235 1 1.78073 0.753846 305 0 1038 0.0502142 -0.016587 -0.0200322 -0.704687 -3.48344 148.807 
-0.239042 -0.400471 81275 1 1.78073 0.753846 306 0 1039 0.0501418 -0.0155201 -0.0188076 -0.681029 -3.49449 148.793 
-0.239042 -0.400471 81275 1 1.78073 0.753846 307 0 1039 0.0501418 -0.0155201 -0.0188076 -0.681029 -3.49449 148.793 
-0.0265803 1.60472 81394 1 1.78073 0.753846 308 0 1042 0.0521443 -0.0167172 -0.018505 -0.669939 -3.51616 149.439 
0.329068 0.069913 81475 1 1.78073 0.753846 309 1 1044 0.0517324 -0.0156313 -0.0227291 -0.639091 -3.46763 149.301 
0.553854 -0.477784 81555 1 1.78073 0.753846 310 0 1046 0.0525759 -0.0185353 -0.0209782 -0.677227 -3.49353 149.33 
0.629464 -0.54804 81595 1 1.78073 0.753846 311 0 1047 0.0529048 -0.0184332 -0.0219742 -0.696662 -3.49247 149.341 
0.629464 -0.54804 81595 1 1.78073 0.753846 312 0 1047 0.0529048 -0.0184332 -0.0219742 -0.696662 -3.49247 149.341 
0.660893 -0.600423 81755 1 1.78073 0.753846 313 0 1051 0.0491594 -0.0190564 -0.0250752 -0.774887 -3.4548 149.166 
0.662175 -0.653664 81835 1 1.78073 0.753846 314 0 1053 0.0491122 -0.0217081 -0.023357 -0.819418 -3.46243 149.431 
0.636297 -0.727229 81916 1 1.78073 0.753846 315 0 1055 0.0509558 -0.0265677 -0.0231354 -0.867666 -3.46035 149.807 
0.636297 -0.727229 81916 1 1.78073 0.753846 316 0 1055 0.0509558 -0.0265677 -0.0231354 -0.867666 -3.46035 149.807 
0.562361 -0.132489 81956 1 1.78073 0.753846 317 1 1056 0.0519639 -0.0269184 -0.023286 -0.864091 -3.46151 149.882 
0.679904 -0.0528162 82116 1 1.78073 0.753846 318 1 1060 0.0448959 -0.0119348 -0.0249087 -0.668416 -3.45674 149.991 
0.634957 -0.0572128 82156 1 1.78073 0.753846 319 1 1061 0.0455636 -0.0172214 -0.0257408 -0.706923 -3.43763 149.824 
0.681319 -0.0910107 82236 1 1.78073 0.753846 320 1 1063 0.0464759 -0.0150223 -0.0300366 -0.647884 -3.37002 149.311 
0.71659 -0.0190597 82276 1 1.78073 0.753846 321 1 1064 0.047805 -0.0228988 -0.0291349 -0.724613 -3.38028 148.93 
0.729545 0.0869633 82357 1 1.78073 0.753846 322 1 1066 0.048512 -0.018572 -0.0295128 -0.715395 -3.3769 148.477 
0.673568 0.142824 82437 1 1.78073 0.753846 323 1 1068 0.0467944 -0.0193833 -0.0256333 -0.779571 -3.41536 148.343 
0.609626 0.347446 82516 1 1.78073 0.753846 324 1 1070 0.0439006 -0.0284151 -0.0103921 -0.923767 -3.59936 148.608 
0.605677 0.388281 82557 1 1.78073 0.753846 325 1 1071 0.0427971 -0.0265947 0.000232569 -0.913418 -3.73004 149.224 
0.509563 0.458965 82637 1 1.78073 0.753846 326 1 1073 0.0425167 -0.0378872 0.0165847 -1.04137 -3.9456 150.104 
0.568418 0.456489 82717 1 1.78073 0.753846 327 1 1075 0.0435418 -0.0352603 0.0133204 -1.00571 -3.9289 150.056 
0.59233 0.427408 82758 1 1.78073 0.753846 328 1 1076 0.0432445 -0.0337779 0.00765413 -0.977053 -3.86757 149.851 
0.593941 0.425407 82838 1 1.78073 0.753846 329 1 1078 0.0468114 -0.0381722 0.00279824 -1.00591 -3.82179 149.999 
0.597486 0.453524 82918 1 1.78073 0.753846 330 1 1080 0.0465231 -0.0376975 0.00371328 -0.989652 -3.8313 149.97 
0.646221 0.475679 82957 1 1.78073 0.753846 331 1 1081 0.0470689 -0.0358151 0.00725097 -0.95986 -3.87313 150.101 
0.598958 0.449951 83038 1 1.78073 0.753846 332 1 1083 0.0488876 -0.0364432 0.00837209 -0.968131 -3.8812 150.257 
0.559191 0.478399 83119 1 1.78073 0.753846 333 1 1085 0.0484419 -0.0376575 0.00830006 -1.00689 -3.8853 150.294 
0.570329 0.415502 83164 1 1.78073 0.753846 334 1 1086 0.0480186 -0.0393018 0.00468798 -1.02252 -3.83907 150.195 
0.572032 0.381547 83238 1 1.78073 0.753846 335 1 1088 0.0477913 -0.0381949 0.00129998 -1.00542 -3.79295 150.104 
0.586619 0.36354 83318 1 1.78073 0.753846 336 1 1090 0.0471278 -0.032363 0.000139021 -0.95412 -3.77557 150.106 
0.584243 0.334532 83358 1 1.78073 0.753846 337 1 1091 0.0468523 -0.032365 0.000464647 -0.954463 -3.77289 150.141 
0.59166 0.337397 83438 1 1.78073 0.753846 338 1 1093 0.0464473 -0.0331485 0.00289988 -0.958263 -3.79707 150.219 
0.615087 0.33142 83519 1 1.78073 0.753846 339 1 1095 0.0473969 -0.0305318 -0.000537923 -0.939264 -3.74659 149.888 
0.644814 0.299475 83559 1 1.78073 0.753846 340 1 1096 0.0477093 -0.0276011 -0.00387267 -0.909594 -3.70947 149.818 
0.618261 0.283093 83638 1 1.78073 0.753846 341 1 1098 0.047489 -0.0298735 -0.00482697 -0.930256 -3.691 149.765 
0.628519 0.236547 83719 1 1.78073 0.753846 342 1 1100 0.047757 -0.0270871 -0.00396021 -0.909839 -3.69278 149.872 
0.637195 0.293113 83759 1 1.78073 0.753846 343 1 1101 0.0471708 -0.0262615 -0.00283119 -0.888316 -3.69995 149.857 
0.625186 0.307479 83839 1 1.78073 0.753846 344 1 1103 0.0472645 -0.0280572 -0.00236125 -0.887746 -3.70312 149.855 
0.543519 0.288501 83920 1 1.78073 0.753846 345 1 1105 0.0469831 -0.0283667 -0.00370569 -0.88444 -3.68716 149.814 
0.540374 0.285244 83960 1 1.78073 0.753846 346 1 1106 0.0471524 -0.028402 -0.00367851 -0.884045 -3.68688 149.809 
0.507601 0.273524 84039 1 1.78073 0.753846 347 1 1108 0.0477791 -0.0289087 -0.00373212 -0.878517 -3.6874 149.775 
0.530705 0.293641 84120 1 1.78073 0.753846 348 1 1110 0.0478935 -0.0258345 -0.00580241 -0.847938 -3.66073 149.48 
0.50351 0.272149 84160 1 1.78073 0.753846 349 1 1111 0.0473314 -0.0240355 -0.00580059 -0.837573 -3.6568 149.514 
0.457209 0.287786 84242 1 1.78073 0.753846 350 1 1113 0.0461792 -0.0300175 -0.00682927 -0.91261 -3.64339 149.511 
0.565246 0.336028 84320 1 1.78073 0.753846 351 1 1115 0.0480682 -0.0247303 -0.00593559 -0.828292 -3.64646 149.437 
0.592288 0.414377 84400 1 1.78073 0.753846 352 1 1117 0.0485646 -0.0256908 -0.00518452 -0.821364 -3.66938 149.416 
0.605407 0.373912 84440 1 1.78073 0.753846 353 1 1118 0.0478043 -0.02185 -0.00952361 -0.778461 -3.63382 149.528 
0.609952 0.298822 84520 1 1.78073 0.753846 354 1 1120 0.0485653 -0.0178199 -0.0137778 -0.71502 -3.58154 149.325 
0.572882 0.32465 84561 1 1.78073 0.753846 355 1 1121 0.049846 -0.0197394 -0.0121614 -0.719793 -3.60753 149.428 
0.589088 0.305922 84641 1 1.78073 0.753846 356 1 1123 0.0522456 -0.0185696 -0.0146752 -0.686954 -3.58334 149.34 
0.589835 0.275326 84721 1 1.78073 0.753846 357 1 1125 0.0516263 -0.0178672 -0.014772 -0.681219 -3.58532 149.29 
0.589706 0.270631 84801 1 1.78073 0.753846 358 1 1127 0.0517365 -0.0178978 -0.0147362 -0.680919 -3.58484 149.305 
0.523076 0.220502 84841 1 1.78073 0.753846 359 1 1128 0.0514488 -0.0192181 -0.0180807 -0.697572 -3.54644 149.313 
0.523446 0.217512 84921 1 1.78073 0.753846 360 1 1130 0.0514207 -0.0191347 -0.0180758 -0.698491 -3.5464 149.311 
0.523446 0.217512 84962 1 1.78073 0.753846 361 1 1131 0.0514207 -0.0191347 -0.0180758 -0.698491 -3.5464 149.311 
0.523446 0.217512 85042 1 1.78073 0.753846 362 1 1133 0.0514207 -0.0191347 -0.0180758 -0.698491 -3.5464 149.311 
0.523446 0.217512 85042 1 1.78073 0.753846 363 1 1133 0.0514207 -0.0191347 -0.0180758 -0.698491 -3.5464 149.311 
0.502602 0.227791 85161 1 1.78073 0.753846 364 1 1136 0.0509913 -0.0185947 -0.0181575 -0.704855 -3.54743 149.257 
0.555916 0.194613 85242 1 1.78073 0.753846 365 1 1138 0.0510169 -0.0182356 -0.0183101 -0.709299 -3.54895 149.243 
0.526313 0.165169 85322 1 1.78073 0.753846 366 1 1140 0.0505725 -0.0216412 -0.0187179 -0.747845 -3.536 149.169 
0.573838 0.100633 85403 1 1.78073 0.753846 367 1 1142 0.0487535 -0.0206626 -0.0184034 -0.745615 -3.5224 149.158 
0.394439 0.773754 85443 1 1.78073 0.753846 368 1 1143 0.0483215 -0.0198964 -0.0143046 -0.750017 -3.55516 149.239 
0.0861635 1.50225 85522 1 1.78073 0.753846 369 0 1145 0.0471374 -0.0194466 -0.0142852 -0.742421 -3.53901 149.321 
0.42426 0.00751954 85603 1 1.78073 0.753846 370 1 1147 0.0474773 -0.0209148 -0.0139116 -0.767993 -3.53357 149.295 
0.519165 -0.224908 85643 1 1.78073 0.753846 371 0 1148 0.0478331 -0.0213435 -0.012919 -0.766165 -3.54085 149.284 
0.596435 -0.539666 85723 1 1.78073 0.753846 372 0 1150 0.0476074 -0.0191642 -0.0148057 -0.714197 -3.52385 149.349 
0.674987 -0.430455 85803 1 1.78073 0.753846 373 0 1152 0.0500622 -0.0171638 -0.0138217 -0.657569 -3.53777 149.344 
0.645889 -0.402521 85844 1 1.78073 0.753846 374 0 1153 0.0503361 -0.0185595 -0.0147173 -0.662742 -3.53643 149.346 
0.662811 -0.413691 85923 1 1.78073 0.753846 375 0 1155 0.05072 -0.0189679 -0.0156804 -0.662267 -3.53447 149.396 
0.666625 -0.459635 86003 1 1.78073 0.753846 376 0 1157 0.0495791 -0.0175776 -0.0195917 -0.670449 -3.49944 149.452 
0.694229 -0.404539 86045 1 1.78073 0.753846 377 0 1158 0.0499076 -0.0166877 -0.015838 -0.671988 -3.53087 149.343 
0.694229 -0.404539 86045 1 1.78073 0.753846 378 0 1158 0.0499076 -0.0166877 -0.015838 -0.671988 -3.53087 149.343 
0.635619 -0.506253 86204 1 1.78073 0.753846 379 0 1162 0.0481996 -0.0200291 -0.0135528 -0.751062 -3.57032 149.447 
0.662415 -0.514493 86243 1 1.78073 0.753846 380 0 1163 0.0487389 -0.0209596 -0.0151239 -0.762993 -3.5516 149.364 
0.150512 -0.533978 86324 1 1.78073 0.753846 381 0 1165 0.0481629 -0.0216025 -0.0148764 -0.77559 -3.54897 149.373 
0.140859 -0.569769 86368 1 1.78073 0.753846 382 0 1166 0.0472491 -0.0213475 -0.0148735 -0.782652 -3.54976 149.432 
0.140859 -0.569769 86368 1 1.78073 0.753846 383 0 1166 0.0472491 -0.0213475 -0.0148735 -0.782652 -3.54976 149.432 
0.0724023 -0.574826 86525 1 1.78073 0.753846 384 0 1170 0.0473635 -0.0179659 -0.0182329 -0.82536 -3.50991 149.212 
0.104049 -0.610888 86605 1 1.78073 0.753846 385 0 1172 0.0462852 -0.0123134 -0.0138671 -0.787256 -3.53917 149.243 
0.0892941 -0.631379 86644 1 1.78073 0.753846 386 0 1173 0.0464632 -0.0161435 -0.013913 -0.847275 -3.54022 149.367 
0.100034 -0.657759 86684 1 1.78073 0.753846 387 0 1174 0.0454648 -0.0144638 -0.0173923 -0.845182 -3.49853 149.25 
0.100034 -0.657759 86684 1 1.78073 0.753846 388 0 1174 0.0454648 -0.0144638 -0.0173923 -0.845182 -3.49853 149.25 
-0.193149 -0.512333 86845 1 1.78073 0.753846 389 0 1178 0.043499 -0.0160273 -0.0164822 -0.923776 -3.5384 149.394 
-0.198111 -0.431835 86926 1 1.78073 0.753846 390 0 1180 0.0431778 -0.0224122 -0.0143362 -1.0366 -3.57532 149.449 
-0.218176 -0.455718 87005 1 1.78073 0.753846 391 0 1182 0.0451506 -0.0215059 -0.0164628 -1.07501 -3.56011 149.38 
-0.218176 -0.455718 87005 1 1.78073 0.753846 392 0 1182 0.0451506 -0.0215059 -0.0164628 -1.07501 -3.56011 149.38 
-0.218176 -0.455718 87005 1 1.78073 0.753846 393 0 1182 0.0451506 -0.0215059 -0.0164628 -1.07501 -3.56011 149.38 
-0.258133 0.0210313 87166 1 1.78073 0.753846 394 0 1186 0.0413566 -0.016575 -0.0215397 -1.11941 -3.49938 149.324 
0.160375 1.76343 87246 1 1.78073 0.753846 395 0 1188 0.0418528 -0.0179008 -0.0209318 -1.15319 -3.49425 149.33 
0.441854 0.494347 87326 1 1.78073 0.753846 396 1 1190 0.0408539 -0.019046 -0.014837 -1.1605 -3.56076 149.314 
0.858546 0.00354765 87367 1 1.78073 0.753846 397 1 1191 0.0408431 -0.0181181 -0.0164924 -1.13879 -3.55084 149.472 
1.16582 -0.417691 87446 1 1.78073 0.753846 398 0 1193 0.0428649 -0.0159511 -0.0166691 -1.08432 -3.54487 149.324 
1.13772 -0.461425 87526 1 1.78073 0.753846 399 0 1195 0.0426687 -0.0181051 -0.01669 -1.1002 -3.53724 149.274 
1.18512 -0.477037 87566 1 1.78073 0.753846 400 0 1196 0.0428678 -0.0151866 -0.0164574 -1.07424 -3.54183 149.275 
1.25524 -0.27095 87647 1 1.78073 0.753846 401 0 1198 0.0419755 -0.0164815 -0.0168377 -1.09342 -3.55128 149.177 
1.25524 -0.27095 87647 1 1.78073 0.753846 402 0 1198 0.0419755 -0.0164815 -0.0168377 -1.09342 -3.55128 149.177 
1.26053 -0.276972 87687 1 1.78073 0.753846 403 0 1199 0.042163 -0.0162878 -0.0167448 -1.09604 -3.54996 149.187 
1.13524 -0.25193 87847 1 1.78073 0.753846 404 0 1203 0.0396385 -0.0208209 -0.0151444 -1.13082 -3.51497 149.081 
1.25767 -0.22898 87927 1 1.78073 0.753846 405 0 1205 0.0419864 -0.0146198 -0.0143346 -1.00993 -3.50169 149.057 
1.26211 -0.231152 87967 1 1.78073 0.753846 406 0 1206 0.0429273 -0.0151698 -0.0143988 -1.00499 -3.50218 149.079 
1.26211 -0.231152 87967 1 1.78073 0.753846 407 0 1206 0.0429273 -0.0151698 -0.0143988 -1.00499 -3.50218 149.079 
1.22955 -0.0173255 88127 1 1.78073 0.753846 408 0 1210 0.0429379 -0.0244328 -0.0138943 -1.04682 -3.53798 149.104 
1.28162 -0.0108038 88167 1 1.78073 0.753846 409 0 1211 0.0444983 -0.0269397 -0.0130208 -1.05918 -3.54233 149.097 
1.39328 0.0029627 88249 1 1.78073 0.753846 410 0 1213 0.0439918 -0.0233561 -0.0153107 -1.01384 -3.51401 149.049 
1.38824 -0.0011184 88289 1 1.78073 0.753846 411 0 1214 0.0444712 -0.0233602 -0.0155208 -1.01403 -3.51629 149.033 
1.38824 -0.0011184 88289 1 1.78073 0.753846 412 0 1214 0.0444712 -0.0233602 -0.0155208 -1.01403 -3.51629 149.033 
1.21614 -0.599758 88449 1 1.78073 0.753846 413 0 1218 0.0427339 -0.0278414 -0.0138432 -1.10022 -3.55479 149.234 
1.28083 -0.71268 88528 1 1.78073 0.753846 414 0 1220 0.0429183 -0.0251294 -0.0147917 -1.07077 -3.53228 149.07 
1.28987 -0.768597 88608 1 1.78073 0.753846 415 0 1222 0.0434773 -0.0268519 -0.0144725 -1.07554 -3.52619 149.143 
1.28987 -0.768597 88608 1 1.78073 0.753846 416 0 1222 0.0434773 -0.0268519 -0.0144725 -1.07554 -3.52619 149.143 
1.33883 -0.789585 88648 1 1.78073 0.753846 417 0 1223 0.0429069 -0.023832 -0.014072 -1.03555 -3.5215 149.054 
1.37862 -0.822527 88809 1 1.78073 0.753846 418 0 1227 0.0430396 -0.0237914 -0.014108 -1.03604 -3.52176 149.068 
1.4271 -0.851165 88849 1 1.78073 0.753846 419 0 1228 0.0432153 -0.0237696 -0.0144622 -1.03625 -3.52544 149.035 
1.43447 -0.871901 88930 1 1.78073 0.753846 420 0 1230 0.043014 -0.0236137 -0.014532 -1.03789 -3.52625 149.025 
1.44623 -0.889176 88969 1 1.78073 0.753846 421 0 1231 0.0429724 -0.023478 -0.0145591 -1.0393 -3.52655 149.026 
1.44637 -0.889328 89050 1 1.78073 0.753846 422 0 1233 0.0429712 -0.0234772 -0.0145594 -1.03931 -3.52655 149.026 
1.51812 -1.0421 89130 1 1.78073 0.753846 423 0 1235 0.0431723 -0.0245912 -0.0130064 -1.02397 -3.52171 149.099 
0.49425 -0.819686 89210 1 1.78073 0.753846 424 0 1237 0.044225 -0.0198506 -0.0160378 -0.948983 -3.47994 149.052 
0.476445 -0.874092 89250 1 1.78073 0.753846 425 0 1238 0.0440043 -0.0173943 -0.0197424 -0.921048 -3.43717 148.957 
0.506346 -0.88697 89329 1 1.78073 0.753846 426 0 1240 0.0436656 -0.0182576 -0.0201604 -0.908923 -3.43482 148.935 
0.507371 -0.864786 89410 1 1.78073 0.753846 427 0 1242 0.0444169 -0.0117381 -0.0172797 -0.813507 -3.46253 148.951 
0.263897 -0.868125 89450 1 1.78073 0.753846 428 0 1243 0.044568 -0.0103732 -0.0169467 -0.793491 -3.4654 148.958 
0.07244 -0.9001 89530 1 1.78073 0.753846 429 0 1245 0.0454886 -0.00904443 -0.0177222 -0.756469 -3.46447 148.873 
0.0184606 -0.9098 89571 1 1.78073 0.753846 430 0 1246 0.045393 -0.0132436 -0.0177222 -0.799378 -3.46664 148.931 
0.0184606 -0.9098 89571 1 1.78073 0.753846 431 0 1246 0.045393 -0.0132436 -0.0177222 -0.799378 -3.46664 148.931 
0.0443681 -0.822855 89730 1 1.78073 0.753846 432 0 1250 0.0463824 -0.0104025 -0.0149076 -0.770039 -3.5005 148.917 
0.118618 -0.851053 89811 1 1.78073 0.753846 433 0 1252 0.0467005 -0.00865116 -0.017753 -0.74551 -3.46079 148.856 
0.099386 -0.810622 89891 1 1.78073 0.753846 434 0 1254 0.0464676 -0.0124073 -0.0147754 -0.775446 -3.48634 148.852 
0.099386 -0.810622 89891 1 1.78073 0.753846 435 0 1254 0.0464676 -0.0124073 -0.0147754 -0.775446 -3.48634 148.852 
0.099386 -0.810622 89891 1 1.78073 0.753846 436 0 1254 0.0464676 -0.0124073 -0.0147754 -0.775446 -3.48634 148.852 
0.00587403 -0.680765 90091 1 1.78073 0.753846 437 0 1259 0.0452494 -0.011929 -0.0172595 -0.791196 -3.45349 148.725 
0.043325 -0.663136 90171 1 1.78073 0.753846 438 0 1261 0.0452346 -0.00595894 -0.0143165 -0.720441 -3.45147 148.358 
0.0322418 -0.646394 90212 1 1.78073 0.753846 439 0 1262 0.0460871 -0.00780517 -0.010501 -0.730653 -3.472 148.318 
0.0322418 -0.646394 90212 1 1.78073 0.753846 440 0 1262 0.0460871 -0.00780517 -0.010501 -0.730653 -3.472 148.318 
0.0600918 0.0536346 90372 1 1.78073 0.753846 441 1 1266 0.0445796 -0.0107503 -0.0140398 -0.782954 -3.42957 148.43 
-0.135285 1.17436 90452 1 1.78073 0.753846 442 0 1268 0.0425132 -0.0184728 -0.020375 -0.903701 -3.36626 147.869 
0.17752 0.307416 90492 1 1.78073 0.753846 443 1 1269 0.041346 -0.0174385 -0.0273089 -0.925378 -3.3043 147.457 
0.482971 -0.0413568 90532 1 1.78073 0.753846 444 1 1270 0.0425561 -0.0275096 -0.0157438 -1.06844 -3.46895 147.158 
0.482971 -0.0413568 90532 1 1.78073 0.753846 445 1 1270 0.0425561 -0.0275096 -0.0157438 -1.06844 -3.46895 147.158 
0.592983 -0.819189 90693 1 1.78073 0.753846 446 0 1274 0.0437295 -0.016521 -0.0488143 -0.848372 -3.15028 145.596 
-0.0453341 0.98096 90772 1 1.78073 0.753846 447 0 1276 0.0503187 -0.0147901 -0.0235131 -0.796681 -3.56216 147.592 
0.0605128 2.08769 90812 1 1.78073 0.753846 448 0 1277 0.0546922 -0.0215503 -0.0209974 -0.85301 -3.64235 148.035 
0.190788 0.952697 90893 1 1.78073 0.753846 449 0 1279 0.059805 -0.0193259 -0.0393918 -0.775553 -3.48556 147.107 
0.353686 0.39101 90973 1 1.78073 0.753846 450 1 1281 0.0652649 -0.0284244 -0.0237488 -0.847307 -3.71741 145.172 
0.483927 0.187761 91055 1 1.78073 0.753846 451 1 1283 0.0718126 -0.0266154 -0.030556 -0.839908 -3.67337 143.485 
0.429047 0.174365 91093 1 1.78073 0.753846 452 0 1284 0.0744418 -0.0327452 -0.0279603 -0.900041 -3.68553 143.221 
0.375508 0.354335 91173 1 1.78073 0.753846 453 1 1286 0.0748262 -0.0468843 -0.012065 -1.0271 -3.87438 144.238 
0.423444 0.466122 91253 1 1.78073 0.753846 454 1 1288 0.079527 -0.0430681 -0.000713542 -0.949728 -4.03366 146 
0.477005 0.598069 91293 1 1.78073 0.753846 455 1 1289 0.0816411 -0.0331395 0.00891325 -0.820437 -4.1547 147.067 
0.718696 0.452777 91374 1 1.78073 0.753846 456 1 1291 0.0851514 -0.010043 0.00105964 -0.52816 -4.0192 147.853 
0.641916 0.54895 91454 1 1.78073 0.753846 457 1 1293 0.0849386 -0.0167104 0.0177991 -0.576041 -4.08593 147.792 
0.568884 0.626191 91494 1 1.78073 0.753846 458 1 1294 0.0871993 -0.0164497 0.024831 -0.575344 -4.11604 147.846 
0.563528 0.490959 91574 1 1.78073 0.753846 459 1 1296 0.0909888 -0.0153578 0.0218867 -0.54083 -4.00804 147.808 
0.53217 0.520474 91654 1 1.78073 0.753846 460 1 1298 0.090404 -0.0295738 0.0318546 -0.638917 -4.09745 147.892 
0.478211 0.517689 91695 1 1.78073 0.753846 461 1 1299 0.0894293 -0.0323521 0.030651 -0.66454 -4.0867 147.942 
0.528784 0.534002 91775 1 1.77292 0.770192 462 1 1301 0.0890896 -0.0277579 0.0335706 -0.643127 -4.1071 148.023 
0.554383 0.54447 91855 1 1.63906 0.8125 463 1 1303 0.0881386 -0.0292126 0.0346378 -0.661354 -4.10412 148.111 
0.62722 0.514377 91935 1 1.44271 0.806731 464 1 1305 0.088519 -0.0256669 0.0316626 -0.630052 -4.06878 147.685 
0.572351 0.516782 91975 1 1.2401 0.705769 465 1 1306 0.0879299 -0.030586 0.0317829 -0.675903 -4.05754 147.316 
0.50746 0.575518 92055 1 1.0875 0.607692 466 1 1308 0.087386 -0.0426908 0.0354066 -0.797609 -4.0908 147.008 
0.521762 0.630388 92136 1 1.03646 0.600962 467 1 1310 0.0884533 -0.0415123 0.0378606 -0.791793 -4.1417 147.176 
0.567406 0.581589 92176 1 1.05677 0.610577 468 1 1311 0.0906811 -0.0291999 0.0324101 -0.678208 -4.08546 147.144 
0.630866 0.449427 92256 1 1.05677 0.610577 469 1 1313 0.0921132 -0.0222192 0.0258433 -0.602251 -3.99121 147.117 
0.604784 0.333461 92335 1 1.06667 0.604808 470 1 1315 0.0926646 -0.0223613 0.0252259 -0.612631 -3.96656 147.409 
0.631225 0.363501 92375 1 0.983333 0.559615 471 1 1316 0.0931502 -0.0208065 0.0243757 -0.590508 -3.98899 147.51 
0.67778 0.177498 92456 1 0.78125 0.513462 472 1 1318 0.0948659 -0.0328575 0.00759213 -0.679431 -3.89496 147.573 
0.70679 0.0831578 92536 1 0.747396 0.510577 473 1 1320 0.0974988 -0.0358427 -0.000604937 -0.670598 -3.85774 147.773 
0.676142 -0.017562 92576 1 0.747396 0.510577 474 1 1321 0.0977159 -0.0375114 -0.00677146 -0.689571 -3.80014 147.711 
0.666263 -0.0157322 92656 1 0.748437 0.510577 475 1 1323 0.0978598 -0.0385297 -0.00668199 -0.710847 -3.79872 147.683 
0.152305 1.14314 92696 1 0.748437 0.510577 476 1 1324 0.0982136 -0.0353206 -0.011058 -0.667064 -3.76026 147.643 
-0.127432 2.31824 92776 1 0.748437 0.510577 477 0 1326 0.0986808 -0.0352823 -0.0127526 -0.66844 -3.76194 147.837 
0.459296 0.650761 92856 1 0.748437 0.510577 478 1 1328 0.0999961 -0.0379633 -0.0207925 -0.722469 -3.73751 147.896 
0.447128 0.352689 92937 1 0.748437 0.510577 479 1 1330 0.0990115 -0.0357318 -0.0180119 -0.687598 -3.80832 147.921 
0.526806 0.142164 93016 1 0.755729 0.503846 480 1 1332 0.0985509 -0.0364207 -0.017887 -0.667742 -3.81292 147.957 
0.603466 -0.0936494 93097 1 0.771354 0.504808 481 1 1334 0.0981513 -0.0275476 -0.0224051 -0.573839 -3.75438 147.887 
0.588456 -0.218988 93177 1 0.771354 0.504808 482 0 1336 0.0973064 -0.03032 -0.0212706 -0.610523 -3.76267 147.963 
0.587784 -0.333267 93257 1 0.773438 0.505769 483 0 1338 0.0958702 -0.0295539 -0.0260882 -0.582074 -3.70585 147.969 
0.568497 -0.287367 93298 1 0.769271 0.501923 484 0 1339 0.0954291 -0.0347904 -0.025116 -0.625463 -3.71073 147.953 
0.634012 -0.322632 93378 1 0.769271 0.501923 485 0 1341 0.0958502 -0.032562 -0.0268253 -0.572354 -3.68466 147.99 
1.1915 -0.463361 93457 1 0.73125 0.459615 486 0 1343 0.0952479 -0.0288724 -0.0250149 -0.495359 -3.69691 147.995 
1.21068 -0.568344 93497 1 0.671875 0.422115 487 0 1344 0.0960989 -0.028948 -0.0281065 -0.47229 -3.64974 148.037 
1.10408 -0.519101 93578 1 0.610938 0.373077 488 0 1346 0.0940722 -0.0370647 -0.0221408 -0.508018 -3.70793 148.119 
1.10408 -0.519101 93578 1 0.574479 0.335577 489 0 1346 0.0940722 -0.0370647 -0.0221408 -0.508018 -3.70793 148.119 
0.676446 -0.778023 93739 1 0.528125 0.298077 490 0 1350 0.0921647 -0.0307332 -0.0250742 -0.25694 -3.71443 148.403 
0.572815 -0.800616 93818 1 0.454688 0.288462 491 0 1352 0.0955454 -0.0309161 -0.0247067 -0.176538 -3.72785 148.337 
0.628271 -0.78994 93858 1 0.454688 0.297115 492 0 1353 0.0957573 -0.0311479 -0.0244632 -0.175092 -3.72483 148.415 
0.624436 -0.87103 93898 1 0.454688 0.297115 493 0 1354 0.0955637 -0.0331552 -0.0276311 -0.197832 -3.67162 148.423 
0.598992 -0.781508 93979 1 0.454688 0.297115 494 0 1356 0.0879898 -0.0406939 -0.0222704 -0.411164 -3.76396 148.678 
0.583449 -0.664013 94059 1 0.453125 0.293269 495 0 1358 0.0758846 -0.0284668 -0.0254219 -0.519086 -3.79424 148.64 
0.418036 -0.561367 94139 1 0.371354 0.291346 496 0 1360 0.06766 -0.0299018 -0.0263664 -0.716077 -3.82849 148.697 
0.432131 -0.49904 94220 1 0.300521 0.297115 497 0 1362 0.0662323 -0.0154669 -0.0258559 -0.615686 -3.85453 149.011 
0.432131 -0.49904 94220 1 0.266146 0.348077 498 0 1362 0.0662323 -0.0154669 -0.0258559 -0.615686 -3.85453 149.011 
0.437397 -0.589923 94259 1 0.252083 0.378846 499 0 1363 0.0662837 -0.0182222 -0.0289924 -0.638541 -3.83713 148.879 
0.189587 -0.642208 94420 1 0.252083 0.379808 500 0 1367 0.0678517 -0.0143168 -0.0388825 -0.612371 -3.73215 148.738 
0.144604 -0.548831 94460 1 0.246354 0.383654 501 0 1368 0.0673659 -0.0137154 -0.0374611 -0.611315 -3.72064 148.55 
0.173184 -0.595917 94540 1 0.21875 0.381731 502 0 1370 0.0669259 -0.0155599 -0.0353979 -0.630283 -3.71038 148.571 
0.173184 -0.595917 94540 1 0.209375 0.375 503 0 1370 0.0669259 -0.0155599 -0.0353979 -0.630283 -3.71038 148.571 
0.0882266 -0.569671 94701 1 0.209375 0.374038 504 0 1374 0.066679 -0.0178215 -0.0321615 -0.668223 -3.70529 148.638 
