ImageFile:
0.0942752 0.142925 72473 1 0.138021 0.172115 1 1 944 0.0402634 -0.0571968 0.122676 -4.37673 -4.63896 76.9214 
0.0953088 0.147628 72521 1 0.152083 0.172115 2 1 945 0.0400399 -0.0577022 0.122526 -4.37825 -4.63456 76.9086 
0.108397 0.157277 72618 1 0.196354 0.173077 3 1 948 0.0407856 -0.0563268 0.122924 -4.35621 -4.63324 76.9733 
0.110337 0.156732 72649 1 0.25625 0.177885 4 1 949 0.04083 -0.05708 0.122443 -4.35935 -4.62317 76.9394 
0.104683 0.142831 72714 1 0.334896 0.191346 5 1 951 0.0403967 -0.0586295 0.122013 -4.37567 -4.61339 76.9394 
0.210897 0.320147 72810 1 0.382292 0.208654 6 1 954 0.04189 -0.0567802 0.125881 -4.34904 -4.63776 76.9086 
0.205263 0.339882 72857 1 0.392708 0.217308 7 1 955 0.0417121 -0.0574458 0.128708 -4.35428 -4.66181 76.8897 
0.212098 0.351217 72922 1 0.396875 0.221154 8 1 957 0.0413288 -0.057076 0.130256 -4.34624 -4.66761 76.848 
0.322998 0.359344 73021 1 0.398438 0.222115 9 1 960 0.040891 -0.054652 0.130599 -4.31785 -4.66461 76.8461 
0.363084 0.310794 73113 1 0.398438 0.222115 10 1 962 0.0416457 -0.0563967 0.129942 -4.33132 -4.64894 76.8259 
0.353416 0.291702 73162 1 0.398438 0.222115 11 1 964 0.040993 -0.0582777 0.129897 -4.34619 -4.63805 76.817 
0.333687 0.37274 73258 1 0.382813 0.255769 12 1 967 0.0418552 -0.0552963 0.129579 -4.30403 -4.61867 76.8615 
0.131234 0.78792 73322 1 0.316667 0.446154 13 1 969 0.0423597 -0.0558682 0.136602 -4.29362 -4.68189 76.7279 
0.141311 0.82647 73353 1 0.208854 0.732692 14 1 970 0.043521 -0.0545185 0.13924 -4.2694 -4.70748 76.7217 
0.43775 0.358584 73450 1 0.0536458 1.01827 15 1 973 0.042518 -0.0574523 0.135894 -4.30038 -4.66788 76.7232 
0.450289 0.218592 73530 1 0 1.0375 16 1 975 0.0419442 -0.0578561 0.131353 -4.30772 -4.62508 76.7804 
0.532025 0.764377 73593 1 -0.00677083 1.01923 17 1 977 0.0421968 -0.057723 0.135369 -4.29804 -4.66706 76.7226 
0.540506 0.805161 73625 1 0.0109375 1 18 1 978 0.0429171 -0.0570843 0.139426 -4.288 -4.71124 76.7219 
0.530679 0.769427 73722 1 0.0322917 0.990385 19 1 981 0.0422569 -0.0571666 0.134997 -4.28594 -4.67393 76.7471 
0.530679 0.769427 73722 1 0.0421875 0.995192 20 1 981 0.0422569 -0.0571666 0.134997 -4.28594 -4.67393 76.7471 
0.530679 0.769427 73722 1 0.0510417 0.993269 21 1 981 0.0422569 -0.0571666 0.134997 -4.28594 -4.67393 76.7471 
0.516652 0.833899 73930 1 0.0619792 0.982692 22 1 987 0.0424808 -0.0571871 0.135815 -4.27849 -4.70036 76.762 
0.51774 0.850387 73994 1 0.065625 0.975962 23 1 989 0.0427193 -0.0567687 0.13748 -4.27153 -4.72229 76.7666 
0.189864 0.910801 74073 1 0.065625 0.975962 24 1 991 0.0426937 -0.0587362 0.13701 -4.29104 -4.71742 76.7758 
0.0824489 0.921655 74138 1 0.065625 0.975962 25 1 993 0.0425824 -0.0570079 0.137037 -4.26899 -4.72342 76.7855 
0.105423 0.93286 74202 1 0.065625 0.975962 26 1 995 0.0432965 -0.0531777 0.140111 -4.22389 -4.75905 76.8242 
0.0983127 0.957996 74266 1 0.065625 0.975962 27 1 997 0.0439597 -0.0532837 0.140287 -4.21336 -4.76163 76.8173 
0.0985549 0.942199 74329 1 0.065625 0.975962 28 1 999 0.0435924 -0.0526503 0.140276 -4.20264 -4.76099 76.8075 
0.064556 0.966947 74409 1 0.065625 0.975962 29 1 1001 0.0429274 -0.0548733 0.138786 -4.2212 -4.74587 76.8194 
0.0762806 0.951267 74474 1 0.065625 0.975962 30 1 1003 0.0435497 -0.0563822 0.139158 -4.22615 -4.74751 76.7975 
0.0957225 0.928313 74538 1 0.065625 0.975962 31 1 1005 0.0432222 -0.0554364 0.137004 -4.208 -4.72356 76.7969 
0.115291 0.908886 74602 1 0.065625 0.975962 32 1 1007 0.0428825 -0.0534127 0.136956 -4.18318 -4.72853 76.8109 
0.0973528 0.92426 74682 1 0.065625 0.975962 33 1 1009 0.0431985 -0.0526956 0.137903 -4.17254 -4.73713 76.8219 
0.0995291 0.907467 74745 1 0.065625 0.975962 34 1 1011 0.043467 -0.0532986 0.136092 -4.17934 -4.7187 76.8452 
0.10085 0.935445 74809 1 0.065625 0.975962 35 1 1013 0.043702 -0.0528453 0.137125 -4.17015 -4.72471 76.8163 
0.465578 0.935231 74874 1 0.065625 0.975962 36 1 1015 0.0432401 -0.0531466 0.135974 -4.1685 -4.70873 76.7962 
0.491102 0.942938 74954 1 0.065625 0.975962 37 1 1017 0.0435014 -0.0541338 0.135923 -4.17608 -4.70952 76.8141 
0.486878 0.941855 75018 1 0.065625 0.975962 38 1 1019 0.043358 -0.0534028 0.137717 -4.16644 -4.7248 76.8038 
0.498051 0.950068 75081 1 0.065625 0.975962 39 1 1021 0.0439732 -0.0528352 0.137884 -4.15526 -4.72849 76.8011 
0.503837 0.919413 75178 1 0.065625 0.975962 40 1 1024 0.0439641 -0.0533798 0.136701 -4.15939 -4.71238 76.7983 
0.504045 0.917623 75209 1 0.065625 0.975962 41 1 1025 0.0439522 -0.0533929 0.136736 -4.15941 -4.7121 76.7999 
0.50111 0.907992 75290 1 0.065625 0.975962 42 1 1027 0.04341 -0.0539858 0.136272 -4.16942 -4.70541 76.8121 
0.503802 0.910373 75354 1 0.065625 0.975962 43 1 1029 0.0439707 -0.0538348 0.136426 -4.16571 -4.70432 76.7851 
0.506315 0.908584 75418 1 0.065625 0.975962 44 1 1031 0.0439144 -0.0533705 0.136379 -4.16196 -4.70315 76.795 
0.503343 0.920331 75483 1 0.065625 0.975962 45 1 1033 0.0437073 -0.0534349 0.137465 -4.16631 -4.71624 76.8123 
0.509494 0.910667 75561 1 0.065625 0.975962 46 1 1035 0.0437905 -0.0531878 0.136061 -4.16298 -4.70367 76.8123 
0.50296 0.923218 75610 1 0.065625 0.975962 47 1 1037 0.0432467 -0.0542094 0.13657 -4.1749 -4.71138 76.8041 
0.519385 0.924082 75690 1 0.065625 0.975962 48 1 1039 0.0433671 -0.0536667 0.136743 -4.17314 -4.7144 76.8166 
0.517966 0.931454 75754 1 0.065625 0.975962 49 1 1041 0.0428856 -0.0545756 0.137853 -4.18617 -4.72525 76.8166 
0.536665 0.926271 75833 1 0.065625 0.975962 50 1 1043 0.0431651 -0.0536562 0.137652 -4.17946 -4.72101 76.8249 
0.536678 0.926379 75881 1 0.065625 0.975962 51 1 1045 0.0431641 -0.053655 0.137652 -4.17947 -4.72102 76.8248 
0.532592 0.925483 75962 1 0.065625 0.975962 52 1 1047 0.0424778 -0.0533116 0.136635 -4.17801 -4.71071 76.8068 
0.535162 0.924015 76025 1 0.065625 0.975962 53 1 1049 0.0430931 -0.0529531 0.136602 -4.17611 -4.71014 76.8214 
0.53983 0.947244 76090 1 0.065625 0.975962 54 1 1051 0.0432794 -0.0529338 0.137955 -4.17523 -4.72559 76.8313 
0.539544 0.94796 76154 1 0.065625 0.975962 55 1 1053 0.0431566 -0.0533588 0.138067 -4.18169 -4.72719 76.8354 
0.539914 0.933136 76233 1 0.065625 0.975962 56 1 1055 0.0428089 -0.0531978 0.136708 -4.18123 -4.71201 76.8364 
0.553676 0.937224 76297 1 0.065625 0.975962 57 1 1057 0.0432257 -0.0521732 0.136259 -4.16789 -4.70623 76.8236 
0.553676 0.937224 76361 1 0.065625 0.975962 58 1 1059 0.0432257 -0.0521732 0.136259 -4.16789 -4.70623 76.8236 
0.553676 0.937224 76426 1 0.065625 0.975962 59 1 1061 0.0432257 -0.0521732 0.136259 -4.16789 -4.70623 76.8236 
0.554141 0.933296 76490 1 0.065625 0.975962 60 1 1063 0.0430739 -0.0522063 0.136329 -4.16766 -4.70551 76.827 
0.55397 0.934173 76569 1 0.065625 0.975962 61 1 1065 0.0431025 -0.0521966 0.136324 -4.16777 -4.70556 76.8266 
0.553831 0.935132 76633 1 0.065625 0.975962 62 1 1067 0.0431066 -0.0521815 0.136323 -4.16794 -4.70557 76.8257 
0.53797 0.955537 76730 1 0.065625 0.975962 63 1 1070 0.0423504 -0.0533333 0.136519 -4.18518 -4.70607 76.8285 
0.535513 0.963305 76794 1 0.065625 0.975962 64 1 1072 0.0421791 -0.053176 0.137565 -4.18514 -4.71503 76.818 
0.533058 0.954555 76842 1 0.065625 0.975962 65 1 1073 0.0421821 -0.0536965 0.137356 -4.1911 -4.71293 76.8334 
0.533058 0.954555 76842 1 0.065625 0.975962 66 1 1073 0.0421821 -0.0536965 0.137356 -4.1911 -4.71293 76.8334 
0.535795 0.950461 76969 1 0.065625 0.975962 67 1 1077 0.0422369 -0.0542605 0.137395 -4.19352 -4.71328 76.8402 
0.484772 0.977873 77066 1 0.065625 0.975962 68 1 1080 0.0419966 -0.0512179 0.137581 -4.16152 -4.70475 76.8173 
0.210136 1.06501 77117 1 0.065625 0.975962 69 1 1081 0.0420304 -0.0503773 0.138238 -4.15204 -4.70743 76.8207 
0.174241 1.04146 77178 1 0.065625 0.975962 70 1 1083 0.0421768 -0.0520603 0.139044 -4.1685 -4.71103 76.8246 
0.165502 1.02859 77242 1 0.065625 0.975962 71 1 1085 0.0419819 -0.0537475 0.139655 -4.18568 -4.71878 76.8233 
0.136547 1.03031 77306 1 0.065625 0.975962 72 1 1087 0.0420596 -0.0537159 0.139655 -4.18573 -4.71858 76.8222 
0.132739 1.03252 77369 1 0.065625 0.975962 73 1 1089 0.0420818 -0.0537328 0.139613 -4.18551 -4.71896 76.8242 
0.112725 1.03183 77450 1 0.065625 0.975962 74 1 1091 0.0423639 -0.0506705 0.138823 -4.15326 -4.71157 76.8456 
0.107019 1.03795 77514 1 0.065625 0.975962 75 1 1093 0.0423084 -0.0514056 0.139199 -4.16095 -4.71564 76.843 
0.104898 1.02103 77578 1 0.065625 0.975962 76 1 1095 0.0420969 -0.0512769 0.138483 -4.16083 -4.70617 76.8488 
0.517728 0.994299 77642 1 0.065625 0.975962 77 1 1097 0.0422749 -0.0519225 0.138192 -4.16638 -4.70104 76.8491 
0.53556 0.996923 77721 1 0.0661458 0.972115 78 1 1099 0.0420745 -0.0511295 0.140031 -4.1631 -4.71919 76.8488 
0.533344 0.973093 77769 1 0.065625 0.943269 79 1 1101 0.0418912 -0.0513606 0.13841 -4.17007 -4.70228 76.8397 
0.538737 0.984412 77849 1 0.0666667 0.886538 80 1 1103 0.0416406 -0.0524158 0.139851 -4.18241 -4.71807 76.848 
0.535445 0.990138 77914 1 0.0666667 0.835577 81 1 1105 0.0415046 -0.0526527 0.141462 -4.18619 -4.73283 76.8478 
0.535819 0.979783 77946 1 0.0666667 0.822115 82 1 1106 0.0417086 -0.0529654 0.140529 -4.18713 -4.71991 76.8191 
0.540524 0.967013 78042 1 0.0625 0.819231 83 1 1109 0.0421231 -0.0531251 0.140797 -4.18615 -4.7181 76.8339 
0.543498 0.963235 78122 1 0.059375 0.819231 84 1 1111 0.0420146 -0.0535355 0.141823 -4.1853 -4.72365 76.8299 
0.543447 0.962929 78186 1 0.0567708 0.818269 85 1 1113 0.0419406 -0.0536583 0.141905 -4.18377 -4.72283 76.8316 
0.544311 0.971491 78250 1 0.0567708 0.818269 86 1 1115 0.0425018 -0.0525139 0.142217 -4.16799 -4.72521 76.8255 
0.541109 0.978185 78314 1 0.0567708 0.818269 87 1 1117 0.0423763 -0.0524855 0.142142 -4.16837 -4.72588 76.8188 
0.273945 0.923487 78395 1 0.0567708 0.818269 88 1 1119 0.0421979 -0.0542184 0.140975 -4.1863 -4.71332 76.8254 
-0.0532591 0.791094 78457 1 0.0567708 0.818269 89 1 1121 0.0416976 -0.0537524 0.1388 -4.18476 -4.69347 76.8615 
-0.00781735 0.677152 78522 1 0.0567708 0.818269 90 1 1123 0.0419134 -0.0529095 0.137289 -4.1723 -4.67698 76.8756 
-0.0104752 0.647525 78585 1 0.0567708 0.818269 91 1 1125 0.0411277 -0.0531415 0.135972 -4.1726 -4.66169 76.8831 
0.00479031 0.614521 78650 1 0.0567708 0.818269 92 1 1127 0.0414471 -0.0532435 0.135133 -4.17225 -4.65368 76.8927 
0.0199312 0.599525 78730 1 0.0567708 0.818269 93 1 1129 0.041624 -0.0542147 0.135268 -4.17871 -4.65764 76.8981 
0.0317255 0.570124 78794 1 0.0567708 0.818269 94 1 1131 0.0414752 -0.0543886 0.134882 -4.18077 -4.65641 76.9073 
0.0285796 0.569495 78857 1 0.0567708 0.818269 95 1 1133 0.0411276 -0.054931 0.133839 -4.18633 -4.64294 76.8861 
0.0362791 0.560875 78921 1 0.0567708 0.818269 96 1 1135 0.0413558 -0.0538045 0.13453 -4.17483 -4.64839 76.8928 
0.0273493 0.582698 79003 1 0.0567708 0.818269 97 1 1137 0.0413445 -0.0556396 0.136368 -4.19186 -4.66492 76.8623 
0.0352367 0.550132 79067 1 0.0567708 0.818269 98 1 1139 0.0411658 -0.0547211 0.136145 -4.18391 -4.66148 76.8525 
0.0422536 0.556162 79098 1 0.0567708 0.818269 99 1 1140 0.041505 -0.0545903 0.135718 -4.18228 -4.65863 76.8579 
0.0411992 0.551633 79162 1 0.0567708 0.818269 100 1 1142 0.0412808 -0.0545721 0.136349 -4.18186 -4.66593 76.868 
0.0434497 0.54803 79226 1 0.0567708 0.818269 101 1 1144 0.0413369 -0.0546085 0.136372 -4.1814 -4.66562 76.879 
0.0390882 0.542412 79289 1 0.0567708 0.818269 102 1 1146 0.0412801 -0.0549586 0.135859 -4.18491 -4.65768 76.8654 
0.0397564 0.540528 79369 1 0.0567708 0.818269 103 1 1148 0.0413095 -0.0549397 0.135881 -4.18509 -4.65744 76.8658 
0.0454273 0.539382 79466 1 0.0567708 0.818269 104 1 1151 0.0414519 -0.0538179 0.136278 -4.17459 -4.65848 76.8442 
0.0451727 0.540155 79498 1 0.0567708 0.818269 105 1 1152 0.0414319 -0.0538061 0.136261 -4.17469 -4.65866 76.8427 
0.0454029 0.539264 79564 1 0.0567708 0.818269 106 1 1154 0.0414324 -0.0537966 0.136269 -4.1748 -4.65858 76.842 
0.0452675 0.537994 79641 1 0.0567708 0.818269 107 1 1156 0.0413111 -0.0537762 0.136215 -4.17493 -4.65917 76.8445 
0.049579 0.537007 79707 1 0.0567708 0.818269 108 1 1158 0.0415183 -0.0533218 0.136744 -4.16919 -4.66374 76.8531 
0.0518401 0.519667 79802 1 0.0567708 0.818269 109 1 1161 0.0411017 -0.0540132 0.13636 -4.17368 -4.65625 76.8434 
0.0513843 0.503541 79834 1 0.0567708 0.818269 110 1 1162 0.0409584 -0.0536393 0.134579 -4.17064 -4.63667 76.8479 
0.0410954 0.520323 79914 1 0.0567708 0.818269 111 1 1164 0.0407717 -0.0548024 0.135928 -4.18224 -4.6488 76.8406 
0.0416158 0.520559 79929 1 0.0567708 0.818269 112 1 1165 0.0407576 -0.0548233 0.135917 -4.18203 -4.64889 76.8414 
0.0416158 0.520559 79929 1 0.0567708 0.818269 113 1 1165 0.0407576 -0.0548233 0.135917 -4.18203 -4.64889 76.8414 
0.0522985 0.481272 80106 1 0.0567708 0.818269 114 1 1170 0.0408282 -0.0551929 0.133959 -4.1855 -4.63005 76.8611 
0.0525033 0.502174 80170 1 0.0567708 0.818269 115 1 1172 0.040688 -0.0537511 0.136148 -4.17104 -4.64916 76.8428 
0.494986 0.489702 80252 1 0.0567708 0.818269 116 1 1174 0.0411733 -0.0536562 0.136975 -4.16832 -4.65381 76.8375 
0.968619 0.48464 80313 1 0.0567708 0.818269 117 1 1176 0.0418507 -0.0534297 0.139033 -4.16445 -4.67616 76.8205 
0.968499 0.48237 80348 1 0.0567708 0.818269 118 1 1177 0.0417571 -0.0534429 0.139082 -4.16438 -4.67552 76.8203 
0.968229 0.479294 80441 1 0.0567708 0.818269 119 1 1180 0.0416411 -0.053273 0.139089 -4.1661 -4.67531 76.8145 
0.984928 0.479455 80522 1 0.0567708 0.818269 120 1 1182 0.0408577 -0.0563025 0.1374 -4.20388 -4.65694 76.8169 
1.00581 0.488855 80586 1 0.0567708 0.818269 121 1 1184 0.040556 -0.0571511 0.137736 -4.21492 -4.66053 76.8224 
1.00276 0.471363 80650 1 0.0567708 0.818269 122 1 1186 0.0410016 -0.0567225 0.136357 -4.21335 -4.64565 76.8544 
1.00892 0.482915 80713 1 0.0567708 0.818269 123 1 1188 0.0410172 -0.0555294 0.136894 -4.19962 -4.65074 76.8334 
1.002 0.475907 80794 1 0.0567708 0.818269 124 1 1190 0.0410202 -0.056853 0.137137 -4.21631 -4.65441 76.839 
1.00339 0.484402 80842 1 0.0567708 0.818269 125 1 1192 0.0411944 -0.0562291 0.136899 -4.21275 -4.65836 76.8634 
1.00556 0.476895 80922 1 0.0567708 0.818269 126 1 1194 0.0411153 -0.0558891 0.135371 -4.21111 -4.64691 76.9054 
1.00443 0.47961 80986 1 0.0567708 0.818269 127 1 1196 0.0410618 -0.0550034 0.134739 -4.20456 -4.6429 76.8963 
1.00461 0.470105 81049 1 0.0567708 0.818269 128 1 1198 0.040968 -0.0549607 0.134676 -4.20484 -4.64352 76.8942 
1.00489 0.473148 81113 1 0.0567708 0.818269 129 1 1200 0.0407198 -0.0549983 0.134611 -4.20439 -4.64418 76.8934 
1.00545 0.478053 81194 1 0.0567708 0.818269 130 1 1202 0.0407479 -0.0548363 0.134293 -4.20392 -4.64549 76.9028 
0.998757 0.462226 81258 1 0.0567708 0.818269 131 1 1204 0.0404489 -0.0558243 0.132856 -4.21463 -4.63718 76.8781 
1.00153 0.455674 81322 1 0.0567708 0.818269 132 1 1206 0.040562 -0.0555891 0.133042 -4.21202 -4.6426 76.9018 
0.995488 0.444426 81386 1 0.0567708 0.818269 133 1 1208 0.040048 -0.0559649 0.131617 -4.21925 -4.63117 76.9184 
0.990689 0.435458 81449 1 0.0567708 0.818269 134 1 1210 0.0401411 -0.0573148 0.130741 -4.23244 -4.62311 76.9215 
1.00307 0.443079 81530 1 0.0567708 0.818269 135 1 1212 0.0400765 -0.0548511 0.132138 -4.20547 -4.63899 76.9257 
1.00205 0.447461 81593 1 0.0567708 0.818269 136 1 1214 0.0397885 -0.054823 0.132002 -4.20569 -4.64028 76.9266 
1.00771 0.439798 81658 1 0.0567708 0.818269 137 1 1216 0.0398826 -0.0548264 0.131572 -4.20335 -4.63916 76.9409 
1.00128 0.438137 81722 1 0.0567708 0.818269 138 1 1218 0.0398695 -0.0560856 0.13075 -4.21512 -4.63303 76.9366 
1.00223 0.440004 81770 1 0.0567708 0.818269 139 1 1219 0.0400706 -0.0547362 0.131989 -4.20258 -4.64553 76.9469 
1.00467 0.436176 81875 1 0.0567708 0.818269 140 1 1222 0.0396749 -0.0548709 0.131315 -4.20554 -4.63858 76.922 
0.997905 0.434725 81930 1 0.0567708 0.818269 141 1 1224 0.0395071 -0.0557328 0.130921 -4.21577 -4.63388 76.9302 
0.997581 0.435366 81994 1 0.0567708 0.818269 142 1 1226 0.039518 -0.0557115 0.130932 -4.21598 -4.63377 76.9301 
0.993779 0.432684 82074 1 0.0567708 0.818269 143 1 1228 0.0396442 -0.0555467 0.13102 -4.21771 -4.63288 76.9275 
0.994129 0.431068 82169 1 0.0567708 0.818269 144 1 1231 0.0396584 -0.055538 0.131086 -4.2178 -4.63224 76.9318 
0.599014 0.460442 82234 1 0.0567708 0.818269 145 1 1233 0.0404311 -0.0528244 0.132819 -4.18454 -4.64476 76.9481 
0.585039 0.465837 82314 1 0.0567708 0.818269 146 1 1235 0.0401364 -0.053074 0.133292 -4.18671 -4.64768 76.9441 
0.576182 0.440237 82362 1 0.0567708 0.818269 147 1 1237 0.0404833 -0.0532717 0.130788 -4.19001 -4.61962 76.9603 
0.557431 0.461465 82474 1 0.0567708 0.818269 148 1 1240 0.0399577 -0.0553364 0.131498 -4.21587 -4.62606 76.9276 
0.560053 0.466439 82506 1 0.0567708 0.818269 149 1 1241 0.0400274 -0.0546148 0.132732 -4.20997 -4.63867 76.9358 
0.539629 0.47786 82601 1 0.0567708 0.818269 150 1 1244 0.0391975 -0.055848 0.133143 -4.23062 -4.64085 76.9161 
0.547265 0.491552 82633 1 0.0567708 0.818269 151 1 1245 0.0393602 -0.0538387 0.13328 -4.21014 -4.64048 76.9044 
0.547467 0.49528 82714 1 0.0567708 0.818269 152 1 1247 0.0395709 -0.0540787 0.133946 -4.21436 -4.64565 76.9229 
0.542611 0.484626 82782 1 0.0567708 0.818269 153 1 1249 0.0396824 -0.0547344 0.133713 -4.2252 -4.63986 76.9271 
0.545292 0.489025 82874 1 0.0567708 0.818269 154 1 1252 0.0394146 -0.0536104 0.134184 -4.22013 -4.64442 76.9462 
0.542645 0.487958 82953 1 0.0567708 0.818269 155 1 1254 0.0394254 -0.0543526 0.134169 -4.22873 -4.64498 76.9511 
0.534131 0.476852 83005 1 0.0567708 0.818269 156 1 1256 0.038962 -0.0560083 0.132333 -4.24415 -4.6245 76.9391 
0.540286 0.480928 83050 1 0.0567708 0.818269 157 1 1257 0.0389337 -0.054458 0.133399 -4.22638 -4.63394 76.9362 
0.537296 0.459975 83178 1 0.0567708 0.818269 158 1 1261 0.0388145 -0.0563746 0.131784 -4.24458 -4.61234 76.9294 
0.542403 0.467206 83242 1 0.0567708 0.818269 159 1 1263 0.0390021 -0.055157 0.132648 -4.23327 -4.62157 76.9519 
0.544789 0.482116 83321 1 0.0567708 0.818269 160 1 1265 0.0391481 -0.0544387 0.13297 -4.22622 -4.62562 76.9405 
0.539379 0.475689 83386 1 0.0567708 0.818269 161 1 1267 0.038689 -0.0555029 0.132741 -4.23894 -4.62257 76.9488 
0.542584 0.478127 83450 1 0.0567708 0.818269 162 1 1269 0.0393076 -0.0548669 0.133798 -4.23295 -4.63404 76.9436 
0.534477 0.475967 83514 1 0.0567708 0.818269 163 1 1271 0.0389576 -0.0557068 0.134309 -4.24607 -4.63744 76.9351 
0.534511 0.475321 83546 1 0.0567708 0.818269 164 1 1272 0.0389402 -0.0557057 0.134318 -4.24607 -4.63733 76.9361 
0.531314 0.473593 83610 1 0.0567708 0.818269 165 1 1274 0.0390304 -0.0553739 0.133507 -4.2442 -4.62716 76.9356 
0.531113 0.471683 83689 1 0.0567708 0.818269 166 1 1276 0.0389841 -0.0553687 0.133506 -4.24426 -4.62716 76.9353 
0.53343 0.472732 83753 1 0.0567708 0.818269 167 1 1278 0.0392751 -0.0562891 0.132804 -4.24831 -4.61955 76.9027 
0.542136 0.489816 83850 1 0.0567708 0.818269 168 1 1281 0.0400213 -0.0543807 0.134689 -4.22638 -4.63941 76.9349 
0.538761 0.477465 83930 1 0.0567708 0.818269 169 1 1283 0.0397476 -0.0546089 0.134225 -4.2301 -4.63409 76.9359 
0.544275 0.465358 83994 1 0.0567708 0.818269 170 1 1285 0.0394352 -0.0538204 0.13395 -4.21776 -4.62421 76.9152 
0.544268 0.466466 84057 1 0.0567708 0.818269 171 1 1287 0.0394642 -0.0537912 0.133959 -4.21806 -4.62414 76.9135 
0.525813 0.514718 84153 1 0.0567708 0.818269 172 1 1290 0.0381314 -0.0524609 0.128422 -4.20778 -4.55172 76.7449 
0.517958 0.481545 84202 1 0.0567708 0.818269 173 1 1291 0.038462 -0.0536089 0.128307 -4.21944 -4.55154 76.7584 
0.517467 0.490416 84250 1 0.0567708 0.818269 174 1 1293 0.0383355 -0.0526704 0.128989 -4.21284 -4.54921 76.748 
0.561207 0.405519 84330 1 0.0567708 0.818269 175 1 1295 0.0385531 -0.0531949 0.129376 -4.22518 -4.54937 76.7323 
0.544632 0.301085 84394 1 0.0567708 0.818269 176 1 1297 0.0377841 -0.0548823 0.126225 -4.25119 -4.52017 76.7384 
0.534383 0.269206 84473 1 0.0567708 0.818269 177 1 1299 0.0368366 -0.0549192 0.126231 -4.25547 -4.52172 76.7655 
0.527949 0.245374 84522 1 0.0567708 0.818269 178 1 1301 0.0370561 -0.0569485 0.124861 -4.27837 -4.51197 76.774 
0.522503 0.269758 84601 1 0.0567708 0.818269 179 1 1303 0.0367615 -0.0558112 0.126151 -4.26512 -4.52645 76.7366 
0.504107 0.24797 84666 1 0.0567708 0.818269 180 1 1305 0.0367548 -0.0588534 0.123013 -4.30047 -4.49739 76.7811 
0.513013 0.262115 84730 1 0.0567708 0.818269 181 1 1307 0.0364437 -0.0571927 0.124263 -4.28414 -4.5153 76.7778 
0.517755 0.267119 84793 1 0.0567708 0.818269 182 1 1309 0.0366839 -0.0565052 0.123936 -4.27717 -4.5127 76.7899 
0.515725 0.263536 84873 1 0.0567708 0.818269 183 1 1311 0.0364358 -0.0568106 0.124186 -4.27772 -4.51477 76.7766 
0.519891 0.268781 84938 1 0.0567708 0.818269 184 1 1313 0.0364691 -0.0551219 0.126535 -4.26273 -4.53659 76.796 
0.549666 0.265788 85002 1 0.0567708 0.818269 185 1 1315 0.0370843 -0.0556379 0.127051 -4.27168 -4.55075 76.8343 
0.754634 0.238996 85066 1 0.0567708 0.818269 186 1 1317 0.0358924 -0.0560832 0.123923 -4.2769 -4.5192 76.8021 
0.739304 0.201717 85161 1 0.0567708 0.818269 187 1 1320 0.0352825 -0.0565081 0.124386 -4.28355 -4.52751 76.7716 
0.744269 0.208373 85209 1 0.0567708 0.818269 188 1 1321 0.0358505 -0.0569034 0.122517 -4.28805 -4.51232 76.7784 
0.825041 0.201111 85306 1 0.0567708 0.818269 189 1 1324 0.0356256 -0.0572931 0.124347 -4.29305 -4.53398 76.7809 
0.847292 0.20477 85370 1 0.0567708 0.818269 190 1 1326 0.0356571 -0.0557945 0.123516 -4.28119 -4.53055 76.8238 
0.815541 0.213503 85434 1 0.0567708 0.818269 191 1 1328 0.0356961 -0.0562543 0.123524 -4.28922 -4.54008 76.8645 
0.799218 0.241314 85514 1 0.0567708 0.818269 192 1 1330 0.036234 -0.0554593 0.124893 -4.28225 -4.562 76.88 
0.843978 0.252216 85577 1 0.0567708 0.818269 193 1 1332 0.0362659 -0.0563411 0.129633 -4.29262 -4.61219 76.8603 
0.86346 0.309916 85641 1 0.0567708 0.818269 194 1 1334 0.0345105 -0.0559357 0.137395 -4.31654 -4.72265 77.0826 
0.821627 0.429871 85706 1 0.0567708 0.818269 195 1 1336 0.0342305 -0.0614802 0.151619 -4.4235 -4.90968 77.274 
0.822182 0.53805 85770 1 0.0567708 0.818269 196 1 1338 0.0358277 -0.0602039 0.160433 -4.436 -5.03118 77.3565 
0.823338 0.57906 85850 1 0.0567708 0.818269 197 1 1340 0.0367662 -0.058732 0.16769 -4.43145 -5.11317 77.4692 
0.825323 0.63629 85914 1 0.0567708 0.818269 198 1 1342 0.0377413 -0.0589102 0.174896 -4.44105 -5.20487 77.566 
0.840758 0.669685 85977 1 0.0567708 0.818269 199 1 1344 0.0377458 -0.0566746 0.179322 -4.41388 -5.25758 77.6058 
0.873013 0.666078 86041 1 0.0567708 0.818269 200 1 1346 0.0394627 -0.0529544 0.177939 -4.34692 -5.23693 77.6708 
0.908486 0.656128 86123 1 0.0567708 0.818269 201 1 1348 0.03765 -0.0512425 0.169449 -4.28721 -5.11821 77.491 
0.88398 0.598386 86154 1 0.0567708 0.818269 202 1 1349 0.0362404 -0.0585801 0.165363 -4.3434 -5.05323 77.3983 
0.88398 0.598386 86154 1 0.0567708 0.818269 203 1 1349 0.0362404 -0.0585801 0.165363 -4.3434 -5.05323 77.3983 
0.533447 0.787464 86313 1 0.0567708 0.818269 204 1 1354 0.036429 -0.0589339 0.14951 -4.32809 -4.87831 77.3019 
0.528943 0.720964 86393 1 0.0567708 0.818269 205 1 1356 0.0370611 -0.0581893 0.142197 -4.32281 -4.81324 77.3056 
0.521216 0.735879 86458 1 0.0567708 0.818269 206 1 1358 0.0360944 -0.059631 0.14475 -4.33192 -4.83339 77.2625 
0.517958 0.693509 86522 1 0.0567708 0.818269 207 1 1360 0.0353569 -0.0606466 0.14202 -4.34045 -4.7926 77.227 
0.536769 0.675584 86586 1 0.0567708 0.818269 208 1 1362 0.0369837 -0.0591434 0.141027 -4.31334 -4.77609 77.2226 
0.556968 0.678618 86649 1 0.0567708 0.818269 209 1 1364 0.0384382 -0.0572879 0.14177 -4.27881 -4.78121 77.2537 
0.541129 0.66011 86729 1 0.0567708 0.818269 210 1 1366 0.0388494 -0.0604998 0.138659 -4.31194 -4.75821 77.2887 
0.532589 0.557836 86793 1 0.0567708 0.818269 211 1 1368 0.0388605 -0.0582245 0.136853 -4.2896 -4.73751 77.2795 
0.534255 0.529818 86858 1 0.0567708 0.818269 212 1 1370 0.0388427 -0.0620226 0.135364 -4.34891 -4.72239 77.3059 
0.5202 0.528501 86922 1 0.0567708 0.818269 213 1 1372 0.0390615 -0.0628773 0.135817 -4.36656 -4.71864 77.2408 
0.291679 0.440865 87002 1 0.0567708 0.818269 214 1 1374 0.0386644 -0.0630435 0.132948 -4.37855 -4.6847 77.1972 
0.282636 0.376944 87065 1 0.0567708 0.818269 215 1 1376 0.0382237 -0.0612952 0.131883 -4.37212 -4.66492 77.2041 
0.272616 0.363496 87130 1 0.0567708 0.818269 216 1 1378 0.0376101 -0.0574134 0.134361 -4.36842 -4.68485 77.2115 
0.268343 0.37042 87193 1 0.0567708 0.818269 217 1 1380 0.0376587 -0.0576411 0.135034 -4.37753 -4.68685 77.1752 
0.221994 0.339788 87274 1 0.0567708 0.818269 218 1 1382 0.0367942 -0.0573703 0.132739 -4.37889 -4.65842 77.1792 
0.222473 0.337397 87322 1 0.0567708 0.818269 219 1 1384 0.0370466 -0.0574199 0.132843 -4.37819 -4.65743 77.1816 
0.216945 0.3412 87402 1 0.0567708 0.818269 220 1 1386 0.0371991 -0.0576097 0.132995 -4.37573 -4.6558 77.1752 
0.263696 0.335885 87465 1 0.0567708 0.818269 221 1 1388 0.0376554 -0.0558013 0.13358 -4.34733 -4.65691 77.1391 
0.271274 0.294799 87561 1 0.0567708 0.818269 222 1 1391 0.037223 -0.0568371 0.133462 -4.36111 -4.65565 77.1435 
0.269849 0.301996 87643 1 0.0567708 0.818269 223 1 1393 0.0358563 -0.0584466 0.135197 -4.38811 -4.66467 77.0922 
0.261546 0.292936 87674 1 0.0567708 0.818269 224 1 1394 0.0361265 -0.0577365 0.134972 -4.39248 -4.66238 77.1332 
0.252118 0.295272 87769 1 0.0567708 0.818269 225 1 1397 0.0356933 -0.0574205 0.135139 -4.39681 -4.66064 77.1119 
0.251481 0.295152 87833 1 0.0567708 0.818269 226 1 1399 0.0357348 -0.0572912 0.135279 -4.39836 -4.65916 77.1096 
0.252473 0.297444 87865 1 0.0567708 0.818269 227 1 1400 0.0357252 -0.0572812 0.135268 -4.39848 -4.65926 77.1116 
0.280088 0.297443 87978 1 0.0567708 0.818269 228 1 1403 0.0356798 -0.058056 0.133943 -4.40589 -4.64547 77.1337 
0.284503 0.305921 88042 1 0.0567708 0.818269 229 1 1405 0.0354683 -0.0576787 0.135942 -4.40281 -4.66481 77.1341 
0.298354 0.305292 88106 1 0.0567708 0.818269 230 1 1407 0.0354216 -0.0566163 0.136522 -4.39179 -4.66669 77.1105 
0.298298 0.300061 88169 1 0.0567708 0.818269 231 1 1409 0.0355673 -0.0566244 0.136721 -4.39169 -4.66446 77.1009 
0.320514 0.314158 88250 1 0.0567708 0.818269 232 1 1411 0.0351143 -0.0565233 0.135442 -4.39333 -4.64593 77.0898 
0.32835 0.310043 88314 1 0.0567708 0.818269 233 1 1413 0.0358298 -0.055383 0.136324 -4.38487 -4.64666 77.093 
0.338508 0.271969 88378 1 0.0567708 0.818269 234 1 1415 0.0357256 -0.0533251 0.133664 -4.3608 -4.61352 77.098 
0.267687 0.221789 88442 1 0.0567708 0.818269 235 1 1417 0.0367873 -0.0535546 0.135331 -4.33325 -4.61825 77.0613 
0.278924 0.180216 88522 1 0.0567708 0.818269 236 1 1419 0.0374709 -0.0572611 0.131816 -4.3443 -4.57653 77.0946 
0.289758 0.198712 88569 1 0.0567708 0.818269 237 1 1421 0.0377315 -0.0577197 0.133105 -4.33213 -4.58582 77.082 
0.307942 0.219714 88649 1 0.0567708 0.818269 238 1 1423 0.0381427 -0.0556544 0.132765 -4.29122 -4.58788 77.0817 
0.323632 0.200719 88718 1 0.0567708 0.818269 239 1 1425 0.0378994 -0.0556979 0.1322 -4.26607 -4.5776 77.0683 
0.311677 0.165028 88810 1 0.0567708 0.818269 240 1 1428 0.0384633 -0.0569663 0.131603 -4.2696 -4.57773 77.0929 
0.311481 0.16419 88842 1 0.0567708 0.818269 241 1 1429 0.0384266 -0.0569583 0.131624 -4.2697 -4.57755 77.0941 
0.304016 0.166477 88921 1 0.0567708 0.818269 242 1 1431 0.0377929 -0.0580169 0.132451 -4.28259 -4.58528 77.1038 
0.309294 0.131402 88985 1 0.0567708 0.818269 243 1 1433 0.0377115 -0.0565199 0.130358 -4.27035 -4.5597 77.1089 
0.302959 0.137553 89050 1 0.0567708 0.818269 244 1 1435 0.0377376 -0.0556453 0.131091 -4.26466 -4.56855 77.1103 
0.299884 0.139976 89114 1 0.0567708 0.818269 245 1 1437 0.0376776 -0.0561572 0.13168 -4.27175 -4.5761 77.1282 
0.294235 0.14665 89194 1 0.0567708 0.818269 246 1 1439 0.0380349 -0.0552801 0.132932 -4.26367 -4.59017 77.0982 
0.290922 0.147763 89258 1 0.0567708 0.818269 247 1 1441 0.0380248 -0.0555387 0.132145 -4.26793 -4.58354 77.0861 
0.290922 0.147763 89258 1 0.0567708 0.818269 248 1 1441 0.0380248 -0.0555387 0.132145 -4.26793 -4.58354 77.0861 
0.289014 0.15663 89385 1 0.0567708 0.818269 249 1 1445 0.0375556 -0.0544609 0.132917 -4.26144 -4.59542 77.1108 
0.265861 0.174462 89450 1 0.0567708 0.818269 250 1 1447 0.0375559 -0.0550127 0.13283 -4.26955 -4.60229 77.1381 
0.251064 0.163586 89530 1 0.0567708 0.818269 251 1 1449 0.0374137 -0.0563512 0.130343 -4.28575 -4.58747 77.167 
0.254109 0.161572 89594 1 0.0567708 0.818269 252 1 1451 0.0368633 -0.0564395 0.130317 -4.28619 -4.58571 77.1623 
0.253782 0.162574 89657 1 0.0567708 0.818269 253 1 1453 0.0370177 -0.0564046 0.130375 -4.28656 -4.58519 77.161 
0.2487 0.184493 89721 1 0.0567708 0.818269 254 1 1455 0.0370154 -0.0562143 0.130746 -4.2882 -4.58189 77.1374 
0.241581 0.215296 89802 1 0.0567708 0.818269 255 1 1457 0.0368605 -0.0557263 0.13189 -4.29156 -4.58771 77.1194 
0.232728 0.252392 89866 1 0.0567708 0.818269 256 1 1459 0.0367217 -0.0573062 0.133981 -4.32143 -4.60583 77.1097 
0.23863 0.215762 89930 1 0.0567708 0.818269 257 1 1461 0.0367169 -0.0579206 0.132134 -4.33453 -4.58457 77.1293 
0.25987 0.243963 89994 1 0.0567708 0.818269 258 1 1463 0.0367381 -0.0580751 0.132077 -4.3454 -4.58047 77.0841 
0.260186 0.209275 90073 1 0.0567708 0.818269 259 1 1465 0.036101 -0.056915 0.13078 -4.34635 -4.56555 77.1022 
0.249399 0.187612 90137 1 0.0567708 0.818269 260 1 1467 0.0349549 -0.0571785 0.129787 -4.37047 -4.54983 77.1382 
0.284469 0.181947 90202 1 0.0567708 0.818269 261 1 1469 0.0356503 -0.0555943 0.128063 -4.35984 -4.5263 77.1478 
0.296218 0.167737 90266 1 0.0567708 0.818269 262 1 1471 0.0354429 -0.0553113 0.128139 -4.3594 -4.52184 77.1411 
0.552658 0.181923 90330 1 0.0567708 0.818269 263 1 1473 0.0356152 -0.0565641 0.126218 -4.3795 -4.50565 77.1584 
0.552451 0.185081 90409 1 0.0567708 0.818269 264 1 1475 0.0351033 -0.0564332 0.127163 -4.37985 -4.51635 77.1567 
0.541007 0.208722 90473 1 0.0567708 0.818269 265 1 1477 0.0349423 -0.0575752 0.127912 -4.3932 -4.5205 77.1254 
0.537044 0.22177 90569 1 0.0567708 0.818269 266 1 1480 0.0359624 -0.0573135 0.127767 -4.39676 -4.5105 77.1211 
0.521302 0.226991 90634 1 0.0567708 0.818269 267 1 1482 0.0355476 -0.0582524 0.128869 -4.4111 -4.51982 77.1193 
0.526659 0.249107 90714 1 0.0567708 0.818269 268 1 1484 0.0353075 -0.0584815 0.129658 -4.41418 -4.52571 77.0895 
0.527495 0.246324 90730 1 0.0567708 0.818269 269 1 1485 0.0355112 -0.057276 0.129625 -4.40589 -4.52582 77.1109 
0.51859 0.242881 90841 1 0.0567708 0.818269 270 1 1488 0.0354932 -0.0580159 0.127702 -4.42077 -4.50778 77.1314 
0.517384 0.244061 90873 1 0.0567708 0.818269 271 1 1489 0.0355221 -0.0579686 0.127673 -4.42123 -4.50811 77.1279 
0.50955 0.251379 90970 1 0.0567708 0.818269 272 1 1492 0.035778 -0.0545761 0.125824 -4.40276 -4.4973 77.1304 
0.50623 0.257167 91002 1 0.0567708 0.818269 273 1 1493 0.0352952 -0.0565992 0.127969 -4.41956 -4.51709 77.129 
0.506226 0.2571 91082 1 0.0567708 0.818269 274 1 1495 0.0352879 -0.0565995 0.127966 -4.41956 -4.51712 77.1291 
0.504086 0.260858 91145 1 0.0567708 0.818269 275 1 1497 0.0342194 -0.0560796 0.127948 -4.41542 -4.51931 77.1384 
0.504403 0.292798 91209 1 0.0567708 0.818269 276 1 1499 0.0343184 -0.0553928 0.132849 -4.4098 -4.57508 77.164 
0.504645 0.298192 91273 1 0.0567708 0.818269 277 1 1501 0.0343143 -0.055416 0.132723 -4.40948 -4.57639 77.1612 
0.503652 0.300955 91354 1 0.0567708 0.818269 278 1 1503 0.0345671 -0.0553394 0.132665 -4.4102 -4.57725 77.1602 
0.496567 0.301657 91450 1 0.0567708 0.818269 279 1 1506 0.0347509 -0.0549982 0.132697 -4.41399 -4.57779 77.1549 
0.499319 0.296214 91514 1 0.0567708 0.818269 280 1 1508 0.0346065 -0.0548753 0.132805 -4.41535 -4.57717 77.1569 
0.530705 0.332636 91593 1 0.0567708 0.818269 281 1 1510 0.0347665 -0.0541597 0.135469 -4.41023 -4.60387 77.175 
0.530437 0.341989 91641 1 0.0567708 0.818269 282 1 1512 0.0349821 -0.0552325 0.135572 -4.4202 -4.60639 77.1589 
0.537018 0.33698 91722 1 0.0567708 0.818269 283 1 1514 0.0347281 -0.0547844 0.135075 -4.41684 -4.60119 77.1749 
0.538767 0.407271 91786 1 0.0567708 0.818269 284 1 1516 0.0352174 -0.0542886 0.134301 -4.40474 -4.59769 77.168 
0.531871 0.437966 91850 1 0.0567708 0.818269 285 1 1518 0.0354504 -0.0541542 0.136073 -4.39904 -4.61715 77.1734 
0.54007 0.45732 91913 1 0.0567708 0.818269 286 1 1520 0.0356998 -0.0552005 0.137068 -4.40134 -4.63415 77.1775 
0.554809 0.480367 91994 1 0.0567708 0.818269 287 1 1522 0.0365208 -0.0545865 0.139168 -4.38844 -4.65798 77.1883 
0.543891 0.473736 92025 1 0.0567708 0.818269 288 1 1523 0.0365737 -0.0569692 0.137024 -4.41313 -4.64002 77.1864 
0.544358 0.489533 92122 1 0.0567708 0.818269 289 1 1526 0.0363968 -0.0571712 0.138111 -4.41716 -4.66123 77.2518 
0.549487 0.50038 92186 1 0.0567708 0.818269 290 1 1528 0.0369067 -0.0553812 0.138701 -4.39692 -4.67096 77.2355 
0.545221 0.524546 92250 1 0.0567708 0.818269 291 1 1530 0.03649 -0.0577114 0.139858 -4.41862 -4.68002 77.2009 
0.546467 0.52459 92329 1 0.0567708 0.818269 292 1 1532 0.0362838 -0.0565614 0.140385 -4.40803 -4.68178 77.2041 
0.549787 0.527246 92361 1 0.0567708 0.818269 293 1 1533 0.0364533 -0.0557313 0.141127 -4.39766 -4.6859 77.175 
0.549787 0.527246 92361 1 0.0567708 0.818269 294 1 1533 0.0364533 -0.0557313 0.141127 -4.39766 -4.6859 77.175 
0.350685 0.445864 92523 1 0.0567708 0.818269 295 1 1538 0.0367769 -0.0560859 0.143119 -4.3926 -4.70212 77.1901 
0.33299 0.407614 92570 1 0.0567708 0.818269 296 1 1539 0.036582 -0.0555796 0.14149 -4.38823 -4.68602 77.1987 
0.337895 0.403611 92634 1 0.0567708 0.818269 297 1 1541 0.0369428 -0.0572767 0.143116 -4.39879 -4.7112 77.2096 
0.335577 0.412629 92730 1 0.0567708 0.818269 298 1 1544 0.0370262 -0.0559164 0.141816 -4.38194 -4.69856 77.2129 
0.328733 0.425484 92794 1 0.0567708 0.818269 299 1 1546 0.0368587 -0.0568417 0.142223 -4.39175 -4.70697 77.2238 
0.320642 0.423652 92842 1 0.0567708 0.818269 300 1 1547 0.0367427 -0.0567913 0.141354 -4.39149 -4.69998 77.2397 
0.313819 0.435146 92938 1 0.0567708 0.818269 301 1 1550 0.0363201 -0.0553456 0.140965 -4.38049 -4.70873 77.257 
0.314664 0.430695 93002 1 0.0567708 0.818269 302 1 1552 0.0365175 -0.0553231 0.141028 -4.3808 -4.70819 77.2678 
0.308665 0.42507 93065 1 0.0567708 0.818269 303 1 1554 0.0364255 -0.0566046 0.141398 -4.39357 -4.70674 77.2405 
0.310425 0.419733 93129 1 0.0567708 0.818269 304 1 1556 0.0366342 -0.0563995 0.141348 -4.39102 -4.7035 77.2335 
0.322292 0.432883 93210 1 0.0567708 0.818269 305 1 1558 0.0362762 -0.05559 0.140698 -4.38377 -4.69672 77.2493 
0.339503 0.43108 93274 1 0.0567708 0.818269 306 1 1560 0.0360427 -0.0537449 0.141021 -4.36403 -4.7 77.2583 
0.343021 0.422531 93338 1 0.0567708 0.818269 307 1 1562 0.0361838 -0.053903 0.139891 -4.36458 -4.68372 77.2299 
0.340373 0.421604 93401 1 0.0567708 0.818269 308 1 1564 0.0359467 -0.0544546 0.141116 -4.37021 -4.69271 77.2337 
0.33969 0.426277 93433 1 0.0567708 0.818269 309 1 1565 0.0363501 -0.0546743 0.141251 -4.37072 -4.69295 77.224 
0.335455 0.420254 93546 1 0.0567708 0.818269 310 1 1568 0.036572 -0.0539053 0.141073 -4.3631 -4.68712 77.2205 
0.555038 0.712339 93610 1 0.0567708 0.818269 311 1 1570 0.0370467 -0.0537887 0.142762 -4.35905 -4.70143 77.1917 
0.537634 0.846953 93674 1 0.0567708 0.818269 312 1 1572 0.037043 -0.0528359 0.14489 -4.34742 -4.71798 77.1444 
0.530492 0.831205 93706 1 0.0567708 0.818269 313 1 1573 0.0371672 -0.0539672 0.146254 -4.35966 -4.7318 77.1362 
0.55523 0.783367 93801 1 0.0567708 0.818269 314 1 1576 0.0369916 -0.0532078 0.144087 -4.35383 -4.70937 77.1543 
0.550087 0.77586 93881 1 0.0567708 0.818269 315 1 1578 0.0366842 -0.0537816 0.145788 -4.36339 -4.72577 77.1614 
0.54424 0.765373 93946 1 0.0567708 0.818269 316 1 1580 0.036627 -0.0542961 0.143548 -4.37228 -4.69886 77.1535 
0.537559 0.744108 94010 1 0.0567708 0.818269 317 1 1582 0.0361737 -0.0561797 0.142263 -4.39794 -4.67638 77.1429 
0.534995 0.71426 94074 1 0.0567708 0.818269 318 1 1584 0.0360708 -0.0559037 0.142166 -4.398 -4.66837 77.1557 
0.546251 0.687669 94122 1 0.0567708 0.818269 319 1 1585 0.0359737 -0.0544659 0.1409 -4.38509 -4.65311 77.172 
0.542647 0.684572 94218 1 0.0567708 0.818269 320 1 1588 0.0363881 -0.0540337 0.141428 -4.37835 -4.65885 77.1702 
0.588812 0.287853 94282 1 0.0567708 0.818269 321 1 1590 0.0357128 -0.0546847 0.13685 -4.38937 -4.60983 77.2195 
0.588812 0.287853 94314 1 0.0567708 0.818269 322 1 1591 0.0357128 -0.0546847 0.13685 -4.38937 -4.60983 77.2195 
0.76044 0.230446 94410 1 0.0567708 0.818269 323 1 1594 0.0350466 -0.0562187 0.136348 -4.41265 -4.60351 77.2286 
0.851922 0.122161 94490 1 0.0567708 0.818269 324 1 1596 0.0346873 -0.0560564 0.133482 -4.41506 -4.57154 77.2543 
0.852266 0.0985159 94553 1 0.0567708 0.818269 325 1 1598 0.0346811 -0.0557383 0.131134 -4.41751 -4.54745 77.2845 
0.851145 0.0991218 94617 1 0.0567708 0.818269 326 1 1600 0.0345126 -0.0557406 0.131154 -4.41759 -4.54727 77.2775 
0.82905 0.0950003 94682 1 0.0567708 0.818269 327 1 1602 0.0345055 -0.0560804 0.131215 -4.42097 -4.54881 77.2609 
0.812786 0.106791 94762 1 0.0567708 0.818269 328 1 1604 0.0342157 -0.0562799 0.130902 -4.42236 -4.5446 77.2561 
0.820597 0.112015 94826 1 0.0567708 0.818269 329 1 1606 0.0349814 -0.0560042 0.132216 -4.41651 -4.55634 77.2554 
0.836792 0.118181 94889 1 0.0567708 0.818269 330 1 1608 0.0346017 -0.0535793 0.131302 -4.38728 -4.53754 77.2396 
0.84166 0.11575 94953 1 0.0567708 0.818269 331 1 1610 0.0345338 -0.0536932 0.132438 -4.38726 -4.54613 77.2292 
0.839831 0.0963291 95033 1 0.0567708 0.818269 332 1 1612 0.0342678 -0.0552678 0.130777 -4.40581 -4.52944 77.2243 
0.839831 0.0963291 95050 1 0.0567708 0.818269 333 1 1613 0.0342678 -0.0552678 0.130777 -4.40581 -4.52944 77.2243 
0.847135 0.0962497 95162 1 0.0567708 0.818269 334 1 1616 0.0346394 -0.0548636 0.131239 -4.3988 -4.53192 77.2209 
0.846919 0.0966038 95194 1 0.0567708 0.818269 335 1 1617 0.0346597 -0.0548543 0.131235 -4.39889 -4.53195 77.2199 
0.846919 0.0966038 95273 1 0.0567708 0.818269 336 1 1619 0.0346597 -0.0548543 0.131235 -4.39889 -4.53195 77.2199 
0.558606 0.140781 95321 1 0.0567708 0.818269 337 1 1621 0.0353396 -0.0547417 0.132271 -4.39394 -4.54168 77.2144 
0.289465 0.0977496 95401 1 0.0567708 0.818269 338 1 1623 0.0350774 -0.0550997 0.131737 -4.3959 -4.53676 77.1985 
0.294355 0.0991103 95466 1 0.0567708 0.818269 339 1 1625 0.0354242 -0.0550915 0.131702 -4.39311 -4.53806 77.21 
0.294355 0.0991103 95466 1 0.0567708 0.818269 340 1 1625 0.0354242 -0.0550915 0.131702 -4.39311 -4.53806 77.21 
0.20458 0.0564464 95594 1 0.0567708 0.818269 341 1 1629 0.0350766 -0.0553944 0.131389 -4.39215 -4.53362 77.217 
0.196027 0.0607339 95673 1 0.0567708 0.818269 342 1 1631 0.0352199 -0.0542434 0.130544 -4.381 -4.52566 77.2224 
0.190498 0.0852934 95737 1 0.0567708 0.818269 343 1 1633 0.0355445 -0.0549933 0.130828 -4.38456 -4.5269 77.2073 
0.186967 0.0946566 95801 1 0.0567708 0.818269 344 1 1635 0.0357524 -0.0559977 0.132168 -4.39181 -4.53782 77.2089 
0.175636 0.115698 95866 1 0.0567708 0.818269 345 1 1637 0.0354986 -0.0566371 0.132928 -4.39787 -4.5463 77.2304 
0.320069 0.140136 95962 1 0.0567708 0.818269 346 1 1640 0.0357015 -0.0555718 0.134018 -4.38618 -4.55621 77.1941 
0.564275 0.136684 96009 1 0.0567708 0.818269 347 1 1641 0.035598 -0.0567692 0.131674 -4.40153 -4.53333 77.2137 
0.575854 0.215714 96073 1 0.0567708 0.818269 348 1 1643 0.0352154 -0.0555338 0.134923 -4.39982 -4.56428 77.2262 
0.567358 0.218775 96137 1 0.0567708 0.818269 349 1 1645 0.0350713 -0.055163 0.136247 -4.40388 -4.57591 77.2026 
0.574548 0.210419 96234 1 0.0567708 0.818269 350 1 1648 0.0350658 -0.0545653 0.134845 -4.41205 -4.56149 77.2271 
0.620328 0.221786 96282 1 0.0567708 0.818269 351 1 1649 0.0351531 -0.0555429 0.135717 -4.42659 -4.57469 77.2376 
0.748035 0.246391 96346 1 0.0567708 0.818269 352 1 1651 0.0353951 -0.0549866 0.135098 -4.42339 -4.57184 77.2129 
0.767011 0.266139 96409 1 0.0567708 0.818269 353 1 1653 0.0354364 -0.0535647 0.135692 -4.40958 -4.57888 77.2128 
0.765312 0.248284 96473 1 0.0567708 0.818269 354 1 1655 0.0353009 -0.0549001 0.135373 -4.4269 -4.57989 77.2313 
0.766148 0.250306 96555 1 0.0567708 0.818269 355 1 1657 0.0353364 -0.0549487 0.135353 -4.42618 -4.58002 77.2239 
0.774879 0.270744 96618 1 0.0567708 0.818269 356 1 1659 0.0355251 -0.0532871 0.135751 -4.40257 -4.58291 77.1775 
0.772021 0.253701 96682 1 0.0567708 0.818269 357 1 1661 0.0350962 -0.0529242 0.135198 -4.39808 -4.57207 77.1888 
0.778655 0.253099 96745 1 0.0567708 0.818269 358 1 1663 0.0350901 -0.0534265 0.134362 -4.40582 -4.56287 77.2118 
0.775625 0.247124 96809 1 0.0567708 0.818269 359 1 1665 0.0342965 -0.0539894 0.133607 -4.41473 -4.55914 77.2691 
0.776715 0.24879 96889 1 0.0567708 0.818269 360 1 1667 0.0340312 -0.0544029 0.134207 -4.41794 -4.5647 77.207 
0.778412 0.242266 96958 1 0.0567708 0.818269 361 1 1669 0.0342197 -0.0536016 0.135186 -4.41232 -4.56285 77.1912 
0.759239 0.24422 97050 1 0.0567708 0.818269 362 1 1672 0.0341738 -0.0533704 0.135636 -4.41313 -4.56717 77.2055 
0.761802 0.250983 97114 1 0.0567708 0.818269 363 1 1674 0.034438 -0.0535252 0.135136 -4.41541 -4.56145 77.2009 
0.764727 0.2681 97194 1 0.0567708 0.818269 364 1 1676 0.0346664 -0.0533671 0.136415 -4.40965 -4.57678 77.1687 
0.752176 0.255055 97257 1 0.0567708 0.818269 365 1 1678 0.0353429 -0.0523978 0.136691 -4.39791 -4.57652 77.2013 
0.745229 0.27366 97321 1 0.0567708 0.818269 366 1 1680 0.0352836 -0.0515129 0.137753 -4.38331 -4.58543 77.184 
0.791817 0.253872 97386 1 0.0567708 0.818269 367 1 1682 0.0351704 -0.0526804 0.13885 -4.3881 -4.57703 77.1844 
0.805497 0.291812 97450 1 -0.0578125 0.854808 368 1 1684 0.0359693 -0.0527833 0.139417 -4.38775 -4.57392 77.1558 
0.805754 0.288826 97482 1 -0.463542 0.875962 369 1 1685 0.0358991 -0.0527953 0.139456 -4.38765 -4.57354 77.1575 
0.903908 0.223867 97593 1 -0.796875 0.844231 370 1 1688 0.0352507 -0.0520524 0.138173 -4.38004 -4.55382 77.1319 
0.902936 0.165319 97657 1 -0.895312 0.794231 371 1 1690 0.0353034 -0.0523084 0.136233 -4.38929 -4.53904 77.1956 
0.89531 0.167312 97722 1 -0.9 0.788462 372 1 1692 0.0354655 -0.0536805 0.136622 -4.40519 -4.5423 77.1792 
0.89531 0.167312 97754 1 -0.89375 0.784615 373 1 1693 0.0354655 -0.0536805 0.136622 -4.40519 -4.5423 77.1792 
0.885756 0.172594 97850 1 -0.89375 0.784615 374 1 1696 0.0352367 -0.0533277 0.138554 -4.3976 -4.55688 77.1514 
0.882473 0.171943 97929 1 -0.89375 0.784615 375 1 1698 0.0354672 -0.0541813 0.137473 -4.40626 -4.54545 77.1527 
0.882054 0.184712 97993 1 -0.89375 0.784615 376 1 1700 0.035395 -0.0533432 0.137916 -4.39446 -4.54861 77.1615 
0.882841 0.18247 98077 1 -0.86875 0.736538 377 1 1702 0.0353558 -0.0533977 0.137998 -4.39391 -4.54782 77.1578 
0.887015 0.210378 98170 1 -0.809896 0.665385 378 1 1705 0.0352838 -0.0539959 0.139547 -4.39609 -4.55746 77.1166 
0.890249 0.233062 98234 1 -0.760417 0.646154 379 1 1707 0.0351842 -0.0532175 0.139401 -4.38852 -4.55354 77.0964 
0.893967 0.24542 98298 1 -0.722917 0.642308 380 1 1709 0.0357512 -0.0538564 0.14175 -4.39235 -4.57463 77.091 
0.893549 0.249891 98361 1 -0.713021 0.641346 381 1 1711 0.0355891 -0.0534268 0.141754 -4.38869 -4.56895 77.0924 
0.894022 0.247691 98393 1 -0.71875 0.640385 382 1 1712 0.0355873 -0.0534416 0.141789 -4.38854 -4.56863 77.0944 
0.902847 0.241297 98506 1 -0.71875 0.640385 383 1 1715 0.0356974 -0.0527011 0.141446 -4.3755 -4.56154 77.0859 
0.885384 0.281444 98570 1 -0.71875 0.640385 384 1 1717 0.035844 -0.0543707 0.141592 -4.38882 -4.55762 77.0727 
0.885384 0.281444 98570 1 -0.71875 0.640385 385 1 1717 0.035844 -0.0543707 0.141592 -4.38882 -4.55762 77.0727 
0.888675 0.280388 98714 1 -0.71875 0.640385 386 1 1721 0.0352775 -0.0524698 0.14508 -4.36845 -4.57663 77.0582 
0.890139 0.299131 98777 1 -0.71875 0.640385 387 1 1723 0.0355814 -0.0535421 0.145734 -4.37526 -4.57573 77.0495 
0.899631 0.289043 98842 1 -0.71875 0.640385 388 1 1725 0.0360715 -0.0536887 0.14558 -4.37656 -4.57132 77.0498 
0.893187 0.282326 98906 1 -0.716667 0.617308 389 1 1727 0.0354053 -0.0545992 0.144407 -4.38358 -4.55721 77.0504 
0.895428 0.28295 98970 1 -0.692187 0.576923 390 1 1729 0.0358964 -0.0539144 0.143964 -4.37124 -4.55334 77.0643 
0.607359 0.653122 99049 1 -0.670833 0.539423 391 1 1731 0.0377288 -0.0513593 0.150589 -4.32334 -4.61913 76.9892 
0.578729 0.641681 99114 1 -0.652604 0.503846 392 1 1733 0.0376192 -0.0527714 0.150871 -4.33742 -4.62257 76.9995 
0.604256 0.617134 99178 1 -0.638542 0.477885 393 1 1735 0.0381574 -0.0500901 0.148594 -4.29702 -4.59412 77.0095 
0.604068 0.577402 99242 1 -0.621354 0.45 394 1 1737 0.0381441 -0.0512298 0.146043 -4.2991 -4.56671 77.0047 
0.584661 0.570625 99322 1 -0.618229 0.448077 395 1 1739 0.0383445 -0.0521276 0.14719 -4.30113 -4.57877 77.0044 
0.566777 0.571365 99369 1 -0.615104 0.456731 396 1 1741 0.0379684 -0.0528468 0.148528 -4.30502 -4.59456 76.999 
0.568252 0.562572 99417 1 -0.611979 0.460577 397 1 1742 0.0381411 -0.0522549 0.149009 -4.29753 -4.59953 77.0039 
0.565926 0.554952 99514 1 -0.610938 0.4625 398 1 1745 0.0380566 -0.0537343 0.148188 -4.31181 -4.59205 77.0276 
0.672447 0.507152 99546 1 -0.609896 0.464423 399 1 1746 0.0385326 -0.0544128 0.149717 -4.32027 -4.60736 77.0181 
0.69166 0.495493 99642 1 -0.609375 0.467308 400 1 1749 0.0384227 -0.0540308 0.150084 -4.31893 -4.60888 77.0036 
0.691968 0.491526 99690 1 -0.609375 0.468269 401 1 1750 0.0380724 -0.0546357 0.149229 -4.32488 -4.60076 76.9883 
0.692933 0.459864 99786 1 -0.609375 0.468269 402 1 1753 0.0375795 -0.0552496 0.146405 -4.32984 -4.5776 77.0077 
0.865295 0.366214 99850 1 -0.609375 0.468269 403 1 1755 0.0384592 -0.0546768 0.146587 -4.31796 -4.58197 77.0287 
0.894787 0.305981 99915 1 -0.609375 0.468269 404 1 1757 0.0386791 -0.0527108 0.146493 -4.28304 -4.58139 77.0198 
0.890389 0.320855 99961 1 -0.600521 0.449038 405 1 1758 0.0393866 -0.0528858 0.147053 -4.27873 -4.5875 77.0318 
0.894339 0.226004 100058 1 -0.586458 0.431731 406 1 1761 0.0385527 -0.0519176 0.14259 -4.25823 -4.54122 77.0529 
0.886095 0.209866 100090 1 -0.567187 0.401923 407 1 1762 0.0399989 -0.0531206 0.142774 -4.25592 -4.54706 77.0804 
0.897274 0.18841 100186 1 -0.539063 0.307692 408 1 1765 0.0396186 -0.0557039 0.141907 -4.26786 -4.54037 77.0501 
0.883282 0.171343 100250 1 -0.486979 0.124038 409 1 1767 0.0399598 -0.0568532 0.140904 -4.27717 -4.53553 77.0725 
0.888381 0.178748 100281 1 -0.469792 0.0634615 410 1 1768 0.0398552 -0.0564932 0.141592 -4.27037 -4.54382 77.0761 
0.886909 0.18521 100362 1 -0.46875 0.05 411 1 1770 0.0393268 -0.0560461 0.140533 -4.26451 -4.53203 77.0894 
0.883525 0.194292 100426 1 -0.468229 0.0432692 412 1 1772 0.0394052 -0.0574496 0.14375 -4.27788 -4.56254 77.0946 
0.888664 0.201521 100521 1 -0.468229 0.0413462 413 1 1775 0.0394554 -0.0575395 0.14277 -4.27635 -4.54967 77.0731 
0.903562 0.236275 100553 1 -0.468229 0.0413462 414 1 1776 0.0395446 -0.0569911 0.142653 -4.27255 -4.55118 77.0804 
0.920377 0.253605 100633 1 -0.468229 0.0375 415 1 1778 0.0393932 -0.0572076 0.142039 -4.2754 -4.5457 77.07 
0.919967 0.257468 100698 1 -0.467187 0.0288462 416 1 1780 0.0396252 -0.0570182 0.142931 -4.27521 -4.55488 77.0697 
0.92483 0.2583 100762 1 -0.467187 0.0269231 417 1 1782 0.0396391 -0.0556832 0.143445 -4.26451 -4.56051 77.0729 
0.926281 0.265134 100826 1 -0.467187 0.0269231 418 1 1784 0.0391658 -0.0546366 0.144296 -4.25508 -4.5639 77.041 
0.92837 0.277496 100889 1 -0.467187 0.0269231 419 1 1786 0.0392238 -0.0537871 0.143517 -4.24818 -4.55011 77.0308 
0.84826 0.296906 100969 1 -0.467187 0.0269231 420 1 1788 0.0390049 -0.0549314 0.143066 -4.2604 -4.53684 77.0245 
0.823755 0.275043 101066 1 -0.467187 0.0269231 421 1 1791 0.0391164 -0.0546259 0.143497 -4.2574 -4.54094 77.0048 
0.817866 0.276836 101131 1 -0.467187 0.0269231 422 1 1793 0.0392531 -0.0543317 0.143169 -4.25536 -4.54002 77.0387 
0.811493 0.273494 101162 1 -0.467187 0.0269231 423 1 1794 0.0389503 -0.0548558 0.142841 -4.26251 -4.53767 77.031 
0.802171 0.266512 101273 1 -0.482292 0.0490385 424 1 1797 0.0387982 -0.0554352 0.143148 -4.27464 -4.53822 77.0485 
0.714345 0.25833 101338 1 -0.53125 0.107692 425 1 1799 0.0383504 -0.0562889 0.141354 -4.28984 -4.51814 77.0612 
0.700445 0.257953 101402 1 -0.602083 0.165385 426 1 1801 0.0385231 -0.0547892 0.142512 -4.27952 -4.52999 77.0737 
0.681877 0.234675 101434 1 -0.657813 0.2 427 1 1802 0.0378853 -0.0573611 0.141238 -4.3103 -4.51858 77.0615 
0.626881 0.265319 101530 1 -0.722917 0.253846 428 1 1805 0.0376878 -0.0553603 0.141432 -4.29738 -4.51997 77.0618 
0.444821 0.26523 101578 1 -0.769271 0.271154 429 1 1806 0.0378555 -0.0557151 0.142533 -4.29988 -4.53129 77.0474 
0.438255 0.263405 101641 1 -0.795312 0.271154 430 1 1808 0.037906 -0.0555891 0.142574 -4.30105 -4.53083 77.0382 
0.438387 0.262599 101674 1 -0.819271 0.271154 431 1 1809 0.0377323 -0.055606 0.142598 -4.30078 -4.5307 77.0395 
0.411057 0.267141 101801 1 -0.857812 0.271154 432 1 1813 0.0375378 -0.0542605 0.14211 -4.2933 -4.51711 77.0728 
0.407097 0.316764 101882 1 -0.893229 0.271154 433 1 1815 0.0378859 -0.0538305 0.143754 -4.28788 -4.52983 77.0697 
0.406234 0.31902 101946 1 -0.920833 0.271154 434 1 1817 0.0375988 -0.053767 0.142844 -4.28946 -4.51969 77.0627 
0.402869 0.315568 102009 1 -0.923438 0.270192 435 1 1819 0.0370317 -0.0535954 0.142445 -4.2906 -4.51555 77.0702 
0.401448 0.311756 102073 1 -0.925 0.269231 436 1 1821 0.0374329 -0.0522588 0.142317 -4.28133 -4.51034 77.0394 
0.402642 0.32176 102154 1 -0.926042 0.265385 437 1 1823 0.0375342 -0.0545768 0.141916 -4.30241 -4.50501 77.061 
0.402168 0.321188 102186 1 -0.927083 0.261538 438 1 1824 0.0375001 -0.0545581 0.141933 -4.30257 -4.50482 77.0601 
0.370165 0.294766 102282 1 -0.927604 0.261538 439 1 1827 0.0376986 -0.0544109 0.140345 -4.29777 -4.48742 77.0551 
0.311858 0.190837 102346 1 -0.927604 0.261538 440 1 1829 0.0374346 -0.0538949 0.139378 -4.29182 -4.47866 77.0686 
0.312681 0.188126 102409 1 -0.927604 0.261538 441 1 1831 0.0374082 -0.0539806 0.139461 -4.29096 -4.478 77.0772 
0.311373 0.188125 102441 1 -0.927604 0.261538 442 1 1832 0.0374353 -0.0539785 0.139475 -4.29099 -4.47784 77.0766 
0.160819 0.148594 102554 1 -0.927604 0.261538 443 1 1835 0.0373577 -0.0542888 0.138693 -4.29171 -4.47123 77.0664 
0.165117 0.146962 102618 1 -0.918229 0.260577 444 1 1837 0.0373976 -0.0535273 0.139333 -4.28305 -4.47724 77.0738 
0.161285 0.13635 102682 1 -0.873958 0.258654 445 1 1839 0.0372368 -0.053047 0.140513 -4.27891 -4.49163 77.0923 
0.172207 0.116623 102761 1 -0.833854 0.255769 446 1 1841 0.0371389 -0.0544211 0.138711 -4.29416 -4.47534 77.1062 
0.176036 0.113645 102793 1 -0.83125 0.255769 447 1 1842 0.0372808 -0.0552182 0.137939 -4.30294 -4.46918 77.1141 
0.179174 0.087567 102890 1 -0.830729 0.255769 448 1 1845 0.0369704 -0.0545799 0.138052 -4.29459 -4.47074 77.1104 
0.186148 0.0945218 102954 1 -0.830208 0.253846 449 1 1847 0.0369479 -0.0529706 0.139249 -4.27993 -4.48252 77.1105 
0.487607 0.1717 102986 1 -0.818229 0.249038 450 1 1848 0.0370008 -0.0543446 0.137768 -4.2943 -4.46639 77.1056 
0.52098 0.202255 103050 1 -0.800521 0.247115 451 1 1850 0.0369228 -0.0539427 0.138838 -4.29394 -4.47845 77.0924 
0.523913 0.215865 103130 1 -0.8 0.246154 452 1 1852 0.0368733 -0.053017 0.139222 -4.28508 -4.49165 77.0346 
0.529628 0.234512 103226 1 -0.8 0.246154 453 1 1855 0.037555 -0.0526714 0.13914 -4.28769 -4.49895 77.0981 
0.527408 0.252254 103289 1 -0.8 0.246154 454 1 1857 0.0377447 -0.0529193 0.141696 -4.29324 -4.52949 77.0944 
0.526593 0.251728 103322 1 -0.797917 0.247115 455 1 1858 0.037647 -0.0539783 0.141899 -4.30548 -4.5324 77.108 
0.541332 0.267337 103434 1 -0.797917 0.247115 456 1 1861 0.0375155 -0.0534451 0.142715 -4.30031 -4.54151 77.092 
0.542033 0.259764 103497 1 -0.797917 0.247115 457 1 1863 0.0373291 -0.0537623 0.142059 -4.3019 -4.53247 77.0895 
0.542033 0.259764 103561 1 -0.797917 0.247115 458 1 1865 0.0373291 -0.0537623 0.142059 -4.3019 -4.53247 77.0895 
0.558293 0.350886 103641 1 -0.797917 0.247115 459 1 1867 0.0369767 -0.0537843 0.142553 -4.30406 -4.53767 77.0793 
0.562524 0.388964 103690 1 -0.797917 0.247115 460 1 1869 0.0369641 -0.0547516 0.143647 -4.3217 -4.55318 77.0713 
0.560384 0.398451 103770 1 -0.797917 0.247115 461 1 1871 0.0365041 -0.0538158 0.142468 -4.31454 -4.5395 77.0712 
0.564186 0.409377 103834 1 -0.797917 0.247115 462 1 1873 0.0360207 -0.0543095 0.14186 -4.32752 -4.53339 77.0751 
0.554091 0.409063 103913 1 -0.797917 0.247115 463 1 1875 0.0363434 -0.0550968 0.141755 -4.33761 -4.53182 77.0795 
0.544469 0.412131 103961 1 -0.797917 0.247115 464 1 1877 0.0361508 -0.055128 0.141768 -4.34157 -4.5325 77.0911 
0.541368 0.414081 104042 1 -0.797917 0.247115 465 1 1879 0.0366067 -0.0566335 0.141462 -4.35755 -4.5289 77.0896 
0.537985 0.427672 104106 1 -0.797917 0.247115 466 1 1881 0.0365223 -0.055799 0.142435 -4.35042 -4.53764 77.0817 
0.551938 0.468041 104170 1 -0.797917 0.247115 467 1 1883 0.0361443 -0.0543342 0.142769 -4.33669 -4.53407 77.0769 
0.556255 0.461852 104233 1 -0.797917 0.247115 468 1 1885 0.0362575 -0.0535154 0.143378 -4.32743 -4.53566 77.0812 
0.553844 0.657147 104329 1 -0.797917 0.247115 469 1 1888 0.0366882 -0.0526714 0.144912 -4.31462 -4.55386 77.0734 
0.546574 0.677562 104378 1 -0.797917 0.247115 470 1 1889 0.0371188 -0.052828 0.145818 -4.31412 -4.56353 77.0592 
0.553349 0.667594 104442 1 -0.797917 0.247115 471 1 1891 0.0375213 -0.0537671 0.143931 -4.31965 -4.54965 77.048 
0.55672 0.733511 104506 1 -0.797917 0.247115 472 1 1893 0.0375437 -0.0546149 0.146789 -4.3278 -4.57941 77.0614 
0.563543 0.779512 104601 1 -0.797917 0.247115 473 1 1896 0.0379936 -0.0526443 0.149221 -4.2978 -4.59834 77.0242 
0.581176 0.778213 104649 1 -0.797917 0.247115 474 1 1897 0.0383227 -0.0507207 0.146986 -4.27006 -4.56487 76.9644 
0.578042 0.727652 104745 1 -0.797917 0.247115 475 1 1900 0.0421472 -0.0526972 0.141562 -4.29392 -4.51188 76.9362 
0.578541 0.727146 104777 1 -0.797917 0.247115 476 1 1901 0.0438335 -0.0539886 0.134633 -4.31535 -4.4695 77.1251 
0.578541 0.727146 104777 1 -0.797917 0.247115 477 1 1901 0.0438335 -0.0539886 0.134633 -4.31535 -4.4695 77.1251 
0.53415 0.75498 104922 1 -0.797917 0.247115 478 1 1905 0.0390726 -0.0530504 0.135221 -4.25648 -4.63497 76.9628 
0.537072 0.774929 104985 1 -0.797917 0.247115 479 1 1907 0.0350619 -0.0559771 0.13352 -4.20972 -4.65244 76.7124 
0.547691 0.644507 105049 1 -0.797917 0.247115 480 1 1909 0.0368099 -0.0523469 0.118299 -4.08904 -4.46758 76.5774 
0.517503 0.716755 105145 1 -0.797917 0.247115 481 1 1912 0.0401784 -0.0593011 0.123681 -4.08639 -4.63051 76.9093 
0.513759 0.879183 105210 1 -0.797917 0.247115 482 1 1914 0.0415843 -0.0618729 0.141826 -4.09787 -4.82032 76.9056 
0.513996 0.983767 105290 1 -0.797917 0.247115 483 1 1916 0.0387884 -0.0591485 0.150279 -4.0966 -4.83792 76.7823 
0.52309 1.01174 105353 1 -0.797917 0.247115 484 1 1918 0.037989 -0.0592718 0.160057 -4.13515 -4.83306 76.6672 
0.501415 1.00291 105417 1 -0.797917 0.247115 485 1 1920 0.0370826 -0.0604491 0.15998 -4.1682 -4.79733 76.5651 
0.505812 0.975888 105481 1 -0.797917 0.247115 486 1 1922 0.0366609 -0.058862 0.158603 -4.1676 -4.7704 76.5292 
0.501245 0.935472 105562 1 -0.797917 0.247115 487 1 1924 0.0361767 -0.0600143 0.157781 -4.19535 -4.74634 76.4276 
0.498151 0.929371 105626 1 -0.797917 0.247115 488 1 1926 0.0362361 -0.0601634 0.156079 -4.20085 -4.72148 76.3199 
0.506262 0.892802 105690 1 -0.797917 0.247115 489 1 1928 0.0363736 -0.0588486 0.153367 -4.18505 -4.67969 76.236 
0.515472 0.883253 105753 1 -0.797917 0.247115 490 1 1930 0.0364287 -0.0569712 0.151891 -4.15991 -4.66123 76.2182 
0.528839 0.861892 105801 1 -0.797917 0.247115 491 1 1931 0.0369392 -0.0552794 0.149584 -4.12932 -4.62913 76.1613 
0.533087 0.840769 105897 1 -0.797917 0.247115 492 1 1934 0.0381239 -0.0561276 0.148307 -4.12754 -4.60396 76.1088 
0.513954 0.801227 105962 1 -0.797917 0.247115 493 1 1936 0.0386681 -0.058581 0.146829 -4.14982 -4.55772 75.9274 
0.505278 0.843989 106026 1 -0.797917 0.247115 494 1 1938 0.0375802 -0.0566197 0.150544 -4.14273 -4.58179 75.8972 
0.486035 0.823239 106090 1 -0.797917 0.247115 495 1 1940 0.0354695 -0.0552122 0.149293 -4.16269 -4.55311 75.8507 
0.49418 0.813295 106169 1 -0.797917 0.247115 496 1 1942 0.0364802 -0.0542936 0.147635 -4.16107 -4.53101 75.811 
0.495597 0.798914 106233 1 -0.797917 0.247115 497 1 1944 0.0367167 -0.0534349 0.146875 -4.15952 -4.52713 75.8689 
0.496102 0.816078 106298 1 -0.797917 0.247115 498 1 1946 0.0362791 -0.0538389 0.147303 -4.16715 -4.5407 75.9323 
0.508582 0.502813 106362 1 -0.797917 0.247115 499 1 1948 0.0350675 -0.0549607 0.146536 -4.17457 -4.53938 75.9314 
0.489704 0.388599 106442 1 -0.797917 0.247115 500 1 1950 0.0333618 -0.0554362 0.143777 -4.17313 -4.51498 75.9656 
0.500161 0.402883 106489 1 -0.797917 0.247115 501 1 1952 0.0342789 -0.0539225 0.144931 -4.148 -4.52523 75.9291 
0.497253 0.360306 106569 1 -0.788542 0.235577 502 1 1954 0.0337234 -0.0562936 0.144539 -4.16738 -4.52011 75.9036 
0.511195 0.331929 106634 1 -0.780208 0.238462 503 1 1956 0.033632 -0.0553342 0.143882 -4.15598 -4.51297 75.9285 
0.512508 0.322744 106666 1 -0.744792 0.251923 504 1 1957 0.0330714 -0.0554797 0.142855 -4.15883 -4.50503 75.9542 
0.510975 0.284524 106762 1 -0.55625 0.269231 505 1 1960 0.0326132 -0.0560108 0.140772 -4.16866 -4.48624 75.9596 
0.499003 0.274621 106841 1 -0.386458 0.299038 506 1 1962 0.0323154 -0.0586024 0.140716 -4.19882 -4.48831 76.0012 
0.523533 0.487006 106937 1 -0.25625 0.340385 507 1 1965 0.0317107 -0.0597665 0.141724 -4.21803 -4.49859 75.9485 
0.534149 0.534866 107001 1 -0.102083 0.349038 508 1 1967 0.0317284 -0.0580192 0.145291 -4.20181 -4.54241 75.9542 
0.535796 0.516501 107034 1 0.0760417 0.333654 509 1 1968 0.0323126 -0.0579373 0.144378 -4.20219 -4.53285 75.9545 
0.523577 0.504856 107114 1 0.210417 0.259615 510 1 1970 0.0326818 -0.0610031 0.142586 -4.23671 -4.51864 76.0075 
0.528913 0.543282 107210 1 0.382813 0.0855769 511 1 1973 0.0339709 -0.0590939 0.147482 -4.21856 -4.58002 76.0408 
0.526885 0.565384 107273 1 0.539583 0 512 1 1975 0.0345181 -0.0589112 0.14946 -4.21311 -4.60175 76.0274 
0.535455 0.553305 107305 1 0.5875 0.00192308 513 1 1976 0.0348371 -0.0580448 0.148097 -4.20407 -4.58896 76.0458 
0.527313 0.507107 107420 1 0.579688 0.0211538 514 1 1979 0.0353241 -0.0564097 0.145517 -4.19179 -4.57179 76.1105 
0.517622 0.498672 107482 1 0.574479 0.0259615 515 1 1981 0.0351134 -0.0563225 0.145352 -4.18962 -4.56387 76.0846 
0.531175 0.312964 107546 1 0.574479 0.0259615 516 1 1983 0.0350684 -0.0576974 0.144291 -4.20607 -4.55573 76.1407 
0.537728 0.24036 107609 1 0.573438 0.0240385 517 1 1985 0.0350203 -0.0570611 0.143179 -4.20463 -4.55215 76.2205 
0.543027 0.220693 107690 1 0.575521 0.00961538 518 1 1987 0.0349334 -0.0573553 0.144289 -4.20878 -4.56593 76.2213 
0.533483 0.148581 107753 1 0.558333 0.0163462 519 1 1989 0.0351176 -0.0581919 0.143636 -4.22231 -4.55965 76.2335 
0.530517 0.126432 107818 1 0.528125 0.0269231 520 1 1991 0.0352871 -0.0591142 0.141139 -4.23344 -4.5313 76.2311 
0.529114 0.113367 107882 1 0.510938 0.0394231 521 1 1993 0.035675 -0.0594816 0.143473 -4.23865 -4.54558 76.2779 
0.529114 0.113367 107882 1 0.50625 0.0480769 522 1 1993 0.035675 -0.0594816 0.143473 -4.23865 -4.54558 76.2779 
0.536101 0.0990594 108009 1 0.50625 0.0576923 523 1 1997 0.0357492 -0.0594478 0.145049 -4.22928 -4.54266 76.2503 
0.55253 0.101872 108090 1 0.506771 0.0605769 524 1 1999 0.0359353 -0.0548938 0.144137 -4.17462 -4.52519 76.2643 
0.541749 0.108857 108153 1 0.506771 0.0605769 525 1 2001 0.035696 -0.0566791 0.143291 -4.1904 -4.51156 76.2527 
0.532414 0.113856 108234 1 0.50625 0.0605769 526 1 2003 0.0355241 -0.0574699 0.143644 -4.20224 -4.51202 76.269 
0.525067 0.116798 108282 1 0.50625 0.0605769 527 1 2005 0.0354998 -0.0596594 0.144697 -4.21992 -4.51124 76.2439 
0.544661 0.0790669 108361 1 0.50625 0.0605769 528 1 2007 0.0367034 -0.0581377 0.14354 -4.2057 -4.49252 76.3208 
0.369803 0.148274 108425 1 0.504167 0.0663462 529 1 2009 0.0362222 -0.0574673 0.143776 -4.20124 -4.49649 76.4198 
0.288463 0.162103 108489 1 0.486979 0.0951923 530 1 2011 0.0351652 -0.0596164 0.14455 -4.23112 -4.52359 76.6272 
0.300447 0.232361 108554 1 0.4375 0.143269 531 1 2013 0.0359396 -0.0586535 0.153288 -4.22171 -4.61744 76.6873 
0.238706 0.369324 108650 1 0.385937 0.195192 532 1 2016 0.0364849 -0.0573717 0.157776 -4.21137 -4.67346 76.7809 
0.240361 0.39637 108729 1 0.331771 0.223077 533 1 2018 0.0370121 -0.0570948 0.162363 -4.20757 -4.71878 76.7573 
0.197989 0.403121 108793 1 0.284375 0.230769 534 1 2020 0.0379043 -0.0563569 0.164426 -4.20083 -4.7498 76.8184 
0.176158 0.404133 108825 1 0.246354 0.234615 535 1 2021 0.0377892 -0.0576644 0.165669 -4.21605 -4.76222 76.821 
0.160603 0.376369 108922 1 0.217188 0.234615 536 1 2024 0.0379433 -0.0582407 0.163918 -4.21929 -4.73943 76.8111 
0.176644 0.385122 108970 1 0.20625 0.233654 537 1 2025 0.0383041 -0.0552762 0.163452 -4.18644 -4.73203 76.8003 
0.16271 0.36273 109066 1 0.197917 0.233654 538 1 2028 0.0374794 -0.0570817 0.163078 -4.20362 -4.72038 76.8009 
0.165888 0.34537 109129 1 0.171354 0.233654 539 1 2030 0.0375672 -0.0567618 0.161942 -4.20008 -4.70287 76.829 
0.176369 0.345693 109193 1 0.140625 0.233654 540 1 2032 0.037883 -0.0553367 0.162022 -4.18264 -4.70039 76.8154 
0.17512 0.340269 109241 1 0.129688 0.233654 541 1 2033 0.0378178 -0.0550418 0.160782 -4.18104 -4.68806 76.827 
