ImageFile:
-0.239626 -0.14855 69195 1 0.191667 0.277885 1 0 788 0.0315012 -0.0131287 0.0239926 0.891753 0.779777 120.787 
-0.146224 -0.178915 69396 1 0.191667 0.277885 2 1 793 0.0315542 -0.0160792 0.0195117 0.915889 0.74879 121.093 
-0.275963 -0.0764815 69635 1 0.194271 0.277885 3 0 799 0.0322916 -0.0172554 0.0195982 0.945857 0.75591 121.102 
-0.277088 -0.0491973 69716 1 0.266146 0.252885 4 0 801 0.0329677 -0.0173731 0.0184488 0.95531 0.765329 121.083 
-0.29418 -0.0456976 69755 1 0.414063 0.177885 5 0 802 0.0326956 -0.0188238 0.0184243 0.9481 0.769295 121.104 
-0.250004 -0.0806968 69876 1 0.489063 0.147115 6 0 805 0.0334788 -0.0151068 0.0209119 1.01063 0.783525 120.995 
-0.27156 -0.0659673 69917 1 0.550521 0.113462 7 0 806 0.0342473 -0.0198064 0.0227706 0.972052 0.774936 120.995 
-0.287925 -0.0653412 69956 1 0.629687 0.0817308 8 0 807 0.0348758 -0.0237696 0.0234781 0.93552 0.770648 120.938 
-0.287925 -0.0653412 69956 1 0.675521 0.0682692 9 0 807 0.0348758 -0.0237696 0.0234781 0.93552 0.770648 120.938 
0.31547 -0.0906946 70116 1 0.764583 0.0605769 10 1 811 0.0350681 -0.0247246 0.0205046 0.917978 0.758665 121.194 
0.326068 -0.0437945 70196 1 0.844792 0.0625 11 1 813 0.0351187 -0.0194407 0.0208599 0.944584 0.754839 121.104 
0.342031 -0.0841559 70277 1 0.925521 0.154808 12 1 815 0.0356002 -0.0177293 0.021107 0.973587 0.772697 120.951 
0.348096 -0.10582 70356 1 0.986458 0.185577 13 1 817 0.0360395 -0.0158089 0.0214517 0.990607 0.786217 120.897 
0.343435 -0.101328 70397 1 1.04062 0.182692 14 1 818 0.0361096 -0.015751 0.0212203 0.989979 0.783891 120.927 
0.324993 -0.0823239 70477 1 1.00313 0.174038 15 1 820 0.03583 -0.0177853 0.021989 0.954253 0.776273 120.888 
0.31465 0.0549307 70557 1 0.922917 0.166346 16 1 822 0.0363769 -0.0199957 0.0231666 0.909934 0.782459 120.703 
0.310369 0.0507585 70638 1 0.89375 0.166346 17 1 824 0.0354176 -0.0182046 0.0247529 0.901084 0.791086 120.7 
0.319276 0.0664752 70717 1 0.888542 0.166346 18 1 826 0.0354582 -0.0163296 0.0250552 0.916787 0.788041 120.805 
0.307418 0.0724242 70757 1 0.879687 0.1625 19 1 827 0.0362885 -0.0177753 0.0253566 0.891222 0.780815 120.792 
0.323279 0.0632331 70838 1 0.877083 0.143269 20 1 829 0.03652 -0.0155482 0.0224103 0.904496 0.792093 120.821 
0.323946 0.0762037 70878 1 0.876563 0.1375 21 1 830 0.0364548 -0.0154292 0.0221263 0.903445 0.789323 120.855 
0.305664 0.0848818 70958 1 0.876563 0.136538 22 1 832 0.0356031 -0.0160602 0.0234108 0.888457 0.778613 120.771 
0.30967 0.0708262 71039 1 0.876563 0.136538 23 1 834 0.0357723 -0.0160392 0.0244472 0.881494 0.776394 120.659 
0.331432 0.0837158 71119 1 0.876563 0.136538 24 1 836 0.0350709 -0.0148523 0.0247612 0.895615 0.774651 120.731 
0.326431 0.0963096 71159 1 0.876563 0.136538 25 1 837 0.0351845 -0.0143637 0.0237487 0.895789 0.775547 120.737 
0.297464 0.112271 71238 1 0.876563 0.136538 26 1 839 0.0338419 -0.0143351 0.0246817 0.877865 0.751808 120.851 
0.287417 0.1259 71319 1 0.876563 0.136538 27 1 841 0.0340649 -0.01604 0.0252375 0.860727 0.739715 120.833 
0.318259 0.0847083 71400 1 0.876563 0.136538 28 1 843 0.0355408 -0.0145525 0.0237492 0.880655 0.768429 120.774 
0.312788 0.113706 71478 1 0.876563 0.136538 29 1 845 0.0352965 -0.0149905 0.0264992 0.891941 0.759066 120.76 
0.255998 0.109206 71562 1 0.876563 0.136538 30 1 847 0.035803 -0.0200718 0.026016 0.846782 0.752738 120.785 
0.305496 0.35073 71680 1 0.875 0.123077 31 1 850 0.0286835 0.000213856 0.026603 1.01306 0.727166 120.171 
0.263737 0.346982 71841 1 0.877083 0.126923 32 1 854 0.0282492 0.000622104 0.0246232 0.98245 0.779663 120.137 
0.263115 0.369515 71920 1 0.500521 0.661538 33 1 856 0.0281542 0.000687298 0.0241805 0.981791 0.775632 120.146 
0.265147 0.357927 72000 1 0.308333 0.919231 34 1 858 0.0268938 -0.00186876 0.0246101 0.968756 0.774385 120.234 
0.642919 0.574515 72123 1 0.236458 0.994231 35 1 861 0.0268247 -0.00711153 0.0247085 0.911246 0.796437 120.118 
0.633703 0.565733 72200 1 0.227083 0.994231 36 1 863 0.0269592 -0.00652205 0.0248183 0.909098 0.798684 120.122 
0.606664 0.373953 72280 1 0.178646 0.984615 37 1 865 0.0340277 -0.00911573 0.0228101 0.885706 0.84872 120.78 
0.596036 0.349229 72321 1 0.122396 0.975 38 1 866 0.0337643 -0.0124341 0.0239914 0.856604 0.847267 120.762 
0.575746 0.355341 72401 1 0.08125 1.00385 39 1 868 0.0337565 -0.0167926 0.0260932 0.830765 0.859624 120.714 
0.0485011 -0.0261647 72482 1 0.078125 0.999038 40 1 870 0.0351502 -0.0228853 0.0300445 0.808871 0.866408 120.658 
0.0098797 -0.0831886 72522 1 0.0796875 0.991346 41 1 871 0.03465 -0.0255993 0.0290626 0.80487 0.870805 120.741 
0.0478848 -0.0692476 72601 1 0.0765625 0.975 42 1 873 0.0340873 -0.017014 0.027181 0.912156 0.855895 120.786 
0.0623656 -0.136782 72682 1 0.0635417 0.967308 43 1 875 0.0340064 -0.014848 0.0248989 0.964346 0.868094 120.802 
0.0641665 -0.137622 72721 1 0.0557292 0.966346 44 1 876 0.0340482 -0.0149281 0.0249032 0.96511 0.868115 120.796 
0.0440947 -0.122118 72801 1 0.0520833 0.964423 45 1 878 0.0340568 -0.021173 0.0253567 0.917075 0.858825 120.78 
0.0582548 -0.123649 72883 1 0.0546875 0.964423 46 1 880 0.0337247 -0.0234874 0.0242224 0.916082 0.832654 120.817 
0.0739397 -0.10292 72922 1 0.0546875 0.965385 47 1 881 0.034431 -0.0204405 0.0256119 0.951959 0.807842 120.815 
0.0670794 -0.0982172 73001 1 0.0567708 0.968269 48 1 883 0.0349022 -0.0233171 0.0234895 0.939468 0.810081 120.754 
0.0436442 -0.0886324 73042 1 0.059375 0.973077 49 1 884 0.034475 -0.0250048 0.0239229 0.923746 0.802978 120.673 
0.0725872 -0.10079 73082 1 0.0713542 0.986538 50 1 885 0.0340968 -0.0225909 0.024065 0.957681 0.805381 120.707 
0.0725872 -0.10079 73082 1 0.0723958 0.988462 51 1 885 0.0340968 -0.0225909 0.024065 0.957681 0.805381 120.707 
0.0786568 -0.0582678 73283 1 0.0723958 0.986538 52 1 890 0.034605 -0.0224733 0.0236524 1.00158 0.79555 120.692 
0.10338 -0.0773752 73322 1 0.071875 0.985577 53 1 891 0.0348145 -0.019087 0.0224287 1.03863 0.812056 120.613 
0.0922367 -0.128852 73402 1 0.0713542 0.983654 54 1 893 0.0349105 -0.0201676 0.0242994 1.02467 0.813784 120.598 
0.0911088 -0.132451 73443 1 0.0713542 0.982692 55 1 894 0.0347369 -0.0201875 0.0243927 1.02478 0.814942 120.651 
0.0854966 -0.125396 73523 1 0.0713542 0.981731 56 1 896 0.0343246 -0.0201521 0.0240904 1.02484 0.81196 120.74 
0.0567142 -0.0180798 73603 1 0.0713542 0.981731 57 1 898 0.0345277 -0.0246224 0.0249824 0.964089 0.774183 120.72 
0.0638322 -0.0359942 73684 1 0.0713542 0.981731 58 1 900 0.0339421 -0.0228507 0.0224779 0.977197 0.791072 120.81 
0.0370693 -0.0509728 73723 1 0.0713542 0.981731 59 1 901 0.0346234 -0.0246289 0.0223635 0.951015 0.794489 120.748 
0.0642172 -0.0701222 73803 1 0.0713542 0.981731 60 1 903 0.0352359 -0.0208303 0.0224507 0.990664 0.800118 120.741 
0.0648111 -0.0620843 73884 1 0.0713542 0.981731 61 1 905 0.0356941 -0.0202888 0.0220518 0.993989 0.800553 120.75 
0.0671144 -0.082029 73964 1 0.0713542 0.981731 62 1 907 0.036549 -0.0218804 0.0203796 0.986339 0.821589 120.737 
0.0763509 -0.0839588 74004 1 0.0713542 0.981731 63 1 908 0.0362065 -0.0189125 0.0225406 1.01628 0.808127 120.732 
0.0793677 -0.0950594 74084 1 0.0713542 0.981731 64 1 910 0.0366038 -0.0199502 0.0226588 1.02042 0.811879 120.772 
0.0766575 -0.101776 74124 1 0.0713542 0.981731 65 1 911 0.0364641 -0.019837 0.0228335 1.0196 0.813443 120.726 
0.0593523 -0.0706824 74204 1 0.0713542 0.981731 66 1 913 0.0367358 -0.0205668 0.0245316 1.00585 0.790176 120.801 
0.0528088 -0.0505891 74284 1 0.0713542 0.981731 67 1 915 0.036294 -0.0185941 0.0226663 1.00458 0.796099 120.815 
0.0141706 -0.0410712 74366 1 0.0713542 0.981731 68 1 917 0.0358554 -0.0241579 0.0226479 0.912638 0.771478 120.82 
0.0267708 -0.0198083 74405 1 0.0713542 0.981731 69 1 918 0.0354142 -0.0205948 0.0227262 0.931941 0.765602 120.797 
0.038477 -0.023021 74484 1 0.0713542 0.981731 70 1 920 0.0347482 -0.0196751 0.0232206 0.929032 0.761229 120.705 
0.0310166 -0.0309846 74565 1 0.0713542 0.981731 71 1 922 0.0348395 -0.0188102 0.0230737 0.9396 0.767716 120.719 
0.0298555 -0.0318697 74605 1 0.0713542 0.981731 72 1 923 0.0349109 -0.0187665 0.0230813 0.939201 0.767825 120.725 
0.0343358 -0.0284386 74688 1 0.0713542 0.981731 73 1 925 0.0355493 -0.0198386 0.0217724 0.944829 0.76694 120.909 
0.0338546 0.021657 74766 1 0.0713542 0.981731 74 1 927 0.0353042 -0.0191717 0.0237367 0.941153 0.741231 120.771 
0.0381936 0.0060719 74806 1 0.0713542 0.981731 75 1 928 0.0353046 -0.0193972 0.0227719 0.941929 0.75408 120.797 
0.0581833 0.00418507 74885 1 0.0713542 0.981731 76 1 930 0.0346284 -0.014193 0.0231619 0.97431 0.748839 120.817 
0.0342286 0.0093948 74965 1 0.0713542 0.981731 77 1 932 0.0344687 -0.0141853 0.023514 0.961121 0.732339 120.875 
0.00428336 0.0286491 75047 1 0.0713542 0.981731 78 1 934 0.0339918 -0.0172872 0.0191469 0.913079 0.738357 120.873 
0.0258518 0.023676 75086 1 0.0713542 0.981731 79 1 935 0.0342517 -0.0160265 0.0194962 0.933439 0.724924 120.844 
0.0482775 -0.0366974 75206 1 0.0713542 0.981731 80 1 938 0.0350882 -0.0130872 0.0187473 0.979002 0.733604 120.775 
0.0510082 -0.0707683 75246 1 0.0713542 0.981731 81 1 939 0.036191 -0.0145819 0.017889 0.978432 0.748242 120.87 
0.0486666 -0.0602644 75326 1 0.0713542 0.981731 82 1 941 0.0359868 -0.0149478 0.0191702 0.97787 0.742377 120.929 
0.0361502 -0.0614795 75366 1 0.0713542 0.981731 83 1 942 0.0359021 -0.0167067 0.0177112 0.964983 0.750656 120.985 
0.0296032 -0.0651792 75448 1 0.0713542 0.981731 84 1 944 0.036602 -0.0183336 0.0151682 0.930747 0.785858 120.899 
0.0369991 -0.0222659 75527 1 0.0713542 0.981731 85 1 946 0.0354244 -0.0154229 0.0178395 0.948494 0.75846 120.866 
0.0619458 -0.0227185 75566 1 0.0713542 0.981731 86 1 947 0.0360938 -0.00983729 0.0168137 0.997427 0.776111 120.78 
0.0780259 -0.0218693 75646 1 0.0713542 0.981731 87 1 949 0.0363748 -0.0105294 0.019408 1.00035 0.761926 120.802 
-0.225348 0.686466 75727 1 0.0713542 0.981731 88 0 951 0.0355315 -0.0185166 0.018289 0.919932 0.774458 120.753 
-0.208426 0.698977 75767 1 0.0713542 0.981731 89 0 952 0.0356568 -0.016577 0.01729 0.940552 0.782389 120.782 
-0.231595 0.770668 75847 1 0.0713542 0.981731 90 0 954 0.0358462 -0.0134797 0.0161607 0.971649 0.787952 120.752 
-0.328187 0.921235 75929 1 0.0713542 0.981731 91 0 956 0.0342813 -0.013948 0.0192832 0.948652 0.774304 120.319 
-0.313326 0.906767 75967 1 0.0713542 0.981731 92 0 957 0.0345882 -0.0136518 0.0223896 0.95578 0.751217 120.467 
-0.203806 0.434631 76047 1 0.0713542 0.981731 93 0 959 0.0333259 -0.0151241 0.0215063 0.928957 0.763561 120.526 
-0.0435788 -0.114511 76128 1 0.0713542 0.981731 94 1 961 0.0331626 -0.0116768 0.0210046 0.95788 0.761639 120.512 
-0.014823 -0.134207 76169 1 0.0713542 0.981731 95 1 962 0.0334236 -0.009783 0.0203924 0.974885 0.774628 120.375 
-0.0198635 -0.133172 76208 1 0.0713542 0.981731 96 1 963 0.0325459 -0.0120907 0.0224032 0.959597 0.760063 120.538 
-0.0198635 -0.133172 76208 1 0.0713542 0.981731 97 1 963 0.0325459 -0.0120907 0.0224032 0.959597 0.760063 120.538 
0.0131261 -0.100979 76368 1 0.0713542 0.981731 98 1 967 0.0333259 -0.0199306 0.023755 0.897752 0.771123 120.466 
0.0156761 -0.0545752 76448 1 0.0713542 0.981731 99 1 969 0.0331688 -0.0211759 0.0253047 0.886699 0.741901 120.349 
0.035731 -0.026971 76529 1 0.0713542 0.981731 100 1 971 0.0335029 -0.0181362 0.0219578 0.918733 0.747046 120.482 
0.0301435 -0.0404232 76569 1 0.0713542 0.981731 101 1 972 0.0335114 -0.0178716 0.0219836 0.917133 0.747275 120.451 
0.0748141 -0.0739618 76649 1 0.0713542 0.981731 102 1 974 0.0330793 -0.00847958 0.0230476 1.00634 0.75063 120.46 
0.0345253 -0.0587307 76729 1 0.0713542 0.981731 103 1 976 0.0330882 -0.0151095 0.0239863 0.938103 0.752745 120.454 
0.0301434 -0.0451213 76769 1 0.0713542 0.981731 104 1 977 0.0333611 -0.0138232 0.0224952 0.942141 0.762675 120.292 
0.040657 -0.0491462 76849 1 0.0713542 0.981731 105 1 979 0.0333026 -0.0115736 0.0204105 0.961411 0.762079 120.563 
0.0494935 -0.0572786 76931 1 0.0713542 0.981731 106 1 981 0.0317587 -0.00878774 0.0192654 0.981221 0.762253 120.604 
0.0543199 -0.0499567 76970 1 0.0713542 0.981731 107 1 982 0.0322354 -0.0059997 0.0188747 0.998426 0.758993 120.583 
0.0354913 -0.0281236 77050 1 0.0911458 0.979808 108 1 984 0.0322603 -0.00881742 0.0202722 0.971991 0.742877 120.571 
0.0931398 -0.00900191 77129 1 0.206771 0.974038 109 1 986 0.0333488 -0.00566936 0.0177236 1.00896 0.75413 120.587 
0.0909084 0.0120462 77209 1 0.417708 0.963462 110 1 988 0.0328696 -0.00871074 0.0179436 0.978203 0.746013 120.563 
0.0654508 -0.00257164 77290 1 0.476563 0.963462 111 1 990 0.0339918 -0.0148574 0.018868 0.923364 0.73832 120.716 
0.100368 -0.0207788 77330 1 0.5375 0.966346 112 1 991 0.0340527 -0.0106479 0.0176753 0.967407 0.761391 120.651 
1.12486 0.931766 77410 1 0.640104 0.979808 113 1 993 0.0342462 -0.00775558 0.0211707 0.986895 0.759865 120.593 
1.07306 0.979762 77491 1 0.655208 0.980769 114 1 995 0.0351472 -0.0127197 0.0255627 0.916438 0.771719 120.475 
1.01885 0.797906 77570 1 0.655208 0.980769 115 1 997 0.0355016 -0.0140063 0.0229632 0.861416 0.830679 120.661 
1.02582 0.759831 77610 1 0.655208 0.980769 116 1 998 0.0360881 -0.0120068 0.0233012 0.862018 0.840321 120.782 
1.04539 0.829537 77691 1 0.626563 0.980769 117 1 1000 0.0361221 -0.0113751 0.022982 0.825606 0.864287 120.758 
1.01119 0.797227 77771 1 0.599479 0.971154 118 1 1002 0.0350673 -0.0104801 0.0264968 0.806178 0.854703 120.564 
1.02628 0.817788 77810 1 0.576562 0.964423 119 1 1003 0.0340045 -0.00830662 0.0279772 0.818939 0.854537 120.527 
1.02318 0.798178 77891 1 0.577604 0.953846 120 1 1005 0.0337862 -0.00823815 0.0283662 0.818407 0.858046 120.45 
1.02558 0.796153 77971 1 0.580729 0.947115 121 1 1007 0.0338893 -0.00828946 0.0284054 0.818924 0.858379 120.447 
0.991527 0.844202 78053 1 0.580729 0.947115 122 1 1009 0.0348362 -0.0100959 0.0271159 0.787388 0.858061 120.616 
1.03089 0.84343 78093 1 0.58125 0.947115 123 1 1010 0.0353035 -0.00482574 0.0289474 0.822777 0.844586 120.5 
1.02798 0.880125 78172 1 0.591146 0.945192 124 1 1012 0.0347118 -0.00492627 0.032403 0.786826 0.832863 120.519 
0.949794 0.87404 78251 1 0.598958 0.940385 125 1 1014 0.0349921 -0.0163025 0.0323177 0.648148 0.837498 120.521 
0.951006 0.873117 78291 1 0.599479 0.939423 126 1 1015 0.0346837 -0.0164106 0.0327311 0.644749 0.832074 120.542 
0.949639 0.890448 78372 1 0.599479 0.939423 127 1 1017 0.0348138 -0.0147172 0.0323715 0.671973 0.830789 120.551 
0.966065 0.905865 78412 1 0.599479 0.935577 128 1 1018 0.0354451 -0.0128013 0.0325213 0.701791 0.822947 120.514 
0.962567 0.897792 78493 1 0.599479 0.933654 129 1 1020 0.0359818 -0.0125616 0.0315087 0.711741 0.829693 120.597 
0.994971 0.904698 78572 1 0.638021 0.921154 130 1 1022 0.0356382 -0.006824 0.0321764 0.791451 0.821724 120.55 
0.993278 0.884408 78613 1 0.814063 0.944231 131 1 1023 0.0352271 -0.00817271 0.0311925 0.782624 0.833619 120.493 
0.991161 0.886739 78692 1 1.04062 0.974038 132 1 1025 0.0357918 -0.0100443 0.0337258 0.756666 0.815115 120.483 
1.02392 0.890024 78773 1 1.16875 0.993269 133 1 1027 0.0348197 -0.00361396 0.030391 0.782926 0.82872 120.589 
0.993236 0.896804 78853 1 1.23906 0.997115 134 1 1029 0.0352198 -0.00687446 0.0285728 0.737026 0.82168 120.677 
0.990946 0.857171 78893 1 1.2349 0.984615 135 1 1030 0.0355753 -0.00672878 0.0270441 0.73366 0.832891 120.603 
1.04064 0.769214 78973 1 1.2349 0.984615 136 1 1032 0.0356226 -0.00241268 0.0266901 0.788179 0.861745 120.56 
1.02031 0.805291 79013 1 1.2349 0.984615 137 1 1033 0.035453 0.00020537 0.0295307 0.820267 0.849982 120.499 
1.0481 0.804508 79093 1 1.2349 0.984615 138 1 1035 0.0359168 -0.000531676 0.0295676 0.827038 0.850411 120.499 
1.04937 0.810336 79174 1 1.24583 0.984615 139 1 1037 0.035922 -0.000631051 0.0295366 0.827976 0.850106 120.495 
0.987178 0.90436 79254 1 1.32396 0.977885 140 1 1039 0.0353128 -0.0100956 0.0315651 0.724563 0.839279 120.422 
0.801858 0.859932 79294 1 1.39063 0.975962 141 1 1040 0.0354065 -0.0108993 0.0327965 0.711995 0.844719 120.376 
0.265266 0.78971 79333 1 1.40156 0.975962 142 1 1041 0.035929 -0.00807557 0.0292489 0.731205 0.885434 120.334 
0.044874 0.812809 79379 1 1.40156 0.975962 143 1 1042 0.0359442 -0.0140624 0.0305116 0.680966 0.87513 120.349 
0.0042641 0.839072 79494 1 1.40156 0.975962 144 1 1045 0.034291 -0.0124818 0.0306551 0.748974 0.867258 120.437 
-0.044869 0.86574 79575 1 1.40156 0.975962 145 1 1047 0.0347023 -0.0135659 0.0306476 0.78539 0.859606 120.474 
-0.0177982 0.85026 79655 1 1.40156 0.975962 146 1 1049 0.034651 -0.0114899 0.0309648 0.831966 0.860615 120.435 
-0.0177982 0.85026 79655 1 1.40156 0.975962 147 1 1049 0.034651 -0.0114899 0.0309648 0.831966 0.860615 120.435 
-0.0177982 0.85026 79655 1 1.40156 0.975962 148 1 1049 0.034651 -0.0114899 0.0309648 0.831966 0.860615 120.435 
-0.0231242 0.823779 79855 1 1.40156 0.975962 149 1 1054 0.0358103 -0.0146562 0.0299744 0.821772 0.898903 120.393 
-0.00591587 0.849861 79895 1 1.40156 0.975962 150 1 1055 0.0355191 -0.0160682 0.0302177 0.806742 0.903233 120.376 
-0.0268012 0.829795 79977 1 1.40156 0.975962 151 1 1057 0.0357392 -0.0196532 0.0304379 0.784281 0.913353 120.411 
-0.00752219 0.828891 80055 1 1.40156 0.975962 152 1 1059 0.0364808 -0.0175217 0.0305143 0.816992 0.921253 120.449 
0.0160611 0.818497 80135 1 1.40156 0.975962 153 1 1061 0.0364935 -0.0152926 0.03061 0.84531 0.922614 120.452 
0.0340124 0.848314 80177 1 1.40156 0.975962 154 1 1062 0.0369469 -0.0142375 0.0297311 0.86231 0.919143 120.492 
0.0290008 0.830527 80215 1 1.40156 0.975962 155 1 1063 0.0366804 -0.0126163 0.0306268 0.880401 0.900442 120.43 
0.0290008 0.830527 80296 1 1.40156 0.975962 156 1 1065 0.0366804 -0.0126163 0.0306268 0.880401 0.900442 120.43 
0.0022823 0.855826 80376 1 1.40156 0.975962 157 1 1067 0.0362839 -0.0173669 0.0300705 0.819007 0.908927 120.337 
0.0123257 0.848705 80455 1 1.40156 0.975962 158 1 1069 0.0357044 -0.0158074 0.030544 0.822783 0.912114 120.304 
0.00326958 0.843714 80497 1 1.40156 0.975962 159 1 1070 0.036356 -0.0197643 0.0302936 0.783076 0.908765 120.336 
-0.0144346 0.869469 80576 1 1.40156 0.975962 160 1 1072 0.0350633 -0.0186758 0.0304374 0.790137 0.894634 120.373 
-0.0526848 0.898824 80656 1 1.40156 0.975962 161 1 1074 0.035636 -0.0244561 0.0315948 0.735171 0.870925 120.267 
-0.0519712 0.896637 80696 1 1.40156 0.975962 162 1 1075 0.0356705 -0.0244675 0.0316266 0.735303 0.871265 120.267 
-0.0400896 0.895448 80777 1 1.40156 0.975962 163 1 1077 0.0351055 -0.0223844 0.0327431 0.757301 0.860341 120.297 
-0.0296217 0.924547 80858 1 1.40156 0.975962 164 1 1079 0.0346029 -0.0218266 0.0314284 0.76085 0.850025 120.37 
-0.00710919 0.905648 80937 1 1.40156 0.975962 165 1 1081 0.035026 -0.018587 0.0317973 0.792849 0.83874 120.365 
-0.0184824 0.874274 80977 1 1.40156 0.975962 166 1 1082 0.0349451 -0.0175752 0.0299963 0.793554 0.861559 120.338 
-0.0211968 0.808961 81057 1 1.40156 0.975962 167 1 1084 0.0353944 -0.0185801 0.0322478 0.781853 0.86395 120.249 
-0.00792287 0.83356 81098 1 1.40156 0.975962 168 1 1085 0.0357386 -0.0167321 0.0307228 0.806264 0.894211 120.283 
-0.008041 0.833458 81178 1 1.40156 0.975962 169 1 1087 0.0357431 -0.0167285 0.0307239 0.806228 0.894225 120.284 
-0.0209248 0.854734 81257 1 1.40156 0.975962 170 1 1089 0.0367339 -0.0210909 0.0318689 0.767386 0.877065 120.364 
0.488707 0.554265 81337 1 1.40156 0.975962 171 1 1091 0.0357082 -0.0179367 0.0305334 0.7773 0.88466 120.376 
0.850954 0.182543 81418 1 1.40156 0.975962 172 1 1093 0.0367272 -0.0117225 0.0306991 0.830449 0.893031 120.454 
0.846161 0.163968 81458 1 1.40156 0.975962 173 1 1094 0.0368546 -0.0126466 0.0302159 0.807053 0.901778 120.463 
1.06476 -0.053338 81538 1 1.40156 0.975962 174 1 1096 0.036782 -0.00541208 0.0321771 0.850076 0.879899 120.464 
1.06992 -0.0676258 81619 1 1.40156 0.975962 175 1 1098 0.0368356 -0.00261642 0.0294387 0.852076 0.897932 120.463 
1.05 -0.0673939 81661 1 1.40156 0.975962 176 1 1099 0.036647 -0.00593837 0.0305806 0.820048 0.879627 120.492 
1.04794 -0.107117 81738 1 1.40156 0.975962 177 1 1101 0.0368148 -0.0049164 0.0279624 0.816328 0.910057 120.408 
1.05153 -0.108213 81778 1 1.40156 0.975962 178 1 1102 0.0367648 -0.00489896 0.0279728 0.816083 0.910066 120.416 
1.0471 -0.109804 81859 1 1.40156 0.975962 179 1 1104 0.0367711 -0.00476572 0.0280266 0.814794 0.910414 120.405 
1.0708 -0.103243 81938 1 1.40156 0.975962 180 1 1106 0.037077 -0.00435782 0.0276048 0.810624 0.905683 120.471 
1.10283 -0.0890773 81979 1 1.40156 0.975962 181 1 1107 0.0379051 -0.00453006 0.0286113 0.790957 0.889035 120.4 
1.06129 -0.107983 82059 1 1.40156 0.975962 182 1 1109 0.0373164 -0.00967238 0.029673 0.718593 0.8789 120.487 
1.04874 -0.113127 82139 1 1.40156 0.975962 183 1 1111 0.0364949 -0.00870924 0.0306409 0.692005 0.871935 120.457 
1.0591 -0.0943546 82221 1 1.40156 0.975962 184 1 1113 0.035927 -0.0067972 0.0312535 0.699994 0.876302 120.373 
1.04352 -0.0919647 82260 1 1.40156 0.975962 185 1 1114 0.0364361 -0.0109698 0.0315608 0.658892 0.869192 120.398 
1.0368 -0.0772115 82339 1 1.40156 0.975962 186 1 1116 0.0368415 -0.010651 0.0311723 0.656746 0.865473 120.487 
1.07157 -0.0548817 82419 1 1.40156 0.975962 187 1 1118 0.0363979 -0.00750609 0.030181 0.689918 0.840217 120.663 
1.09186 -0.017006 82460 1 1.40156 0.975962 188 1 1119 0.0362696 -0.00269706 0.0276417 0.735068 0.847488 120.724 
1.00427 -0.134993 82583 1 1.40156 0.975962 189 1 1122 0.0352987 -1.22198e-005 0.0261866 0.750063 0.856511 120.712 
0.592629 -0.250806 82660 1 1.40156 0.975962 190 0 1124 0.034768 0.0019311 0.0278244 0.76896 0.852464 120.559 
0.593509 -0.264056 82740 1 1.40156 0.975962 191 0 1126 0.0352275 -2.13089e-005 0.0259776 0.757676 0.859437 120.747 
0.578015 -0.239545 82780 1 1.40156 0.975962 192 0 1127 0.0352494 -0.00219667 0.0259264 0.736333 0.850158 120.662 
0.578015 -0.239545 82780 1 1.40156 0.975962 193 0 1127 0.0352494 -0.00219667 0.0259264 0.736333 0.850158 120.662 
0.578015 -0.239545 82780 1 1.40156 0.975962 194 0 1127 0.0352494 -0.00219667 0.0259264 0.736333 0.850158 120.662 
1.02017 -0.143772 83021 1 1.40156 0.975962 195 1 1133 0.034852 -0.000453158 0.0281799 0.717246 0.850911 120.606 
1.01824 -0.113382 83063 1 1.40156 0.975962 196 1 1134 0.0353898 -0.00252155 0.0299011 0.70232 0.834113 120.661 
1.06099 -0.109523 83101 1 1.40156 0.975962 197 1 1135 0.0352114 0.00657765 0.0279752 0.794579 0.849429 120.636 
1.06099 -0.109523 83101 1 1.40156 0.975962 198 1 1135 0.0352114 0.00657765 0.0279752 0.794579 0.849429 120.636 
1.06742 -0.109284 83266 1 1.40156 0.975962 199 1 1139 0.0359667 0.00110628 0.0254515 0.78593 0.857068 120.607 
0.553953 0.12057 83341 1 1.40156 0.975962 200 1 1141 0.035513 0.00477668 0.028759 0.833408 0.851223 120.442 
0.492216 0.136005 83421 1 1.40156 0.975962 201 1 1143 0.0351434 -0.00495831 0.0312611 0.744014 0.852419 120.417 
0.492216 0.136005 83421 1 1.40156 0.975962 202 1 1143 0.0351434 -0.00495831 0.0312611 0.744014 0.852419 120.417 
0.492216 0.136005 83421 1 1.40156 0.975962 203 1 1143 0.0351434 -0.00495831 0.0312611 0.744014 0.852419 120.417 
0.460671 0.195245 83622 1 1.40156 0.975962 204 1 1148 0.0350142 -0.0123304 0.0322692 0.665711 0.874437 120.347 
0.55598 0.112329 83702 1 1.40156 0.975962 205 1 1150 0.0352904 0.000157866 0.0287712 0.799645 0.933056 120.401 
0.556263 0.112406 83743 1 1.40156 0.975962 206 1 1151 0.0352988 0.000143166 0.0287812 0.799781 0.933148 120.399 
0.567334 0.100816 83822 1 1.40156 0.975962 207 1 1153 0.0358033 -0.000258113 0.0291928 0.803404 0.936821 120.399 
0.570327 0.101868 83862 1 1.40156 0.975962 208 1 1154 0.0357826 -0.000359541 0.0291677 0.804381 0.936592 120.404 
0.582896 0.124362 83942 1 1.40156 0.975962 209 1 1156 0.035813 -0.00077941 0.0287118 0.808416 0.932177 120.464 
0.583426 0.128604 84023 1 1.40156 0.975962 210 1 1158 0.0358042 -0.000801658 0.0286449 0.808717 0.931508 120.465 
0.583426 0.128604 84063 1 1.40156 0.975962 211 1 1159 0.0358042 -0.000801658 0.0286449 0.808717 0.931508 120.465 
0.587285 0.13069 84143 1 1.40156 0.975962 212 1 1161 0.03576 -0.000928697 0.0286112 0.809962 0.931179 120.461 
0.607268 0.154162 84223 1 1.40156 0.975962 213 1 1163 0.0361481 -0.0014803 0.0282074 0.815427 0.927246 120.44 
0.607268 0.154162 84263 1 1.40156 0.975962 214 1 1164 0.0361481 -0.0014803 0.0282074 0.815427 0.927246 120.44 
0.607268 0.154162 84343 1 1.40156 0.975962 215 1 1166 0.0361481 -0.0014803 0.0282074 0.815427 0.927246 120.44 
0.594579 0.144889 84424 1 1.40156 0.975962 216 1 1168 0.035548 -0.00115599 0.0284473 0.812163 0.929385 120.373 
0.593779 0.143194 84464 1 1.40156 0.975962 217 1 1169 0.0355017 -0.00114169 0.0284792 0.811968 0.929673 120.373 
0.593779 0.143194 84544 1 1.40156 0.975962 218 1 1171 0.0355017 -0.00114169 0.0284792 0.811968 0.929673 120.373 
0.498899 0.260309 84624 1 1.40156 0.975962 219 1 1173 0.0351271 -0.0136524 0.0297876 0.693852 0.888626 120.44 
0.488759 0.295118 84704 1 1.40156 0.975962 220 1 1175 0.0350506 -0.0144052 0.0300673 0.691156 0.871462 120.384 
0.488759 0.295118 84744 1 1.40156 0.975962 221 1 1176 0.0350506 -0.0144052 0.0300673 0.691156 0.871462 120.384 
0.489518 0.280801 84825 1 1.40156 0.975962 222 1 1178 0.0351183 -0.0143805 0.0303349 0.691356 0.874188 120.361 
0.487322 0.274772 84905 1 1.40156 0.975962 223 1 1180 0.0347741 -0.011444 0.0305172 0.715252 0.875189 120.433 
0.486158 0.289341 84944 1 1.40156 0.975962 224 1 1181 0.0352571 -0.0112885 0.030217 0.713656 0.872561 120.434 
0.504818 0.307573 85025 1 1.40156 0.975962 225 1 1183 0.0349165 -0.010827 0.0295769 0.713334 0.866447 120.453 
0.490888 0.319645 85064 1 1.40156 0.975962 226 1 1184 0.034539 -0.0103308 0.0307145 0.70681 0.855777 120.405 
0.485235 0.291704 85185 1 1.40156 0.975962 227 1 1187 0.034621 -0.0138829 0.0320876 0.679855 0.858511 120.408 
0.507129 0.447431 85265 1 1.40156 0.975962 228 1 1189 0.030929 -0.00321957 0.031457 0.779362 0.840365 120.134 
0.525709 0.487397 85345 1 1.40156 0.975962 229 1 1191 0.0294558 0.00251902 0.0278843 0.832095 0.852093 120.12 
0.538169 0.492566 85385 1 1.40156 0.975962 230 1 1192 0.0293614 0.00478013 0.0278442 0.8554 0.846188 120.163 
0.520135 0.381839 85466 1 1.40156 0.975962 231 1 1194 0.030178 0.00588967 0.0263806 0.876912 0.861053 120.124 
0.514332 0.270222 85546 1 1.40156 0.975962 232 1 1196 0.0298242 0.00740542 0.0276401 0.896162 0.863077 120.084 
0.467157 0.276137 85627 1 1.40156 0.975962 233 1 1198 0.0304446 0.0102295 0.0285628 0.935424 0.86093 120.047 
0.257767 0.402412 85705 1 1.40156 0.975962 234 1 1200 0.0304377 0.0122795 0.0272589 0.960638 0.862786 120.188 
0.23549 0.419677 85786 1 1.40156 0.975962 235 1 1202 0.0304839 0.0101442 0.0271766 0.933294 0.855967 120.177 
0.225309 0.410932 85826 1 1.40156 0.975962 236 1 1203 0.0299399 0.00780737 0.0263644 0.906163 0.866937 120.16 
0.257273 0.404777 85906 1 1.40156 0.975962 237 1 1205 0.0296743 0.0107784 0.0273471 0.92467 0.873469 120.099 
0.590038 0.660193 85946 1 1.40156 0.975962 238 1 1206 0.0303508 0.00484874 0.0294732 0.872315 0.865179 120.049 
0.666219 0.753983 86027 1 1.40156 0.975962 239 1 1208 0.0307155 0.00100826 0.0311437 0.832991 0.865786 120.075 
0.665488 0.752216 86106 1 1.40156 0.975962 240 1 1210 0.0307085 0.00103511 0.0311982 0.832696 0.866334 120.071 
0.676147 0.754919 86186 1 1.40156 0.975962 241 1 1212 0.0301843 0.00161729 0.0309071 0.824355 0.865869 120.194 
0.720551 0.824569 86267 1 1.40156 0.975962 242 1 1214 0.0305171 0.00144293 0.0299577 0.813331 0.879368 120.219 
0.707994 0.823032 86307 1 1.40156 0.975962 243 1 1215 0.0309259 -0.00195258 0.0304509 0.776091 0.88664 120.251 
0.747786 0.832428 86388 1 1.40156 0.975962 244 1 1217 0.0310084 0.00413098 0.0302459 0.824215 0.905483 120.278 
0.779853 0.887414 86467 1 1.40156 0.975962 245 1 1219 0.0306226 0.00139341 0.0304112 0.795488 0.923976 120.441 
0.764114 0.720982 86507 1 1.40156 0.975962 246 1 1220 0.0311378 0.00554053 0.0297368 0.837346 0.93614 120.448 
0.687792 0.156091 86547 1 1.40156 0.975962 247 1 1221 0.0311162 0.00566001 0.0297049 0.836505 0.935274 120.421 
0.687792 0.156091 86547 1 1.40156 0.975962 248 1 1221 0.0311162 0.00566001 0.0297049 0.836505 0.935274 120.421 
0.677529 0.125004 86709 1 1.40156 0.975962 249 1 1225 0.0295805 0.00664535 0.0318882 0.812003 0.92931 120.303 
0.718427 0.13346 86787 1 1.40156 0.975962 250 1 1227 0.0293306 0.0129993 0.0341009 0.885035 0.925011 120.324 
0.68411 0.0634808 86868 1 1.40156 0.975962 251 1 1229 0.0302529 0.0122803 0.0314675 0.884303 0.93694 120.441 
0.68411 0.0634808 86868 1 1.40156 0.975962 252 1 1229 0.0302529 0.0122803 0.0314675 0.884303 0.93694 120.441 
0.68411 0.0634808 86868 1 1.40156 0.975962 253 1 1229 0.0302529 0.0122803 0.0314675 0.884303 0.93694 120.441 
0.118476 0.0466123 87069 1 1.40156 0.975962 254 1 1234 0.0304059 0.00561619 0.0287096 0.845467 0.885746 120.309 
0.108842 0.0559962 87149 1 1.40156 0.975962 255 1 1236 0.02996 0.0053123 0.0290396 0.856033 0.883062 120.254 
0.134739 0.0215894 87188 1 1.40156 0.975962 256 1 1237 0.0301674 0.00778068 0.0278558 0.886822 0.899977 120.263 
0.134739 0.0215894 87188 1 1.40156 0.975962 257 1 1237 0.0301674 0.00778068 0.0278558 0.886822 0.899977 120.263 
0.0825331 0.039635 87349 1 1.40156 0.975962 258 1 1241 0.0307957 0.00345882 0.0273263 0.902365 0.893406 120.318 
0.121545 0.140562 87429 1 1.40156 0.975962 259 1 1243 0.0300609 0.00702635 0.0284416 0.959728 0.87952 120.365 
0.153724 0.296066 87510 1 1.40156 0.975962 260 1 1245 0.0308259 0.00411364 0.0281217 0.975116 0.909412 120.318 
0.154342 0.2783 87550 1 1.40156 0.975962 261 1 1246 0.031214 0.00120543 0.0281199 0.972098 0.926736 120.37 
0.149557 0.313983 87629 1 1.40156 0.975962 262 1 1248 0.0317325 0.0020329 0.0290106 1.02328 0.92748 120.368 
0.111924 0.412498 87710 1 1.40156 0.975962 263 1 1250 0.0318454 7.84289e-005 0.028634 1.05512 0.907521 120.372 
0.127703 0.444931 87790 1 1.40156 0.975962 264 1 1252 0.0318162 -0.00204277 0.0287316 1.10517 0.90949 120.317 
0.110638 0.46128 87830 1 1.40156 0.975962 265 1 1253 0.0318139 -0.0101312 0.0281617 1.06801 0.918 120.328 
0.155384 0.474686 87910 1 1.40156 0.975962 266 1 1255 0.0310078 -0.0130465 0.028954 1.17672 0.936169 120.392 
0.0914732 0.48002 87950 1 1.40156 0.975962 267 1 1256 0.0311451 -0.0272793 0.029776 1.11851 0.939253 120.402 
0.10725 0.476887 88030 1 1.40156 0.975962 268 1 1258 0.0317076 -0.0329115 0.0310443 1.26357 0.938408 120.408 
0.129181 0.526551 88110 1 1.40156 0.975962 269 1 1260 0.0309057 -0.0573524 0.0326809 1.31434 0.946583 120.475 
0.019028 0.477826 88151 1 1.40156 0.975962 270 1 1261 0.030372 -0.0720444 0.0358747 1.31497 0.923936 120.396 
-0.0500426 0.459347 88231 1 1.40156 0.975962 271 1 1263 0.030142 -0.0908358 0.0402321 1.40713 0.900578 120.316 
-0.0369593 0.446649 88311 1 1.40156 0.975962 272 1 1265 0.0296231 -0.109437 0.0403768 1.44057 0.899755 120.371 
-0.0473289 0.468395 88351 1 1.40156 0.975962 273 1 1266 0.0289005 -0.121585 0.0417785 1.40797 0.884662 120.29 
-0.00479416 0.426684 88431 1 1.40156 0.975962 274 1 1268 0.0248171 -0.127655 0.0411745 1.49185 0.892725 120.389 
-0.048337 0.258588 88511 1 1.40156 0.975962 275 1 1270 0.022868 -0.141489 0.0412793 1.42999 0.882748 120.404 
-0.0154487 0.270062 88551 1 1.40156 0.975962 276 1 1271 0.0226075 -0.135338 0.0403093 1.49381 0.887292 120.278 
0.101159 0.212082 88634 1 1.40156 0.975962 277 1 1273 0.0214245 -0.136205 0.0392785 1.49812 0.887694 120.19 
0.405263 0.162135 88712 1 1.40156 0.975962 278 1 1275 0.0174197 -0.131005 0.0357428 1.5974 0.919811 120.07 
0.413127 0.171786 88751 1 1.40156 0.975962 279 1 1276 0.015359 -0.131832 0.0356157 1.6025 0.91988 119.969 
0.390237 0.199563 88832 1 1.40156 0.975962 280 1 1278 0.0149638 -0.131029 0.0369398 1.57309 0.892403 120.053 
0.386723 0.167141 88912 1 1.40156 0.975962 281 1 1280 0.0156994 -0.134704 0.0354072 1.51349 0.898545 120.066 
0.359436 0.183577 88952 1 1.40156 0.975962 282 1 1281 0.0151975 -0.13905 0.0371498 1.47076 0.88325 120.129 
0.33091 0.167781 89032 1 1.40156 0.975962 283 1 1283 0.0148994 -0.145574 0.0376309 1.3989 0.879158 120.176 
0.345883 0.177847 89113 1 1.40156 0.975962 284 1 1285 0.0142609 -0.138025 0.0349523 1.43793 0.89008 120.335 
0.361325 0.202476 89152 1 1.40156 0.975962 285 1 1286 0.0144941 -0.132904 0.0356618 1.46334 0.867713 120.383 
0.309125 0.754409 89233 1 1.40156 0.975962 286 1 1288 0.014507 -0.125327 0.0337312 1.4992 0.875991 120.407 
0.316264 0.812952 89313 1 1.40156 0.975962 287 1 1290 0.0147453 -0.126138 0.0333063 1.46205 0.894017 120.369 
0.282082 0.729082 89393 1 1.40156 0.975962 288 1 1292 0.0146583 -0.130241 0.0343685 1.4111 0.910623 120.275 
0.300117 0.680958 89473 1 1.40156 0.975962 289 1 1294 0.0152156 -0.126712 0.0334621 1.43598 0.932962 120.231 
0.300615 0.657227 89513 1 1.40156 0.975962 290 1 1295 0.0148021 -0.125797 0.0343059 1.43862 0.93196 120.196 
0.503129 0.637197 89594 1 1.40156 0.975962 291 1 1297 0.0149737 -0.128281 0.0367691 1.3872 0.914875 120.061 
0.600602 0.616539 89633 1 1.40156 0.975962 292 1 1298 0.0151962 -0.123184 0.0372037 1.42147 0.918744 120.018 
0.599798 0.635905 89714 1 1.40156 0.975962 293 1 1300 0.0161879 -0.119055 0.0391915 1.41433 0.925218 120.011 
0.576251 0.650404 89793 1 1.40156 0.975962 294 1 1302 0.0162992 -0.116861 0.0395104 1.38995 0.922921 120 
0.585173 0.642755 89833 1 1.40156 0.975962 295 1 1303 0.0165736 -0.114351 0.0376819 1.37944 0.930663 119.991 
0.749297 0.67068 89914 1 1.40156 0.975962 296 1 1305 0.0171305 -0.111804 0.039079 1.33146 0.899005 119.983 
0.764259 0.652907 89995 1 1.40156 0.975962 297 1 1307 0.0175346 -0.0989182 0.0376842 1.36085 0.911988 119.929 
0.769402 0.665112 90034 1 1.40156 0.975962 298 1 1308 0.0173708 -0.0957057 0.0375558 1.35658 0.914401 119.911 
0.739095 0.625087 90115 1 1.40156 0.975962 299 1 1310 0.0185166 -0.0976668 0.0381725 1.26056 0.915415 119.867 
0.881793 0.669148 90196 1 1.40156 0.975962 300 1 1312 0.019117 -0.0902446 0.0375151 1.26247 0.915196 119.818 
0.904033 0.690578 90274 1 1.40156 0.975962 301 1 1314 0.019149 -0.0845345 0.040523 1.22224 0.886468 119.807 
0.861055 0.677105 90314 1 1.40156 0.975962 302 1 1315 0.019082 -0.0817737 0.0396159 1.19141 0.898305 119.769 
0.861055 0.677105 90314 1 1.40156 0.975962 303 1 1315 0.019082 -0.0817737 0.0396159 1.19141 0.898305 119.769 
0.831691 0.640566 90476 1 1.40156 0.975962 304 1 1319 0.0198541 -0.0720267 0.0387403 1.10601 0.915799 119.851 
0.851002 0.664261 90515 1 1.40156 0.975962 305 1 1320 0.0207463 -0.0685983 0.039407 1.10682 0.896119 119.86 
0.834107 0.659176 90635 1 1.40156 0.975962 306 1 1323 0.0222008 -0.0576259 0.0338808 1.12377 0.892471 119.831 
0.81276 0.636392 90675 1 1.40156 0.975962 307 1 1324 0.0225562 -0.0575661 0.0314119 1.09366 0.911501 119.858 
0.714101 0.644379 90756 1 1.40156 0.975962 308 1 1326 0.0223825 -0.0509253 0.0327102 1.10732 0.906205 119.876 
0.702175 0.602916 90796 1 1.40156 0.975962 309 1 1327 0.0222914 -0.0502607 0.0330575 1.08364 0.919456 119.809 
0.712874 0.596061 90876 1 1.40156 0.975962 310 1 1329 0.0223645 -0.0442588 0.0369833 1.07797 0.917211 119.687 
0.699243 0.596423 90955 1 1.40156 0.975962 311 1 1331 0.0226333 -0.0432689 0.0369312 1.03535 0.924289 119.561 
0.671594 0.459958 91036 1 1.40156 0.975962 312 1 1333 0.0223333 -0.0432347 0.0354167 1.00144 0.94446 119.711 
0.709326 0.417313 91117 1 1.40156 0.975962 313 1 1335 0.0231465 -0.0411049 0.0375657 0.987848 0.932321 119.631 
0.701909 0.40874 91156 1 1.40156 0.975962 314 1 1336 0.0231277 -0.0412713 0.0356757 0.978274 0.954929 119.715 
0.694226 0.541017 91237 1 1.40156 0.975962 315 1 1338 0.0228146 -0.0360173 0.034272 0.998605 0.945229 119.863 
0.710516 0.597142 91318 1 1.40156 0.975962 316 1 1340 0.0244733 -0.0255395 0.0341192 1.05007 0.92921 119.827 
0.702604 0.57988 91356 1 1.40156 0.975962 317 1 1341 0.0249132 -0.02665 0.0330297 1.00833 0.941711 119.759 
0.664051 0.534867 91437 1 1.40156 0.975962 318 1 1343 0.0247497 -0.0212505 0.0330701 0.986916 0.954868 119.803 
0.65045 0.533528 91517 1 1.40156 0.975962 319 1 1345 0.0256958 -0.0159453 0.0348101 0.958632 0.962731 119.81 
0.741864 0.529542 91598 1 1.40156 0.975962 320 1 1347 0.0256483 -0.0145241 0.0360047 0.925894 0.944215 119.806 
0.759783 0.510357 91639 1 1.40156 0.975962 321 1 1348 0.0256813 -0.0105309 0.0345523 0.940997 0.954251 119.82 
0.711882 0.473833 91717 1 1.40156 0.975962 322 1 1350 0.0253066 -0.0135476 0.0341525 0.885896 0.962961 119.883 
0.705885 0.332881 91797 1 1.40156 0.975962 323 1 1352 0.0261623 -0.00698252 0.0370395 0.923765 0.955868 119.797 
0.6806 0.248905 91878 1 1.40156 0.975962 324 1 1354 0.025903 -0.00351507 0.0363536 0.917084 0.977462 119.847 
0.657945 0.230201 91918 1 1.40156 0.975962 325 1 1355 0.0252025 -0.00190161 0.0359211 0.918986 0.985798 119.898 
0.696201 1.10465 91999 1 1.40156 0.975962 326 1 1357 0.0262687 -0.00757587 0.036017 0.865203 0.975287 119.846 
0.69043 1.26749 92077 1 1.40156 0.975962 327 0 1359 0.0266613 -0.005187 0.0371391 0.880351 0.994207 119.917 
0.714817 1.14662 92158 1 1.40156 0.975962 328 1 1361 0.027012 -0.00342478 0.0369272 0.909116 1.04415 119.961 
0.745604 1.08862 92238 1 1.40156 0.975962 329 1 1363 0.026796 0.00182583 0.0386831 0.957453 1.05485 120.033 
0.764283 1.09921 92278 1 1.40156 0.975962 330 1 1364 0.027213 0.00197557 0.0392171 0.955034 1.05166 120.014 
0.791405 1.06171 92359 1 1.39115 0.919231 331 1 1366 0.0260957 0.000114156 0.0404222 0.924111 1.05804 119.952 
0.759891 1.07546 92438 1 1.37708 0.853846 332 1 1368 0.0259861 -0.00670656 0.042717 0.829163 1.07749 119.934 
0.752377 1.07424 92479 1 1.37708 0.853846 333 1 1369 0.0258795 -0.000719213 0.0435532 0.856801 1.10156 119.982 
0.684275 0.882473 92559 1 1.37708 0.853846 334 1 1371 0.0278595 0.0157175 0.0492756 0.913246 1.13322 119.994 
0.657539 0.797709 92639 1 1.37708 0.853846 335 1 1373 0.0275242 0.0163067 0.0526082 0.832484 1.16984 120.031 
0.673672 0.812759 92679 1 1.37708 0.853846 336 1 1374 0.0266641 0.021978 0.0543821 0.865513 1.17874 120.037 
0.679666 0.760258 92759 1 1.37708 0.853846 337 1 1376 0.0259683 0.0244135 0.0562408 0.866872 1.21013 119.947 
0.692784 0.690207 92839 1 1.37708 0.853846 338 1 1378 0.0260645 0.026452 0.058198 0.869304 1.24866 119.91 
0.684069 0.657865 92879 1 1.37708 0.853846 339 1 1379 0.0258456 0.0236251 0.0589594 0.844961 1.26679 119.967 
0.686379 0.630789 92960 1 1.37708 0.853846 340 1 1381 0.0246049 0.0292856 0.0611747 0.894303 1.28753 120.025 
0.664302 0.612039 93000 1 1.37708 0.853846 341 1 1382 0.024956 0.0251652 0.0604822 0.857299 1.30582 120.077 
0.667782 0.61325 93080 1 1.37708 0.853846 342 1 1384 0.0248812 0.0264578 0.063394 0.861301 1.30208 119.983 
0.68604 0.59522 93160 1 1.37708 0.853846 343 1 1386 0.0251351 0.0265766 0.0642491 0.857948 1.31543 119.926 
0.604985 0.647852 93200 1 1.37708 0.853846 344 1 1387 0.0254037 0.0267717 0.0647324 0.856592 1.31885 119.915 
0.594929 0.604978 93282 1 1.37708 0.853846 345 1 1389 0.0246965 0.0269477 0.0655288 0.854018 1.32627 119.846 
0.599617 0.625035 93361 1 1.37708 0.853846 346 1 1391 0.0244867 0.0272434 0.0659491 0.850919 1.33004 119.866 
0.586281 0.617128 93401 1 1.37708 0.853846 347 1 1392 0.024846 0.0248278 0.0648817 0.825859 1.33907 120.026 
0.595062 0.634628 93442 1 1.37708 0.853846 348 1 1393 0.0248443 0.027156 0.0650182 0.843469 1.32867 120.058 
0.609311 0.633436 93481 1 1.37708 0.853846 349 1 1394 0.0250968 0.027696 0.0652254 0.855005 1.31723 119.987 
0.7392 0.78734 93641 1 1.37708 0.853846 350 1 1398 0.0244129 0.0268413 0.0662911 0.830511 1.31914 119.972 
0.719327 0.763986 93722 1 1.37708 0.853846 351 1 1400 0.0242987 0.023323 0.0663164 0.787194 1.33448 120 
0.728708 0.766807 93761 1 1.37708 0.853846 352 1 1401 0.0248183 0.022707 0.065318 0.770646 1.33832 119.984 
0.693915 0.792378 93842 1 1.37708 0.853846 353 1 1403 0.0244807 0.0195998 0.0647177 0.718206 1.33273 120.047 
0.685133 0.799965 93881 1 1.37708 0.853846 354 1 1404 0.0246169 0.0198979 0.0645986 0.715341 1.3314 120.048 
0.681478 0.799267 93961 1 1.37708 0.853846 355 1 1406 0.0244711 0.0199069 0.0646371 0.715267 1.33169 120.028 
0.666369 0.776619 94041 1 1.37708 0.853846 356 1 1408 0.0242388 0.0195499 0.0652271 0.719195 1.33675 119.93 
0.672664 0.794731 94082 1 1.37708 0.853846 357 1 1409 0.0245258 0.0230915 0.0665486 0.761148 1.32209 119.981 
0.635911 0.831936 94162 1 1.37708 0.853846 358 1 1411 0.0236928 0.0207669 0.0649266 0.736115 1.29524 120.04 
0.673333 0.81835 94243 1 1.37708 0.853846 359 1 1413 0.0230784 0.0271001 0.0662172 0.778471 1.24958 119.999 
0.722813 0.793783 94322 1 1.37708 0.853846 360 1 1415 0.0220809 0.0318238 0.064966 0.798999 1.25496 119.968 
0.816185 0.52833 94402 1 1.37708 0.853846 361 1 1417 0.0222177 0.0326096 0.0638956 0.793999 1.27382 119.967 
0.816185 0.52833 94443 1 1.37708 0.853846 362 1 1418 0.0222177 0.0326096 0.0638956 0.793999 1.27382 119.967 
0.829815 0.542504 94523 1 1.37708 0.853846 363 1 1420 0.0225954 0.0321865 0.0635442 0.797957 1.27097 120.026 
0.746405 0.361533 94603 1 1.37708 0.853846 364 1 1422 0.0227012 0.0343869 0.0632663 0.823892 1.26087 120.133 
0.731683 0.303504 94683 1 1.37708 0.853846 365 1 1424 0.023368 0.0280799 0.0599971 0.769944 1.26948 120.048 
0.724292 0.310587 94723 1 1.37708 0.853846 366 1 1425 0.0237399 0.0286784 0.0591495 0.777029 1.26165 120.016 
0.946935 0.197727 94803 1 1.37708 0.853846 367 1 1427 0.0250158 0.0249258 0.0588428 0.747503 1.22844 120.113 
1.33642 0.0372291 94884 1 1.37708 0.853846 368 0 1429 0.0240627 0.0231165 0.0582737 0.708697 1.18518 119.986 
1.35919 0.0205843 94924 1 1.37708 0.853846 369 0 1430 0.023922 0.0294315 0.0576535 0.753031 1.18487 119.951 
1.34888 0.0361726 95004 1 1.37708 0.853846 370 0 1432 0.0242911 0.0331884 0.0575574 0.73489 1.17628 119.811 
1.43021 -0.0796229 95084 1 1.37708 0.853846 371 0 1434 0.0251742 0.0371662 0.056875 0.687939 1.18663 119.82 
1.42091 -0.0705623 95124 1 1.37708 0.853846 372 0 1435 0.0263658 0.040367 0.0567151 0.666808 1.18388 119.854 
1.4086 -0.105758 95205 1 1.37708 0.853846 373 0 1437 0.0281679 0.0493129 0.054992 0.647233 1.18159 119.891 
1.4086 -0.105758 95205 1 1.37708 0.853846 374 0 1437 0.0281679 0.0493129 0.054992 0.647233 1.18159 119.891 
1.36862 -0.0984865 95367 1 1.37708 0.853846 375 0 1441 0.0292387 0.0582576 0.0544923 0.597852 1.18461 119.868 
1.3973 -0.110194 95404 1 1.37708 0.853846 376 0 1442 0.0295 0.0628533 0.0537437 0.619107 1.19148 119.941 
1.38134 -0.134638 95484 1 1.37708 0.853846 377 0 1444 0.0292657 0.0617537 0.0534937 0.605526 1.19361 120.021 
1.39912 -0.115594 95525 1 1.37708 0.853846 378 0 1445 0.0286116 0.0651381 0.0538365 0.638609 1.1822 119.956 
1.39912 -0.115594 95525 1 1.37708 0.853846 379 0 1445 0.0286116 0.0651381 0.0538365 0.638609 1.1822 119.956 
1.45457 -0.430422 95685 1 1.37708 0.853846 380 0 1449 0.0296655 0.0639111 0.0514119 0.636345 1.18237 119.963 
1.47064 -0.472604 95725 1 1.37708 0.853846 381 0 1450 0.0289453 0.0654421 0.0502993 0.65908 1.19026 119.925 
1.46793 -0.465062 95805 1 1.37708 0.853846 382 0 1452 0.0300489 0.0642212 0.0500932 0.639146 1.18596 119.923 
1.46891 -0.48024 95845 1 1.37708 0.853846 383 0 1453 0.0299755 0.0664334 0.050152 0.658191 1.17567 119.94 
1.46891 -0.48024 95845 1 1.37708 0.853846 384 0 1453 0.0299755 0.0664334 0.050152 0.658191 1.17567 119.94 
1.29275 0.000418468 96006 1 1.37708 0.853846 385 0 1457 0.0295904 0.0609279 0.0491195 0.552982 1.15293 119.874 
1.32673 0.00354791 96086 1 1.37708 0.853846 386 0 1459 0.0291941 0.0675899 0.049319 0.598006 1.16527 119.859 
1.3514 -0.0168941 96166 1 1.37708 0.853846 387 0 1461 0.0288305 0.0635971 0.0499477 0.541521 1.16702 119.846 
1.3514 -0.0168941 96166 1 1.37708 0.853846 388 0 1461 0.0288305 0.0635971 0.0499477 0.541521 1.16702 119.846 
1.3514 -0.0168941 96166 1 1.37708 0.853846 389 0 1461 0.0288305 0.0635971 0.0499477 0.541521 1.16702 119.846 
1.03961 2.25942 96326 1 1.37708 0.853846 390 0 1465 0.0291146 0.0662247 0.0501931 0.554125 1.16505 119.9 
1.56458 0.868965 96406 1 1.37708 0.853846 391 0 1467 0.0293979 0.0673757 0.051496 0.54231 1.17915 119.924 
1.37297 0.268135 96487 1 1.37708 0.853846 392 0 1469 0.0285832 0.0675316 0.0504447 0.535902 1.1987 119.931 
1.37297 0.268135 96487 1 1.37708 0.853846 393 0 1469 0.0285832 0.0675316 0.0504447 0.535902 1.1987 119.931 
1.32962 0.163202 96526 1 1.37708 0.853846 394 0 1470 0.0298047 0.0637848 0.0527318 0.494255 1.17476 119.97 
1.36324 0.0636862 96686 1 1.37708 0.853846 395 0 1474 0.0307456 0.0712999 0.0540823 0.581659 1.19434 119.959 
1.34751 0.0144629 96767 1 1.37708 0.853846 396 0 1476 0.0305674 0.0713462 0.0541119 0.624129 1.21346 119.939 
1.07202 0.000541531 96807 1 1.37708 0.853846 397 1 1477 0.0303423 0.0729755 0.0552264 0.655513 1.20885 119.93 
1.07202 0.000541531 96807 1 1.37708 0.853846 398 1 1477 0.0303423 0.0729755 0.0552264 0.655513 1.20885 119.93 
0.656214 -0.119034 97007 1 1.37708 0.853846 399 1 1482 0.0300077 0.0587322 0.0543971 0.708177 1.20038 119.828 
0.602605 -0.153232 97088 1 1.37708 0.853846 400 1 1484 0.0290814 0.0510503 0.0530157 0.704524 1.21077 119.789 
0.592852 -0.128968 97128 1 1.37708 0.853846 401 1 1485 0.0285743 0.0497114 0.0552947 0.719295 1.1943 119.802 
0.622732 -0.150936 97209 1 1.37708 0.853846 402 1 1487 0.0291953 0.0501884 0.0552978 0.763559 1.2097 119.801 
0.606065 -0.167889 97247 1 1.37708 0.853846 403 1 1488 0.0293976 0.0496473 0.0535542 0.75768 1.22756 119.775 
0.630112 -0.149686 97328 1 1.37708 0.853846 404 1 1490 0.0295933 0.0512621 0.0534207 0.785371 1.20895 119.798 
0.621303 -0.119549 97408 1 1.37708 0.853846 405 1 1492 0.0289876 0.0507977 0.0531428 0.785551 1.20099 119.873 
0.610243 -0.118655 97488 1 1.37708 0.853846 406 1 1494 0.0288932 0.0468376 0.0538523 0.752372 1.18981 119.841 
0.599449 -0.135821 97528 1 1.37708 0.853846 407 1 1495 0.028804 0.0450988 0.0536288 0.737369 1.19723 119.862 
0.621649 -0.133121 97609 1 1.37708 0.853846 408 1 1497 0.0290046 0.0487543 0.0544592 0.783637 1.19293 119.91 
0.600006 -0.123886 97688 1 1.37708 0.853846 409 1 1499 0.0290656 0.0426909 0.0537924 0.744124 1.18074 119.994 
0.595853 -0.113808 97729 1 1.37708 0.853846 410 1 1500 0.0286324 0.041632 0.0528433 0.736662 1.17383 119.93 
0.60218 -0.122055 97809 1 1.37708 0.853846 411 1 1502 0.02952 0.0425827 0.0496063 0.7501 1.16817 119.959 
0.587071 -0.113348 97849 1 1.37708 0.853846 412 1 1503 0.0294562 0.0411277 0.0497712 0.728584 1.15814 120.027 
0.595355 -0.107474 97930 1 1.37708 0.853846 413 1 1505 0.0290177 0.0418856 0.0503606 0.742392 1.14929 120.044 
0.596116 -0.100176 98010 1 1.37708 0.853846 414 1 1507 0.0290599 0.0427822 0.0490008 0.755923 1.15778 120.037 
0.586563 -0.111254 98049 1 1.37708 0.853846 415 1 1508 0.0293807 0.0425458 0.0485574 0.755106 1.15644 120.06 
0.603768 -0.11351 98129 1 1.37708 0.853846 416 1 1510 0.0301607 0.0464802 0.047431 0.799517 1.15836 120.178 
0.607187 -0.106009 98210 1 1.37708 0.853846 417 1 1512 0.0308874 0.0417467 0.0498904 0.764808 1.16016 120.108 
0.640145 -0.104023 98251 1 1.37708 0.853846 418 1 1513 0.0302366 0.0459271 0.0510536 0.819564 1.16048 120.044 
0.631546 -0.0822902 98371 1 1.37708 0.853846 419 1 1516 0.030537 0.0416733 0.050407 0.828079 1.15839 119.953 
0.621207 -0.072578 98410 1 1.37708 0.853846 420 1 1517 0.0314614 0.0433935 0.0508884 0.855178 1.14659 119.88 
0.62801 0.0587469 98491 1 1.37708 0.853846 421 1 1519 0.0309649 0.0409087 0.0504899 0.842952 1.14794 119.897 
0.617536 0.15457 98571 1 1.37708 0.853846 422 1 1521 0.0312734 0.0412379 0.0524428 0.853468 1.16166 119.914 
0.620023 0.15049 98651 1 1.37708 0.853846 423 1 1523 0.0315568 0.0416985 0.0506632 0.866486 1.19669 119.912 
0.615574 0.161533 98691 1 1.37708 0.853846 424 1 1524 0.0320484 0.0376741 0.0519198 0.836199 1.19011 119.852 
0.605341 0.185328 98770 1 1.37708 0.853846 425 1 1526 0.0318829 0.0417748 0.0525528 0.8972 1.20151 119.795 
0.654143 0.350988 98851 1 1.37708 0.853846 426 1 1528 0.0331165 0.0451621 0.0531828 0.964392 1.2304 119.627 
0.645262 0.322046 98891 1 1.37708 0.853846 427 1 1529 0.0343175 0.041555 0.0532002 0.943948 1.27448 119.703 
0.660166 0.322284 98971 1 1.37708 0.853846 428 1 1531 0.0334886 0.0416458 0.0563738 0.949064 1.27641 119.735 
0.619929 0.285047 99053 1 1.37708 0.853846 429 1 1533 0.032072 0.034682 0.0553603 0.834426 1.28584 119.824 
0.646371 0.300568 99091 1 1.37708 0.853846 430 1 1534 0.0315103 0.0426176 0.0549067 0.862308 1.28505 119.827 
0.645062 0.286971 99171 1 1.37708 0.853846 431 1 1536 0.0301691 0.0423564 0.0554971 0.811158 1.28494 119.813 
0.603637 0.256688 99252 1 1.37708 0.853846 432 1 1538 0.0297028 0.0421972 0.0566488 0.804744 1.29075 119.873 
0.618337 0.228025 99332 1 1.37708 0.853846 433 1 1540 0.0301925 0.0429487 0.0559214 0.862231 1.30464 119.874 
0.627957 0.254211 99372 1 1.37708 0.853846 434 1 1541 0.0303209 0.0436022 0.0566745 0.88895 1.30222 119.849 
0.587871 0.277448 99452 1 1.37708 0.853846 435 1 1543 0.0301665 0.0402 0.0592202 0.884626 1.30099 119.835 
0.743997 0.70918 99532 1 1.37708 0.853846 436 1 1545 0.0306003 0.0457595 0.0578657 0.940503 1.35753 119.818 
0.755708 0.710699 99572 1 1.37708 0.853846 437 1 1546 0.0305585 0.0413212 0.058188 0.904567 1.36305 119.864 
0.752346 0.716484 99652 1 1.37708 0.853846 438 1 1548 0.0294423 0.0427517 0.0594983 0.905858 1.35087 119.891 
0.725099 0.750099 99732 1 1.37708 0.853846 439 1 1550 0.0281953 0.0371479 0.0592253 0.824993 1.36419 119.791 
0.75071 0.771007 99813 1 1.37708 0.853846 440 1 1552 0.0290792 0.0416583 0.0603969 0.837135 1.36298 119.77 
0.742977 0.763661 99853 1 1.37708 0.853846 441 1 1553 0.02882 0.0418577 0.0605094 0.835334 1.36408 119.782 
0.685457 0.69473 99932 1 1.37708 0.853846 442 1 1555 0.0267586 0.0466782 0.0605268 0.876078 1.33153 119.904 
0.685457 0.69473 99932 1 1.37708 0.853846 443 1 1555 0.0267586 0.0466782 0.0605268 0.876078 1.33153 119.904 
0.725712 0.730087 100093 1 1.37708 0.853846 444 1 1559 0.0270114 0.0436527 0.0622422 0.872169 1.3226 119.843 
0.77737 0.802158 100133 1 1.37708 0.853846 445 1 1560 0.0276395 0.0397607 0.0593088 0.841861 1.36912 119.817 
0.791369 0.797908 100217 1 1.37708 0.853846 446 1 1562 0.0278961 0.0392791 0.0628581 0.843869 1.37009 119.762 
0.796104 0.780274 100293 1 1.37708 0.853846 447 1 1564 0.0282235 0.0395776 0.0597105 0.847522 1.39843 119.832 
0.796588 0.812031 100374 1 1.37708 0.853846 448 1 1566 0.0267442 0.0412816 0.0621146 0.849865 1.37707 119.685 
0.796249 0.796675 100414 1 1.37708 0.853846 449 1 1567 0.0273779 0.0415699 0.0622157 0.856678 1.3828 119.68 
0.808536 0.802108 100494 1 1.37708 0.853846 450 1 1569 0.027075 0.0425082 0.0650069 0.867906 1.37979 119.659 
0.805584 0.799904 100574 1 1.37708 0.853846 451 1 1571 0.0280291 0.039338 0.0639367 0.852183 1.39441 119.737 
0.78161 0.807989 100654 1 1.37708 0.853846 452 1 1573 0.0282142 0.0367322 0.0629494 0.825296 1.38245 119.742 
0.77164 0.823915 100694 1 1.37708 0.853846 453 1 1574 0.0284505 0.0346892 0.0614505 0.808749 1.38599 119.761 
0.71456 0.808927 100775 1 1.37708 0.853846 454 1 1576 0.0281419 0.0386004 0.0623683 0.845426 1.37265 119.734 
0.706295 0.791526 100855 1 1.37708 0.853846 455 1 1578 0.028086 0.040359 0.062777 0.86779 1.38679 119.724 
0.672224 0.806562 100895 1 1.37708 0.853846 456 1 1579 0.0277307 0.0372721 0.063286 0.833628 1.38635 119.724 
0.663163 0.808033 100975 1 1.37708 0.853846 457 1 1581 0.0280051 0.0376939 0.062893 0.817234 1.39209 119.658 
0.699963 0.825315 101055 1 1.37708 0.853846 458 1 1583 0.0265887 0.0439584 0.0640138 0.852318 1.40097 119.606 
0.69104 0.831423 101136 1 1.37708 0.853846 459 1 1585 0.0259488 0.0400412 0.0653842 0.813221 1.41358 119.639 
0.721077 0.807206 101175 1 1.37708 0.853846 460 1 1586 0.0263756 0.0437706 0.0658984 0.861295 1.42703 119.647 
0.698761 0.812733 101256 1 1.37708 0.853846 461 1 1588 0.029481 0.0401077 0.0671042 0.86565 1.43307 119.723 
0.710596 0.793484 101336 1 1.37708 0.853846 462 1 1590 0.0307201 0.0335252 0.0649649 0.867735 1.44625 119.577 
0.727941 0.79857 101375 1 1.37708 0.853846 463 1 1591 0.0302241 0.0319417 0.0653432 0.874291 1.42754 119.568 
0.742011 0.810813 101455 1 1.37708 0.853846 464 1 1593 0.0308422 0.0361866 0.0637 0.904282 1.40874 119.674 
0.746046 0.828012 101496 1 1.37708 0.853846 465 1 1594 0.0307642 0.0327583 0.0653032 0.856774 1.3822 119.646 
0.728852 0.80224 101576 1 1.37708 0.853846 466 1 1596 0.0305889 0.0366684 0.062441 0.873578 1.39724 119.684 
0.720294 0.801316 101656 1 1.37708 0.853846 467 1 1598 0.0303585 0.0361844 0.061597 0.855234 1.40023 119.755 
0.722938 0.797374 101696 1 1.37708 0.853846 468 1 1599 0.0311362 0.0356424 0.0608801 0.847427 1.40107 119.817 
0.749509 0.772618 101816 1 1.37708 0.853846 469 1 1602 0.0304755 0.0389277 0.059229 0.813229 1.39216 119.852 
0.785029 0.797994 101856 1 1.37708 0.853846 470 1 1603 0.028977 0.0428479 0.0594765 0.827239 1.38643 119.792 
0.784422 0.798964 101937 1 1.37708 0.853846 471 1 1605 0.0282054 0.0440622 0.0609728 0.815871 1.37908 119.796 
0.794147 0.776721 102017 1 1.37708 0.853846 472 1 1607 0.0290849 0.0412953 0.0613168 0.805841 1.39863 119.737 
0.800914 0.777531 102098 1 1.37708 0.853846 473 1 1609 0.0291318 0.0429123 0.0610232 0.849544 1.4074 119.832 
0.453027 0.5944 102137 1 1.37708 0.853846 474 1 1610 0.0290161 0.0477123 0.0621863 0.913436 1.38646 119.854 
0.208195 0.262137 102217 1 1.37708 0.853846 475 1 1612 0.0298154 0.0483093 0.0604746 0.933613 1.38622 119.798 
0.211908 0.229193 102298 1 1.37708 0.853846 476 1 1614 0.0295087 0.0467434 0.060527 0.921093 1.38824 119.719 
0.212053 0.226539 102337 1 1.37708 0.853846 477 1 1615 0.0294356 0.0467774 0.0605591 0.920655 1.38851 119.724 
0.199386 0.219111 102418 1 1.37708 0.853846 478 1 1617 0.0293636 0.0471138 0.0607011 0.916902 1.38944 119.764 
0.20486 0.216187 102499 1 1.37708 0.853846 479 1 1619 0.0293377 0.0438841 0.060132 0.895997 1.38014 119.892 
0.200727 0.237894 102537 1 1.37708 0.853846 480 1 1620 0.0291346 0.0424009 0.0619469 0.891874 1.35677 119.901 
0.20492 0.254093 102618 1 1.37708 0.853846 481 1 1622 0.0309518 0.0429243 0.0613504 0.916215 1.35377 119.913 
0.0611753 0.207724 102698 1 1.37708 0.853846 482 1 1624 0.0306838 0.0412121 0.0618383 0.924745 1.33724 119.811 
0.0579599 0.161746 102779 1 1.37708 0.853846 483 1 1626 0.0312972 0.043758 0.0601496 0.962305 1.34214 119.963 
0.0400682 0.194962 102819 1 1.37708 0.853846 484 1 1627 0.0301662 0.0423009 0.0607868 0.956607 1.32439 119.877 
-0.053421 0.234533 102898 1 1.37708 0.853846 485 1 1629 0.0302384 0.0418216 0.0597558 0.952107 1.31213 119.936 
-0.0436 0.224612 102979 1 1.37708 0.853846 486 1 1631 0.03072 0.0413958 0.0588602 0.943318 1.3151 119.878 
-0.0617711 0.221777 103019 1 1.37708 0.853846 487 1 1632 0.0302918 0.0397402 0.0596482 0.923542 1.30983 119.891 
-0.0721361 0.238597 103060 1 1.37708 0.853846 488 1 1633 0.0295421 0.0407633 0.0593993 0.936408 1.31591 119.903 
-0.0721361 0.238597 103060 1 1.37708 0.853846 489 1 1633 0.0295421 0.0407633 0.0593993 0.936408 1.31591 119.903 
-0.0538314 0.292609 103259 1 1.37708 0.853846 490 1 1638 0.026167 0.0317551 0.0600396 0.955104 1.32193 119.922 
0.0541351 0.508373 103339 1 1.37708 0.853846 491 1 1640 0.0251748 0.0209763 0.0602388 0.925772 1.34055 119.865 
0.146112 0.667493 103420 1 1.37708 0.853846 492 1 1642 0.0271457 0.025637 0.0602728 0.987804 1.37175 119.732 
0.1965 0.674144 103500 1 1.37708 0.853846 493 1 1644 0.0261547 0.0330145 0.0617229 1.08765 1.37236 119.655 
0.168184 0.679805 103540 1 1.37708 0.853846 494 1 1645 0.0257752 0.0287863 0.0608754 1.05874 1.37216 119.725 
0.18856 0.668098 103620 1 1.37708 0.853846 495 1 1647 0.025771 0.0274315 0.0598931 1.05588 1.37704 119.724 
0.191628 0.677038 103700 1 1.37708 0.853846 496 1 1649 0.0254438 0.0259394 0.0598433 1.03012 1.39589 119.654 
0.217108 0.648887 103740 1 1.37708 0.853846 497 1 1650 0.0247231 0.029825 0.0610252 1.07306 1.39575 119.58 
0.185843 0.592111 103820 1 1.37708 0.853846 498 1 1652 0.0243143 0.0261998 0.0619007 1.03144 1.39727 119.66 
0.166727 0.42601 103901 1 1.37708 0.853846 499 1 1654 0.0249286 0.0233162 0.0598421 1.00759 1.39737 119.81 
0.165099 0.437413 103941 1 1.37708 0.853846 500 1 1655 0.0241749 0.0238533 0.0594966 1.00886 1.39121 119.734 
0.17688 0.43967 104020 1 1.37708 0.853846 501 1 1657 0.0215213 0.0199116 0.0629506 1.00039 1.34331 119.675 
0.207618 0.287351 104101 1 1.37708 0.853846 502 1 1659 0.0210917 0.0140393 0.0633902 0.998229 1.33199 119.767 
0.206784 0.278104 104141 1 1.37708 0.853846 503 1 1660 0.0215844 0.011379 0.0626318 1.00379 1.33201 119.841 
0.202539 0.3086 104221 1 1.37708 0.853846 504 1 1662 0.022135 0.0176136 0.0595608 1.10924 1.31664 119.94 
-0.0714073 0.217024 104301 1 1.37708 0.853846 505 1 1664 0.0237724 0.0128145 0.0565127 1.08664 1.30838 119.93 
-0.0552372 0.207103 104381 1 1.37708 0.853846 506 1 1666 0.0231414 0.0169599 0.0564092 1.13209 1.29873 119.923 
-0.0385741 0.183008 104421 1 1.37708 0.853846 507 1 1667 0.0218331 0.0162672 0.0564961 1.13025 1.30578 119.888 
0.0745001 -0.247004 104501 1 1.37708 0.853846 508 0 1669 0.0203092 0.0133233 0.0555604 1.11499 1.32357 120.001 
0.0647288 -0.236064 104583 1 1.37708 0.853846 509 0 1671 0.0211697 0.0141916 0.0557155 1.13635 1.2963 119.923 
0.0506879 -0.213591 104623 1 1.37708 0.853846 510 0 1672 0.0211385 0.0108255 0.0570427 1.11284 1.27765 119.928 
0.0557148 -0.233589 104702 1 1.37708 0.853846 511 0 1674 0.0217712 0.0122555 0.0554506 1.16255 1.2893 119.895 
0.119769 -0.23029 104782 1 1.37708 0.853846 512 0 1676 0.0212677 0.00647508 0.0565577 1.1541 1.28927 119.88 
0.150597 -0.225974 104863 1 1.37708 0.853846 513 0 1678 0.0213322 0.00666478 0.0560966 1.19149 1.28364 119.934 
0.160896 -0.224671 104902 1 1.37708 0.853846 514 0 1679 0.021241 0.00515795 0.0556901 1.19457 1.27162 119.961 
0.160896 -0.224671 104902 1 1.37708 0.853846 515 0 1679 0.021241 0.00515795 0.0556901 1.19457 1.27162 119.961 
0.142217 -0.214131 105063 1 1.37708 0.853846 516 0 1683 0.021549 -0.00293135 0.0572044 1.14289 1.2207 119.891 
0.149946 -0.223925 105143 1 1.37708 0.853846 517 0 1685 0.0212182 0.00219475 0.0565168 1.18761 1.24223 119.76 
0.153632 -0.24519 105223 1 1.37708 0.853846 518 0 1687 0.0211418 0.0040851 0.0555965 1.18768 1.26843 119.831 
0.153632 -0.24519 105223 1 1.37708 0.853846 519 0 1687 0.0211418 0.0040851 0.0555965 1.18768 1.26843 119.831 
0.296842 -0.202645 105384 1 1.37708 0.853846 520 0 1691 0.0217567 0.00781473 0.0547002 1.19957 1.29837 119.849 
0.314382 -0.213023 105464 1 1.37708 0.853846 521 0 1693 0.0222955 0.00912767 0.055497 1.1906 1.30354 119.869 
0.276392 -0.218572 105503 1 1.37708 0.853846 522 0 1694 0.0226467 0.00424715 0.0559221 1.1274 1.29908 119.977 
0.274802 -0.19591 105583 1 1.37708 0.853846 523 1 1696 0.0224389 0.00299119 0.0568942 1.09597 1.2794 119.976 
0.262642 -0.174792 105664 1 1.37708 0.853846 524 1 1698 0.0219354 0.00190966 0.0562057 1.06637 1.26723 120.015 
0.147354 -0.195162 105745 1 1.37708 0.853846 525 1 1700 0.0229485 0.00172929 0.0565386 1.05233 1.2499 119.926 
0.081896 -0.221829 105824 1 1.37708 0.853846 526 0 1702 0.0219362 0.00363323 0.0565026 1.05621 1.24905 119.989 
0.0980785 -0.207036 105904 1 1.37708 0.853846 527 0 1704 0.0209655 0.00378743 0.0575713 1.05911 1.23609 119.866 
0.0710747 -0.202115 105944 1 1.37708 0.853846 528 0 1705 0.0210146 0.000951712 0.0572376 1.03157 1.23594 119.924 
-0.0344804 -0.190829 106027 1 1.37708 0.853846 529 1 1707 0.0217135 0.00563506 0.0571195 1.08165 1.22814 119.968 
-0.0799224 -0.161358 106107 1 1.37708 0.853846 530 1 1709 0.0214057 0.00248608 0.0572251 1.04775 1.21644 120.011 
-0.0748606 -0.184559 106185 1 1.37708 0.853846 531 1 1711 0.0211684 0.00383525 0.0577419 1.05444 1.2124 120.045 
-0.0681994 -0.16893 106225 1 1.37708 0.853846 532 1 1712 0.0210655 0.00280489 0.0584704 1.0429 1.20217 120.023 
-0.0453944 -0.195839 106304 1 1.37708 0.853846 533 1 1714 0.0205502 0.00849618 0.0576808 1.09136 1.20776 120.006 
0.201134 -0.194131 106385 1 1.37708 0.853846 534 1 1716 0.0219214 0.00621547 0.058887 1.0627 1.18834 120.071 
0.21393 -0.195703 106467 1 1.37708 0.853846 535 1 1718 0.0203003 0.0108186 0.0569722 1.10557 1.18404 120.118 
0.191671 -0.186283 106505 1 1.37708 0.853846 536 1 1719 0.0202335 0.00812563 0.0555662 1.07567 1.17863 120.1 
0.274188 -0.188317 106586 1 1.37708 0.853846 537 1 1721 0.0201894 0.00866154 0.0548609 1.09102 1.17844 120.045 
0.279305 -0.170691 106665 1 1.37708 0.853846 538 1 1723 0.0211451 0.00480749 0.0538149 1.07261 1.19796 120.037 
0.267568 -0.147979 106705 1 1.37708 0.853846 539 1 1724 0.0210444 0.00599078 0.0556459 1.08715 1.18757 119.97 
0.260299 -0.146007 106786 1 1.37708 0.853846 540 1 1726 0.0212092 0.00234607 0.0549962 1.06426 1.18998 120.046 
0.271374 -0.170579 106867 1 1.37708 0.853846 541 1 1728 0.0216827 0.00379239 0.0526107 1.06084 1.20034 120.241 
0.288361 -0.183815 106948 1 1.37708 0.853846 542 1 1730 0.0214802 0.00714154 0.0524332 1.0771 1.1968 120.241 
0.290746 -0.165505 106986 1 1.37708 0.853846 543 1 1731 0.0216391 0.00615168 0.0539551 1.07089 1.18707 120.174 
0.268911 -0.153541 107066 1 1.37708 0.853846 544 1 1733 0.0219935 0.00292452 0.055901 1.05201 1.18893 120.094 
0.263862 -0.152931 107147 1 1.37708 0.853846 545 1 1735 0.0231393 0.000223096 0.055839 1.05747 1.19532 120.124 
0.233518 -0.0993276 107187 1 1.37708 0.853846 546 1 1736 0.0216895 -0.000860194 0.055658 1.06137 1.17929 120.158 
0.752211 -0.0532313 107267 1 1.37708 0.853846 547 1 1738 0.0218359 -0.003024 0.0542256 1.05698 1.16266 120.288 
0.706866 -0.0528736 107347 1 1.37708 0.853846 548 1 1740 0.0218908 -0.00135506 0.0526669 1.05718 1.16844 120.214 
0.739264 -0.0450197 107387 1 1.37708 0.853846 549 1 1741 0.0221332 -0.00204495 0.052728 1.03845 1.16981 120.185 
0.728209 -0.0669498 107467 1 1.37708 0.853846 550 1 1743 0.0212988 -0.000788409 0.0527049 1.03104 1.17972 120.307 
0.712564 -0.061792 107547 1 1.37708 0.853846 551 1 1745 0.0209999 0.000992253 0.052431 1.03649 1.18035 120.308 
0.714986 -0.0554712 107587 1 1.37708 0.853846 552 1 1746 0.0203704 0.00184224 0.053396 1.04399 1.17191 120.266 
0.714303 -0.0270929 107668 1 1.37708 0.853846 553 1 1748 0.0198717 -0.00042907 0.0556167 1.01921 1.16563 120.268 
0.712004 -0.0222279 107747 1 1.37708 0.853846 554 1 1750 0.0198309 -0.0026101 0.0569612 1.01821 1.1777 120.239 
0.652194 -0.0293083 107787 1 1.37708 0.853846 555 1 1751 0.020296 -0.011698 0.0563714 0.937682 1.18849 120.297 
0.699279 -0.0062827 107868 1 1.37708 0.853846 556 1 1753 0.0203104 -0.00495341 0.055711 1.01694 1.18911 120.321 
0.684687 -0.0112621 107948 1 1.37708 0.853846 557 1 1755 0.0208703 -0.0045487 0.0539427 1.01838 1.18236 120.296 
0.691946 0.00921152 107988 1 1.37708 0.853846 558 1 1756 0.0211871 -0.00396688 0.0532166 1.02138 1.17879 120.274 
0.712691 0.920299 108069 1 1.37708 0.853846 559 1 1758 0.0205384 -0.00461161 0.0524114 1.00948 1.17687 120.349 
0.712853 0.921134 108108 1 1.37708 0.853846 560 1 1759 0.0205354 -0.00462131 0.0524007 1.00957 1.17677 120.351 
0.734861 0.817301 108229 1 1.37708 0.853846 561 1 1762 0.0198162 -0.00115112 0.0531077 1.0426 1.16071 120.315 
0.487209 0.524575 108309 1 1.37708 0.853846 562 1 1764 0.0201656 0.00137191 0.0523433 1.0746 1.16292 120.33 
0.231428 0.00472177 108349 1 1.37708 0.853846 563 1 1765 0.0200103 0.00328276 0.0518426 1.09483 1.16574 120.303 
0.231428 0.00472177 108349 1 1.37708 0.853846 564 1 1765 0.0200103 0.00328276 0.0518426 1.09483 1.16574 120.303 
-0.166825 0.359739 108549 1 1.37708 0.853846 565 1 1770 0.020589 0.000205928 0.0553704 1.07299 1.12077 120.278 
-0.279238 0.81167 108631 1 1.37708 0.853846 566 0 1772 0.0203637 -0.00194621 0.0546096 1.04369 1.10899 120.37 
-0.225783 0.883185 108709 1 1.37708 0.853846 567 0 1774 0.0208048 0.00485072 0.0547559 1.11728 1.09741 120.496 
-0.360503 0.960942 108790 1 1.37708 0.853846 568 0 1776 0.018324 -0.00255902 0.0562008 1.06456 1.06757 120.335 
-0.332247 0.913998 108869 1 1.37708 0.853846 569 0 1778 0.0158324 -0.00311707 0.054538 1.09672 1.10961 120.166 
-0.315834 0.871704 108950 1 1.37708 0.853846 570 0 1780 0.0157411 -0.00745593 0.0528294 1.07198 1.14727 119.964 
-0.315834 0.871704 108950 1 1.37708 0.853846 571 0 1780 0.0157411 -0.00745593 0.0528294 1.07198 1.14727 119.964 
-0.315834 0.871704 108950 1 1.37708 0.853846 572 0 1780 0.0157411 -0.00745593 0.0528294 1.07198 1.14727 119.964 
-0.322767 0.881133 109110 1 1.37708 0.853846 573 0 1784 0.0143205 -0.0164479 0.0489771 1.10461 1.13749 119.784 
-0.217816 0.862803 109191 1 1.37708 0.853846 574 0 1786 0.0150379 -0.0178679 0.0442768 1.21877 1.10113 119.587 
-0.00548171 0.542426 109270 1 1.37708 0.853846 575 1 1788 0.0140579 -0.0315605 0.0475317 1.20099 1.12066 119.758 
-0.00548171 0.542426 109270 1 1.37708 0.853846 576 1 1788 0.0140579 -0.0315605 0.0475317 1.20099 1.12066 119.758 
-0.00548171 0.542426 109270 1 1.37708 0.853846 577 1 1788 0.0140579 -0.0315605 0.0475317 1.20099 1.12066 119.758 
0.0536968 0.533224 109513 1 1.37708 0.853846 578 1 1794 0.0176733 -0.0408187 0.0522224 1.23088 1.17278 119.879 
0.39884 0.480367 109591 1 1.37708 0.853846 579 1 1796 0.017182 -0.0440903 0.0502024 1.19344 1.1915 119.75 
0.398368 0.487901 109631 1 1.37708 0.853846 580 1 1797 0.0173282 -0.0434214 0.0524104 1.19357 1.17968 119.704 
0.398368 0.487901 109631 1 1.37708 0.853846 581 1 1797 0.0173282 -0.0434214 0.0524104 1.19357 1.17968 119.704 
0.402015 0.508287 109671 1 1.37708 0.853846 582 1 1798 0.0165688 -0.0394719 0.0550824 1.22498 1.17087 119.697 
0.392724 0.521834 109872 1 1.37708 0.853846 583 1 1803 0.0175446 -0.0400452 0.059843 1.21591 1.16273 119.816 
0.362724 0.518579 109912 1 1.37708 0.853846 584 1 1804 0.0174786 -0.0392362 0.0596035 1.20597 1.16548 119.838 
0.236501 0.788129 109952 1 1.37708 0.853846 585 1 1805 0.0172581 -0.0372049 0.0603355 1.22251 1.15602 119.783 
0.236501 0.788129 109952 1 1.37708 0.853846 586 1 1805 0.0172581 -0.0372049 0.0603355 1.22251 1.15602 119.783 
0.201173 0.848519 110112 1 1.37708 0.853846 587 1 1809 0.0177374 -0.0372685 0.0607419 1.17189 1.15347 119.948 
0.183485 0.859862 110192 1 1.37708 0.853846 588 1 1811 0.0173743 -0.0384977 0.0590891 1.12582 1.15983 120.009 
0.208013 0.869047 110273 1 1.37708 0.853846 589 1 1813 0.0174666 -0.0344316 0.0584807 1.13716 1.15525 119.962 
0.187354 0.876151 110352 1 1.37708 0.853846 590 1 1815 0.0169354 -0.0372323 0.0594752 1.09296 1.15384 119.979 
0.213187 0.856053 110392 1 1.37708 0.853846 591 1 1816 0.0166144 -0.0322709 0.0595193 1.14231 1.16381 120.002 
0.205494 0.861674 110473 1 1.37708 0.853846 592 1 1818 0.016554 -0.0348308 0.0615698 1.11499 1.1694 120.001 
0.206027 0.830979 110513 1 1.37708 0.853846 593 1 1819 0.0177853 -0.039552 0.06154 1.08082 1.18139 120.037 
0.186262 0.754807 110593 1 1.37708 0.853846 594 1 1821 0.0178437 -0.0392032 0.0611611 1.07858 1.17738 119.993 
0.179954 0.711396 110674 1 1.37708 0.853846 595 1 1823 0.0178164 -0.0389253 0.0624624 1.08099 1.15363 119.925 
0.199435 0.725572 110753 1 1.37708 0.853846 596 1 1825 0.0180966 -0.0359527 0.0621665 1.09541 1.14425 119.868 
0.181946 0.713245 110793 1 1.37708 0.853846 597 1 1826 0.0180988 -0.0364041 0.0621441 1.07816 1.14132 119.902 
0.201619 0.65301 110873 1 1.37708 0.853846 598 1 1828 0.0175723 -0.0323066 0.0564185 1.09524 1.15495 119.868 
0.348775 0.681007 110914 1 1.37708 0.853846 599 1 1829 0.018254 -0.0316377 0.0553839 1.08087 1.13007 119.793 
0.739298 1.0761 110994 1 1.37708 0.853846 600 1 1831 0.0176149 -0.0298396 0.0361754 0.9841 1.03499 119.823 
0.755976 1.15212 111034 1 1.37708 0.853846 601 1 1832 0.0204436 -0.00525325 0.0248348 1.05632 0.900853 119.353 
0.677619 1.21912 111114 1 1.37708 0.853846 602 0 1834 0.0279383 0.0226141 0.00293237 0.984791 0.785158 119.063 
0.652024 1.13006 111194 1 1.37708 0.853846 603 1 1836 0.0295108 0.0344294 0.0171277 0.951576 0.807519 119.318 
0.676947 1.05851 111274 1 1.37708 0.853846 604 1 1838 0.0312225 0.0429628 0.0501141 0.97388 0.958442 118.376 
0.653501 0.935929 111314 1 1.37708 0.853846 605 1 1839 0.031203 0.0368874 0.066611 0.902159 1.00836 117.724 
0.521797 0.842094 111396 1 1.37708 0.853846 606 1 1841 0.0297724 0.0339433 0.0588512 0.770156 0.922117 117.063 
0.471618 1.09001 111435 1 1.37708 0.853846 607 1 1842 0.032804 0.0397969 0.0370024 0.718085 0.783105 117.433 
0.39783 1.43656 111514 1 1.37708 0.853846 608 0 1844 0.0332433 0.0535015 0.00625897 0.598396 0.435084 118.402 
0.395777 1.42999 111595 1 1.37708 0.853846 609 0 1846 0.0295311 0.0705468 0.0010859 0.609833 0.314557 119.326 
0.445094 1.2991 111635 1 1.37708 0.853846 610 0 1847 0.0281444 0.0709087 0.00312119 0.563506 0.393657 119.228 
0.434166 1.20322 111715 1 1.37708 0.853846 611 0 1849 0.0274004 0.0734718 0.0230823 0.510019 0.537218 119.507 
0.454374 1.03968 111796 1 1.37708 0.853846 612 1 1851 0.0335966 0.0781176 0.0401759 0.4991 0.656755 119.526 
0.474086 1.00504 111875 1 1.37708 0.853846 613 1 1853 0.0359857 0.0857553 0.0475498 0.505538 0.772686 119.08 
0.447044 0.914777 111915 1 1.37708 0.853846 614 1 1854 0.036104 0.0809665 0.0428723 0.432513 0.87089 118.788 
0.433273 1.04709 111995 1 1.37708 0.853846 615 1 1856 0.0375134 0.0839924 0.0369792 0.431475 0.873604 118.513 
0.425723 1.19506 112076 1 1.37708 0.853846 616 1 1858 0.0421697 0.0871948 0.0280555 0.439829 0.823956 118.372 
0.406535 1.04784 112157 1 1.36719 0.853846 617 1 1860 0.042513 0.0835446 0.0243318 0.406586 0.85103 118.367 
0.458373 0.951962 112196 1 1.36719 0.853846 618 1 1861 0.0424554 0.089262 0.02634 0.48003 0.875267 118.393 
0.50242 0.848831 112276 1 1.36719 0.853846 619 1 1863 0.0439354 0.0942714 0.0343555 0.541276 0.951166 118.617 
0.462885 0.860771 112316 1 1.36719 0.853846 620 1 1864 0.0430972 0.0918634 0.0406249 0.535015 0.959357 118.592 
0.496338 0.763604 112397 1 1.36719 0.853846 621 1 1866 0.043266 0.0941143 0.0417039 0.607178 1.05272 118.814 
0.544042 0.721583 112477 1 1.36719 0.853846 622 1 1868 0.0405397 0.0894194 0.0504736 0.664527 1.12871 118.821 
0.56539 0.687317 112517 1 1.31354 0.854808 623 1 1869 0.0390233 0.0868008 0.0497486 0.675545 1.20785 118.854 
0.707345 1.88961 112596 1 1.26042 0.869231 624 0 1871 0.036611 0.0800593 0.0541091 0.633304 1.18498 118.798 
0.518793 1.70864 112677 1 1.21615 0.882692 625 0 1873 0.0339717 0.0851896 0.0472884 0.668013 1.12722 118.972 
0.521145 1.33059 112757 1 1.21615 0.882692 626 0 1875 0.0309961 0.0758054 0.0448063 0.589115 1.08033 119.137 
0.546846 1.17144 112838 1 1.21615 0.882692 627 1 1877 0.0294008 0.0766542 0.0472516 0.623786 1.10129 119.254 
0.567414 1.05435 112878 1 1.21667 0.883654 628 1 1878 0.0295019 0.0769606 0.0493417 0.650968 1.12479 119.252 
0.548674 1.01711 112957 1 1.19219 0.885577 629 1 1880 0.0285014 0.0725284 0.0509663 0.662804 1.16326 119.19 
0.495341 0.992757 112997 1 1.11875 0.885577 630 1 1881 0.028117 0.0645336 0.0483462 0.609262 1.16853 119.078 
0.493623 1.05356 113078 1 0.999479 0.886538 631 1 1883 0.025157 0.057637 0.0450819 0.621985 1.10391 119.009 
0.493623 1.05356 113078 1 0.946354 0.880769 632 1 1883 0.025157 0.057637 0.0450819 0.621985 1.10391 119.009 
0.496511 1.04497 113118 1 1.11771 0.789423 633 1 1884 0.0242852 0.0562809 0.0404755 0.652008 1.10973 118.999 
0.753167 1.78706 113320 1 1.14688 0.773077 634 0 1889 0.0246342 0.0394413 0.048134 0.682281 1.16937 119.06 
1.15678 3.51479 113398 1 0.847396 0.771154 635 0 1891 0.024543 0.0377771 0.0479742 0.676755 1.22457 119.311 
1.09967 2.27382 113479 1 0.641667 0.778846 636 0 1893 0.0269627 0.0415812 0.0467169 0.711406 1.21414 119.483 
0.925334 1.7127 113559 1 0.648438 0.778846 637 0 1895 0.0265487 0.0383894 0.043433 0.650956 1.17918 119.37 
0.899962 1.50304 113639 1 0.745833 0.757692 638 0 1897 0.0264208 0.0427269 0.0427454 0.677405 1.18355 119.458 
0.419239 1.3419 113679 1 0.779167 0.753846 639 0 1898 0.0262823 0.0421905 0.0417522 0.674325 1.19453 119.434 
0.363003 1.10761 113759 1 0.779167 0.753846 640 1 1900 0.0251366 0.0463434 0.0444545 0.749246 1.1591 119.586 
0.423055 1.06244 113799 1 0.775521 0.753846 641 1 1901 0.0236742 0.0464872 0.0423332 0.790098 1.16168 119.616 
0.251469 1.33465 113879 1 0.720833 0.755769 642 0 1903 0.0212477 0.030641 0.041084 0.772217 1.14359 119.608 
0.165774 1.48169 113960 1 0.681771 0.757692 643 0 1905 0.0153396 0.012993 0.0385994 0.861306 1.16819 119.876 
0.161865 1.5379 113999 1 0.672917 0.757692 644 0 1906 0.0123969 -0.00841032 0.0413801 0.83139 1.14052 119.93 
0.254795 1.57408 114079 1 0.674479 0.751923 645 0 1908 0.00840366 -0.0273407 0.0458509 0.972397 1.10175 120.105 
0.318394 1.64542 114200 1 0.779167 0.720192 646 0 1911 0.00847662 -0.0528052 0.0477197 1.05481 1.07874 120.29 
0.374418 1.64905 114240 1 0.915625 0.621154 647 0 1912 0.00734951 -0.0533096 0.0476162 1.13754 1.07839 120.325 
0.454056 1.66475 114446 1 0.914063 0.608654 648 0 1917 0.00530931 -0.0626692 0.0491148 1.26219 1.05562 120.244 
0.455427 1.55487 114525 1 0.541667 0.495192 649 0 1919 0.00638091 -0.0626642 0.0467103 1.26434 1.06912 120.328 
0.586038 1.11539 114561 1 0.524479 0.525 650 1 1920 0.00645686 -0.0640582 0.046993 1.24421 1.04329 120.321 
0.472494 0.863892 114720 1 0.517188 0.5875 651 1 1924 0.00942668 -0.0727111 0.0465279 1.1193 0.959051 120.382 
0.478356 0.746195 114801 1 0.504687 0.607692 652 1 1926 0.0128331 -0.0669041 0.0486388 1.13495 0.967036 120.41 
0.48208 0.689271 114881 1 0.508333 0.5875 653 1 1928 0.0160032 -0.0662603 0.0449215 1.11492 1.02049 120.533 
0.498144 0.718884 114962 1 0.514583 0.55 654 1 1930 0.0153721 -0.0630245 0.0447295 1.11837 0.989895 120.67 
0.491502 0.735412 115041 1 0.521354 0.506731 655 1 1932 0.0160104 -0.059071 0.0405603 1.10881 0.989607 120.64 
0.527506 0.716145 115121 1 0.519792 0.481731 656 1 1934 0.0171548 -0.0531331 0.0400315 1.09451 0.981607 120.636 
0.673555 0.686812 115162 1 0.519271 0.480769 657 1 1935 0.0176653 -0.0574324 0.0385456 1.02241 0.986647 120.565 
0.625738 0.678592 115242 1 0.518229 0.482692 658 1 1937 0.0187307 -0.0481764 0.0356126 1.00304 0.98412 120.556 
0.635096 0.655489 115322 1 0.510417 0.482692 659 1 1939 0.0204725 -0.0365854 0.0312742 1.01314 0.972679 120.752 
0.674902 0.646669 115402 1 0.492708 0.482692 660 1 1941 0.0233131 -0.0209926 0.0261042 1.05585 0.975019 120.652 
0.634133 0.642066 115442 1 0.482812 0.482692 661 1 1942 0.0222992 -0.0245548 0.0275581 0.983133 0.943201 120.656 
0.543389 0.426372 115522 1 0.470833 0.477885 662 1 1944 0.0224833 -0.0121062 0.026821 0.994239 0.922773 120.635 
0.529747 0.361385 115603 1 0.470833 0.463462 663 1 1946 0.0221661 -0.0128318 0.0245711 0.94051 0.922465 120.642 
0.53979 0.401679 115683 1 0.472396 0.426923 664 1 1948 0.0200918 -0.012806 0.0236069 0.924202 0.901788 120.564 
0.505656 0.333579 115723 1 0.464062 0.379808 665 1 1949 0.020261 -0.0111498 0.0216192 0.941514 0.916862 120.592 
0.393012 0.0813905 115803 1 0.454167 0.365385 666 1 1951 0.0196882 -0.0110491 0.0203103 0.95499 0.936707 120.521 
0.368493 0.0351669 115883 1 0.392708 0.398077 667 1 1953 0.0197524 -0.0205292 0.0202224 0.895726 0.94497 120.513 
0.390883 0.0305824 115964 1 0.263021 0.4125 668 1 1955 0.0192258 -0.0160379 0.0187755 0.959224 0.945963 120.541 
0.379402 0.0248064 116003 1 0.248438 0.409615 669 1 1956 0.0195708 -0.0195147 0.0182726 0.933749 0.939873 120.557 
0.427624 0.374587 116084 1 0.255729 0.402885 670 1 1958 0.0187251 -0.0137643 0.0200739 0.987699 0.908433 120.392 
0.437909 0.37407 116163 1 0.257813 0.390385 671 1 1960 0.018877 -0.0141085 0.0200347 0.990906 0.908059 120.444 
0.343239 0.322921 116203 1 0.214062 0.363462 672 1 1961 0.0189202 -0.0167496 0.0194631 0.976023 0.910143 120.517 
0.0513752 0.30829 116284 1 0.188021 0.352885 673 1 1963 0.0184498 -0.017124 0.0175217 0.993443 0.914286 120.446 
0.0494549 0.331256 116365 1 0.190104 0.349038 674 1 1965 0.0179538 -0.0204496 0.0166547 0.969555 0.907213 120.396 
-0.0512403 0.267528 116445 1 0.190104 0.348077 675 1 1967 0.0177189 -0.0190332 0.0160273 1.01021 0.910538 120.316 
-0.0899782 0.250244 116486 1 0.191146 0.346154 676 1 1968 0.0177397 -0.025104 0.0156406 0.962671 0.919704 120.334 
-0.0995345 0.247501 116564 1 0.194271 0.341346 677 1 1970 0.0173315 -0.0298981 0.0168011 0.958683 0.925197 120.24 
-0.219731 0.251493 116645 1 0.194271 0.340385 678 0 1972 0.0176548 -0.0319157 0.0177748 0.962974 0.922451 120.308 
-0.203179 0.275524 116685 1 0.194271 0.340385 679 0 1973 0.0176843 -0.026699 0.018332 1.02061 0.912299 120.238 
