ImageFile:
0.665408 0.951575 71476 1 0.267708 0.259615 1 1 647 -0.0355305 -0.0174886 -0.0331324 -0.374509 3.73479 139.04 
0.664347 0.947437 71516 1 0.267708 0.259615 2 1 648 -0.0328589 -0.0164818 -0.0338216 -0.378458 3.74864 139.018 
0.721211 0.905016 71597 1 0.267708 0.259615 3 1 650 -0.0342102 -0.0127185 -0.0335101 -0.391464 3.74698 139.058 
0.841026 0.942121 71677 1 0.267188 0.270192 4 1 652 -0.0305517 -0.0056032 -0.037657 -0.380142 3.76394 138.913 
0.978142 0.495019 71717 1 0.267188 0.324038 5 1 653 -0.0292246 -0.00672046 -0.0377145 -0.41714 3.76367 138.892 
1.03867 -0.212863 71797 1 0.266667 0.460577 6 0 655 -0.0300448 -0.00789909 -0.0295069 -0.450607 3.66962 138.803 
1.07992 -0.231869 71877 1 0.265104 0.696154 7 0 657 -0.0297565 -0.00606817 -0.0203497 -0.432142 3.56829 138.935 
1.21512 -0.433274 71957 1 0.238542 0.855769 8 0 659 -0.0307581 0.00316306 -0.0165705 -0.327233 3.51758 139.227 
1.11669 -0.405323 72038 1 0.207292 0.9125 9 0 661 -0.0311965 -0.00445479 -0.0135324 -0.398278 3.48896 139.353 
1.13229 -0.352899 72117 1 0.2 0.930769 10 0 663 -0.0297739 -0.00659836 -0.0108892 -0.374893 3.47529 139.288 
1.14586 -0.284954 72157 1 0.199479 0.946154 11 0 664 -0.0293919 -0.00682105 -0.00982089 -0.349389 3.46354 139.32 
1.15253 -0.211059 72237 1 0.16875 0.968269 12 0 666 -0.0286288 -0.0112819 -0.00830548 -0.361201 3.43987 139.411 
1.1561 -0.24103 72318 1 0.138542 0.971154 13 0 668 -0.0278062 -0.00949523 -0.0119671 -0.336308 3.44719 139.481 
1.1366 -0.23668 72398 1 0.1125 0.973077 14 0 670 -0.0275794 -0.00845488 -0.0153335 -0.349313 3.45552 139.586 
1.15219 -0.188935 72439 1 0.0958333 0.975962 15 1 671 -0.029725 -0.00615429 -0.0132373 -0.337633 3.42574 139.546 
1.09661 -0.202894 72558 1 0.09375 0.976923 16 0 674 -0.0303721 -0.00996932 -0.0192912 -0.399187 3.48725 139.696 
1.09661 -0.202894 72558 1 0.0927083 0.976923 17 0 674 -0.0303721 -0.00996932 -0.0192912 -0.399187 3.48725 139.696 
1.09661 -0.202894 72558 1 0.0869792 0.976923 18 0 674 -0.0303721 -0.00996932 -0.0192912 -0.399187 3.48725 139.696 
1.06533 -0.176678 72761 1 0.0796875 0.976923 19 1 679 -0.028508 -0.0144384 -0.032207 -0.485649 3.57068 139.554 
1.04775 -0.292196 72838 1 0.0770833 0.976923 20 0 681 -0.0297103 -0.0124863 -0.0380379 -0.495033 3.61608 139.54 
1.03381 -0.32585 72919 1 0.0765625 0.976923 21 0 683 -0.0294955 -0.0147673 -0.0410927 -0.520453 3.64123 139.417 
1.0229 -0.311109 72999 1 0.0765625 0.976923 22 0 685 -0.0289471 -0.015401 -0.0446076 -0.51207 3.66051 139.296 
1.03285 -0.284092 73080 1 0.0765625 0.976923 23 0 687 -0.0295074 -0.0161923 -0.0443733 -0.502549 3.65642 139.29 
1.04947 -0.287202 73120 1 0.0765625 0.976923 24 0 688 -0.0290909 -0.0148686 -0.0429103 -0.491674 3.63925 139.335 
1.06241 -0.287365 73160 1 0.0765625 0.976923 25 0 689 -0.0287606 -0.012472 -0.0421262 -0.472399 3.62557 139.318 
1.06241 -0.287365 73160 1 0.0765625 0.976923 26 0 689 -0.0287606 -0.012472 -0.0421262 -0.472399 3.62557 139.318 
1.06521 -0.217508 73360 1 0.0765625 0.976923 27 0 694 -0.0288583 -0.0116218 -0.0390376 -0.490301 3.57501 139.412 
1.05757 -0.227001 73480 1 0.0765625 0.976923 28 0 697 -0.0288384 -0.0130663 -0.0397735 -0.503206 3.58001 139.435 
1.05757 -0.227001 73480 1 0.0765625 0.976923 29 0 697 -0.0288384 -0.0130663 -0.0397735 -0.503206 3.58001 139.435 
1.03522 -0.174586 73600 1 0.0765625 0.976923 30 1 700 -0.0295564 -0.0128337 -0.0375792 -0.504389 3.55297 139.579 
1.09644 -0.152301 73680 1 0.0765625 0.976923 31 1 702 -0.0304783 -0.0124082 -0.0377846 -0.509113 3.55028 139.53 
1.08014 -0.180353 73760 1 0.0765625 0.976923 32 1 704 -0.0310345 -0.0141647 -0.0394058 -0.539171 3.56829 139.561 
1.08359 -0.156578 73801 1 0.0765625 0.976923 33 1 705 -0.0305741 -0.0151045 -0.0379174 -0.547628 3.5556 139.552 
1.08359 -0.156578 73801 1 0.0765625 0.976923 34 1 705 -0.0305741 -0.0151045 -0.0379174 -0.547628 3.5556 139.552 
1.06545 -0.162818 73961 1 0.0765625 0.975962 35 1 709 -0.0300324 -0.0147547 -0.0397312 -0.52849 3.56289 139.564 
1.10452 -0.118776 74041 1 0.0765625 0.975962 36 1 711 -0.0299246 -0.0142406 -0.0384528 -0.518691 3.54088 139.645 
1.11911 -0.0933397 74081 1 0.0765625 0.975962 37 1 712 -0.0302061 -0.0126835 -0.0377482 -0.510996 3.53214 139.695 
1.10896 -0.110723 74161 1 0.0765625 0.975962 38 1 714 -0.0304029 -0.0152439 -0.0412089 -0.542072 3.54744 139.748 
1.0176 -0.158737 74244 1 0.0765625 0.975962 39 1 716 -0.0311554 -0.0168906 -0.0428185 -0.570869 3.55432 139.715 
1.05348 -0.0986762 74322 1 0.0776042 0.975 40 1 718 -0.03206 -0.0121421 -0.0411571 -0.525854 3.54553 139.732 
1.10651 -0.0536804 74401 1 0.0770833 0.975 41 1 720 -0.0324063 -0.013867 -0.0395061 -0.545158 3.52877 139.774 
1.11507 -0.0943118 74441 1 0.0765625 0.975 42 1 721 -0.032386 -0.0138624 -0.041354 -0.538826 3.5428 139.754 
1.11216 0.266011 74522 1 0.0765625 0.975 43 1 723 -0.0316492 -0.0140283 -0.0501917 -0.53603 3.61769 139.83 
1.98243 2.24644 74602 1 0.0765625 0.975 44 0 725 -0.0314014 -0.0204917 -0.0538735 -0.599836 3.67355 140.338 
1.05751 -0.00368278 74683 1 0.0765625 0.975 45 1 727 -0.0331501 -0.0162538 -0.0477876 -0.580998 3.59912 139.986 
1.07117 -0.183555 74762 1 0.0765625 0.975 46 1 729 -0.0330484 -0.016116 -0.0458913 -0.575112 3.58147 139.914 
1.09134 -0.183642 74842 1 0.0765625 0.975 47 1 731 -0.0333164 -0.0148676 -0.0450761 -0.559388 3.56611 139.938 
1.09296 -0.189598 74883 1 0.0765625 0.975 48 1 732 -0.0330225 -0.0164226 -0.0468478 -0.566289 3.58216 139.923 
1.11166 -0.201992 74963 1 0.0765625 0.975 49 0 734 -0.03153 -0.0160583 -0.0451113 -0.551043 3.5659 140.104 
1.10788 -0.26227 75044 1 0.0765625 0.975 50 0 736 -0.0320207 -0.0169524 -0.0507998 -0.556636 3.59127 139.954 
1.12468 -0.254814 75083 1 0.0765625 0.975 51 0 737 -0.0315715 -0.0172197 -0.0493482 -0.561375 3.56784 139.925 
1.12373 -0.311769 75163 1 0.0765625 0.975 52 0 739 -0.0325778 -0.0132641 -0.0523258 -0.55259 3.58594 139.947 
1.10636 -0.281151 75243 1 0.0765625 0.975 53 0 741 -0.0339332 -0.012228 -0.0499988 -0.568824 3.57755 140.067 
1.12108 -0.229524 75326 1 0.0765625 0.975 54 0 743 -0.0338684 -0.0129017 -0.0516435 -0.585693 3.58094 139.996 
1.09722 -0.195266 75404 1 0.0765625 0.975 55 1 745 -0.0341115 -0.0144715 -0.0540774 -0.608168 3.5897 139.861 
1.08141 -0.201556 75444 1 0.0755208 0.973077 56 0 746 -0.0336439 -0.0142532 -0.0518712 -0.61633 3.567 139.907 
1.08075 -0.239205 75523 1 0.0541667 0.952885 57 0 748 -0.0342703 -0.0125829 -0.0550974 -0.616505 3.58512 139.839 
1.06958 -0.278214 75604 1 -0.0661458 0.872115 58 0 750 -0.034688 -0.0117097 -0.0553465 -0.626583 3.58632 139.815 
1.0519 -0.30207 75644 1 -0.304688 0.758654 59 0 751 -0.0348004 -0.0123283 -0.055883 -0.636086 3.58789 139.806 
1.05516 -0.299377 75724 1 -0.571354 0.661538 60 0 753 -0.035203 -0.0128372 -0.0561088 -0.642737 3.59373 139.877 
1.04488 -0.296979 75805 1 -0.698958 0.6 61 0 755 -0.0360151 -0.0106523 -0.0560825 -0.624871 3.59183 139.834 
1.05813 -0.251964 75844 1 -0.698958 0.599038 62 0 756 -0.0352057 -0.0125526 -0.0556166 -0.636841 3.58297 139.775 
1.05813 -0.251964 75844 1 -0.698958 0.599038 63 0 756 -0.0352057 -0.0125526 -0.0556166 -0.636841 3.58297 139.775 
1.03796 -0.230857 76005 1 -0.698958 0.599038 64 0 760 -0.0348024 -0.011666 -0.0577716 -0.628313 3.57482 139.567 
1.04431 -0.310353 76085 1 -0.642188 0.653846 65 0 762 -0.0345067 -0.0122732 -0.0625371 -0.636761 3.60599 139.45 
1.04668 -0.327683 76128 1 -0.647917 0.656731 66 0 763 -0.0345762 -0.0101684 -0.0624012 -0.625431 3.6059 139.474 
1.05142 -0.341413 76166 1 -0.714583 0.634615 67 0 764 -0.0352192 -0.0122732 -0.0592338 -0.644368 3.58441 139.57 
1.05142 -0.341413 76166 1 -0.789063 0.588462 68 0 764 -0.0352192 -0.0122732 -0.0592338 -0.644368 3.58441 139.57 
1.05565 -0.306442 76368 1 -0.776563 0.577885 69 0 769 -0.0353534 -0.00916434 -0.0614564 -0.601191 3.5941 139.406 
1.03702 -0.264242 76446 1 -0.729688 0.575 70 0 771 -0.0356799 -0.0123641 -0.0566054 -0.631716 3.56199 139.386 
1.04646 -0.196351 76486 1 -0.7 0.575962 71 1 772 -0.0349406 -0.0119447 -0.0512832 -0.636618 3.52677 139.491 
1.05128 -0.219193 76567 1 -0.694271 0.585577 72 0 774 -0.0348585 -0.00969218 -0.0522143 -0.620791 3.53688 139.374 
1.06431 -0.204991 76646 1 -0.69375 0.593269 73 0 776 -0.0352838 -0.0104878 -0.0549592 -0.618733 3.57724 139.429 
1.07361 -0.134703 76726 1 -0.694792 0.598077 74 1 778 -0.0355087 -0.00938671 -0.0537047 -0.604983 3.57235 139.498 
1.0591 -0.123862 76766 1 -0.694792 0.598077 75 1 779 -0.0356091 -0.0114803 -0.0544765 -0.615016 3.58421 139.498 
1.05192 -0.130702 76887 1 -0.694792 0.598077 76 1 782 -0.034269 -0.0117904 -0.05582 -0.615571 3.5763 139.484 
1.04722 -0.124525 76967 1 -0.671354 0.598077 77 1 784 -0.0344807 -0.0127728 -0.0550444 -0.625428 3.56204 139.463 
1.06508 -0.172952 77049 1 -0.633854 0.598077 78 1 786 -0.034574 -0.00880402 -0.0551437 -0.602007 3.56126 139.454 
1.04027 -0.179934 77127 1 -0.628646 0.597115 79 1 788 -0.0361836 -0.0110334 -0.055107 -0.622478 3.57578 139.586 
1.04027 -0.179934 77127 1 -0.628646 0.597115 80 1 788 -0.0361836 -0.0110334 -0.055107 -0.622478 3.57578 139.586 
1.04027 -0.179934 77127 1 -0.628646 0.597115 81 1 788 -0.0361836 -0.0110334 -0.055107 -0.622478 3.57578 139.586 
1.05472 -0.150035 77328 1 -0.628125 0.597115 82 1 793 -0.0354468 -0.0106057 -0.0553701 -0.601719 3.57864 139.632 
1.08412 -0.132241 77367 1 -0.628125 0.597115 83 1 794 -0.035258 -0.00866737 -0.0563135 -0.580454 3.58216 139.582 
1.07753 -0.157976 77447 1 -0.628125 0.597115 84 1 796 -0.0346004 -0.0106068 -0.0572115 -0.598584 3.58496 139.522 
1.08065 -0.00429406 77528 1 -0.628125 0.597115 85 1 798 -0.0355407 -0.012421 -0.0586812 -0.601574 3.60514 139.622 
1.03024 1.10183 77568 1 -0.628125 0.597115 86 1 799 -0.0358665 -0.0122511 -0.0638903 -0.591558 3.66022 139.73 
0.960313 1.52682 77689 1 -0.628125 0.597115 87 0 802 -0.0359139 -0.0150515 -0.0749317 -0.583385 3.77523 139.938 
0.952727 1.52753 77728 1 -0.628125 0.597115 88 0 803 -0.0362989 -0.0141288 -0.0768316 -0.565814 3.78893 139.93 
0.940952 1.39472 77808 1 -0.628125 0.597115 89 0 805 -0.0353062 -0.0147003 -0.0813464 -0.572687 3.82105 139.836 
0.938461 1.42244 77888 1 -0.628125 0.597115 90 0 807 -0.0351326 -0.0143511 -0.08092 -0.599624 3.80467 139.732 
0.947177 1.41013 77928 1 -0.628125 0.597115 91 0 808 -0.0354951 -0.015012 -0.0827998 -0.619365 3.80876 139.689 
0.946061 1.41262 78009 1 -0.628125 0.597115 92 0 810 -0.0366571 -0.0114219 -0.0826556 -0.614158 3.80776 139.674 
0.946061 1.41262 78009 1 -0.628125 0.597115 93 0 810 -0.0366571 -0.0114219 -0.0826556 -0.614158 3.80776 139.674 
0.966436 1.42302 78049 1 -0.628125 0.597115 94 0 811 -0.0363396 -0.0112702 -0.0848986 -0.620763 3.82157 139.645 
0.914268 1.36885 78209 1 -0.628125 0.597115 95 0 815 -0.0362783 -0.0127068 -0.0896068 -0.658157 3.8424 139.714 
0.892822 1.35391 78289 1 -0.628125 0.597115 96 0 817 -0.0367396 -0.0134775 -0.0906879 -0.680882 3.8469 139.69 
0.878325 1.34181 78329 1 -0.628125 0.597115 97 0 818 -0.0378856 -0.0135184 -0.0901642 -0.682314 3.86364 139.634 
0.878325 1.34181 78329 1 -0.628125 0.597115 98 0 818 -0.0378856 -0.0135184 -0.0901642 -0.682314 3.86364 139.634 
0.920338 1.40848 78489 1 -0.628125 0.597115 99 0 822 -0.0360674 -0.0154054 -0.0881958 -0.683834 3.85397 139.588 
0.955318 1.43515 78529 1 -0.628125 0.597115 100 0 823 -0.0356937 -0.0124657 -0.0868775 -0.644804 3.8483 139.706 
1.00897 1.42377 78610 1 -0.628125 0.597115 101 0 825 -0.0352933 -0.0103861 -0.0882878 -0.604735 3.84779 139.59 
0.986869 1.43649 78650 1 -0.628125 0.597115 102 0 826 -0.0353578 -0.0120564 -0.0888775 -0.626319 3.85264 139.625 
0.986869 1.43649 78650 1 -0.628125 0.597115 103 0 826 -0.0353578 -0.0120564 -0.0888775 -0.626319 3.85264 139.625 
0.958715 1.41258 78850 1 -0.628125 0.597115 104 0 831 -0.0363832 -0.0107299 -0.0907622 -0.630298 3.86383 139.578 
0.948554 1.42558 78890 1 -0.628125 0.597115 105 0 832 -0.0365646 -0.012553 -0.0892761 -0.653624 3.85051 139.6 
0.965171 1.4792 78970 1 -0.628125 0.597115 106 0 834 -0.0365292 -0.011555 -0.0878565 -0.64344 3.83973 139.643 
0.965171 1.4792 78970 1 -0.628125 0.597115 107 0 834 -0.0365292 -0.011555 -0.0878565 -0.64344 3.83973 139.643 
0.955921 1.469 79011 1 -0.628125 0.597115 108 0 835 -0.0364369 -0.0114479 -0.0873912 -0.645069 3.83379 139.677 
0.934344 1.47161 79171 1 -0.628125 0.597115 109 0 839 -0.0372668 -0.0139699 -0.0891534 -0.684475 3.83802 139.695 
0.939364 1.44653 79251 1 -0.628125 0.597115 110 0 841 -0.0371939 -0.0123907 -0.0926587 -0.658161 3.8745 139.617 
0.925325 1.43429 79291 1 -0.628125 0.597115 111 0 842 -0.0374462 -0.0150382 -0.0923552 -0.680997 3.87232 139.594 
0.925325 1.43429 79291 1 -0.628125 0.597115 112 0 842 -0.0374462 -0.0150382 -0.0923552 -0.680997 3.87232 139.594 
0.954991 1.47704 79452 1 -0.628125 0.597115 113 0 846 -0.0372352 -0.0137521 -0.0919578 -0.653533 3.86742 139.616 
0.9801 1.49506 79493 1 -0.628125 0.597115 114 0 847 -0.0369924 -0.0107557 -0.0919905 -0.627034 3.86021 139.613 
0.222135 1.06619 79572 1 -0.628125 0.597115 115 1 849 -0.0374119 -0.0106197 -0.0837608 -0.6316 3.77983 139.8 
0.0673021 0.71957 79611 1 -0.628125 0.597115 116 1 850 -0.037772 -0.00749625 -0.0787296 -0.604867 3.72886 139.737 
0.0110069 0.668696 79772 1 -0.628125 0.597115 117 1 854 -0.0351403 -0.0147814 -0.0745079 -0.686394 3.6951 139.773 
-0.0118885 0.697524 79852 1 -0.628125 0.597115 118 1 856 -0.0352332 -0.0144487 -0.0748819 -0.689576 3.69159 139.849 
-0.083575 0.698313 79933 1 -0.628125 0.597115 119 1 858 -0.0361058 -0.00934692 -0.0778951 -0.640465 3.69935 139.703 
-0.0753452 0.705925 79973 1 -0.628125 0.597115 120 1 859 -0.0369397 -0.00977057 -0.0777219 -0.642914 3.68913 139.832 
-0.126316 0.702146 80052 1 -0.628125 0.597115 121 1 861 -0.0363284 -0.0107692 -0.0793224 -0.64335 3.70937 139.729 
-0.157102 0.752564 80133 1 -0.628125 0.597115 122 1 863 -0.0373521 -0.0108525 -0.0761664 -0.62456 3.67615 139.771 
-0.119984 0.684196 80213 1 -0.628125 0.597115 123 1 865 -0.0357573 -0.0104936 -0.0802443 -0.599237 3.72071 139.624 
-0.102992 0.737834 80293 1 -0.628125 0.597115 124 1 867 -0.0357949 -0.010852 -0.0748502 -0.59039 3.66968 139.825 
-0.0914543 0.808713 80373 1 -0.628125 0.597115 125 1 869 -0.0349453 -0.00871589 -0.0722866 -0.580469 3.63199 140.002 
-0.105146 0.965411 80413 1 -0.628125 0.597115 126 1 870 -0.0356461 -0.0082634 -0.0746042 -0.578104 3.6419 140.057 
-0.75886 2.58022 80453 1 -0.628125 0.597115 127 0 871 -0.0356461 -0.0082634 -0.0746042 -0.578104 3.6419 140.057 
-0.156684 1.09312 80575 1 -0.628125 0.597115 128 1 874 -0.0360222 -0.00682145 -0.0790875 -0.574135 3.67999 140.056 
-0.103093 0.870707 80654 1 -0.628125 0.597115 129 1 876 -0.0354898 -0.00608505 -0.0759441 -0.550385 3.63452 140.09 
-0.0748833 0.856502 80773 1 -0.628125 0.597115 130 1 879 -0.0362188 -0.00606061 -0.0724575 -0.563328 3.59688 140.135 
-0.103363 0.847964 80854 1 -0.628125 0.597115 131 1 881 -0.0362946 -0.00721832 -0.0692276 -0.596106 3.57864 140.313 
-0.121379 0.837571 80894 1 -0.628125 0.597115 132 1 882 -0.036833 -0.00759433 -0.0749596 -0.607176 3.62683 140.083 
-0.140546 0.842642 80974 1 -0.628125 0.597115 133 1 884 -0.0366537 -0.0102065 -0.0754101 -0.635143 3.61839 140.068 
-0.13366 0.875917 81055 1 -0.628125 0.597115 134 1 886 -0.0361625 -0.010358 -0.0735703 -0.629925 3.60806 140.085 
-0.102759 0.877196 81134 1 -0.628125 0.597115 135 1 888 -0.0360491 -0.00848357 -0.0742556 -0.620464 3.60383 140.096 
-0.110441 0.893104 81215 1 -0.628125 0.597115 136 1 890 -0.0359659 -0.010229 -0.0738511 -0.644019 3.59928 140.124 
-0.0717783 0.916292 81255 1 -0.628125 0.597115 137 1 891 -0.0358126 -0.00912009 -0.0715311 -0.636268 3.56761 140.08 
-0.0917249 0.856002 81335 1 -0.628125 0.597115 138 1 893 -0.0359579 -0.0108531 -0.0715675 -0.656406 3.58429 140.21 
-0.0831117 0.840975 81415 1 -0.628125 0.597115 139 1 895 -0.0354246 -0.00918719 -0.074892 -0.637387 3.62715 140.185 
-0.0561399 0.865831 81456 1 -0.628125 0.597115 140 1 896 -0.0356295 -0.00778544 -0.0732566 -0.619202 3.60304 140.134 
0.304076 0.800067 81535 1 -0.628125 0.597115 141 1 898 -0.0354928 -0.00844792 -0.0713564 -0.619783 3.58484 140.16 
2.36152 0.7097 81618 1 -0.628125 0.597115 142 0 900 -0.0359905 -0.00854105 -0.0677378 -0.628163 3.54188 140.132 
2.32494 0.676147 81696 1 -0.628125 0.597115 143 0 902 -0.0360257 -0.0115724 -0.0686867 -0.670613 3.55009 140.278 
2.42648 0.830152 81736 1 -0.628125 0.597115 144 0 903 -0.0358293 -0.0120969 -0.067934 -0.675648 3.53683 140.263 
2.56783 0.925658 81816 1 -0.628125 0.597115 145 0 905 -0.035895 -0.0135523 -0.0686495 -0.687016 3.53864 140.202 
2.56587 0.954268 81896 1 -0.628125 0.597115 146 0 907 -0.0355877 -0.0145448 -0.0702035 -0.683642 3.55535 140.243 
2.5965 0.980729 81976 1 -0.628125 0.597115 147 0 909 -0.0349064 -0.0132555 -0.0699837 -0.678267 3.53799 140.136 
2.5965 0.980729 81976 1 -0.628125 0.597115 148 0 909 -0.0349064 -0.0132555 -0.0699837 -0.678267 3.53799 140.136 
2.62579 0.980683 82097 1 -0.628125 0.597115 149 0 912 -0.0350781 -0.0147118 -0.0722951 -0.700597 3.53775 140.021 
2.57504 0.951097 82177 1 -0.628125 0.597115 150 0 914 -0.035616 -0.0164063 -0.0739166 -0.722805 3.56097 139.958 
2.56546 1.01179 82217 1 -0.628125 0.597115 151 0 915 -0.0355914 -0.0163311 -0.073891 -0.723207 3.56108 139.987 
2.44294 1.0076 82297 1 -0.628125 0.597115 152 0 917 -0.0355928 -0.0207617 -0.0779506 -0.761598 3.59336 139.913 
2.44294 1.0076 82297 1 -0.628125 0.597115 153 0 917 -0.0355928 -0.0207617 -0.0779506 -0.761598 3.59336 139.913 
2.48205 0.955606 82337 1 -0.628125 0.597115 154 0 918 -0.0347437 -0.0185334 -0.0754091 -0.735226 3.57279 139.952 
2.54274 0.99915 82498 1 -0.628125 0.597115 155 0 922 -0.0353241 -0.0164333 -0.0751979 -0.709074 3.57289 139.987 
2.5482 1.0758 82578 1 -0.628125 0.597115 156 0 924 -0.0351263 -0.0181395 -0.0746848 -0.715129 3.5742 140.012 
2.53332 1.0164 82617 1 -0.628125 0.597115 157 0 925 -0.0353166 -0.0180033 -0.073128 -0.708764 3.55903 140.027 
2.53332 1.0164 82617 1 -0.628125 0.597115 158 0 925 -0.0353166 -0.0180033 -0.073128 -0.708764 3.55903 140.027 
2.59754 1.11936 82778 1 -0.628125 0.597115 159 0 929 -0.034144 -0.0178636 -0.0702959 -0.686264 3.52557 139.978 
2.59528 1.14793 82818 1 -0.628125 0.597115 160 0 930 -0.0339736 -0.0165799 -0.0706121 -0.676167 3.52379 139.963 
2.57438 1.06003 82898 1 -0.628125 0.597115 161 0 932 -0.0341379 -0.0168967 -0.0733947 -0.686552 3.53409 139.889 
2.57935 1.02376 82938 1 -0.628125 0.597115 162 0 933 -0.0343801 -0.0161533 -0.0763704 -0.694768 3.55855 139.742 
2.57935 1.02376 82938 1 -0.628125 0.597115 163 0 933 -0.0343801 -0.0161533 -0.0763704 -0.694768 3.55855 139.742 
2.47373 0.962746 83098 1 -0.628125 0.597115 164 0 937 -0.0345145 -0.0184918 -0.0759598 -0.715424 3.57259 139.812 
2.54618 1.11892 83179 1 -0.628125 0.597115 165 0 939 -0.0340192 -0.0173116 -0.0718041 -0.688357 3.53241 139.965 
2.47953 1.00517 83219 1 -0.628125 0.597115 166 0 940 -0.0342143 -0.0192597 -0.073904 -0.701793 3.54172 139.9 
2.49101 1.03281 83259 1 -0.628125 0.597115 167 0 941 -0.0336836 -0.0177049 -0.0742877 -0.687461 3.53707 139.875 
2.49101 1.03281 83259 1 -0.628125 0.597115 168 0 941 -0.0336836 -0.0177049 -0.0742877 -0.687461 3.53707 139.875 
2.38653 0.95916 83459 1 -0.628125 0.597115 169 0 946 -0.0331381 -0.022193 -0.0791977 -0.697779 3.57628 139.786 
2.36709 0.93266 83499 1 -0.628125 0.597115 170 0 947 -0.0325217 -0.0221927 -0.0790337 -0.683735 3.57529 139.76 
1.25229 0.844902 83579 1 -0.628125 0.597115 171 0 949 -0.0315522 -0.0124839 -0.0782349 -0.546318 3.57729 139.808 
1.25229 0.844902 83579 1 -0.628125 0.597115 172 0 949 -0.0315522 -0.0124839 -0.0782349 -0.546318 3.57729 139.808 
1.10722 0.867723 83739 1 -0.628125 0.597115 173 1 953 -0.0304604 -0.0103189 -0.081667 -0.525608 3.58557 139.674 
1.13263 0.882119 83779 1 -0.628125 0.597115 174 1 954 -0.0314168 -0.0134882 -0.0801752 -0.567538 3.56875 139.839 
1.08452 0.839085 83860 1 -0.628125 0.597115 175 1 956 -0.0325267 -0.0105422 -0.0850287 -0.583552 3.60787 139.635 
1.06974 0.832075 83940 1 -0.628125 0.597115 176 1 958 -0.0330852 -0.00802118 -0.0868182 -0.579757 3.62286 139.605 
1.06866 0.834183 83980 1 -0.628125 0.597115 177 1 959 -0.0330103 -0.00797882 -0.0868465 -0.58027 3.62257 139.615 
1.0548 0.865775 84061 1 -0.628125 0.597115 178 1 961 -0.0327429 -0.00728902 -0.0874111 -0.588908 3.61673 139.72 
1.0329 0.787197 84140 1 -0.628125 0.597115 179 1 963 -0.0338455 -0.0130146 -0.0884455 -0.6693 3.62279 139.656 
1.00839 0.77964 84180 1 -0.628125 0.597115 180 1 964 -0.0341412 -0.0124305 -0.0883665 -0.674911 3.62368 139.659 
0.965278 0.827485 84261 1 -0.628125 0.597115 181 1 966 -0.0341056 -0.0133578 -0.0891246 -0.696396 3.63804 139.664 
0.964318 0.769215 84341 1 -0.628125 0.597115 182 1 968 -0.0342482 -0.0135546 -0.0891861 -0.694423 3.63732 139.634 
0.979492 0.654684 84381 1 -0.628125 0.597115 183 1 969 -0.0337726 -0.0132526 -0.0898543 -0.673152 3.64372 139.533 
0.98851 0.575381 84461 1 -0.628125 0.597115 184 1 971 -0.0330191 -0.0107694 -0.0901955 -0.632808 3.64573 139.5 
0.976934 0.512933 84541 1 -0.628125 0.597115 185 1 973 -0.0332366 -0.0102345 -0.0941438 -0.630849 3.67154 139.477 
1.00677 0.440888 84621 1 -0.628125 0.597115 186 1 975 -0.0334964 -0.00869588 -0.095049 -0.616368 3.66832 139.486 
0.983912 0.469039 84701 1 -0.628125 0.597115 187 1 977 -0.0335091 -0.00861287 -0.0955803 -0.615414 3.67932 139.394 
0.993239 0.471514 84742 1 -0.628125 0.597115 188 1 978 -0.0329025 -0.0107849 -0.0953998 -0.638978 3.68505 139.443 
1.01196 0.523212 84822 1 -0.628125 0.597115 189 1 980 -0.0335682 -0.00764681 -0.0941627 -0.609016 3.67067 139.456 
1.02108 0.498752 84901 1 -0.628125 0.597115 190 1 982 -0.0330079 -0.00769528 -0.0958892 -0.612634 3.67736 139.439 
1.01767 0.511577 84941 1 -0.628125 0.597115 191 1 983 -0.0332036 -0.00766966 -0.0960684 -0.614184 3.67559 139.551 
1.01481 0.499853 85022 1 -0.628125 0.597115 192 1 985 -0.0338131 -0.0101681 -0.097046 -0.646504 3.67783 139.564 
0.97801 0.488415 85102 1 -0.628125 0.597115 193 1 987 -0.0331517 -0.0102432 -0.0955969 -0.647548 3.67356 139.504 
0.981447 0.507377 85142 1 -0.628125 0.597115 194 1 988 -0.0331245 -0.0106251 -0.0958238 -0.64701 3.67553 139.463 
0.969194 0.541604 85223 1 -0.628125 0.597115 195 1 990 -0.0339958 -0.00998731 -0.0933062 -0.630696 3.66214 139.423 
0.991469 0.537794 85262 1 -0.628125 0.597115 196 1 991 -0.0332725 -0.0105936 -0.0930443 -0.625635 3.66415 139.443 
0.994229 0.554789 85342 1 -0.628125 0.597115 197 1 993 -0.032982 -0.0105321 -0.0932413 -0.627134 3.66183 139.542 
0.992346 0.641465 85423 1 -0.628125 0.597115 198 1 995 -0.0315927 -0.011657 -0.0994919 -0.637729 3.64775 138.612 
0.966307 0.56012 85503 1 -0.628125 0.597115 199 1 997 -0.0321714 -0.0112326 -0.105617 -0.64932 3.69548 138.411 
0.905995 0.509777 85584 1 -0.628125 0.597115 200 1 999 -0.0328278 -0.0146957 -0.110761 -0.692034 3.74806 138.261 
0.946784 0.352648 85663 1 -0.628125 0.597115 201 1 1001 -0.0330047 -0.0159437 -0.109546 -0.70855 3.73957 138.301 
0.944792 0.370243 85743 1 -0.628125 0.597115 202 1 1003 -0.032687 -0.0169738 -0.110789 -0.710661 3.75081 138.256 
0.968619 0.383167 85783 1 -0.628125 0.597115 203 1 1004 -0.0327547 -0.0163732 -0.108753 -0.704552 3.73259 138.319 
0.968619 0.383167 85864 1 -0.628125 0.597115 204 1 1006 -0.0327547 -0.0163732 -0.108753 -0.704552 3.73259 138.319 
1.04739 0.0969586 85944 1 -0.628125 0.597115 205 1 1008 -0.0327897 -0.0190882 -0.107957 -0.732003 3.72831 138.376 
1.07253 0.0728413 86023 1 -0.628125 0.597115 206 1 1010 -0.0327707 -0.0173991 -0.110642 -0.705046 3.748 138.188 
1.06961 -0.00617993 86104 1 -0.628125 0.597115 207 1 1012 -0.031977 -0.0169263 -0.107997 -0.665465 3.72852 138.291 
1.10246 -0.00930345 86144 1 -0.628125 0.597115 208 1 1013 -0.0309573 -0.0170543 -0.106825 -0.650101 3.71899 138.324 
1.05999 0.0382703 86224 1 -0.628125 0.597115 209 1 1015 -0.0299958 -0.0134886 -0.10504 -0.597642 3.69592 138.445 
0.572417 0.264885 86305 1 -0.628125 0.597115 210 1 1017 -0.0309008 -0.0131289 -0.102351 -0.587005 3.65128 138.655 
0.564513 0.324727 86345 1 -0.628125 0.597115 211 1 1018 -0.030909 -0.0092099 -0.10064 -0.544831 3.62993 138.722 
0.597563 0.415754 86424 1 -0.628125 0.597115 212 1 1020 -0.0315727 -0.00792997 -0.0961773 -0.518429 3.5829 138.812 
0.577777 0.476743 86505 1 -0.628125 0.597115 213 1 1022 -0.0300507 -0.009766 -0.0913084 -0.510781 3.5347 138.803 
0.501645 0.318204 86585 1 -0.628125 0.597115 214 1 1024 -0.0292648 -0.00949747 -0.0885338 -0.494254 3.50126 138.902 
0.503215 0.343197 86665 1 -0.628125 0.597115 215 1 1026 -0.0290868 -0.00639745 -0.0856726 -0.484447 3.46656 139.048 
0.44893 0.3984 86706 1 -0.628125 0.597115 216 1 1027 -0.0301825 -0.0131566 -0.0807296 -0.56704 3.41849 138.953 
0.44893 0.3984 86706 1 -0.628125 0.597115 217 1 1027 -0.0301825 -0.0131566 -0.0807296 -0.56704 3.41849 138.953 
1.07671 0.555785 86865 1 -0.628125 0.597115 218 1 1031 -0.0315406 -0.0172477 -0.0870319 -0.621268 3.4582 138.918 
1.64812 0.421688 86946 1 -0.628125 0.597115 219 0 1033 -0.0310387 -0.0199885 -0.0867267 -0.657283 3.45281 138.806 
1.76447 0.378439 87029 1 -0.628125 0.597115 220 0 1035 -0.0308192 -0.0180609 -0.0865605 -0.654508 3.44966 138.864 
1.82862 0.386028 87107 1 -0.628125 0.597115 221 0 1037 -0.0313975 -0.0131023 -0.0882629 -0.639604 3.45168 138.825 
1.76947 0.358546 87188 1 -0.628125 0.597115 222 0 1039 -0.0318401 -0.0149625 -0.0923674 -0.692853 3.47775 138.676 
1.13109 0.660948 87266 1 -0.628125 0.597115 223 1 1041 -0.0333752 -0.0161352 -0.0914213 -0.732929 3.48218 138.763 
1.12924 0.704724 87306 1 -0.628125 0.597115 224 1 1042 -0.0334926 -0.0158015 -0.093061 -0.738588 3.49794 138.817 
1.07613 0.651781 87387 1 -0.628125 0.597115 225 1 1044 -0.0332367 -0.0182529 -0.101391 -0.762087 3.54639 138.544 
0.995671 0.5376 87468 1 -0.628125 0.597115 226 1 1046 -0.0320055 -0.0212105 -0.119317 -0.787516 3.66884 138.204 
0.922381 0.544801 87547 1 -0.628125 0.597115 227 1 1048 -0.0336597 -0.0246985 -0.123122 -0.82983 3.67385 138.102 
0.921468 0.548744 87587 1 -0.628125 0.597115 228 1 1049 -0.0336027 -0.024658 -0.123186 -0.830223 3.67326 138.107 
0.851862 0.54374 87667 1 -0.628125 0.597115 229 1 1051 -0.0332099 -0.0277611 -0.125052 -0.848409 3.69724 137.962 
0.86417 0.665261 87747 1 -0.628125 0.597115 230 1 1053 -0.0309509 -0.0259032 -0.117187 -0.825394 3.66036 138.291 
1.10936 1.58258 87828 1 -0.628125 0.597115 231 0 1055 -0.0306411 -0.00900983 -0.0673838 -0.6161 3.19915 137.332 
1.25443 2.09468 87868 1 -0.628125 0.597115 232 0 1056 -0.0325848 -0.00150969 -0.0522078 -0.511031 3.02244 136.461 
1.354 3.01878 87947 1 -0.628125 0.597115 233 0 1058 -0.0401249 -0.0012618 -0.0252162 -0.485482 2.71009 135.824 
1.17339 2.73305 88028 1 -0.628125 0.597115 234 0 1060 -0.0422946 -0.000500246 -0.0121709 -0.483449 2.57143 136.317 
1.02872 1.80793 88108 1 -0.628125 0.597115 235 0 1062 -0.0330882 -0.0102063 -0.0542421 -0.618211 2.96126 136.843 
1.03591 1.53022 88189 1 -0.628125 0.597115 236 0 1064 -0.0312108 -0.00633832 -0.069286 -0.585652 3.09414 137.051 
1.05422 1.49422 88229 1 -0.628125 0.597115 237 0 1065 -0.0304817 -0.00758105 -0.0709406 -0.592138 3.1125 137.067 
1.05422 1.49422 88229 1 -0.628125 0.597115 238 0 1065 -0.0304817 -0.00758105 -0.0709406 -0.592138 3.1125 137.067 
1.19936 1.66719 88388 1 -0.628125 0.597115 239 0 1069 -0.0299243 -0.00507985 -0.0531 -0.521367 3.01713 137.757 
1.17645 1.75971 88428 1 -0.628125 0.597115 240 0 1070 -0.0305351 -0.0092472 -0.0473133 -0.552238 2.97733 137.682 
1.19764 2.57219 88509 1 -0.628125 0.597115 241 0 1072 -0.0317064 -0.014467 -0.0598419 -0.593602 3.09513 137.754 
1.12185 2.43445 88549 1 -0.628125 0.597115 242 0 1073 -0.0370891 -0.0100452 -0.067687 -0.538216 3.16644 137.34 
1.12185 2.43445 88549 1 -0.628125 0.597115 243 0 1073 -0.0370891 -0.0100452 -0.067687 -0.538216 3.16644 137.34 
0.961762 2.57335 88709 1 -0.628125 0.597115 244 0 1077 -0.0380349 -0.0200297 -0.0659969 -0.58095 3.13088 137.44 
0.904946 2.3737 88749 1 -0.628125 0.597115 245 0 1078 -0.0365176 -0.0203925 -0.0781718 -0.569427 3.23074 137.329 
1.10239 2.2169 88829 1 -0.628125 0.597115 246 0 1080 -0.0286443 -0.0136157 -0.0969688 -0.488737 3.38097 137.136 
1.13083 2.19315 88869 1 -0.628125 0.597115 247 0 1081 -0.0279464 -0.0119726 -0.096921 -0.469392 3.37902 137.207 
1.13083 2.19315 88869 1 -0.628125 0.597115 248 0 1081 -0.0279464 -0.0119726 -0.096921 -0.469392 3.37902 137.207 
1.11663 2.18796 89070 1 -0.628125 0.597115 249 0 1086 -0.0289811 -0.014612 -0.102019 -0.523138 3.41015 137.14 
1.1096 2.18976 89110 1 -0.628125 0.597115 250 0 1087 -0.0293499 -0.0156274 -0.103012 -0.539296 3.41485 137.15 
1.11695 2.15547 89190 1 -0.628125 0.597115 251 0 1089 -0.0294865 -0.0169751 -0.104504 -0.555498 3.42056 137.184 
1.11695 2.15547 89190 1 -0.628125 0.597115 252 0 1089 -0.0294865 -0.0169751 -0.104504 -0.555498 3.42056 137.184 
1.12326 2.23706 89230 1 -0.628125 0.597115 253 0 1090 -0.0293074 -0.0167286 -0.10156 -0.558798 3.38691 137.31 
1.10747 2.2188 89390 1 -0.628125 0.597115 254 0 1094 -0.0305107 -0.0147616 -0.100352 -0.579602 3.37815 137.392 
1.13169 1.58923 89470 1 -0.628125 0.597115 255 0 1096 -0.0297957 -0.0140539 -0.0986489 -0.575651 3.36639 137.285 
1.14439 1.59333 89510 1 -0.628125 0.597115 256 0 1097 -0.0296447 -0.0140418 -0.0993226 -0.575795 3.37091 137.237 
1.14439 1.59333 89510 1 -0.628125 0.597115 257 0 1097 -0.0296447 -0.0140418 -0.0993226 -0.575795 3.37091 137.237 
1.10328 1.55473 89671 1 -0.628125 0.597115 258 0 1101 -0.0292898 -0.0134143 -0.0985511 -0.570541 3.3737 137.246 
1.11955 1.54817 89750 1 -0.628125 0.597115 259 0 1103 -0.0288217 -0.0114163 -0.0978405 -0.570464 3.36868 137.326 
1.15509 1.54623 89831 1 -0.628125 0.597115 260 0 1105 -0.0300192 -0.00795011 -0.0993053 -0.560804 3.37167 137.261 
1.15509 1.54623 89831 1 -0.628125 0.597115 261 0 1105 -0.0300192 -0.00795011 -0.0993053 -0.560804 3.37167 137.261 
1.1984 1.11651 89992 1 -0.628125 0.597115 262 1 1109 -0.0292827 -0.00704776 -0.0963693 -0.566712 3.36567 137.274 
1.19435 1.1449 90032 1 -0.628125 0.597115 263 1 1110 -0.0292381 -0.00617512 -0.0970764 -0.553985 3.37236 137.291 
0.933233 1.71841 90112 1 -0.628125 0.597115 264 0 1112 -0.0299526 -0.00852265 -0.102382 -0.571677 3.41829 137.317 
0.926474 1.74191 90151 1 -0.628125 0.597115 265 0 1113 -0.0294004 -0.0102154 -0.10268 -0.590681 3.41804 137.367 
0.926474 1.74191 90151 1 -0.628125 0.597115 266 0 1113 -0.0294004 -0.0102154 -0.10268 -0.590681 3.41804 137.367 
0.855477 1.72787 90312 1 -0.628125 0.597115 267 0 1117 -0.0307559 -0.0105107 -0.100647 -0.598528 3.3817 137.516 
0.781549 1.63302 90392 1 -0.628125 0.597115 268 0 1119 -0.0294246 -0.00794222 -0.0956812 -0.559413 3.33795 137.737 
0.752399 1.58464 90473 1 -0.628125 0.597115 269 0 1121 -0.0303452 -0.00998214 -0.096388 -0.570651 3.34841 137.638 
0.73125 1.54108 90512 1 -0.628125 0.597115 270 0 1122 -0.0299722 -0.00959462 -0.0983555 -0.567183 3.36928 137.617 
0.561387 0.544493 90633 1 -0.628125 0.597115 271 1 1125 -0.0294209 -0.0100701 -0.0879995 -0.549377 3.26619 137.769 
0.56084 0.611928 90673 1 -0.628125 0.597115 272 1 1126 -0.0293495 -0.0100684 -0.0838062 -0.556212 3.22047 137.889 
0.572385 0.796793 90754 1 -0.628125 0.597115 273 1 1128 -0.0280154 -0.0120849 -0.0699044 -0.586333 3.07395 138.443 
0.559744 0.815764 90793 1 -0.628125 0.597115 274 1 1129 -0.0274131 -0.00940395 -0.068401 -0.574121 3.05217 138.49 
0.640392 0.781349 90874 1 -0.628125 0.597115 275 1 1131 -0.0276235 -0.00761218 -0.0668822 -0.562793 3.04293 138.598 
0.621262 0.733004 90953 1 -0.628125 0.597115 276 1 1133 -0.0281066 -0.0092966 -0.0713436 -0.573543 3.08917 138.533 
0.622627 0.761562 91034 1 -0.628125 0.597115 277 1 1135 -0.0275754 -0.0096546 -0.0705239 -0.562818 3.07189 138.557 
0.555578 0.80347 91114 1 -0.628125 0.597115 278 1 1137 -0.0270929 -0.0120026 -0.0680107 -0.574645 3.04629 138.641 
0.555578 0.80347 91114 1 -0.628125 0.597115 279 1 1137 -0.0270929 -0.0120026 -0.0680107 -0.574645 3.04629 138.641 
0.555578 0.80347 91114 1 -0.628125 0.597115 280 1 1137 -0.0270929 -0.0120026 -0.0680107 -0.574645 3.04629 138.641 
0.439979 0.743764 91316 1 -0.628125 0.597115 281 1 1142 -0.0272975 -0.0178475 -0.0712603 -0.601932 3.08927 138.598 
0.446772 0.724192 91354 1 -0.628125 0.597115 282 1 1143 -0.0263672 -0.0190375 -0.073584 -0.604504 3.10963 138.566 
0.543524 0.698734 91434 1 -0.628125 0.597115 283 1 1145 -0.0259894 -0.0203548 -0.0721971 -0.589148 3.09097 138.606 
0.579882 0.669696 91515 1 -0.628125 0.597115 284 1 1147 -0.0246869 -0.013878 -0.0718815 -0.479389 3.08359 138.7 
0.621901 0.687727 91555 1 -0.628125 0.597115 285 1 1148 -0.0239714 -0.0108229 -0.0699138 -0.42715 3.06185 138.74 
0.61168 0.661385 91635 1 -0.628125 0.597115 286 1 1150 -0.0225964 -0.0107551 -0.0722757 -0.418032 3.07966 138.773 
0.560541 0.702239 91714 1 -0.628125 0.597115 287 1 1152 -0.0232385 -0.0128888 -0.0772266 -0.443732 3.11813 138.7 
0.562383 0.834183 91795 1 -0.628125 0.597115 288 1 1154 -0.0244339 -0.0136332 -0.0789318 -0.474563 3.13236 138.648 
0.555824 0.882705 91835 1 -0.628125 0.597115 289 1 1155 -0.0249721 -0.0135928 -0.076632 -0.47985 3.11886 138.683 
0.548777 0.901677 91916 1 -0.628125 0.597115 290 1 1157 -0.0241639 -0.012331 -0.0735106 -0.46638 3.10756 138.761 
0.642873 0.907841 91996 1 -0.628125 0.597115 291 1 1159 -0.0242081 -0.0134438 -0.0758673 -0.467447 3.12131 138.763 
0.62948 0.903745 92035 1 -0.628125 0.597115 292 1 1160 -0.0238934 -0.0151398 -0.0808553 -0.487499 3.1589 138.713 
0.652617 0.865407 92115 1 -0.628125 0.597115 293 1 1162 -0.0246047 -0.017853 -0.0839072 -0.537086 3.17314 138.601 
0.388402 0.822102 92196 1 -0.628125 0.597115 294 1 1164 -0.0260231 -0.0225975 -0.0907211 -0.621119 3.23069 138.45 
0.372329 0.818712 92276 1 -0.628125 0.597115 295 1 1166 -0.0268352 -0.021213 -0.0901933 -0.636102 3.22506 138.411 
0.380589 0.892003 92357 1 -0.628125 0.597115 296 1 1168 -0.02678 -0.0177001 -0.0851158 -0.61557 3.18031 138.469 
0.371451 0.843263 92438 1 -0.628125 0.597115 297 1 1170 -0.0270194 -0.0199468 -0.0898394 -0.641868 3.22259 138.477 
0.32784 0.860774 92476 1 -0.628125 0.597115 298 1 1171 -0.0265629 -0.0193934 -0.0879865 -0.62702 3.2058 138.412 
0.122219 0.860366 92596 1 -0.628125 0.597115 299 1 1174 -0.0263529 -0.0202234 -0.0911793 -0.612304 3.23105 138.502 
0.114005 0.780513 92677 1 -0.628125 0.597115 300 1 1176 -0.0257379 -0.024941 -0.0994936 -0.658974 3.29111 138.263 
0.0912179 0.758923 92717 1 -0.628125 0.597115 301 1 1177 -0.0262635 -0.0230448 -0.103213 -0.649226 3.31743 138.186 
0.655173 0.640493 92837 1 -0.628125 0.597115 302 1 1180 -0.0275405 -0.0205136 -0.0975114 -0.641218 3.27579 138.303 
0.626287 0.643518 92917 1 -0.628125 0.597115 303 1 1182 -0.0278552 -0.0223538 -0.0973001 -0.662414 3.27463 138.318 
0.809286 0.644477 92957 1 -0.628125 0.597115 304 1 1183 -0.0271271 -0.0213738 -0.0973277 -0.656109 3.27366 138.306 
1.02263 0.647477 93037 1 -0.628125 0.597115 305 1 1185 -0.0276223 -0.02244 -0.0943695 -0.671335 3.25395 138.359 
1.04896 0.627608 93118 1 -0.628125 0.597115 306 1 1187 -0.0278155 -0.0212522 -0.0913637 -0.661996 3.23017 138.423 
1.09378 0.515438 93197 1 -0.628125 0.597115 307 1 1189 -0.0276358 -0.0205133 -0.0963706 -0.661106 3.27089 138.301 
1.09729 0.536774 93280 1 -0.628125 0.597115 308 1 1191 -0.0278256 -0.0173624 -0.0914977 -0.635559 3.2318 138.314 
1.26372 0.69274 93358 1 -0.628125 0.597115 309 0 1193 -0.0286217 -0.0184423 -0.0851101 -0.642131 3.18663 138.492 
1.28132 0.756204 93439 1 -0.628125 0.597115 310 0 1195 -0.0283267 -0.0192734 -0.0821029 -0.64241 3.16684 138.561 
1.24968 0.758256 93518 1 -0.628125 0.597115 311 0 1197 -0.0279079 -0.021835 -0.0855294 -0.657689 3.19008 138.461 
1.26072 0.751195 93558 1 -0.628125 0.597115 312 0 1198 -0.0282886 -0.0199012 -0.0858532 -0.645063 3.18702 138.49 
1.18918 0.733156 93638 1 -0.628125 0.597115 313 1 1200 -0.0280751 -0.0219761 -0.0927635 -0.66778 3.24029 138.332 
1.16826 0.745113 93719 1 -0.628125 0.597115 314 1 1202 -0.0288434 -0.0195754 -0.0958487 -0.655721 3.26142 138.316 
1.17355 0.719602 93759 1 -0.628125 0.597115 315 1 1203 -0.0284699 -0.0203015 -0.0988635 -0.664211 3.2848 138.266 
1.16453 0.73724 93839 1 -0.628125 0.597115 316 1 1205 -0.028862 -0.0203157 -0.0989509 -0.654529 3.28449 138.216 
1.14786 0.776238 93919 1 -0.628125 0.597115 317 1 1207 -0.0270946 -0.0222504 -0.10099 -0.659383 3.30261 138.089 
1.07456 0.772858 93999 1 -0.628125 0.597115 318 1 1209 -0.0271269 -0.0226008 -0.105427 -0.658362 3.33564 138.017 
1.08677 0.758118 94039 1 -0.628125 0.597115 319 1 1210 -0.026711 -0.0231716 -0.109481 -0.664641 3.36748 137.986 
1.07438 0.727639 94119 1 -0.628125 0.597115 320 1 1212 -0.0268189 -0.022078 -0.113252 -0.661785 3.3896 137.863 
1.07609 0.694918 94160 1 -0.628125 0.597115 321 1 1213 -0.026766 -0.0223878 -0.117283 -0.667497 3.41871 137.769 
1.01749 0.762541 94240 1 -0.628125 0.597115 322 1 1215 -0.0278045 -0.0204388 -0.120916 -0.659979 3.44395 137.744 
0.973926 0.763603 94279 1 -0.628125 0.597115 323 1 1216 -0.0278088 -0.0231504 -0.12236 -0.681521 3.45659 137.726 
0.939166 0.757726 94400 1 -0.628125 0.597115 324 1 1219 -0.0267495 -0.0265807 -0.124834 -0.684419 3.46664 137.514 
1.21693 0.777192 94480 1 -0.628125 0.597115 325 0 1221 -0.0255366 -0.0329655 -0.125778 -0.720595 3.47931 137.515 
1.31573 0.712802 94520 1 -0.628125 0.597115 326 0 1222 -0.0259779 -0.0318198 -0.126359 -0.702788 3.48375 137.501 
1.32151 0.683176 94561 1 -0.628125 0.597115 327 0 1223 -0.0249219 -0.030654 -0.126857 -0.693036 3.48876 137.616 
1.32151 0.683176 94561 1 -0.628125 0.597115 328 0 1223 -0.0249219 -0.030654 -0.126857 -0.693036 3.48876 137.616 
1.3716 0.703615 94721 1 -0.628125 0.597115 329 0 1227 -0.0245637 -0.0265621 -0.124269 -0.682599 3.45623 137.705 
1.3588 0.727586 94801 1 -0.628125 0.597115 330 0 1229 -0.0253297 -0.0260996 -0.122442 -0.688694 3.44864 137.748 
1.36189 0.759608 94881 1 -0.628125 0.597115 331 0 1231 -0.0258384 -0.0270067 -0.123082 -0.697136 3.44516 137.758 
1.36189 0.759608 94881 1 -0.628125 0.597115 332 0 1231 -0.0258384 -0.0270067 -0.123082 -0.697136 3.44516 137.758 
1.36189 0.759608 94881 1 -0.628125 0.597115 333 0 1231 -0.0258384 -0.0270067 -0.123082 -0.697136 3.44516 137.758 
1.56592 0.467762 95083 1 -0.628125 0.597115 334 0 1236 -0.0251224 -0.021918 -0.120188 -0.667322 3.40354 137.828 
1.8752 0.302753 95161 1 -0.628125 0.597115 335 0 1238 -0.0266938 -0.0188551 -0.11867 -0.678929 3.3934 137.746 
1.95793 0.263179 95201 1 -0.628125 0.597115 336 0 1239 -0.0264981 -0.0187393 -0.120244 -0.692419 3.41499 137.767 
1.95793 0.263179 95201 1 -0.628125 0.597115 337 0 1239 -0.0264981 -0.0187393 -0.120244 -0.692419 3.41499 137.767 
1.81618 0.224562 95363 1 -0.628125 0.597115 338 0 1243 -0.026756 -0.0221895 -0.124972 -0.725274 3.47342 137.595 
1.70532 0.185798 95441 1 -0.628125 0.597115 339 0 1245 -0.026065 -0.024649 -0.123715 -0.725402 3.46927 137.607 
1.72078 0.207163 95523 1 -0.628125 0.597115 340 0 1247 -0.0247244 -0.0245034 -0.122298 -0.721436 3.45472 137.675 
1.72078 0.207163 95523 1 -0.628125 0.597115 341 0 1247 -0.0247244 -0.0245034 -0.122298 -0.721436 3.45472 137.675 
1.72078 0.207163 95523 1 -0.628125 0.597115 342 0 1247 -0.0247244 -0.0245034 -0.122298 -0.721436 3.45472 137.675 
1.75307 0.316488 95724 1 -0.628125 0.597115 343 0 1252 -0.0259394 -0.0188996 -0.121402 -0.6762 3.42794 137.754 
1.71246 0.278477 95802 1 -0.628125 0.597115 344 0 1254 -0.0261123 -0.0209167 -0.124926 -0.697296 3.46436 137.612 
1.70495 0.284297 95842 1 -0.628125 0.597115 345 0 1255 -0.026339 -0.0216273 -0.124737 -0.703337 3.45921 137.619 
1.70495 0.284297 95842 1 -0.628125 0.597115 346 0 1255 -0.026339 -0.0216273 -0.124737 -0.703337 3.45921 137.619 
1.69497 0.310586 96003 1 -0.628125 0.597115 347 0 1259 -0.0263616 -0.0232521 -0.124337 -0.710044 3.45613 137.644 
1.6494 0.351427 96043 1 -0.628125 0.597115 348 0 1260 -0.0263573 -0.0202743 -0.12415 -0.681108 3.45316 137.698 
1.61647 0.338122 96124 1 -0.628125 0.597115 349 0 1262 -0.0263271 -0.0210189 -0.124719 -0.688754 3.46173 137.638 
1.60413 0.33212 96163 1 -0.628125 0.597115 350 0 1263 -0.0263077 -0.0215524 -0.126378 -0.694098 3.47665 137.631 
1.57452 0.298065 96203 1 -0.628125 0.597115 351 0 1264 -0.0253667 -0.0236 -0.126623 -0.708743 3.48499 137.601 
1.50046 0.351198 96364 1 -0.628125 0.597115 352 0 1268 -0.0255238 -0.0252907 -0.124682 -0.721342 3.48462 137.619 
0.969405 0.34366 96444 1 -0.628125 0.597115 353 1 1270 -0.0247158 -0.0231179 -0.1217 -0.678911 3.46299 137.745 
1.01869 0.395765 96484 1 -0.628125 0.597115 354 1 1271 -0.0238356 -0.0204411 -0.118201 -0.649584 3.43262 137.881 
1.01869 0.395765 96484 1 -0.628125 0.597115 355 1 1271 -0.0238356 -0.0204411 -0.118201 -0.649584 3.43262 137.881 
1.01589 0.417415 96645 1 -0.628125 0.597115 356 1 1275 -0.0248016 -0.0188198 -0.120811 -0.658282 3.43921 137.795 
1.00314 0.429546 96725 1 -0.628125 0.597115 357 1 1277 -0.0243927 -0.0188195 -0.119709 -0.671581 3.44247 137.841 
1.03402 0.447679 96765 1 -0.628125 0.597115 358 1 1278 -0.0247209 -0.0174504 -0.12137 -0.65692 3.45987 137.892 
1.02341 0.444318 96845 1 -0.628125 0.597115 359 1 1280 -0.0246383 -0.0186587 -0.121289 -0.660256 3.45337 137.862 
0.989959 0.473526 96925 1 -0.628125 0.597115 360 1 1282 -0.0249427 -0.0188354 -0.120657 -0.653594 3.44336 137.815 
0.950537 0.492079 96965 1 -0.628125 0.597115 361 1 1283 -0.0242431 -0.0187277 -0.120596 -0.650144 3.44552 137.777 
0.916263 0.478739 97045 1 -0.628125 0.597115 362 1 1285 -0.0243138 -0.0193036 -0.121573 -0.651777 3.46238 137.813 
0.856957 0.483071 97125 1 -0.628125 0.597115 363 1 1287 -0.0244216 -0.0214042 -0.118719 -0.667064 3.45136 137.962 
0.800524 0.482276 97166 1 -0.628125 0.597115 364 1 1288 -0.0243498 -0.0199294 -0.116164 -0.645402 3.44035 138.062 
0.783724 0.580583 97285 1 -0.628125 0.597115 365 1 1291 -0.0239327 -0.0222145 -0.110189 -0.636318 3.39433 138.242 
0.76121 0.601159 97365 1 -0.628125 0.597115 366 1 1293 -0.022832 -0.026559 -0.113727 -0.650468 3.42367 138.1 
0.803012 0.642233 97446 1 -0.628125 0.597115 367 1 1295 -0.0218401 -0.0242817 -0.113141 -0.614556 3.415 138.155 
0.823409 0.595932 97526 1 -0.628125 0.597115 368 1 1297 -0.0212687 -0.0242951 -0.119182 -0.615326 3.45049 138.039 
0.858417 0.546555 97566 1 -0.628125 0.597115 369 1 1298 -0.0216631 -0.0250888 -0.12301 -0.632567 3.46915 137.949 
0.862283 0.478926 97645 1 -0.628125 0.597115 370 1 1300 -0.022131 -0.0229421 -0.125969 -0.635811 3.48212 137.878 
0.855358 0.460632 97726 1 -0.628125 0.597115 371 1 1302 -0.023259 -0.0221471 -0.126196 -0.640528 3.49137 137.799 
0.964297 0.144691 97806 1 -0.628125 0.597115 372 1 1304 -0.0228808 -0.02265 -0.12397 -0.636288 3.46212 137.709 
0.968611 0.122524 97846 1 -0.628125 0.597115 373 1 1305 -0.0230836 -0.0222625 -0.123196 -0.628371 3.45092 137.745 
0.943765 0.106536 97927 1 -0.628125 0.597115 374 1 1307 -0.0231808 -0.0235924 -0.127235 -0.638976 3.48504 137.704 
0.958623 0.122553 98007 1 -0.628125 0.597115 375 1 1309 -0.0233245 -0.0232409 -0.125783 -0.641773 3.47653 137.701 
0.928948 0.131475 98087 1 -0.628125 0.597115 376 1 1311 -0.0238023 -0.0250476 -0.126113 -0.654859 3.47829 137.729 
0.925803 0.109806 98169 1 -0.628125 0.597115 377 1 1313 -0.0222993 -0.0251185 -0.126475 -0.64698 3.48283 137.736 
0.905059 0.0948247 98247 1 -0.628125 0.597115 378 1 1315 -0.0232551 -0.0258495 -0.128449 -0.649185 3.48989 137.676 
0.888272 0.12673 98287 1 -0.628125 0.597115 379 1 1316 -0.0226322 -0.0262678 -0.127554 -0.648902 3.48262 137.647 
0.865634 0.111304 98368 1 -0.628125 0.597115 380 1 1318 -0.0225404 -0.0267809 -0.128366 -0.649242 3.48843 137.659 
1.10953 0.192175 98447 1 -0.628125 0.597115 381 1 1320 -0.022506 -0.0267522 -0.125102 -0.652718 3.44903 137.749 
1.11772 0.242747 98487 1 -0.628125 0.597115 382 1 1321 -0.0232225 -0.0269678 -0.121623 -0.658136 3.41058 137.873 
1.16559 0.360245 98568 1 -0.628125 0.597115 383 1 1323 -0.0219917 -0.0245319 -0.112692 -0.657184 3.31927 138.154 
1.18743 0.416676 98648 1 -0.628125 0.597115 384 1 1325 -0.0234893 -0.0233418 -0.110191 -0.655361 3.29767 138.225 
1.21912 0.445793 98688 1 -0.628125 0.597115 385 0 1326 -0.0234361 -0.0225241 -0.10876 -0.648225 3.28234 138.27 
1.23943 0.522298 98808 1 -0.628125 0.597115 386 0 1329 -0.0225987 -0.0249643 -0.102439 -0.666127 3.21044 138.501 
0.542655 0.524995 98888 1 -0.628125 0.597115 387 1 1331 -0.0226529 -0.0225512 -0.0999285 -0.639515 3.18487 138.628 
0.49179 0.51414 98928 1 -0.628125 0.597115 388 1 1332 -0.0227272 -0.0199239 -0.0995057 -0.612633 3.18448 138.611 
0.48132 0.48082 99009 1 -0.628125 0.597115 389 1 1334 -0.0231053 -0.0200232 -0.103173 -0.610402 3.22326 138.531 
0.439243 0.442804 99089 1 -0.628125 0.597115 390 1 1336 -0.0218725 -0.021183 -0.106175 -0.614054 3.25769 138.399 
0.399739 0.304677 99169 1 -0.628125 0.597115 391 1 1338 -0.0209722 -0.0240414 -0.113113 -0.642074 3.32925 138.15 
0.397217 0.263146 99209 1 -0.628125 0.597115 392 1 1339 -0.0208963 -0.0237001 -0.116105 -0.635299 3.36163 137.995 
0.3922 0.26696 99289 1 -0.628125 0.597115 393 1 1341 -0.0214477 -0.0241853 -0.116763 -0.640404 3.36416 137.969 
0.31171 0.404262 99370 1 -0.628125 0.597115 394 1 1343 -0.0217823 -0.0212134 -0.108929 -0.622548 3.2819 138.283 
0.295185 0.503697 99410 1 -0.628125 0.597115 395 1 1344 -0.0220546 -0.0210214 -0.106436 -0.623812 3.24992 138.312 
0.311113 0.587568 99490 1 -0.628125 0.597115 396 1 1346 -0.0229911 -0.0195253 -0.10044 -0.622272 3.19061 138.539 
0.31684 0.58441 99569 1 -0.628125 0.597115 397 1 1348 -0.0240117 -0.0179597 -0.100805 -0.616787 3.19806 138.578 
0.303962 0.621694 99610 1 -0.628125 0.597115 398 1 1349 -0.0238897 -0.0185565 -0.0989388 -0.62236 3.18043 138.595 
0.303962 0.621694 99610 1 -0.628125 0.597115 399 1 1349 -0.0238897 -0.0185565 -0.0989388 -0.62236 3.18043 138.595 
0.264497 0.750082 99770 1 -0.628125 0.597115 400 1 1353 -0.0234104 -0.0213272 -0.0987843 -0.633537 3.17303 138.67 
0.481857 0.918914 99851 1 -0.628125 0.597115 401 1 1355 -0.0232646 -0.0206459 -0.0951776 -0.631049 3.1372 138.77 
0.51285 0.942258 99891 1 -0.628125 0.597115 402 1 1356 -0.0238016 -0.0218673 -0.0950327 -0.641267 3.14099 138.826 
0.498176 0.813075 99970 1 -0.628125 0.597115 403 1 1358 -0.023739 -0.0200868 -0.104915 -0.620758 3.24601 138.476 
0.476587 0.698778 100051 1 -0.628125 0.597115 404 1 1360 -0.0227069 -0.0225917 -0.116847 -0.640774 3.37092 138.161 
0.494264 0.681631 100091 1 -0.628125 0.597115 405 1 1361 -0.0230395 -0.0204729 -0.119475 -0.620045 3.39651 138.01 
0.760656 0.599055 100171 1 -0.628125 0.597115 406 1 1363 -0.0223355 -0.0224653 -0.124765 -0.626005 3.4591 137.835 
0.774423 0.557876 100253 1 -0.628125 0.597115 407 1 1365 -0.0219935 -0.025529 -0.126779 -0.647134 3.48197 137.814 
0.781961 0.620641 100331 1 -0.628125 0.597115 408 1 1367 -0.0232305 -0.0264925 -0.12412 -0.658201 3.43408 137.961 
0.566117 0.718418 100371 1 -0.628125 0.597115 409 1 1368 -0.0240932 -0.0229399 -0.115928 -0.634995 3.34538 138.209 
0.420383 0.963749 100452 1 -0.628125 0.597115 410 1 1370 -0.022973 -0.0175954 -0.09705 -0.611797 3.15202 138.752 
0.426116 1.05836 100532 1 -0.628125 0.597115 411 1 1372 -0.0249944 -0.016055 -0.0929641 -0.614249 3.10479 138.936 
0.446647 1.07604 100612 1 -0.628125 0.597115 412 1 1374 -0.0246077 -0.0161927 -0.0959708 -0.608516 3.11302 138.838 
0.417048 1.01013 100651 1 -0.628125 0.597115 413 1 1375 -0.0242494 -0.0177497 -0.10057 -0.620934 3.14865 138.757 
0.238292 0.916156 100732 1 -0.628125 0.597115 414 1 1377 -0.0233761 -0.0205337 -0.109359 -0.643805 3.21909 138.549 
0.245263 0.828909 100812 1 -0.628125 0.597115 415 1 1379 -0.0236731 -0.0213961 -0.118693 -0.653214 3.28285 138.311 
0.227042 0.668853 100892 1 -0.628125 0.597115 416 1 1381 -0.0235191 -0.0207118 -0.133216 -0.645584 3.38712 137.751 
0.408274 0.810343 100973 1 -0.628125 0.597115 417 1 1383 -0.0240254 -0.0224337 -0.116062 -0.654749 3.26199 138.068 
0.549614 0.98331 101052 1 -0.628125 0.597115 418 1 1385 -0.0237185 -0.0194362 -0.096877 -0.649458 3.13917 138.627 
0.586503 0.955586 101133 1 -0.628125 0.597115 419 1 1387 -0.0235573 -0.0134816 -0.097848 -0.628705 3.16171 138.575 
0.52662 0.845166 101213 1 -0.628125 0.597115 420 1 1389 -0.0220663 -0.0178153 -0.10851 -0.659337 3.26183 137.195 
0.470334 0.632771 101253 1 -0.628125 0.597115 421 1 1390 -0.0201333 -0.0225009 -0.129163 -0.667271 3.4506 135.531 
0.20328 0.782052 101333 1 -0.628125 0.597115 422 1 1392 -0.0183342 -0.0381387 -0.136005 -0.768633 3.49953 134.319 
0.0850189 1.29934 101413 1 -0.628125 0.597115 423 0 1394 -0.0128097 -0.0406264 -0.147532 -0.736814 3.60223 134.026 
0.212225 1.13735 101493 1 -0.628125 0.597115 424 1 1396 -0.0144159 -0.0424838 -0.143236 -0.723772 3.69715 134.27 
0.262501 0.966772 101574 1 -0.628125 0.597115 425 1 1398 -0.0209495 -0.0385703 -0.148638 -0.735221 3.89173 134.638 
0.335659 1.00602 101654 1 -0.628125 0.597115 426 1 1400 -0.0260429 -0.0423831 -0.149725 -0.834932 3.91574 135.249 
0.332326 0.974609 101694 1 -0.628125 0.597115 427 1 1401 -0.0281705 -0.0396575 -0.152738 -0.817345 3.86826 135.455 
0.367673 0.95214 101774 1 -0.628125 0.597115 428 1 1403 -0.0281936 -0.0381564 -0.160235 -0.796292 3.56768 135.75 
0.383246 0.866809 101854 1 -0.628125 0.597115 429 1 1405 -0.0276395 -0.0346145 -0.181389 -0.766952 3.55651 135.408 
0.284707 0.977315 101934 1 -0.628125 0.597115 430 1 1407 -0.024269 -0.0369013 -0.171411 -0.782746 3.52014 136.229 
0.244547 1.09482 101974 1 -0.628125 0.597115 431 1 1408 -0.0201951 -0.0426488 -0.16138 -0.839254 3.51417 136.601 
0.275459 1.10793 102055 1 -0.628125 0.597115 432 1 1410 -0.0209076 -0.0408578 -0.147486 -0.819036 3.53025 137.304 
-0.0975389 1.18258 102135 1 -0.628125 0.597115 433 1 1412 -0.021366 -0.0327713 -0.141145 -0.763419 3.55288 137.806 
-0.0790615 1.14307 102215 1 -0.628125 0.597115 434 1 1414 -0.022937 -0.0301043 -0.137887 -0.777458 3.63842 138.026 
-0.0688876 1.16711 102255 1 -0.628125 0.597115 435 1 1415 -0.0251203 -0.0284556 -0.128018 -0.782692 3.61999 138.395 
-0.0375069 1.02629 102335 1 -0.628125 0.597115 436 1 1417 -0.0264914 -0.0204722 -0.134427 -0.731481 3.805 138.321 
0.0115203 1.10023 102416 1 -0.628125 0.597115 437 1 1419 -0.0263321 -0.0168361 -0.131415 -0.701546 3.83717 138.339 
-0.00919572 1.06873 102496 1 -0.628125 0.597115 438 1 1421 -0.0245015 -0.0180911 -0.136947 -0.682752 3.86319 137.973 
0.335458 0.900032 102575 1 -0.628125 0.597115 439 1 1423 -0.0217001 -0.0253631 -0.152613 -0.750339 3.9282 137.319 
0.379336 0.812623 102657 1 -0.628125 0.597115 440 1 1425 -0.0194707 -0.0201309 -0.156161 -0.762572 3.97604 137.26 
0.281741 0.86005 102736 1 -0.628125 0.597115 441 1 1427 -0.0180395 -0.0245882 -0.158626 -0.845029 3.94387 137.304 
0.281741 0.86005 102736 1 -0.628125 0.597115 442 1 1427 -0.0180395 -0.0245882 -0.158626 -0.845029 3.94387 137.304 
0.281741 0.86005 102736 1 -0.628125 0.597115 443 1 1427 -0.0180395 -0.0245882 -0.158626 -0.845029 3.94387 137.304 
0.335495 0.758807 102937 1 -0.628125 0.597115 444 1 1432 -0.0130211 -0.017694 -0.164994 -0.931897 3.90606 136.557 
0.308722 0.772453 103016 1 -0.628125 0.597115 445 1 1434 -0.0151823 -0.0156784 -0.157062 -0.971093 3.89465 136.828 
0.116846 0.712314 103097 1 -0.628125 0.597115 446 1 1436 -0.0170646 -0.0301789 -0.164146 -1.16928 4.00748 136.564 
0.116854 0.669958 103137 1 -0.628125 0.597115 447 1 1437 -0.0177866 -0.0319278 -0.170444 -1.2122 4.09844 136.498 
0.105168 0.561024 103257 1 -0.606771 0.568269 448 1 1440 -0.0177888 -0.0300191 -0.163224 -1.26309 4.19951 137.029 
0.313461 0.344749 103337 1 -0.350521 0.434615 449 1 1442 -0.0235955 -0.0330678 -0.170761 -1.35671 4.35577 137.143 
0.190728 0.477871 103417 1 -0.0078125 0.282692 450 1 1444 -0.0286711 -0.0381918 -0.15254 -1.47579 4.25295 137.666 
0.175096 0.523932 103457 1 0.265104 0.130769 451 1 1445 -0.029537 -0.0359824 -0.149794 -1.46585 4.24111 137.732 
0.240635 0.664538 103537 1 0.404167 0.00576923 452 1 1447 -0.0308328 -0.0478192 -0.139438 -1.54823 4.1417 137.788 
0.251455 0.580157 103618 1 0.449479 0 453 1 1449 -0.029652 -0.0497583 -0.151733 -1.51041 4.21785 137.376 
0.247877 0.518223 103657 1 0.463021 0 454 1 1450 -0.0276184 -0.0486493 -0.158569 -1.48271 4.26016 137.234 
0.225485 0.357961 103737 1 0.468229 0 455 1 1452 -0.0271083 -0.0447442 -0.172835 -1.40927 4.35494 136.746 
0.135462 0.342684 103818 1 0.488542 0.0115385 456 1 1454 -0.0232927 -0.0504517 -0.173492 -1.39856 4.37104 136.795 
0.182522 0.360395 103899 1 0.500521 0.0384615 457 1 1456 -0.0197904 -0.0538802 -0.172833 -1.37814 4.37485 136.979 
0.181811 0.36107 103938 1 0.504687 0.0471154 458 1 1457 -0.0192861 -0.0532536 -0.16719 -1.35235 4.34238 137.102 
0.158867 -0.0717498 104019 1 0.505729 0.0480769 459 1 1459 -0.0188915 -0.0564695 -0.161396 -1.33032 4.30052 137.097 
0.201897 -0.00811521 104098 1 0.506771 0.0519231 460 1 1461 -0.0194671 -0.0610484 -0.157777 -1.29229 4.27605 136.936 
0.578285 0.131999 104219 1 0.506771 0.0519231 461 1 1464 -0.0177511 -0.0332701 -0.145848 -0.965001 4.17901 137.247 
0.620898 0.0786553 104299 1 0.488021 0.0548077 462 1 1466 -0.0168258 -0.0253994 -0.138544 -0.93762 4.13878 137.254 
0.69131 0.0841593 104379 1 0.327083 0.0403846 463 1 1468 -0.016376 -0.0159041 -0.143061 -0.882729 4.20681 136.989 
0.730443 0.213874 104459 1 0.138021 0 464 1 1470 -0.0144391 -0.0178078 -0.15385 -0.886684 4.36372 137.026 
0.682928 0.304014 104539 1 0.131771 0 465 1 1472 -0.0132574 -0.0250837 -0.151096 -0.940041 4.386 137.161 
0.69727 0.441164 104620 1 0.136979 0 466 1 1474 -0.0123657 -0.024186 -0.140572 -0.930101 4.3128 137.419 
0.76921 0.509254 104660 1 0.138021 0 467 1 1475 -0.0110788 -0.0227704 -0.136187 -0.93878 4.27304 137.552 
0.88442 1.15579 104740 1 0.135417 0.00192308 468 0 1477 -0.0113319 -0.0174675 -0.135684 -0.940963 4.27144 137.481 
3.45199 5.03795 104780 1 0.127083 0.00384615 469 0 1478 -0.0113319 -0.0174675 -0.135684 -0.940963 4.27144 137.481 
0.692543 1.28755 104900 1 0.125521 0.00576923 470 0 1481 -0.0114793 -0.0222928 -0.142837 -1.06527 4.3856 137.257 
0.656218 0.836488 104980 1 0.125 0.00769231 471 1 1483 -0.0125147 -0.0255888 -0.141137 -1.13755 4.39302 137.173 
0.71225 0.64652 105060 1 0.122917 0.0105769 472 1 1485 -0.012349 -0.0215731 -0.14502 -1.12784 4.45372 136.938 
0.729673 0.483333 105141 1 0.121875 0.0115385 473 1 1487 -0.0132764 -0.0199993 -0.15163 -1.12637 4.53961 136.847 
0.70959 0.453364 105181 1 0.121875 0.0115385 474 1 1488 -0.0134539 -0.0211201 -0.152252 -1.13267 4.55859 136.895 
0.560134 0.565315 105304 1 0.121875 0.0125 475 1 1491 -0.0129461 -0.0335086 -0.152742 -1.21857 4.58493 136.972 
0.435659 0.578421 105381 1 0.142187 0.100962 476 1 1493 -0.0111678 -0.0359856 -0.159695 -1.21732 4.61736 136.213 
0.304047 0.51189 105461 1 0.192188 0.277885 477 1 1495 -0.0112712 -0.0330396 -0.15728 -1.19214 4.61382 136.315 
0.419685 0.678364 105541 1 0.230208 0.384615 478 1 1497 -0.0106932 -0.0273698 -0.134814 -1.14812 4.46645 137.187 
0.409832 0.765117 105622 1 0.246875 0.398077 479 1 1499 -0.0105693 -0.0252441 -0.125538 -1.12785 4.41161 137.621 
0.422012 0.816292 105701 1 0.253646 0.383654 480 1 1501 -0.0109092 -0.0225964 -0.125504 -1.11107 4.4122 137.631 
0.421815 0.862347 105742 1 0.258333 0.364423 481 1 1502 -0.0120722 -0.0202685 -0.12544 -1.09619 4.41123 137.461 
0.408426 0.842029 105822 1 0.261979 0.328846 482 1 1504 -0.0108191 -0.0194758 -0.126475 -1.08867 4.42881 137.389 
0.396839 0.822171 105862 1 0.263542 0.320192 483 1 1505 -0.0104747 -0.0205923 -0.127222 -1.09432 4.44726 137.375 
